5.70632 1.88881 4.70229 -0.567682 0.429343 1.33178 -1.5674 -2.41708 -0.759901 -0.451549 -0.341652 0.0248834 
6.04076 2.4938 4.034 -0.64554 0.391055 1.47121 -1.91371 -2.67589 -1.09082 -0.456455 -0.186881 0.0361015 
5.78481 3.15531 4.69667 -0.377107 0.513223 1.17025 -2.15453 -2.29285 -0.703033 -0.256475 -0.217051 0.0216524 
5.69328 3.56227 4.71607 -0.042613 0.414364 1.297 -2.06276 -2.08732 -0.479442 -0.204516 -0.162528 0.0625495 
5.64053 3.48574 4.97999 -0.0861679 0.34362 1.35 -1.91268 -1.97666 -0.404955 -0.0206001 -0.175536 0.0606395 

5.57965 0.160585 1.04055 0.780707 3.01311 3.82515 1.18112 1.31395 0.801513 -0.0548163 -0.266343 -0.058222 
5.57075 0.244508 1.18252 0.594923 3.01405 4.00869 1.22093 0.946316 0.721037 -0.0166548 -0.230935 -0.0467878 
5.54457 0.481066 1.81775 0.65283 3.0004 4.33318 1.56457 1.08581 0.6569 0.0403256 -0.24861 -0.0492845 
5.4842 0.875577 1.96598 0.89118 3.05795 4.4489 1.73762 1.09994 0.74857 0.0768928 -0.249749 -0.0330963 
5.28915 0.86337 1.99989 1.19414 3.28422 4.25387 1.52991 1.21709 0.799795 0.127517 -0.250228 -0.0477142 

4.2351 -1.03423 1.19933 1.45303 4.27095 3.7538 0.649874 2.18431 0.699863 -0.0684312 0.00745464 0.0152257 
4.44534 -1.6136 0.921698 1.65456 4.28189 3.64175 0.539553 2.13319 0.682679 0.00489602 0.131455 0.00557821 
4.67716 -1.42239 0.373905 1.83965 4.41338 3.53402 0.51813 1.89962 0.867 -0.0184583 0.0905058 0.0327181 
4.64637 -0.924762 0.586221 1.70751 4.36059 3.55798 0.460075 1.90556 0.700975 0.0163729 0.141536 0.0292476 
4.42246 -0.636954 0.683067 1.57517 4.4044 3.66008 0.603787 1.98443 0.848391 -0.0356528 0.152729 0.0376279 

5.59237 3.10695 2.26871 2.33646 6.35322 1.81888 -1.60483 -0.420043 -0.134937 -0.537731 -0.0425773 -0.169761 
5.71649 3.10198 2.31472 2.36568 6.38986 1.64622 -1.74193 -0.383191 -0.269989 -0.369125 -0.113218 -0.189412 
5.71974 3.09665 2.26022 2.34031 6.42841 1.78695 -1.79587 -0.405894 -0.216847 -0.37172 -0.0899575 -0.198267 
5.71825 3.14284 1.92231 2.59341 6.37477 1.74402 -1.65969 -0.522625 -0.0665155 -0.355655 -0.0980722 -0.191204 
5.67179 2.99289 2.2586 2.35991 6.65155 1.71834 -1.54532 -0.32003 -0.119049 -0.35096 -0.069065 -0.180832 

4.44315 3.57458 3.30676 3.13977 4.96692 1.06595 0.720087 0.0808306 0.11915 0.149836 0.0714376 -0.00834871 
4.59196 3.64624 3.52372 2.99501 5.44055 0.852815 0.764616 0.0912546 -0.0411291 0.246081 -0.0357165 -0.0227543 
4.67534 3.52241 3.3432 2.71525 5.50819 0.917895 0.610738 0.053993 0.327883 0.195334 -0.0458254 -0.0259821 
4.80321 3.62311 3.11899 2.84735 5.92869 0.865783 0.588269 0.0479979 0.199589 0.236353 -0.01954 -0.021321 
4.86406 3.71318 3.16382 2.40757 5.80316 0.905083 0.305388 0.265183 0.165113 0.298998 -0.0282922 -0.0446253 

