38
72
63
52
42
82
79
124
95
80
92
85
113
106
108
67
60
71
125
66
53
86
79
73
72
37
29
21
32
53
68
27
43
88
77
89
53
18
-54
-32
-32
-15
4
-43
-6
-49
-7
45
69
75
22
18
69
46
35
24
20
-7
-5
7
18
28
-22
-27
-54
-23
37
38
57
81
30
45
19
46
70
-2
-2
0
-1
-9
7
73
67
13
36
30
-5
-16
-14
26
7
-17
22
75
6
-28
-14
-29
-42
-43
-54
-26
-18
-29
35
47
53
26
-31
-19
-54
-12
22
8
19
-7
4
36
46
22
42
-3
16
40
19
-10
-79
-78
-57
-7
11
-14
-36
-65
-78
-85
-89
-86
-73
-48
-46
-70
-78
-97
-66
-38
-22
-30
-51
-8
-17
-45
-42
-16
-9
11
1
-4
-14
-17
16
26
43
26
34
31
21
-1
-12
-50
-40
-1
7
-8
-50
-27
-11
-20
-70
-5
59
78
34
-13
-69
-83
-91
-94
-40
-58
-43
-42
-44
-15
-14
48
27
-13
-28
-32
-6
-4
-48
-109
-52
-20
12
11
-9
-1
-51
-67
-58
29
11
-2
-16
-69
-36
5
72
20
9
-10
-22
-3
22
45
17
19
2
-20
8
-39
-18
-1
-1
24
12
45
63
46
41
10
33
58
58
45
-30
-30
-7
32
68
53
18
9
46
65
13
34
16
16
63
86
61
39
13
-31
6
41
3
41
25
23
86
74
44
23
37
22
61
67
60
28
-30
-55
5
42
28
11
64
43
0
-19
-11
33
38
13
-6
55
37
40
-9
-15
67
57
52
101
65
18
17
8
31
62
76
76
95
75
2
33
53
64
35
36
25
50
76
86
31
-28
-34
-64
46
40
-1
-27
-48
-22
36
37
26
14
31
92
79
100
57
11
-2
-1
97
78
63
48
38
7
-26
45
21
-1
40
4
45
76
36
52
45
70
112
95
45
-4
-3
6
-12
52
41
52
47
55
38
0
20
25
48
76
90
73
65
37
-6
0
15
-24
-81
-30
73
70
64
10
8
36
27
32
47
1
14
12
62
63
44
71
56
44
12
4
19
3
19
18
2
-8
-22
1
-4
29
-13
-10
-32
-13
-19
-35
-67
-40
-3
23
62
-5
-25
-62
5
60
57
1
-38
-38
-45
33
40
-8
-22
-31
1
7
-75
-112
-93
-73
-13
-14
-67
-52
-35
-14
-18
-28
-63
-41
-6
-25
-38
-28
-91
-49
-19
-41
-28
-36
-25
-54
-64
-69
-42
23
8
-8
-18
-53
-62
-72
-39
-30
-4
-6
-7
-13
-5
0
-38
-48
-42
26
11
-21
-81
-92
-67
-61
-42
-47
-20
-66
-96
-109
-65
-11
-14
-21
-57
-96
-71
-67
-41
-39
-67
-55
-5
-37
-50
-10
-26
-50
-110
-93
-61
-94
-67
2
-73
-102
-108
-94
-33
-8
-44
-92
-101
-139
-107
-121
-102
-114
-81
-107
-92
-70
-108
-82
-87
-95
-114
-107
-69
-108
-116
-125
-130
-105
-89
-56
-42
-24
-35
-91
-57
-1
0
-43
-86
-94
-125
-50
-36
-84
-144
-156
-102
-58
-24
-64
-43
-68
-53
35
29
-22
-24
-76
-59
-30
-38
-73
-95
-24
-12
-86
-116
-137
-122
-52
-116
-91
-109
-102
-57
-9
-22
-6
-31
-9
-35
-28
-47
-84
-117
-196
-140
-160
-142
-115
-112
-110
-88
-61
-71
-61
-42
-32
-26
-41
-50
-110
-163
-113
-113
-70
-53
-57
-92
-81
-21
2
35
-3
-26
-89
-74
-20
-6
-38
-27
-26
-46
-107
-88
-82
-154
-72
-65
-60
-94
-61
-112
-45
-4
-72
-53
-119
-143
-112
-88
-88
-81
-99
-89
-89
-66
-36
-42
-57
-51
-50
-1
-27
-67
-72
-51
-3
-12
-54
-49
-55
-86
-51
-63
-28
-24
-16
-27
-15
32
8
-19
-58
-114
-86
-61
-56
-89
-82
-49
-69
-56
-31
-63
-82
-105
-123
-78
-56
-48
-70
-62
-56
-35
-64
-115
-152
-146
-46
-19
-22
-74
-106
-129
-98
-111
-87
-67
-59
-73
-129
-80
-46
-46
-115
-99
-126
-148
-112
-114
-97
-89
-68
-31
-42
-71
-79
-27
-20
-36
-38
-35
-33
-60
-59
-124
-80
-57
-81
-108
-140
-106
-83
-52
-64
-126
-164
-90
-18
22
9
-16
-32
-28
-4
4
-65
-66
-46
-98
-81
-148
-140
-122
-109
-57
-52
-31
-47
-45
17
5
-18
-62
-33
-20
-49
-91
-66
-41
-52
-20
-21
-20
-35
-18
-36
-80
-53
-33
-25
-2
-46
-103
-57
-71
-58
-51
-51
-24
-86
-47
29
27
28
24
6
15
-47
-57
-78
-96
-64
-90
-49
-27
-65
-73
-76
-86
-123
-83
-18
-5
-1
-42
18
7
43
-13
-23
-32
-30
27
14
38
-10
-7
-14
63
85
91
23
5
-3
-1
40
28
6
-52
-4
-2
13
5
-1
40
-3
16
62
-35
-87
-73
-48
-38
-22
-42
-20
-38
-59
-39
-39
-21
-44
-26
13
31
34
-15
-13
15
-2
23
13
-39
-75
-68
-7
-19
-16
-26
-14
-4
-9
-4
-32
-5
-16
-56
4
15
29
46
-2
-32
-53
-74
-4
1
-26
-46
-40
-29
22
17
-33
-23
-44
-11
-6
-41
-10
19
33
43
45
21
-47
-35
-60
-32
-38
-5
14
1
18
73
75
85
97
48
-16
19
3
-60
-44
-65
-42
-54
-103
-135
-48
-23
-1
0
-9
67
88
87
31
-28
26
-49
-77
-75
-48
-8
-46
-76
-120
-5
-8
-37
-84
-64
-132
-71
-6
25
3
-50
-9
16
32
-4
8
22
74
120
97
36
-6
-11
-23
-30
6
39
40
0
-22
-19
-4
23
58
8
-62
-63
-55
-12
12
-25
-90
-89
-14
-3
-36
-58
-61
-63
-66
-47
-40
-36
-27
-37
-15
5
-37
-12
-4
-54
-102
-115
-67
-90
-31
-28
-68
-14
-38
-24
-32
8
-7
-2
-23
-16
-4
-13
5
13
38
26
32
3
-29
14
8
-3
-19
-27
-53
-62
-13
-62
-49
-44
-77
-31
5
-50
-76
-70
-75
-45
-40
-6
-61
-113
-71
-55
-4
0
40
44
-26
-5
-12
-28
-43
47
27
49
7
-79
-91
-103
-88
-54
-40
-7
-59
-60
-2
-14
-84
-95
-39
-2
-11
-54
-74
-100
-118
-91
-10
-10
-6
-42
-32
-18
-9
-1
-26
-22
-65
-13
-48
-62
-46
-34
-76
-47
14
37
8
-45
-39
-78
-26
-20
-9
-46
-90
-53
-60
18
-3
20
-52
-25
7
23
22
-92
-70
-7
125
112
71
44
24
67
122
108
25
-24
-35
-22
53
85
31
30
-21
-68
16
59
86
31
4
60
59
64
100
44
2
38
6
63
56
61
26
-26
-41
-37
-18
67
69
34
43
21
-11
-39
-11
4
34
24
21
30
4
8
17
36
46
18
-35
-8
-58
-12
29
-21
11
-15
-15
7
20
14
2
41
89
80
17
11
41
44
27
23
19
11
37
56
1
-2
40
55
94
58
13
-1
37
25
47
38
13
43
29
15
-22
-57
-27
57
45
12
-23
-9
-12
-14
37
46
21
-4
-9
24
64
70
43
0
7
52
54
50
34
-9
-47
-37
-11
46
5
-32
-69
-57
19
28
65
28
43
-8
-75
-42
-60
-27
-33
-24
-55
-27
-30
-38
-63
-35
44
65
33
-26
-27
-10
29
27
-28
-87
-26
-26
23
64
-13
4
-3
44
42
30
-1
-23
30
72
15
-2
-18
13
78
60
21
-17
-56
-35
10
0
-35
8
-6
-33
-18
-55
-31
-24
-7
28
18
-25
10
49
48
68
79
37
-22
-10
-3
-30
6
7
2
28
-16
-29
-9
-30
-27
21
38
49
57
65
5
29
63
19
14
-8
-3
33
-3
41
52
-38
-36
-22
7
44
79
86
38
27
92
21
-37
-60
-27
-75
-66
-58
-54
11
25
55
17
61
39
63
53
46
42
-18
-2
1
7
26
18
-10
-25
3
75
21
23
55
17
64
66
41
-5
-74
-30
34
97
71
-8
-21
-20
72
57
50
20
-13
53
76
68
98
95
83
38
46
52
68
33
19
9
22
11
26
57
60
114
99
110
83
65
89
95
108
134
92
99
73
47
132
102
76
37
55
77
55
55
34
53
147
142
90
129
75
58
102
130
163
157
115
67
50
40
84
81
53
53
109
129
174
145
155
148
160
157
128
129
73
73
78
127
105
62
38
71
106
97
84
72
57
62
99
92
92
57
60
68
90
115
79
39
105
144
122
122
99
73
165
163
150
170
101
104
106
108
112
136
96
104
137
106
175
147
159
154
155
126
129
126
126
170
163
145
107
119
116
133
127
133
136
104
152
122
98
144
150
93
78
115
130
135
129
134
65
48
89
110
105
108
66
31
61
163
155
148
131
56
85
119
124
154
144
93
105
118
113
146
164
147
104
133
80
87
132
112
110
101
101
96
110
69
87
86
37
58
104
162
96
81
101
53
57
72
117
130
51
42
20
51
133
135
138
96
73
107
120
111
104
55
83
132
127
137
121
104
102
108
100
138
133
131
126
112
186
150
174
201
152
184
153
145
85
63
102
130
124
131
122
125
66
66
162
178
157
100
104
133
139
123
93
118
131
115
88
65
107
83
27
53
97
123
151
86
10
37
61
105
89
64
50
45
53
61
32
51
61
55
78
52
29
-3
12
51
86
114
115
52
15
56
109
131
104
24
32
82
130
94
8
22
34
66
102
51
-47
-59
-37
-6
63
48
63
40
79
130
111
78
66
53
8
10
23
68
100
103
45
33
66
169
167
129
58
29
67
65
123
141
128
70
90
76
46
37
27
54
50
66
61
106
115
42
26
49
38
79
104
123
45
18
93
130
157
102
43
66
106
117
98
91
69
58
69
73
16
12
85
48
36
44
83
114
91
95
101
139
128
145
179
159
152
116
98
167
151
95
67
48
104
117
116
105
35
51
111
130
137
84
71
45
85
121
107
105
65
94
169
108
80
76
34
124
156
127
101
124
135
121
146
135
116
118
162
153
116
125
89
108
78
57
68
76
87
95
94
40
83
121
148
169
155
119
152
165
108
96
89
130
114
75
93
121
118
72
40
52
97
34
31
40
35
42
13
-6
-3
46
61
116
83
62
3
-7
53
63
80
87
67
75
53
62
67
49
51
-4
51
98
86
58
41
32
61
33
35
36
40
71
81
69
47
62
-8
-1
10
8
9
-38
-22
-2
27
40
58
0
6
23
-37
-29
-9
-2
-43
-40
-23
1
-27
-60
-84
-51
-23
7
13
-26
-26
24
28
20
-33
-83
-76
-95
-65
-78
-81
-92
-125
-135
-67
-27
-48
-56
-97
-128
-127
-75
7
62
19
-20
-62
-65
-47
-45
-68
-110
-85
-59
-14
-35
-86
-45
-4
18
-18
-20
-11
-10
-84
-128
-137
-87
-20
-83
-95
-101
-60
-57
-81
-23
-1
-34
-19
-13
-45
-93
-94
-54
-59
-69
-63
-83
-76
-66
-28
-21
-62
-77
-111
-100
-69
1
-27
-22
-43
-21
-22
-92
-86
-63
-70
-152
-99
-109
-99
-140
-151
-135
-101
-109
-94
-106
-158
-110
-118
-79
-59
-79
-75
-78
-74
-93
-89
-83
-110
-169
-150
-64
-31
-41
-139
-216
-180
-90
-33
2
-107
-169
-182
-154
-58
-80
-92
-126
-101
-40
-20
-46
-147
-126
-96
-108
-106
-90
-76
-130
-164
-110
-122
-109
-111
-99
-26
-37
-3
-68
-140
-120
-120
-74
-116
-185
-165
-117
-78
-94
-84
-88
-114
-78
-82
-67
-109
-63
-67
-95
-105
-135
-72
-69
-55
-152
-148
-135
-96
-70
-107
-85
-85
-37
-79
-71
-8
-39
-15
-64
-112
-115
-81
-101
-79
-53
-86
-122
-165
-119
-84
-95
-96
-155
-92
-18
-76
-143
-179
-156
-85
-72
-92
-90
-129
-126
-138
-113
-39
-27
-45
-117
-94
-82
-97
-46
-73
-77
-52
-135
-123
-85
-69
-85
-108
-62
-64
-47
-53
-44
-61
-32
19
-16
-59
-131
-129
-158
-165
-152
-155
-125
-138
-149
-133
-101
-89
-26
-50
-79
-75
-56
-55
-78
-88
-106
-42
-25
-65
-64
-108
-104
-91
-49
-6
-1
-4
-45
-90
-125
-48
-41
-60
-81
-102
0
8
15
-45
-92
-73
-8
12
-43
-43
-44
1
-10
12
-22
-14
-33
-74
-31
-57
-11
7
-43
-38
-16
7
-23
-53
-30
-60
-90
-76
-61
-50
-45
-87
-125
-123
-63
-69
-84
-136
-52
-63
-53
-11
-50
-65
-74
-93
-50
18
-3
-62
-57
-62
2
-24
-87
-88
-102
-77
-66
-41
-136
-176
-116
-81
-67
-75
-95
-125
-110
-80
-85
-88
-90
-52
-32
0
-46
-48
-6
-65
-54
-33
-45
-30
-49
-60
-103
-118
-129
-30
-21
-74
-101
-84
-97
-92
-76
-78
-57
-95
-106
-125
-122
-50
-84
-89
-73
-87
-83
-67
-49
-84
-38
-36
-95
-145
-136
-106
-85
-132
-123
-121
-105
-65
-98
-104
-102
-54
-138
-139
-139
-112
-94
-125
-126
-164
-191
-155
-128
-125
-127
-136
-120
-120
-91
-120
-137
-85
-73
-117
-108
-122
-112
-110
-125
-172
-172
-133
-80
-32
-62
-98
-105
-100
-99
-114
-130
-153
-149
-183
-181
-185
-123
-147
-138
-126
-155
-120
-143
-73
-122
-147
-131
-105
-115
-133
-158
-193
-133
-86
-50
-87
-111
-73
-124
-118
-103
-162
-124
-144
-149
-127
-178
-152
-129
-116
-124
-100
-90
-102
-91
-97
-137
-120
-88
-81
-71
-132
-157
-170
-141
-123
-118
-84
-80
-88
-133
-100
-67
-125
-133
-95
-82
-58
-89
-136
-170
-149
-155
-68
-35
-94
-96
-77
-65
-89
-90
-100
-107
-122
-119
-84
-83
-90
-58
-65
-66
4
-74
-101
-85
-72
-90
-85
-45
-53
-66
-93
-32
-60
-50
-65
-73
-74
-68
-68
-106
-84
-50
-31
-34
-24
-47
-82
-75
-50
-46
-14
-43
-115
-84
-31
-55
-55
-36
-12
33
73
47
-34
-72
-51
-17
-69
-46
-52
-104
-91
-54
-34
-4
29
7
-53
-21
17
24
31
-15
21
37
12
-3
-25
-1
32
54
43
18
16
4
48
90
34
3
-21
-59
-3
24
0
-46
-52
-14
84
92
67
36
-14
-16
-6
16
50
38
56
63
34
51
36
5
34
81
47
16
-13
11
22
48
23
2
34
31
46
18
37
19
36
43
32
15
-26
-65
-64
-9
35
42
53
85
75
68
37
-30
29
62
89
86
40
6
-9
-33
-2
-2
11
-53
-45
-10
-24
62
33
43
30
19
27
-20
-36
-47
22
95
85
27
-57
-122
-80
-3
47
68
-23
-4
22
39
32
9
12
9
18
14
2
-26
-29
8
45
41
24
-12
-19
-7
-10
52
6
-20
6
34
68
26
44
3
44
88
54
18
28
25
19
38
13
1
-24
-3
-38
-11
-56
-122
-73
16
-2
-37
-2
0
29
4
-4
-12
-39
-67
-75
-128
-134
-70
-48
-17
28
-21
-29
-54
-15
-13
-3
23
-20
-21
-33
-8
5
-12
-35
-35
-59
-36
-6
-17
-71
-80
-64
-40
-15
-47
-22
33
12
-18
11
-14
-49
-21
-12
-46
-88
-58
-25
-2
32
45
8
-30
8
51
39
-43
-65
-101
-76
-29
67
56
18
2
54
42
20
28
-26
23
32
73
76
22
-13
2
11
14
42
6
-69
-30
-28
-12
3
-11
16
2
16
29
23
-12
-44
5
50
51
46
17
-17
-21
-5
27
31
25
30
82
102
33
48
17
-7
37
48
41
78
44
19
41
60
86
69
72
31
8
41
77
55
96
96
40
13
22
8
-35
-3
-1
23
53
57
38
20
61
47
31
56
16
61
63
13
-8
-58
-37
28
65
19
-8
-26
13
28
29
1
48
61
51
20
-20
-9
37
101
73
90
81
75
46
8
17
12
8
52
140
126
110
75
41
55
109
90
131
77
54
67
36
98
123
109
100
133
93
82
16
16
-16
-27
-8
13
74
105
104
74
83
84
103
95
41
28
64
110
127
119
77
91
116
99
48
20
11
34
87
73
53
44
65
107
149
147
107
69
57
63
81
83
101
133
75
-8
65
97
111
77
33
63
63
134
158
152
121
107
147
172
129
73
48
80
116
144
179
154
140
172
147
132
105
68
79
86
91
93
94
91
120
93
128
122
156
187
136
154
98
76
111
73
106
121
97
77
62
58
26
104
149
92
77
57
58
80
176
158
89
76
96
93
86
84
81
68
37
91
80
112
164
119
83
84
102
88
93
131
180
140
123
192
211
160
103
58
78
91
76
77
70
52
49
118
164
229
158
110
102
162
186
206
145
121
130
179
170
122
134
90
76
76
87
113
89
74
136
129
89
85
74
48
53
52
130
141
135
117
84
134
150
186
143
129
143
100
139
191
179
147
102
101
169
202
168
144
85
67
91
105
142
97
82
86
128
160
154
59
63
57
58
68
81
116
96
156
122
111
107
72
38
57
102
154
149
87
82
105
85
72
88
43
47
57
22
50
96
99
113
49
52
83
106
127
91
37
35
61
60
54
-10
-8
4
40
44
66
117
61
20
2
24
63
46
1
23
73
65
34
23
5
63
103
144
82
54
33
57
118
94
91
20
1
29
37
50
46
62
95
126
89
17
-52
8
15
35
11
25
78
56
27
26
28
-20
20
56
98
107
103
46
13
4
-7
-11
3
40
39
82
22
20
64
63
61
60
11
-5
-12
-6
74
60
72
39
20
59
108
84
29
61
56
72
74
69
68
58
34
44
16
-14
32
60
89
57
45
20
18
-8
16
82
53
40
36
-4
8
40
28
17
19
88
64
86
60
67
1
32
55
27
12
-40
-18
-49
-76
-54
-13
-27
-43
-13
0
11
31
39
24
68
63
61
52
26
29
-12
-20
-11
10
61
63
39
33
21
30
33
-2
-17
32
-27
-25
-8
40
44
35
30
15
80
66
66
-28
-50
-38
-49
-19
14
12
-78
-122
-71
-14
40
49
24
47
37
28
-42
-28
19
13
-8
33
32
39
67
91
105
71
-3
-52
-3
17
31
17
15
43
64
84
55
-5
37
77
62
37
12
13
-10
-30
-1
38
5
-1
-5
-1
33
46
58
81
114
112
60
72
90
74
40
33
63
88
81
105
85
97
105
105
74
46
94
68
9
-36
24
99
81
44
39
92
99
69
96
105
75
102
82
74
65
61
12
1
-16
5
35
75
59
48
73
62
61
41
65
58
45
47
50
40
46
42
62
35
5
-47
-33
-7
40
62
40
-31
-5
74
65
60
13
75
105
69
22
9
-52
-85
-18
27
26
7
-3
18
26
55
6
-33
-61
-54
6
46
29
16
31
27
15
9
17
-51
-75
-72
-37
-9
-11
-22
-24
-41
-6
44
30
59
-2
-47
34
9
23
45
-15
-47
-39
25
21
-30
1
1
64
100
54
17
1
-39
-66
-13
-18
-38
-101
-121
-74
-28
-13
-36
-32
-29
-53
-40
-18
-50
-60
-58
-54
-34
-38
-98
-68
-39
-48
-21
-18
-30
-50
-28
-1
-47
-70
-87
-95
-82
-65
-61
-82
-95
-111
-99
-101
-38
-7
-67
-139
-146
-110
-86
-67
-78
-63
-49
-70
-90
-48
-52
-94
-84
-75
-85
-74
-44
-76
-94
-60
-18
-43
-40
-70
-60
-80
-84
-75
-5
-70
-103
-54
-64
-26
-50
-60
-155
-106
-103
-59
-32
-43
-66
-92
-63
-96
-138
-191
-116
-51
-83
-109
-150
-169
-138
-69
-49
-53
-91
-103
-115
-86
-92
-101
-76
-110
-58
-37
-39
-43
-29
26
0
16
-22
-75
-105
-79
-71
-32
-25
-24
-24
-53
-23
-75
-69
-85
-124
-115
-97
-20
-16
-20
-9
-13
-8
-19
-26
-34
-58
-47
-33
-26
-22
-29
-57
-62
-67
-60
-61
-49
-34
-13
-34
20
25
-3
-56
-91
-63
-87
-52
-34
-52
-47
-24
-1
5
-32
-15
17
-4
-7
-47
-7
25
-18
-59
-90
-42
37
70
50
36
-28
-3
51
6
-37
-33
-98
-16
64
39
13
-23
-78
-19
38
53
59
-17
5
30
42
72
75
45
16
13
21
-7
26
76
61
53
46
61
30
68
94
45
66
22
-38
-18
35
2
-50
-2
45
45
47
31
-9
-6
1
25
-13
-5
-46
-51
-12
5
57
58
88
43
16
48
38
24
16
14
-22
14
-17
21
26
6
6
-54
-2
-18
-35
-26
-69
-54
-14
-53
4
48
20
-17
-13
19
-34
-93
-67
-39
-76
-52
-53
-61
-45
-25
-20
-20
-8
-30
-13
-20
-73
-106
-124
-77
-64
-71
-86
-103
-60
-52
-81
-40
0
-54
-61
-58
-83
-46
16
-59
-77
-61
-62
-50
-56
-76
-70
-105
-63
-30
-18
-55
-134
-106
-75
-54
-54
-44
-63
-47
-63
-41
-32
-40
-17
18
-13
-64
-86
-98
-78
-121
-98
-116
-113
-98
-47
-47
-68
-7
-15
-56
-61
-84
-80
-74
-56
-25
10
5
-11
-14
-56
-81
-80
-44
-21
-31
-16
-52
-119
-101
-92
-71
-49
-57
-28
-66
-71
-50
-12
49
16
-14
-102
-110
-37
8
-64
-86
-50
-29
-11
-25
-34
-81
-15
18
-24
-15
-32
33
61
-37
-7
-26
-75
-78
-68
-32
-28
-84
-84
-46
-26
-30
-33
5
1
-17
-65
-79
-59
-77
-74
-79
-51
-29
-11
-40
-26
-26
-43
-49
-80
-109
-90
-86
-78
-50
-64
-76
-85
-93
-81
-56
-80
-70
-104
-115
-75
-75
-55
-32
-63
-97
-64
-55
-44
-47
-82
-111
-97
-98
-149
-176
-188
-189
-186
-102
-126
-106
-83
-42
-82
-117
-72
-124
-62
-62
-87
-100
-125
-87
-64
-80
-92
-142
-133
-183
-186
-87
-70
-106
-148
-87
-58
-78
-47
-88
-115
-100
-79
-55
-53
-111
-95
-35
-23
-5
-28
-71
-128
-119
-110
-111
-97
-95
-70
-44
-83
-66
-51
-90
-103
-79
-83
-102
-88
-86
-109
-125
-109
-121
-128
-97
-106
-116
-102
-95
-82
-34
-46
-77
-106
-64
-62
-91
-67
-103
-107
-48
-46
-51
-57
-78
-34
7
-22
-26
-31
-63
-85
-92
-48
-88
-111
-114
-149
-154
-126
-125
-150
-130
-121
-150
-37
-12
-51
-55
-66
-8
23
23
-66
-118
-171
-151
-144
-127
-97
-126
-123
-114
-89
-100
-90
-139
-128
-108
-64
-76
-139
-104
-112
-117
-137
-144
-111
-67
-55
-97
-82
-91
-54
-46
-120
-100
-70
-82
-73
-51
-32
30
-19
-12
-24
-43
-38
-75
-140
-109
-78
-58
-68
-66
-12
-82
-114
-129
-86
-89
-98
-87
-76
-67
-84
-85
-103
-90
-44
7
1
8
-50
-75
-68
-29
6
21
-18
-68
-104
-76
-42
-63
-65
-75
-38
-61
-45
-72
-67
-52
-58
-87
-138
-109
-79
-78
-111
-62
-33
-53
-31
11
19
-20
-38
-14
-13
-15
5
-20
-35
-29
-19
-47
-61
-11
8
35
41
-16
-36
-13
-30
-90
-63
-16
-14
16
15
26
-24
-9
19
10
20
-28
-28
11
-15
-11
-40
-22
1
-7
-37
-40
1
-39
-37
-37
-35
9
-10
-24
-69
-86
-23
-44
-44
-74
-107
-66
-43
-73
-44
-48
-72
-44
-41
-1
-21
-42
-80
-84
-80
-55
16
-12
-11
-28
3
-14
-17
-70
-109
-51
-20
-62
-18
-50
-48
-16
-23
-6
-33
-7
-33
42
31
87
71
26
-13
-45
-23
-81
-54
-47
17
52
13
17
5
26
23
32
15
17
58
66
-1
-20
33
32
-16
-56
-46
-43
16
0
-33
-10
10
2
28
25
5
21
20
-88
-158
-96
-42
-8
-7
-12
-34
-71
-42
-39
-21
40
9
7
18
-23
-67
-39
1
16
29
20
11
59
64
34
-16
-1
17
94
82
62
58
47
56
40
17
10
39
35
32
38
63
31
74
69
51
28
9
41
-12
-28
19
78
73
99
55
71
45
15
56
4
7
0
45
55
9
33
52
28
54
63
64
82
49
65
95
18
38
53
13
-19
2
35
9
22
33
14
21
83
68
13
14
25
30
1
-3
-22
27
57
61
44
22
18
55
41
36
30
-27
45
27
27
70
27
36
15
2
6
14
16
12
26
30
72
74
82
99
43
51
10
71
74
67
66
20
22
75
107
144
79
61
54
53
20
13
-80
-39
16
16
73
29
-28
-41
-36
-26
4
-33
-17
20
58
52
29
3
3
24
46
37
16
43
39
-12
18
-2
-19
-39
-68
-29
7
58
27
7
-15
-5
47
71
39
3
7
-30
-10
43
56
103
68
52
60
41
76
58
127
115
101
50
75
82
146
118
78
57
-2
33
59
71
46
60
75
85
100
121
119
115
101
35
30
57
44
27
-24
-19
-19
37
84
129
98
52
20
-40
42
45
40
77
44
28
57
69
50
-1
-24
54
26
27
60
76
66
56
66
137
97
92
21
-1
18
7
56
17
17
-14
44
70
90
125
133
94
45
69
-1
63
54
24
74
98
116
106
135
109
77
73
102
111
109
103
62
37
62
25
51
80
52
61
94
71
92
102
79
80
26
65
107
111
100
39
46
81
107
124
89
83
66
38
42
84
134
93
42
-3
19
66
94
62
45
56
106
107
106
176
157
131
106
112
60
44
42
28
7
67
133
107
61
31
52
14
27
108
33
43
6
2
91
120
117
62
31
48
54
47
43
20
-4
51
54
35
21
19
54
76
67
57
84
60
98
51
82
69
9
44
59
27
-12
42
1
-40
-25
15
79
59
28
32
30
51
58
41
-11
16
16
38
50
76
22
5
44
19
67
42
27
40
55
73
71
38
-33
-5
22
37
22
-25
-32
2
31
66
75
39
48
53
37
39
7
-13
14
-14
8
41
76
15
-2
30
39
40
49
16
-4
33
20
-5
37
95
70
4
-28
-39
-8
60
5
-10
2
-18
32
66
71
52
8
-54
-65
-3
86
12
-41
-39
-47
40
68
52
6
20
50
24
36
44
18
-46
-36
-49
-5
35
61
24
-10
19
-6
20
54
51
37
-7
11
52
55
22
-3
-38
-64
-48
-5
37
60
48
26
29
5
33
28
16
-38
26
63
66
67
4
-24
-9
2
-9
23
-31
15
1
-35
-1
-1
71
92
71
80
41
51
70
74
71
32
64
77
14
11
15
-28
-15
71
166
138
79
92
111
84
70
60
41
79
76
78
50
35
34
29
81
98
75
98
141
178
174
115
45
24
62
147
185
146
81
57
109
135
138
118
126
100
120
138
146
140
126
114
181
198
96
99
99
101
145
151
91
44
59
112
97
104
82
64
70
96
111
95
106
81
74
98
109
97
98
104
127
176
111
97
130
95
100
104
109
108
140
134
137
48
69
117
157
178
114
120
48
64
84
99
126
90
113
112
84
99
96
78
40
32
113
59
85
97
88
72
93
72
41
90
96
107
83
33
61
91
103
62
85
107
92
79
79
123
82
68
70
63
101
91
28
24
28
77
114
61
61
91
49
84
43
7
-5
9
12
4
-14
-4
10
10
28
26
46
26
37
11
21
36
19
33
51
108
66
67
64
48
63
82
56
24
-3
-24
32
35
-6
-40
0
19
-13
3
24
68
84
92
59
85
23
-22
-2
9
0
46
25
12
45
33
70
25
45
-11
-69
-16
36
67
42
19
0
48
89
70
71
38
52
62
48
51
16
31
54
27
27
57
46
27
39
62
49
65
87
66
121
103
32
-7
-45
-32
-26
-15
-3
-17
-18
-16
38
40
48
28
1
13
80
122
122
45
-22
62
86
61
62
51
19
101
92
32
35
-12
58
103
119
101
93
23
31
52
55
48
1
29
-38
-30
18
51
51
68
110
101
60
40
87
47
48
50
72
44
-15
-30
-22
27
-2
37
6
-5
-2
-20
2
22
63
52
38
59
83
23
32
21
84
128
110
87
90
54
35
48
92
97
4
-11
-13
33
108
82
61
55
44
62
43
39
50
84
55
-22
-12
22
30
78
60
28
29
3
-4
-2
-11
30
14
25
40
29
85
100
35
-11
-38
-11
30
27
2
-19
-49
14
7
8
34
-11
22
-63
-48
-5
-12
-7
25
48
51
17
39
22
6
-7
40
-2
-17
13
-21
2
-23
6
8
67
56
37
56
16
8
13
9
-2
7
32
49
19
38
34
22
41
17
75
84
91
143
113
105
95
87
46
11
29
39
8
22
28
25
62
125
96
23
34
24
22
9
-27
-1
-19
-47
-46
-85
-43
-64
-65
-26
24
91
75
40
5
24
4
24
22
11
-21
-16
43
13
70
52
27
35
71
76
17
2
53
55
43
-19
-56
-19
-11
-38
-40
-48
-53
-51
-8
61
71
66
5
-6
13
-4
-10
-18
-69
-85
-84
-60
-17
-23
19
-21
14
30
37
-21
-73
-56
-20
-8
4
15
-22
-74
-65
9
3
-39
-73
-92
-69
-87
-60
-78
-72
-47
-117
-118
-91
-43
-14
-56
-76
-111
-44
11
9
-9
-61
-138
-112
-116
-109
-138
-182
-197
-237
-100
-104
-137
-101
-142
-129
-42
-71
-94
-47
-67
-60
-109
-129
-128
-160
-167
-186
-113
-129
-110
-115
-138
-111
-129
-108
-99
-155
-246
-214
-193
-148
-169
-163
-158
-175
-154
-174
-181
-139
-151
-151
-128
-110
-143
-113
-107
-183
-173
-109
-82
-82
-123
-154
-97
-85
-65
-116
-175
-156
-116
-165
-220
-209
-255
-202
-130
-124
-94
-104
-120
-117
-81
-78
-56
-63
-97
-74
-66
-104
-141
-129
-158
-151
-164
-178
-232
-213
-159
-171
-112
-75
-76
-103
-157
-100
-102
-113
-120
-153
-127
-106
-103
-143
-159
-130
-104
-101
-125
-132
-176
-151
-113
-129
-137
-168
-169
-137
-72
-60
-30
-96
-94
-68
-85
-75
-146
-142
-131
-101
-132
-86
-33
-72
-81
-78
-69
-57
-51
-47
-64
-68
-83
-46
-30
-62
-59
-52
-99
-123
-112
-151
-94
-101
-91
-110
-123
-98
-77
-54
-88
-71
-101
-137
-129
-119
-56
-62
-84
-76
-95
-145
-125
-104
-147
-139
-131
-131
-132
-96
-53
-29
-36
-98
-121
-57
-40
-59
-77
-53
-76
-34
-3
-16
-78
-78
-94
-99
-57
-69
-83
-63
16
54
22
-81
-46
-42
-19
-9
-68
-42
-26
-25
-39
-112
-135
-124
-157
-177
-150
-71
-36
-18
8
-41
-29
-87
-82
-38
-12
-12
-41
-84
-83
-52
-23
-81
-54
-88
-115
-59
1
29
-30
-50
-41
-36
-23
-20
-25
-89
-94
1
-19
40
42
-6
-34
-55
-60
-42
-37
-62
-100
-99
-74
-43
-10
-37
-86
-84
-89
-77
-55
-104
-74
-60
-63
14
-8
-24
-57
-112
-93
-40
-60
-64
-102
-145
-105
-62
39
8
-10
-2
-6
-20
-7
31
18
-69
-90
-89
-41
14
29
-43
-77
-75
-33
-54
-130
-144
-83
-28
-46
-87
-74
1
-48
-72
-98
-41
-24
-32
-86
-111
-80
-60
18
-16
-58
-96
-79
-70
-42
1
-14
-30
-94
-71
-19
-36
-14
-49
-89
-153
-109
-69
-148
-147
-150
-79
-51
-86
-98
-103
-72
-48
-33
-68
-85
-47
-70
-49
-112
-123
-115
-157
-108
-87
-71
-123
-108
-116
-178
-172
-118
-138
-139
-117
-135
-131
-88
-47
-46
0
-17
-96
-76
-68
7
-49
-142
-108
-103
-44
-47
-103
-163
-173
-115
-121
-69
-82
-119
-92
-140
-163
-160
-128
-140
-178
-170
-123
-96
-28
-32
-46
-91
-107
-62
-55
-2
-31
-32
-38
-20
-54
-10
-26
-106
-143
-144
-66
-32
-36
-120
-186
-190
-145
-96
-130
-168
-160
-137
-118
-43
-46
-68
-104
-120
-82
-29
7
9
12
-22
-29
-44
-2
-33
-117
-126
-109
-73
-26
-66
-107
-78
-120
-119
-68
-67
-44
-17
10
-42
-14
6
6
6
2
29
-32
-15
-38
-46
-11
2
-31
-79
-51
-79
-41
-35
-62
-81
-53
26
69
29
64
67
15
-21
-4
38
75
114
32
-46
-76
-69
-70
-59
-28
-29
-1
-17
-25
-67
-61
-14
-22
-11
-40
-29
-23
-32
-33
-43
-29
-18
3
-14
50
70
56
15
28
28
92
83
29
-18
-22
-13
-18
9
-4
-20
4
17
48
36
20
10
17
68
30
71
101
134
137
88
107
-16
-40
37
93
97
40
33
26
59
69
45
50
22
28
36
60
100
89
56
60
45
46
44
74
55
97
70
66
72
58
44
76
113
68
63
24
45
44
60
57
50
17
24
78
99
140
143
107
94
67
71
89
86
37
16
22
72
77
92
109
98
102
7
49
74
83
84
119
117
114
138
157
157
122
139
105
153
159
120
128
79
111
116
153
125
97
77
40
72
89
112
138
149
114
92
108
142
118
118
44
32
56
41
83
97
98
69
67
56
89
64
42
71
30
84
150
105
68
105
111
139
173
181
170
107
107
72
74
144
105
85
115
110
131
135
74
80
79
111
148
164
189
210
136
120
118
90
90
140
109
8
26
17
29
84
70
48
39
1
39
33
37
48
17
62
47
16
-9
-21
-5
19
89
73
28
40
27
-61
-80
-39
21
34
-24
-54
15
10
36
83
70
31
41
43
88
122
135
165
117
75
120
117
69
82
85
20
-2
27
70
119
60
23
76
73
81
99
68
42
25
-12
24
7
21
14
35
55
36
28
12
38
15
37
69
94
78
88
74
84
82
123
141
127
67
44
59
10
79
109
122
69
-27
-66
-56
-45
42
21
49
117
135
130
68
65
61
56
15
-14
8
6
31
41
99
141
88
83
45
47
89
123
66
8
30
90
109
85
127
127
90
22
41
73
39
55
49
67
101
199
227
145
140
108
106
64
36
6
44
49
90
114
107
93
85
103
67
25
-49
-24
-7
5
71
74
93
45
53
47
36
136
161
122
86
35
55
101
60
4
-42
37
54
119
137
90
90
43
36
62
46
55
53
22
83
104
98
78
69
52
-3
-19
-8
28
36
93
121
64
-13
30
138
132
97
18
6
66
89
78
77
17
-1
65
61
132
179
232
182
161
178
161
172
131
102
56
120
164
143
155
124
102
94
155
90
76
116
94
130
94
118
112
67
103
148
153
151
143
114
123
150
179
150
64
89
90
62
29
14
43
79
154
224
219
163
142
126
148
101
111
140
120
122
92
90
96
135
164
155
168
151
113
136
146
165
180
148
125
86
78
95
129
125
81
64
91
97
116
114
98
106
106
52
33
28
38
85
93
126
50
74
124
120
121
97
129
74
78
129
127
125
153
183
158
154
184
209
190
131
90
97
79
109
120
127
112
95
37
15
85
75
100
127
99
24
78
147
95
49
-18
-41
-23
-3
37
35
24
16
29
86
123
122
111
94
69
84
28
28
51
75
132
131
116
39
34
66
64
40
34
57
87
97
63
27
36
47
20
34
-9
30
85
114
85
48
74
32
36
25
-13
10
53
43
35
-4
-34
15
59
77
46
9
0
-10
7
-28
58
121
120
129
124
111
114
78
37
76
88
33
1
6
-6
-11
15
97
100
50
18
-22
-5
-11
-3
-1
-12
-24
-27
-19
-25
35
69
90
43
31
32
35
-11
-11
50
35
75
59
-76
-76
-71
-41
33
40
24
35
35
63
59
14
41
40
16
9
44
39
37
1
61
34
12
46
55
74
31
31
-16
-38
-44
-31
-59
-103
-57
-6
19
14
-27
-93
-92
-43
-14
-62
-113
-54
-42
-37
-65
-52
-41
-64
-30
-41
-39
-64
-55
6
24
69
36
-45
-29
-47
-45
-83
-75
-32
-37
-52
-43
-53
-40
8
-18
-19
-11
-55
-64
-54
-84
-50
-77
-52
-24
-23
-36
-32
-77
-40
10
-27
10
-18
7
-6
-82
-71
-54
-20
-6
-50
-18
-72
-96
-13
-60
-24
-13
-32
-46
-9
50
13
-1
-34
-10
21
64
28
-55
-80
-77
-40
11
-36
-101
-62
-66
0
56
16
-16
-72
-64
-33
4
-13
-28
-35
-28
-52
-48
-29
-41
-72
-75
-2
25
12
-18
-48
1
54
14
-27
-38
-1
-41
-48
-48
-57
-31
-24
7
10
-28
-95
-55
-14
-5
9
-20
-39
-37
-60
-18
14
-6
-16
-47
-40
-24
7
14
29
28
-33
-43
-25
-35
-11
-47
-46
-64
-66
-4
5
-10
-27
3
17
69
48
37
44
66
100
60
11
-50
-6
65
52
31
-25
-30
-10
-45
-29
-18
-26
-10
-10
1
-13
61
67
79
42
-16
-44
-78
-59
-31
2
-22
-55
-72
-38
20
19
0
-43
-10
54
14
-8
-51
-80
-37
-11
-30
-39
-30
18
53
58
66
47
-8
43
10
-22
-41
-82
0
21
23
-16
-42
-61
7
58
15
-36
-36
-8
-45
-60
-98
-103
-103
-88
-57
-48
-118
-160
-133
-123
-71
-48
-79
-48
-49
-2
-35
-40
5
-6
-47
-62
-64
-80
-11
-82
-82
-114
-98
-23
5
-43
-46
-25
-79
-56
-60
-30
19
-41
-21
8
-15
-39
-69
-31
-60
-31
-84
-105
-95
-72
-54
-114
-94
-108
-77
-96
-119
-89
-64
-89
-116
-114
-87
-93
-94
-98
-52
-42
-22
-6
-14
-20
-34
-49
-73
-84
-58
-95
-61
-79
-40
-78
-42
-49
-120
-140
-152
-69
-77
-39
9
4
21
-20
-76
-131
-165
-163
-169
-141
-137
-94
-85
-91
-106
-100
-98
-76
-102
-111
-79
-97
-101
-98
-144
-160
-178
-162
-77
-55
-43
-73
-100
-131
-104
-79
-36
-68
-150
-178
-133
-95
-164
-198
-232
-191
-110
-101
-103
-84
-133
-172
-100
-50
-71
-122
-165
-201
-183
-133
-93
-116
-107
-73
-29
-31
-82
-95
-81
-42
-82
-66
-46
-36
-28
-24
9
-10
-7
-48
-86
-84
-43
-13
-110
-139
-86
-68
-51
-88
-99
-70
-35
-53
-78
-68
-90
-46
0
-11
-61
-126
-112
-49
-27
-38
-78
-178
-191
-152
-110
-37
-45
-62
-43
-38
-77
-64
-94
-95
-81
-81
-38
17
-13
-50
-27
-53
-57
-58
-17
-59
-45
-84
-125
-135
-95
-54
-67
-30
-95
-24
-55
-58
-43
-30
20
-3
-81
-149
-144
-83
-49
-78
-117
-146
-138
-105
-33
-27
-88
-124
-148
-111
-60
-59
-16
-30
-72
-83
-62
-59
-14
34
32
13
-44
-45
-17
-31
-68
-54
-17
-6
5
49
30
-25
-20
-6
-65
-3
-26
-44
-41
-93
-78
-82
-14
-21
-89
-86
-86
-51
1
5
49
38
-34
26
72
79
13
-73
-34
0
-8
-23
-23
-8
47
69
99
81
67
33
79
155
98
59
77
73
111
85
91
130
58
-21
-29
-30
-14
53
76
44
-19
-18
-14
42
17
-14
-19
15
45
78
48
52
95
121
95
42
59
-21
20
101
144
58
-2
15
68
108
57
56
-5
11
42
123
58
102
119
53
69
46
91
49
62
49
72
43
-31
-23
10
-41
-63
-20
18
42
-8
-28
-40
35
62
57
52
54
28
13
64
75
52
21
-10
-12
-66
35
89
125
101
90
56
30
73
65
55
19
35
-10
-3
50
26
39
11
20
14
30
54
15
32
9
73
53
34
21
-16
-20
16
34
-35
-59
-58
-6
42
18
11
-43
-25
30
15
10
16
-12
2
-31
-31
-3
21
31
49
28
54
45
54
11
-10
14
12
53
13
2
19
67
-4
-13
-4
7
35
-12
31
85
109
85
37
34
31
-40
-5
22
43
66
69
112
87
73
50
59
20
22
-15
-10
17
-40
7
47
4
19
34
14
33
51
83
64
41
55
79
119
140
128
161
131
96
68
59
21
0
-24
-16
34
40
72
73
42
28
63
115
108
90
46
48
40
114
168
106
59
47
96
120
72
46
76
57
48
7
51
79
59
30
39
34
65
104
106
87
71
52
32
48
85
124
37
48
67
110
120
90
54
42
74
68
52
46
61
88
17
2
43
20
49
51
78
65
58
57
34
123
159
145
81
46
80
98
101
152
132
83
74
111
155
108
50
75
114
109
94
72
80
73
64
76
83
108
131
125
112
82
75
92
68
77
101
104
164
165
81
49
39
60
79
100
70
48
45
88
126
170
155
55
70
101
160
138
125
133
112
139
126
155
140
101
164
175
135
113
91
88
107
151
133
108
65
114
107
107
147
151
129
119
128
114
94
119
137
69
83
119
92
114
107
80
88
75
90
82
85
86
64
67
73
77
55
58
80
99
129
148
100
103
133
155
186
149
193
204
214
174
110
108
144
120
80
93
92
137
136
158
124
132
151
115
112
100
105
105
102
75
59
62
123
114
69
62
57
93
162
128
155
168
133
143
79
64
39
53
-39
15
60
91
160
126
105
18
93
115
172
122
124
195
206
187
195
234
196
156
125
99
30
115
92
94
71
98
138
116
98
21
57
104
189
184
140
104
122
146
115
123
132
111
42
100
73
91
120
122
167
151
132
115
116
104
121
164
126
123
85
49
90
104
100
86
102
118
152
136
126
144
83
103
114
100
95
110
112
145
115
82
69
107
103
83
63
66
34
65
64
42
105
42
60
55
60
70
38
38
2
10
40
3
25
71
76
39
19
4
0
-8
35
39
51
26
3
56
12
26
70
71
98
35
47
55
62
35
31
-9
-19
-79
-48
40
53
77
-3
25
-9
20
72
34
29
78
87
94
50
-34
-53
-70
40
93
92
45
4
24
32
64
38
10
-48
-72
-37
-37
-46
-43
-49
-38
-9
49
52
17
-42
-64
-43
-35
-5
-3
-25
-29
-18
-46
-43
-34
-40
-24
38
46
53
54
5
-3
32
3
22
22
6
12
22
36
61
31
19
20
54
72
53
53
19
0
-7
-10
-42
-16
-11
23
63
30
22
-30
19
21
5
-23
-46
12
34
31
22
28
-4
18
41
36
55
80
93
78
13
8
55
25
16
-11
-3
8
23
36
40
-3
25
70
45
80
102
138
89
68
-4
14
36
5
31
94
125
40
54
46
101
107
77
16
13
39
35
88
102
88
32
45
52
76
26
0
5
30
52
87
109
113
90
67
43
31
60
47
39
-5
21
68
111
88
91
37
43
36
58
111
132
131
64
45
92
76
125
111
85
109
18
61
96
96
105
47
48
56
5
14
8
19
-4
2
35
52
77
50
54
74
53
36
71
44
49
95
77
60
66
55
56
98
67
-14
-51
-54
-11
24
16
28
45
96
110
117
71
-24
10
-23
6
34
42
21
76
129
109
102
33
16
26
78
58
21
48
21
22
61
33
-14
-38
-15
-18
-20
1
15
62
103
76
42
85
65
63
50
32
11
-3
22
47
37
7
29
51
92
100
54
9
27
52
75
124
85
3
34
58
73
59
10
7
-4
-21
52
65
41
15
-41
-35
-5
2
33
45
73
-1
-22
31
30
30
12
-14
-94
-75
8
-7
17
3
42
44
27
25
17
11
-1
-27
-55
-40
-44
-44
-39
-67
-23
-25
-43
-14
15
35
9
-29
-63
-82
-49
1
1
-71
-79
-59
-67
-78
-69
-31
-45
-7
-21
-54
-68
-76
-69
-36
-62
-18
-18
-20
-28
-31
34
3
25
-13
-68
-152
-117
-64
20
22
-50
-26
-65
-30
-34
-28
-57
-16
33
79
14
25
61
-15
-23
7
-37
-50
-79
-64
-27
24
59
55
58
5
34
49
42
13
22
37
-2
23
2
-22
-31
-21
0
-74
-40
-35
-21
3
9
69
56
17
-15
-73
-89
-106
-54
-10
-31
-22
-6
-30
17
72
20
1
-38
-52
-33
24
11
21
23
-35
-91
-140
-62
-49
-90
-84
-124
-63
-18
-54
-71
-67
-70
-33
-45
-47
-11
2
-15
-36
3
-10
13
4
3
-13
-12
-62
-54
-105
-81
0
22
47
56
45
11
19
10
7
-14
-13
-30
-36
6
-18
-34
-3
20
-36
-20
-3
-29
-49
-99
-30
-36
4
23
41
-26
-17
34
56
25
37
30
13
76
62
41
5
12
-8
-2
18
-29
-57
21
65
117
95
68
56
-2
13
47
24
26
-19
-62
57
52
11
-33
-85
-107
-77
-22
-20
3
-34
-30
13
25
59
25
17
23
42
19
0
-9
15
55
25
-1
-1
5
-6
-5
-6
49
0
-7
8
-15
-1
-41
-69
-21
-14
36
9
8
8
12
9
-18
-38
-24
-24
-82
-61
-8
7
-60
-32
-72
-105
-124
-115
-107
-49
-30
-15
20
-17
-29
-74
-42
-64
-28
-11
-13
-9
-32
-51
-34
-33
-49
-40
-54
-50
-41
-26
-75
36
36
35
-9
-53
-36
-62
-98
-56
-5
-45
-2
-5
17
4
-49
-59
-76
-49
-26
-24
16
37
28
50
10
-4
-25
-77
-81
-75
-45
-51
-65
-72
23
18
-50
-50
-60
-4
-23
-35
-66
-20
2
22
42
-15
-36
23
25
-22
-16
-96
-71
-81
-63
-21
1
33
2
8
1
14
-15
26
65
1
-42
-49
-38
6
17
-9
19
-2
-20
-51
-34
-87
-113
-94
-81
-48
-10
37
-23
-35
47
51
53
24
-74
-95
-47
-43
-65
-69
-93
-105
-61
-74
-62
-53
-57
-96
-84
-41
-57
-44
-114
-113
-64
-57
-68
-108
-96
-103
-104
-70
-88
-80
-37
-42
-39
-62
-76
-68
-29
-47
-39
-83
-116
-39
-5
-29
-66
-119
-84
-28
-34
-51
-63
-43
-50
-67
-99
-97
-120
-123
-59
-23
-63
-59
-83
-108
-112
-126
-77
-98
-118
-97
-37
-44
-76
-41
-54
-87
-60
-58
-15
-55
-21
-6
-71
-62
-46
-31
-66
-54
-66
-87
-89
-92
-97
-21
-47
-52
-136
-179
-100
-127
-84
-71
-92
-73
-50
-43
-82
-90
-62
-87
-67
-95
-168
-169
-156
-91
-98
-70
-112
-117
-106
-125
-93
-110
-141
-165
-116
-102
-114
-156
-173
-95
-51
-95
-127
-203
-169
-125
-138
-141
-132
-134
-138
-109
-125
-136
-122
-84
-114
-105
-104
-82
-68
-21
-51
-42
-53
-83
-48
-64
-47
-94
-60
-50
6
45
13
-46
-58
-45
-18
3
-76
-117
-69
-36
-41
-72
-85
-106
-137
-163
-123
-60
-53
-76
-48
-41
-40
12
-32
-45
-57
-51
-81
-75
-96
-74
-20
-63
-66
-26
-31
-35
6
-42
-120
-100
-80
-49
18
15
-47
-137
-112
-72
-57
-76
-94
-138
-156
-123
-109
-40
-30
-69
-106
-113
-52
-40
-86
-140
-130
-62
-60
-29
-84
-115
-58
-99
-51
-41
-103
-87
-70
-50
-42
-42
-51
-84
-92
-61
-57
-44
-85
-149
-157
-149
-75
-93
-115
-110
-121
-94
-98
-49
-33
-24
-83
-67
-33
-36
-60
-106
-80
-16
-3
-30
-61
-92
-95
-37
-32
-62
-69
-52
-52
-82
-61
-29
-28
-6
4
9
-37
-76
-91
-80
-6
-44
-46
-94
-77
-63
-28
-22
-82
-86
-62
-53
-63
-46
-96
-94
-84
-82
-173
-126
-128
-161
-156
-110
-55
-82
-52
-25
-22
-39
-59
-64
-59
-17
3
6
-57
-115
-42
-61
-89
-141
-121
-70
-76
-90
-83
-110
-136
-113
-100
-102
-142
-114
-82
-124
-61
-79
-83
-54
-92
-118
-90
-69
-78
-60
-53
-41
-14
-48
-13
-16
-65
-63
-68
-128
-97
-71
-62
-115
-160
-96
-69
-31
-37
-41
-52
-59
-65
-90
-76
-21
-44
-41
-54
-83
-43
-41
-89
-85
-125
-84
-61
-106
-105
-98
-102
-114
-65
1
35
4
-32
-28
-35
-15
-46
-71
-51
-25
4
-60
-137
-113
-74
-81
-101
-98
-69
-78
-58
-65
-54
-52
-108
-104
-101
-94
-126
-91
-80
-162
-153
-111
-98
-90
-107
-108
-83
-51
-76
-109
-152
-135
-109
-117
-109
-109
-76
-93
-83
-105
-128
-161
-209
-210
-178
-161
-156
-181
-155
-155
-171
-126
-122
-125
-134
-135
-151
-158
-97
-79
-47
-85
-138
-100
-94
-73
-88
-136
-81
-130
-167
-169
-173
-162
-81
-9
-69
-122
-140
-130
-181
-109
-102
-124
-120
-176
-179
-116
-121
-123
-76
-96
-134
-130
-94
-110
-174
-171
-111
-94
-51
-47
-57
-68
-106
-130
-140
-118
-145
-118
-108
-68
-67
-124
-63
-97
-92
-127
-146
-136
-104
-80
-113
-85
-113
-90
-114
-161
-152
-106
-87
-136
-147
-131
-78
-63
-54
-88
-89
-57
-69
-78
-86
-74
-76
-106
-117
-122
-125
-117
-108
-102
-105
-98
-38
-44
-49
-56
-95
-117
-133
-71
-82
-64
-69
-67
-82
-57
-34
-35
-28
-115
-141
-188
-144
-130
-137
-146
-95
-43
-64
-36
-101
-109
-89
-106
-80
-47
-62
-70
-48
-65
-88
-82
-122
-122
-140
-126
-96
-93
-78
-84
5
-46
-76
-54
-77
-39
-75
-89
-91
-86
-59
-41
-46
-66
-122
-113
-68
-115
-116
-138
-130
-100
-91
-44
-55
-36
-72
-51
-20
-59
-38
-30
-24
15
-15
-48
-20
-19
-3
-49
-87
-74
-82
-91
-124
-156
-100
-29
-4
-31
-10
-4
-3
3
-11
26
65
10
-32
-73
-49
-49
-46
-16
-18
2
-23
-28
-111
-110
-77
-66
-43
-29
-13
-4
-55
-105
-123
-103
-97
-134
-148
-96
-100
-82
-27
-94
-98
-142
-173
-100
-50
-40
-51
-45
-23
-23
-29
-68
-100
-88
-41
-49
-61
-57
-40
-48
-5
-28
-71
-50
-89
-107
-65
-94
-101
-107
-85
-64
-65
-15
-47
-93
-48
-68
-64
-78
-125
-48
-23
-78
-81
-74
-87
-36
-25
-88
-72
-55
-22
-78
-37
-38
-78
-45
-80
-56
-18
-10
-30
-83
-111
-73
-32
-29
-80
-179
-175
-140
-71
-66
-132
-148
-161
-94
-78
-73
-73
-107
-152
-163
-69
-66
-55
-124
-103
-34
-54
-62
-56
-49
-56
-48
-24
-21
-61
-65
-20
-60
-64
-39
-65
-87
-102
-63
-124
-133
-116
-79
-60
-83
-52
-8
-45
-57
-56
7
30
-34
-61
-48
-85
-123
-106
-35
-54
-49
9
-22
-22
-46
22
-3
-78
-79
-62
-71
-33
-37
-80
-73
-61
-32
-36
-53
-59
-55
-10
40
-9
-81
-92
-16
-3
-14
-21
-70
-120
-122
-130
-100
-106
-94
-118
-106
-88
-62
-100
-79
-95
-106
-101
-120
-116
-144
-121
-87
-34
-96
-88
-108
-77
-74
-72
-81
-110
-69
-62
-25
6
-35
-81
45
-9
-19
8
-51
1
-2
1
-43
-81
-57
-46
-83
-31
-23
-25
1
-21
-26
-76
-114
-43
-26
-72
-75
-58
-17
-22
-12
-13
-58
-47
-67
-47
-54
3
67
30
4
-20
-70
-99
-36
23
-22
-21
-21
-40
-30
-10
-2
12
19
27
10
38
54
-14
-32
4
-30
-23
0
-7
27
67
113
84
65
62
77
66
16
-52
-43
-19
44
3
-21
37
65
95
84
59
44
76
88
97
88
45
44
19
21
80
18
55
105
146
104
48
67
28
42
116
143
113
65
28
3
54
111
87
92
94
63
70
68
52
-9
-43
3
54
92
79
44
14
3
75
73
68
82
74
114
89
56
46
-48
22
98
108
97
54
24
43
43
10
29
30
58
61
58
88
75
57
-18
40
108
66
35
14
77
108
64
85
90
36
57
85
76
61
62
42
49
32
43
71
76
105
88
65
50
82
39
32
28
-18
-28
-29
13
70
65
79
55
49
45
63
91
64
-1
-13
26
4
-34
-76
-88
-50
-13
-35
-24
-18
12
19
50
46
-9
-12
20
44
73
41
3
-29
-30
0
74
89
43
-16
-60
-12
-21
27
64
77
69
66
90
87
72
39
-24
-28
-49
-56
-10
-77
-19
10
51
54
12
25
42
57
64
27
75
30
2
-19
-61
-35
-34
-103
-74
-24
-37
-31
1
23
36
30
-5
16
20
-11
-34
-12
5
7
-10
5
8
-11
14
40
49
71
11
3
-19
-81
-21
15
80
85
39
6
-45
-29
16
0
-37
-7
-27
-32
-58
-72
-78
-67
-21
-45
-72
-83
-65
-25
-1
-19
-34
21
10
68
79
54
48
49
71
12
-7
-7
-6
-5
-47
36
-20
-63
-11
-20
22
8
20
-20
-45
1
7
-38
-1
-7
16
33
1
3
-37
-46
-44
-57
-36
-33
-13
-8
-27
16
90
59
9
50
63
40
6
-23
-8
13
3
-2
-7
-7
28
69
-4
11
-12
-18
-1
-14
-4
-31
9
0
52
68
59
-10
-16
-6
-57
-4
20
10
-1
17
26
-5
12
20
-17
-7
-43
-7
-10
46
62
106
94
88
133
128
96
11
82
74
49
72
57
36
103
117
75
18
3
54
47
83
55
62
68
91
85
64
73
22
76
95
90
48
46
52
57
53
27
42
3
36
77
41
64
51
-8
12
63
120
29
15
17
25
89
82
80
95
110
113
143
72
72
57
46
128
140
139
119
133
114
117
110
96
114
118
87
85
51
88
153
144
111
136
135
77
66
70
92
139
148
97
64
72
172
186
173
77
5
65
100
137
40
25
51
52
135
154
105
62
79
133
122
85
12
51
73
60
69
36
76
67
36
83
73
90
136
145
126
101
99
51
14
9
43
61
19
35
23
31
12
30
62
57
83
58
92
89
97
60
59
57
5
20
58
56
56
55
22
20
50
82
97
68
31
29
68
102
110
91
81
93
150
159
124
79
24
22
39
53
93
74
0
-70
-66
-41
32
89
50
56
35
83
109
73
68
6
55
67
60
52
24
65
77
103
119
121
57
90
79
77
122
109
114
89
78
68
66
54
42
65
65
32
20
14
48
48
-10
21
59
98
64
46
43
35
66
17
61
63
98
39
5
62
41
122
55
44
84
82
67
30
72
79
89
102
51
65
55
77
59
44
45
5
64
67
21
-12
-10
58
63
81
72
58
61
81
88
60
44
76
67
49
41
28
5
21
24
1
48
19
-34
-39
-33
-41
-22
-56
-32
56
27
-25
21
13
40
39
30
10
44
49
4
-16
19
77
55
12
-9
-61
-44
-18
34
36
7
-5
-8
8
18
46
23
23
1
34
15
17
52
52
53
23
-23
28
85
16
-44
-28
55
64
55
40
34
54
16
-2
-7
17
-3
7
9
6
12
11
45
15
10
31
11
4
28
18
1
-18
22
47
17
17
11
11
9
59
92
41
9
30
50
36
22
59
39
23
50
28
34
17
19
103
75
106
95
82
70
20
34
27
50
38
48
69
30
74
73
73
88
96
117
108
61
11
35
29
110
104
136
77
13
16
32
55
34
54
-14
23
93
86
58
35
-1
38
98
88
77
68
44
113
92
77
56
69
83
90
140
58
86
68
65
107
96
77
73
76
93
65
3
6
4
72
89
105
78
3
19
100
140
125
61
-4
66
128
115
94
106
140
187
178
151
126
118
116
141
97
48
73
143
153
101
69
-5
-21
62
86
86
89
96
67
64
63
80
79
65
61
67
102
118
150
97
69
51
99
141
155
134
49
47
12
5
42
52
19
31
72
16
75
28
16
36
-15
60
76
49
19
28
51
47
83
74
76
56
13
58
28
14
54
100
56
65
29
35
103
59
93
54
31
-3
11
3
-15
41
32
73
10
-13
-21
28
53
41
16
50
41
-13
68
79
54
71
79
27
56
8
40
45
33
21
38
15
-17
-10
-29
-4
-40
-13
-25
-24
5
34
50
-26
2
-8
6
24
-11
-59
-45
0
24
24
15
11
9
42
51
44
3
3
38
10
10
46
26
-18
-39
-38
6
67
22
2
36
22
26
13
54
46
47
44
44
91
120
160
142
84
82
28
36
93
42
-1
-4
-22
6
50
41
6
-15
5
-16
-54
-19
-26
-13
-49
-70
-96
-52
-19
-50
-14
-27
-53
-31
-46
-13
2
-38
-49
-42
-36
-43
-2
-34
-14
-31
12
15
6
5
-62
-25
-38
-52
-14
-2
-76
-40
-53
-16
20
-9
23
-16
13
1
25
4
-19
11
-2
24
1
-10
-52
-45
18
20
-10
-4
-1
-35
13
20
-6
-33
-77
-55
7
46
45
6
6
-27
-62
-80
-27
-5
-60
-119
-66
-17
-28
-13
-30
-61
-89
-103
-97
-52
-30
-23
-69
-66
-27
-32
-32
-57
-69
-29
-28
-34
-2
-53
-97
-72
-43
-50
-21
-12
-64
-75
-25
2
-18
-64
-147
-143
-97
-52
-22
-42
-47
-46
-91
-81
-85
-125
-108
-79
-70
-104
-64
23
-58
-73
-77
-62
-75
-77
-40
-60
-23
-16
-28
-32
11
21
-27
-26
-45
-37
-41
-45
-26
-68
-42
-54
-23
-46
-44
-30
-19
-12
-66
-33
-57
-56
-45
-3
-29
-72
-22
2
-12
-10
-24
-18
-29
-52
-60
-27
-47
-42
-26
-54
-60
-73
-40
20
48
71
35
21
48
41
14
-10
3
-19
21
9
-48
-26
-13
-14
-4
-59
-66
-77
-61
-49
-46
31
41
47
11
-33
-53
-40
-5
-13
-33
-4
-8
-21
-42
-20
16
1
9
11
-10
-1
48
4
-20
-16
2
34
23
11
14
0
-47
-20
-8
-18
-40
-14
-7
18
-3
-4
-34
-31
-18
-65
-98
-110
-55
-87
-73
-68
-97
-98
-108
-57
-85
-155
-103
-54
-18
-39
-44
-3
-6
28
50
19
-52
-35
9
6
-7
-72
-86
-87
-131
-72
-57
-69
-70
-82
-31
-23
0
-35
-76
-65
-19
-66
-56
-35
-18
29
6
-8
-21
-57
-55
-55
-17
34
19
3
-44
-41
-12
-23
-57
-82
-78
-49
-11
-6
-17
-48
-62
-82
-56
-82
-96
-136
-114
-57
-31
-22
-30
-5
16
37
63
51
40
39
9
-22
-26
18
41
18
-40
-16
-18
-28
-1
-59
-40
-30
-67
-20
-2
9
24
49
81
40
-31
-48
-84
-68
-42
-79
-62
-14
-44
-98
-35
-2
32
33
15
-6
-12
-11
-27
-25
-25
-41
-22
21
-31
-110
-78
-76
-76
-61
-68
-77
-104
-97
-84
-59
-57
-89
-58
-95
-94
-90
-126
-111
-62
-8
0
10
-31
-63
-89
-103
-53
-55
-81
-74
-121
-140
-37
-17
-87
-72
-53
-15
-2
-41
-75
-76
-70
-26
-1
-41
11
-34
-48
-3
28
23
-23
-8
-51
-60
-79
-69
-39
-92
-81
-100
-65
-66
-44
1
-9
-47
-73
-78
-79
-14
11
-81
-111
-152
-143
-85
-82
-70
-141
-161
-122
-84
-99
-61
-63
-93
-73
-12
22
-26
-2
-47
-104
-126
-107
-88
-103
-64
-85
-89
-82
-103
-48
-42
-48
-71
-49
-44
-67
-56
-81
-24
-12
-16
-74
-111
-123
-96
-123
-93
-78
-45
-80
-93
-65
-25
-7
-97
-102
-148
-47
-40
-72
-92
-92
-83
-81
-96
-79
-67
-37
-3
-39
-53
-31
-11
-45
-61
-54
-42
-23
-21
7
-26
-41
-36
-13
-29
-31
-36
-116
-117
-63
-19
-77
-62
-56
-59
-23
-16
-22
-99
-70
-50
-63
-55
-82
-69
38
32
-2
9
6
26
-1
-4
-26
-45
-23
-1
-1
-2
14
-33
-68
-84
-86
-85
-94
-108
-99
-81
-44
-5
-21
-97
-91
-39
-8
4
-5
-30
-36
-13
-45
-22
-47
1
15
14
3
8
27
1
43
27
11
-14
22
5
-9
27
41
67
71
37
-5
35
45
-24
48
28
52
49
17
18
-11
44
63
91
23
-22
-2
-12
14
44
34
41
47
76
33
34
68
52
46
-14
15
-4
7
42
46
52
-10
-36
-21
20
13
59
66
45
93
100
59
17
-26
12
23
67
50
-20
-41
-63
2
34
61
-39
-18
30
58
29
27
-7
-24
32
22
85
28
29
25
-29
4
57
75
74
-1
-15
-42
-30
-18
16
91
75
50
26
-3
40
2
-39
-1
53
121
125
124
78
50
46
-2
10
-11
-27
17
24
36
-10
2
39
53
60
52
65
23
39
8
26
61
54
75
43
21
-12
33
-6
-24
-19
-38
12
24
49
6
-47
-29
51
32
-58
-63
-37
5
63
87
35
7
-5
-6
2
-75
-36
-32
20
81
19
16
18
37
26
40
44
-6
-37
-68
-83
-67
-66
-73
-81
-51
2
17
16
-39
18
1
30
-8
-37
-64
-52
-57
-62
-1
-59
-116
-117
-80
-43
-30
-14
-41
-19
-48
-25
13
-46
-83
-73
-80
-53
23
-2
-63
-54
7
-2
-13
-16
-36
-107
-112
-98
-46
-2
-38
-40
-81
-84
-13
-33
-26
-94
-65
-26
-18
-35
-97
-54
-60
-93
-50
-60
-123
-103
-63
-38
-17
-41
-36
-105
-81
-51
-49
-97
-150
-74
-56
-71
-31
-45
-99
-126
-117
-52
-27
-19
-26
-40
-55
-17
-16
-22
-78
-114
-106
-92
-64
-101
-84
-61
-71
-49
-10
-5
-44
-86
-126
-148
-111
-53
-136
-136
-151
-120
-62
-70
-66
-100
-85
-100
-48
-62
-69
-92
-90
-79
-3
-35
-73
-145
-205
-147
-110
-141
-127
-126
-106
-41
-108
-144
-111
-132
-96
-76
-100
-95
-57
-2
-16
8
-51
-112
-146
-111
-28
-27
18
1
-42
-31
-61
-40
-33
-67
-61
-87
-118
-63
-32
15
-17
-27
1
4
29
-18
-62
-15
-35
-60
-45
-60
-56
-100
-43
-42
5
-35
-76
-54
-6
-3
-13
-67
-96
-24
-39
-22
6
28
15
0
-10
-21
-21
-48
-20
38
68
53
34
-9
2
34
62
56
20
-19
38
109
98
77
44
37
87
117
115
36
17
-36
5
89
93
28
-64
-35
-15
49
97
82
33
23
84
76
80
121
103
88
39
32
22
43
-7
-11
17
39
50
15
17
62
66
19
-5
3
2
63
63
78
67
-43
13
94
144
135
93
26
14
23
60
54
43
14
4
-14
16
24
46
22
17
6
77
151
58
43
13
-38
1
60
73
75
62
78
133
134
95
65
30
18
2
-17
34
54
-22
6
23
4
23
4
34
54
33
-2
-1
-20
-7
17
21
36
-4
-4
11
-21
-32
-23
7
-28
-14
72
59
42
-10
14
86
79
43
-8
-20
-1
76
35
17
17
27
76
72
29
-10
17
60
29
13
29
-9
44
69
21
2
-12
7
73
49
68
64
46
50
77
10
-33
-28
-38
-4
48
51
-4
-33
22
66
49
38
22
27
29
99
32
22
27
-13
10
2
36
17
36
19
37
4
-36
-24
-39
-26
-15
40
-9
3
22
54
61
35
2
-15
34
74
69
53
19
-39
-32
-27
-10
-43
-43
-64
-88
-46
-31
-9
-24
-52
-23
28
30
48
19
34
51
52
17
-26
49
89
8
-5
-43
-46
-27
-9
22
21
-3
-18
33
43
-36
-71
-25
2
24
46
1
-34
-88
-66
-21
-33
2
-54
-62
-51
-40
-5
-32
-4
-39
-57
-10
13
-8
-55
-62
-76
-14
28
58
49
-25
-30
-32
-5
42
76
50
7
-4
2
12
38
-13
-20
3
71
81
-9
2
13
33
11
41
45
55
96
43
26
32
48
87
148
109
101
63
27
18
29
105
103
117
77
27
33
41
53
27
45
38
61
99
96
100
27
47
62
62
72
76
16
12
92
127
119
85
56
40
88
47
56
8
-15
10
20
37
54
81
48
16
29
42
45
24
64
97
106
130
103
97
103
106
104
118
64
23
-16
29
53
25
36
99
77
55
83
176
177
142
78
42
58
24
98
95
73
60
-37
-59
-6
42
61
78
53
27
87
90
100
54
-5
78
98
84
119
48
15
46
123
166
100
113
130
94
101
107
92
143
150
141
80
-6
28
52
75
77
95
74
90
95
116
127
84
129
150
125
140
104
87
93
83
126
97
123
177
123
109
157
175
171
154
125
112
130
106
148
137
78
93
109
114
105
106
96
85
129
149
151
172
159
141
174
133
129
115
137
152
140
106
129
77
76
94
115
140
90
101
130
83
54
126
179
205
169
169
148
172
157
116
157
165
140
176
136
99
70
75
102
109
107
85
30
70
98
99
167
139
105
85
91
96
95
92
65
8
6
15
70
123
93
91
34
-10
30
78
61
34
21
57
30
39
71
44
18
29
70
34
52
42
54
69
64
1
-10
6
-1
60
52
80
115
144
104
58
21
7
27
34
86
73
47
53
108
101
78
45
38
52
100
109
50
48
49
64
50
48
17
-5
32
77
118
127
163
157
118
117
109
98
61
56
93
70
73
74
72
64
62
28
32
122
96
123
86
25
35
67
104
89
57
44
-8
34
106
109
34
38
14
20
60
45
117
128
134
133
74
142
143
159
148
52
96
74
75
83
77
33
22
54
120
111
88
115
111
140
150
158
128
104
117
74
70
123
79
47
61
62
105
110
76
93
53
51
71
73
67
92
87
108
183
148
119
142
116
122
130
72
73
86
110
81
69
40
15
-17
-38
48
65
50
33
28
77
133
151
137
137
97
93
103
93
94
70
79
73
99
71
67
41
104
125
101
97
36
123
132
104
50
46
99
133
135
108
47
45
104
126
164
157
116
112
111
77
68
97
89
83
111
135
186
143
155
188
158
164
158
117
113
131
115
129
147
158
115
133
149
88
118
169
93
89
91
111
194
159
105
101
91
119
127
102
42
40
128
179
177
166
134
112
59
60
79
27
25
126
151
149
84
89
114
188
161
149
173
139
159
114
166
210
196
154
190
159
153
176
148
115
120
102
83
144
178
158
162
170
141
130
174
160
115
147
140
120
115
138
110
109
128
102
145
137
142
141
181
149
157
150
166
178
112
136
129
180
168
167
166
128
177
175
119
106
80
93
89
101
159
168
113
58
64
58
93
103
63
61
52
39
133
155
127
132
149
156
85
130
89
50
76
97
117
108
88
100
116
108
141
83
94
136
142
101
75
57
152
169
145
111
62
92
79
81
107
74
97
122
79
112
90
55
97
108
153
153
153
154
171
132
75
108
73
80
84
42
103
112
121
73
44
74
65
82
108
116
101
79
105
115
75
85
114
44
28
65
19
40
104
81
97
66
88
130
138
151
87
32
51
128
126
86
73
55
115
198
154
111
85
48
49
51
71
97
89
71
80
101
88
106
103
101
90
72
61
40
54
-6
55
50
112
118
71
20
-30
13
-19
15
75
92
36
40
102
119
107
62
3
43
49
76
97
151
102
68
99
89
130
100
53
42
42
79
114
85
72
49
34
85
108
62
60
69
55
85
120
125
88
64
51
111
133
95
66
79
76
71
99
80
87
86
69
82
149
152
123
67
86
71
92
110
44
-10
-47
40
76
51
52
82
90
87
91
63
90
121
113
152
152
115
82
123
112
74
136
135
151
114
77
122
151
175
170
179
129
137
165
149
144
154
175
116
135
106
83
66
94
124
106
99
63
96
131
161
65
62
102
155
163
108
66
84
120
110
132
118
148
145
144
168
143
107
71
21
60
118
111
101
121
128
136
192
233
203
182
119
124
146
172
149
149
123
86
104
106
108
172
136
94
143
144
127
148
178
143
155
120
126
99
114
157
172
150
114
98
83
137
115
104
110
142
178
152
169
120
121
173
123
133
116
160
177
168
184
207
230
197
180
164
125
111
158
183
126
173
177
134
132
92
98
142
113
110
117
118
126
110
153
136
131
151
125
158
175
178
163
118
124
157
138
158
198
206
183
181
157
129
82
97
157
183
146
111
130
89
115
174
150
110
127
106
122
161
174
145
126
136
128
146
123
84
130
190
160
126
121
129
115
152
182
157
171
134
149
188
162
127
170
180
116
105
45
75
87
144
185
125
115
114
129
149
113
111
112
118
104
118
142
158
151
132
145
166
165
136
90
101
134
145
176
146
173
152
142
167
136
142
86
74
123
127
125
143
74
53
95
67
76
78
98
96
93
69
111
108
96
79
68
108
85
148
131
122
103
65
23
45
84
124
78
54
47
16
84
72
72
59
39
76
111
75
87
109
112
99
69
129
60
49
71
28
35
64
133
146
155
125
97
79
103
114
112
106
103
84
109
64
36
39
77
63
42
98
159
177
125
108
79
72
82
106
120
92
109
122
63
76
104
129
143
152
141
99
70
25
56
136
134
165
209
60
62
114
119
159
161
145
124
109
111
138
113
140
137
184
166
139
71
78
119
124
153
156
152
143
207
113
71
66
60
60
81
100
38
43
67
62
69
126
147
112
28
17
15
39
34
1
34
88
84
114
105
100
126
94
58
79
165
171
102
102
133
147
161
103
104
5
5
36
62
84
43
37
35
-4
26
37
23
26
22
77
131
164
135
59
41
75
103
119
63
68
105
94
110
85
43
64
50
37
33
61
112
44
22
39
8
46
70
69
106
82
104
112
96
44
33
38
-41
-29
16
26
26
31
51
12
56
42
31
41
35
59
134
148
148
164
104
116
136
118
123
72
67
52
55
170
113
125
132
175
172
184
139
89
93
113
133
141
161
172
111
38
38
26
35
32
69
77
35
11
31
56
24
15
51
-7
27
55
64
67
32
29
59
98
101
83
54
80
69
94
23
-14
27
57
76
58
65
83
111
122
77
63
106
142
147
116
85
26
40
27
19
14
-14
0
44
95
72
46
37
-13
2
38
31
46
-10
-44
-2
4
11
-14
19
1
19
72
70
10
16
23
34
55
56
82
39
59
38
-11
-12
-7
-8
-21
39
67
103
70
18
15
7
21
9
18
-23
-21
-9
4
32
47
10
-57
-64
28
17
15
3
-65
-26
-13
0
-59
-72
-10
5
41
-28
-83
-55
-24
7
34
64
-30
9
-3
25
53
36
11
-12
39
68
123
82
-4
-6
19
13
72
62
-26
-27
-3
37
71
16
-65
-54
-14
-4
-46
-58
-63
-57
-50
-9
-33
-70
-32
-35
6
-21
-76
-34
-46
-40
12
-51
-13
-55
-135
-57
19
-33
-66
-96
-88
-62
-11
-2
-46
-64
-73
-9
-37
12
-22
-102
-130
-105
-89
-143
-97
-83
-56
-38
-63
-84
-121
-55
-55
-27
-45
-59
-60
-59
-138
-144
-78
28
83
21
-18
-28
-45
-6
-33
-73
-110
-167
-140
-89
-49
-43
-88
-106
-114
-62
-13
-43
-36
-73
-36
-55
-81
-25
26
-26
-96
-124
-107
-120
-86
-102
-127
-96
-30
-71
-67
-89
-118
-68
-104
-89
-119
-106
-144
-110
-101
-134
-125
-140
-142
-94
-72
-116
-70
5
-60
-16
-12
-5
-58
-87
-140
-172
-165
-169
-69
-61
-61
-129
-101
-73
-58
-101
-179
-178
-120
-82
-83
-115
-115
-67
-71
-68
-56
-64
-67
-82
-60
-99
-98
-74
-60
-53
-26
-29
-84
-84
-54
2
25
-15
-58
-90
-62
-45
-24
-22
-72
-97
-71
-59
-79
-58
-65
-86
-74
-33
-39
-67
-92
-88
-80
-70
-53
-105
-131
-139
-92
-43
-34
-9
-23
-37
-37
-34
-26
-1
-57
-64
-57
7
-49
-88
-81
-107
-66
-77
-73
-113
-86
-44
-27
33
23
5
6
-43
-53
-49
-75
-59
-72
-49
-27
-15
-30
-45
-66
-72
-82
-70
-3
9
-33
-84
-117
-144
-45
-5
-30
-41
-97
-117
-64
-12
13
-18
-54
-91
-101
-51
-63
-72
-96
-144
-76
-75
-114
-88
-124
-120
-65
-53
-66
-153
-157
-175
-143
-121
-138
-110
-121
-108
-89
-80
-90
-75
-89
-47
-64
-43
-88
-103
-150
-148
-108
-105
-70
-113
-145
-131
-119
-99
-61
-86
-85
-88
-128
-102
-135
-136
-60
-56
-38
-58
-109
-136
-178
-160
-142
-153
-143
-88
-79
-149
-136
-96
-110
-184
-209
-174
-132
-141
-174
-176
-163
-121
-88
-122
-123
-91
-75
-55
-66
-101
-109
-88
-138
-147
-101
-83
-121
-156
-179
-168
-93
-99
-124
-171
-209
-204
-172
-153
-161
-184
-185
-164
-163
-163
-213
-182
-163
-177
-175
-169
-156
-171
-151
-154
-159
-188
-235
-199
-133
-154
-179
-156
-124
-83
-115
-160
-197
-184
-146
-134
-147
-193
-144
-127
-137
-123
-114
-166
-178
-140
-144
-146
-151
-153
-133
-152
-173
-180
-209
-159
-143
-111
-155
-157
-156
-183
-157
-168
-125
-175
-240
-277
-286
-213
-166
-201
-191
-192
-190
-203
-167
-137
-195
-203
-213
-161
-148
-133
-167
-186
-191
-156
-113
-171
-212
-235
-240
-218
-156
-127
-141
-195
-198
-210
-223
-238
-235
-190
-162
-123
-141
-151
-213
-222
-205
-200
-206
-189
-198
-251
-198
-173
-185
-230
-215
-188
-175
-203
-186
-166
-152
-159
-152
-118
-158
-177
-166
-193
-222
-206
-137
-106
-145
-156
-163
-188
-177
-179
-206
-222
-216
-139
-177
-158
-173
-225
-229
-193
-211
-237
-246
-237
-152
-159
-176
-208
-176
-191
-173
-114
-188
-231
-217
-229
-175
-134
-180
-204
-175
-182
-176
-160
-139
-200
-180
-124
-92
-138
-187
-163
-224
-111
-126
-211
-196
-154
-92
-98
-124
-170
-141
-129
-102
-100
-171
-157
-146
-191
-167
-161
-156
-186
-171
-142
-90
-59
-92
-108
-117
-146
-122
-98
-142
-93
-164
-153
-108
-150
-166
-152
-92
-101
-99
-119
-172
-192
-126
-139
-124
-140
-160
-140
-138
-85
-87
-107
-132
-126
-82
-66
-73
-81
-92
-79
-53
-57
-95
-146
-123
-76
-116
-193
-210
-167
-146
-121
-125
-166
-196
-155
-155
-140
-171
-195
-187
-117
-68
-83
-70
-53
-53
-63
-84
-125
-132
-115
-83
-101
-115
-130
-116
-89
-95
-71
-90
-84
-71
-127
-156
-135
-80
-118
-106
-80
-128
-84
-120
-123
-99
-111
-111
-130
-96
-78
-79
-86
-57
-23
-74
-87
-57
-57
-78
-127
-103
-140
-158
-121
-142
-96
-101
-146
-162
-131
-143
-163
-140
-166
-114
-127
-114
-91
-128
-109
-111
-94
-40
-88
-82
-109
-88
-12
-70
-99
-135
-124
-119
-113
-39
-29
-62
-66
-115
-63
-29
-44
-49
-112
-109
-109
-72
-44
-18
-66
-107
-56
-42
-75
-73
-76
-50
-12
-1
-42
-60
-23
-51
-56
-28
-34
-52
-9
-18
-62
-31
-49
-18
-13
-79
-75
-49
-3
-76
-136
-133
-104
-70
-75
-61
-92
-100
-50
-52
-29
-19
-47
-29
-52
-12
-8
-26
-22
-12
-63
-62
-58
-103
-86
-62
-113
-119
-22
-28
-31
-6
-27
-54
-86
-142
-152
-144
-117
-90
-82
-102
-105
-58
-44
-67
-45
-84
-101
-63
-14
-34
-64
-76
-73
-116
-154
-140
-130
-133
-96
-79
-75
-155
-182
-143
-130
-96
-105
-98
-58
-61
-81
-140
-116
-107
-144
-175
-181
-130
-128
-115
-131
-141
-156
-110
-88
-118
-102
-123
-159
-93
-48
-46
-80
-108
-162
-209
-189
-157
-125
-123
-170
-129
-131
-108
-63
-74
-40
-106
-137
-85
-44
10
-27
-70
-74
-26
-97
-105
-71
-86
-36
-31
-47
-68
-48
22
56
54
6
-35
-41
-80
-82
-77
-70
-36
-75
-40
-32
-55
-16
-27
-7
42
42
7
48
18
-5
36
28
-6
1
38
0
-54
-61
-108
-104
-79
-66
-17
4
73
76
30
1
-6
-24
-45
-26
-40
-26
-8
-29
-59
-69
-28
17
40
15
44
15
-17
23
-3
-14
-31
-56
-22
16
29
41
68
102
57
29
27
12
17
-14
-6
7
1
19
76
75
-10
-39
-6
62
97
48
23
-47
-41
11
23
33
14
58
9
8
25
48
112
90
40
-32
-46
-31
-19
-59
-99
-90
-17
-4
29
30
28
41
56
41
-13
5
-1
-3
28
-68
-35
6
11
29
-18
-46
-38
-22
10
30
-26
-50
-25
65
79
-8
-4
23
37
25
-9
-23
-30
85
85
67
88
52
31
14
-22
15
45
7
-27
2
48
74
24
6
53
21
67
115
69
18
-8
19
45
84
91
46
-5
11
54
60
48
48
30
26
76
50
72
81
59
55
78
83
67
50
57
19
-5
56
89
91
107
67
37
35
44
111
135
79
73
90
91
57
10
22
16
51
89
58
84
92
53
49
31
75
59
5
-5
16
38
56
125
90
20
33
17
9
44
41
59
39
-5
18
37
18
16
62
78
87
84
42
59
10
15
31
67
43
-31
-31
4
44
-3
9
-20
-25
-28
15
29
-16
-8
2
95
48
34
50
0
-18
10
80
59
44
34
46
26
30
-27
4
34
25
39
49
41
-13
-2
12
41
27
9
-27
-18
-33
-27
-41
12
44
36
43
6
-18
-13
-3
10
83
92
53
48
55
85
71
94
68
39
36
38
60
19
22
38
4
33
70
41
27
-44
39
46
51
67
26
19
37
51
56
3
-16
22
73
-3
-9
-31
-18
16
10
-15
-28
49
-5
-63
-46
-71
-42
3
-52
-68
-81
-72
-57
-20
-63
-13
-35
34
37
35
-3
-9
29
-6
-6
-80
-59
-81
-53
-32
-27
-65
16
36
27
0
-59
-66
-51
-20
-29
-32
-64
-89
-88
-39
-59
-87
-54
-48
-16
31
14
49
76
0
-103
-121
-45
3
16
10
-55
-43
-39
-39
-57
-106
-113
-134
-79
-33
-43
-44
-70
-66
-1
14
-35
-12
-2
3
33
32
-2
-19
-8
22
32
43
7
-43
-51
-18
-21
49
47
26
2
-12
68
46
31
-8
-50
-45
-67
-38
9
-26
-44
26
33
2
-36
-41
-5
15
29
25
27
-27
-43
-54
-12
3
-21
-56
-84
-32
-27
-43
-87
-112
-91
-87
-21
-34
-20
-14
-64
-35
-47
-65
-51
-52
-82
-69
-7
-9
-39
-77
-44
15
-29
30
-40
-52
-26
-40
-52
-63
-36
-48
-32
-45
-56
-61
-42
-29
-38
-33
-10
1
-3
-101
-101
-108
-124
-60
-55
-79
-117
-125
-108
-68
-24
-59
-36
-44
27
85
52
6
-24
-56
-24
65
21
-12
-19
-9
-47
-60
-43
4
-16
-22
-28
-22
-29
-28
-59
-55
-40
-59
-51
-76
-72
-86
-127
-117
-95
-85
-80
-49
-46
-14
-37
-76
-72
-23
-36
-6
-31
-45
-53
-52
-21
-40
-53
-86
-34
-10
3
-13
-87
-37
25
6
-11
-15
-13
-27
-5
17
-68
-83
-42
-48
-39
-102
-113
-76
6
11
8
-35
-30
-36
-18
2
-46
-51
-54
-64
-101
-67
-69
-110
-95
-85
-86
-108
-137
-42
-41
-74
-34
-63
-94
-85
-43
-81
-65
-62
-72
-71
-108
-105
-64
-47
-129
-122
-103
-71
-66
-80
-87
-93
-111
-85
-74
-112
-143
-184
-174
-161
-134
-135
-121
-92
-87
-59
-77
-122
-152
-111
-106
-40
-55
-102
-87
-83
-49
-89
-102
-104
-104
-90
-74
-112
-116
-159
-119
-129
-152
-134
-130
-130
-120
-110
-128
-104
-121
-136
-168
-132
-141
-167
-130
-193
-127
-138
-128
-103
-81
-77
-54
-49
-104
-109
-111
-79
-59
-128
-151
-160
-167
-148
-162
-167
-165
-192
-197
-238
-251
-222
-227
-235
-262
-235
-149
-119
-140
-154
-228
-227
-203
-174
-139
-142
-173
-152
-174
-198
-173
-152
-151
-173
-178
-156
-177
-196
-180
-205
-145
-187
-169
-136
-147
-164
-157
-159
-165
-160
-184
-121
-171
-108
-82
-118
-105
-138
-127
-134
-163
-247
-238
-178
-126
-106
-169
-169
-162
-181
-193
-194
-132
-135
-135
-120
-115
-88
-93
-127
-150
-174
-159
-111
-78
-68
-103
-99
-104
-105
-107
-86
-32
-24
-50
-116
-149
-125
-100
-102
-152
-168
-158
-135
-107
-112
-107
-104
-106
-130
-105
-123
-152
-93
-88
-93
-103
-142
-166
-126
-125
-138
-126
-144
-127
-118
-110
-77
-129
-120
-88
-104
-76
-83
-120
-162
-160
-101
-102
-86
-119
-113
-96
-128
-47
-27
-15
-71
-146
-185
-176
-74
-75
-108
-118
-142
-89
-50
-77
-125
-127
-125
-103
-40
-87
-97
-66
-52
-81
-92
-34
-17
-18
-49
-122
-84
-49
13
20
18
44
-12
-46
-69
-56
-46
-71
-75
-47
-77
-32
-26
-57
-61
-90
-22
-37
-34
-34
-36
-9
-12
15
-6
-21
-41
-88
-87
-50
34
114
69
8
2
-3
-2
-18
-58
-100
-97
-74
-27
-97
-136
-94
-101
-79
-64
-30
0
-31
-24
-32
-26
-45
-67
15
-1
-8
-15
-65
-28
41
59
20
-45
-37
-53
-73
-47
12
-18
-34
-25
-62
-14
-17
-19
18
16
-35
-29
6
49
71
32
-10
-48
-61
-40
-42
-41
-84
-146
-115
-157
-120
-94
-110
-85
-61
-25
-8
-2
-24
-38
-35
-19
32
-28
-76
-120
-92
-75
-106
-108
-99
-66
-28
-40
-66
-46
-104
-113
-38
16
-38
-67
-42
-90
-90
-81
-53
-68
-118
-122
-82
-6
-50
-44
-35
15
10
27
44
-9
-2
-32
-34
-49
-32
-35
-95
-96
-82
-72
-41
-18
-47
-76
-100
-93
-101
-77
-20
-69
-87
-60
-71
-79
-114
-164
-161
-126
-118
-129
-160
-189
-157
-171
-198
-247
-215
-188
-161
-137
-191
-129
-70
-77
-75
-86
-79
-136
-170
-167
-102
-66
-110
-81
-110
-133
-114
-142
-127
-140
-120
-92
-87
-58
-119
-105
-47
-28
-111
-164
-211
-220
-142
-110
-93
-97
-84
-64
-99
-70
-91
-130
-141
-133
-77
-116
-99
-56
-74
-93
-119
-194
-188
-144
-159
-201
-214
-184
-202
-155
-183
-196
-237
-252
-212
-139
-187
-195
-84
-103
-94
-126
-114
-176
-169
-142
-201
-186
-235
-192
-222
-196
-115
-111
-118
-111
-134
-156
-129
-175
-179
-178
-154
-172
-161
-196
-215
-222
-233
-140
-133
-132
-158
-184
-170
-183
-110
-70
-129
-174
-183
-190
-141
-177
-165
-87
-84
-96
-142
-141
-163
-137
-159
-169
-187
-140
-129
-137
-111
-193
-185
-172
-148
-188
-170
-133
-177
-140
-138
-139
-77
-42
-74
-114
-125
-131
-147
-152
-142
-134
-125
-141
-115
-96
-64
-71
-108
-122
-99
-79
-51
-66
-146
-177
-135
-105
-82
-85
-131
-192
-121
-69
-75
-47
-75
-91
-72
-89
-146
-98
-97
-161
-166
-167
-166
-163
-126
-93
-45
-42
-51
-50
-82
-105
-112
-111
-54
-29
-27
-44
-77
-63
-147
-155
-125
-112
-57
-38
-34
-90
-22
-3
4
24
-4
-75
-145
-103
-92
-54
-53
-50
-107
-131
-64
-51
8
-30
-74
-102
-44
-17
-16
-2
-53
-44
21
-19
-25
-46
-113
-39
-78
-24
-29
-65
-9
0
13
2
-18
-35
-61
-28
34
37
35
-9
-30
-20
28
28
43
30
-23
24
42
47
-26
-48
7
40
30
13
-2
-50
-39
-45
-12
2
-12
60
108
122
62
52
-4
-12
11
-87
-73
-55
-44
-61
-58
4
35
27
35
1
-1
47
112
103
51
52
14
33
56
87
82
34
-23
2
45
38
24
39
51
33
17
90
125
83
93
41
-17
-24
-79
-69
-6
43
84
67
64
49
40
10
-3
-16
27
59
13
42
33
25
36
54
79
85
70
-12
-94
-125
-35
-12
-11
9
-40
-105
-80
-56
-61
-45
-60
-31
-6
4
-8
35
-48
-45
-24
22
26
32
54
11
36
-8
40
78
54
46
-14
-22
-66
-21
41
39
-54
-78
-68
-67
-24
-31
-104
-93
-57
-39
-31
-90
-27
-53
-9
-27
-15
-18
-41
5
-47
14
13
35
25
-58
-55
-49
18
9
-14
-2
-49
-58
-54
-40
12
20
5
-23
-53
-31
-17
9
11
-3
18
39
29
18
48
27
19
-29
-27
9
14
40
54
1
1
65
36
51
-19
-38
-40
-15
-26
-27
-45
-76
-34
15
27
-21
-60
-7
61
-24
26
111
72
77
45
42
63
58
59
16
53
49
85
107
62
-21
-31
-1
60
63
16
-5
23
54
22
48
36
17
-21
29
-30
-47
-32
-8
-1
-16
-1
3
-24
-98
-97
-27
53
20
-47
-72
-39
22
64
29
30
3
-23
3
18
80
86
80
27
61
70
42
47
73
27
-13
6
37
101
36
47
50
8
24
31
57
90
113
82
62
58
32
-16
25
12
-50
-40
-3
-19
12
23
15
25
-2
55
5
31
27
21
4
-13
48
50
66
11
-50
-13
38
141
109
82
56
32
48
68
83
89
84
67
103
120
57
51
44
7
69
51
77
94
94
135
117
115
53
34
15
73
90
131
130
83
54
84
111
105
73
67
124
137
150
81
107
100
107
147
101
99
45
26
63
22
48
147
165
173
119
69
133
118
147
146
82
36
43
96
168
147
125
109
115
143
134
106
83
31
53
101
142
119
88
81
115
128
105
102
108
136
145
94
40
92
83
144
176
149
