-20
-48
-73
-38
-31
-10
9
-5
-28
-5
-46
-19
-24
-50
-42
-42
4
-53
-65
-56
-110
-69
-68
-61
-21
-41
-32
-29
-13
-1
30
11
15
0
-35
-42
4
-17
-2
22
-13
-12
-33
-39
-31
-15
-62
-27
-64
-26
-42
-56
-12
-32
-44
-58
-22
-15
9
-16
3
1
-7
19
-41
-5
-7
-25
-21
-36
-30
-11
-15
1
20
9
-32
-11
1
-12
21
23
13
38
24
28
60
37
39
27
21
-22
-46
3
-4
13
40
18
7
44
23
11
11
49
30
-22
28
41
10
15
-25
24
4
20
26
1
18
14
43
79
36
16
-7
14
14
0
-10
16
45
-18
7
0
-6
-8
-43
-24
-18
-35
-21
-31
-8
-15
-19
-2
-19
-34
-33
-18
-44
-19
-71
-7
-13
-34
-18
-12
-21
-34
-58
-30
-26
-52
-8
-22
-4
28
-20
-20
-42
-47
-14
-14
-38
0
26
-8
52
32
53
42
42
36
31
23
23
7
46
81
36
56
34
13
59
46
41
84
32
40
37
19
18
43
0
33
65
19
21
47
7
38
65
20
12
17
33
64
44
-13
60
59
41
35
44
29
35
57
1
-21
-15
9
-12
-5
13
27
-9
-4
31
-18
-4
-20
15
12
1
12
-26
-53
-67
-18
-3
26
22
0
4
32
-36
-2
-4
10
48
-10
-3
-22
-25
-46
-57
-71
-41
-25
-52
-69
-78
-18
-24
-104
-100
-48
-40
-22
-15
-37
-56
-15
-32
-26
-21
-49
-34
-55
-2
-57
-68
-54
-71
-33
-11
-4
-64
-87
-76
-12
-31
-6
-23
-53
-30
-6
-44
-6
-59
-17
40
-29
20
-15
-36
-32
-19
-44
-61
-35
14
-22
-27
-82
-83
-43
-16
-43
-52
-19
-61
-46
-49
-37
-46
-54
-58
-59
-77
-41
-62
-47
-16
-68
-71
-66
-54
-67
-50
-45
-4
-50
-95
-96
-72
-56
-102
-47
-35
-46
-38
-34
-30
-56
-25
-25
-48
-81
-51
-57
-50
-79
-66
8
-36
-55
-26
-50
-75
-71
-96
-92
-84
-63
-106
-101
-82
-84
-75
-128
-100
-96
-101
-72
-80
-89
-70
-95
-102
-75
-83
-74
-64
-57
-70
-91
-71
-93
-99
-86
-124
-113
-109
-83
-103
-98
-91
-97
-102
-108
-68
-73
-79
-101
-82
-58
-84
-67
-59
-59
-60
-28
-24
-8
-50
-22
-27
-39
-41
-28
12
-38
9
-23
18
-15
-19
-1
-7
0
-27
-13
-30
-38
-64
-20
-21
-19
9
8
7
12
19
22
-7
-24
-7
-23
-2
-32
-17
-29
-25
-21
-72
-39
-36
-39
-53
-56
-17
14
7
22
79
56
41
36
-14
-35
-18
21
31
-7
6
58
100
64
52
75
88
100
58
62
40
57
40
18
29
21
16
11
25
39
-9
32
0
-7
22
-9
1
20
16
12
13
-4
2
-8
52
52
52
44
32
34
19
1
-44
-18
19
45
12
-13
37
19
37
44
49
75
35
70
52
25
15
50
16
24
83
62
38
68
48
59
74
56
41
32
13
39
37
31
26
53
43
17
60
89
87
48
57
22
53
67
35
63
32
66
59
48
84
40
61
83
47
63
58
27
59
38
93
85
79
43
55
34
-1
22
16
38
61
39
27
65
11
19
51
30
37
28
44
45
45
23
4
21
24
60
11
26
51
28
91
88
65
69
48
57
48
29
13
1
-6
21
14
-12
3
31
5
2
22
39
65
56
38
55
64
50
60
61
91
90
57
36
34
52
39
34
-4
56
36
13
59
57
55
50
68
76
71
46
101
55
117
93
67
75
85
68
97
60
35
94
27
67
94
45
63
28
55
75
51
49
31
97
75
78
89
46
51
41
44
35
46
39
60
57
43
69
13
-4
30
13
-24
-8
40
32
-10
63
13
33
29
-17
21
-20
7
12
31
25
63
71
11
12
20
11
2
28
36
-32
28
18
-13
2
39
33
-16
58
65
68
39
-2
0
-12
-9
-39
-42
-20
14
46
39
35
16
6
32
7
-21
-42
-9
6
-20
15
26
-32
-40
-19
-56
-44
-54
-46
-44
-89
-66
-95
-78
-80
-70
-70
-61
-78
-69
-49
-94
-59
-48
-63
-100
-89
-47
-101
-115
-75
-99
-92
-58
-28
-6
-11
-30
-29
-10
-21
-60
-81
-77
-98
-67
-55
-44
-60
-71
-40
-58
-6
-15
-49
-29
-13
-29
-61
-35
9
-8
-3
-6
10
5
-26
-25
-10
9
-17
-9
-11
-35
6
-6
-55
-21
4
-11
-37
-31
-18
-64
-71
-63
-89
-63
-14
18
16
-38
-46
-13
-62
-40
-23
-6
-22
-22
-27
22
51
8
19
8
-11
22
62
18
23
-20
-26
-2
-2
-11
4
19
-5
-17
-37
-34
-30
-25
-16
-53
-15
-51
-28
-18
-44
-33
-41
-67
-41
-56
-41
6
-9
4
11
14
-16
-20
-25
-21
0
45
25
-44
-19
-36
-39
-13
-7
14
-26
-16
9
-1
23
26
32
1
37
60
27
20
8
50
16
59
0
-25
-16
17
27
-20
16
32
6
-12
30
-4
-9
-1
62
57
28
16
22
-11
33
38
42
42
42
11
38
61
10
20
43
20
32
51
65
69
20
27
51
53
42
56
26
59
59
56
70
53
68
32
18
53
98
72
35
44
68
57
6
-12
4
28
52
34
19
23
59
87
98
93
86
58
29
56
63
56
60
37
70
88
57
80
101
67
74
90
109
121
110
93
122
138
104
111
137
109
94
104
77
116
114
116
100
85
114
157
143
134
151
120
146
80
68
102
85
108
125
131
104
101
128
127
105
58
74
82
79
129
126
122
136
82
85
93
77
99
130
136
124
133
87
100
115
95
91
107
65
110
83
72
79
38
24
-2
38
34
54
44
78
50
63
97
88
44
69
90
39
34
66
87
37
44
53
103
78
86
62
81
95
71
87
74
112
114
106
101
114
86
95
99
100
95
76
54
39
51
31
43
91
76
52
53
56
58
52
61
59
88
85
96
78
85
68
76
56
52
92
97
89
92
94
80
90
63
102
98
54
37
71
91
78
38
69
72
74
88
74
76
51
69
9
19
44
56
56
61
4
13
21
-17
8
6
-3
23
-2
-24
33
-9
2
-5
4
8
5
34
20
54
30
49
-39
4
32
11
9
43
24
-12
49
39
32
29
54
25
8
18
5
7
12
18
24
17
24
29
-18
-9
6
11
18
-20
-40
-16
12
45
-14
-37
9
8
29
53
40
6
46
48
30
21
6
18
28
34
38
4
-4
-19
5
34
31
11
32
5
-30
2
19
48
89
72
80
72
64
44
37
74
75
69
38
65
68
3
53
73
67
78
71
45
67
38
20
47
65
76
59
54
49
69
30
38
43
35
12
84
54
76
3
68
80
65
106
82
77
96
92
79
56
37
107
86
125
59
102
88
70
83
59
125
72
90
101
122
130
102
156
110
124
153
130
143
127
133
155
87
86
124
114
129
95
111
92
62
116
132
124
121
126
130
111
134
111
135
109
102
130
105
108
108
117
146
142
125
78
73
103
105
139
157
139
136
151
148
144
174
153
143
164
164
193
194
209
158
182
199
106
112
112
161
148
150
142
151
157
162
158
150
171
124
131
135
80
101
125
106
146
121
95
128
170
124
118
118
96
113
101
61
98
126
66
112
103
78
89
75
101
70
96
132
75
92
134
131
155
139
158
171
141
151
152
145
159
114
157
127
148
149
116
115
115
116
120
113
93
104
114
120
108
117
103
112
122
98
89
91
107
132
124
120
74
87
111
94
129
107
117
93
62
82
47
50
71
56
60
39
22
44
27
-9
6
27
7
17
-5
-27
21
-13
-11
43
27
39
13
0
38
27
56
16
54
48
29
68
39
25
0
13
-3
88
47
7
40
9
-30
-45
-9
7
-26
-20
-9
-37
-15
-5
-15
14
-11
2
-2
-1
-14
-23
2
10
-11
-46
0
6
6
45
30
3
-3
-3
20
32
40
7
11
33
1
-37
-14
12
-12
20
12
-4
-15
-7
-7
8
57
22
8
13
-8
18
-15
3
-30
-30
-17
36
65
79
46
30
32
7
66
42
11
35
48
55
84
71
56
73
45
42
56
33
-6
11
36
35
33
10
17
47
39
54
10
1
-34
-30
-18
-68
-54
-36
-25
-78
-44
-25
-34
-48
-23
-9
-46
-71
-85
-54
-121
-62
-42
-75
-69
-99
-40
-71
-70
-74
-132
-147
-131
-101
-94
-84
-77
-77
-62
-101
-48
-64
-39
-69
-83
-48
-45
-18
-3
30
9
-6
-1
-12
-34
-31
0
13
7
45
2
0
12
-17
-23
21
32
-1
1
0
15
-7
37
52
-10
-16
15
15
-13
2
-19
-1
-4
8
21
16
47
10
27
89
59
48
95
51
70
57
27
36
64
103
63
72
46
66
69
56
43
19
63
44
28
78
70
29
31
69
91
75
60
40
54
60
58
82
85
80
72
67
52
57
56
56
45
31
25
17
9
2
10
-18
-16
-33
-27
2
-12
21
-1
1
21
12
-33
-14
-15
1
2
16
41
14
32
18
40
26
28
21
1
-19
-27
-46
-71
-68
-59
5
16
-7
-5
1
-33
1
-3
-23
-7
4
-8
-43
-30
-59
-11
-77
-22
-79
-66
-39
-88
-43
-70
-53
-49
-37
-58
-29
-92
-89
-78
-52
-75
-42
-6
-15
-18
3
50
3
33
43
5
27
61
19
40
21
-48
-21
6
-9
-20
-14
-35
-27
6
25
11
28
41
4
17
30
-6
-15
10
22
-8
9
11
-29
-24
-12
14
15
-32
-23
-10
-38
-71
3
0
-61
-1
-36
-46
24
-4
-6
5
-54
-28
-5
-39
-29
-1
-64
-30
-28
-70
-7
-53
-36
-14
-52
-56
-72
-91
-91
-70
-22
-34
-45
-95
-95
-116
-137
-125
-138
-129
-96
-80
-82
-79
-128
-92
-109
-121
-124
-156
-103
-111
-122
-114
-120
-93
-139
-148
-129
-174
-170
-150
-180
-165
-169
-165
-170
-159
-152
-152
-181
-176
-162
-118
-134
-126
-162
-154
-131
-173
-129
-127
-118
-87
-96
-69
-35
-66
-33
-29
-61
-50
24
-2
-9
-8
1
30
6
-7
18
-39
-42
-39
-72
-57
-43
7
-62
-35
25
1
0
14
-19
32
7
10
-2
-4
0
-27
21
14
40
-1
20
7
19
16
37
10
-8
5
-38
-42
-13
-45
-47
23
2
-4
-41
-55
-27
-36
-66
-49
-74
-53
-27
-32
-54
-51
-11
-37
-56
-51
-32
-21
23
-8
-54
-25
-57
-60
-59
-85
-78
-40
10
8
-36
-77
-71
-65
-119
-105
-117
-121
-86
-30
-34
-81
-67
-39
-23
-21
-82
-32
-14
-43
13
-18
-21
21
0
25
2
4
15
27
77
46
2
-31
-45
-37
6
7
-18
-1
21
-7
-9
-1
5
10
15
24
-23
-29
-15
17
19
-16
-2
-27
-3
-27
-6
25
-7
-29
-37
-44
-44
-35
-34
-42
-42
-4
0
-1
5
-18
-5
2
-44
-16
-18
-19
29
18
18
24
25
14
6
-52
-30
0
-1
-22
15
-16
-74
26
-14
-22
-16
-34
-31
-67
-26
-51
-15
5
-8
-53
-31
-2
-38
-47
-60
-79
-77
-68
-106
-85
-89
-83
-90
-91
-111
-89
-100
-87
-92
-106
-71
-83
-96
-86
-116
-110
-95
-108
-126
-124
-139
-128
-99
-144
-146
-127
-109
-130
-170
-184
-175
-191
-187
-169
-186
-169
-178
-154
-129
-168
-159
-153
-182
-167
-158
-178
-205
-190
-178
-157
-189
-131
-114
-138
-105
-84
-118
-136
-97
-114
-123
-163
-159
-108
-161
-135
-132
-176
-130
-153
-97
-80
-82
-100
-84
-91
-124
-101
-86
-95
-136
-113
-117
-127
-126
-148
-132
-132
-149
-150
-145
-134
-157
-149
-156
-146
-120
-154
-129
-144
-153
-152
-152
-137
-158
-150
-134
-153
-167
-122
-121
-93
-101
-117
-108
-87
-114
-102
-76
-101
-76
-82
-33
-26
-74
-64
-64
-30
-60
-80
-53
-26
4
-34
-58
-43
-23
-52
-32
-47
-28
-36
-44
-70
-112
-70
-71
-82
-42
-70
-51
-60
-74
-66
-77
-2
-27
-16
-21
-44
-34
-54
-43
-38
-62
-46
-2
-45
-52
-27
-69
-65
-59
-56
-61
-59
-37
-60
-55
-69
-79
-86
-93
-101
-92
-86
-70
-104
-113
-123
-148
-109
-67
-121
-128
-98
-116
-138
-116
-82
-123
-130
-128
-148
-132
-111
-124
-128
-101
-115
-118
-131
-124
-117
-128
-117
-116
-75
-79
-70
-130
-140
-94
-190
-144
-156
-147
-99
-84
-79
-54
-67
-72
-77
-66
-93
-120
-79
-123
-72
-76
-72
-118
-119
-49
-77
-30
-28
-66
-42
-41
-30
-30
-53
17
25
22
31
54
83
72
47
65
60
36
42
-35
12
34
-12
55
29
72
87
88
84
60
71
68
24
32
70
71
64
85
53
62
83
59
77
69
55
102
93
65
62
27
62
58
31
32
75
32
28
15
19
9
-20
3
-12
10
-8
-6
-10
-62
-52
-29
-45
-40
17
-15
-15
-1
-1
16
-10
-53
-48
-18
-25
-68
-28
-1
-12
-38
-32
-14
-33
-56
-46
-46
-27
-39
-55
-32
-31
-51
-65
-107
-86
-32
-39
-42
-31
-28
-61
-20
-10
-2
-35
-70
-97
-81
-65
-72
-91
-50
-55
-68
-76
-46
-41
-19
-42
-78
-98
-95
-79
-48
-78
-75
-42
-56
-31
-64
-61
-73
-103
-66
-50
-48
-69
-81
-85
-59
-80
-77
-22
-84
-73
-108
-67
-106
-85
-49
-106
-94
-124
-82
-88
-84
-107
-86
-87
-69
-56
-65
-28
-83
-129
-112
-71
-100
-64
-39
-58
-39
-16
-7
-12
5
-21
-64
-33
-27
-19
-8
-50
-37
-37
-46
-48
-64
-62
-36
-17
-45
-88
-77
-80
-106
-107
-65
-65
-21
-25
-38
-52
-78
-53
-65
-100
-110
-84
-88
-49
-64
-49
-55
-52
-45
-53
-66
-74
-49
-86
-95
-99
-99
-75
-86
-86
-73
-111
-117
-93
-98
-54
-90
-71
-102
-96
-91
-88
-78
-83
-81
-67
-77
-129
-70
-97
-81
-97
-74
-80
-76
-44
-37
-68
-61
-82
-48
-40
-82
-73
-85
-58
-84
-73
-60
-59
-42
-39
-70
-19
-37
-50
-45
-83
-73
-72
-43
-49
-28
-60
-58
-70
-83
-81
-61
-62
-79
-52
-88
-83
-96
-52
-31
-80
-41
-60
-55
-77
-76
-53
-56
-24
-42
-35
-58
-76
-38
-47
-34
-20
-61
-43
-32
-23
-26
25
-7
5
-3
5
2
-3
17
26
15
-25
-41
-64
-40
-82
-38
-35
-24
-9
-40
-56
-64
-45
-21
-50
-50
-46
-61
-23
-50
6
14
-27
-26
-27
-46
-15
-25
-36
-54
-34
5
-34
-30
-1
29
-6
-3
-14
-6
0
-16
-47
-43
-21
10
-31
-5
-5
-12
-18
-15
-9
13
-3
27
18
34
69
31
47
43
80
45
52
64
37
57
95
55
44
122
93
132
109
121
105
62
99
105
92
33
89
124
95
79
94
87
70
97
85
98
92
88
85
92
66
111
97
88
73
42
62
71
97
100
101
92
95
95
97
91
81
82
100
101
83
123
122
125
98
110
134
139
139
126
100
131
127
88
134
136
153
109
88
141
110
130
90
74
60
78
87
71
82
19
34
-1
37
21
18
39
20
72
43
26
-7
-16
-12
33
30
-14
8
53
47
39
43
38
40
45
47
36
7
11
-31
-7
-12
-12
32
26
41
21
-24
-22
-25
3
25
5
37
54
31
65
78
0
32
-1
8
-28
-47
-1
-22
-52
-42
-18
-19
-20
-22
28
28
-7
13
14
15
42
45
48
15
10
85
51
0
35
-4
-18
21
36
56
87
40
65
16
2
15
-6
-13
5
18
20
34
23
28
-3
53
57
26
38
11
29
33
49
83
90
56
86
67
71
118
74
109
69
60
87
66
76
117
85
61
59
82
97
120
107
103
116
104
111
85
118
101
83
6
18
38
25
18
41
54
19
46
39
38
15
61
39
22
47
-3
27
-6
28
60
-2
34
4
15
-1
-8
29
24
11
-13
26
2
37
53
10
30
30
62
42
-31
-4
-27
-21
-1
-26
33
46
-7
35
24
27
24
-5
58
7
22
51
56
69
92
44
-12
82
82
50
24
18
-5
7
-9
-10
6
57
15
34
55
19
-3
8
2
15
42
0
-15
4
25
3
30
-15
-8
-34
-49
-4
-25
-45
-12
-19
-12
-39
-24
-19
-39
-19
-57
-26
14
-42
28
-1
-38
-15
-16
13
5
10
-6
-5
13
20
12
-17
-52
-4
-19
-52
-10
32
60
45
73
82
-19
18
45
52
79
68
63
66
76
55
63
61
53
71
82
65
113
94
80
83
84
80
87
114
65
87
57
92
76
43
61
71
48
58
53
62
75
59
79
62
83
76
74
47
82
67
21
46
59
73
71
59
73
81
37
22
49
57
82
94
71
94
64
77
51
65
83
45
38
90
22
22
-1
12
19
-17
3
3
16
-4
2
-7
24
27
46
-1
19
2
-12
-28
-39
-18
6
7
22
42
63
50
49
87
47
68
78
51
26
63
58
61
67
49
94
117
97
77
58
28
71
28
31
33
23
57
29
33
-4
13
31
-1
24
46
33
15
-6
18
48
49
29
45
-21
-13
37
9
35
16
56
61
19
7
7
-31
34
38
36
37
41
66
50
28
-11
28
31
80
79
40
37
67
28
-7
48
20
47
69
53
50
39
17
10
-8
25
51
64
53
46
51
58
31
3
13
0
-21
-1
31
-25
39
36
30
34
8
8
33
9
-14
23
40
-20
-62
-5
-15
14
13
19
19
-21
5
-12
3
4
-22
2
-3
0
-27
9
17
-42
-21
-13
14
2
15
5
10
3
-18
-20
-14
22
-23
-6
-25
-5
-19
6
29
27
48
58
71
83
66
29
17
18
54
51
14
7
24
16
55
25
60
35
10
39
-18
15
-9
54
2
2
40
4
42
16
15
15
53
23
20
40
11
-16
-1
-36
-40
-14
-9
-3
-1
29
47
32
10
55
33
21
2
6
14
12
39
13
27
-13
-4
26
-8
-5
-5
18
48
32
2
4
-9
0
-14
-13
-8
1
-28
-56
-40
-31
-23
-52
-46
-14
-55
-51
-29
-32
-36
15
41
-27
-48
-25
-25
-74
-42
-58
-76
-37
-32
-72
-63
-72
-68
-66
-72
-43
-117
-61
-61
-51
-102
-125
-59
-74
-74
-48
-31
-58
-45
-71
-33
-26
-57
-70
-57
4
-14
7
38
13
-3
-9
38
34
-14
24
46
8
-14
1
4
21
32
61
65
55
40
24
15
49
25
43
54
38
65
38
50
61
61
76
78
73
71
69
107
98
96
97
84
45
73
33
45
79
87
59
56
94
24
65
86
60
42
34
54
14
60
89
82
71
37
37
48
70
37
9
65
90
74
73
100
53
41
17
32
67
38
56
78
77
70
61
84
74
29
34
34
41
6
-5
14
-27
2
-8
1
-19
1
31
-12
-11
20
-24
-33
-17
-43
-60
-63
-50
-79
-67
-41
-48
-21
-1
-48
13
-2
9
46
51
35
40
61
30
0
15
-32
-34
-12
-19
-6
-1
2
-3
-42
-31
-5
11
-17
-43
-4
-28
-31
-47
-36
2
-13
-10
-19
22
42
-1
2
71
45
5
12
40
28
34
62
53
32
4
-15
-10
-44
1
27
29
-7
-12
19
23
7
-15
-22
-18
19
-12
2
6
-7
-7
-10
8
-10
-16
-24
4
3
-9
17
12
-9
-12
-8
-22
2
-21
-15
-2
8
11
44
-3
-30
2
13
0
3
-20
-41
23
-3
-3
-5
-16
4
-42
-17
-35
-17
-19
-22
-7
-29
11
7
-43
-67
-9
0
-18
-26
-27
-16
-16
-17
-24
-20
13
11
4
3
6
1
7
16
-18
-45
-35
-19
-23
18
-31
-15
23
13
4
-9
-32
-14
-14
5
-24
-17
-37
-53
-6
-68
-19
-66
-51
-31
-16
-26
-111
-69
-45
-35
-51
-52
-53
-37
-42
-67
-101
-45
-4
-24
-22
-62
-10
-55
-16
-52
-70
-41
-36
-21
-29
-36
-24
-38
-20
7
-10
8
-68
-55
-48
-40
-56
-66
-59
-41
-26
-9
-84
-76
-37
-54
-35
-49
-17
-53
-62
-60
-42
-28
-57
-56
-59
-73
-84
-91
-49
-55
-95
-61
-49
-80
-85
-83
-78
-26
-51
-79
-42
-58
-71
-40
-18
-33
-30
-18
-22
11
-5
-39
-34
-53
-31
-8
-29
-45
-11
-11
-33
-18
-3
1
20
-18
10
7
12
55
-28
-1
37
14
47
52
26
22
0
44
48
40
5
16
-9
18
32
-3
12
-16
13
38
51
36
49
59
20
34
47
7
22
28
-10
-36
-36
-48
28
-29
-57
4
-34
-17
-11
-57
-20
-8
-32
-72
-48
-46
-50
-35
-31
8
-22
1
6
-39
-59
-23
-4
-19
-41
-19
-29
-36
-17
-1
-5
-36
-4
-8
1
-2
2
7
24
28
28
21
6
13
22
9
36
-15
-1
58
4
22
52
49
66
63
48
45
62
49
45
47
58
39
63
49
36
70
59
34
32
65
68
61
57
63
45
40
92
88
82
85
52
67
56
104
107
81
89
38
87
61
26
18
3
13
-28
3
40
48
-2
9
-9
-8
-2
-6
46
47
19
1
25
55
41
6
69
77
77
73
44
74
81
68
55
53
44
21
14
61
18
60
69
40
7
8
39
-18
-9
-19
-31
-3
10
-45
-33
-24
1
14
8
-13
-14
19
-20
15
29
-11
1
-23
1
11
36
32
1
-14
-26
-3
0
7
11
24
32
17
17
35
95
36
8
30
31
40
54
52
37
37
44
-11
-10
21
-17
2
-6
-20
17
7
-10
40
34
-5
47
57
42
56
27
44
59
56
31
42
37
62
66
101
95
91
60
7
13
35
32
62
41
25
44
75
58
42
40
23
29
25
4
-4
22
-15
-7
17
55
33
53
39
15
43
17
-7
-18
-21
13
-23
-18
-27
6
13
20
41
38
44
28
29
39
51
42
-1
27
53
19
6
36
31
18
45
72
18
-22
-6
1
14
-27
-34
-29
-2
-6
28
30
68
49
-11
-23
-16
14
-10
-20
-6
17
37
37
15
16
-12
-59
-40
-50
-62
-69
12
-41
-46
-23
-55
-23
-78
-50
-24
-2
-2
-29
-49
-25
-25
-17
-45
-46
-43
-37
-15
-17
-14
-21
-5
-11
22
10
30
26
7
20
46
91
51
27
1
-12
9
33
5
-33
9
-17
-4
-13
-49
5
7
9
-24
-31
-30
-17
1
-32
-26
-76
-33
-58
-100
-55
-59
-76
-80
-53
-63
-14
-31
-79
-75
-56
-55
-74
-87
-70
-63
-95
-65
-41
-54
-67
-51
-43
-62
-62
-27
-62
-52
-34
-79
-65
-44
-36
-27
-25
-12
-46
-70
-65
-35
-46
-44
-25
-14
-10
40
10
-35
-51
-58
-49
-64
-30
-33
-36
-27
-8
-20
-20
8
-3
0
-15
-35
-23
-19
-28
0
-17
-19
-16
-35
2
6
-35
-40
-34
19
32
-13
-24
-11
-15
-5
-25
-50
-38
-25
-36
-60
-26
5
11
6
-3
-20
-6
35
37
13
-16
-1
-21
12
-30
4
-15
-32
4
-20
4
-66
-40
-17
-25
-39
-75
-49
-19
-29
-60
-65
-64
-54
-56
-76
-60
-6
-67
-67
-23
-24
-22
-46
2
-71
-65
-35
-83
-65
-54
-44
-25
-33
-23
-54
-33
-47
-54
-19
13
-13
-76
-42
-2
-20
-72
-33
-52
-14
-74
-39
-29
-52
-73
-74
-44
-34
5
-13
-10
-13
-22
-11
-5
-53
-34
-31
9
8
-26
21
16
2
30
4
-1
11
15
23
-12
-7
8
-7
17
21
-4
20
-5
-6
-3
4
20
7
50
-4
23
43
7
22
11
38
32
49
58
71
54
0
57
45
11
22
32
19
59
38
36
30
44
32
14
49
13
-13
39
53
35
46
24
52
32
60
22
45
44
40
80
80
48
20
53
19
32
22
0
42
-4
-15
-45
-36
-10
5
10
-6
11
9
14
30
-1
-5
31
-6
-6
-5
28
-19
5
18
12
32
18
35
58
82
44
45
35
42
17
7
21
24
41
86
54
23
54
23
25
36
59
26
0
-11
-11
5
-6
29
-1
-10
17
43
33
-14
4
47
46
28
71
37
25
44
20
52
34
30
-11
1
37
25
-18
14
29
10
68
22
9
43
51
42
8
37
-2
51
74
28
52
41
33
-1
41
66
45
28
59
41
3
33
30
18
39
52
13
24
22
-14
-6
-2
-27
22
4
-20
-34
-17
-35
-37
-18
-38
-32
-40
-64
-49
-27
-29
-23
-76
-35
-47
-65
-52
-84
-67
-120
-82
-64
-68
-89
-119
-69
-82
-76
-61
-80
-36
-46
-100
-66
-28
-50
-45
-48
-69
-49
-41
-50
-82
-52
-46
-36
-52
-69
-11
-51
-63
-13
-27
-46
-33
-43
-61
-65
-44
-60
-64
-72
-58
-72
-26
-30
-45
-32
-38
-77
-75
-73
-91
-114
-57
-19
-43
-25
-20
-29
-41
-10
-45
-14
-62
-67
-18
-57
-55
-53
-31
-62
-53
-54
-42
-11
-7
-1
2
2
17
30
38
22
-1
45
22
19
31
38
18
21
57
36
30
28
-16
6
22
36
63
35
49
59
40
38
-10
-5
50
40
-4
-1
-18
53
57
12
38
50
55
17
23
-8
-26
9
30
29
31
-2
33
44
-9
29
43
23
14
16
29
27
39
27
-10
-17
-9
31
18
22
42
-9
9
-9
-11
-12
-34
-12
20
6
6
-10
3
10
5
44
11
12
8
48
38
81
68
42
74
51
57
55
73
69
46
63
70
50
81
103
75
80
80
66
99
80
67
74
87
22
38
66
24
31
35
25
28
22
24
44
51
59
59
56
31
29
32
55
39
72
118
113
117
84
61
83
34
-9
33
74
101
68
116
115
65
77
124
136
131
167
126
145
114
96
148
127
103
102
94
113
124
131
125
82
107
118
122
114
165
133
89
115
136
100
102
135
74
100
115
147
127
100
115
113
84
86
112
104
149
124
69
104
132
120
128
118
113
111
91
108
117
80
113
94
108
79
39
48
59
72
70
58
51
15
15
15
8
58
40
114
65
80
68
44
42
8
6
42
63
40
52
65
104
92
90
73
76
87
95
89
65
79
63
55
58
59
102
72
80
72
27
62
60
44
53
93
123
107
61
17
41
24
15
97
91
45
31
21
58
84
70
45
71
80
-6
81
85
76
111
66
98
59
56
104
94
72
27
35
49
32
36
56
55
34
42
45
17
36
36
10
-8
12
36
23
59
20
24
40
15
53
59
36
4
45
66
30
-3
-23
75
-11
23
43
8
10
-37
-23
-5
6
-12
18
21
48
74
53
3
44
52
15
10
19
-8
8
-28
-19
24
3
-1
34
50
10
4
-23
-15
-31
-18
-26
-48
-36
-15
-2
-20
0
-26
-43
-39
-34
-63
-27
-63
-92
-55
-65
-24
-11
-39
-51
5
-8
-5
-5
18
2
-28
-3
7
6
-6
-36
-52
-47
-33
-15
6
-23
-16
-34
-6
6
-43
-21
-73
-31
-9
16
9
23
9
-28
-29
-18
-29
-15
-7
2
-24
-33
3
45
24
33
65
44
26
52
69
41
61
64
59
44
52
44
80
59
33
54
52
75
82
108
92
115
127
94
95
116
145
125
114
109
127
122
91
105
130
128
131
116
126
123
142
136
115
120
117
119
95
87
100
118
75
86
129
73
88
70
85
105
78
64
87
81
39
59
15
43
43
98
125
99
79
60
58
66
60
57
41
-34
-18
32
11
-14
38
16
31
7
19
30
22
68
39
66
49
37
63
58
47
55
69
82
76
48
50
62
72
45
67
68
69
72
69
70
70
91
98
115
65
69
72
89
123
107
77
98
104
91
81
61
104
111
112
116
77
96
110
104
119
130
105
81
113
91
136
115
141
153
125
133
127
108
105
131
96
89
89
83
116
108
121
108
85
89
114
119
59
103
94
103
136
151
175
157
124
129
162
123
161
140
148
174
153
163
173
173
112
150
148
127
143
153
123
143
167
154
206
169
160
161
129
165
141
137
156
163
175
164
156
139
143
158
137
118
126
106
131
103
119
167
177
141
142
136
62
123
84
85
63
63
64
55
77
53
65
48
88
81
59
58
61
86
70
69
43
91
79
75
68
78
46
81
120
50
66
69
47
89
63
67
94
42
58
51
74
45
33
49
25
19
46
71
50
35
52
21
20
34
40
17
-37
-8
-31
-15
10
3
-10
-2
4
16
32
-6
4
23
-2
35
49
-12
1
-40
-44
-17
-36
-3
35
13
27
35
23
35
60
-5
16
38
31
50
-34
-31
40
61
47
64
51
78
52
67
101
78
68
85
76
68
87
96
76
79
54
45
51
73
74
41
66
94
111
83
67
84
69
26
32
38
73
77
58
11
-9
50
-7
4
-2
-26
-23
-31
-21
-19
-22
-32
-40
-57
-47
-63
-42
-46
-57
-43
-30
-42
-53
-82
-79
-46
-79
-51
-43
-39
10
-33
-66
-42
-16
-68
-87
-36
-33
-50
-38
-5
-7
-31
-38
-33
-12
31
-3
-3
-9
-24
-10
14
-8
-6
-35
-23
-32
-24
6
7
-7
-21
-9
-24
-14
6
12
-36
-17
8
-12
-38
-52
-37
-37
-32
5
-41
-26
-17
-34
-17
-4
-8
-44
-34
-28
-47
-55
-26
0
19
-1
-19
15
36
41
45
86
29
39
49
57
74
33
33
51
63
47
30
80
37
46
54
49
63
60
46
5
35
57
65
74
112
114
100
100
96
59
64
79
86
68
101
101
87
128
80
130
71
86
99
98
154
103
102
100
108
115
82
72
92
86
68
59
56
55
70
87
61
55
58
37
26
48
69
42
77
62
37
82
21
28
74
55
67
49
40
36
-37
-40
-7
-31
11
-44
-111
-82
-88
-50
-65
-69
-45
-82
-59
-110
-71
-102
-69
-23
-73
-28
-66
-76
-81
-77
-61
-83
-166
-133
-135
-109
-76
-82
-79
-66
-98
-83
-87
-50
-38
-60
-4
-66
-46
-27
-26
11
-47
-26
-18
-57
-38
-76
-69
-83
-110
-67
-81
-56
-45
-36
-51
8
11
-45
-33
-14
-5
-37
-39
-67
-42
-75
-56
-16
-35
-35
-44
-17
-80
-72
-42
-42
-59
-91
-108
-133
-76
-829
-1313
-614
-153
-458
-1570
-2596
-1747
-994
-1050
-1783
-2694
-2487
-1797
-2085
-2682
-2407
-2290
-2311
-2601
-2857
-2566
-2356
-2243
-2003
-2126
-2084
-1867
-1875
-1609
-779
-645
-778
-881
-578
214
473
540
857
1185
1498
1758
1763
2066
2763
2949
3120
3166
3151
3722
3875
4079
4230
3899
3661
3848
4058
4287
3684
2658
2664
3073
3015
2486
1435
1048
1311
1014
338
-262
-636
-552
-942
-1759
-2011
-2081
-2278
-2477
-2870
-3103
-3059
-3368
-3346
-3098
-3084
-3105
-3154
-3255
-2814
-2515
-2489
-2331
-2188
-1828
-1466
-1488
-1294
-880
-618
-348
-270
-247
99
310
344
623
594
537
693
634
649
699
559
590
445
228
251
-51
-185
-109
-413
-651
-853
-1001
-1024
-1248
-1456
-1423
-1625
-1751
-1682
-1996
-1819
-1628
-1692
-1624
-1590
-1490
-1132
-1005
-897
-466
-247
-102
327
326
846
1296
1400
1844
2218
2410
2895
3065
3377
3771
3679
3539
3752
4151
4358
4308
3828
3713
3946
3784
3718
3380
3060
2970
2532
2105
1795
1584
1344
1009
403
17
-254
-677
-823
-1176
-1511
-1765
-2139
-2465
-2544
-2575
-2747
-2795
-3073
-3094
-3070
-3096
-2938
-2905
-2785
-2590
-2520
-2511
-2357
-2173
-1844
-1556
-1418
-1311
-1135
-953
-646
-542
-396
-220
-224
-147
-36
57
67
68
26
11
-99
-262
-311
-302
-396
-604
-879
-1180
-1240
-1253
-1361
-1610
-1846
-2035
-2102
-2184
-2201
-2196
-2293
-2244
-2122
-2093
-1890
-1805
-1489
-1267
-1049
-684
-426
-177
138
526
1008
1232
1566
2012
2312
2732
3210
3464
3735
4428
4605
4932
5097
4695
5039
5425
5625
5763
4984
4653
4937
5101
4558
3845
3271
3494
3518
2392
1482
1121
1118
1133
164
-825
-1093
-1198
-1651
-2081
-2568
-2681
-2840
-3533
-3718
-3636
-3661
-3660
-3885
-3918
-3577
-3589
-3617
-3373
-2982
-2544
-2425
-2583
-2265
-1750
-1337
-996
-898
-672
-252
-105
108
414
652
851
920
824
980
1007
1013
1118
980
852
758
533
365
306
83
-147
-418
-873
-1003
-1276
-1596
-1615
-1949
-2335
-2595
-2957
-2968
-2852
-2975
-3179
-3319
-3330
-2979
-2918
-2819
-2618
-2393
-2062
-1741
-1420
-1086
-627
-283
138
512
904
1409
1829
2313
2819
3040
3565
3938
4455
4716
5178
5595
5916
6393
6057
5796
5945
6396
6930
6477
5693
5270
5102
4752
4550
4382
4036
3391
1794
1057
1435
1565
753
-669
-1348
-1210
-1546
-2775
-3281
-2870
-2794
-3506
-4835
-5028
-4330
-4020
-4326
-4674
-4515
-4246
-4342
-4533
-3911
-3022
-2801
-2864
-3045
-2482
-1686
-1381
-1174
-858
-393
-121
-181
-85
574
1101
1129
937
774
930
1198
1085
1010
990
934
627
199
-5
141
49
-438
-852
-1283
-1482
-1722
-2113
-2266
-2423
-2828
-3316
-3702
-3757
-3502
-3583
-3880
-4011
-4039
-3725
-3535
-3417
-3029
-2842
-2604
-2359
-2057
-1530
-991
-526
-156
253
615
1168
1578
2164
2769
3130
3504
3827
4180
5001
5352
5639
6129
6271
6897
7378
7049
6671
6722
6884
7314
6749
5616
5484
5773
5656
4680
3261
2875
3485
3064
1558
366
36
474
-219
-1853
-2341
-2092
-2309
-3173
-4166
-4129
-3538
-4132
-5010
-5011
-4626
-4311
-4717
-5081
-4296
-3597
-3782
-4046
-3669
-2707
-2021
-2193
-2147
-1264
-566
-347
-276
88
960
1431
1385
1524
2001
2342
2646
2524
2729
2854
2877
1539
-1401
389
4102
3128
297
-2876
-3616
-465
961
-779
-3620
-4465
-3291
-3127
-5699
-5257
-3418
-4490
-5949
-6842
-6911
-5891
-5369
-5088
-5167
-5769
-5633
-5159
-5523
-3542
-1463
-2559
-3381
-2726
-1315
-105
117
612
1584
1758
1803
2255
2468
3789
5095
4754
4528
4542
5299
6425
6463
7000
7769
7558
7943
8925
8712
7495
6523
7055
9055
9374
6656
4569
4582
6204
6745
4075
2086
2776
3456
1690
-718
-1258
424
625
-2183
-4125
-3873
-2907
-3070
-4900
-5097
-3970
-4354
-6257
-6674
-5223
-3636
-4195
-5891
-5573
-3965
-3489
-3950
-4003
-2511
-1089
-1663
-2672
-1822
-38
909
724
247
1116
1991
1890
1964
2632
3370
3636
3045
2684
3081
2788
2017
2633
3406
3095
1585
-404
-322
1134
1278
-84
-1927
-2667
-2091
-2515
-3831
-3931
-3805
-4423
-5575
-6754
-6523
-5829
-6028
-6469
-6973
-7271
-6980
-6827
-6587
-5589
-4949
-5242
-5573
-5072
-3640
-2517
-2551
-2285
-1501
-922
-463
-70
602
1568
2180
2136
1906
2344
3482
4174
4125
4061
4235
4625
4973
5080
5625
6055
6033
6228
6520
7030
7686
8006
7363
6759
6765
6592
6787
6950
6355
5843
4981
4186
4059
3807
3385
2704
1815
979
455
-305
-816
-881
-1384
-1912
-2852
-3616
-3657
-3594
-4236
-4434
-4009
-4112
-4397
-5235
-5431
-4067
-3124
-3268
-3967
-4204
-3257
-2215
-2130
-1934
-1192
-704
-577
-791
-453
684
1299
1309
1304
1359
1734
1812
1605
1950
2511
2312
1461
725
894
1442
1277
375
-408
-590
-765
-1251
-2054
-2552
-2609
-2841
-3577
-4530
-4888
-4981
-5188
-5469
-5787
-6089
-6479
-6604
-6426
-6134
-5891
-5923
-5884
-5637
-5007
-4489
-4222
-3671
-3061
-2462
-2127
-1699
-928
-53
553
776
1047
1471
2174
2755
3128
3436
3717
3905
4037
4507
5046
5372
5415
5603
5945
6126
6426
6841
7305
7877
8279
8589
8275
6886
5650
5656
7747
9579
7969
4185
2000
3274
6067
6034
2980
693
1062
1535
413
-1636
-1709
-188
-383
-2888
-5047
-4994
-3385
-2828
-3828
-4548
-4643
-5208
-5728
-5328
-3908
-2768
-3555
-4930
-4875
-3696
-2631
-2281
-2206
-1367
-853
-1377
-1767
-969
657
1816
1370
549
656
1292
1983
2375
2546
2920
2827
2172
1605
1461
2171
2916
2313
999
76
-163
-81
-31
-486
-1405
-2176
-2982
-3420
-3898
-3963
-4080
-4790
-5768
-6335
-6520
-6656
-6435
-6291
-6521
-6954
-7264
-6944
-6366
-5682
-5129
-5015
-4967
-4538
-3735
-3050
-2229
-1498
-983
-774
-481
244
1019
1748
2272
2419
2437
2603
3052
3670
4077
4274
4333
4380
4458
4856
5378
5751
5894
6061
6106
6454
7006
7773
8357
8494
7660
5962
4888
5902
8587
9366
6705
3073
1928
4206
6333
4939
2037
868
1570
1517
-372
-1864
-851
453
-628
-3397
-5028
-4186
-2677
-2765
-3748
-4161
-4350
-5092
-5588
-4853
-3067
-2434
-3617
-4699
-4349
-3166
-2321
-2154
-1702
-849
-827
-1630
-1802
-591
1084
1734
990
437
686
1392
1968
2321
2640
2940
2590
1962
1818
2472
2755
705
-174
1754
1975
746
-1445
-3276
-1797
-3
-804
-3524
-5338
-4837
-3445
-4661
-5938
-5528
-5811
-6529
-7089
-7321
-6516
-6076
-6248
-6383
-6507
-6181
-5326
-5400
-4739
-2994
-2880
-3430
-3085
-1950
-494
92
-36
566
1167
1508
1992
2134
2702
3811
3823
3356
3480
4004
4961
5192
4929
5281
5519
5538
5675
6084
6768
7433
7616
7585
8141
8441
7367
5760
5141
7262
9507
8371
4630
2206
3096
5988
6349
3462
953
1110
1902
1033
-1014
-1532
-169
-10
-2026
-4270
-4624
-3226
-2454
-3310
-4120
-4235
-4675
-5276
-5096
-3850
-2548
-3112
-4400
-4560
-3518
-2441
-2108
-2185
-1461
-793
-1169
-1675
-1136
309
1563
1373
549
487
1055
1738
2176
2337
2627
2658
2154
1801
2216
2705
3058
2343
67
-324
140
-90
613
-405
-2518
-2992
-3574
-3429
-3403
-4159
-4960
-5500
-6699
-6634
-6459
-6990
-6432
-6629
-7532
-7564
-7669
-6988
-6021
-5743
-5582
-5371
-5694
-4772
-3377
-2884
-1904
-1562
-1619
-952
-233
761
1640
1792
2142
2468
2286
2723
3562
3744
4277
4293
3985
4289
4515
4994
5502
5595
5604
5860
5746
6326
7294
7474
8026
8289
7567
6302
5021
5497
8066
9367
7026
3539
1842
3482
6090
5347
2616
1056
1224
1462
17
-1653
-984
417
-437
-2834
-4783
-4418
-2780
-2623
-3475
-3815
-4231
-4929
-5421
-4919
-3274
-2284
-3294
-4509
-4432
-3443
-2352
-2125
-1859
-1062
-997
-1693
-1859
-939
640
1560
952
292
379
921
1560
2001
2257
2625
2309
1646
1532
2019
2627
2959
2105
275
-614
-549
122
539
-722
-2245
-3440
-3910
-3364
-3601
-4371
-4971
-5522
-6358
-6807
-7083
-6718
-6451
-6892
-7402
-7853
-7858
-7057
-6326
-5945
-5644
-5485
-5530
-4954
-4021
-2729
-1909
-1870
-1602
-1128
-487
477
1200
1717
2120
2141
2118
2488
3076
3717
4222
3964
3838
4122
4445
4853
5088
5270
5493
5663
5675
6068
6415
7238
8026
8195
8157
7325
5306
5000
6757
9274
9091
5703
2337
2520
5174
6457
4806
1878
997
1986
1372
-596
-1392
-123
757
-995
-3912
-4702
-3409
-2446
-2574
-3539
-4035
-4296
-5195
-5485
-4141
-2601
-2432
-3855
-4914
-4226
-2877
-2361
-2180
-1740
-1203
-1287
-1987
-1961
-469
1006
1230
536
-7
308
1045
1491
1979
2404
2411
1976
1444
1562
2343
2864
2701
1951
119
-1312
-660
692
947
-510
-2917
-4372
-3983
-2982
-3120
-4467
-5722
-5817
-6346
-7268
-7263
-6613
-6344
-6926
-7805
-8158
-7754
-6908
-5987
-5586
-5698
-5529
-5446
-4963
-3598
-2093
-1560
-1769
-1705
-930
41
762
1555
2207
2336
2306
2285
2664
3588
4412
4568
4070
4015
4449
5022
5150
5393
5978
5867
5814
6168
6400
6989
7708
7917
8446
8751
7957
6074
4950
6375
9593
9991
6635
2547
1900
4983
7285
5316
1992
813
1745
1820
-132
-1688
-307
904
-589
-3547
-5023
-3765
-2176
-2458
-3527
-3952
-4321
-5073
-5546
-4394
-2469
-2162
-3809
-4913
-4401
-2858
-2070
-2188
-1853
-942
-1037
-1961
-2027
-635
1212
1594
578
-50
303
1197
1728
1971
2365
2642
2138
1469
1468
2239
2974
2819
1926
-830
-1482
610
757
135
-1189
-3621
-3707
-3180
-3067
-3918
-5002
-5573
-5208
-6648
-7576
-6564
-6514
-6630
-6893
-7862
-7941
-7655
-6820
-5748
-5589
-5887
-5275
-5374
-4823
-2760
-2135
-1952
-1750
-1460
-600
173
856
1912
2367
2232
2400
2463
2665
3985
4656
4453
4132
3861
4352
4992
5244
5668
5735
5238
5443
5781
6372
6987
7079
7413
7898
8233
8210
6821
4908
5310
8141
9574
7691
4029
1895
3591
6155
6103
3447
954
965
1720
801
-869
-709
272
-71
-2228
-4251
-3927
-2631
-2133
-2884
-3743
-4161
-4507
-5077
-4805
-3164
-2127
-2917
-4458
-4817
-3557
-2327
-2080
-1987
-1501
-1340
-1769
-2161
-1437
201
1064
629
-157
-325
403
1088
1430
1734
2002
1666
1086
795
1387
2121
2430
1293
-547
-1212
-1052
-364
-29
-1375
-2848
-3965
-4328
-4005
-4070
-4634
-5373
-6021
-6896
-7150
-7303
-7046
-6653
-7113
-7631
-7943
-8031
-7238
-6387
-5873
-5692
-5635
-5654
-4872
-3892
-2754
-2007
-1892
-1634
-1063
-416
440
1191
1726
2132
2135
1938
2314
3001
3802
4246
3779
3525
3696
4213
4713
4872
5041
5120
5272
5417
5749
6090
6723
7441
7950
8243
7684
6321
4959
5490
8040
9454
7716
4141
1981
3391
6010
6238
3554
1190
922
1646
905
-759
-835
242
61
-1936
-4269
-4388
-2861
-2120
-2818
-3622
-4266
-4798
-5253
-5011
-3428
-2299
-3187
-4682
-5082
-3997
-2743
-2351
-2385
-1877
-1629
-2083
-2456
-1917
-165
954
504
-509
-664
44
921
1346
1559
1879
1708
837
404
870
1680
2094
1557
188
-1005
-1274
-838
-516
-727
-1755
-3242
-4088
-4269
-4040
-4162
-4683
-5414
-6228
-6890
-7090
-6928
-6600
-6469
-6777
-7372
-7622
-7293
-6372
-5635
-5291
-5137
-5108
-4841
-4048
-2922
-2078
-1526
-1268
-936
-398
228
983
1713
2198
2528
2479
2414
2808
3633
4294
4610
4277
4014
4386
4730
5111
5660
5884
5812
5809
6028
6798
7351
7990
8290
8584
9044
8314
6684
5718
7199
10132
10228
6980
3281
3080
6125
7780
6006
2741
1867
2603
2499
699
-275
774
1362
-181
-2717
-3655
-2512
-1563
-1865
-2799
-2993
-3465
-4354
-4786
-3566
-1775
-1786
-3364
-4436
-3724
-2266
-1667
-1817
-1409
-750
-900
-1695
-1587
-242
1345
1478
640
135
630
1414
1811
2136
2607
2783
2188
1715
1892
2735
3229
3010
1804
-613
-825
862
1206
638
-1283
-3252
-3381
-2880
-2652
-3452
-4755
-5262
-5089
-6330
-6974
-6354
-6082
-6256
-6970
-7501
-7376
-7205
-6394
-5443
-5310
-5458
-5028
-5026
-4154
-2480
-1599
-1425
-1532
-960
62
740
1261
2090
2703
2755
2891
2735
3146
4280
4865
5053
4525
4112
4690
5436
5767
6106
6033
5959
6303
6594
7213
7543
7974
8517
8834
9169
8261
6574
5301
7035
10140
10190
6757
2491
2285
5795
7556
5539
1927
910
1929
2187
52
-1203
58
941
-448
-3379
-4523
-3019
-1884
-2274
-3284
-3557
-3866
-4592
-5173
-3907
-1766
-1776
-3501
-4790
-4012
-2210
-1622
-1920
-1580
-775
-889
-1666
-1772
-363
1465
1515
589
-56
386
1304
1727
2013
2469
2686
1965
1350
1437
2401
3124
2743
1684
280
-191
-456
-619
257
-126
-2070
-3790
-4722
-4200
-3602
-3897
-5250
-6229
-7057
-7054
-7152
-7339
-6740
-6704
-7604
-8234
-8129
-7185
-6253
-5767
-5566
-5312
-5492
-4873
-3741
-2676
-1539
-1137
-1307
-1027
-129
967
1798
2113
2451
2830
2695
2766
3426
4205
4841
4625
4171
4405
4802
5106
5668
5852
5711
5951
6129
6235
6730
7329
8132
8291
8647
8734
7749
5613
5236
7747
10199
9379
5254
1661
2930
6356
7278
4438
1109
948
2257
1496
-845
-1015
439
744
-1462
-4154
-4328
-2572
-1962
-2681
-3438
-3502
-3991
-5113
-5389
-3182
-1559
-2286
-4265
-4940
-3690
-2132
-2017
-2229
-1495
-898
-1406
-2310
-2000
103
1514
923
-111
-344
469
1253
1451
1755
2489
2279
1466
946
1538
2526
2919
2030
1679
-20
-1493
-321
-11
-105
-165
-3323
-4691
-4343
-3638
-3413
-4441
-5938
-6075
-6610
-7871
-6938
-6641
-6592
-6628
-7895
-8337
-7626
-6987
-5858
-5321
-5744
-5315
-4984
-5152
-3170
-1885
-1438
-1145
-1392
-861
394
954
1845
2652
2578
2756
2712
2551
3831
4552
4698
4829
4115
4204
4927
5258
5541
6106
5935
5858
5807
6120
6863
7286
7937
8610
8337
8144
7394
5508
5144
7875
9753
8928
5220
1405
2578
6200
7001
4470
1204
572
1909
1588
-571
-977
340
563
-1292
-4314
-4476
-2701
-1929
-2619
-3466
-4070
-4404
-5189
-5417
-3481
-1898
-2780
-4516
-5359
-4184
-2419
-2260
-2518
-1893
-1431
-1911
-2616
-2239
-234
1129
534
-451
-651
2
926
1210
1429
1994
1875
1032
724
1067
1895
2221
1553
719
143
-455
-1334
-1853
-798
-596
-2340
-4145
-5312
-5068
-4215
-4254
-5453
-6701
-7375
-7337
-7440
-7586
-6858
-6748
-7794
-8375
-8040
-7158
-6428
-6040
-5644
-5296
-5308
-4874
-4030
-3108
-1724
-1070
-1363
-1370
-525
516
1429
1852
2105
2431
2186
2236
2957
3688
4236
4144
3828
3878
4134
4661
5033
5162
5420
5439
5338
5463
6064
6853
7505
7813
7899
7727
6366
4333
4781
7704
9712
7977
3329
361
2650
6195
6191
2856
-108
249
1470
332
-1944
-1717
-152
-173
-2897
-5549
-5137
-3277
-2974
-3810
-4545
-4800
-5438
-6541
-6279
-3923
-2605
-3856
-5903
-6271
-4620
-3189
-3306
-3349
-2493
-2211
-2948
-3674
-2783
-585
409
-429
-1368
-1389
-407
341
497
881
1486
1179
306
51
728
1752
1920
1105
634
-648
-2276
-2562
-1394
6
-703
-3942
-6105
-6206
-4492
-3517
-4691
-6789
-7556
-7676
-8080
-8014
-7430
-6623
-7227
-8802
-9137
-8278
-7160
-6317
-5841
-5757
-5669
-5671
-5331
-3913
-2325
-1012
-1165
-1909
-1475
-51
1049
1779
2266
2610
2623
2334
2506
3633
4590
4974
4582
3997
4264
4904
5371
5645
5718
6072
6440
5915
5722
6879
7958
8318
8444
8391
8426
7426
4948
4965
8393
10512
9196
3998
308
3068
7430
7233
3531
438
783
2429
1073
-1443
-723
809
622
-2174
-5084
-4245
-2041
-2116
-3077
-3547
-3914
-4490
-5804
-5596
-2713
-1403
-3056
-5059
-5492
-3602
-1982
-2372
-2409
-1382
-1266
-2010
-2745
-1936
534
1500
380
-498
-383
446
1212
1249
1707
2511
1967
1047
775
1130
2198
2283
1149
737
619
-462
-1598
-1716
-993
-634
-1995
-4239
-5307
-4964
-4194
-4053
-5381
-6304
-6848
-7231
-7429
-6959
-6373
-6338
-7253
-7874
-7261
-6517
-5962
-5292
-4868
-4395
-4283
-4178
-3487
-2015
-760
-295
-610
-529
417
1340
1982
2582
3132
3276
3165
3079
3565
4630
5088
4952
4783
4788
5070
5414
5611
5927
6391
6495
6383
6344
6997
7837
8184
8655
9096
8795
7239
4787
5223
8746
11115
8762
3668
889
3699
7330
7034
3188
579
1293
2394
774
-1482
-841
882
513
-2453
-4902
-4220
-2463
-2402
-3197
-3593
-3760
-4898
-6142
-5694
-2946
-1752
-3341
-5497
-5527
-3764
-2415
-2743
-2638
-1709
-1351
-2316
-3058
-2018
239
1175
149
-700
-436
417
864
1056
1629
2296
1865
935
348
936
2150
2209
1265
540
-175
-575
-1544
-2164
-1010
-680
-2572
-4390
-5627
-5480
-4422
-4388
-5501
-6693
-7610
-7676
-7488
-7478
-6651
-6533
-7742
-8207
-7727
-6928
-6082
-5733
-5129
-4602
-4819
-4588
-3504
-2507
-1155
-503
-828
-854
-87
866
1912
2377
2634
2968
2684
2719
3460
4272
4817
4748
4387
4503
4689
4919
5620
5963
5913
6400
6078
5935
7197
7940
8236
8614
8495
7885
5998
4430
6499
9826
9722
6360
1851
1274
5166
7234
5083
1560
247
1409
1774
-783
-1828
-162
457
-1170
-4026
-5313
-3630
-2536
-3255
-3930
-4028
-4577
-5580
-6477
-4900
-2343
-2606
-4732
-5941
-5189
-3274
-2678
-3190
-2529
-1595
-1984
-2915
-2992
-1448
729
611
-527
-906
-380
391
763
892
1685
2031
1152
354
170
996
1799
1379
605
81
-756
-2271
-2916
-1564
-772
-1944
-4346
-6217
-6185
-5099
-4532
-5537
-6968
-7780
-7969
-8270
-8363
-7463
-6990
-7784
-8828
-8837
-7994
-7275
-6608
-5992
-5462
-5614
-5571
-5023
-3865
-2222
-1346
-1515
-1895
-1295
-399
511
1230
1833
2183
1810
1510
1895
2820
3770
3980
3501
3139
3461
3797
4209
4829
4914
5102
5072
4847
5397
6371
7111
7475
7856
7472
5598
3428
3987
7774
9554
7179
2505
-320
2273
5678
5388
1905
-379
4
785
-769
-2948
-1931
-295
-1106
-3835
-6066
-5438
-3852
-3699
-4459
-4580
-4853
-5964
-7235
-6751
-3824
-2541
-4238
-6197
-6173
-4514
-3259
-3412
-3190
-1989
-1716
-2884
-3565
-2523
-85
893
-71
-886
-687
80
446
738
1427
2291
1733
569
259
1066
2041
2332
1409
1059
-108
-4179
-3240
1093
834
-1072
-4733
-7786
-5520
-3143
-3020
-5153
-7574
-7778
-6295
-8489
-8742
-6059
-6058
-7526
-8846
-9030
-7339
-6795
-6276
-4802
-4896
-5853
-5023
-5241
-3602
-486
-297
-1305
-1840
-1140
845
1769
1681
2937
3425
2435
2247
2552
3858
5551
5184
4415
4257
4041
4808
5733
5612
6131
6632
5547
5342
6156
7361
8436
8242
8092
8527
7939
5865
4427
6157
9610
10369
6383
1548
884
4638
7312
5506
1604
232
1087
1062
-668
-1549
-268
580
-1284
-4439
-5293
-3830
-2547
-3122
-3830
-3969
-4350
-5865
-6639
-4796
-2127
-2073
-4443
-6013
-4973
-3152
-2378
-2609
-2012
-1217
-1550
-2819
-2893
-904
1072
1118
-74
-624
-11
704
893
1296
2280
2565
1602
393
601
1823
2685
2255
1506
474
-994
-1109
-1930
-1448
348
-1524
-4089
-5502
-5937
-4483
-4153
-5029
-6309
-7270
-8623
-7907
-7803
-7450
-6609
-7717
-8966
-8886
-8345
-7021
-6461
-6254
-5704
-5530
-6378
-5126
-3840
-2655
-1457
-1838
-2115
-1584
-848
224
1234
1488
1776
1541
751
1372
2638
3258
3599
2939
2399
2782
3192
3436
4101
4185
4137
4376
3798
4077
5286
5794
6360
6454
6579
6579
5414
3065
3530
6896
8873
7044
2270
-677
1918
5559
5562
2518
-511
-318
779
-305
-2049
-1418
-374
-616
-3219
-5502
-4828
-3221
-3126
-3534
-4048
-4433
-5255
-6282
-5878
-3198
-2043
-3354
-5313
-5666
-3890
-2541
-2566
-2311
-1370
-1409
-2152
-2808
-1748
513
1429
537
-181
-136
647
1268
1413
2100
2896
2351
1253
932
1693
2960
2946
2231
1534
1377
-677
-3062
-436
2189
625
-2452
-5941
-5904
-3365
-1927
-3296
-5903
-7395
-6572
-6181
-7842
-6844
-5274
-6088
-7913
-8640
-7428
-6056
-5937
-5226
-4291
-4748
-5171
-4504
-3842
-1290
364
-189
-1259
-1157
436
2209
2552
2800
3704
3590
2896
3096
4031
5534
6108
5312
4876
4860
5212
5933
6612
6672
7002
6688
6058
6552
7587
8589
8913
8601
8862
9582
8946
6963
5548
6980
10490
10991
7275
3123
2063
5273
7988
6744
3075
1177
1347
1914
1049
-165
359
998
-473
-2804
-4127
-3168
-1760
-1850
-2703
-3214
-3800
-4744
-4914
-3819
-1605
-1301
-3181
-4687
-4157
-2502
-1205
-1129
-1077
-645
-767
-1465
-1215
142
1864
2194
1138
550
985
1779
2271
2716
3086
3407
2716
1806
2032
3053
3602
2984
2190
1703
1431
1248
300
-897
-668
187
-957
-2822
-4017
-4325
-3648
-3627
-4185
-5371
-6532
-6793
-6279
-6198
-6079
-5979
-6691
-7249
-6899
-6107
-5248
-5115
-4795
-4175
-4015
-3865
-2887
-1880
-965
-285
-221
-111
393
1236
2249
2798
2965
3166
3069
3153
3815
4578
4854
4885
4620
4620
4894
5086
5546
6147
6054
5911
5807
5946
6847
7360
7841
7919
7893
8752
8455
6421
4934
6082
9032
9931
7178
2710
1323
4171
6944
6179
2373
180
942
1575
334
-1178
-752
172
-893
-3505
-4763
-3839
-2616
-2668
-3787
-4216
-4278
-5088
-5938
-5120
-2948
-2317
-3835
-5557
-5068
-3308
-2343
-2404
-2330
-1672
-1442
-2101
-2224
-961
760
1185
368
-200
321
1195
1423
1684
2192
2633
2237
1420
1370
2245
2685
2256
1651
1329
1017
476
-825
-1622
-356
-43
-2076
-3518
-4527
-4354
-3548
-4195
-5013
-5808
-6531
-6660
-6726
-6891
-6079
-5946
-7023
-7296
-6905
-6139
-5451
-5383
-4678
-4044
-4201
-3917
-2775
-1921
-714
-253
-545
-100
652
1519
2383
2614
2949
3463
3334
3383
4102
4714
5014
5089
4784
5135
5355
5464
6163
6242
6486
6826
6314
6471
7362
8000
8412
8707
8848
9176
8661
6832
5564
6800
9884
10354
7134
3183
2142
5213
7348
6157
2722
1124
1555
1855
555
-694
115
699
-711
-3095
-4204
-3085
-2243
-2556
-3331
-3489
-3866
-4766
-5455
-4508
-2181
-1934
-3484
-4853
-4226
-2703
-1782
-1944
-1583
-892
-935
-1607
-1483
-150
1537
1726
808
523
1040
1734
1935
2171
2757
3236
2644
1890
1928
2682
2958
2550
2177
1730
1256
852
-371
-1360
-775
-176
-1480
-2938
-4241
-4564
-4273
-4356
-4510
-5442
-6665
-7140
-6867
-6717
-6327
-6233
-6907
-7230
-6992
-6332
-5630
-5486
-4802
-4134
-4114
-3995
-3042
-2155
-1068
-395
-343
-30
433
1055
1999
2482
2879
3221
3179
3037
3609
4264
4686
4731
4463
4724
5001
5146
5386
5473
5566
6027
6270
6040
6316
6991
7334
7889
8364
8380
7862
6365
4987
5758
8321
9479
6912
3306
1339
3800
5945
5405
2664
565
464
699
-54
-1368
-1077
-696
-1433
-3333
-4863
-4329
-3529
-3689
-4026
-4340
-4791
-5776
-6235
-5780
-3714
-3183
-4128
-5500
-5428
-4279
-3201
-3068
-2699
-2103
-2129
-2694
-2683
-1769
-290
212
-489
-575
-423
52
311
585
1128
1705
1282
508
305
572
801
875
527
-24
-1128
-2170
-2252
-1677
-2164
-3188
-4446
-5295
-5181
-5089
-6048
-6815
-7015
-7002
-7434
-8393
-8491
-7756
-7622
-8036
-8085
-8025
-7757
-7364
-6988
-6115
-5575
-5412
-5103
-4701
-3645
-2400
-1825
-1835
-1393
-726
78
522
903
1596
2167
2056
2088
2468
3072
3693
3689
3523
3709
4026
4313
4572
4567
4939
5175
5090
5528
5922
6190
6752
6933
7375
8118
8596
7558
6179
4877
5720
8748
9248
6714
3437
1746
3870
6189
5506
2811
1081
756
1116
502
-1008
-389
99
-839
-2677
-4051
-3703
-2610
-2771
-3168
-3340
-3914
-4863
-5178
-4692
-2643
-1961
-3189
-4291
-4204
-3114
-1981
-1746
-1566
-752
-876
-1443
-1346
-400
1090
1613
989
881
1156
1490
1765
2138
2646
3220
2725
1915
1859
2310
2504
2284
1949
1688
1183
42
-1012
-1350
-602
-630
-2277
-3743
-4593
-4623
-4435
-5053
-5656
-6267
-6982
-7632
-7817
-7711
-7264
-7384
-8130
-8378
-8182
-7717
-7316
-6943
-6255
-5885
-5963
-5761
-4965
-3972
-2943
-2531
-2531
-2215
-1644
-999
-316
245
719
1026
855
964
1645
2168
2471
2643
2666
2971
3119
3006
3535
4070
4176
4506
4510
4441
5150
5952
6035
6601
6956
7449
7601
6044
4042
4152
6905
9116
7542
3461
571
2243
5297
5613
3092
154
180
701
140
-1502
-1433
-589
-753
-2823
-4727
-4501
-3386
-3246
-3585
-4007
-4039
-4824
-5883
-5774
-3697
-2289
-3060
-4572
-5087
-3691
-2522
-2177
-1999
-1293
-889
-1286
-1760
-1003
621
1681
1265
928
942
1513
1821
1951
2628
3392
3287
2419
1913
2303
3126
3068
2515
2152
1918
1440
710
-27
-994
-850
-507
-1549
-2491
-3767
-4517
-4468
-4359
-4236
-5017
-6363
-7187
-6584
-6393
-6150
-6074
-6577
-6704
-6675
-6128
-5411
-5022
-4467
-3980
-3855
-3628
-2689
-2055
-1265
-524
-225
217
405
815
1596
2321
2643
2840
2807
2874
3385
3721
4181
4404
4367
4436
4424
4609
5116
5386
5289
5471
5704
5930
6424
6512
6820
7717
7942
8325
7840
5795
4436
5393
8067
9423
6854
2791
848
3231
5832
5632
2249
-261
302
668
-228
-1698
-1534
-690
-1364
-3695
-5191
-4578
-3651
-3586
-4304
-4726
-4682
-5695
-6599
-6003
-3924
-3044
-4074
-5794
-5709
-4301
-3340
-3110
-2860
-2344
-2039
-2708
-2977
-1944
-434
200
-318
-742
-566
-1
97
487
1187
1617
1304
420
93
811
1562
1223
448
121
34
-212
-903
-1933
-2517
-1553
-1722
-3482
-4459
-5125
-5009
-4533
-4925
-5708
-6472
-7223
-7022
-6561
-6764
-6393
-6547
-7233
-7104
-6538
-5835
-5443
-5349
-4798
-4186
-4136
-3580
-2537
-2024
-1198
-702
-605
-110
444
1079
1833
2159
2341
2661
2632
2950
3606
3885
4146
4164
4030
4279
4458
4594
5027
5330
5193
5361
5351
5454
6119
6493
6884
7005
7240
8068
7778
6136
4574
4425
7021
9302
7356
3293
816
2180
5376
5629
2617
1
-27
267
-66
-1496
-1660
-794
-1406
-3452
-4966
-4774
-3692
-3558
-4311
-4467
-4324
-5371
-6363
-6067
-4057
-2451
-3387
-5212
-5420
-4042
-2802
-2299
-2300
-1643
-1198
-1669
-1974
-1080
365
1465
1099
568
805
1313
1608
2005
2645
3202
3130
2211
1803
2401
3205
3557
2900
1933
1576
1563
1235
1192
500
-742
-829
-858
-1946
-2850
-3291
-3538
-3438
-3883
-4803
-5724
-6130
-5613
-5046
-5686
-6120
-6006
-6124
-5990
-5435
-4783
-4456
-4659
-4421
-3622
-3083
-2502
-1560
-1287
-916
-267
178
538
1219
1913
2553
2621
2582
3115
3636
3913
4402
4560
4544
4742
4833
5074
5471
5738
5949
6200
6083
6308
6699
6774
7265
7888
8335
8481
8745
9101
8723
7331
5816
6770
9592
10030
7691
3824
2414
5302
7567
6415
3219
1597
1986
2629
1249
-31
788
1068
-47
-2070
-3144
-2195
-1344
-1937
-2587
-2503
-2864
-3609
-4429
-3578
-1264
-926
-2444
-3667
-3181
-1683
-671
-857
-439
348
259
-337
-291
833
2578
2871
2070
1898
2245
2745
3166
3460
4050
4551
3831
3133
3226
3785
4596
4485
3818
3344
3153
2701
2657
2139
-325
130
1328
69
-503
-2184
-3714
-2840
-2415
-2350
-3478
-5238
-5494
-4285
-5080
-4902
-4195
-5073
-5332
-5389
-4934
-3786
-3880
-3609
-2836
-2723
-2572
-1341
-1479
-540
919
926
1236
1246
1621
2886
3559
3540
3997
3987
4012
4631
4740
5248
5874
5454
5567
5679
5843
6480
6706
6596
6970
7213
6981
7404
7725
8292
9205
9025
9371
9504
8432
7183
6364
7706
10402
10127
6603
3676
3433
6106
7713
5779
2890
2163
2303
2124
983
271
1264
1368
-575
-2411
-2769
-1896
-1193
-1717
-2264
-2086
-2843
-3995
-3963
-2596
-735
-891
-2660
-3444
-2409
-1279
-426
-324
21
545
184
-389
303
1610
2765
2836
2069
2035
2540
2768
3014
3670
4136
4323
3544
2783
3094
3865
4246
4137
3470
2932
2210
1487
1847
2364
1994
-109
-2382
-1633
-440
-943
-2214
-3969
-4517
-3927
-3709
-4656
-5269
-5309
-4827
-5166
-6345
-5864
-5100
-5225
-5151
-4759
-4356
-4304
-4354
-3596
-2174
-1731
-1660
-1565
-1492
-224
851
986
1127
1517
2029
2433
2402
2701
3649
3954
3778
3790
3760
4263
4641
4592
4892
5212
5117
5294
5481
5521
5996
6600
6753
6910
7242
7658
8036
8663
7999
6422
5322
5966
8428
9157
6756
3783
2626
4295
6178
5466
2938
1454
1520
1456
835
-283
85
303
-984
-2502
-3131
-2864
-2319
-2682
-3161
-3054
-3238
-4271
-4685
-4089
-2394
-1847
-3009
-3961
-3556
-2391
-1631
-1388
-1192
-463
-400
-926
-730
233
1385
1899
1374
1230
1555
1991
2228
2538
2946
3367
2999
2313
2334
2817
3238
3244
2796
2406
1831
1000
930
1262
1116
198
-1755
-2422
-1695
-1827
-2403
-3609
-4489
-4442
-4495
-5153
-5508
-5509
-5475
-5560
-6482
-6499
-5824
-5728
-5714
-5495
-5195
-4901
-4822
-4618
-3514
-2756
-2598
-2291
-2177
-1474
-512
-91
178
648
1093
1469
1605
1679
2450
2995
2963
2958
3012
3309
3575
3712
4025
4371
4358
4321
4424
4646
5194
5618
5564
5638
5946
6426
6791
7199
7859
6830
5281
4338
5140
7610
7958
5438
2558
1686
3639
5078
4033
1469
658
723
473
-404
-1485
-895
-730
-1842
-3301
-4007
-3801
-3405
-3636
-3859
-3595
-4158
-5347
-5572
-4723
-2976
-2788
-3952
-4669
-4024
-3187
-2497
-2213
-1884
-1152
-1296
-1834
-1448
-411
581
916
466
450
836
1105
1295
1803
2218
2568
2124
1484
1669
2171
2564
2548
2149
1747
1000
519
804
1167
453
-653
-1473
-1898
-1864
-2027
-2748
-3460
-3748
-4009
-4525
-5216
-5254
-4917
-5089
-5638
-5816
-5781
-5765
-5552
-5136
-4762
-4648
-4715
-4477
-3885
-3162
-2391
-2096
-2037
-1467
-714
-155
248
694
1233
1590
1787
2057
2564
2996
3237
3406
3592
3775
4061
4191
4333
4636
4887
5092
5146
5183
5400
5597
5896
6383
6573
6777
6958
7191
8027
8531
7360
5959
5423
6189
8380
8554
5895
3839
3090
4695
5826
4686
2729
1939
1639
1175
821
-47
321
280
-1005
-2064
-2625
-2540
-2170
-2434
-2667
-2528
-3139
-4169
-3987
-3334
-1988
-1784
-2840
-3343
-2731
-2068
-1338
-1048
-786
-149
-345
-773
-297
631
1517
1830
1269
1371
1772
1889
2137
2671
2889
3120
2690
2123
2402
2812
3042
3113
2562
2219
1765
960
1069
1688
1195
-172
-1223
-1587
-1401
-1532
-2392
-3243
-3781
-3895
-4161
-4937
-5275
-4962
-5072
-5746
-6185
-6168
-5808
-5770
-5729
-5278
-5198
-5307
-5067
-4571
-3854
-3149
-2917
-2886
-2392
-1737
-1014
-615
-250
244
680
833
1096
1556
1994
2338
2431
2527
2833
3006
3208
3428
3641
3848
3920
3913
4078
4457
4603
4772
5150
5403
5494
5729
6014
6659
7295
7054
5663
4998
5025
5699
7217
6466
4604
3237
2598
3531
4267
3635
2159
1130
344
295
141
-625
-539
-837
-1763
-2633
-3308
-3383
-2886
-2943
-3203
-3274
-4104
-4540
-4281
-3861
-2776
-2580
-3299
-3669
-3411
-2683
-1788
-1429
-1326
-981
-1059
-1083
-521
101
886
1207
820
829
1136
1422
1808
2153
2297
2499
2222
1848
2097
2322
2582
2575
2281
1831
1089
718
1092
1385
584
-566
-1275
-1498
-1504
-1977
-2729
-3245
-3555
-3808
-4338
-5012
-5124
-4847
-5037
-5538
-5791
-5666
-5605
-5634
-5289
-4899
-4845
-4992
-4793
-4149
-3436
-2897
-2707
-2495
-2052
-1459
-925
-479
-11
503
797
891
1205
1679
2066
2285
2339
2588
2862
2930
3066
3329
3593
3781
3850
3785
3906
4258
4420
4680
4877
4975
5231
5518
5648
6169
6771
6932
5897
4673
5059
5470
6270
6397
4721
3552
3084
3034
3452
3369
2511
1515
582
-312
-4
-224
-857
-1166
-1840
-2416
-2949
-3547
-3505
-3075
-3171
-3547
-4197
-4839
-4331
-3877
-3639
-3154
-3415
-3745
-3693
-3451
-2817
-1935
-1755
-1718
-1636
-1751
-1230
-622
-209
344
426
275
352
585
991
1553
1654
1626
1621
1319
1348
1658
1792
1933
1770
1329
894
260
-20
548
599
-352
-1417
-2199
-2330
-2304
-2600
-3113
-3826
-4456
-4700
-5094
-5500
-5359
-5237
-5701
-6207
-6395
-6164
-6025
-5893
-5510
-5279
-5390
-5369
-4967
-4386
-3607
-3105
-2995
-2793
-2361
-1652
-1002
-521
-11
324
435
659
1067
1519
2008
2193
2266
2351
2469
2708
3017
3254
3384
3500
3574
3738
3803
4022
4488
4569
4607
4882
5078
5383
5674
5989
6589
6814
6082
5010
5122
5899
6325
6130
4916
3975
3996
3872
3535
3223
2984
2537
1595
425
86
514
285
-308
-1139
-1670
-1936
-2340
-2690
-2458
-2140
-2564
-3230
-3777
-3382
-2605
-2639
-2567
-2471
-2419
-2384
-2399
-2045
-1181
-592
-740
-792
-730
-259
285
535
868
1196
1221
1208
1338
1661
2185
2374
2240
2270
2250
2214
2361
2392
2617
2673
2258
1528
920
1140
1531
1217
343
-490
-1132
-1437
-1475
-1784
-2153
-2769
-3425
-3861
-4367
-4351
-4260
-4435
-4964
-5219
-5377
-5359
-5230
-5007
-4623
-4673
-4800
-4610
-4198
-3598
-3011
-2638
-2415
-2095
-1756
-1299
-713
-133
419
559
615
909
1379
1851
2219
2360
2409
2627
2678
2778
3075
3382
3679
3679
3548
3515
3814
4198
4591
4562
4592
4803
4874
5299
5709
6039
6327
6466
5848
5014
5272
6147
6108
5416
4695
4315
4323
4128
3241
2962
2965
2771
1856
587
107
526
372
-530
-1108
-1456
-1759
-2166
-2631
-2428
-2084
-2549
-3196
-3653
-3382
-2841
-2898
-3077
-2653
-2538
-2628
-2715
-2519
-1762
-1133
-1278
-1344
-1139
-775
-414
-163
85
589
726
483
596
848
1416
1645
1484
1437
1581
1553
1634
1685
1745
1784
1609
875
248
274
484
506
-7
-1190
-2079
-2228
-1892
-1952
-2733
-3654
-4265
-4476
-4549
-4565
-4956
-5278
-5535
-5856
-5974
-5933
-5718
-5565
-5519
-5457
-5293
-5157
-4972
-4306
-3797
-3381
-3209
-2973
-2621
-2056
-1351
-866
-593
-436
-205
157
575
1022
1283
1358
1396
1431
1737
2031
2193
2317
2379
2403
2481
2742
2971
3083
3180
3198
3328
3729
3852
4098
4301
4568
5011
5273
5315
4497
4034
4644
5354
5035
4123
3463
3317
3654
3357
2389
2022
1880
1913
1055
-3
-256
98
-354
-1105
-1698
-1961
-2049
-2485
-2821
-2621
-2580
-2977
-3584
-3809
-3216
-2765
-3023
-3276
-3008
-2843
-2712
-2744
-2387
-1777
-1398
-1648
-1574
-1246
-739
-370
-255
-69
329
445
433
631
1002
1462
1526
1395
1437
1573
1651
1809
1809
1863
1727
1533
931
429
593
813
634
18
-1122
-1864
-1828
-1488
-1728
-2486
-3467
-4039
-4113
-4241
-4254
-4504
-4962
-5384
-5564
-5663
-5472
-5314
-5273
-5300
-5362
-5280
-5013
-4745
-4211
-3656
-3465
-3328
-3161
-2846
-2166
-1605
-1185
-919
-832
-604
-251
105
493
811
791
798
917
1101
1319
1489
1596
1647
1790
1801
1925
2114
2224
2477
2480
2538
2849
2965
3063
3381
3698
4018
4369
3943
2955
3138
3787
4216
3677
2413
2065
2386
2514
1777
816
453
698
458
-901
-1673
-1657
-1475
-1986
-2993
-3417
-3511
-3868
-4427
-4459
-4338
-4399
-4906
-5668
-5349
-4691
-4703
-5018
-5187
-4819
-4477
-4570
-4633
-4020
-3522
-3415
-3489
-3470
-2874
-2399
-2314
-2221
-1910
-1518
-1421
-1418
-1203
-635
-350
-483
-469
-435
-126
34
61
109
80
33
-236
-689
-1007
-605
-545
-1124
-1894
-2535
-2672
-2729
-2872
-3120
-3802
-4466
-4727
-4953
-5188
-5110
-5239
-5731
-6068
-6295
-6043
-5917
-5985
-5736
-5583
-5743
-5631
-5296
-4798
-4219
-3907
-3656
-3434
-3201
-2656
-2053
-1568
-1141
-955
-836
-598
-121
309
699
787
803
1003
1064
1278
1499
1688
1821
1831
1861
1997
2242
2450
2599
2656
2770
2923
2969
3362
3626
3806
4232
4253
4657
4531
3630
3876
4452
4861
4499
3401
2778
3178
3466
2855
2156
1574
1592
1496
381
-221
-170
-191
-753
-1537
-2091
-2064
-2254
-2961
-3001
-2986
-3011
-3454
-4165
-4006
-3383
-3425
-3838
-3890
-3810
-3465
-3408
-3518
-3034
-2659
-2600
-2596
-2648
-2193
-1702
-1647
-1592
-1336
-1138
-1045
-922
-833
-399
-235
-319
-245
-210
-81
61
43
-71
35
-42
-199
-327
-782
-1100
-1153
-1184
-1509
-2308
-2806
-3027
-3343
-3514
-3770
-4610
-5112
-5224
-5439
-5686
-5959
-6140
-6278
-6696
-6862
-6568
-6700
-6737
-6589
-6493
-6333
-6196
-5984
-5587
-5289
-4895
-4535
-4410
-4134
-3511
-3046
-2596
-2230
-2033
-1688
-1444
-1214
-787
-502
-368
-208
-168
-72
219
436
570
707
773
991
1159
1238
1483
1718
1886
2004
2186
2393
2774
2982
3173
3590
4006
4328
4370
3869
3385
4056
4816
4892
4208
3013
2863
3566
3791
3310
2404
1899
2052
1887
1063
736
685
424
-59
-825
-1003
-849
-1189
-1564
-1625
-1659
-1769
-2227
-2707
-2221
-1735
-1963
-2227
-2408
-2077
-1578
-1575
-1533
-1176
-967
-902
-860
-653
-91
293
232
421
684
968
1247
1312
1569
1938
2079
2045
2110
2243
2553
2738
2631
2678
2667
2603
2603
2639
2451
2133
1714
1516
1611
1106
492
314
-119
-495
-833
-1117
-1464
-1785
-2084
-2449
-2735
-2931
-2708
-3057
-3407
-3342
-3257
-3263
-3336
-3112
-2793
-2643
-2638
-2349
-1943
-1707
-1299
-1034
-761
-410
-52
297
623
1025
1290
1520
1580
1842
2251
2409
2608
2667
2733
2919
3018
3159
3351
3464
3594
3688
3746
3904
4121
4282
4397
4365
4540
4739
4973
5240
5348
5417
5667
6118
6315
5783
5208
5561
6208
6447
5990
4870
4255
4728
5191
4947
4346
3355
3129
2940
2616
2601
2391
1760
1238
837
520
540
244
-47
-130
-327
-630
-904
-1287
-978
-637
-761
-1032
-1166
-1267
-931
-774
-608
-284
-347
-562
-346
-140
332
700
678
716
873
977
1283
1526
1684
2037
1981
1983
2106
2205
2353
2611
2552
2544
2524
2385
2338
2500
2443
2124
1621
1264
1285
1040
693
401
-191
-620
-843
-1180
-1370
-1649
-1917
-2296
-2643
-2864
-2820
-3022
-3266
-3243
-3290
-3347
-3352
-3301
-3021
-2850
-2661
-2559
-2365
-2161
-1779
-1433
-1237
-883
-671
-358
-66
232
570
801
924
1116
1279
1508
1760
1881
2013
2127
2211
2331
2485
2550
2706
2785
2905
3021
3124
3223
3328
3565
3759
3906
3844
3963
4129
4363
4576
4772
4897
5044
4790
4259
4432
4902
5307
5084
4162
3609
3580
3916
4070
3621
3023
2410
2048
1839
1846
1686
1307
770
250
10
-132
-398
-600
-705
-805
-1143
-1586
-1874
-1669
-1436
-1452
-1625
-1888
-1912
-1919
-1719
-1431
-1183
-1179
-1294
-1343
-1087
-615
-294
-181
-28
43
196
382
638
910
1129
1283
1270
1295
1417
1659
1757
1851
1873
1817
1728
1701
1697
1785
1618
1148
829
546
338
232
2
-349
-686
-1212
-1579
-1857
-2020
-2119
-2272
-2752
-3139
-3253
-3316
-3265
-3325
-3398
-3474
-3641
-3628
-3402
-3167
-2899
-2786
-2818
-2741
-2457
-2215
-1804
-1515
-1291
-1047
-930
-708
-295
14
258
442
525
686
858
1030
1250
1457
1520
1565
1631
1771
2017
2114
2169
2332
2301
2463
2611
2679
2809
2886
2965
3117
3200
3236
3334
3411
3600
3825
3873
3776
3462
3392
3675
3907
3854
3454
2987
2780
2910
2819
2566
2336
1998
1731
1329
1025
952
871
611
24
-290
-572
-651
-896
-1165
-1145
-1340
-1685
-2055
-2123
-1982
-1913
-2018
-2134
-2187
-2208
-2116
-1919
-1762
-1494
-1437
-1527
-1485
-1191
-892
-637
-499
-375
-238
-54
107
299
515
708
811
857
862
967
1121
1223
1306
1233
1191
1201
1109
899
740
561
311
294
136
-152
-493
-798
-1059
-1200
-1321
-1642
-1954
-2347
-2442
-2440
-2566
-2704
-2872
-3035
-3051
-3028
-2976
-2935
-2934
-2874
-2704
-2639
-2494
-2205
-2085
-1861
-1611
-1445
-1231
-1022
-706
-409
-142
13
213
433
619
924
1079
1310
1420
1510
1650
1761
1915
2065
2153
2203
2313
2399
2490
2619
2656
2681
2797
2880
2930
2940
2989
3059
3215
3272
3365
3397
3387
3491
3530
3619
3408
3216
3443
3528
3492
3221
2883
2763
2870
2955
2711
2325
1956
1794
1749
1630
1414
1027
722
486
367
286
-46
-460
-597
-540
-616
-888
-1140
-1270
-1140
-1143
-1252
-1306
-1380
-1306
-1326
-1199
-1072
-930
-950
-948
-795
-555
-370
-300
-244
-57
85
145
256
376
452
594
633
711
792
843
899
914
942
932
837
605
532
388
491
501
48
-318
-456
-566
-541
-690
-1087
-1323
-1575
-1720
-1712
-1957
-2078
-2154
-2374
-2489
-2532
-2649
-2682
-2633
-2613
-2578
-2655
-2729
-2494
-2343
-2186
-2014
-1974
-1862
-1647
-1444
-1166
-944
-858
-603
-453
-320
-34
140
264
437
494
644
767
814
938
1124
1230
1233
1239
1198
1367
1514
1515
1643
1611
1532
1604
1643
1817
1847
1819
1832
1844
1968
2038
2054
2054
2027
2014
2149
2276
2232
1995
1831
1984
2112
2140
1873
1656
1481
1560
1573
1359
1245
1039
863
650
504
422
299
-35
-86
-221
-460
-636
-748
-918
-869
-1001
-1307
-1475
-1455
-1374
-1381
-1542
-1642
-1654
-1705
-1670
-1503
-1501
-1496
-1530
-1559
-1420
-1373
-1388
-1336
-1230
-1152
-1067
-1122
-1127
-989
-975
-943
-856
-936
-956
-1028
-1045
-1008
-989
-1053
-1137
-1271
-1372
-1336
-1438
-1523
-1609
-1736
-1789
-1910
-2037
-2094
-2197
-2326
-2359
-2501
-2601
-2576
-2696
-2770
-2779
-2797
-2910
-2943
-2952
-2849
-2804
-2872
-2799
-2763
-2696
-2584
-2486
-2393
-2314
-2216
-2177
-2059
-1971
-1891
-1788
-1717
-1635
-1583
-1532
-1383
-1320
-1218
-1110
-1082
-1034
-964
-879
-828
-758
-676
-564
-595
-539
-525
-449
-353
-302
-265
-327
-269
-296
-161
-16
-40
21
-68
-152
12
158
217
17
-178
-205
-39
33
-123
-350
-512
-493
-396
-513
-682
-776
-917
-1011
-1141
-1232
-1258
-1455
-1630
-1722
-1806
-1854
-1980
-2079
-2176
-2207
-2301
-2392
-2475
-2553
-2521
-2584
-2695
-2598
-2658
-2767
-2734
-2719
-2631
-2645
-2732
-2738
-2717
-2667
-2623
-2601
-2663
-2670
-2658
-2625
-2489
-2501
-2523
-2476
-2469
-2443
-2421
-2396
-2368
-2322
-2349
-2353
-2328
-2393
-2389
-2365
-2371
-2358
-2405
-2448
-2424
-2428
-2470
-2415
-2456
-2463
-2499
-2549
-2536
-2558
-2567
-2566
-2597
-2655
-2592
-2574
-2595
-2610
-2607
-2572
-2545
-2531
-2476
-2417
-2445
-2388
-2349
-2345
-2303
-2300
-2307
-2230
-2190
-2148
-2125
-2144
-2075
-1993
-1992
-1995
-1944
-1913
-1829
-1820
-1789
-1770
-1740
-1694
-1657
-1658
-1554
-1454
-1477
-1419
-1417
-1428
-1321
-1278
-1210
-1162
-1203
-1136
-1041
-973
-904
-881
-971
-918
-762
-818
-778
-861
-946
-884
-822
-862
-887
-847
-875
-851
-975
-1057
-970
-940
-944
-950
-1123
-1119
-1011
-1036
-1015
-1056
-1118
-1024
-1096
-1161
-1074
-1063
-1133
-1090
-1106
-1086
-1056
-1171
-1103
-1040
-1057
-1061
-1133
-1139
-1075
-1075
-1108
-1056
-1125
-1270
-1237
-1276
-1154
-1134
-1295
-1292
-1332
-1336
-1291
-1289
-1339
-1289
-1320
-1309
-1350
-1401
-1341
-1277
-1313
-1344
-1304
-1350
-1279
-1263
-1223
-1172
-1168
-1155
-1150
-1123
-1034
-952
-931
-898
-852
-817
-693
-633
-629
-529
-545
-527
-450
-375
-233
-192
-198
-192
-145
-109
-12
92
86
107
129
144
214
225
237
225
242
253
282
250
279
262
237
228
223
218
221
222
221
247
255
290
248
223
238
283
312
327
279
212
257
226
263
291
241
236
168
149
204
216
187
152
94
62
52
68
57
70
39
-27
-6
-82
-110
-125
-154
-200
-274
-337
-386
-447
-484
-480
-529
-575
-623
-705
-760
-720
-781
-796
-900
-956
-890
-920
-964
-964
-1027
-1023
-1055
-1114
-1131
-1106
-1044
-1048
-1092
-1122
-1103
-1044
-1015
-1000
-974
-945
-868
-838
-823
-741
-726
-672
-601
-551
-508
-473
-373
-288
-227
-131
-161
-122
-17
86
132
183
262
242
300
352
359
468
508
505
551
623
698
692
737
787
800
788
801
883
888
917
968
965
968
991
1044
1090
1107
1066
1130
1167
1207
1206
1201
1235
1320
1325
1345
1281
1268
1260
1239
1244
1213
1151
1096
1053
1003
1037
994
961
861
803
812
717
679
622
585
504
447
420
396
325
228
221
162
71
77
14
-112
-85
-111
-123
-187
-260
-321
-337
-358
-369
-476
-532
-547
-580
-659
-695
-725
-790
-805
-891
-960
-1088
-1254
-1304
-1330
-1387
-1461
-1628
-1774
-1839
-1965
-2084
-2161
-2316
-2450
-2527
-2640
-2692
-2768
-2847
-2799
-2877
-2929
-2875
-2855
-2771
-2648
-2569
-2499
-2427
-2351
-2273
-2202
-2166
-2047
-2002
-2036
-1969
-1936
-1915
-1889
-1882
-1792
-1729
-1748
-1717
-1638
-1614
-1510
-1473
-1415
-1320
-1282
-1205
-1123
-988
-931
-795
-719
-624
-535
-410
-262
-168
-26
102
207
325
487
634
738
900
993
1123
1252
1359
1451
1507
1631
1742
1856
1976
2058
2104
2158
2270
2314
2408
2496
2550
2618
2623
2633
2677
2716
2722
2804
2788
2810
2819
2812
2801
2845
2846
2839
2776
2725
2777
2806
2815
2797
2699
2686
2678
2631
2621
2621
2577
2580
2585
2562
2518
2513
2504
2512
2474
2485
2410
2400
2393
2353
2390
2401
2358
2339
2367
2287
2297
2324
2282
2246
2234
2147
2182
2176
2146
2195
2124
2053
2047
2019
2077
2031
1978
1948
1882
1903
1837
1779
1766
1782
1795
1746
1675
1669
1636
1631
1645
1569
1594
1527
1496
1519
1493
1466
1471
1389
1408
1464
1371
1366
1338
1321
1289
1255
1204
1171
1136
1117
1138
1105
1055
1007
937
882
878
825
776
740
684
641
577
526
478
414
346
297
282
199
100
38
28
-39
-99
-163
-232
-254
-328
-407
-459
-480
-574
-671
-708
-821
-867
-910
-1022
-1105
-1199
-1240
-1383
-1447
-1484
-1612
-1676
-1741
-1774
-1907
-1932
-1956
-2046
-2085
-2143
-2166
-2213
-2252
-2259
-2296
-2296
-2247
-2273
-2287
-2234
-2246
-2192
-2135
-2216
-2202
-2233
-2238
-2277
-2341
-2420
-2539
-2699
-2890
-3106
-3333
-3532
-3773
-3978
-4199
-4376
-4489
-4518
-4490
-4414
-4223
-3959
-3698
-3375
-3012
-2653
-2387
-2068
-1806
-1694
-1498
-1403
-1277
-1199
-1105
-1031
-1010
-938
-932
-857
-761
-709
-639
-598
-543
-501
-395
-322
-240
-129
-64
26
35
68
106
160
144
174
201
200
240
252
205
194
157
135
48
-1
-46
-124
-121
-187
-256
-345
-388
-438
-522
-566
-638
-690
-723
-801
-818
-886
-916
-892
-947
-953
-1042
-1076
-1036
-1060
-1072
-1092
-1085
-1092
-1053
-1062
-1024
-1013
-1008
-965
-943
-874
-852
-834
-788
-733
-731
-665
-620
-635
-590
-578
-541
-502
-471
-439
-394
-367
-323
-358
-375
-351
-365
-327
-344
-350
-344
-369
-317
-305
-297
-226
-229
-190
-181
-146
-90
-1
53
99
173
210
254
319
375
437
462
477
512
535
554
539
562
585
580
584
566
574
601
570
599
578
557
567
519
540
535
500
469
434
431
366
338
321
322
266
239
201
142
156
106
139
113
95
99
108
95
38
46
20
11
33
4
-30
-53
-40
-46
-82
-111
-114
-162
-160
-179
-244
-244
-302
-312
-309
-340
-359
-381
-397
-397
-419
-473
-474
-502
-552
-534
-563
-546
-589
-614
-589
-583
-589
-598
-624
-602
-643
-682
-686
-719
-763
-828
-913
-978
-1042
-1176
-1205
-1277
-1347
-1469
-1519
-1617
-1764
-1827
-1979
-2082
-2187
-2335
-2398
-2471
-2570
-2645
-2759
-2871
-2974
-3080
-3209
-3284
-3367
-3422
-3487
-3540
-3593
-3633
-3614
-3613
-3554
-3521
-3502
-3332
-3243
-3121
-2926
-2740
-2535
-2353
-2174
-1932
-1666
-1417
-1202
-995
-801
-577
-345
-175
7
147
252
311
445
540
569
609
654
660
640
663
641
613
603
564
570
564
499
447
428
428
408
397
317
282
211
149
119
3
-33
-103
-114
-103
-142
-100
-81
-31
98
210
312
410
507
627
728
851
977
1091
1196
1307
1387
1465
1483
1570
1624
1686
1724
1757
1862
1834
1908
1971
2003
2011
2064
2090
2114
2100
2144
2195
2171
2179
2160
2131
2105
2117
2119
2074
2060
2041
1971
1935
1897
1859
1796
1779
1739
1677
1644
1576
1522
1429
1405
1423
1339
1336
1338
1328
1319
1321
1297
1327
1308
1370
1406
1429
1430
1472
1468
1523
1550
1532
1606
1641
1725
1737
1802
1803
1870
1884
1915
1964
1978
2020
2020
2076
2079
2154
2145
2238
2329
2311
2369
2326
2341
2403
2411
2385
2453
2440
2433
2456
2449
2425
2451
2458
2459
2556
2556
2538
2534
2513
2499
2522
2487
2522
2566
2584
2546
2558
2615
2597
2627
2613
2618
2597
2644
2608
2570
2600
2590
2646
2641
2644
2652
2666
2672
2671
2640
2657
2639
2631
2671
2672
2609
2578
2667
2624
2601
2658
2634
2661
2696
2670
2657
2667
2671
2678
2695
2685
2646
2646
2633
2606
2581
2568
2585
2570
2612
2601
2553
2527
2551
2494
2479
2486
2460
2435
2427
2448
2421
2411
2383
2414
2398
2393
2372
2333
2326
2350
2303
2323
2336
2325
2339
2303
2314
2316
2276
2305
2304
2231
2225
2206
2173
2208
2172
2130
2149
2138
2095
2072
2026
1999
1989
1943
1895
1894
1887
1854
1836
1770
1727
1671
1665
1598
1547
1504
1440
1425
1371
1368
1321
1285
1234
1189
1167
1118
1130
1060
1044
1026
992
960
970
911
897
884
846
815
849
883
859
844
840
855
829
857
865
858
879
906
888
871
875
868
857
907
863
846
885
853
933
916
970
982
986
1020
1021
1015
1011
1062
1050
1039
1032
1082
1019
1031
1076
1069
1077
1071
1055
1090
1016
1009
1010
1000
1032
954
987
1002
953
936
905
860
899
828
816
830
819
808
807
790
782
748
744
696
695
700
680
704
650
644
666
670
669
693
731
727
709
723
739
759
763
827
868
880
962
990
1017
1050
1097
1140
1155
1178
1244
1259
1254
1275
1324
1325
1347
1393
1374
1419
1440
1477
1481
1449
1492
1496
1472
1513
1552
1582
1584
1579
1580
1598
1656
1664
1707
1751
1684
1745
1776
1775
1765
1807
1857
1838
1872
1901
1875
1914
1944
1955
1984
1991
2001
2053
2086
2088
2111
2128
2124
2117
2150
2134
2154
2194
2174
2174
2193
2194
2209
2245
2208
2254
2262
2226
2252
2254
2235
2231
2238
2240
2207
2220
2262
2230
2263
2213
2204
2199
2188
2184
2203
2157
2156
2189
2142
2142
2148
2150
2103
2131
2166
2131
2138
2142
2118
2070
2092
2100
2078
2083
2052
2092
2084
2085
2052
2031
1994
2005
2069
1987
1967
2002
2006
1982
1991
1933
1902
1899
1833
1878
1857
1835
1834
1774
1822
1798
1766
1748
1739
1707
1707
1706
1630
1626
1580
1574
1502
1499
1519
1461
1479
1455
1421
1448
1352
1295
1343
1263
1237
1230
1218
1148
1114
1110
1065
1078
995
979
972
955
931
906
909
911
868
873
835
850
851
820
837
737
815
790
814
781
749
742
728
698
718
732
716
719
727
726
679
686
709
750
720
686
679
706
708
737
689
693
681
730
745
703
690
687
682
705
677
721
672
661
670
642
623
664
634
640
672
609
679
668
627
650
657
660
659
648
612
682
685
691
682
694
728
644
673
682
722
663
664
656
661
675
674
696
709
658
671
706
698
662
700
697
714
709
722
730
706
707
665
674
622
659
652
665
638
624
693
650
680
706
667
670
644
620
589
607
589
658
631
589
633
646
625
647
586
595
573
571
604
589
600
577
564
587
595
550
582
553
562
578
595
612
636
615
617
642
605
598
597
609
640
645
628
625
632
620
698
651
677
680
665
649
675
651
645
678
683
691
683
679
731
694
678
712
741
711
687
763
715
744
706
683
706
686
631
677
664
654
660
647
627
644
674
691
669
631
619
606
644
637
627
612
609
602
588
594
596
572
569
562
577
592
623
612
621
608
599
617
578
577
556
560
528
538
573
528
518
499
557
551
513
491
480
483
502
491
487
485
485
501
477
509
485
449
468
424
395
415
359
358
388
387
384
328
338
359
345
356
340
321
359
348
318
300
334
329
329
329
324
305
304
344
335
315
316
353
328
280
286
277
296
329
322
289
270
271
265
273
247
255
301
279
306
307
311
309
330
335
302
289
299
297
320
307
282
280
246
243
245
236
235
218
195
153
182
174
172
178
146
138
110
139
102
87
99
52
116
111
75
88
89
72
60
51
66
58
53
58
44
48
26
35
60
17
50
59
23
47
31
18
67
57
25
18
-22
-47
-82
-89
-20
-29
-53
-49
-58
-90
-60
-70
-94
-80
-115
-107
-98
-112
-103
-82
-106
-146
-145
-130
-174
-144
-129
-156
-121
-150
-145
-166
-160
-117
-110
-124
-123
-118
-125
-105
-119
-122
-130
-121
-110
-166
-143
-183
-174
-158
-150
-125
-110
-141
-134
-120
-151
-160
-135
-123
-98
-104
-147
-114
-131
-179
-169
-149
-133
-123
-172
-150
-168
-182
-172
-223
-179
-188
-185
-201
-171
-192
-151
-155
-201
-178
-177
-172
-222
-190
-179
-174
-125
-171
-164
-144
-142
-154
-210
-139
-155
-224
-170
-164
-188
-213
-226
-228
-228
-231
-223
-243
-310
-314
-300
-275
-292
-299
-359
-372
-349
-378
-367
-373
-416
-445
-448
-440
-417
-419
-388
-411
-432
-429
-430
-435
-436
-432
-440
-462
-441
-409
-470
-470
-482
-478
-468
-519
-542
-518
-512
-517
-514
-529
-521
-528
-563
-518
-557
-566
-543
-574
-557
-559
-551
-579
-581
-595
-592
-586
-579
-567
-603
-570
-566
-553
-583
-595
-622
-611
-625
-644
-615
-606
-593
-613
-604
-545
-560
-575
-575
-545
-546
-531
-535
-548
-512
-547
-563
-548
-539
-540
-547
-542
-572
-564
-558
-535
-494
-475
-482
-462
-476
-471
-481
-464
-448
-473
-479
-463
-447
-476
-504
-480
-491
-523
-481
-516
-508
-500
-521
-487
-464
-427
-437
-475
-474
-497
-488
-498
-514
-538
-538
-533
-559
-567
-538
-546
-481
-487
-523
-484
-467
-462
-489
-463
-474
-490
-465
-480
-484
-498
-556
-493
-499
-509
-464
-493
-530
-517
-525
-514
-501
-515
-559
-576
-546
-573
-612
-585
-602
-588
-546
-505
-570
-581
-577
-602
-550
-577
-579
-543
-584
-563
-579
-606
-590
-603
-594
-580
-585
-587
-582
-597
-643
-628
-612
-629
-625
-636
-622
-582
-585
-587
-603
-643
-643
-628
-600
-622
-632
-660
-696
-665
-697
-640
-650
-695
-696
-660
-650
-698
-685
-694
-702
-684
-656
-708
-685
-639
-690
-687
-672
-725
-734
-733
-686
-699
-674
-724
-724
-706
-725
-664
-696
-687
-644
-658
-637
-661
-681
-655
-660
-668
-679
-749
-712
-678
-723
-715
-726
-675
-717
-722
-676
-704
-711
-702
-687
-711
-712
-709
-751
-706
-682
-694
-689
-737
-741
-685
-656
-700
-691
-671
-669
-707
-695
-660
-658
-646
-634
-670
-706
-664
-686
-693
-683
-678
-694
-692
-686
-665
-645
-641
-679
-684
-650
-679
-700
-694
-717
-689
-644
-703
-659
-665
-663
-624
-627
-658
-615
-584
-623
-638
-616
-640
-672
-652
-624
-654
-658
-659
-643
-656
-686
-682
-663
-667
-680
-640
-681
-692
-674
-705
-705
-693
-691
-672
-672
-681
-659
-705
-743
-726
-687
-704
-683
-710
-681
-693
-722
-688
-730
-757
-756
-731
-730
-743
-760
-731
-720
-708
-702
-736
-703
-722
-723
-739
-745
-741
-762
-754
-776
-761
-760
-759
-744
-808
-830
-847
-873
-855
-871
-849
-845
-825
-796
-806
-790
-775
-803
-766
-796
-816
-796
-802
-807
-811
-830
-817
-778
-791
-773
-757
-790
-781
-803
-798
-801
-815
-807
-808
-815
-817
-779
-806
-806
-812
-825
-794
-789
-799
-793
-790
-757
-758
-786
-766
-751
-772
-762
-755
-764
-775
-773
-799
-790
-763
-762
-769
-780
-800
-742
-749
-816
-804
-782
-756
-742
-727
-761
-740
-739
-771
-724
-761
-757
-727
-735
-686
-701
-737
-736
-746
-702
-686
-693
-712
-686
-703
-684
-673
-702
-686
-718
-676
-681
-663
-674
-681
-689
-687
-670
-687
-669
-719
-694
-693
-692
-620
-638
-623
-606
-621
-619
-588
-587
-627
-637
-628
-639
-655
-627
-638
-638
-664
-644
-652
-683
-670
-630
-693
-665
-664
-711
-684
-701
-720
-720
-660
-655
-685
-686
-653
-661
-677
-625
-645
-695
-659
-653
-654
-685
-671
-619
-634
-638
-644
-652
-633
-576
-582
-569
-579
-579
-587
-603
-560
-618
-651
-578
-589
-546
-594
-583
-543
-604
-587
-584
-534
-547
-580
-534
-518
-552
-552
-563
-567
-591
-597
-568
-578
-570
-564
-614
-566
-553
-583
-569
-607
-575
-584
-606
-587
-636
-576
-588
-595
-612
-614
-602
-591
-600
-640
-612
-642
-644
-648
-631
-608
-589
-624
-652
-596
-603
-654
-632
-641
-622
-627
-591
-655
-688
-646
-690
-653
-677
-653
-674
-693
-624
-614
-614
-635
-662
-643
-633
-663
-671
-678
-646
-687
-664
-674
-703
-671
-679
-667
-695
-670
-701
-710
-664
-733
-752
-731
-757
-749
-690
-694
-702
-684
-696
-670
-695
-719
-722
-707
-693
-652
-693
-682
-647
-675
-627
-727
-678
-666
-687
-680
-714
-693
-695
-616
-649
-607
-614
-644
-634
-647
-650
-655
-651
-651
-625
-620
-595
-586
-586
-565
-611
-577
-566
-575
-586
-618
-599
-607
-626
-611
-593
-604
-586
-538
-577
-592
-556
-537
-508
-525
-503
-505
-467
-469
-505
-505
-518
-507
-513
-540
-562
-532
-558
-557
-523
-522
-515
-538
-539
-536
-548
-521
-535
-574
-549
-531
-557
-514
-518
-492
-497
-508
-542
-543
-530
-524
-527
-572
-558
-546
-560
-553
-556
-577
-588
-598
-604
-578
-592
-590
-582
-550
-567
-572
-568
-584
-581
-559
-553
-570
-555
-595
-569
-560
-571
-589
-567
-545
-588
-572
-585
-596
-577
-575
-623
-591
-605
-604
-572
-564
-608
-633
-568
-566
-588
-629
-604
-589
-567
-601
-578
-605
-596
-579
-573
-577
-565
-573
-591
-577
-587
-515
-572
-591
-614
-603
-615
-623
-647
-639
-588
-557
-581
-534
-497
-519
-492
-522
-560
-519
-521
-530
-527
-518
-502
-531
-512
-545
-569
-540
-572
-525
-520
-514
-563
-535
-500
-513
-490
-529
-497
-505
-479
-466
-485
-509
-528
-519
-545
-502
-520
-481
-487
-475
-472
-454
-493
-516
-466
-503
-478
-450
-501
-502
-457
-503
-469
-534
-495
-463
-465
-521
-484
-471
-473
-416
-472
-439
-447
-462
-422
-413
-449
-434
-460
-439
-424
-456
-415
-437
-427
-410
-435
-474
-492
-464
-482
-455
-457
-452
-469
-462
-453
-465
-451
-414
-491
-513
-503
-519
-503
-521
-544
-558
-489
-520
-492
-490
-481
-452
-493
-450
-456
-453
-440
-441
-426
-437
-431
-429
-432
-465
-451
-431
-443
-396
-384
-437
-423
-449
-429
-440
-428
-457
-439
-433
-405
-424
-460
-419
-448
-433
-432
-410
-434
-472
-428
-418
-405
-391
-421
-472
-493
-481
-453
-441
-428
-465
-448
-459
-474
-453
-482
-471
-500
-526
-518
-487
-508
-481
-509
-492
-497
-528
-563
-529
-568
-564
-548
-552
-552
-561
-551
-588
-555
-575
-547
-572
-513
-515
-549
-534
-513
-506
-520
-467
-556
-551
-521
-520
-516
-542
-529
-544
-528
-508
-470
-472
-499
-453
-486
-433
-425
-437
-405
-463
-447
-485
-478
-423
-392
-437
-430
-422
-434
-461
-448
-429
-422
-411
-429
-411
-389
-390
-429
-382
-409
-428
-455
-428
-445
-449
-432
-455
-456
-461
-402
-426
-403
-371
-413
-440
-411
-434
-441
-459
-452
-443
-442
-429
-440
-420
-448
-446
-442
-430
-417
-437
-436
-456
-424
-428
-416
-394
-425
-437
-419
-430
-428
-445
-418
-389
-401
-374
-411
-422
-386
-416
-393
-378
-409
-413
-363
-395
-372
-377
-391
-400
-394
-382
-395
-376
-377
-351
-410
-353
-424
-402
-377
-359
-331
-371
-373
-395
-384
-395
-393
-406
-381
-355
-333
-350
-371
-385
-367
-372
-352
-315
-326
-348
-355
-359
-343
-382
-356
-367
-382
-385
-393
-360
-377
-378
-365
-304
-309
-280
-307
-330
-341
-362
-308
-310
-357
-395
-336
-328
-356
-372
-353
-337
-337
-356
-316
-321
-346
-329
-321
-283
-313
-300
-285
-310
-294
-290
-319
-344
-321
-305
-304
-297
-319
-377
-323
-338
-329
-334
-312
-377
-401
-326
-368
-365
-352
-358
-376
-312
-327
-330
-317
-352
-343
-312
-339
-306
-313
-277
-271
-312
-321
-347
-336
-324
-256
-240
-244
-291
-281
-259
-302
-322
-341
-363
-296
-273
-236
-281
-274
-268
-249
-233
-240
-261
-316
-262
-309
-319
-278
-314
-307
-278
-253
-299
-288
-272
-323
-321
-284
-289
-276
-278
-286
-278
-300
-258
-306
-338
-266
-289
-301
-289
-264
-230
-272
-265
-274
-241
-243
-237
-247
-216
-224
-272
-259
-259
-264
-239
-254
-256
-234
-232
-246
-270
-288
-274
-251
-240
-232
-256
-264
-260
-244
-235
-237
-245
-233
-247
-241
-245
-266
-247
-247
-242
-274
-256
-269
-251
-231
-244
-188
-179
-186
-195
-177
-181
-239
-225
-217
-216
-206
-194
-223
-240
-251
-204
-214
-284
-254
-269
-235
-271
-249
-198
-256
-258
-294
-288
-278
-309
-291
-258
-269
-323
-277
-332
-330
-299
-325
-285
-301
-314
-288
-270
-294
-261
-232
-226
-219
-251
-256
-260
-266
-327
-261
-239
-241
-205
-240
-280
-252
-196
-220
-280
-245
-261
-261
-230
-282
-212
-210
-226
-234
-224
-215
-229
-231
-210
-193
-230
-217
-201
-228
-209
-208
-185
-197
-176
-184
-192
-179
-197
-187
-144
-149
-203
-156
-171
-151
-177
-174
-107
-111
-135
-131
-162
-186
-175
-136
-117
-158
