-213
-181
-197
-204
-239
-204
-185
-210
-204
-211
-192
-203
-180
-205
-181
-175
-157
-182
-161
-185
-183
-170
-181
-153
-204
-180
-190
-233
-221
-191
-211
-211
-225
-253
-237
-241
-238
-225
-211
-197
-215
-228
-186
-238
-250
-204
-238
-228
-199
-190
-219
-236
-196
-190
-194
-155
-187
-174
-192
-201
-158
-172
-170
-166
-213
-232
-221
-221
-186
-174
-185
-192
-190
-176
-207
-200
-142
-142
-152
-187
-240
-177
-199
-231
-208
-228
-207
-229
-208
-215
-192
-181
-188
-160
-145
-162
-169
-155
-176
-191
-171
-168
-162
-158
-158
-160
-165
-165
-173
-190
-196
-183
-151
-125
-172
-168
-204
-186
-174
-188
-170
-186
-158
-155
-158
-169
-142
-172
-199
-187
-217
-226
-214
-226
-179
-227
-247
-236
-221
-200
-207
-217
-188
-201
-236
-195
-191
-210
-243
-217
-245
-259
-228
-194
-229
-219
-207
-219
-225
-270
-261
-271
-283
-286
-275
-262
-294
-286
-287
-279
-284
-265
-282
-280
-268
-338
-301
-262
-281
-261
-303
-278
-250
-307
-298
-321
-303
-284
-299
-270
-303
-262
-218
-238
-173
-178
-227
-186
-223
-231
-218
-223
-217
-162
-159
-202
-193
-197
-217
-208
-136
-166
-167
-179
-169
-149
-180
-177
-190
-174
-177
-164
-132
-140
-145
-127
-92
-128
-113
-118
-121
-109
-80
-86
-127
-143
-99
-99
-122
-84
-89
-63
-77
-85
-71
-87
-61
-64
-87
-59
-41
-71
-56
-74
-61
-43
-49
-71
-65
-61
-67
-83
-71
-104
-133
-142
-130
-116
-112
-105
-165
-87
-78
-98
-77
-86
-137
-114
-114
-124
-142
-137
-137
-156
-119
-99
-63
-109
-99
-142
-123
-122
-149
-91
-143
-103
-96
-74
-86
-85
-60
-85
-86
-84
-93
-85
-73
-104
-93
-62
-55
-43
-50
-73
-48
-45
-75
-70
-37
-40
-88
-104
-63
-62
-83
-42
-25
-43
-58
-38
-75
-37
-8
-21
-9
19
13
0
33
17
48
27
26
63
51
29
-1
-17
-22
29
50
18
32
54
19
6
41
3
41
57
20
49
22
24
47
43
45
48
52
75
55
3
28
34
60
39
22
-7
1
9
4
4
12
4
35
39
18
44
35
40
7
22
0
21
10
21
4
12
-11
-15
-13
-49
-22
-48
-12
-36
-25
4
0
8
-11
-18
8
4
-41
-6
-45
-18
-59
-36
-12
-57
-55
-42
-9
-47
-16
-34
-38
-62
-77
-48
-66
-127
-109
-79
-107
-119
-124
-106
-72
-74
-99
-83
-101
-71
-77
-87
-118
-119
-95
-98
-82
-122
-84
-122
-113
-100
-79
-107
-131
-108
-94
-123
-130
-87
-76
-61
-83
-61
-29
-52
-26
-30
9
-18
-17
-10
-42
-25
-29
-8
-10
-10
0
2
17
-15
-3
1
3
-21
-47
-15
-46
-26
-3
13
39
25
42
2
21
31
-15
49
40
32
48
6
41
54
58
60
63
62
52
62
39
47
22
18
-2
-6
-20
-4
8
-4
9
-2
-4
20
-3
13
4
-64
-4
-18
-26
-55
-26
-6
-42
-28
6
-41
-8
-14
-29
4
-20
1
-41
-33
-14
-37
-65
-22
-44
-33
14
2
9
-9
-13
12
-6
0
36
6
-29
-37
-35
-25
-67
-50
-45
-70
-79
-40
-11
-38
-54
-50
-18
-49
-57
-48
-61
-60
-78
-74
-79
-40
-47
-48
-72
-68
-41
-47
-33
-45
-51
-75
-55
-40
-42
-37
-49
-26
-48
-22
-40
-43
-28
-60
-61
-66
-59
-38
-52
-58
-58
-33
-26
-75
-11
-16
-17
-2
-15
1
1
-17
-46
-25
-19
25
15
-9
47
40
18
3
17
34
33
44
-35
-9
-5
-8
20
-3
-1
-30
12
21
7
15
-18
19
-3
-9
49
-4
-15
15
2
1
1
50
43
3
-11
3
22
43
-17
-28
15
22
16
18
29
29
60
50
26
5
1
7
3
-1
28
47
12
10
24
-13
-8
38
-18
-6
3
-2
10
21
37
-11
16
67
51
56
58
25
21
5
79
55
56
75
71
74
74
78
70
64
52
64
65
68
53
61
85
57
68
103
97
67
59
78
80
60
65
92
46
68
93
80
51
83
54
34
59
42
56
55
87
76
59
69
63
24
35
44
55
48
81
67
77
82
65
63
48
130
81
43
71
77
60
36
52
54
26
40
92
67
39
66
81
67
39
65
75
91
85
28
50
40
33
35
33
53
36
17
28
39
37
48
59
58
45
41
69
51
53
29
54
81
88
80
70
53
85
69
30
43
51
93
104
56
88
119
100
108
104
73
98
99
59
90
86
71
136
121
124
124
100
118
108
90
62
109
91
95
94
103
76
57
88
91
59
104
106
83
99
77
51
31
50
88
68
93
89
62
79
31
73
56
44
65
54
51
64
71
61
75
35
46
58
53
58
70
56
61
54
27
34
40
69
64
17
15
46
50
84
62
45
62
84
107
87
24
11
32
-3
-18
59
63
33
51
75
131
115
112
71
118
106
89
127
135
91
78
111
93
119
97
101
127
131
68
49
102
134
92
96
101
55
119
106
105
75
72
60
100
124
99
126
126
98
158
175
111
124
137
150
166
117
141
156
141
113
131
162
141
121
125
122
97
129
106
92
72
128
128
115
93
98
143
116
110
138
126
163
158
123
123
98
105
115
131
122
101
119
132
179
128
124
130
126
160
133
172
154
155
126
107
138
139
146
127
144
155
157
149
154
155
165
177
198
151
162
154
152
146
162
189
164
212
166
163
167
188
159
181
179
190
195
213
203
168
161
187
183
126
150
141
167
187
179
253
198
162
166
210
212
204
220
197
216
220
193
219
199
163
223
204
169
159
183
174
173
173
175
207
163
166
145
165
167
156
152
187
157
150
180
154
140
157
150
152
150
172
162
142
151
132
182
162
146
221
215
173
175
160
160
185
170
165
177
155
168
168
205
223
207
212
163
167
133
121
169
158
99
129
129
90
136
140
175
163
149
146
97
113
111
80
62
93
115
123
121
85
88
103
105
102
117
86
39
82
80
114
103
91
102
62
115
95
128
90
104
111
104
136
114
96
132
118
126
117
93
104
121
135
88
89
88
82
37
131
107
79
119
73
79
92
87
88
67
96
115
76
95
100
77
109
120
131
80
111
157
113
82
118
59
73
84
76
102
95
83
53
44
17
51
70
102
105
105
61
61
115
70
77
48
66
62
35
71
52
55
76
45
75
89
82
82
83
74
70
108
80
110
105
129
87
94
98
107
131
146
179
156
149
171
195
187
194
196
192
225
205
221
202
233
239
196
186
180
215
183
179
137
146
188
175
182
159
140
195
134
139
138
167
196
150
181
201
150
120
135
110
118
93
125
125
127
112
112
160
159
139
135
153
149
164
133
142
136
139
129
121
136
124
155
111
141
128
164
149
136
182
152
145
142
150
126
152
156
138
148
174
167
148
122
137
122
107
117
124
101
102
128
103
63
87
143
131
98
136
131
120
128
90
79
114
108
106
107
84
93
106
120
107
110
115
124
128
134
118
126
87
125
128
82
86
109
99
96
108
99
127
136
103
120
122
112
107
100
120
153
140
117
68
52
55
43
103
48
11
54
19
63
50
75
87
63
25
27
47
45
76
68
48
60
51
72
49
38
82
43
82
46
65
62
56
81
66
75
64
49
81
56
7
61
36
42
43
52
71
80
56
42
25
48
13
-1
32
2
23
-6
-40
-29
-8
-35
-19
-28
-44
-12
5
-26
-5
-1
3
11
-17
-28
5
3
-5
-27
-23
-69
-62
-52
-84
-47
-53
-24
-16
-12
-13
4
-35
-26
-20
-39
-25
2
-20
-38
-32
-46
-46
-16
-4
-26
-26
-19
-26
-60
-69
-68
-55
-88
-102
-60
-64
-57
-113
-84
-83
-103
-66
-87
-68
-116
-86
-83
-57
-85
-106
-71
-105
-88
-158
-126
-121
-153
-120
-104
-102
-145
-145
-130
-162
-159
-142
-162
-187
-192
-203
-228
-173
-161
-168
-192
-169
-181
-211
-183
-182
-175
-166
-157
-149
-191
-191
-157
-198
-182
-209
-210
-209
-220
-225
-246
-248
-277
-238
-206
-248
-242
-224
-237
-225
-230
-223
-216
-176
-181
-216
-214
-188
-278
-254
-238
-246
-225
-249
-190
-196
-203
-247
-257
-241
-248
-233
-268
-297
-264
-246
-207
-257
-269
-291
-298
-305
-342
-323
-325
-297
-295
-321
-327
-307
-293
-325
-320
-292
-305
-343
-311
-314
-305
-301
-280
-289
-314
-294
-326
-331
-348
-333
-299
-321
-293
-342
-361
-317
-358
-354
-311
-294
-316
-307
-320
-310
-326
-310
-322
-289
-322
-358
-342
-368
-342
-318
-324
-324
-319
-313
-301
-270
-309
-289
-328
-327
-288
-312
-288
-290
-253
-287
-274
-291
-318
-268
-233
-316
-273
-298
-311
-282
-263
-273
-294
-287
-286
-279
-312
-311
-299
-318
-308
-311
-311
-319
-334
-303
-321
-339
-349
-308
-353
-361
-378
-380
-380
-383
-360
-385
-373
-371
-381
-369
-378
-375
-395
-373
-374
-369
-385
-376
-382
-407
-408
-431
-439
-429
-411
-388
-391
-413
-409
-401
-403
-395
-420
-350
-353
-433
-353
-349
-376
-363
-369
-350
-309
-335
-307
-307
-311
-311
-309
-271
-274
-303
-313
-298
-274
-326
-325
-350
-351
-333
-365
-404
-361
-367
-422
-408
-390
-396
-403
-414
-407
-379
-400
-402
-383
-385
-408
-417
-377
-375
-369
-392
-385
-348
-343
-340
-336
-347
-333
-303
-338
-349
-318
-364
-355
-317
-336
-316
-308
-293
-332
-331
-333
-307
-291
-311
-341
-336
-340
-349
-327
-329
-302
-312
-323
-369
-347
-322
-311
-320
-327
-297
-316
-291
-279
-235
-283
-261
-252
-261
-264
-257
-258
-242
-258
-274
-259
-254
-215
-237
-236
-246
-221
-236
-228
-222
-214
-241
-271
-219
-210
-250
-233
-217
-242
-245
-232
-217
-233
-259
-212
-208
-215
-154
-188
-225
-202
-213
-212
-178
-220
-219
-235
-226
-197
-212
-201
-219
-208
-204
-165
-167
-179
-159
-166
-169
-124
-160
-162
-153
-191
-164
-184
-159
-197
-211
-175
-183
-142
-138
-171
-156
-166
-135
-164
-171
-160
-169
-199
-194
-225
-241
-218
-187
-136
-166
-150
-179
-167
-165
-171
-199
-180
-132
-127
-162
-171
-157
-113
-160
-161
-147
-151
-124
-160
-158
-145
-136
-175
-128
-150
-124
-121
-138
-146
-107
-134
-182
-125
-145
-133
-142
-108
-133
-157
-151
-129
-122
-161
-151
-132
-136
-143
-99
-132
-144
-128
-94
-108
-107
-100
-123
-128
-97
-91
-104
-73
-114
-113
-51
-83
-96
-86
-139
-87
-118
-131
-89
-62
-60
-73
-44
-37
-16
-26
-51
-59
-23
-17
-48
-59
-53
-62
-39
-31
-12
5
-38
-44
-5
12
17
35
34
-5
38
67
62
79
75
17
-4
47
-15
-43
-24
-27
3
-32
-12
15
32
26
14
45
44
47
43
75
63
58
54
78
93
91
51
115
126
78
94
121
95
89
94
93
117
74
109
111
84
123
118
105
117
129
132
156
139
160
150
174
177
177
172
172
235
202
204
190
163
192
194
209
229
172
204
262
240
214
212
212
218
233
228
269
270
240
243
286
259
217
269
240
264
231
202
200
230
266
220
232
232
204
221
214
194
217
201
190
205
211
190
244
241
184
207
216
190
168
171
153
171
169
164
177
169
196
191
175
153
132
131
181
172
217
209
195
178
177
160
169
123
103
163
141
208
227
163
150
186
179
214
186
188
201
173
162
125
138
116
110
121
119
103
134
156
188
170
152
165
184
175
169
177
173
176
171
205
206
211
240
212
180
209
226
223
229
230
217
190
198
216
235
225
229
228
241
247
246
272
236
249
244
246
217
216
232
230
192
234
272
253
251
228
284
266
281
252
229
274
260
270
247
262
230
185
203
220
218
206
199
167
201
224
208
217
192
207
211
227
238
218
224
226
191
169
191
173
217
192
227
223
224
220
202
189
205
171
172
192
141
196
197
179
182
153
162
178
163
176
161
178
155
176
161
170
216
208
184
155
148
188
210
169
144
155
158
199
184
194
231
196
219
211
178
191
216
209
187
196
212
235
232
195
254
237
216
264
291
295
269
244
232
258
268
261
260
275
288
281
313
302
316
322
312
262
258
289
305
251
239
231
230
233
266
292
268
272
276
275
274
248
223
227
193
225
229
233
238
224
236
219
236
237
205
242
222
226
254
232
216
233
198
258
240
236
209
186
175
175
175
123
188
174
152
157
165
163
167
175
136
114
135
103
92
88
91
130
128
124
117
103
116
109
101
135
95
145
130
127
150
139
150
140
158
172
164
160
151
142
123
116
156
130
140
140
133
190
192
167
158
181
165
175
180
155
154
187
206
190
218
209
217
192
218
238
214
198
188
201
207
218
216
231
240
293
260
243
286
266
229
274
277
274
262
236
271
252
243
227
250
222
234
259
225
194
231
248
205
223
224
206
187
196
192
206
180
178
202
197
220
180
210
201
182
199
153
152
160
194
198
189
178
168
162
172
189
203
178
185
126
125
142
99
112
109
137
148
166
140
121
154
159
139
129
152
143
146
143
114
115
106
126
157
168
141
162
127
139
194
175
159
178
184
175
187
170
172
174
184
164
197
163
178
181
190
199
163
178
178
158
175
188
141
187
180
201
217
211
200
170
168
185
206
188
196
164
175
150
163
178
176
164
121
154
178
178
172
156
151
140
172
154
150
160
163
158
145
173
163
185
150
178
187
165
159
189
147
158
175
172
123
103
186
156
189
187
160
149
145
145
145
101
134
154
172
163
138
163
133
122
67
47
72
100
81
98
97
99
99
71
34
48
53
59
68
85
112
106
129
123
146
137
123
127
112
98
146
176
109
93
112
146
156
219
185
144
222
183
197
221
152
172
204
185
137
192
183
176
130
130
164
125
140
146
156
153
160
124
150
176
163
193
197
188
133
187
184
163
193
174
161
140
164
121
103
132
141
152
154
153
143
131
173
162
97
136
125
125
149
162
126
137
170
134
110
125
112
109
138
143
140
92
113
101
95
136
128
115
129
130
107
140
113
98
107
69
107
130
103
86
98
94
90
103
69
76
90
71
85
87
55
50
79
84
95
58
79
59
81
117
77
62
66
58
44
51
29
62
27
20
49
55
12
20
32
36
53
47
43
58
115
71
96
70
83
99
70
93
42
46
78
81
75
94
106
71
99
113
87
82
88
94
68
82
101
57
7
44
32
65
71
69
75
81
73
57
53
57
89
88
84
70
48
25
46
63
50
63
62
42
73
75
51
36
81
87
47
33
37
23
35
19
2
-21
-56
-2
-16
0
9
29
3
11
15
21
1
-7
9
13
63
57
39
33
39
80
37
54
33
52
36
39
50
24
92
54
71
62
78
34
54
60
75
103
58
106
77
82
67
41
64
90
44
34
61
42
52
33
53
17
92
76
75
84
106
149
128
111
120
153
124
150
136
100
81
117
113
133
158
174
144
136
152
193
140
154
168
144
139
139
180
189
199
193
202
154
183
180
143
159
148
147
169
159
135
120
165
183
187
167
181
192
180
180
141
156
183
141
160
205
149
177
154
182
170
131
168
174
208
169
146
156
164
148
140
144
121
140
103
103
149
125
102
115
143
194
130
96
130
115
122
77
102
103
43
73
83
102
108
101
87
90
98
92
50
34
66
37
64
29
-2
8
16
57
45
42
35
35
-6
-27
27
13
-3
-5
20
-3
26
0
-33
-28
-21
23
-14
27
23
39
57
22
-4
12
-12
12
29
31
25
19
36
37
65
57
72
61
88
77
80
81
96
102
79
61
49
90
85
71
59
40
92
53
83
99
66
92
112
104
91
79
81
119
134
115
111
87
86
81
91
132
94
116
105
127
154
97
105
136
158
160
123
111
130
126
147
140
149
142
137
133
106
132
134
127
146
143
127
144
152
163
178
163
143
189
178
205
209
154
207
198
146
174
143
142
149
139
172
147
135
77
73
115
115
116
87
65
73
76
118
104
139
138
122
157
108
139
150
148
159
176
178
172
204
179
178
161
172
162
117
163
138
159
147
138
154
167
163
121
149
131
120
132
82
119
129
143
130
96
98
117
124
115
122
124
153
104
117
113
107
134
84
89
146
61
32
55
74
57
12
26
4
3
13
28
18
40
-1
-12
29
12
-9
6
26
42
11
-14
-1
15
7
10
43
38
33
32
14
20
45
11
62
35
46
45
38
42
8
28
33
25
30
13
0
22
44
59
28
17
22
18
30
25
16
37
31
45
72
61
29
74
120
102
120
106
118
99
76
74
84
125
95
100
135
100
109
119
91
133
134
158
134
109
114
95
112
110
116
109
106
122
110
136
109
125
131
139
107
108
101
93
81
34
77
63
89
86
45
80
36
85
60
55
46
42
63
66
27
7
53
-20
36
3
26
54
41
5
-3
29
24
30
16
-3
22
38
-6
8
36
17
-24
-21
-38
-41
-38
-38
-44
-52
-76
-55
-73
-60
-36
-39
-47
-60
-62
-60
-18
-24
-15
-54
-14
-35
-48
1
-24
-30
-45
-23
-47
-78
-60
-76
-39
-4
-31
-12
22
-30
-19
34
27
-6
-16
-7
2
-3
-13
41
40
20
19
52
46
7
21
17
26
24
36
-13
19
29
5
30
21
40
22
29
31
27
-19
-22
-22
-25
-38
3
-25
-13
-9
-36
-13
-57
-16
-2
-20
-27
-26
-9
-48
-62
-54
-63
-50
-59
-56
-16
-51
-1
27
-5
-36
-52
-25
-31
-39
-41
-76
-32
-32
-39
-38
-59
-41
-28
-37
-31
-70
-64
-63
-94
-40
-43
-24
-21
-25
-5
-42
-50
-30
-83
-47
-38
-53
-32
-93
-16
-62
-45
1
-1
-12
-34
9
-10
1
23
-48
-13
14
-10
-7
-21
8
2
8
10
8
-12
19
17
20
-6
-37
-11
2
2
-14
-26
-20
-59
-28
-5
33
12
14
36
11
33
7
31
7
-9
-6
17
45
81
87
79
78
75
47
67
40
13
28
19
4
5
17
-21
-10
-13
24
63
8
-16
13
0
-15
-32
-13
-19
-44
-24
-39
-24
-34
-34
-22
-70
-73
-71
-93
-45
-86
-102
-77
-126
-103
-75
-70
-97
-87
-75
-44
-66
-52
-71
-95
-65
-86
-81
-87
-111
-114
-71
-100
-93
-99
-68
-74
-74
-114
-117
-128
-118
-118
-139
-99
-114
-104
-80
-43
-113
-117
-99
-117
-98
-92
-77
-94
-111
-118
-101
-123
-81
-69
-83
-96
-138
-79
-108
-128
-104
-110
-95
-106
-102
-98
-109
-134
-82
-101
-120
-101
-66
-59
-123
-84
-75
-67
-57
-58
-70
-68
-56
-59
-30
-38
-43
-28
-67
-32
-52
-72
-86
-91
-99
-84
-60
-91
-64
-41
-83
-31
-78
-88
-55
-96
-47
-77
-78
-78
-86
-103
-88
-70
-86
-81
-61
-76
-95
-113
-162
-100
-92
-81
-76
-52
-79
-82
-88
-116
-121
-113
-79
-95
-88
-122
-130
-164
-180
-132
-180
-190
-169
-185
-198
-202
-187
-216
-190
-178
-212
-189
-221
-237
-233
-214
-189
-211
-231
-235
-196
-213
-200
-216
-237
-212
-160
-162
-228
-207
-227
-228
-219
-216
-237
-217
-191
-228
-237
-202
-203
-190
-180
-174
-205
-240
-243
-249
-221
-249
-202
-179
-222
-208
-221
-260
-228
-238
-239
-256
-266
-238
-239
-241
-227
-204
-253
-260
-224
-231
-240
-288
-286
-249
-265
-266
-273
-267
-255
-249
-247
-218
-242
-258
-304
-304
-308
-350
-288
-325
-300
-264
-297
-276
-277
-292
-277
-325
-313
-297
-274
-261
-282
-294
-299
-289
-298
-298
-271
-282
-270
-237
-261
-258
-268
-266
-235
-287
-254
-245
-246
-216
-197
-213
-222
-212
-232
-226
-191
-219
-198
-165
-172
-154
-173
-213
-204
-190
-213
-185
-196
-193
-188
-164
-237
-244
-193
-229
-217
-198
-188
-215
-183
-186
-191
-219
-239
-236
-224
-217
-272
-188
-262
-272
-211
-241
-199
-243
-276
-247
-272
-309
-292
-269
-281
-257
-273
-275
-285
-273
-254
-308
-296
-331
-307
-282
-243
-246
-240
-270
-282
-281
-313
-304
-299
-293
-302
-297
-300
-283
-280
-301
-342
-314
-325
-287
-310
-299
-285
-266
-257
-268
-281
-279
-275
-257
-279
-279
-241
-251
-237
-215
-216
-212
-234
-283
-242
-237
-217
-218
-226
-238
-252
-200
-188
-230
-214
-212
-200
-170
-180
-219
-206
-225
-233
-192
-197
-212
-205
-208
-197
-213
-204
-207
-254
-220
-205
-218
-228
-227
-201
-206
-190
-208
-210
-189
-220
-173
-201
-176
-164
-206
-195
-222
-229
-206
-187
-200
-191
-254
-199
-199
-208
-198
-227
-221
-237
-184
-230
-223
-220
-183
-224
-220
-232
-233
-227
-257
-235
-257
-251
-272
-248
-234
-213
-219
-249
-218
-214
-220
-226
-252
-244
-204
-200
-245
-259
-237
-206
-245
-230
-181
-229
-235
-259
-249
-246
-222
-212
-240
-214
-199
-215
-207
-234
-259
-207
-218
-219
-214
-213
-206
-234
-229
-250
-247
-234
-202
-208
-213
-232
-237
-223
-239
-223
-227
-221
-223
-242
-251
-267
-265
-266
-252
-271
-299
-272
-272
-261
-263
-256
-246
-281
-294
-294
-309
-265
-273
-306
-305
-318
-316
-322
-349
-322
-327
-330
-311
-312
-321
-332
-330
-299
-303
-350
-293
-315
-285
-281
-298
-298
-289
-325
-300
-300
-319
-286
-306
-342
-330
-320
-305
-315
-295
-283
-320
-345
-322
-343
-356
-340
-378
-337
-355
-338
-351
-337
-308
-305
-311
-317
-331
-326
-345
-376
-321
-299
-306
-359
-355
-328
-347
-353
-306
-325
-327
-321
-352
-386
-414
-383
-416
-393
-382
-378
-349
-351
-366
-405
-443
-385
-364
-388
-397
-365
-356
-364
-369
-383
-389
-391
-389
-372
-391
-378
-407
-392
-364
-398
-398
-374
-383
-378
-380
-383
-356
-363
-347
-358
-346
-328
-328
-325
-312
-295
-296
-323
-310
-289
-331
-326
-326
-298
-295
-307
-283
-255
-264
-271
-273
-268
-274
-255
-238
-270
-252
-278
-227
-280
-281
-274
-276
-257
-282
-263
-258
-215
-184
-234
-262
-214
-207
-173
-219
-181
-170
-172
-158
-199
-122
-204
-179
-194
-194
-167
-186
-199
-190
-164
-186
-176
-185
-208
-210
-218
-188
-231
-210
-193
-248
-192
-251
-213
-233
-219
-200
-238
-236
-243
-241
-241
-234
-228
-220
-216
-184
-247
-240
-209
-209
-216
-207
-176
-235
-216
-216
-230
-233
-245
-219
-247
-218
-255
-271
-278
-309
-306
-288
-268
-277
-246
-248
-274
-240
-258
-271
-230
-271
-287
-294
-290
-329
-307
-337
-359
-316
-334
-286
-292
-302
-308
-311
-347
-372
-313
-281
-292
-328
-308
-323
-328
-343
-308
-316
-307
-356
-319
-330
-359
-333
-327
-314
-329
-314
-307
-295
-306
-291
-295
-327
-307
-313
-292
-263
-252
-274
-280
-271
-271
-292
-259
-286
-285
-250
-230
-237
-256
-229
-215
-208
-248
-218
-219
-231
-222
-213
-211
-207
-165
-165
-205
-183
-181
-160
-199
-164
-147
-173
-180
-140
-130
-156
-131
-123
-101
-105
-49
-75
-67
-55
-71
-19
-15
-34
-49
-65
-40
-76
-63
-43
-26
-51
-76
-55
-64
-74
-67
-74
-78
-58
-67
-62
-81
-64
-68
-114
-80
-70
-132
-120
-98
-119
-121
-110
-137
-153
-142
-120
-143
-122
-137
-182
-196
-149
-177
-170
-148
-180
-119
-175
-173
-152
-188
-158
-143
-150
-127
-166
-191
-153
-153
-155
-147
-168
-188
-142
-135
-177
-194
-192
-237
-265
-199
-214
-220
-239
-276
-246
-260
-278
-273
-267
-273
-262
-288
-260
-222
-266
-329
-318
-320
-301
-291
-310
-315
-310
-300
-262
-295
-337
-293
-332
-319
-273
-257
-271
-290
-272
-223
-237
-240
-222
-219
-216
-218
-257
-226
-246
-248
-211
-221
-246
-237
-260
-232
-247
-224
-239
-249
-223
-227
-205
-223
-247
-265
-230
-262
-223
-217
-217
-195
-187
-208
-245
-229
-188
-177
-219
-187
-199
-181
-207
-192
-213
-169
-158
-163
-155
-153
-160
-164
-132
-135
-160
-153
-105
-124
-151
-167
-146
-123
-94
-115
-123
-120
-125
-138
-136
-148
-164
-196
-165
-147
-141
-142
-157
-123
-157
-185
-184
-144
-133
-189
-181
-144
-139
-142
-147
-164
-167
-160
-174
-187
-157
-132
-131
-82
-138
-137
-138
-153
-158
-150
-157
-197
-211
-180
-167
-183
-173
-157
-196
-216
-219
-257
-221
-237
-231
-240
-246
-267
-281
-287
-280
-237
-300
-247
-292
-322
-299
-299
-299
-316
-297
-283
-273
-260
-266
-299
-238
-299
-252
-253
-275
-276
-260
-240
-209
-205
-245
-233
-253
-225
-241
-253
-264
-262
-228
-233
-244
-233
-225
-230
-235
-228
-225
-187
-233
-226
-232
-223
-193
-227
-202
-174
-213
-195
-218
-259
-211
-198
-193
-222
-166
-183
-163
-139
-195
-163
-132
-170
-180
-182
-186
-179
-194
-180
-180
-210
-207
-151
-140
-202
-126
-140
-186
-172
-210
-215
-185
-182
-175
-136
-174
-163
-157
-170
-174
-197
-130
-182
-184
-176
-189
-179
-204
-192
-203
-190
-217
-227
-217
-231
-235
-201
-189
-223
-217
-194
-187
-206
-173
-191
-163
-185
-189
-178
-200
-189
-188
-192
-197
-179
-217
-208
-200
-160
-131
-136
-144
-141
-115
-130
-133
-139
-133
-153
-93
-79
-116
-67
-65
-88
-86
-91
-67
-67
-95
-98
-106
-104
-62
-54
-62
-56
-39
-95
-63
0
12
14
-36
12
-16
-6
-16
-26
-46
-80
-10
-8
-25
35
58
25
18
7
-3
33
5
1
14
36
35
22
-6
6
45
-1
7
32
-29
-25
42
50
9
27
49
20
27
15
20
14
47
42
38
21
15
-9
35
9
10
77
32
13
-13
24
56
39
45
1
18
33
65
48
34
77
41
61
50
50
55
49
8
19
21
64
85
40
14
51
62
-11
6
26
-27
-16
-7
-37
-25
-29
-33
-9
-43
-47
-35
-100
-59
-62
-65
-13
-26
-53
0
-58
-41
-24
-58
-31
-35
-26
-56
-55
-24
-52
-46
-72
-85
-70
-51
-59
-81
-47
-75
-96
-98
-80
-84
-74
-89
-87
-77
-112
-79
-51
-58
-74
-24
-38
-68
-66
-89
-74
-59
-85
-78
-54
-79
-63
-62
-84
-45
-80
-20
-34
-41
-26
-22
-23
-14
-18
-35
-55
-43
-35
-27
-27
-48
-16
-6
-10
-28
-8
24
38
22
25
64
88
46
-3
13
7
-1
-38
-53
-52
-24
-6
-32
14
27
7
30
-4
-4
19
-23
8
3
-9
2
27
32
47
41
17
39
5
26
-12
46
29
44
50
57
81
62
77
25
40
5
0
-12
7
37
18
17
0
7
32
-16
-4
31
9
26
53
28
-6
2
-13
11
2
-33
-23
-10
13
10
-13
-9
-22
-33
-41
-21
-47
-77
-82
-62
-49
-91
-89
-69
-85
-70
-53
-116
-128
-89
-92
-130
-153
-132
-187
-236
-254
-274
-331
-377
-472
-608
-944
-2174
-3159
-3751
-4485
-5101
-6301
-7307
-7170
-6840
-6289
-5770
-5375
-4225
-2880
-1854
-1093
-702
-408
-245
-472
-848
-1347
-1888
-2269
-2652
-2752
-2164
-1620
-1091
-383
388
1622
2686
3172
3363
3404
3494
3436
2903
2263
1716
1368
1416
1444
1681
2353
2941
3936
5052
5927
6924
7357
7429
7265
6891
6190
5019
3454
1913
725
-405
-1405
-2255
-2837
-2958
-2744
-2382
-1958
-1631
-1293
-997
-899
-898
-1158
-1539
-2029
-2517
-2821
-2888
-2824
-2638
-2176
-1390
-342
834
1749
2728
3542
4144
4641
4687
4450
3938
3283
2506
1635
734
-77
-833
-1420
-1758
-2009
-2112
-2160
-2262
-2338
-2301
-2460
-2892
-3757
-4559
-5483
-6510
-7299
-8475
-9292
-9628
-9895
-9575
-9116
-8459
-7414
-6241
-5045
-3707
-2640
-1797
-949
-486
-94
218
215
273
279
484
970
1437
2067
2897
3710
4834
5868
6705
7541
8200
8848
9336
9676
9860
10112
10371
10664
10647
10455
10248
9828
9528
8660
7453
6227
4664
3249
1767
-71
-1743
-3187
-4486
-5404
-6103
-6738
-6959
-6923
-6718
-6238
-5705
-5088
-4403
-3837
-3083
-2285
-1658
-989
-501
155
945
1614
2402
3034
3711
4472
5114
5678
6122
6301
6305
6238
5920
5354
4634
3789
2849
1846
811
-65
-930
-1742
-2473
-2995
-3322
-3596
-3842
-4010
-4072
-4033
-3922
-3822
-3766
-3649
-3382
-3128
-2671
-2237
-1707
-1107
-441
305
1069
1755
2441
2986
3474
3124
1982
1729
1242
544
-647
-2875
-3778
-4204
-5192
-6168
-7655
-8567
-8704
-9307
-9957
-10439
-10964
-11203
-11313
-11466
-11219
-10860
-10443
-9738
-8958
-7449
-5495
-4108
-2594
-1018
886
3186
4655
5749
6818
7915
8987
9712
9892
10117
10641
10984
11554
12047
12622
13615
14370
15358
16140
16577
16690
15952
14883
13354
11163
8520
5326
1971
-1247
-4187
-6837
-9007
-10649
-11831
-12078
-11831
-11219
-10164
-9234
-8066
-6911
-5898
-4952
-4268
-3769
-3279
-2800
-2111
-1291
-389
692
2058
3700
5417
7104
8635
10005
10970
11556
11774
11439
10593
9331
7767
6087
4208
2324
484
-1129
-2472
-3446
-4137
-4728
-5020
-5247
-5240
-5252
-5407
-5537
-5775
-6052
-6234
-6407
-6437
-6297
-5956
-5346
-4428
-3221
-1863
-589
-117
563
1618
2199
2348
1367
100
-434
-1082
-2224
-4095
-6032
-7043
-7701
-8358
-9313
-10284
-10684
-10719
-10656
-10604
-10605
-10569
-10236
-9874
-9300
-8209
-7196
-6280
-5061
-3540
-1292
873
2548
4264
6062
8126
10083
11384
12300
13256
14347
15396
16322
17014
17722
18817
19777
20944
21760
22000
21976
21207
20326
18618
15494
11760
7600
3591
-466
-5222
-9786
-13191
-15735
-17658
-19000
-19570
-18997
-17793
-16673
-15002
-12930
-11017
-9372
-8234
-7011
-5505
-4388
-3338
-2301
-1026
715
2785
4954
7198
9398
11611
13961
15800
16919
17455
17409
16887
15649
13632
11459
8863
6025
3193
497
-1656
-3523
-5327
-6827
-7670
-8098
-8365
-8725
-9096
-9262
-9373
-9573
-9762
-10027
-10131
-9970
-9549
-8744
-7690
-6317
-4529
-2482
-281
2032
4279
6405
8082
9374
9804
9700
8885
7123
5188
2232
-963
-3885
-7271
-9932
-12467
-14614
-15898
-16778
-17028
-16681
-16093
-15214
-14124
-13075
-11951
-10854
-10035
-9179
-8289
-7428
-6124
-4795
-3228
-1239
795
3296
5797
8314
10830
12975
15007
16561
17838
18822
19414
19671
19582
19594
19360
19176
19167
18611
18085
17164
15824
14576
12588
10074
7359
4065
869
-2395
-5799
-8826
-11541
-13908
-15452
-16426
-16786
-16521
-15853
-14774
-13083
-11391
-9591
-7779
-6211
-4566
-3049
-1710
-353
783
1979
3383
4768
6270
7726
9091
10592
11858
12898
13666
13991
13749
13156
12014
10525
8703
6454
4033
1517
-943
-3147
-5180
-7032
-8508
-9729
-10585
-11118
-11609
-11961
-12142
-12276
-12312
-12342
-12375
-12253
-12055
-11675
-11135
-10401
-9480
-8558
-7403
-6163
-4943
-3675
-2897
-2182
-1531
-1276
-1192
-1560
-2188
-2803
-3426
-4179
-4864
-5429
-5809
-5804
-5512
-5018
-4233
-3237
-2050
-631
762
2291
3756
5090
6520
7937
9330
10959
12368
13873
15605
17236
19154
20984
22765
24330
25309
25816
25734
24898
22974
20042
16550
12611
8259
3340
-1531
-5809
-9571
-12749
-15456
-17309
-18078
-18313
-18140
-17468
-16531
-15313
-14249
-13205
-12099
-11070
-9975
-9057
-7816
-6403
-4627
-2601
-314
2244
4847
7741
10581
13149
15289
16867
18052
18587
18338
17423
16007
14167
11947
9482
6887
4551
2332
209
-1648
-3143
-4304
-5259
-6248
-7068
-7747
-8447
-9154
-9996
-10730
-11385
-11828
-12050
-11943
-11501
-10683
-9432
-7723
-5800
-3641
-2172
-1162
233
1246
2110
2002
697
-341
-1498
-2719
-4114
-6195
-7878
-8945
-9912
-10433
-10790
-11141
-11028
-10911
-10578
-9932
-9501
-9236
-8851
-8533
-7783
-6628
-5827
-4889
-3764
-2194
-25
1957
3954
5905
7998
10322
12380
14332
16089
17656
19216
20750
22155
23354
24630
25378
25779
25977
25433
24733
23100
20273
17262
13602
9803
5957
1171
-3551
-7578
-11290
-14076
-16508
-18852
-19964
-20367
-20282
-19411
-18492
-17472
-15787
-14318
-12517
-10513
-8981
-7088
-5385
-3659
-1355
879
3063
5235
7419
9814
12284
14318
15891
17104
17782
18236
18108
17179
15928
14016
11883
9665
7146
4693
2220
-236
-2346
-4180
-5753
-6980
-8235
-9371
-10140
-10791
-11226
-11581
-12066
-12326
-12225
-12074
-11962
-11778
-11619
-11304
-10737
-10359
-9786
-9193
-8803
-7948
-7246
-6590
-5779
-5231
-4790
-4203
-3902
-3677
-3637
-3957
-4211
-4564
-5036
-5445
-5981
-6542
-6599
-6473
-6146
-5382
-4571
-3453
-1940
-275
1600
3463
5223
6953
8654
10321
11888
13464
14912
16306
17868
19456
21196
22974
24804
26232
27242
27759
27388
26543
24584
21548
18109
13561
8525
3277
-1936
-6418
-10812
-14854
-17724
-19536
-20354
-20542
-20613
-19868
-18365
-16932
-15573
-14196
-12902
-11434
-10270
-9256
-7699
-6068
-4366
-2324
-130
2778
5790
8619
11532
14130
16548
18501
19820
20309
20107
19170
17667
15791
13283
10480
7656
4871
2367
7
-2105
-3794
-5205
-6364
-7335
-8211
-8864
-9575
-10461
-11319
-11998
-12631
-13182
-13636
-13790
-14033
-14599
-14303
-13708
-12937
-12212
-12015
-11035
-9537
-8130
-6948
-6445
-5810
-4682
-3955
-3599
-3541
-3863
-3970
-4131
-4575
-4933
-5419
-5877
-5951
-5990
-5687
-4863
-4251
-3407
-2299
-967
896
2428
3655
5057
6461
8204
9755
11086
12450
13900
15607
17583
19510
21516
23752
25833
27878
29547
30262
30266
28964
26211
22936
18756
14075
8480
1705
-4285
-8973
-12961
-16377
-19776
-21860
-21820
-21227
-20541
-19642
-18448
-16637
-15129
-14255
-13034
-11758
-11098
-10369
-9494
-7860
-5425
-3384
-1049
1924
5387
9311
12813
15697
18183
20155
21546
22256
21803
20372
18347
15792
13159
10331
7074
4111
1513
-774
-2545
-4003
-4992
-5921
-6996
-7842
-8438
-9064
-9986
-11385
-12757
-13576
-14191
-14646
-14981
-14854
-14656
-14226
-13003
-11846
-10348
-9080
-8487
-7198
-5928
-4976
-4312
-4588
-4674
-4312
-4393
-4550
-4935
-5600
-5642
-5620
-5749
-5623
-5848
-5976
-5647
-5542
-5243
-4657
-4435
-3939
-3169
-2272
-854
344
1480
3011
4665
6629
8650
10347
12135
14281
16426
18732
20738
22515
24518
26620
28608
30279
31169
31078
29857
27223
24310
20900
16513
10840
3824
-2067
-6445
-10432
-14788
-19133
-21562
-21926
-21753
-21790
-21505
-20528
-18733
-17330
-16354
-14860
-13364
-12406
-11710
-10525
-8296
-5628
-3637
-1617
1378
5092
9168
12518
15192
17726
19933
21650
22643
22408
21097
19341
17154
14727
12003
8793
5715
2844
343
-1654
-3355
-4685
-6062
-7461
-8589
-9235
-9815
-10917
-12512
-13857
-14472
-14870
-15374
-16028
-16597
-16573
-15851
-14901
-13911
-12886
-11854
-10340
-8631
-7027
-5584
-4729
-4026
-3283
-2766
-2321
-2393
-2959
-3526
-3963
-4252
-4517
-5175
-5859
-6075
-6047
-5744
-5355
-5015
-4567
-3752
-2671
-1407
-318
789
1987
3279
4873
6398
7968
9565
11379
13375
15723
18068
20130
22609
25003
27532
29953
31298
32324
32133
30099
27803
24362
20412
15754
8662
1822
-3459
-7924
-11748
-16484
-20504
-21465
-21199
-20958
-20692
-20468
-18969
-16976
-16348
-15457
-14093
-13365
-12628
-12371
-11203
-8396
-6249
-4266
-1654
1752
6292
10520
13682
16569
19208
21426
23115
23373
22503
21035
18793
16402
13818
10619
7457
4487
1814
-218
-2040
-3423
-4526
-5837
-7097
-8036
-8607
-9525
-11145
-12954
-14266
-15005
-15612
-16341
-17015
-16784
-16336
-15613
-14403
-13404
-11759
-10383
-9327
-7639
-6416
-5188
-4325
-4310
-3818
-3280
-3285
-3204
-3718
-4250
-4149
-4351
-4618
-4894
-5359
-5354
-5085
-5111
-4851
-4389
-4041
-3154
-2412
-1343
17
1090
2422
3847
5439
6952
8744
10386
12186
14366
16308
18505
20880
23117
25795
28551
30412
32012
32419
31022
29170
26165
22666
18363
11713
4855
-831
-5997
-10307
-14999
-19493
-21137
-21540
-21684
-21144
-20935
-19566
-17623
-16913
-15765
-14492
-13813
-13150
-12771
-12031
-9962
-7883
-5963
-3388
-433
3755
8222
11755
15026
17895
20432
22589
23408
22993
21831
19890
17619
14920
11720
8545
5481
2582
188
-1689
-3095
-4219
-5471
-6637
-7437
-8072
-8864
-10227
-11948
-13416
-14460
-15233
-16111
-16749
-16967
-16538
-15758
-14780
-13272
-11760
-10227
-8827
-7485
-5973
-4847
-4250
-4077
-4094
-3839
-3786
-4190
-4745
-5284
-5420
-5388
-5516
-5752
-5910
-5934
-5740
-5522
-5451
-5193
-4844
-4406
-3763
-2928
-1882
-706
490
2066
3932
5946
8045
9969
12262
14474
16933
19370
21488
23764
25774
27636
29785
31362
32451
32291
30395
27975
25275
21959
17398
10759
3799
-1482
-5976
-10309
-15202
-19580
-21432
-21689
-21820
-21791
-21452
-20238
-18549
-17634
-16407
-14885
-13908
-13244
-12718
-11482
-9027
-6636
-4707
-2276
926
5189
9498
12871
15675
18344
20753
22673
23320
22771
21585
19747
17556
14975
11966
8930
5957
3101
705
-1138
-2566
-3909
-5424
-6881
-7829
-8377
-9304
-10848
-12615
-13888
-14583
-15183
-15777
-16316
-16129
-15547
-14892
-13688
-12483
-11007
-9553
-8627
-7205
-5796
-4815
-4060
-4098
-3908
-3422
-3414
-3548
-4072
-4573
-4506
-4629
-4977
-5267
-5726
-5927
-5816
-6025
-5971
-5773
-5588
-5040
-4402
-3637
-2370
-1300
-27
1550
3026
5017
6669
8433
10404
12212
14308
16208
18186
20214
22043
24185
26237
28367
30106
30930
30538
28827
26758
24120
20770
15801
9122
3097
-1945
-6415
-11055
-16215
-19795
-21186
-21769
-21886
-22052
-21502
-19851
-18605
-17357
-15956
-14738
-13751
-13152
-12513
-10908
-8720
-6830
-4828
-2428
934
5170
8938
12188
15070
17669
20343
22029
22436
21933
20708
18994
16794
14079
11046
8041
4955
2147
-128
-1982
-3424
-4797
-6337
-7443
-8145
-8799
-9805
-11324
-12708
-13700
-14427
-15136
-15863
-16272
-16062
-15557
-15148
-14139
-12947
-11584
-10134
-9148
-7698
-6186
-5108
-4292
-3999
-3577
-2988
-2877
-3031
-3373
-3815
-3819
-4094
-4619
-4989
-5434
-5627
-5657
-5852
-5801
-5488
-5145
-4633
-4062
-3201
-2057
-1062
162
1651
3317
5194
6950
8715
10865
13300
15604
17900
20374
22375
24125
26073
28432
30531
32138
32196
30245
28335
26112
23236
18183
10573
4073
-720
-5052
-9799
-15620
-19412
-20205
-20490
-20557
-20672
-20025
-18114
-16850
-16093
-14891
-13743
-13251
-13235
-13187
-12004
-9792
-8289
-6665
-4410
-1164
3631
7729
11012
14041
16914
20065
22115
22463
21845
20671
19017
16824
13916
10719
7727
4715
1783
-420
-2009
-3129
-4347
-5851
-6873
-7339
-7730
-8773
-10657
-12326
-13528
-14366
-15366
-16566
-17289
-17169
-16495
-15953
-14886
-13428
-11715
-9856
-8531
-6932
-5220
-4078
-3338
-3224
-3077
-2679
-2924
-3486
-4199
-4837
-4888
-5158
-5774
-6135
-6321
-6194
-5949
-5969
-5918
-5489
-5029
-4579
-4197
-3690
-2721
-1905
-867
436
1832
3677
5423
7285
9477
11817
14387
16735
18900
21420
24081
26380
28637
30543
32123
32227
30335
28431
26190
23540
18867
11644
5442
780
-3304
-7890
-13527
-17370
-18382
-18778
-19157
-19402
-19042
-17393
-16242
-15610
-14429
-13404
-12779
-12586
-12402
-11011
-8812
-7125
-5379
-3086
202
4815
8805
12003
14889
17681
20750
22749
23148
22673
21677
20222
18205
15478
12558
9729
6849
4109
1902
266
-902
-2207
-3726
-4786
-5363
-5806
-6865
-8694
-10330
-11433
-12242
-13222
-14424
-15169
-15110
-14309
-13697
-12999
-11664
-10267
-8495
-7071
-5942
-4579
-3681
-3069
-2766
-2769
-2566
-2726
-3370
-3878
-4303
-4493
-4545
-5146
-5585
-5594
-5566
-5364
-5410
-5598
-5349
-4867
-4415
-3986
-3670
-2870
-1705
-655
662
2054
3647
5657
7609
9735
12163
14474
16822
19296
21792
24432
27055
29394
31423
32577
31665
29779
27791
25552
22338
16183
9136
3696
-683
-4847
-10300
-15668
-18135
-18934
-19529
-20058
-20446
-19425
-18032
-17544
-16741
-15720
-14923
-14594
-14824
-14326
-12483
-10627
-9143
-7333
-4926
-933
3515
7078
10214
13033
16222
19150
20572
20752
20278
19356
17927
15781
13038
10354
7640
4734
2196
214
-1171
-2336
-3860
-5315
-6198
-6683
-7342
-8861
-10727
-12170
-13171
-14058
-15285
-16438
-16823
-16557
-16323
-15710
-14751
-13411
-11670
-10423
-8971
-7241
-5768
-4520
-4001
-3646
-2926
-2635
-2722
-3147
-3786
-3822
-3920
-4374
-4798
-5253
-5352
-5203
-5254
-5301
-5153
-4782
-4267
-3956
-3630
-2785
-1978
-1119
-132
988
2485
4087
5645
7544
9457
11732
14030
16219
18831
21207
24010
26865
29111
31233
31283
29804
28216
26015
23646
18985
11913
5905
1179
-2994
-7496
-13113
-16818
-17972
-18635
-18852
-19182
-18896
-17288
-16348
-15785
-14591
-13780
-13369
-13378
-13618
-12399
-10471
-9130
-7438
-5489
-2295
2251
6194
9553
12562
15572
18915
21216
21905
21730
20998
19787
18003
15428
12642
9942
7013
4283
2087
449
-734
-2185
-3734
-4850
-5474
-5955
-7137
-9011
-10772
-12061
-13067
-14330
-15709
-16756
-16999
-16704
-16492
-15706
-14621
-13199
-11463
-10124
-8398
-6626
-5258
-4225
-3740
-3124
-2465
-2470
-2737
-3241
-3625
-3627
-3932
-4447
-4800
-5001
-4898
-4669
-4654
-4600
-4263
-3834
-3327
-3003
-2543
-1843
-1186
-317
721
1843
3355
4867
6489
8531
10635
13013
15401
17729
20235
22862
25629
28337
30538
31693
30744
28881
27129
25117
21761
15590
8722
3468
-510
-4550
-9878
-14827
-17084
-17693
-18049
-18497
-18750
-17706
-16414
-15918
-15222
-14208
-13574
-13545
-13922
-13436
-11686
-10053
-8724
-7137
-4649
-583
3795
7351
10424
13304
16585
19594
21020
21195
20686
19752
18315
16136
13428
10733
7974
5056
2571
714
-521
-1727
-3258
-4611
-5373
-5735
-6419
-8047
-10015
-11469
-12506
-13605
-15055
-16422
-17060
-17114
-16964
-16293
-15380
-13899
-12338
-11086
-9331
-7477
-5888
-4838
-4534
-4027
-3276
-3024
-3186
-3944
-4489
-4374
-4533
-4814
-5115
-5496
-5266
-4885
-4731
-4568
-4368
-4029
-3553
-3344
-2967
-2275
-1879
-1164
-389
691
2247
3680
5259
7077
9034
11476
13917
16154
18519
20960
23653
26483
28870
30814
31214
29691
28085
26154
23828
19637
12849
6588
1848
-1995
-6216
-11686
-15796
-17207
-17616
-17744
-18046
-17945
-16441
-15429
-14795
-13670
-12779
-12360
-12539
-12708
-11750
-9933
-8599
-7215
-5435
-2504
1855
5877
9210
12100
14977
18295
20760
21636
21573
20787
19688
18052
15590
12885
10075
7184
4425
2105
436
-794
-2133
-3698
-4850
-5391
-5733
-6740
-8571
-10313
-11595
-12505
-13732
-15180
-16300
-16533
-16567
-16501
-15816
-14901
-13347
-11913
-10659
-8767
-6970
-5345
-4257
-3848
-2985
-2162
-2007
-2179
-2895
-3336
-3309
-3824
-4327
-4904
-5331
-5209
-5071
-5146
-4987
-4632
-4194
-3622
-3386
-2758
-1888
-1261
-421
387
1576
3050
4409
5977
7765
9798
12149
14359
16603
19073
21665
24535
27141
29280
31102
30713
29010
27309
24951
22230
16849
9695
4081
-558
-4598
-9414
-15012
-17938
-18739
-19271
-19343
-19694
-18897
-17143
-16508
-15673
-14505
-13870
-13653
-13898
-13855
-12401
-10777
-9574
-7889
-5886
-2253
2237
5913
9293
12283
15486
18853
20733
21227
21023
20210
18967
16954
14219
11444
8660
5752
3135
1017
-385
-1459
-2840
-4117
-4849
-5159
-5521
-6725
-8499
-9911
-10940
-11865
-13229
-14697
-15524
-15406
-15233
-15069
-14153
-12933
-11023
-9498
-8218
-6259
-4632
-3168
-2273
-2036
-1356
-834
-1068
-1382
-2116
-2430
-2364
-2898
-3288
-3565
-3654
-3333
-3207
-3213
-2904
-2467
-2033
-1634
-1514
-910
-141
423
1265
2094
3445
5020
6309
7984
9933
11872
14109
16126
18201
20504
22854
25194
27425
29489
31133
31114
29300
27413
25464
23031
18388
11626
5735
1377
-2561
-7205
-12667
-16272
-17449
-18090
-18577
-19062
-18635
-17141
-16345
-15738
-14685
-13686
-13157
-13261
-13250
-12046
-10266
-8942
-7544
-5703
-2581
1658
5395
8492
11295
14361
17616
19665
20275
20168
19448
18329
16460
13871
11155
8429
5586
2786
550
-1027
-2186
-3579
-5041
-5967
-6324
-6619
-7641
-9275
-10654
-11600
-12473
-13793
-15353
-16441
-16904
-16799
-16537
-16014
-14885
-13479
-11839
-9974
-8057
-6100
-4613
-3671
-2777
-2014
-1519
-1634
-2429
-3145
-3641
-4104
-4632
-5445
-6105
-6146
-5861
-5604
-5331
-5087
-4524
-3766
-3230
-2706
-2166
-1688
-1076
-409
402
1534
2627
4008
5557
7437
9701
12089
14342
16681
19154
21909
24757
27308
29548
31109
30852
29249
27550
25398
22731
17556
10835
5395
1069
-2603
-7273
-12555
-15348
-16164
-16557
-16754
-17170
-16463
-14832
-14153
-13375
-12439
-11899
-11636
-11981
-11966
-10840
-9448
-8414
-7046
-5198
-1890
2288
5748
8835
11632
14769
17981
19807
20287
20074
19331
18267
16340
13681
11030
8323
5606
3007
868
-577
-1793
-3244
-4604
-5438
-5848
-6352
-7664
-9422
-10804
-11827
-12771
-14104
-15573
-16724
-16905
-16511
-15972
-15294
-14406
-12888
-11114
-9259
-7495
-5988
-4866
-3961
-3192
-2641
-2509
-2926
-3543
-4207
-4629
-4966
-5497
-6132
-6611
-6529
-6211
-5946
-5801
-5536
-5034
-4323
-3601
-3061
-2606
-2055
-1278
-282
726
1796
3003
4381
6138
8110
10246
12278
14239
16468
18789
21223
23530
25718
27732
29576
30049
28589
26868
24791
22588
18738
12385
6434
1776
-2314
-6621
-12197
-16361
-17823
-18933
-19550
-20217
-20319
-18771
-17847
-17369
-16280
-15319
-14556
-14295
-14390
-13391
-11617
-10265
-8786
-7142
-4433
-293
3394
6598
9542
12460
15843
18283
19269
19450
19158
18393
16916
14531
11875
9278
6453
3677
1076
-898
-2314
-3832
-5460
-6554
-7102
-7420
-8291
-9786
-11065
-12013
-12705
-13826
-15340
-16415
-16939
-16968
-16646
-16252
-15222
-13811
-12217
-10311
-8405
-6405
-4665
-3511
-2507
-1519
-941
-826
-1353
-2077
-2441
-2845
-3353
-3971
-4624
-4668
-4349
-4102
-3785
-3557
-2978
-2126
-1426
-853
-267
236
829
1466
2104
3063
3943
4999
6407
8029
10071
12119
14096
16241
18453
20766
23219
25141
27435
29268
30514
30248
28120
26380
24170
21489
16605
9957
4533
374
-3532
-8189
-13267
-16392
-17311
-17999
-18519
-18987
-18386
-16960
-16338
-15647
-14731
-13813
-13374
-13428
-13252
-11943
-10142
-8812
-7332
-5371
-2104
2099
5559
8524
11338
14393
17537
19299
19831
19709
19124
18029
16113
13599
10980
8311
5562
2852
635
-990
-2332
-3830
-5343
-6262
-6738
-7204
-8441
-10058
-11286
-12180
-13007
-14427
-15860
-16686
-16870
-16540
-16248
-15642
-14397
-12736
-10939
-9146
-7383
-5651
-4254
-3392
-2711
-2188
-1964
-2292
-3031
-3762
-4203
-4668
-5268
-5960
-6461
-6378
-6171
-6022
-5964
-5750
-5130
-4508
-4040
-3651
-3210
-2601
-1941
-1113
-207
852
2103
3545
5218
7198
9337
11470
13686
15774
18187
20630
22829
25221
27436
29319
30818
29795
28259
26784
24392
21901
16481
10189
5501
1084
-2830
-7475
-12550
-14792
-15877
-16837
-17048
-17555
-16716
-15349
-14979
-14058
-12999
-12393
-11943
-12014
-11774
-10154
-8781
-7548
-5854
-3923
-313
3564
6692
9725
12361
15409
18278
19596
19935
19626
18750
17456
15244
12571
9895
7034
4128
1387
-865
-2488
-3905
-5532
-6789
-7559
-7884
-8397
-9600
-10823
-11795
-12491
-13217
-14263
-15432
-16045
-15949
-15500
-14900
-14119
-12971
-11368
-9562
-7766
-6012
-4569
-3434
-2559
-1913
-1348
-1411
-1878
-2443
-3208
-3683
-4170
-4871
-5576
-5992
-6059
-5877
-5718
-5678
-5470
-4991
-4300
-3734
-3390
-2965
-2405
-1680
-842
58
1056
2189
3593
5193
7120
9019
10959
13083
15147
17501
19800
21880
24048
26097
27932
29306
28125
26469
24590
22209
19347
13049
6740
1852
-2460
-6629
-12112
-16747
-18417
-19153
-19819
-20245
-20191
-18391
-16792
-16190
-15166
-13964
-12861
-12477
-12612
-12045
-10389
-9020
-7717
-6062
-3732
169
3991
7303
10366
13300
16857
19587
20725
20957
20656
20082
18502
15854
13037
10300
7495
4469
1645
-400
-1812
-3090
-4555
-5646
-6105
-6278
-6807
-8060
-9257
-10029
-10658
-11600
-12853
-13683
-13819
-13405
-12677
-12007
-11490
-10178
-8692
-7291
-5884
-5231
-4490
-3953
-3766
-3339
-3597
-4254
-4670
-5327
-5570
-5636
-6190
-6402
-6771
-7003
-6644
-6654
-6863
-7023
-7080
-6668
-6179
-5918
-5487
-4967
-4157
-2776
-1412
54
1574
3142
5132
7207
9093
10961
12577
14344
16318
18096
19840
21462
23250
25315
27241
28390
28519
27397
25990
24408
21646
17692
12318
6865
2255
-2363
-6958
-11508
-15320
-17438
-18623
-19151
-18842
-18254
-17027
-15470
-14017
-12252
-10817
-10084
-9462
-8969
-8025
-6719
-5769
-4760
-3177
-779
2518
5743
8743
11839
14816
17750
19987
21149
21483
21041
19823
18069
15689
12852
9699
6338
3200
496
-1730
-3674
-5507
-7062
-8002
-8522
-9021
-9616
-10555
-11278
-11758
-12298
-12943
-13696
-14140
-14163
-14188
-14063
-13396
-12588
-11370
-10234
-9228
-7668
-6328
-5100
-4256
-3961
-3382
-2986
-3163
-3622
-4397
-5040
-5469
-6300
-7045
-7667
-8165
-8268
-8310
-8227
-7843
-7205
-6339
-5448
-4632
-3486
-2305
-1240
-138
960
2268
3734
5053
6400
7829
9594
11483
13320
15106
16919
18987
21176
23275
25207
27297
28799
29393
28548
26819
25032
22520
18742
13347
7544
2601
-1736
-6240
-10866
-14789
-17042
-17923
-18515
-18653
-18221
-17148
-15768
-14587
-13352
-12124
-11123
-10468
-9769
-8701
-7058
-5317
-3712
-1763
895
4240
7673
10503
12937
15488
17819
19581
20207
19884
19048
17601
15627
13000
9998
6998
3935
948
-1651
-3722
-5348
-6812
-8096
-8992
-9387
-9684
-10274
-11107
-11889
-12417
-12891
-13460
-14083
-14365
-14107
-13532
-13137
-12224
-10928
-9584
-8003
-7099
-5863
-4495
-3698
-2957
-2912
-2989
-2694
-3076
-3667
-4192
-5008
-5219
-5651
-6397
-6733
-7222
-7481
-7534
-7697
-7369
-6453
-5276
-3729
-2145
-232
2023
3909
5670
7226
8579
9881
10830
11644
12425
13170
14003
14898
15832
17042
18483
20047
21771
23543
25692
27765
29011
29429
28370
26952
25316
22595
18627
13209
7631
2998
-1390
-5927
-10307
-14014
-15863
-16725
-17149
-16855
-16282
-15135
-13706
-12426
-11044
-9854
-9169
-8744
-8239
-7340
-6000
-4826
-3662
-1893
595
3810
6979
9674
12216
14719
17116
18840
19413
19119
18286
16872
14897
12309
9413
6401
3377
497
-1962
-3852
-5462
-6934
-8124
-8918
-9274
-9613
-10188
-11045
-11772
-12317
-12821
-13430
-14101
-14495
-14406
-14298
-14090
-13139
-12283
-11117
-9955
-8988
-7477
-6142
-5235
-4518
-4352
-3911
-3528
-4007
-4476
-5231
-5861
-6232
-7105
-7818
-8347
-8860
-8955
-9001
-9061
-8659
-8049
-7298
-6367
-5518
-4294
-3093
-2058
-819
553
1984
3408
4620
5920
7625
9377
11094
12605
14237
16118
18233
20227
21974
23776
25880
27412
27982
27324
25684
24006
21352
17596
12602
7003
2111
-2529
-7172
-11425
-15112
-17517
-18702
-19486
-19359
-18674
-17744
-16481
-15412
-14166
-12829
-11937
-11433
-10890
-10096
-8794
-7315
-5932
-4060
-1622
1487
4890
7910
10853
13709
16192
18202
19230
19392
18985
17704
15772
13350
10568
7707
4701
1738
-809
-2817
-4427
-5807
-7065
-7940
-8389
-8793
-9346
-10177
-11023
-11683
-12437
-13292
-14198
-14999
-15204
-15096
-14734
-13882
-12812
-11266
-9484
-7828
-6019
-4389
-3124
-2085
-1539
-1240
-1239
-1740
-2536
-3411
-4225
-4798
-5337
-5923
-6212
-6364
-6555
-6774
-7171
-7356
-7134
-6387
-5319
-4285
-3133
-1935
-744
529
1838
3203
4629
6079
7712
9488
11333
13091
14803
16422
18265
20142
21834
23426
24689
25979
27311
27789
27393
25848
23604
21441
18214
14173
9187
3827
-750
-5149
-9398
-13188
-16455
-18453
-19505
-20142
-19879
-19427
-18694
-17565
-16598
-15305
-14058
-13226
-12521
-11653
-10436
-8702
-6915
-5145
-2839
-77
3277
6624
9540
12359
14928
17044
18678
19318
19266
18570
17080
15273
12934
10440
7793
4953
2430
162
-1643
-3150
-4593
-5869
-6814
-7439
-8047
-8818
-9704
-10567
-11259
-11850
-12502
-13104
-13509
-13607
-13193
-12589
-11772
-10618
-9320
-7776
-6193
-4764
-3436
-2489
-1922
-1418
-1350
-1523
-2035
-2943
-3750
-4693
-5523
-6283
-7152
-7732
-8022
-8113
-7958
-7736
-7357
-6691
-5844
-4965
-4025
-3188
-2291
-1307
-332
771
1868
3006
4316
5761
7429
9200
10912
12742
14520
16513
18553
20401
22251
23897
25744
26965
27227
26576
24686
22828
20109
16345
11937
6556
1715
-2644
-7105
-10873
-14274
-16793
-17903
-18735
-18635
-18059
-17610
-16475
-15488
-14452
-13258
-12443
-11843
-11140
-10167
-8833
-7147
-5528
-3523
-972
1959
5323
8313
11075
13706
15811
17613
18578
18680
18204
16907
15198
13097
10696
8238
5583
3053
878
-939
-2397
-3701
-4888
-5814
-6453
-7019
-7692
-8552
-9471
-10270
-11059
-11828
-12539
-13048
-13255
-13192
-12777
-11903
-10733
-9343
-7838
-6249
-4612
-3097
-1904
-1159
-719
-647
-806
-1333
-2248
-3235
-4231
-5213
-6038
-6849
-7449
-7813
-7955
-7833
-7629
-7169
-6548
-5783
-4960
-4153
-3315
-2525
-1765
-862
95
1233
2375
3602
5205
6857
8782
10738
12668
14836
16951
19212
21308
23213
25110
26921
28694
29433
29501
28644
26844
25086
21961
18232
14057
8811
4437
4
-4395
-7809
-11259
-13697
-14865
-15890
-15812
-15569
-15661
-14724
-14201
-13608
-12727
-12493
-11962
-11168
-10284
-8746
-7052
-5369
-2914
-277
2698
6136
9026
11821
14264
16096
17714
18383
18222
17533
15979
14234
12063
9505
6991
4232
1757
-328
-2218
-3779
-5189
-6474
-7421
-8239
-9003
-9792
-10751
-11612
-12308
-13005
-13389
-13809
-14589
-14569
-14267
-13606
-12529
-11914
-10666
-9081
-7724
-6063
-5121
-4351
-3402
-3142
-2941
-3018
-3714
-4197
-5126
-6201
-6814
-7662
-8331
-8690
-8986
-8713
-8264
-7819
-7185
-6564
-5622
-4391
-3502
-2570
-1653
-610
804
2091
3468
4968
6596
8633
10879
13213
15668
18144
20848
23504
25897
27910
29248
30493
31684
32440
32323
31381
29521
26966
24390
20724
16560
11608
5745
306
-5320
-10782
-15662
-19921
-22592
-23534
-23436
-22340
-21002
-19641
-17917
-16515
-15148
-13819
-12896
-11943
-11008
-9753
-8156
-6482
-4721
-2588
-70
2752
5758
8400
10854
12975
14669
16031
16511
16304
15491
14060
12357
10237
7943
5586
3128
938
-928
-2477
-3716
-4885
-5930
-6690
-7353
-7966
-8622
-9455
-10271
-10934
-11751
-12371
-12950
-13458
-13588
-13438
-12799
-11877
-10816
-9513
-8061
-6623
-5086
-3846
-3000
-2406
-2212
-2143
-2508
-3184
-4077
-5074
-6022
-6914
-7665
-8336
-8758
-8980
-8867
-8590
-8148
-7511
-6823
-5926
-4983
-4104
-3236
-2533
-1733
-837
-22
961
1910
3057
4465
5857
7552
9145
10812
12666
14408
16133
17781
19208
20557
21885
23122
23999
24050
23336
21855
20109
17766
14599
10777
6279
2181
-1644
-5342
-8573
-11621
-13913
-15136
-15840
-15939
-15592
-15294
-14439
-13547
-12684
-11705
-11109
-10638
-10026
-9222
-7996
-6497
-4917
-2942
-504
2252
5296
8128
10645
12986
14929
16546
17409
17555
17098
16021
14623
12795
10690
8405
6011
3699
1654
-62
-1522
-2883
-4214
-5226
-6024
-6755
-7534
-8467
-9490
-10265
-10923
-11461
-11858
-12344
-12518
-12420
-11825
-10901
-10022
-9001
-7828
-6378
-4720
-3399
-2352
-1515
-806
-171
52
-135
-486
-1133
-1757
-2378
-3140
-3773
-4560
-5176
-5539
-5786
-5842
-5766
-5673
-5242
-4448
-3632
-2656
-1851
-960
196
1171
2041
2665
3268
4129
5137
6273
7521
8782
10337
11981
13532
15283
16891
18516
19940
21328
22721
23504
23691
23037
21581
19888
17367
14140
10432
5988
1875
-1995
-5784
-8876
-11821
-14051
-15282
-15930
-15819
-15345
-14953
-14038
-12943
-11980
-10794
-10008
-9178
-8201
-7234
-5789
-4187
-2633
-694
1529
4098
6881
9322
11605
13638
15197
16404
17016
16917
16307
15083
13557
11734
9555
7397
5139
3031
1266
-207
-1416
-2471
-3260
-3816
-4252
-4572
-4976
-5474
-6068
-6546
-6998
-7409
-7986
-8726
-9011
-8923
-8535
-8078
-7653
-6829
-5688
-4443
-3292
-2443
-1654
-855
-372
-262
-483
-1129
-2012
-3228
-4415
-5459
-6455
-7226
-7748
-8037
-8066
-7750
-7387
-7040
-6478
-5644
-4604
-3785
-3269
-2636
-1874
-993
-95
783
1809
2895
4266
5707
7252
8808
10251
11668
12997
14244
15634
16691
17493
18321
19127
20210
20719
20533
20070
18996
17619
15723
12644
9314
5742
1767
-1739
-5508
-8778
-11234
-13574
-15010
-15622
-15710
-15082
-14293
-13410
-11842
-10502
-9235
-8017
-7249
-6195
-5055
-3944
-2573
-1297
303
2399
4482
6771
9083
11131
13153
14657
15684
16359
16255
15662
14550
13017
11338
9455
7357
5365
3427
1839
516
-763
-1767
-2674
-3340
-3823
-4388
-4880
-5378
-5932
-6313
-6813
-7513
-8096
-8513
-8729
-8742
-8706
-8276
-7533
-6544
-5299
-4137
-2997
-1784
-735
68
513
621
518
47
-646
-1418
-2282
-3157
-4083
-4981
-5738
-6342
-6823
-7254
-7537
-7481
-7160
-6707
-6153
-5601
-5134
-4661
-4346
-3995
-3643
-3293
-2767
-2107
-1214
-49
1279
2835
4505
6276
8211
9997
11690
13178
14490
15702
16580
17353
17981
18212
17992
17245
16173
14838
12920
10411
7268
4026
786
-2615
-5945
-9013
-11522
-13426
-14885
-15677
-15752
-15243
-14307
-13223
-11863
-10249
-8740
-7370
-6222
-5162
-3984
-2864
-1793
-716
613
2228
4145
6059
7996
10064
12017
13752
15130
16132
16720
16689
15947
14731
13171
11405
9490
7454
5556
3839
2443
1239
205
-529
-971
-1445
-1727
-1919
-2187
-2663
-3707
-4909
-6008
-6962
-7784
-8815
-9736
-10043
-9660
-8939
-8055
-7079
-5786
-4376
-3136
-2120
-1548
-1255
-1502
-2140
-2975
-4039
-5287
-6678
-8003
-8987
-9534
-9853
-10125
-10230
-10068
-9616
-9070
-8677
-8335
-7922
-7411
-6918
-6499
-6063
-5565
-4873
-4092
-3136
-2088
-962
267
1591
2972
4328
5541
6647
7685
8723
9732
10514
11271
11956
12795
13699
14363
14662
14654
14521
14250
13329
11695
9671
7441
5201
2542
-269
-2873
-5153
-6909
-8434
-9399
-9737
-9488
-9032
-8307
-7376
-6264
-5195
-4464
-3807
-3235
-2578
-2094
-1868
-1552
-928
-5
1222
2468
3752
5227
6720
8016
9153
9991
10619
10696
10139
9268
8184
6999
5451
3755
2249
898
-221
-1173
-2029
-2546
-2816
-3023
-3262
-3685
-4216
-4831
-5331
-5927
-6318
-6200
-6219
-6213
-6359
-6461
-5945
-5506
-4808
-3996
-3332
-2182
-1182
-573
59
284
343
106
-709
-1337
-2135
-3105
-4002
-5079
-5922
-6467
-7050
-7479
-7811
-7990
-7755
-7656
-7560
-7321
-7055
-6652
-6464
-6330
-6129
-5960
-5615
-5244
-4855
-4105
-3286
-2327
-1235
-124
1249
2462
3642
4897
5993
7205
8270
9061
9971
10759
11673
12484
13129
13557
13733
13714
13482
13048
11882
10300
8313
6225
4302
1997
-474
-2819
-4764
-6161
-7191
-8032
-8363
-8224
-7703
-6852
-6032
-5023
-4056
-3255
-2381
-1638
-844
-138
408
1023
1794
2748
3812
4872
5822
6832
7830
8686
9312
9588
9631
9434
8905
8028
6887
5672
4393
3074
1662
182
-1332
-2828
-3940
-4799
-5364
-5657
-5627
-5168
-4252
-3118
-1825
-411
561
1456
2226
2779
3570
3921
3803
3264
1938
436
-1092
-2598
-3402
-3563
-3229
-2850
-3329
-4407
-5944
-7896
-9468
-10647
-11435
-11712
-11717
-11422
-10951
-10510
-9937
-9367
-8876
-8264
-7621
-6777
-6032
-5500
-4910
-4348
-3791
-3251
-2898
-2551
-2187
-1811
-1287
-770
-189
477
1093
1850
2662
3475
4254
4921
5674
6505
7299
8131
8950
9789
10475
10902
11239
11394
11309
10874
9796
8518
7061
5373
3569
1407
-618
-2264
-3730
-4753
-5388
-5705
-5512
-5032
-4299
-3245
-2242
-1158
-6
1145
2670
4250
5806
7280
7929
7603
6948
6822
7797
9710
12064
14239
15532
16331
17009
16740
14981
12406
9632
6849
4268
2257
747
-404
-1054
-1512
-1791
-1943
-2285
-2742
-3283
-3885
-4492
-5314
-6378
-7264
-8270
-9217
-9907
-10651
-10887
-10842
-10702
-10248
-9728
-9059
-8240
-7691
-7279
-6940
-6913
-6900
-7176
-7606
-7916
-8498
-9083
-9560
-10024
-10306
-10579
-10751
-10713
-10727
-10560
-10351
-10207
-10010
-9708
-9342
-8893
-8469
-8042
-7522
-7022
-6431
-5843
-5256
-4548
-3931
-3215
-2384
-1658
-853
-111
585
1406
2181
2883
3615
4214
4834
5497
6089
6752
7304
7892
8662
9095
9317
9493
9521
9462
9079
8278
7403
6406
5390
4269
2985
1837
822
82
-477
-975
-1225
-1316
-1224
-955
-506
-29
470
860
1242
1619
2007
2477
2809
3203
3705
4335
5029
5693
6420
7403
8705
10212
11934
13521
14352
13579
10953
7527
4150
1444
-581
-1943
-2758
-3338
-3649
-3710
-3503
-2809
-1860
-672
696
1436
1757
1178
-146
-1253
-2704
-3982
-5228
-6994
-8269
-9258
-9871
-9624
-9243
-8592
-7684
-7096
-6361
-5764
-5391
-4918
-4858
-4857
-4904
-5234
-5479
-5752
-5964
-6085
-6244
-6356
-6415
-6429
-6411
-6396
-6409
-6272
-6167
-5965
-5747
-5586
-5314
-5129
-4953
-4591
-4273
-3875
-3307
-2656
-1689
-646
495
1732
2832
3904
4914
5655
6251
6595
6740
6823
6849
7032
7164
7417
7731
7969
8248
8450
8640
8868
8713
8263
7716
6852
5982
5044
3867
2895
1874
1144
862
542
563
847
1262
2108
2925
3664
4519
5021
5495
5929
6194
6586
6761
6845
7064
7150
7394
7708
7852
8216
8587
8946
9304
9343
9290
9086
8552
7769
6408
4530
2364
132
-1681
-3216
-4568
-5452
-6084
-6520
-6539
-6491
-6435
-6050
-5714
-5253
-4832
-4901
-4837
-4928
-5211
-5372
-5523
-5525
-5208
-4993
-4669
-4242
-3954
-3522
-3356
-3323
-3154
-3325
-3604
-4078
-4827
-5504
-6301
-7058
-7702
-8334
-8856
-9261
-9738
-10108
-10447
-10678
-10724
-10643
-10322
-9904
-9428
-8976
-8511
-8010
-7457
-7085
-6661
-6121
-5606
-4825
-4070
-3291
-2400
-1518
-584
323
1209
2078
2782
3228
3589
3826
4027
4097
4012
3936
3931
4086
4140
4147
4129
4124
4215
4054
3754
3362
2834
2299
1689
1024
379
-280
-793
-950
-1064
-956
-756
-464
66
539
1097
1650
2059
2429
2738
2970
3201
3229
3116
3126
3109
3219
3482
3706
4053
4423
4806
5116
5016
4618
4064
3424
3032
3048
3440
4261
5025
5429
5472
5103
4650
4025
3366
2910
2530
2297
2439
2611
2985
3279
3616
4016
3399
1511
-1488
-5132
-8949
-12090
-14211
-15311
-15723
-16026
-16172
-16177
-16079
-15799
-15545
-15246
-14858
-14439
-14039
-13614
-13236
-12814
-12442
-12094
-11593
-11255
-10935
-10490
-9979
-9398
-8752
-8003
-7313
-6636
-5953
-5198
-4622
-4127
-3767
-3363
-2938
-2582
-2162
-1731
-1255
-688
-7
573
1227
1828
2312
2793
3082
3275
3402
3481
3455
3341
3259
3349
3504
3400
3282
3206
3317
3374
3003
2668
2267
1993
1702
1194
731
343
163
99
151
294
646
955
1326
1899
2618
3395
3976
4644
5470
6443
7418
7884
7820
7692
7626
7902
8427
8805
9453
10279
10849
11427
11943
12884
14229
15058
14844
13540
11790
10211
8926
7903
7226
6509
5542
4322
2852
1531
195
-1266
-2704
-4227
-5496
-6515
-7300
-7825
-8161
-8311
-8255
-8173
-8045
-7816
-7693
-7550
-7423
-7308
-7129
-7028
-6923
-6841
-6697
-6472
-6306
-6234
-6280
-6391
-6437
-6601
-6816
-7084
-7318
-7476
-7538
-7468
-7273
-6875
-6438
-5817
-5134
-4491
-3907
-3440
-3012
-2704
-2451
-2246
-2122
-1930
-1644
-1263
-819
-328
187
695
1215
1604
1977
2186
2188
2191
2099
1877
1666
1415
1299
1341
1491
1859
2052
2280
2551
2581
2628
2483
2026
1618
1044
499
262
-84
-275
-174
23
621
1226
1866
2620
3198
3775
4327
4659
4966
5124
5231
5475
5682
6083
6496
6817
7348
7891
8284
8604
8651
8584
8412
8054
7730
7406
7010
6532
5920
5282
4868
4567
4548
4929
5404
5659
5426
4793
4064
3406
2900
2518
2232
2064
1747
1387
947
545
290
110
31
-13
-102
-247
-614
-1137
-1837
-2621
-3377
-4267
-5239
-6096
-6859
-7351
-7547
-7482
-7103
-6699
-6280
-5899
-5661
-5467
-5423
-5490
-5488
-5446
-5251
-5000
-4652
-4168
-3711
-3206
-2742
-2390
-2122
-2024
-2016
-2047
-2129
-2297
-2346
-2330
-2244
-2130
-1936
-1668
-1475
-1346
-1341
-1459
-1672
-1957
-2412
-2869
-3301
-3697
-3890
-4028
-3928
-3683
-3380
-2899
-2502
-2137
-1787
-1626
-1596
-1805
-2110
-2310
-2662
-2949
-3119
-3324
-3227
-2981
-2671
-2225
-1805
-1344
-845
-507
-211
-6
36
179
346
494
740
1015
1436
2002
2478
2996
3430
3757
4152
4309
4378
4424
4461
4522
4558
4679
4809
4923
5042
5233
5506
5831
6034
6156
6267
6317
6239
6004
5527
4983
4291
3530
2849
2250
1803
1478
1194
1076
1154
1332
1669
1843
2104
2365
2574
2679
2639
2538
2473
2260
2044
1795
1486
1204
803
424
100
-213
-433
-541
-545
-460
-292
-170
-47
-116
-246
-520
-981
-1557
-2293
-3001
-3632
-4154
-4505
-4692
-4661
-4495
-4181
-3747
-3386
-3064
-2886
-2837
-2917
-3089
-3406
-3800
-4165
-4520
-4788
-4915
-4973
-4831
-4606
-4383
-4107
-3885
-3714
-3659
-3828
-4177
-4614
-5176
-5709
-6351
-6965
-7457
-7858
-8098
-8273
-8293
-8272
-8243
-8182
-8205
-8257
-8333
-8503
-8779
-9054
-9196
-9281
-9325
-9207
-9043
-8717
-8367
-8024
-7634
-7295
-6965
-6656
-6359
-6015
-5569
-5082
-4579
-3998
-3387
-2678
-1953
-1232
-477
273
996
1689
2374
3006
3619
4280
4966
5659
6281
6848
7323
7720
8000
8167
8293
8232
8195
7949
7704
7442
7155
7036
6857
6725
6524
6319
6012
5678
5256
4832
4385
3976
3686
3453
3280
3248
3297
3422
3615
3822
4065
4179
4255
4187
3968
3685
3340
2892
2428
2075
1833
1633
1562
1636
1867
2110
2431
2738
2968
3146
3187
3246
3156
2960
2740
2484
2295
2132
2003
1952
1964
2071
2107
2160
2227
2292
2307
2291
2218
2127
2066
1935
1888
1854
1874
1858
1724
1667
1566
1386
1265
992
787
665
471
400
301
194
215
221
193
161
72
-9
-122
-259
-396
-570
-723
-742
-759
-699
-595
-494
-350
-331
-300
-268
-294
-372
-526
-710
-810
-996
-1091
-1208
-1349
-1324
-1355
-1346
-1314
-1356
-1326
-1300
-1330
-1299
-1329
-1415
-1464
-1457
-1441
-1371
-1362
-1371
-1356
-1358
-1221
-1146
-1097
-1030
-984
-994
-901
-846
-838
-780
-784
-700
-574
-385
-135
101
457
883
1313
1827
2280
2662
3064
3411
3784
4054
4289
4500
4668
4953
5268
5587
5908
6248
6610
7053
7292
7432
7526
7460
7421
7279
7011
6724
6423
6169
5892
5729
5636
5511
5436
5366
5346
5312
5191
5043
4865
4672
4521
4329
4152
4033
3904
3850
3816
3786
3740
3598
3471
3330
3109
2844
2559
2277
2042
1768
1594
1460
1338
1222
1168
1148
1041
961
876
745
562
405
204
15
-185
-373
-512
-597
-679
-699
-735
-729
-703
-686
-677
-749
-787
-875
-995
-1087
-1224
-1391
-1542
-1725
-1883
-2019
-2167
-2282
-2432
-2510
-2482
-2495
-2431
-2322
-2285
-2157
-2062
-2016
-1915
-1899
-1800
-1766
-1730
-1656
-1618
-1542
-1487
-1396
-1255
-1127
-1030
-905
-841
-722
-587
-550
-499
-424
-379
-323
-215
-174
-36
112
259
454
683
888
1079
1276
1555
1787
1973
2273
2462
2665
2880
3025
3133
3193
3291
3350
3358
3300
3326
3358
3387
3388
3373
3383
3388
3400
3444
3452
3469
3508
3500
3477
3461
3372
3239
3114
2982
2865
2811
2735
2644
2625
2642
2630
2638
2564
2458
2350
2174
2045
1915
1685
1525
1361
1293
1260
1193
1261
1163
1143
1119
1054
976
800
640
539
378
304
210
132
223
275
329
392
412
378
263
95
-3
-255
-473
-652
-798
-883
-987
-977
-1008
-1018
-1015
-1055
-1171
-1238
-1317
-1483
-1602
-1677
-1758
-1749
-1754
-1753
-1685
-1585
-1509
-1424
-1380
-1378
-1336
-1305
-1309
-1297
-1169
-1123
-1033
-887
-770
-619
-484
-373
-244
-101
-14
110
180
323
439
550
681
756
830
880
914
889
914
891
830
799
794
800
817
930
1066
1155
1302
1409
1524
1583
1628
1730
1826
1906
1958
2068
2218
2398
2588
2827
3051
3204
3395
3523
3612
3667
3710
3625
3502
3397
3245
3155
3044
2947
2804
2694
2666
2616
2613
2596
2585
2574
2546
2525
2535
2541
2589
2619
2702
2809
2897
3013
3079
3172
3223
3281
3282
3275
3271
3228
3185
3059
2997
2931
2832
2695
2509
2353
2249
2047
1825
1703
1519
1393
1253
1120
1009
919
839
742
648
632
558
442
372
213
129
59
-28
-163
-262
-320
-340
-413
-424
-437
-493
-455
-518
-503
-447
-493
-512
-523
-534
-565
-583
-610
-623
-623
-612
-582
-584
-598
-592
-564
-536
-488
-520
-488
-464
-486
-449
-441
-453
-422
-420
-395
-361
-309
-285
-258
-221
-203
-151
-140
-144
-134
-100
-43
0
33
31
40
92
170
175
138
141
164
157
204
181
114
155
120
104
43
31
11
-21
-41
15
40
60
115
164
206
236
271
308
315
351
403
378
410
423
427
433
375
381
417
394
352
339
266
247
228
173
182
173
173
138
135
129
110
142
103
139
205
186
238
240
294
301
296
330
337
332
278
300
256
220
201
120
134
164
162
169
178
215
228
247
231
232
252
191
177
192
190
224
289
335
386
442
465
476
480
449
480
438
408
394
346
324
321
286
254
290
305
262
279
275
208
170
96
131
83
56
57
42
57
-8
15
-2
-47
-113
-161
-168
-179
-185
-160
-171
-125
-133
-161
-123
-151
-193
-203
-222
-299
-312
-335
-306
-279
-262
-235
-247
-199
-178
-167
-184
-185
-214
-253
-231
-284
-301
-301
-290
-243
-237
-255
-237
-239
-275
-290
-289
-304
-343
-343
-331
-310
-297
-310
-303
-329
-365
-329
-359
-374
-462
-526
-502
-504
-494
-498
-469
-445
-429
-393
-335
-316
-329
-315
-336
-339
-325
-389
-420
-373
-364
-354
-318
-340
-309
-315
-259
-194
-161
-86
-35
6
74
103
105
118
131
141
130
91
55
11
12
57
24
34
68
147
213
221
229
195
188
190
172
184
171
112
103
123
177
186
186
195
184
197
212
181
140
164
212
215
244
280
289
306
338
272
280
251
206
186
168
186
198
241
231
288
291
327
356
387
371
337
351
340
286
260
242
162
129
153
131
102
92
67
40
4
-61
-80
-102
-84
-110
-155
-163
-175
-196
-252
-322
-421
-426
-479
-488
-471
-439
-457
-455
-402
-422
-417
-379
-398
-407
-386
-458
-544
-560
-514
-538
-569
-550
-563
-564
-528
-518
-524
-524
-549
-575
-541
-535
-515
-517
-540
-560
-511
-494
-510
-481
-466
-427
-398
-357
-309
-255
-233
-209
-144
-127
-75
-35
-62
-17
30
77
33
75
77
45
88
117
155
172
216
237
272
278
321
350
340
340
306
284
281
280
269
286
280
285
305
300
287
299
354
370
372
389
353
375
354
318
281
257
233
204
198
131
164
183
187
170
149
167
144
86
89
46
-15
-73
-132
-148
-208
-264
-245
-328
-305
-313
-350
-319
-356
-356
-397
-401
-395
-405
-410
-420
-416
-379
-428
-421
-398
-395
-417
-392
-354
-375
-350
-343
-363
-333
-324
-331
-310
-309
-311
-320
-282
-342
-319
-299
-300
-289
-320
-317
-316
-315
-267
-290
-335
-314
-287
-257
-230
-211
-188
-121
-110
-99
-95
-54
-41
-30
23
33
91
108
167
185
165
219
175
167
165
148
159
133
148
182
204
215
229
269
256
234
219
234
221
143
126
151
135
102
117
132
131
160
112
122
126
96
79
42
-9
-13
-60
-67
-79
-127
-158
-203
-175
-194
-241
-268
-302
-327
-344
-343
-335
-372
-375
-370
-401
-411
-450
-503
-499
-515
-550
-531
-539
-541
-547
-601
-597
-565
-543
-582
-576
-562
-609
-614
-599
-630
-613
-573
-562
-511
-454
-474
-471
-418
-439
-385
-366
-337
-309
-269
-246
-176
-164
-153
-100
-66
-92
-124
-122
-133
-62
-92
-67
4
22
107
149
189
239
265
289
287
330
350
321
352
413
455
475
538
588
620
651
670
712
699
711
713
729
711
724
736
774
846
825
887
912
897
903
878
866
865
916
912
917
953
941
943
944
936
932
911
919
939
873
861
839
786
805
792
765
731
751
692
612
562
541
485
439
376
344
377
332
330
327
294
267
239
222
197
175
156
154
91
77
95
46
10
-36
-58
-117
-121
-140
-144
-193
-181
-180
-144
-105
-132
-155
-172
-136
-140
-146
-157
-165
-140
-150
-144
-152
-135
-146
-142
-135
-140
-141
-148
-146
-176
-182
-196
-245
-264
-254
-230
-194
-231
-242
-268
-232
-230
-190
-178
-131
-126
-119
-57
-72
-75
-48
-60
-78
-48
-41
-44
-78
-61
-56
-39
-33
-50
-1
10
-2
10
8
19
17
18
17
36
38
12
38
39
55
8
1
1
29
57
16
51
43
65
51
43
60
1
13
-8
-87
-71
-62
-97
-133
-132
-147
-131
-148
-199
-185
-190
-240
-239
-253
-265
-281
-306
-291
-350
-322
-326
-376
-370
-349
-384
-414
-388
-431
-445
-445
-482
-464
-469
-504
-497
-533
-525
-541
-551
-589
-542
-518
-579
-541
-550
-529
-531
-518
-547
-543
-539
-568
-588
-598
-565
-570
-596
-584
-575
-598
-561
-529
-539
-530
-491
-491
-470
-464
-445
-430
-402
-356
-345
-346
-361
-330
-293
-255
-255
-244
-215
-236
-225
-184
-123
-103
-111
-107
-78
-41
-22
-27
-20
-24
-8
-10
23
32
44
89
67
100
112
91
139
145
128
130
128
156
131
160
122
175
163
127
175
154
179
126
164
147
181
126
112
136
130
127
88
120
67
107
85
73
40
40
85
17
20
31
30
31
43
36
-42
2
1
-22
-25
-10
31
15
3
17
2
12
-10
-19
-30
-53
2
11
22
-3
-47
-71
-28
-25
-42
-50
-39
-15
5
-52
-38
-23
-31
-26
-39
-34
-47
-30
-66
-28
-76
-35
-37
-56
-53
-52
-37
-37
-33
-19
-5
-16
29
64
87
51
119
132
140
165
160
173
165
180
165
195
184
182
175
191
170
162
234
237
260
191
205
288
273
278
291
289
305
278
260
241
246
296
299
247
253
266
258
283
247
229
214
188
185
163
158
157
107
104
110
80
104
85
112
132
82
75
48
36
6
-20
4
-48
-11
-31
-42
-54
-88
-73
-78
-99
-144
-95
-94
-100
-90
-109
-97
-124
-141
-157
-163
-150
-163
-158
-134
-152
-209
-167
-120
-129
-124
-97
-138
-124
-118
-153
-163
-157
-169
-169
-169
-159
-166
-197
-179
-208
-189
-208
-231
-246
-242
-235
-208
-208
-173
-161
-183
-169
-167
-130
-135
-79
-44
-41
9
4
26
22
32
71
78
99
84
92
128
167
146
150
168
158
128
135
156
160
169
173
162
162
154
148
179
182
181
224
215
218
213
212
251
249
235
220
231
225
223
197
197
158
150
135
145
104
104
113
112
142
94
66
98
96
92
66
41
86
86
61
44
6
23
38
63
18
-16
0
-56
-13
-34
-17
-35
-49
-55
-72
-81
-74
-93
-110
-94
-91
-74
-52
-64
-67
-39
-52
-62
-70
-84
-104
-85
-97
-80
-99
-133
-169
-181
-119
-128
-92
-113
-110
-129
-125
-132
-120
-88
-129
-112
-65
-78
-103
-67
-50
-13
38
55
64
73
109
127
121
131
122
153
173
181
191
219
210
243
229
271
279
276
267
253
272
307
288
257
268
283
312
307
287
326
340
347
358
354
383
402
398
376
376
366
377
384
360
341
353
334
370
396
387
342
359
352
338
299
306
314
244
262
225
208
210
225
253
227
212
272
205
194
192
165
166
96
127
128
104
92
89
58
25
60
60
28
39
31
2
10
3
28
15
1
2
-21
-55
-61
-22
-63
-72
-72
-68
-84
-115
-94
-95
-105
-123
-92
-82
-93
-151
-113
-110
-162
-105
-98
-101
-99
-96
-71
-23
-63
-41
-25
-44
-27
-46
-5
-30
6
23
43
1
-8
18
33
58
57
17
3
51
37
69
46
61
60
37
62
109
110
78
78
86
97
113
136
108
140
121
120
128
106
104
104
92
33
37
70
22
26
39
53
28
32
26
12
-37
8
38
-10
-11
-11
-36
-67
-28
-40
-44
-35
-45
-80
-74
-72
-85
-119
-120
-112
-108
-125
-112
-138
-115
-120
-190
-209
-195
-188
-226
-187
-173
-203
-217
-222
-206
-234
-261
-228
-203
-203
-252
-236
-213
-245
-207
-202
-218
-202
-223
-227
-238
-251
-230
-258
-273
-277
-274
-248
-219
-271
-269
-204
-222
-199
-205
-208
-175
-154
-193
-207
-198
-158
-197
-186
-156
-177
-173
-174
-190
-175
-188
-165
-136
-130
-109
-83
-141
-143
-123
-116
-122
-141
-132
-135
-128
-134
-100
-125
-160
-165
-137
-134
-132
-130
-132
-112
-94
-65
-82
-87
-86
-120
-77
-82
-94
-80
-131
-148
-125
-145
-169
-186
-129
-145
-172
-189
-207
-200
-215
-193
-238
-239
-239
-238
-225
-226
-238
-251
-217
-206
-212
-221
-224
-220
-227
-219
-193
-216
-235
-225
-207
-244
-214
-275
-300
-223
-254
-274
-262
-243
-251
-265
-248
-201
-224
-236
-243
-223
-195
-189
-214
-186
-191
-156
-140
-185
-148
-128
-115
-102
-93
-117
-104
-101
-82
-82
-104
-72
-80
-109
-74
-90
-39
-16
-57
-20
-45
-36
-13
-25
-15
1
33
33
47
60
59
67
92
59
71
94
88
77
66
66
63
56
57
66
25
36
10
2
33
-1
26
42
38
40
8
24
37
17
38
19
1
31
20
0
19
15
-5
23
-7
-16
-31
-32
-41
-52
-48
-57
-89
-104
-112
-97
-112
-98
-85
-130
-124
-113
-115
-123
-139
-164
-146
-148
-127
-131
-145
-142
-152
-149
-166
-173
-164
-169
-197
-195
-190
-217
-190
-175
-176
-168
-154
-138
-152
-128
-154
-194
-134
-162
-176
-163
-134
-119
-148
-119
-139
-97
-95
-79
-85
-78
-63
-70
-65
-100
-88
-87
-88
-76
-65
-70
-69
-52
-49
-58
-29
-58
-47
-21
-59
-33
-45
5
-1
-50
16
19
4
4
12
20
-22
-4
-13
-25
-33
-53
-57
-27
-34
-39
-50
-35
-42
-37
22
-19
-8
43
41
38
51
44
18
-2
42
49
32
7
-16
7
16
-18
-60
-22
-31
-45
-64
-67
-99
-105
-65
-124
-102
-116
-129
-143
-142
-169
-180
-169
-179
-172
-172
-165
-172
-125
-189
-171
-143
-207
-206
-207
-233
-229
-210
-210
-213
-224
-216
-229
-219
-279
-268
-256
-264
-211
-230
-235
-214
-219
-201
-200
-213
-193
-208
-173
-178
-182
-174
-152
-124
-141
-139
-144
-133
-162
-135
-142
-161
-140
-185
-154
-140
-162
-129
-120
-98
-115
-153
-145
-114
-65
-65
-59
-96
-87
-67
-80
-79
-109
-93
-41
-65
-77
-12
-36
-23
-21
-32
-26
-30
7
-10
39
37
45
37
21
67
68
80
59
51
85
86
70
59
105
85
63
65
46
27
20
42
62
56
-4
6
-10
-56
-20
5
-19
-36
-63
-86
-77
-99
-72
-83
-102
-90
-86
-112
-125
-120
-113
-81
-94
-117
-112
-132
-125
-125
-128
-113
-123
-120
-167
-110
-114
-96
-107
-96
-84
-105
-73
-125
-91
-67
-58
-113
-56
-23
-48
-13
-21
-55
-78
-44
-75
-89
-65
-56
-36
-19
-16
-36
-35
-14
-22
-18
39
-10
-6
-32
12
19
3
-10
23
28
5
21
18
38
14
39
73
101
128
133
90
127
156
104
116
112
111
136
142
165
174
172
173
158
123
135
100
121
150
121
114
135
108
82
113
120
117
104
112
101
127
117
124
164
132
88
80
87
58
72
120
82
50
36
17
51
26
16
11
-24
13
-10
-24
-34
-28
-35
-50
-62
-48
-55
-86
-53
-71
-46
-44
-82
-99
-71
-64
-44
-37
-44
-65
-43
-9
-52
-57
-43
-38
-20
-30
-26
-52
-53
-69
-71
-42
-86
-80
-59
-28
-28
-33
-66
-51
-43
-36
-26
-25
-21
-41
-52
-43
-50
-27
9
20
13
8
35
45
29
35
43
38
51
57
61
62
86
91
89
74
66
64
97
66
115
111
100
102
122
121
119
155
115
110
123
141
99
131
115
114
119
99
113
110
116
121
106
124
115
141
158
126
134
134
147
119
119
94
116
101
98
84
74
115
104
83
31
25
59
51
21
37
57
31
46
52
39
31
33
2
64
52
58
88
31
59
44
47
31
21
39
-5
10
-11
5
26
-11
-17
-60
-32
-78
-86
-73
-52
-46
-51
-82
-100
-73
-119
-93
-97
-73
-102
-66
-25
-65
-66
-51
-35
-44
-51
-37
-36
-12
-24
-43
-24
-33
-48
-35
-6
-20
-22
9
28
27
25
32
35
47
67
59
45
63
50
86
73
66
104
90
95
81
81
107
98
149
117
95
60
35
43
71
86
60
69
49
60
63
58
39
54
63
63
51
31
35
76
92
37
36
50
41
1
20
19
-4
21
-7
-10
21
-16
-14
9
-1
23
20
-23
-7
-32
23
21
-9
1
-6
38
6
33
39
23
51
62
78
29
49
53
20
27
4
60
89
63
110
117
84
113
82
108
100
111
101
67
84
103
96
116
113
101
127
120
104
112
109
121
117
122
171
168
172
204
202
206
193
189
198
236
233
245
251
247
254
238
273
268
250
259
277
286
320
304
287
274
253
258
274
252
257
255
243
262
242
231
268
282
237
198
203
186
187
199
179
182
158
176
143
125
96
108
80
83
94
96
137
119
147
113
144
117
139
117
66
81
72
58
61
108
52
67
27
35
59
52
86
33
88
103
76
72
101
90
94
104
116
75
49
117
143
132
112
113
116
73
81
73
50
65
47
80
60
55
66
58
63
42
29
61
24
5
40
36
65
60
63
86
76
86
79
64
88
96
141
161
118
141
182
201
201
159
190
184
162
181
215
189
206
224
204
195
218
187
210
196
201
223
210
226
215
235
233
231
230
225
216
213
235
203
184
178
143
137
193
166
128
137
82
107
128
111
87
118
126
122
99
93
101
53
55
19
29
56
46
33
22
21
18
22
31
6
80
69
48
25
11
34
28
21
6
12
31
24
30
31
50
30
34
60
34
48
88
77
58
96
68
79
93
79
52
89
50
58
44
35
92
1
42
42
-6
56
58
65
80
76
93
123
148
156
117
148
148
124
134
123
167
186
188
191
232
220
188
196
216
177
143
165
155
131
108
182
153
134
128
125
158
153
168
136
95
90
130
118
129
165
145
130
138
157
136
130
142
140
132
91
78
77
65
76
85
33
84
32
18
23
26
17
38
40
27
50
49
48
31
43
26
30
4
36
11
-42
-25
-16
-18
-5
-29
-3
-32
-54
-30
-31
-43
-77
-79
-48
-64
-20
-29
-52
-48
-45
25
7
-1
-10
4
27
14
64
45
27
54
36
37
15
2
30
33
31
-18
-18
-45
30
49
42
56
78
137
126
149
168
165
132
214
167
172
220
193
223
214
215
241
225
248
267
248
207
265
235
238
274
223
188
177
239
223
258
245
250
255
216
207
250
245
247
275
262
255
214
262
231
209
207
174
180
185
151
134
126
148
148
121
105
118
155
156
99
150
125
86
103
98
112
110
144
85
86
111
94
99
71
80
74
78
89
96
108
87
83
83
67
70
170
98
98
107
62
88
81
87
63
61
59
94
88
82
96
102
116
84
82
80
112
102
95
101
86
117
96
107
123
136
135
126
126
121
129
154
116
121
141
146
127
168
180
145
194
177
160
211
204
166
160
166
167
179
147
150
141
163
177
125
157
134
139
156
109
122
142
131
115
126
110
124
153
107
105
142
132
102
116
145
110
126
135
102
97
89
101
98
71
43
75
95
74
80
93
110
96
83
118
105
105
76
57
74
34
23
55
50
18
26
-4
-23
-9
6
30
-17
2
0
13
10
28
95
74
10
33
6
19
19
12
37
33
30
30
42
56
40
12
7
31
22
25
42
33
42
67
78
66
52
60
37
50
52
64
88
47
77
69
81
79
75
79
117
84
80
117
113
144
127
78
89
113
112
141
96
83
55
67
107
65
123
74
85
74
72
80
62
54
67
53
63
52
39
110
80
70
67
57
65
67
53
70
76
68
83
107
72
63
37
42
17
6
24
19
33
9
5
41
28
16
45
36
7
7
32
65
69
50
52
52
38
53
81
68
57
56
53
62
84
85
76
82
44
70
65
23
68
26
27
13
0
29
-1
32
29
-19
-3
32
31
32
-3
-15
35
28
65
82
45
69
51
57
65
70
72
77
87
91
105
90
99
84
68
58
38
37
51
44
43
49
9
65
62
70
91
62
83
78
108
102
77
18
42
42
55
82
18
41
38
61
50
47
41
64
89
81
78
59
77
58
47
68
78
48
59
41
42
52
33
65
49
79
86
52
51
76
57
47
51
77
75
49
47
32
-19
-28
25
38
10
2
28
14
59
81
58
105
99
46
59
113
111
101
106
108
97
100
58
61
69
67
66
93
74
32
57
60
55
49
26
38
58
34
49
34
26
49
41
51
61
19
63
69
34
53
69
61
33
27
50
76
42
35
33
10
18
52
22
56
33
12
43
41
33
17
57
53
39
52
59
77
27
70
35
17
20
11
4
9
36
22
7
-23
-3
-13
8
10
20
23
-27
-27
4
-30
-16
15
-1
-6
29
54
33
23
74
36
24
34
14
40
33
10
19
18
2
30
20
32
-18
7
46
15
29
35
62
26
19
57
45
39
80
70
55
55
70
75
60
82
62
32
67
49
49
66
62
90
14
11
22
2
-6
-6
18
-18
-3
-17
-1
57
40
53
23
-5
39
31
54
60
22
21
6
8
32
20
24
10
15
22
-6
-17
-10
-18
13
36
13
-11
-33
-24
8
-30
1
18
-3
-15
28
28
9
16
29
31
10
11
-9
-19
-19
-25
-15
-33
-36
-10
-13
-18
-59
-46
-70
-94
-67
-117
-93
-78
-113
-102
-110
-88
-116
-88
-125
-96
-101
-123
-106
-117
-78
-82
-121
-93
-62
-99
-100
-106
-115
-64
-89
-66
-43
-101
-107
-97
-68
-100
-99
-116
-107
-79
-43
-17
-20
-29
-41
-12
-10
-30
-19
-29
-12
31
-3
-22
-51
-22
8
-39
-18
-33
-4
-8
-61
-21
-1
18
-1
-24
-19
-47
8
-28
15
19
-12
1
12
38
-3
36
60
52
48
63
51
49
88
35
46
40
29
33
69
78
67
115
91
92
49
40
46
31
43
28
60
79
108
88
104
115
49
83
58
19
57
54
77
68
76
81
92
94
59
64
88
67
53
56
46
58
14
51
35
17
58
53
45
41
22
24
5
19
34
2
3
-33
-86
-18
-36
-20
-21
-47
-28
-46
-53
-85
-53
-88
-72
-81
-69
-58
-86
-27
-43
-44
-40
-109
-91
-67
-91
-57
-58
-73
-65
-55
-76
-52
-43
-75
-42
-14
-41
-50
-34
-38
-18
-2
-46
-38
-49
-34
-15
-5
7
12
26
-43
9
-23
6
27
6
26
-16
30
32
48
28
42
58
13
41
53
35
30
43
21
61
112
84
89
85
112
149
121
125
86
77
157
113
104
107
101
93
53
55
60
80
46
59
80
62
45
43
35
36
-4
-1
27
34
49
38
3
-7
-5
-2
-17
-13
1
-6
-7
25
11
-35
-17
-47
-53
-21
-7
-6
-28
-41
-38
-25
-31
-35
-1
-42
-50
-43
-75
-60
-79
-55
-70
-51
-64
-34
-20
-51
-55
-91
-98
-99
-76
-99
-80
-88
-84
-101
-35
-64
-93
-77
-118
-88
-96
-132
-105
-101
-158
-89
-128
-101
-50
-76
-78
-82
-46
-63
-40
-21
-9
16
-9
-29
-25
9
-5
5
54
-5
-19
13
42
54
0
17
38
52
57
51
47
32
26
24
45
16
28
56
41
29
17
35
13
25
72
72
82
58
30
15
-5
20
23
-15
-15
-8
-24
31
6
-4
20
-16
-25
-55
-74
-59
-43
-45
-55
-48
-32
-21
-25
-62
8
-29
-41
14
-10
-5
-7
-38
-46
-23
-17
-25
-62
-29
-64
-32
-20
-33
-34
-42
-59
-92
-60
-62
-44
-63
-51
-40
-80
-98
-79
-88
-70
-67
-99
-120
-123
-85
-95
-42
-82
-90
-61
-45
-9
-33
-63
-30
-37
-50
-55
-68
-59
-66
-74
-63
-44
-26
-46
-79
-86
-47
-40
-67
-71
-44
-46
-52
-51
-34
-34
-59
-51
-25
1
-22
8
17
-23
-31
-25
1
-23
-32
-30
-30
-1
-25
28
16
11
58
43
24
-19
-15
26
16
3
38
32
20
17
31
29
68
25
19
33
23
-10
38
22
12
25
-5
15
5
12
18
36
10
8
2
-3
25
46
39
17
3
-15
21
24
36
58
28
56
33
26
23
65
66
25
26
17
0
13
24
14
22
-15
10
-19
-18
34
5
-31
-18
-20
-25
51
3
-15
6
23
-13
-11
27
30
32
12
22
25
37
7
29
-11
10
57
-21
-28
-10
-13
-38
-4
5
17
13
-11
-20
-5
-12
-42
-17
-49
-74
-58
-91
-136
-75
-92
-125
-126
-91
-69
-81
-89
-111
-69
-95
-80
-53
-80
-35
-14
-45
-56
-34
-60
-40
-44
-45
-20
-8
5
30
6
-25
-23
-29
-22
-53
-42
-40
-53
-39
-66
-67
-46
-37
-44
-45
-17
-54
-48
-16
-39
17
-8
-14
-40
-14
11
8
-3
-1
-22
2
2
19
2
-16
-3
37
40
21
30
21
46
4
-6
55
56
50
77
102
62
75
61
47
47
35
24
5
67
76
90
45
73
86
77
117
74
68
116
122
102
110
102
95
68
70
93
94
104
94
85
83
75
90
76
120
113
87
86
101
94
108
112
136
141
97
147
129
89
84
103
59
52
78
35
39
66
73
46
39
38
55
78
51
32
72
74
50
70
9
5
53
42
38
-14
-43
28
-5
25
41
39
1
-56
-39
-39
-24
-47
-42
-35
-72
-85
-37
-25
-30
-34
-2
-33
-21
7
2
3
-23
-3
6
21
1
26
28
0
20
12
44
15
-21
-14
-10
2
-17
-11
0
12
-6
5
-13
-1
10
7
2
-31
-19
5
-2
4
31
20
43
47
72
57
59
24
41
53
33
58
71
62
56
40
34
26
40
41
62
87
80
71
39
48
64
101
65
76
90
52
50
67
74
53
109
112
75
55
37
-9
37
13
-8
7
0
43
23
34
19
22
52
22
6
22
7
-1
-7
-5
-30
5
3
-24
-9
-7
15
28
50
29
22
40
39
46
27
20
-2
18
-3
-27
17
15
9
12
23
-15
10
31
11
7
-1
10
48
49
-6
27
18
23
17
7
-16
-70
-29
-18
17
29
-22
25
35
33
25
24
45
39
28
40
36
54
54
37
104
104
64
96
122
108
120
81
70
85
69
76
69
63
88
78
97
90
66
101
80
40
68
100
99
118
97
114
85
113
125
126
127
124
152
80
93
92
123
154
166
113
129
107
113
129
98
138
156
126
166
131
128
156
143
164
148
140
142
129
95
118
120
161
146
154
139
126
138
90
93
76
65
100
137
107
119
134
113
78
42
52
106
106
84
119
59
43
116
75
98
71
70
82
50
87
37
-1
47
59
71
55
38
33
27
22
30
39
27
15
6
-25
21
-3
6
53
9
44
40
86
34
47
55
14
60
69
88
90
130
112
85
84
81
95
130
121
118
107
131
137
113
124
105
133
158
142
133
178
148
131
141
185
181
180
206
204
162
183
222
166
161
161
178
197
217
194
173
165
164
225
198
197
175
134
172
199
200
195
177
137
145
160
124
154
157
142
150
152
179
167
148
147
173
188
169
132
139
136
135
139
134
114
134
161
126
156
143
128
159
137
143
136
110
147
107
143
132
132
153
139
149
158
129
130
138
114
120
134
150
137
110
125
142
148
118
153
167
165
157
141
157
145
179
199
152
126
130
121
136
142
143
133
128
118
107
82
84
79
80
78
106
94
94
110
76
