88
63
64
62
87
62
80
99
58
76
25
59
95
73
85
32
74
68
68
43
3
63
11
17
66
83
85
51
73
82
51
72
41
41
94
85
87
92
66
82
99
103
92
135
128
118
141
112
123
72
62
50
35
94
58
72
36
54
68
76
43
-6
40
-6
37
-2
-5
-3
15
8
25
53
40
48
0
34
62
53
51
62
81
62
55
67
50
47
33
35
51
73
68
59
25
75
79
-13
48
46
21
48
63
82
31
57
79
43
37
59
67
75
21
56
65
33
41
30
47
76
53
52
56
50
57
21
41
21
31
24
19
31
38
40
43
68
58
66
50
45
18
33
76
89
53
67
27
30
20
15
67
48
61
23
7
20
9
22
44
21
50
47
-15
23
39
37
49
45
33
38
48
41
53
45
61
45
12
16
46
22
53
100
63
64
117
80
85
130
100
83
75
91
68
96
100
156
105
89
65
27
86
53
78
106
66
77
76
89
79
66
71
68
88
81
30
42
43
32
39
46
61
35
73
64
73
70
36
66
23
27
4
8
0
-40
-30
-62
-28
-27
-9
-13
1
-43
-71
-51
-36
-54
4
-10
-17
-15
-37
-46
-37
-51
-78
-26
-35
-78
-85
-67
-53
-68
-69
-59
-55
-24
-46
-71
-73
-71
-110
-88
-45
-65
-96
-32
-62
-38
-42
-80
-38
-35
-47
14
-7
-21
10
7
8
-14
25
-4
39
55
37
2
-14
-11
-19
-3
-17
-37
-38
-33
-12
-43
-54
-51
-70
-39
-12
-21
-80
-54
-33
-34
-9
-31
-80
-58
-81
-42
-20
-33
-26
-45
-44
-4
-16
-7
-46
-30
-33
-4
29
-31
-29
-4
13
-46
-15
-20
-59
-23
0
25
48
33
1
14
2
7
5
-14
18
46
-1
-28
-65
-103
-89
-61
-63
-80
-69
-80
-95
-72
-68
-60
-47
-41
-21
-50
-19
1
-41
-28
15
8
-17
-14
-24
-31
-40
13
-20
-12
26
-36
27
72
-18
-20
23
31
36
33
46
32
52
31
46
78
44
23
-15
-7
5
-20
-51
41
23
18
51
-17
29
-26
-32
-60
1
29
39
52
23
44
25
20
-25
-34
-2
-18
16
12
12
-8
-4
8
21
5
4
15
1
-24
20
31
27
19
40
14
13
28
-16
22
20
1
0
51
22
59
50
-11
40
38
40
34
37
30
61
61
51
110
67
57
61
3
51
46
56
79
65
74
75
68
96
57
72
104
82
92
77
87
84
74
82
52
60
47
25
22
16
40
33
35
10
4
6
11
-15
8
-24
-23
28
3
26
-29
-14
-13
-76
-44
-35
10
-40
-20
13
-6
-21
-22
-34
-71
-52
-73
-47
-37
-43
-64
-99
-118
-61
-83
-101
-93
-106
-113
-106
-114
-73
-74
-102
-68
-82
-124
-146
-131
-111
-104
-108
-99
-97
-105
-98
-63
-137
-104
-130
-159
-115
-135
-152
-113
-73
-104
-129
-129
-106
-97
-71
-72
-51
-53
-108
-109
-130
-128
-79
-97
-95
-64
-59
-72
-86
-51
-70
-36
-75
-85
-60
-78
-51
-50
-51
-99
-97
-97
-82
-56
-75
-52
-57
-37
-52
-54
-58
-25
-43
-78
-43
-25
-37
5
-5
1
40
31
36
13
15
39
50
25
-2
5
29
10
20
93
20
49
63
37
51
72
55
63
45
41
67
24
22
34
39
5
22
4
-8
-32
-87
-31
-51
-95
-62
-60
-63
-27
-77
-79
-52
-54
-7
-42
-93
-71
-73
-87
-63
-95
-78
-88
-82
-109
-68
-22
-77
-127
-128
-114
-107
-86
-103
-89
-86
-129
-113
-112
-124
-129
-117
-109
-138
-139
-167
-129
-127
-158
-100
-86
-171
-118
-126
-148
-106
-133
-149
-154
-135
-115
-115
-163
-143
-146
-113
-109
-102
-84
-76
-76
-118
-106
-96
-103
-160
-143
-115
-87
-85
-86
-121
-89
-90
-118
-135
-138
-129
-132
-93
-113
-99
-127
-71
-89
-28
-29
-62
-64
-115
-91
-85
-66
-33
-36
-45
-36
-64
-48
-46
-51
-66
-81
-62
3
2
-39
-35
-41
-89
-83
-64
-80
-87
-41
-39
-32
-75
-84
-101
-81
-63
-51
-48
-52
-31
-60
-19
-29
-61
-94
-67
-38
-31
-48
-39
-18
-44
-40
-31
-4
-8
1
-56
-15
-6
-13
-2
-11
-23
-5
-16
-36
-16
-21
-40
-3
-2
-26
-11
-42
-17
40
23
8
19
16
62
33
34
57
44
31
52
54
48
35
25
48
29
77
58
49
26
-10
-11
29
42
15
47
13
49
6
49
59
29
27
0
41
36
23
58
41
42
51
24
17
14
56
16
30
41
34
20
41
61
68
41
47
39
4
34
75
69
29
19
10
21
21
60
64
70
54
25
77
37
64
52
13
14
15
28
10
14
-3
-6
13
34
5
-18
-30
38
-5
-5
0
-29
0
18
48
28
4
14
20
3
-3
-1
-5
20
28
-56
24
42
45
87
34
5
-9
2
36
32
-12
5
15
15
1
6
-28
-10
-34
-36
-29
-63
-34
-14
3
-28
5
-12
-19
-12
-28
-51
-22
8
-2
-27
16
19
-34
-30
-24
-4
14
8
12
-22
-27
-16
-4
-9
-32
-59
-30
-54
-51
-3
-35
-25
-21
-25
-14
-37
-36
-46
-12
-21
-21
-65
-74
-22
-71
-22
-25
-29
-43
-20
-5
-32
-37
-34
-37
-35
12
63
68
77
77
59
52
70
96
69
72
114
118
79
87
78
104
118
85
84
83
88
47
87
98
53
125
102
77
113
102
54
74
100
126
84
74
60
39
61
8
59
53
37
54
31
74
43
14
-1
-11
72
13
8
40
28
-8
17
55
41
36
19
65
55
61
62
53
73
64
15
25
40
19
4
21
-1
-51
-27
0
-27
-44
-50
-17
-49
-60
-14
-51
-27
-32
-31
-24
-21
-6
7
-42
-63
-73
-59
-6
-54
-65
-41
-48
-60
-34
-50
-43
-14
-17
-12
-40
-41
-41
-62
-67
-43
-31
-16
1
27
-23
-37
-16
-6
-7
16
8
-33
1
24
49
3
-35
5
-15
12
21
11
-40
1
4
8
-11
17
35
15
37
-12
34
21
-30
-29
-8
7
25
26
12
36
61
62
59
66
93
81
84
51
36
33
63
87
42
59
86
47
98
117
92
97
66
78
83
119
108
104
108
160
116
110
143
107
105
95
125
82
66
109
64
34
52
71
55
66
22
13
23
-8
18
25
24
21
14
18
83
36
39
39
21
47
21
52
35
30
39
34
28
-8
2
-17
1
-30
-51
26
-3
-4
-8
4
19
-16
2
13
-1
-4
7
-8
-16
13
3
1
-20
5
11
6
-11
-26
-33
-58
17
10
-29
6
16
17
-25
6
-27
-8
11
8
26
-7
21
25
17
16
33
13
23
20
-5
-25
-5
-17
-11
5
-33
-43
-38
-37
-16
-43
-46
-2
-37
-55
-50
-21
-10
8
22
-25
-5
2
-11
5
6
27
-16
-4
41
5
-5
17
-3
-6
11
-31
-13
-53
-25
-34
-68
-48
-8
-33
-12
20
-9
8
9
6
10
13
-14
-40
-57
-19
5
-41
-37
-47
-31
-43
-44
-41
5
4
-2
42
-14
5
12
12
10
53
53
38
84
21
15
22
49
45
47
68
52
58
51
36
44
20
-11
24
35
31
43
75
26
18
50
32
60
38
33
37
12
49
1
28
33
22
46
20
45
45
11
7
32
63
76
93
79
66
37
81
65
57
47
55
99
72
51
90
60
45
76
45
67
123
104
85
53
70
27
44
40
62
131
62
59
78
78
65
68
102
85
67
57
41
57
83
69
61
89
78
109
129
110
158
163
144
162
108
90
94
119
112
68
74
77
84
59
76
69
102
102
94
64
55
87
23
69
98
68
58
63
84
140
79
97
97
25
25
31
43
32
25
7
34
24
39
46
30
63
64
129
111
101
64
85
105
74
60
58
70
71
55
28
53
18
47
26
66
49
11
-37
-12
24
38
22
4
14
25
26
38
51
16
73
37
25
42
26
42
42
60
65
43
48
8
76
59
44
14
40
47
89
85
52
87
77
44
18
14
67
68
67
92
16
79
101
127
97
65
93
73
61
93
87
119
89
61
102
97
118
90
90
93
93
82
103
107
57
73
95
88
86
73
52
40
106
69
52
102
73
73
72
104
109
76
87
47
59
66
25
55
33
29
28
2
-7
-5
16
20
11
6
8
32
10
56
29
11
44
45
17
16
21
17
14
-18
25
-16
-21
-33
-19
-11
-29
-24
-26
27
39
31
10
27
-5
56
13
0
-5
3
25
-16
30
16
22
14
27
10
61
54
37
47
55
35
-1
46
80
99
56
83
77
50
77
56
37
35
64
87
56
51
23
38
8
15
28
25
35
34
41
-16
17
18
25
43
26
23
21
48
4
-36
8
11
-65
-47
-10
-36
8
-35
-5
5
2
-15
-19
-5
2
49
28
14
32
50
78
55
40
49
80
93
85
83
82
97
79
82
70
65
67
97
112
129
139
134
105
154
137
121
155
135
165
133
120
120
125
164
138
159
174
177
171
172
149
172
156
146
148
156
152
147
163
107
146
183
115
115
100
99
159
153
203
185
162
170
131
174
158
154
187
178
159
149
144
134
170
194
174
183
198
176
172
133
200
134
135
161
99
106
75
76
164
154
111
147
89
79
108
106
128
159
154
123
139
126
111
80
130
126
123
144
78
127
169
167
144
116
151
112
76
83
101
61
57
63
36
97
39
52
62
56
96
59
83
98
52
37
93
78
63
78
85
83
111
81
111
110
98
144
109
102
76
82
92
58
51
61
113
103
98
118
103
127
141
164
153
168
156
186
160
123
148
152
135
109
133
128
145
138
138
142
159
126
152
157
124
118
115
138
150
169
152
185
149
145
171
176
189
163
165
184
201
171
165
149
120
137
136
189
169
127
140
142
159
150
177
179
158
175
150
134
130
152
141
91
144
125
139
118
117
156
124
118
112
118
114
123
95
94
75
93
111
122
159
158
143
175
121
103
129
104
114
112
112
90
93
120
73
86
78
74
123
110
127
110
95
101
155
174
168
149
149
160
144
97
66
111
128
113
64
89
127
54
65
76
31
75
80
80
117
138
151
81
110
157
121
138
147
125
163
137
89
121
138
137
160
128
103
85
100
130
154
120
86
127
117
108
114
144
139
130
92
90
102
126
118
61
70
34
21
52
78
68
74
83
68
81
61
87
53
32
91
62
80
102
91
105
82
95
107
104
63
82
91
55
101
115
118
77
37
55
56
39
73
87
84
89
39
57
59
55
33
58
34
32
72
41
18
1
9
25
44
59
52
41
62
61
94
96
83
69
87
97
89
88
59
82
85
69
75
103
74
55
130
120
125
133
125
136
134
105
105
139
111
107
127
126
89
84
85
84
109
92
76
93
79
106
119
92
62
56
92
95
106
93
79
105
120
118
162
136
123
143
176
144
113
133
129
123
101
133
102
112
113
79
91
65
68
82
34
29
41
20
18
24
26
-1
25
41
58
52
46
70
59
44
36
58
36
73
55
66
69
40
53
65
79
48
29
62
61
88
53
34
47
9
51
-3
32
55
44
30
48
43
19
33
1
3
14
3
-17
15
-23
-8
38
-35
-50
-64
-63
-27
-75
-16
-36
-77
-82
-55
-51
-73
-45
-43
-5
1
-25
-32
16
-8
15
16
38
39
24
50
50
54
19
27
15
40
39
17
-14
-21
-3
-11
20
25
23
6
7
-27
-26
-13
-40
-11
-12
-3
3
17
-8
3
44
25
22
-13
34
15
42
74
59
73
75
81
112
64
76
82
55
103
64
95
88
84
83
55
118
87
95
60
87
134
101
123
110
84
91
105
73
90
94
91
64
44
70
60
62
42
64
50
23
46
44
36
16
65
40
34
37
38
41
70
76
77
123
82
83
21
52
47
25
30
57
31
34
38
5
22
37
41
50
114
84
28
14
31
21
17
32
32
21
39
13
10
4
28
55
5
3
-16
-19
27
0
-39
4
5
-26
21
6
24
17
2
10
56
9
48
40
43
65
35
65
104
94
84
111
70
85
76
86
124
72
124
119
96
83
53
74
67
80
90
65
13
44
37
81
97
18
1
21
7
56
50
49
63
52
46
58
78
83
47
80
90
57
85
48
66
35
14
27
31
-16
-27
2
-11
13
-8
-25
-24
-19
-5
-6
-1
1
9
24
2
2
-19
-43
-26
-29
-37
0
-50
7
25
-25
49
-10
-18
-12
18
34
42
17
4
28
-18
-17
-9
-15
-24
-9
-45
0
17
-2
13
7
-21
-32
9
-15
-32
-7
25
0
22
-31
-36
-22
-25
-13
-15
29
29
-19
2
-17
-34
-10
-3
37
50
61
77
52
40
53
29
38
61
85
91
56
99
91
74
80
75
102
120
103
92
87
-10
-7
22
2
3
29
44
9
41
51
49
62
44
-6
49
33
28
54
26
84
83
65
102
146
97
67
83
115
112
164
132
135
140
125
157
146
127
101
127
103
92
114
116
112
98
113
95
124
120
113
87
79
63
81
87
58
82
95
114
76
78
103
36
79
75
59
72
69
91
61
40
8
34
48
45
36
29
15
43
43
24
22
-8
32
23
32
2
28
37
30
40
25
59
65
55
54
51
66
45
77
64
17
10
24
16
30
-12
-36
-32
-57
-53
-53
-44
-52
-72
-39
-48
-42
-53
-55
-33
-23
-48
-24
5
-21
-17
-51
-23
1
-9
10
-7
-30
-29
-30
-10
14
13
-11
28
21
24
20
9
3
21
6
21
55
26
8
-42
-50
-35
-40
-42
-5
-3
-39
-72
-40
-22
5
11
-23
-44
-24
-8
-35
-40
-22
-54
-39
-17
-10
-14
6
10
-25
-7
-20
-6
13
9
2
4
-20
-10
-21
-17
-47
-44
-17
-29
-17
-31
-52
-67
-56
-51
-32
2
-20
-7
-44
-9
-20
-19
-7
-31
19
8
42
-18
-15
-3
10
22
1
3
25
48
6
29
70
61
82
54
20
74
27
9
53
43
10
17
17
16
62
56
34
-21
-12
-10
-7
25
16
16
9
25
13
13
19
-10
-57
-41
9
-21
-51
-55
-23
-13
20
13
44
80
39
61
35
26
14
36
63
31
24
25
53
53
2
9
-17
-10
-18
-15
11
-6
-4
-8
-1
-49
-17
-77
-86
-61
-59
-77
-91
-78
-90
-79
-77
-96
-75
-55
-59
-21
-38
17
-14
-6
-7
-35
-11
25
22
45
48
38
2
34
36
26
42
29
24
48
23
9
5
-45
-15
-1
-24
-18
-14
-50
-39
-54
-58
-30
-68
-32
-70
-88
-70
-104
-112
-122
-90
-65
-47
-63
-79
-82
-64
-39
-52
-72
-24
2
-14
21
21
-10
-13
8
57
58
74
74
32
32
-1
-13
-39
-26
-6
-18
-20
-13
-63
-76
-67
-81
-74
-104
-95
-89
-86
-93
-129
-155
-116
-95
-93
-111
-108
-146
-179
-170
-176
-119
-97
-145
-128
-111
-111
-79
-113
-129
-68
-100
-74
-64
-38
-38
-52
-51
-66
-59
-91
-77
-99
-158
-115
-156
-141
-77
-122
-99
-106
-109
-124
-102
-108
-118
-98
-133
-129
-124
-120
-163
-142
-119
-117
-71
-88
-57
-56
-43
-26
-52
-1
-29
15
-3
1
-28
5
17
-18
42
35
46
29
57
29
6
-8
9
-2
16
33
-5
-11
11
-8
-20
20
-23
-27
-20
-32
15
28
54
74
24
26
46
58
35
45
20
-16
-21
-15
-24
8
4
1
51
4
-32
-7
2
6
-19
-5
3
-3
-22
-64
-11
-48
-35
-61
-54
-79
-116
-92
-81
-85
-123
-136
-95
-95
-87
-103
-159
-159
-152
-120
-164
-130
-165
-145
-118
-123
-141
-174
-146
-162
-153
-168
-134
-144
-119
-104
-116
-127
-92
-102
-163
-135
-162
-134
-88
-117
-118
-181
-158
-125
-149
-150
-157
-145
-159
-152
-151
-183
-181
-189
-191
-148
-168
-210
-222
-186
-125
-124
-174
-142
-123
-142
-126
-174
-126
-82
-100
-103
-108
-96
-62
-50
-112
-93
-88
-99
-102
-110
-105
-104
-94
-65
-62
-97
-44
-102
-125
-102
-162
-123
-100
-95
-81
-99
-82
-51
-110
-67
-74
-68
-65
-130
-86
-68
-93
-102
-63
-87
-117
-105
-129
-133
-117
-103
-88
-66
-41
-28
-16
13
44
7
-19
-30
-33
-47
-42
-56
-66
-54
-40
3
-29
-40
-76
-123
-81
-82
-142
-143
-152
-145
-133
-140
-95
-80
-80
-94
-89
-116
-130
-99
-111
-48
-70
-91
-74
-85
-97
-110
-51
-40
-83
-84
-106
-80
-57
-35
-38
-42
-47
-55
-26
4
39
5
6
3
9
-21
-29
-18
-15
-6
-13
-25
-42
42
63
-15
-5
-4
13
-22
7
45
14
29
5
23
29
11
8
12
25
16
44
53
35
12
29
33
45
41
9
111
90
117
134
144
112
110
100
106
130
100
125
118
97
107
106
85
86
75
84
62
52
45
54
84
42
29
39
22
55
25
51
47
61
78
64
79
53
48
5
11
23
-9
-23
7
28
-28
-22
15
30
27
53
36
75
84
65
43
0
6
5
8
8
49
36
6
-59
-10
-9
-2
-57
-54
-71
-97
-87
-98
-30
-74
-88
-96
-93
-85
-117
-103
-98
-85
-65
-74
-82
-67
-106
-93
-56
-77
-36
-39
-10
15
-28
-27
-49
-43
-37
-6
1
-18
10
31
-21
-1
-52
-37
-48
-59
-47
-99
-55
-56
-75
-53
-53
-71
-24
-11
-33
-4
-21
-41
-24
-25
-22
11
-5
-32
-8
-7
17
-61
-14
27
-10
47
43
38
19
18
19
22
40
34
52
38
0
3
9
25
43
39
26
-6
-4
27
-6
-13
-41
-39
-40
-71
-39
-40
-48
-43
-64
-47
-34
-64
-100
-78
-95
-109
-38
-44
-55
-21
-19
5
-11
-5
-11
-30
-29
29
-25
-28
-2
-2
28
15
-2
-10
-8
2
59
5
6
-12
-35
27
3
35
61
33
38
34
9
16
-21
-41
-55
-70
-25
55
23
16
3
1
18
-6
51
78
57
75
68
82
63
59
86
21
57
22
-11
34
15
18
3
27
58
2
22
29
0
-3
13
-26
-68
-61
-70
-71
-61
-59
-65
-92
-83
-99
-91
-97
-127
-119
-118
-126
-98
-69
-72
-82
-51
-47
-92
-61
-28
16
-26
-19
-5
-18
-9
-22
-44
-35
-24
-27
9
-1
-13
-6
-26
-80
-22
-79
-85
-104
-103
-47
-135
-123
-124
-134
-103
-125
-115
-119
-135
-109
-110
-91
-102
-138
-120
-83
-98
-123
-84
-32
-54
-18
-26
-19
-11
-32
-22
-43
19
26
6
6
27
22
32
33
26
8
24
78
71
101
85
127
70
46
61
32
44
46
41
-2
-10
-8
-32
-36
0
-27
-30
23
-16
-10
-21
-5
39
37
34
62
19
32
82
80
47
63
112
75
72
75
99
98
66
75
78
65
44
45
40
58
57
18
77
103
102
46
48
-7
1
6
-27
25
7
32
27
9
2
34
28
8
-48
2
50
58
74
66
96
40
71
72
79
69
60
91
45
106
109
121
120
90
135
91
83
146
104
98
126
109
86
90
105
83
62
59
56
47
55
76
47
22
24
24
69
60
32
12
29
69
28
-21
-41
-26
-27
-35
5
-17
-21
-22
-21
44
4
27
33
-3
19
11
80
53
52
76
78
57
95
117
102
61
74
93
38
2
-16
14
-32
-32
-31
-47
-18
-38
-30
-55
-69
-47
-89
-52
-38
-22
-20
-55
-30
-44
-63
-60
-51
-37
-37
4
-44
-21
-34
-29
-49
-47
-54
-60
-45
-50
-22
-19
-49
-103
-27
-25
-65
-31
-49
-26
-68
-51
-95
-96
-69
-47
-42
-93
-78
-82
-45
-40
-37
-54
-59
-48
-43
-82
-85
-63
-45
-48
-74
-66
-80
-77
-61
-31
-18
-62
-36
-26
-7
-35
-28
-11
-27
-14
24
7
-42
-20
-65
-26
-12
-69
-43
-40
-50
-57
-73
-55
-32
-37
-29
-51
-44
-11
-45
-13
-11
-42
-44
-31
-9
51
20
-22
24
32
40
86
37
-16
14
-14
-9
-33
16
0
18
31
-47
-38
-44
-67
-83
-81
-108
-91
-46
-29
2
-53
-7
15
-4
-21
-43
-36
21
11
-58
-12
-2
-44
-79
-51
-46
-65
-60
-68
-62
-85
-53
-71
-65
-63
-77
-105
-102
-88
-42
-18
-12
30
-2
1
-41
-8
-11
-20
2
15
32
-4
-9
-29
-13
-2
2
0
-2
20
-21
-38
-18
-4
-24
-37
-33
-29
-44
-81
-44
-33
-27
-4
12
-2
-53
6
-13
-37
-46
-4
5
-47
-13
-28
-52
-30
-49
-9
9
24
6
5
39
32
31
34
33
-7
37
16
0
16
15
31
79
93
93
39
30
44
4
42
18
24
10
47
53
66
68
39
35
22
2
26
21
20
-18
-15
15
12
22
-23
39
12
22
19
28
34
67
60
72
64
21
76
49
59
53
61
65
42
52
37
58
73
58
43
27
-5
15
43
49
59
29
53
-12
-15
12
14
-21
-21
-3
-13
34
-9
-13
13
-22
-11
35
81
72
29
31
-8
26
-11
31
51
48
70
36
62
50
61
-8
25
37
57
37
-12
69
68
52
43
61
35
70
55
3
54
54
41
51
32
26
8
14
63
59
43
28
61
29
33
55
22
52
21
68
24
37
46
48
41
17
65
22
71
41
11
12
0
48
42
27
13
46
4
28
26
34
-4
5
-10
-41
-17
-7
20
-23
6
7
37
30
6
23
24
18
21
30
17
24
45
43
26
12
50
40
17
57
24
25
16
6
-35
-32
-14
-49
-28
-44
-57
-28
-96
-96
-75
-44
-54
-5
-55
-56
-7
0
-41
-63
-39
-82
-70
-49
-13
-27
-42
-43
-48
-50
-25
-30
-54
-63
-92
-11
-64
-78
-94
-114
-59
-74
-62
-76
-61
-96
-91
-84
-60
-99
-116
-107
-146
-132
-76
-88
-117
-101
-100
-96
-95
-141
-166
-138
-133
-122
-133
-124
-116
-106
-99
-56
-85
-71
-59
-28
-22
-38
-6
-3
-15
-39
23
16
49
36
29
37
21
38
71
62
16
20
-25
-15
23
11
18
2
18
3
-11
-9
2
32
47
45
44
15
15
4
-13
-21
12
-38
-35
-8
-43
-6
4
-21
-23
-23
-49
-53
-51
-19
-34
-19
-37
-32
-32
-43
-33
-44
-40
-43
-31
-40
10
0
-22
-3
2
6
-7
-29
-30
-32
-50
-34
-6
-17
-29
-9
-37
-28
-48
-66
-39
-81
-37
-36
7
-9
27
49
1
21
36
18
25
67
110
118
111
76
61
37
89
60
84
111
97
106
79
84
80
27
20
15
39
58
34
48
-3
13
-23
-35
-13
19
41
-5
-10
-17
38
-18
-19
0
-2
48
3
11
3
-35
-76
-31
-47
-107
-70
-38
-55
-93
-56
-44
-77
-67
-94
-100
-43
-109
-87
-132
-114
-80
-57
-51
-91
-61
-57
-62
-50
-91
-96
-83
-123
-64
-105
-78
-125
-112
-70
-75
-51
-99
-26
-55
-32
-44
-48
-5
-18
5
-4
-36
-36
-22
-72
-37
-42
-49
-20
-62
-17
-34
-47
-45
-34
-30
-36
-25
-6
-20
-17
-7
1
23
2
81
34
40
23
-29
18
-7
-42
-36
-28
19
-10
-52
-12
-16
-15
24
7
37
13
29
45
51
66
43
51
62
57
32
42
43
82
76
48
53
75
83
90
40
54
52
30
74
55
13
46
20
14
25
28
54
51
26
30
34
13
34
21
5
26
46
16
19
36
27
18
29
28
31
-23
-42
10
10
-8
-5
-3
-42
-16
10
-15
-5
-33
-42
18
32
24
5
-26
2
0
-3
37
29
23
40
10
-10
-21
-22
-40
-30
-25
-28
-12
-27
11
4
-41
-20
-5
-39
3
-19
-10
1
-22
-1
0
8
-32
-42
-3
-11
-41
-26
8
-46
-46
-73
-65
-58
-85
-96
-107
-81
-83
-51
-63
-52
-26
-12
-50
-46
-53
-43
-42
-56
-40
-18
-16
-16
-9
-2
-23
-17
-31
-63
-44
-60
-2
-20
-30
-29
-35
-33
-22
-30
-10
17
-4
13
1
-3
13
31
14
8
26
52
-6
-27
-25
-47
-29
-59
-38
-76
-105
-77
-58
-40
-65
-28
-22
-52
-40
-50
-55
-24
-58
-26
-19
25
33
44
62
46
68
-8
-22
8
2
-56
-14
-19
-46
-11
-48
-23
-65
-78
-60
-37
-70
-88
-81
-84
-45
-28
-50
-6
3
-13
32
-13
32
29
-9
-3
37
22
-10
-1
-7
-20
-18
-7
-62
-74
-72
-42
-28
-22
-35
-47
-27
-36
-5
-17
26
-50
-70
10
-23
-19
-32
-21
20
-19
-25
0
-63
-43
-31
-24
-21
-20
-12
-45
-47
-18
36
-28
-27
-41
-41
-36
-24
-13
-36
-43
-43
-53
-5
16
-32
-18
-51
17
-10
3
7
25
32
15
53
46
50
6
-9
19
-16
-48
-23
-63
-84
-55
-81
-76
-70
-53
-62
-31
10
-31
0
-4
3
13
-11
20
2
-2
-30
-48
-36
-48
-26
-48
-53
-18
-49
-14
-23
4
19
1
-16
-22
-10
-25
6
38
6
15
-37
5
11
10
5
-17
10
-4
11
-17
20
-7
-35
-56
-28
-7
0
-50
-54
-13
-54
-47
-43
-23
-11
-32
-6
-40
-31
-57
-12
-8
-16
16
-3
-25
-48
-8
-32
-24
-62
-86
-101
-115
-67
-75
-117
-107
-83
-85
-78
-134
-147
-110
-123
-145
-138
-154
-165
-118
-102
-108
-108
-92
-111
-111
-62
-64
-110
-86
-72
-47
-63
-77
-57
-53
-47
-36
-30
-50
-19
-29
-50
-28
-18
-12
-25
-37
-15
-33
-9
-4
-25
-14
-62
-100
-64
-48
-53
-11
-55
-12
-41
-39
-49
-69
-64
-79
-47
-62
-84
-61
-57
-55
-38
-37
-65
-69
-17
-31
10
11
40
31
53
56
54
57
37
71
39
36
44
19
35
43
-26
-22
11
1
-6
39
57
42
7
7
66
22
45
57
39
39
5
22
20
13
30
67
88
23
25
91
50
29
45
11
41
37
27
24
-17
-34
-6
16
-7
8
-10
17
-8
10
17
-27
-26
-60
-44
-37
-61
-93
-84
-86
-75
-79
-88
-83
-66
-55
-74
-98
-120
-109
-71
-69
-51
-83
-128
-113
-100
-71
-53
-72
-81
-93
-106
-73
-72
-81
-87
-97
-101
-80
-120
-104
-101
-79
-117
-121
-96
-126
-130
-107
-121
-121
-134
-161
-156
-144
-128
-112
-111
-88
-59
-112
-86
-77
-92
-78
-107
-99
-96
-39
-50
-24
13
7
6
-11
-15
8
31
-20
13
11
31
19
20
9
-5
10
0
-25
-5
27
-25
25
36
51
42
16
-41
-21
-11
-19
11
8
-5
-13
-23
-30
-16
-97
-75
-48
-96
-41
-75
-75
-60
-87
-46
-32
-53
-61
-43
-8
-28
-24
-40
-24
-6
9
-33
-2
7
-9
11
-29
-41
-36
-44
-51
-79
-79
-44
-75
-84
-45
-61
-99
-60
-61
-77
-55
-53
-58
-118
-106
-96
-70
-19
-70
-61
-51
-40
-18
-13
-33
-80
-70
-98
-95
-69
-79
-91
-65
-55
-89
-50
-98
-83
-91
-101
-128
-115
-65
-50
-53
-26
-44
-66
-11
-32
-50
-64
-44
-60
-53
-28
-68
-23
-54
-68
-59
-71
-56
-74
-93
-87
-64
-87
-67
-89
-91
-80
-42
-9
-53
-69
-68
-37
-30
-9
-15
0
-38
-82
-49
-17
-42
-32
-14
-58
-1
-31
-21
-20
-21
-58
-36
-37
-81
-14
-41
-31
-22
-30
-85
-57
-46
-14
-25
-80
-35
-40
-25
-32
-22
-42
-49
-19
-44
-43
-92
-88
-77
-100
-75
-91
-78
-81
-103
-89
-151
-115
-101
-68
-94
-71
-84
-59
-23
-56
-45
-63
-70
-103
-132
-139
-122
-102
-151
-124
-83
-108
-98
-125
-128
-134
-89
-136
-100
-97
-89
-142
-163
-151
-208
-170
-164
-178
-121
-116
-115
-102
-104
-100
-103
-53
-64
-87
-136
-124
-134
-128
-110
-135
-97
-120
-137
-135
-139
-125
-121
-106
-89
-128
-123
-142
-114
-113
-79
-51
-43
-43
-14
-11
22
11
-36
-31
-15
21
-22
-19
-59
-25
-28
-20
-8
-5
24
-23
-1
25
3
0
26
42
11
35
59
52
42
22
43
39
38
26
-16
-30
-1
8
-60
-21
-45
-25
-54
-83
-59
-74
-44
-61
-58
-106
-118
-91
-89
-129
-123
-88
-94
-64
-77
-110
-90
-89
-60
-12
-23
-31
-52
-33
12
-18
-48
-15
-48
-38
-8
-46
-29
-29
12
-21
-1
13
-52
-1
-44
-70
-33
-9
-43
-28
-27
-77
-51
-57
-18
-9
-9
-26
-39
-35
-32
-89
-46
-50
-87
-76
-74
-55
-43
7
-45
-64
-60
-54
-54
-39
-53
-19
2
-56
-68
-20
-23
-34
-17
-30
-76
-20
-20
-28
-7
-13
-25
-40
-37
-39
-15
-21
-48
23
17
17
-5
-9
52
-42
-5
-30
-13
5
32
57
-8
8
35
9
5
43
47
58
81
107
82
112
78
70
77
96
77
65
69
41
69
44
48
57
54
87
107
90
110
128
105
100
74
118
106
132
139
117
155
142
145
122
124
113
138
98
106
141
147
167
152
143
107
127
128
132
125
96
131
97
130
101
97
149
113
98
108
118
73
118
78
106
108
69
59
70
48
38
77
48
82
59
69
87
63
24
4
31
51
40
33
13
5
6
-4
1
-46
23
-10
-14
-76
-45
-62
-70
-113
-72
-211
-130
-763
-2205
-1340
-38
-751
-2383
-3763
-2757
-1518
-1918
-2874
-4129
-3814
-2646
-2879
-4131
-3707
-3234
-3199
-3327
-3515
-3296
-3316
-2722
-1585
-1983
-2471
-1793
-1209
-600
72
224
546
727
1340
2094
1977
2503
3459
3742
3914
4130
4214
4770
5456
5678
5990
5096
4677
5451
5708
5920
5556
4537
4398
4148
3551
3533
3225
2673
2260
1074
467
431
-324
-513
-747
-1533
-2104
-2920
-3271
-2966
-3148
-3568
-3760
-4286
-4382
-4177
-4232
-3750
-3606
-3749
-3558
-3613
-3360
-2646
-2220
-1770
-1441
-1477
-1223
-673
-335
295
672
823
994
977
1212
1596
1752
1924
1951
1671
1572
1524
1507
1565
1316
1019
735
374
92
-78
-423
-825
-887
-1261
-1961
-2294
-2598
-2521
-2610
-2951
-3365
-3718
-3630
-3468
-3580
-3571
-3375
-3313
-3298
-3039
-2754
-2238
-1841
-1426
-1013
-847
-503
382
759
1311
1854
2093
2789
3174
3682
4431
4756
5306
5726
5947
6359
6200
6389
6721
7028
6917
6432
5730
5877
6010
5574
4890
4346
3948
3479
2562
2006
1633
1191
498
-335
-1119
-1511
-1933
-2411
-2766
-3223
-3653
-4118
-4473
-4440
-4480
-4613
-4640
-4578
-4561
-4421
-4261
-3920
-3348
-3079
-2844
-2560
-2210
-1629
-1101
-639
-172
114
456
859
1263
1570
1983
2167
2318
2453
2430
2512
2630
2602
2497
2155
1932
1729
1422
1158
758
371
-2
-520
-1137
-1527
-1818
-2192
-2543
-3120
-3536
-3864
-4110
-4337
-4479
-4663
-4876
-5054
-5072
-4951
-4775
-4580
-4388
-4108
-3759
-3360
-2809
-2339
-1929
-1435
-853
-134
501
1053
1601
2265
2851
3493
4081
4688
5263
5840
6309
6755
7329
7693
8088
8742
8530
8194
8301
8471
8685
7828
6566
6885
7019
6308
5064
3677
3806
3894
2436
1024
536
196
-403
-1668
-2567
-2363
-3082
-4175
-4428
-4600
-4852
-5462
-5900
-5328
-5196
-5904
-5908
-5384
-4812
-4592
-4831
-4210
-3225
-3096
-2797
-2094
-1342
-700
-454
21
969
1330
1523
2167
2812
3244
3257
3311
4025
4423
4243
4298
4491
4606
4504
4066
4128
4134
3751
2645
-122
128
2375
1644
-83
-2374
-3954
-2751
-2402
-3213
-4452
-5766
-5566
-5608
-7355
-7226
-6283
-6886
-6845
-7255
-8091
-7906
-7210
-5737
-5195
-6009
-5726
-4796
-4314
-2966
-2061
-1846
-1050
-483
143
956
1326
2575
3836
3981
4270
4523
5035
6027
6896
7524
7628
7232
7924
8815
8942
9770
10136
9325
9526
9567
8806
7534
6411
8068
9854
7486
3756
1899
3379
5920
3882
-152
-791
686
62
-2612
-4455
-2568
-1443
-4154
-6240
-6101
-5466
-5572
-6345
-5572
-4626
-6368
-8003
-6452
-4241
-3617
-4908
-5140
-3125
-2540
-3550
-2932
-825
867
488
-674
340
1898
2023
2392
3522
4182
3798
2798
3446
5337
5358
4472
4449
4935
4911
3787
3225
4413
4882
3553
2401
1924
1581
-2676
-3142
1944
1602
-2185
-6023
-8234
-4678
-2838
-4557
-7163
-8722
-7469
-6760
-9819
-9421
-6182
-7382
-8317
-8406
-9091
-8361
-6977
-4513
-3943
-5993
-5880
-4072
-3604
-1637
403
-404
-127
468
1122
2367
2728
4521
5742
4768
4560
5431
5911
7015
8131
8371
8395
7544
7854
9330
9874
10823
10489
9033
9156
8780
7617
7193
8056
9139
8161
4115
1875
3108
4705
4372
1525
-735
-262
-612
-2742
-3655
-2957
-2156
-3496
-6374
-6872
-5969
-5893
-5809
-5545
-5604
-6250
-7724
-7301
-4977
-3929
-4290
-4720
-4322
-3321
-3185
-3032
-1063
610
618
-233
-320
1023
2461
2713
3298
4094
3751
3124
3191
4416
5617
5236
4394
4550
4381
4028
3562
4071
3370
1047
1766
2726
787
-1863
-3472
-1598
-405
-2346
-5395
-7625
-6637
-4611
-5768
-8970
-8774
-7819
-8616
-9659
-9666
-8669
-8732
-8556
-7723
-8387
-8720
-6853
-5009
-4960
-4707
-4210
-3310
-2299
-1074
412
595
929
2447
3084
3288
4067
5354
6262
6340
6267
7109
7674
8002
9022
9272
9391
10038
10330
10646
11704
11474
9448
8632
9269
10038
9630
7879
6832
6694
5672
4045
3412
3511
3424
1358
-1312
-1521
-1072
-2174
-3659
-3993
-3785
-4735
-6929
-7286
-5864
-5541
-6550
-7465
-7273
-6467
-6754
-7033
-5604
-4439
-4676
-5182
-4808
-3254
-2064
-1912
-1216
9
415
261
522
1977
3514
3551
3093
3651
4427
4617
4515
4855
5834
5771
4745
4503
4831
5130
4588
4183
3925
3941
181
-2793
1440
2592
-239
-2633
-6318
-5256
-3414
-4512
-5935
-8011
-8043
-6994
-9716
-11320
-8174
-8340
-9438
-9381
-10548
-10423
-9652
-7715
-5770
-7151
-7662
-5962
-5475
-4502
-1946
-1746
-1182
-364
-217
1205
1665
2896
5080
4714
4430
5065
5276
6329
7658
7780
8387
7869
7277
9108
9175
9632
11035
9534
10206
11667
9781
8396
7884
8492
10396
9090
5820
5070
4848
4717
4554
2383
1972
2277
-495
-2140
-2151
-2203
-2201
-3794
-5244
-4869
-6072
-7223
-6396
-6096
-5688
-6492
-8302
-7474
-6305
-6283
-5643
-5316
-4936
-4281
-4801
-4271
-2374
-1519
-925
-605
-684
281
795
1233
2786
3330
3091
3203
3133
3871
4739
4487
4816
5090
4446
4334
4020
4136
4685
4133
2772
-1561
-1932
2975
2313
-1209
-4132
-6282
-4132
-3044
-4392
-6878
-8483
-7439
-6909
-10468
-10896
-7899
-8696
-9717
-9967
-10819
-10607
-9404
-7027
-6527
-8342
-7903
-5717
-5536
-4305
-2385
-2324
-1331
-401
-83
674
1290
3212
4876
4290
3891
4394
4989
6164
7167
7183
7288
6886
7207
8285
8463
9171
9524
9273
9632
9958
10244
10797
9386
7313
7266
7212
8532
8828
5886
4299
3307
2922
3815
2859
1473
414
-884
-1916
-1994
-3471
-3544
-2981
-4266
-5199
-6579
-7240
-5825
-5410
-5592
-6058
-6979
-7044
-6001
-5765
-4814
-4055
-4382
-3828
-3762
-3527
-2110
-1258
-434
288
-100
-108
593
1516
2676
3179
2731
2969
3053
3222
3949
4136
4283
4435
3688
3480
3411
3373
3286
3519
608
-2711
306
1612
-1226
-2454
-5178
-5392
-4008
-5046
-6548
-8485
-8251
-6739
-9149
-11690
-9237
-8869
-10170
-9608
-10212
-10634
-10120
-8696
-7144
-8064
-8055
-6068
-5837
-5544
-3141
-2853
-2423
-624
-229
200
782
1868
3764
3784
3669
4297
4377
5104
6271
6399
6503
6754
6755
7613
7929
8166
8811
9056
9660
10085
9901
11169
11919
9249
6964
6974
9469
12667
9691
4243
3202
4899
7228
5594
1445
726
2343
1000
-1743
-3485
-3002
-814
-2356
-5561
-6606
-6818
-6146
-5588
-6048
-6168
-7007
-8494
-7630
-6262
-5862
-5403
-5719
-5304
-4411
-5048
-4581
-2703
-1326
-664
-1198
-1786
-679
738
1500
2452
2362
2170
2519
2567
3478
4227
4135
4308
4274
3758
3853
3657
3973
4400
4093
2318
-400
769
2300
-117
-1534
-2638
-3914
-3669
-4391
-6194
-7225
-7186
-7001
-8284
-11048
-10159
-9085
-10432
-10261
-10198
-11217
-10967
-10045
-9165
-8935
-8849
-7684
-6755
-6994
-5322
-4064
-3725
-2127
-1413
-1082
-68
770
1900
2689
2911
3684
4084
4114
4976
5493
5622
6120
6130
6342
6878
7005
7376
7728
7601
8347
8904
8771
9878
10394
11195
10651
6815
4979
7791
11820
11947
6535
1439
2648
7099
7188
3294
93
1031
3069
-14
-4078
-3866
-832
-8
-3295
-7125
-7306
-5615
-5047
-5030
-5518
-6435
-7182
-8165
-6980
-5307
-5015
-5292
-5173
-4832
-4701
-4937
-4178
-1821
-361
-1136
-2149
-2291
-676
1114
1557
1819
1754
1529
1614
2105
2849
3681
3742
3482
3387
2793
2627
3026
3583
3705
3166
-819
-2853
351
1103
-157
-2751
-6189
-5246
-4680
-5202
-6268
-8387
-8215
-7395
-9945
-11427
-9694
-9408
-9471
-10162
-11365
-11059
-10855
-9076
-7466
-8222
-8352
-7226
-6782
-5695
-3844
-3377
-2237
-1668
-1362
-319
-4
1467
3136
3079
3081
3110
3262
4444
5396
5525
5760
5342
5230
6191
6478
6902
7306
7262
7576
7795
8318
9060
9591
10917
10089
5734
4009
7103
11232
11404
5560
636
2200
6251
6516
2333
-999
672
2789
-709
-5001
-4612
-1483
-413
-4017
-7850
-7777
-6256
-5707
-5836
-6426
-6880
-7742
-8863
-7701
-6089
-5882
-5965
-5931
-5678
-5551
-5930
-5042
-2592
-1234
-1902
-3081
-3139
-1271
396
729
999
938
936
1164
1471
2273
3149
3173
3099
2831
2305
2239
2788
3205
3644
1555
-1688
-141
196
-1075
-432
-3498
-4957
-4527
-5952
-5904
-6887
-7741
-7367
-9182
-11126
-9669
-10061
-10678
-9619
-10791
-11286
-11141
-10914
-9056
-8786
-8719
-7651
-7777
-7496
-5301
-4777
-3735
-2077
-2227
-1367
-809
-214
1838
2428
2624
3379
3121
3580
4855
4983
5419
6048
5717
6201
6354
6320
7584
7640
7894
8488
8165
8889
9648
10000
11724
11257
7359
4968
7273
11721
12895
7664
1784
2851
7296
8129
3989
-112
1530
4288
1375
-3613
-4143
-531
1094
-2433
-6720
-6711
-5110
-4522
-4980
-5623
-5725
-6494
-7766
-7119
-5425
-4853
-5127
-5207
-4826
-4479
-4916
-4457
-2061
-424
-758
-2073
-2316
-494
1187
1694
1879
1994
1967
2174
2343
3150
4006
4059
3946
3756
3321
3217
3473
4063
4302
3554
2036
-1260
-1686
1184
1420
-270
-3274
-6284
-5687
-4760
-4735
-5964
-8020
-8831
-8555
-10424
-10934
-9178
-8927
-9435
-10624
-11725
-11166
-10051
-8106
-6920
-7852
-8458
-7237
-6346
-4649
-2723
-2150
-1632
-1525
-1104
370
1393
2688
4042
3822
3368
3844
4374
5385
6615
6953
6494
5534
6010
7443
7982
7997
8198
8061
8343
9473
9573
10075
11406
12037
10386
5477
5057
10363
13449
10951
4994
1543
4881
8750
6749
2162
790
3131
3835
-1056
-4601
-1965
1114
127
-4035
-7223
-6191
-4104
-4445
-4861
-5099
-6023
-6938
-7592
-6410
-4340
-4504
-4941
-4634
-4689
-4648
-4317
-3236
-679
174
-1387
-2189
-1518
426
2056
2004
1955
2221
2014
2056
2712
3470
4459
4293
3576
3325
3057
3163
3595
3519
3009
2385
877
-257
-188
-127
-299
-1571
-3601
-4820
-5356
-5169
-5420
-6840
-7862
-8359
-9273
-9971
-9951
-9753
-9595
-10026
-10621
-10812
-10626
-9450
-8336
-8061
-7952
-7655
-7110
-5861
-4392
-3255
-2509
-2199
-1691
-547
490
1543
2443
2740
3065
3514
3998
4608
5321
5504
5782
6031
6058
6456
6856
7182
7773
7921
7887
8360
9035
9590
10471
11036
11229
10924
7342
5435
9391
12848
12215
7260
1662
3843
8699
8358
4339
1250
2008
4340
1564
-2989
-1995
1072
1303
-1828
-6136
-5803
-3275
-3164
-3576
-4243
-5347
-5636
-6267
-5765
-3446
-3316
-4138
-3901
-4055
-3603
-3080
-2698
-505
706
-427
-1304
-1039
535
2576
2701
2360
2615
2234
2455
3332
3962
4868
4772
3844
3870
3872
3814
4421
4629
4296
3834
1677
-1573
-599
1864
1335
-202
-3771
-6136
-5179
-4658
-4200
-5703
-8062
-8395
-8817
-10620
-9780
-8461
-8951
-9684
-11057
-11409
-10607
-9583
-7408
-6986
-8222
-8115
-7058
-6153
-3875
-2372
-2194
-1891
-1873
-846
623
1519
3057
3771
3080
3016
3487
4258
5733
6301
6133
5956
5068
5735
7331
7731
8144
7815
7291
8300
8994
9556
10624
10964
11163
9994
5764
5907
10516
12687
10845
5563
1943
5301
8390
6724
3519
1739
2923
3788
-482
-3260
-737
1249
352
-3303
-6236
-5017
-3550
-3763
-3632
-4311
-5336
-5835
-6607
-5364
-3289
-3762
-4060
-3831
-4046
-3640
-3309
-2362
-11
413
-844
-1357
-879
912
2530
2418
2532
2660
2139
2634
3412
4186
5103
4667
4019
4180
3935
4061
4447
4295
4457
3217
1140
358
668
1832
1194
-1333
-2854
-3754
-3617
-3343
-4263
-5567
-6152
-6821
-7550
-8034
-8059
-7230
-7416
-8392
-8635
-8659
-8083
-6746
-5779
-5656
-5722
-5451
-4271
-2941
-1904
-657
-249
-144
820
1784
2732
3827
4617
4864
5020
5187
5760
6755
7393
7605
7565
7466
7763
8134
8855
9619
9541
9402
9705
9835
10778
11826
12436
13070
12863
10713
7523
8228
12843
14956
12044
6267
3648
7439
10596
8714
4417
3039
4852
5112
1030
-1711
839
3449
1754
-2690
-5168
-3481
-1593
-1925
-2898
-3522
-4234
-5011
-5554
-4334
-2318
-2591
-3400
-3640
-3546
-3066
-2688
-1609
313
726
-651
-1475
-478
1551
2995
2695
2321
2427
2330
2799
3619
4470
4975
4578
3901
3888
4069
4319
4837
4919
4478
3507
2309
-1159
-1301
3503
3094
-919
-3836
-6227
-4383
-2175
-2943
-5648
-8187
-8250
-6586
-8603
-9940
-7133
-7193
-9160
-9953
-10206
-9122
-7752
-6188
-5595
-7329
-8102
-5402
-3944
-3102
-1122
-1536
-1868
-865
375
2007
2615
3184
4496
4138
3469
4645
5651
6338
7214
6917
6621
6323
6579
8688
9453
8453
8418
8632
8840
10323
10948
11217
12189
12053
11203
8043
5976
10324
14475
12590
7605
2963
4265
9362
9414
5090
2357
2732
4340
2306
-2248
-1466
2067
1758
-1719
-5629
-5989
-3075
-2351
-3444
-4042
-5252
-6050
-6320
-6051
-3878
-3112
-4471
-4823
-4709
-4560
-3687
-3135
-1648
-66
-1193
-2622
-2119
-429
1688
2131
1234
1167
1219
1433
2442
3206
3718
3874
2928
2654
2933
2980
3340
3448
3258
2187
846
647
487
-326
-1179
-1362
-1944
-3611
-4931
-5881
-5811
-5481
-5950
-7658
-9439
-9337
-8531
-8806
-9673
-9535
-9509
-10032
-9997
-9351
-8493
-7997
-7366
-7023
-7064
-6250
-4811
-3502
-2873
-2191
-1694
-1213
-231
1012
2117
2395
2629
3108
3432
4052
4704
5166
5612
5854
5693
5787
6259
6720
7557
7779
7253
7229
7737
8524
9840
10132
10135
10644
10850
8508
5122
7222
12437
13031
8812
2708
1878
7193
9626
6116
1677
1132
3498
3204
-1420
-2964
380
1832
-948
-5224
-6634
-4156
-2904
-3777
-4660
-5400
-6420
-7016
-7117
-5102
-3656
-4941
-5837
-5546
-5174
-4468
-4198
-3045
-1311
-1517
-2936
-3137
-1807
323
1326
526
314
500
643
1406
2175
2908
3176
2496
1907
2257
2472
2813
2999
2512
2193
1347
130
7
94
-1390
-1535
-1012
-2993
-4670
-5634
-5847
-4775
-5420
-6967
-8572
-9521
-8881
-8029
-9192
-9728
-9081
-9641
-10117
-10005
-9111
-7892
-7809
-7506
-7078
-7013
-5964
-4063
-3251
-2625
-2063
-1941
-954
244
1420
2376
2412
2842
3432
3668
4257
5005
5564
5975
5673
5446
6103
6454
7050
7635
7302
7225
7646
8244
8644
9167
9999
10574
11233
10938
9143
5599
6772
11992
13510
9981
4026
1714
6538
9986
7527
2877
1322
3305
4239
146
-2757
64
2493
693
-3867
-6594
-4488
-2139
-2756
-3923
-4845
-5738
-6275
-6582
-5191
-2859
-3700
-5078
-5303
-4834
-3874
-3277
-2748
-1073
-561
-1947
-2685
-1717
455
2142
1555
761
922
1009
1782
2726
3230
3640
3215
2465
2701
2921
3243
3776
3423
2870
2053
1086
1158
799
-1214
-829
173
-1918
-3647
-5087
-5684
-4334
-4670
-6026
-7955
-9286
-8362
-7642
-9260
-9366
-8473
-9416
-10005
-9911
-9071
-8004
-7827
-7126
-6812
-7278
-6129
-4066
-3405
-2588
-1919
-1833
-886
86
1405
2483
2396
2923
3670
3690
3953
4795
5638
6053
5832
5468
6011
6487
6962
7637
7605
7575
7561
7857
8764
9475
10138
10889
10990
10722
9474
6014
6903
11933
13513
10277
4023
1473
6682
10257
7477
2635
894
3111
4216
-137
-2956
-78
2126
349
-4394
-7041
-4424
-2185
-3148
-4227
-5211
-5951
-6268
-6764
-5200
-2936
-4043
-5431
-5488
-5039
-3993
-3632
-3191
-1233
-1021
-2566
-3142
-2154
207
1745
817
124
352
346
1177
2024
2501
3000
2297
1410
1777
2107
2472
2713
2143
1801
461
-645
-564
-1141
-587
-654
-3257
-4760
-5476
-5926
-5254
-5804
-7529
-8582
-9861
-10133
-9630
-10454
-10506
-10429
-11555
-11888
-11822
-11398
-10157
-9717
-9984
-9729
-9815
-8840
-6977
-6415
-5529
-4932
-5037
-4047
-2954
-1989
-769
-371
-142
283
71
817
2146
2396
2820
2951
2282
2787
3343
4019
5027
4764
4663
4861
4968
6230
6887
7267
8356
8773
8888
8877
6605
4090
7116
11165
11386
7556
1494
1526
7204
8761
5766
1610
564
3013
3030
-1165
-2003
552
1632
-585
-5100
-6148
-3135
-1933
-2593
-3775
-5002
-5399
-5709
-5800
-3595
-2229
-3744
-4703
-4989
-4073
-2702
-2557
-1850
-420
-889
-2057
-2194
-985
1254
2082
840
366
268
564
1600
2030
2384
2450
1326
776
1102
1385
1830
1574
921
481
-844
-1490
-887
-1026
-2447
-3743
-3979
-4155
-5292
-6366
-6920
-7096
-7300
-8070
-9522
-10504
-9759
-9113
-9966
-10961
-10681
-10215
-10398
-10213
-9316
-8714
-8691
-8143
-7303
-6541
-5574
-4460
-3594
-3121
-2258
-1391
-599
486
1545
2131
2287
2632
3392
4326
4666
4847
5270
5582
5736
5938
6617
7171
7290
7420
7474
7615
8484
9334
9419
9556
10164
11096
11924
11038
7706
6189
9910
13495
12356
7452
2703
4569
9418
9583
5226
1623
2483
4660
3023
-1229
-1341
1522
1914
-1221
-5027
-4992
-2460
-1901
-2899
-3982
-4673
-5164
-5607
-5211
-3049
-2562
-4092
-4664
-4219
-3297
-2689
-2650
-1597
-323
-728
-1898
-1803
-197
1812
2135
1168
1050
1224
1844
2698
3185
3665
3675
3015
2903
3344
3562
4044
4079
3747
3193
2477
1179
-905
472
2000
336
-1172
-3969
-5328
-3783
-3395
-3849
-5721
-7902
-8106
-7403
-8519
-8160
-7621
-8729
-9077
-9797
-9631
-8421
-7834
-6747
-6588
-7640
-7279
-5447
-4423
-2623
-1935
-2349
-1579
-914
467
2078
2380
2952
3639
3583
3795
4406
5287
6464
6399
5840
6317
6149
6755
8090
8099
7779
7674
7832
8700
9090
9287
10127
10558
10877
11626
10768
8892
6914
8379
12462
12685
8659
3919
3231
7410
9812
6774
2314
1615
3340
3523
235
-1721
533
1682
-676
-4291
-5448
-3457
-1825
-2811
-4225
-4882
-5500
-5912
-5692
-4369
-2933
-4037
-5603
-5430
-4513
-3625
-3297
-2919
-1906
-1704
-2856
-3027
-1671
95
1122
260
-365
84
665
1536
2284
2687
2766
2314
1808
2299
2953
3211
3386
2951
2501
1833
691
805
1840
-600
-2821
-1080
-1338
-3297
-4607
-6288
-5537
-4860
-6234
-7897
-9831
-9640
-7522
-8558
-11010
-10216
-9691
-10214
-10449
-10265
-9101
-9173
-9301
-7936
-7762
-7964
-6338
-5305
-4985
-3938
-3823
-3287
-2249
-1415
-226
-190
-565
455
1215
1305
1791
1870
2084
2560
2401
2855
3529
3433
3906
4262
4305
4712
5491
5927
6126
6906
7969
8506
8712
8727
7362
4784
5975
9974
10922
7740
2840
1397
5456
7992
5452
1263
-36
1770
2330
-1065
-3346
-1307
135
-1608
-5223
-6794
-4901
-3497
-4424
-5424
-6025
-6505
-7016
-7185
-5788
-4049
-4981
-6378
-6293
-5171
-4093
-3997
-3837
-2299
-1663
-2549
-3075
-2059
49
1393
722
108
468
1030
1945
2657
3154
3311
2870
2475
2939
3464
3815
4016
3770
3339
2854
2303
1813
1228
606
1096
339
-2071
-2341
-2957
-3670
-2981
-4196
-5688
-6474
-6862
-6445
-6749
-8004
-7524
-7478
-8607
-8264
-7940
-7617
-6846
-6926
-6506
-6164
-5974
-4521
-3350
-3172
-2045
-1391
-1234
7
841
1750
2672
2647
3275
4038
4057
4872
5590
5459
5954
6175
6022
6733
6896
7204
7771
7473
7702
8022
8082
8623
8992
9252
9902
10280
10307
11442
11272
8996
7286
7727
11417
12986
9197
4587
3506
6991
9563
7242
2923
2149
3935
3842
1342
-916
776
2370
372
-2744
-3973
-2675
-1284
-1832
-3057
-3366
-4057
-4986
-4513
-3296
-2241
-3111
-4587
-4282
-3309
-2955
-2878
-2463
-1304
-886
-1948
-2601
-1260
341
1011
625
-124
197
772
1305
1937
2208
2170
1884
1510
1675
2288
2347
2245
2162
1589
666
-824
-562
409
-102
-922
-2835
-4528
-4106
-4055
-4247
-4912
-6135
-7292
-7821
-8514
-7954
-7725
-8600
-9114
-9868
-10000
-9432
-9149
-8628
-8258
-8570
-8637
-8161
-7618
-6151
-5170
-4968
-4514
-4289
-3680
-2416
-1364
-545
-52
-143
269
952
1635
2557
2926
2821
2966
2875
3242
4128
4478
4510
4458
4375
4652
5069
5413
5848
5992
6108
6758
6892
7337
8330
9024
8728
6995
4503
5728
9659
10192
7236
3345
2098
5673
7479
4995
2032
1489
2743
2690
-297
-1799
279
1013
-654
-3471
-4782
-3342
-2446
-3384
-3838
-4320
-5084
-5659
-5825
-4674
-3208
-4409
-5466
-5207
-4629
-4061
-3963
-3694
-2340
-2103
-3040
-3171
-2274
-753
197
-306
-554
-29
272
914
1553
2072
2487
2178
1766
2251
2775
3036
3322
3116
2970
2510
2077
1713
1039
-396
-1354
761
808
-2370
-3892
-4813
-3768
-2618
-3936
-5977
-7260
-6935
-5940
-6343
-7884
-6940
-6615
-7889
-8056
-7491
-6393
-5911
-5846
-5200
-5132
-5345
-3918
-2087
-1767
-1048
-934
-849
302
1451
2512
2940
2951
3587
4068
4107
4757
5591
5920
6172
5880
5684
6492
6836
7329
7789
7237
7078
7696
8426
8758
8623
8975
9568
10259
11061
9991
8021
6618
7573
10996
11582
8102
4345
3430
6323
8494
6473
2912
2079
3181
3203
1013
-990
480
1747
-56
-2793
-4121
-3017
-1583
-2051
-3248
-3784
-4517
-5058
-4566
-3766
-2650
-3367
-4657
-4549
-3589
-3103
-2906
-2495
-1600
-1172
-2119
-2357
-1152
369
1159
725
158
642
1251
1828
2440
2813
2829
2696
2393
2722
3478
3552
3539
3417
2829
2333
2009
2246
2416
1740
599
-292
-1583
-1896
-1045
-1606
-2966
-3947
-5120
-5360
-5088
-4928
-5277
-6485
-7133
-6673
-6839
-6946
-6120
-5913
-6198
-6354
-6054
-5140
-4569
-3806
-2858
-2751
-2756
-1913
-938
-14
1018
1310
1520
1844
2336
3353
3964
4344
4789
4797
4680
4972
5597
6234
6568
6177
6173
6400
6611
7328
7668
7692
7924
8104
8381
8754
9503
10129
10738
9866
7537
5995
7950
11577
11256
7205
3679
3836
7420
8281
5584
2711
2567
3625
2907
310
-472
1590
1862
-502
-3008
-3527
-2089
-1458
-2147
-2693
-3268
-4180
-4698
-4208
-2874
-1838
-3169
-4218
-3765
-2903
-2369
-2173
-1670
-572
-667
-1514
-1459
-87
1320
1851
1156
884
1447
1760
2422
2992
3423
3393
2937
2591
3070
3537
3691
3681
3325
2887
2255
1720
1967
2201
1702
471
-889
-2254
-2388
-1481
-1654
-3037
-4780
-6053
-6064
-5604
-5464
-6070
-7275
-8006
-7808
-7779
-7908
-7374
-7041
-7308
-7661
-7597
-6837
-5966
-5153
-4446
-4336
-4473
-3764
-2620
-1611
-751
-470
-383
-77
598
1435
2185
2564
2886
3064
2985
3130
3764
4576
4874
4568
4450
4554
5038
5692
6201
6154
5906
6240
6929
7451
7963
8289
8886
9228
7945
5483
5205
8385
11043
8898
4474
2082
4134
7420
6688
3338
1289
2043
2690
969
-1248
-555
1005
30
-2886
-4602
-3879
-2502
-2799
-3651
-4119
-4661
-5670
-5834
-4883
-3245
-3329
-5019
-5518
-4602
-3696
-3277
-3075
-2380
-1624
-2082
-2683
-2084
-465
776
852
67
188
652
1247
2051
2630
2746
2444
1992
2186
2919
3277
3276
3201
2881
2525
1906
1634
2099
2299
1611
271
-1937
-1946
-181
-801
-2227
-3559
-4944
-4622
-4429
-4897
-5294
-6157
-6577
-6410
-7367
-7503
-6384
-6320
-6654
-6927
-7053
-6463
-6029
-5158
-4050
-4258
-4668
-3789
-3057
-2097
-1073
-964
-625
-384
-7
1012
1577
1916
2486
2507
2357
2761
3105
3606
3920
3593
3843
3852
3503
4149
4743
4514
4621
4408
4746
5474
5217
5705
6269
6069
7035
6050
4193
3190
4018
6755
7148
3472
308
114
2147
3792
2083
-1066
-1605
-1178
-1624
-2745
-3955
-2877
-2262
-4256
-6409
-6641
-5927
-4737
-5103
-6187
-6537
-7195
-7695
-6759
-5879
-4942
-5560
-6929
-6769
-5530
-4829
-4282
-3945
-3690
-3185
-3695
-3623
-2258
-1118
-479
-644
-1287
-885
-43
660
1344
1690
1307
1275
1075
1475
2326
2545
2472
2261
1778
1581
1334
1288
1718
1638
441
-826
-2005
-1834
-525
-1269
-2749
-3856
-4838
-4609
-4375
-4887
-5246
-5804
-6430
-6488
-6908
-6749
-5756
-5930
-6341
-6442
-6476
-5804
-5025
-4288
-3618
-3752
-3986
-3084
-2219
-1314
-303
-253
-198
116
590
1592
2296
2485
2746
2718
2618
3062
3570
3936
4276
4107
3875
3916
4098
4818
5234
5040
5011
5122
5305
5732
6308
6704
7340
7727
7906
7254
5995
5461
6041
8077
8874
6175
3443
2669
4414
6422
5251
2543
1185
1581
1529
804
-465
-225
317
-1239
-3271
-4064
-3308
-2319
-2836
-4017
-4651
-5089
-5597
-5140
-4511
-3858
-4191
-5581
-5842
-4848
-3962
-3529
-3589
-3440
-3009
-3168
-3228
-2349
-1174
-645
-813
-1523
-1111
-240
462
973
1137
947
861
812
1135
1880
2198
2027
1718
1322
1085
938
915
806
291
-191
-552
-1374
-2116
-2420
-2412
-2416
-3263
-4471
-5390
-5473
-5027
-4879
-5748
-6740
-6931
-6829
-6664
-6623
-6423
-6257
-6507
-6601
-6241
-5639
-5053
-4440
-4118
-3980
-3742
-3215
-2281
-1414
-916
-702
-672
-332
459
1305
1784
1882
1932
2142
2413
2681
3066
3354
3472
3420
3294
3409
3719
4204
4621
4542
4298
4414
4830
5435
6101
6111
6051
6682
6927
5961
5285
4693
5363
7532
6771
4064
2488
2365
4392
4886
2711
901
629
616
389
-726
-1541
-824
-1418
-3065
-4194
-4571
-3915
-3591
-4606
-5121
-5450
-6307
-6279
-5633
-5244
-4786
-5734
-6515
-5826
-5098
-4600
-4313
-4365
-3896
-3614
-3882
-3311
-2377
-1832
-1332
-1638
-1881
-1191
-612
21
509
498
351
394
471
1098
1585
1513
1453
1216
848
583
641
1124
774
-339
-1386
-1464
-870
-1227
-2420
-3307
-3473
-3502
-3968
-4797
-5421
-5270
-5259
-5894
-6684
-6969
-6537
-6333
-6592
-6801
-6674
-6564
-6363
-5916
-5411
-5007
-4997
-4584
-3919
-3329
-2735
-2228
-1763
-1303
-833
-483
46
719
1210
1401
1421
1666
2128
2538
2841
3019
3101
3123
3229
3545
3960
4160
4269
4289
4258
4555
4916
5389
6002
6108
6147
6559
7026
7189
6197
5759
5683
6378
7801
6647
4461
3677
4061
5122
4927
3389
2043
1927
1532
1201
594
-144
-71
-658
-1765
-2481
-2747
-2606
-2523
-3017
-3580
-3978
-4604
-4423
-3726
-3655
-3562
-4135
-4408
-3909
-3301
-2969
-2680
-2530
-2274
-2012
-2030
-1617
-834
-460
-92
-199
-233
310
807
1252
1630
1633
1461
1613
1764
2234
2577
2455
2366
2179
1921
1724
1392
1102
1094
1332
360
-897
-1322
-1202
-916
-1569
-2687
-3506
-3872
-3862
-3968
-4532
-5107
-5248
-5684
-6058
-6156
-5931
-5622
-5894
-6085
-5933
-5824
-5476
-4851
-4357
-4079
-3881
-3727
-3166
-2377
-1584
-1071
-961
-754
-157
464
997
1459
1674
1972
2143
2210
2690
3211
3509
3651
3532
3476
3731
4254
4586
4667
4590
4723
5057
5411
5695
5909
6290
6748
7051
7437
7723
6718
6028
6257
6605
7745
7552
5471
4459
4312
5122
5422
4171
2951
2557
2197
1484
1119
577
638
263
-1027
-1812
-2237
-2145
-1819
-2248
-2905
-3225
-3870
-4123
-3460
-3253
-3084
-3430
-3993
-3693
-3175
-2882
-2445
-2233
-2106
-1891
-1927
-1681
-821
-383
-62
-28
-296
186
594
1066
1486
1588
1425
1452
1498
1827
2316
2326
2219
2146
1858
1535
947
772
1532
1625
391
-901
-1380
-945
-684
-1353
-2397
-3293
-3565
-3579
-3858
-4316
-4532
-4722
-5324
-5979
-5983
-5523
-5371
-5634
-5720
-5774
-5827
-5493
-4819
-4126
-3882
-4076
-3846
-3216
-2427
-1623
-1214
-1059
-769
-359
222
796
1304
1713
1838
1753
2036
2515
2848
3205
3312
3265
3249
3364
3716
4127
4227
4333
4314
4244
4652
5002
5287
5746
5757
5857
6374
6952
7067
5722
5116
6041
6561
6758
5875
4434
4180
4511
4625
4200
3300
2621
2527
1731
741
780
574
258
-431
-1466
-1906
-2000
-2167
-2143
-2412
-2997
-3318
-3780
-3657
-2908
-3009
-3222
-3399
-3500
-3100
-2788
-2728
-2301
-1976
-1937
-1783
-1717
-1379
-580
-361
-306
-169
-142
346
758
997
1251
1395
1303
1519
1654
1845
2198
2184
2136
2190
1904
1310
894
1267
1723
1332
68
-991
-1046
-626
-542
-1423
-2541
-3186
-3265
-3329
-3840
-4240
-4434
-4844
-5484
-5789
-5704
-5486
-5424
-5615
-5744
-5854
-5824
-5413
-4847
-4441
-4387
-4383
-4131
-3496
-2796
-2275
-1938
-1754
-1449
-1079
-760
-227
286
593
613
553
822
1306
1649
1857
1813
1766
1740
1889
2152
2422
2548
2395
2419
2488
2682
3086
3237
3400
3558
3702
4099
4400
4870
4332
3086
3357
4195
4418
3997
2809
2156
2280
2203
1902
1384
717
527
13
-1133
-1471
-1424
-1698
-2175
-3165
-3845
-3916
-4306
-4515
-4315
-4753
-5205
-5488
-5828
-5452
-5130
-5258
-5277
-5302
-5349
-5004
-4859
-4533
-3917
-3829
-3778
-3556
-3281
-2713
-2221
-2029
-1589
-1411
-1422
-1035
-607
-199
168
167
207
429
648
1015
1284
1260
1285
1227
1095
790
86
372
1006
593
-476
-1563
-1674
-1186
-1132
-1931
-2893
-3669
-3662
-3450
-4121
-4569
-4648
-4930
-5399
-5770
-5752
-5440
-5493
-5595
-5497
-5681
-5681
-5249
-4806
-4252
-4067
-4082
-3762
-3252
-2613
-1878
-1609
-1394
-1010
-684
-155
310
673
1107
1227
1217
1428
1746
2101
2381
2444
2313
2332
2436
2789
3106
3000
2992
3034
3178
3512
3722
3842
4046
4400
4650
4797
5103
5668
5995
5357
4601
4923
5671
6017
5543
4419
4032
4528
4488
3933
3231
3037
3242
2609
1455
1171
1467
1263
539
-191
-571
-614
-1059
-1351
-1320
-1463
-1891
-2457
-2736
-2291
-1998
-2375
-2637
-2541
-2386
-2349
-2391
-2116
-1678
-1570
-1617
-1594
-1325
-807
-480
-460
-250
-90
71
311
623
971
1132
1074
1175
1384
1599
1770
1921
1958
1951
1870
1735
1380
896
1156
1415
1085
392
-546
-816
-502
-510
-1140
-2026
-2762
-2817
-2797
-3319
-3611
-3911
-4245
-4547
-4924
-4928
-4793
-4828
-4940
-4989
-5109
-4999
-4630
-4314
-3869
-3723
-3664
-3346
-2950
-2348
-1835
-1612
-1333
-996
-648
-298
53
366
693
826
823
993
1167
1423
1599
1572
1527
1639
1684
1828
2016
1994
2119
2159
2091
2222
2566
2760
2851
2918
3037
3394
3620
3822
4094
4557
4581
3614
3394
4145
4820
4714
3424
2785
3076
3386
3339
2422
1709
1857
1919
966
218
246
355
14
-955
-1503
-1530
-1727
-2179
-2235
-2336
-2679
-3101
-3484
-3282
-2965
-3240
-3541
-3578
-3387
-3184
-3404
-3382
-2815
-2576
-2648
-2676
-2526
-2079
-1566
-1532
-1436
-1195
-959
-663
-507
-160
117
244
289
528
759
986
1200
1230
1364
1496
1492
1534
1103
776
1057
1257
901
235
-361
-488
-350
-433
-916
-1625
-1996
-2013
-2167
-2571
-2724
-2819
-3055
-3442
-3652
-3557
-3512
-3504
-3418
-3414
-3432
-3269
-2977
-2626
-2299
-2127
-1910
-1630
-1274
-698
-322
-23
307
611
889
1128
1439
1854
2168
2186
2243
2443
2715
2849
2910
2937
2964
3003
3086
3182
3338
3497
3506
3450
3477
3613
3904
4098
4118
4137
4160
4478
4668
4807
5132
5258
5380
5454
5086
4973
5379
5619
5647
5192
4507
4458
4594
4640
4324
3754
3390
3231
2858
2515
2423
2201
1746
1285
805
684
544
195
-95
-237
-602
-1075
-1282
-1323
-1114
-1212
-1601
-1859
-1830
-1658
-1518
-1540
-1543
-1411
-1445
-1491
-1262
-1044
-698
-530
-566
-489
-259
-56
180
415
527
643
691
916
1163
1317
1450
1599
1537
1535
1357
1063
1154
1292
1231
789
165
-109
-78
-20
-316
-877
-1356
-1571
-1611
-1860
-2113
-2333
-2457
-2724
-3034
-3139
-3125
-3074
-3141
-3179
-3272
-3260
-3149
-2888
-2564
-2408
-2161
-1991
-1761
-1327
-998
-718
-432
-181
103
316
588
920
1150
1308
1444
1514
1651
1818
1900
1986
2068
2124
2089
2092
2203
2335
2393
2373
2277
2272
2528
2632
2673
2770
2640
2690
2954
3072
3256
3354
3271
3389
3611
3688
3671
3803
3821
3752
3724
3750
3734
3663
3632
3443
3259
3190
2972
2975
2958
2622
2243
2072
1955
1816
1575
1150
1030
853
554
346
163
24
-204
-438
-629
-793
-906
-1004
-1162
-1361
-1303
-1351
-1519
-1497
-1492
-1387
-1333
-1377
-1265
-1213
-1067
-1006
-871
-743
-552
-491
-398
-228
-96
79
170
312
377
204
132
345
475
357
296
78
-85
-53
-171
-138
-315
-578
-660
-900
-1112
-1081
-1125
-1374
-1537
-1787
-1832
-1852
-2001
-1903
-1953
-2121
-2110
-2049
-2087
-1940
-1822
-1768
-1666
-1649
-1404
-1172
-1074
-871
-728
-669
-501
-316
-45
88
213
316
477
561
650
858
911
1088
1071
1212
1278
1326
1391
1430
1465
1460
1629
1683
1690
1750
1745
1825
1814
1907
2018
1873
1991
2148
2077
2040
2079
2124
2131
2034
2205
2309
1971
2094
2348
2186
2015
1990
2039
2144
2016
1792
1823
1833
1805
1817
1634
1428
1395
1430
1401
1154
911
885
831
744
688
445
218
212
77
-105
-160
-423
-562
-607
-712
-926
-1092
-1168
-1258
-1307
-1467
-1517
-1621
-1684
-1651
-1765
-1788
-1847
-1868
-1829
-1901
-1938
-1873
-1880
-1861
-1883
-1930
-1930
-1810
-1785
-1769
-1776
-1755
-1687
-1684
-1716
-1615
-1478
-1436
-1496
-1545
-1425
-1415
-1337
-1302
-1271
-1238
-1250
-1250
-1167
-1078
-1065
-989
-968
-1004
-956
-851
-842
-693
-709
-773
-761
-771
-705
-635
-568
-521
-450
-443
-398
-328
-240
-148
-104
-53
-4
108
233
234
275
327
425
563
687
595
538
638
744
799
805
685
658
787
763
713
728
663
538
687
786
519
399
366
422
630
447
250
334
368
392
440
322
173
277
355
286
150
127
208
182
158
107
13
31
18
-87
-178
-167
-187
-255
-413
-517
-389
-465
-690
-834
-999
-1049
-1026
-1164
-1251
-1434
-1626
-1541
-1651
-1787
-1864
-1957
-1997
-2035
-2088
-2221
-2323
-2267
-2155
-2296
-2481
-2437
-2389
-2398
-2425
-2408
-2368
-2345
-2320
-2272
-2210
-2217
-2111
-2034
-2007
-1964
-1873
-1745
-1651
-1573
-1612
-1541
-1517
-1412
-1253
-1245
-1214
-1245
-1162
-1131
-1061
-1032
-1021
-1095
-1082
-1052
-1051
-1049
-1054
-1068
-1080
-1049
-1099
-1063
-1114
-1085
-1026
-993
-1006
-1072
-1056
-982
-872
-879
-937
-986
-959
-835
-790
-829
-812
-786
-791
-745
-742
-815
-794
-734
-745
-827
-976
-997
-971
-1029
-1064
-1043
-1067
-1170
-1224
-1215
-1235
-1272
-1185
-1261
-1469
-1475
-1395
-1303
-1344
-1408
-1319
-1395
-1406
-1263
-1225
-1266
-1235
-1181
-1079
-1068
-1009
-915
-765
-720
-705
-676
-690
-587
-470
-371
-324
-325
-388
-305
-193
-119
-91
-111
-65
-77
-82
-9
12
-26
36
77
75
-2
-30
104
170
99
-22
-66
-4
-3
49
8
-103
-131
-160
-87
-116
-186
-190
-83
-26
-85
-94
-68
10
34
89
50
18
111
216
249
248
291
304
324
401
481
535
488
531
588
652
658
646
744
650
713
756
686
731
811
882
855
836
874
917
924
928
946
909
922
883
939
985
987
965
947
997
1082
1099
1109
1046
1056
1112
1119
1107
1177
1239
1228
1242
1309
1325
1295
1432
1465
1486
1481
1499
1475
1487
1539
1510
1446
1366
1374
1320
1265
1241
1161
1056
923
862
817
611
459
333
275
208
97
-24
-118
-79
-116
-221
-321
-332
-286
-175
-219
-333
-281
-217
-178
-189
-271
-261
-179
-166
-146
-145
-96
-40
-16
-61
-77
-108
-131
-57
-77
-160
-267
-397
-442
-432
-430
-447
-514
-508
-438
-329
-286
-296
-144
59
159
231
310
467
604
818
915
934
1048
1193
1292
1312
1479
1438
1450
1437
1488
1486
1489
1574
1471
1500
1511
1556
1549
1584
1634
1613
1640
1601
1581
1646
1611
1556
1530
1552
1516
1515
1522
1485
1566
1534
1438
1403
1421
1477
1429
1489
1385
1299
1312
1398
1445
1374
1456
1497
1549
1565
1631
1656
1665
1818
1882
1881
1985
2020
2115
2240
2234
2269
2280
2295
2360
2381
2280
2216
2222
2208
2156
2025
1915
1880
1866
1811
1761
1633
1585
1577
1464
1395
1329
1295
1156
1052
1010
930
832
836
739
658
562
455
409
354
353
284
175
107
72
28
-25
-103
-181
-217
-250
-300
-324
-398
-485
-474
-547
-659
-756
-792
-835
-910
-1010
-1084
-1175
-1235
-1268
-1397
-1473
-1560
-1667
-1714
-1764
-1868
-1860
-1964
-2011
-2046
-2123
-2116
-2218
-2264
-2295
-2311
-2306
-2375
-2395
-2455
-2501
-2477
-2441
-2383
-2343
-2250
-2120
-1976
-1816
-1636
-1444
-1264
-1074
-815
-551
-302
-100
173
387
570
770
926
1078
1242
1435
1568
1651
1795
1904
1991
2104
2186
2234
2275
2296
2270
2316
2387
2311
2316
2371
2354
2377
2380
2308
2326
2408
2400
2343
2373
2334
2360
2420
2359
2346
2323
2351
2370
2372
2385
2349
2377
2361
2341
2330
2387
2354
2325
2325
2305
2297
2257
2297
2274
2243
2233
2191
2205
2177
2144
2142
2107
2117
2129
2062
2058
2073
2064
2070
2060
2006
2039
2080
2067
2041
2023
2007
2016
2087
2065
2101
2109
2081
2088
2089
2108
2174
2198
2207
2199
2223
2222
2211
2298
2268
2249
2265
2217
2216
2283
2270
2236
2268
2189
2162
2175
2145
2143
2129
2043
2042
2034
1980
1958
1932
1943
1911
1839
1796
1810
1810
1746
1760
1739
1732
1697
1655
1678
1676
1685
1695
1672
1681
1675
1694
1710
1663
1636
1671
1623
1629
1628
1567
1602
1610
1586
1536
1571
1548
1502
1458
1509
1500
1489
1443
1460
1460
1371
1384
1362
1357
1327
1344
1320
1300
1302
1316
1321
1312
1340
1334
1269
1277
1313
1290
1312
1295
1248
1234
1282
1204
1211
1195
1160
1234
1147
1175
1155
1151
1090
1084
1097
1045
1065
1012
1058
1006
1006
993
1001
1057
1019
1016
988
1026
1001
1016
987
983
980
958
972
988
1028
1003
975
949
938
951
967
955
965
940
894
892
913
942
924
951
930
946
950
1002
958
918
909
898
915
882
894
894
877
827
861
812
841
823
843
852
815
808
808
799
801
811
809
845
785
822
796
829
789
837
878
892
870
889
912
883
932
888
923
892
912
885
856
863
851
826
827
803
810
835
792
778
743
764
742
669
723
703
670
686
643
653
625
675
626
624
625
611
663
641
640
634
626
658
623
621
599
608
593
582
613
631
598
579
575
571
576
559
550
518
546
505
474
423
400
394
367
422
375
373
395
362
347
303
318
319
308
237
254
283
254
274
273
236
250
223
207
251
245
232
231
255
277
226
250
257
256
294
236
238
260
247
248
216
212
220
182
227
228
208
181
191
218
171
132
136
148
151
102
87
121
113
134
113
71
31
42
67
60
46
28
38
56
74
112
94
97
110
106
107
76
68
53
82
131
80
60
87
66
70
84
45
26
56
-10
24
47
3
-21
-1
-10
-14
29
-29
14
45
43
18
6
23
1
-8
-34
-44
24
58
40
37
25
29
24
35
9
36
43
27
54
45
19
54
61
65
77
30
65
93
84
64
65
29
65
29
38
66
73
27
58
88
97
80
95
111
62
132
48
25
26
43
35
36
69
56
37
56
32
52
75
67
91
70
127
83
117
119
124
124
107
155
152
143
123
112
84
75
115
101
120
113
116
111
94
93
78
48
81
51
39
54
58
41
-11
12
-2
-28
-49
-52
-71
-74
-73
-49
-121
-135
-132
-114
-109
-103
-98
-116
-81
-98
-90
-77
-124
-148
-126
-145
-138
-134
-144
-135
-179
-200
-159
-154
-192
-133
-179
-208
-214
-177
-157
-188
-208
-183
-191
-171
-163
-182
-177
-205
-238
-268
-289
-311
-316
-294
-308
-336
-326
-370
-368
-353
-388
-349
-332
-359
-398
-370
-349
-348
-336
-323
-322
-302
-286
-327
-368
-353
-345
-339
-352
-387
-328
-327
-340
-338
-369
-362
-381
-349
-368
-393
-401
-442
-462
-494
-491
-533
-499
-541
-529
-513
-522
-507
-532
-530
-537
-547
-556
-536
-498
-526
-515
-484
-483
-518
-535
-522
-523
-495
-547
-550
-549
-567
-559
-568
-570
-579
-621
-654
-600
-616
-603
-624
-632
-608
-621
-638
-582
-549
-543
-564
-551
-618
-611
-598
-600
-563
-610
-628
-623
-617
-618
-648
-660
-646
-623
-654
-671
-694
-690
-646
-720
-747
-691
-683
-691
-694
-668
-640
-626
-604
-617
-626
-642
-615
-597
-610
-625
-603
-604
-595
-613
-593
-564
-637
-630
-623
-628
-662
-654
-640
-650
-660
-646
-656
-652
-685
-703
-690
-682
-683
-668
-643
-694
-685
-727
-691
-709
-692
-661
-684
-647
-640
-640
-653
-650
-656
-624
-650
-644
-626
-622
-570
-564
-624
-612
-571
-625
-627
-620
-598
-582
-581
-589
-593
-620
-622
-592
-634
-648
-658
-656
-667
-633
-663
-677
-674
-695
-681
-681
-657
-691
-682
-685
-703
-707
-689
-676
-670
-694
-707
-677
-663
-679
-701
-678
-680
-695
-679
-680
-688
-641
-648
-705
-708
-681
-662
-649
-642
-656
-627
-656
-664
-674
-634
-650
-647
-623
-657
-663
-684
-685
-720
-695
-708
-670
-708
-721
-665
-708
-704
-731
-675
-672
-689
-656
-663
-681
-688
-696
-707
-656
-660
-684
-674
-697
-722
-694
-734
-719
-697
-761
-756
-778
-794
-773
-777
-809
-807
-795
-796
-833
-811
-822
-849
-867
-814
-829
-840
-832
-846
-804
-803
-762
-796
-776
-737
-730
-732
-776
-792
-796
-812
-731
-712
-721
-728
-765
-750
-743
-717
-706
-706
-722
-702
-761
-761
-718
-725
-711
-737
-712
-686
-685
-713
-693
-707
-689
-697
-754
-753
-752
-738
-754
-692
-774
-747
-725
-770
-753
-772
-789
-803
-807
-791
-804
-813
-815
-790
-778
-788
-771
-768
-774
-770
-780
-774
-738
-728
-747
-755
-708
-727
-704
-718
-758
-710
-726
-679
-719
-714
-650
-708
-662
-648
-671
-700
-672
-643
-661
-672
-680
-675
-684
-653
-659
-649
-649
-669
-660
-632
-649
-694
-705
-738
-719
-683
-684
-674
-661
-695
-701
-680
-686
-677
-706
-690
-709
-714
-695
-670
-678
-711
-667
-694
-665
-693
-693
-700
-714
-713
-724
-721
-674
-651
-656
-668
-677
-636
-663
-669
-654
-676
-691
-709
-665
-659
-628
-650
-641
-635
-649
-590
-634
-607
-589
-609
-593
-579
-592
-569
-609
-593
-607
-589
-627
-646
-618
-684
-606
-624
-650
-638
-622
-663
-651
-629
-624
-613
-669
-652
-641
-635
-644
-697
-682
-669
-691
-644
-635
-625
-597
-570
-600
-617
-553
-569
-546
-568
-610
-559
-565
-577
-552
-548
-568
-543
-540
-554
-516
-544
-531
-528
-563
-533
-533
-553
-531
-562
-566
-521
-494
-503
-484
-493
-513
-483
-479
-473
-455
-466
-455
-461
-481
-483
-417
-387
-375
-411
-442
-442
-468
-473
-511
-505
-517
-555
-558
-563
-567
-543
-576
-580
-595
-621
-641
-640
-695
-688
-649
-682
-647
-673
-658
-615
-598
-618
-632
-633
-628
-585
-606
-602
-573
-534
-579
-568
-607
-632
-594
-560
-559
-558
-601
-617
-623
-639
-585
-556
-581
-559
-580
-632
-565
-593
-627
-647
-651
-616
-624
-618
-578
-625
-610
-618
-591
-554
-601
-612
-584
-562
-564
-571
-580
-597
-598
-617
-594
-572
-580
-521
-560
-587
-566
-570
-576
-563
-536
-520
-484
-509
-485
-463
-472
-476
-474
-439
-491
-466
-462
-477
-444
-424
-402
-423
-389
-364
-330
-360
-373
-373
-378
-387
-372
-376
-389
-391
-391
-395
-374
-336
-360
-349
-352
-358
-355
-330
-392
-391
-348
-405
-412
-454
-482
-504
-487
-455
-478
-455
-428
-449
-481
-446
-486
-479
-473
-476
-495
-509
-501
-517
-500
-513
-499
-481
-512
-505
-502
-474
-433
-484
-497
-427
-512
-507
-511
-481
-452
-458
-457
-457
-428
-455
-443
-430
-453
-437
-447
-438
-396
-403
-404
-370
-368
-420
-448
-469
-433
-394
-398
-463
-460
-502
-506
-494
-498
-498
-533
-494
-501
-526
-520
-524
-496
-514
-548
-546
-528
-496
-547
-536
-522
-526
-481
-445
-401
-435
-441
-481
-427
-446
-438
-399
-422
-385
-382
-346
-321
-320
-361
-330
-365
-377
-343
-444
-444
-407
-429
-405
-403
-415
-397
-378
-360
-337
-373
-393
-443
-433
-420
-436
-429
-448
-426
-443
-449
-407
-431
-451
-461
-459
-472
-476
-465
-447
-440
-475
-476
-486
-491
-498
-517
-509
-522
-492
-521
-541
-550
-564
-590
-626
-561
-540
-551
-542
-574
-558
-527
-483
-493
-465
-458
-465
-403
-392
-393
-381
-364
-367
-318
-332
-290
-330
-334
-320
-408
-402
-418
-430
-421
-417
-412
-396
-411
-447
-490
-473
-483
-465
-447
-526
-509
-498
-506
-463
-446
-405
-375
-406
-390
-381
-361
-365
-380
-386
-345
-308
-336
-370
-347
-291
-307
-323
-301
-315
-337
-314
-352
-396
-358
-377
-427
-416
-426
-413
-419
-448
-428
-435
-413
-431
-470
-420
-492
-459
-476
-500
-441
-484
-485
-480
-402
-379
-384
-354
-390
-362
-356
-346
-391
-375
-394
-443
-396
-403
-366
-419
-397
-411
-394
-432
-449
-430
-450
-433
-430
-420
-488
-448
-433
-435
-486
-469
-471
-523
-523
-495
-521
-498
-474
-496
-469
-458
-520
-495
-497
-542
-524
-501
-539
-547
-542
-535
-501
-489
-469
-466
-475
-498
-491
-526
-460
-493
-533
-515
-528
-521
-521
-483
-492
-533
-538
-549
-527
-448
-445
-454
-456
-472
-445
-466
-482
-461
-457
-406
-395
-352
-387
-408
-394
-418
-366
-379
-363
-346
-384
-359
-334
-351
-380
-372
-369
-334
-328
-340
-404
-387
-345
-410
-367
-347
-388
-400
-398
-388
-353
-314
-296
-245
-291
-307
-279
-284
-318
-326
-284
-298
-314
-366
-333
-299
-221
-232
-275
-275
-250
-294
-265
-254
-316
-277
-315
-335
-390
-369
-330
-351
-308
-319
-344
-385
-366
-369
-348
-342
-313
-358
-382
-380
-357
-292
-322
-309
-323
-330
-300
-343
-339
-282
-295
-341
-325
-325
-303
-314
-304
-284
-278
-281
-319
-318
-330
-296
-280
-269
-283
-294
-331
-326
-340
-337
-316
-317
-321
-356
-336
-313
-316
-351
-350
-348
-302
-292
-288
-312
-338
-334
-299
-272
-260
-243
-294
-308
-257
-284
-245
-243
-276
-210
-225
-220
-237
-248
-227
-216
-191
-182
-187
-213
-248
-245
-238
-232
-228
-232
-240
-277
-271
-249
-280
-230
-204
-199
-200
-252
-244
-254
-263
-266
-292
-276
-278
-278
-320
-324
-344
-290
-331
-287
-212
-264
-261
-269
-272
-225
-233
-235
-204
-205
-202
-212
-182
-161
-168
-196
-143
-171
-173
-171
-182
-199
-205
-216
-230
-254
-259
-228
-272
-255
-277
-293
-297
-354
-385
-428
-441
-385
-368
-421
-399
-418
-423
-419
-477
-417
-386
-373
-354
-370
-382
-366
-405
-390
-377
-353
-312
-353
-309
-319
-319
-252
-235
-183
-176
-191
-139
-180
-160
-137
-119
-146
-129
-145
-208
-192
-204
-180
-215
-222
-185
-168
-215
-210
-261
-275
-265
-298
-235
-256
-303
-287
-267
-307
-314
-270
-270
-254
-265
-254
-230
-229
-218
-266
-249
-206
-204
-188
-204
-178
-174
-150
-193
-141
-146
-160
-120
-134
-139
-135
-93
-109
-91
-131
-123
-103
-92
-90
-183
-145
-162
-156
-137
-202
-171
-181
-194
-173
-178
-157
-161
-161
-178
-191
-176
-217
-222
-216
-231
-203
-226
-230
-237
-286
-274
-282
-257
-241
-254
-265
-266
-274
-287
-238
-240
-239
-194
-263
-275
-258
-249
-233
-226
-192
-198
-244
-220
-198
-206
-189
-169
-220
-183
-184
-244
-165
-148
-183
-177
-161
-168
-187
-181
-157
-182
-148
-156
-128
-138
-176
-152
-188
-215
-196
-206
-203
-238
-241
-219
-261
-266
-294
-256
-273
-259
-277
-265
-300
-297
-290
-269
-260
-243
-224
-199
-193
-184
-168
-198
-151
-155
-133
-138
-123
-138
-175
-133
-85
-113
-95
-84
-88
-66
-94
-80
-71
-105
-124
-169
-163
-144
-175
-179
-182
-187
-177
-127
-147
-165
-164
-167
-196
-172
-161
-139
-142
-175
-138
-158
-87
-97
-75
-39
-101
-77
-58
-78
-95
-91
-79
-66
-101
-99
-69
-40
-66
-90
-92
-82
-85
-100
-117
-122
-132
-153
-94
-101
-157
-161
-151
-134
-122
-134
-176
-169
-119
-90
-120
-109
-117
-94
-89
-75
-125
-131
-120
-144
-123
-149
-135
-115
-124
-100
-78
-65
-107
-59
-10
-74
-110
-101
-107
-129
-89
-115
-125
-136
-131
-97
-120
-112
-89
-126
-88
-112
-152
-150
-150
-135
-164
-121
-133
-142
-150
-150
-129
-131
-138
-174
-152
-167
-161
-153
-155
-106
-129
-134
-132
-146
-122
-116
-131
-129
-110
-100
-93
-68
-98
-132
-136
-122
-107
-109
-80
-73
-87
-81
-49
-64
-100
-79
-113
-65
-90
-108
-34
-68
-93
-78
-38
-66
-48
-88
-100
-116
-136
-133
-148
-103
-120
-143
-144
-169
-173
-159
-183
-222
-215
-205
-191
-151
-170
-134
-126
-120
-121
-117
-129
-103
-87
-124
-119
-96
-64
-74
-77
-91
-84
-74
-82
-85
-138
-129
-132
-127
-125
-149
-123
-158
-140
-181
-221
-210
-191
-169
-123
-105
-157
-160
-150
-146
-103
-94
-92
-61
-65
-87
-77
-40
-33
-32
-69
-15
-1
-17
-32
3
-41
-100
-77
-66
-89
-87
-107
-154
-109
-144
-149
-116
-127
-129
-151
-119
-82
-78
-98
-85
-80
-6
-38
-23
-40
-68
-78
-59
-8
-28
-38
12
-41
0
29
-17
-12
-11
12
-22
-22
-45
-31
-47
-62
-47
-63
-68
-17
-27
-37
-44
-45
-29
-57
-30
-35
-28
-25
-1
-15
4
-10
-30
2
25
26
35
21
47
55
53
47
30
37
-58
-35
-64
-58
-24
-96
-88
-65
-55
-55
-48
-65
-50
-66
-55
-53
-57
-93
-109
-68
-73
-113
-57
-33
-17
5
15
35
19
50
20
16
40
40
65
59
60
77
55
37
43
60
76
53
65
-1
-31
-22
-53
-26
-72
-84
-124
-91
-66
-100
-92
-83
-96
-111
-104
-102
-116
-94
-78
-110
-110
-111
-121
-74
-74
-69
-70
-61
-82
-103
-108
-147
-114
-102
-59
-72
-63
-35
-70
-35
9
-9
-26
-54
-68
-70
-48
-89
-83
-102
-89
-96
-128
-74
-41
-65
-105
-42
-100
-66
-74
-94
-97
-89
-97
-76
-15
-56
-56
-64
-40
-10
-28
-36
-28
-70
-89
-63
-70
-71
-50
-75
-91
-25
-19
-1
-21
-42
18
15
-9
6
20
21
-7
-14
2
-6
21
-11
-22
6
-33
-17
-11
-47
-56
-13
-15
-47
-27
-37
-42
-4
-2
-13
15
13
-24
0
16
-3
-30
-9
15
-5
28
22
10
-33
11
27
11
-3
-31
-52
-20
-19
-48
-21
-39
-1
-30
-61
-91
-77
-71
-86
-118
-126
-111
-118
-56
-65
-73
-83
-112
-56
-47
-72
-65
-90
-99
-77
-84
-73
-73
-52
-58
-49
-77
-71
-76
-125
-131
-117
-93
-118
-106
-157
-129
-97
-115
-115
-103
-67
-113
-89
-125
-120
-115
-122
-108
-121
-76
-111
-127
-156
-160
-133
-92
-108
-93
-113
-113
-48
-93
-68
-33
-24
-62
-72
-53
-57
-63
-71
-55
-64
-90
-68
-72
-62
-77
-68
-84
-108
-112
-123
-74
-84
-68
-12
-13
-44
-24
-62
-61
10
-1
-6
0
12
0
21
41
-21
-6
30
-5
25
0
29
20
11
-26
-43
-58
-88
-35
-73
-51
-80
-60
-22
-64
-50
-24
15
-4
3
18
32
22
-32
-42
-29
-10
-31
0
-21
-40
-48
-88
-81
-42
-38
-69
-75
-80
-80
-111
-106
-111
-133
-130
-126
-122
-56
-98
-90
-56
-104
-69
-83
-87
-81
-38
-50
-75
-70
-65
-60
-38
-26
-46
-82
-55
-25
-43
-56
-70
-88
-83
-27
-41
-76
-98
-62
-65
-91
-89
-129
-122
-90
-49
-74
-75
-70
-67
-106
-143
-82
-105
-81
-121
-108
-118
-129
-57
-69
-34
-61
-49
-28
-8
-23
18
42
16
27
0
15
31
26
61
28
76
81
82
64
29
68
46
43
9
40
14
38
24
-6
50
24
40
53
43
11
33
50
13
-12
-3
-11
8
7
-33
6
-25
-5
-27
-45
-59
-71
-92
-88
-55
-78
-107
-80
-68
-70
-66
-83
-133
-123
-112
-95
-38
-74
-29
-37
-46
-42
-57
-30
-11
-16
-8
-20
-13
-14
-3
24
-25
-34
-52
7
20
-10
-22
-62
-29
-24
6
16
-8
16
-21
-58
-24
-18
-39
9
18
1
-4
-20
-20
-8
-13
-48
-58
-64
-24
-19
-49
-76
-52
-37
3
24
9
-1
-21
-6
-38
-50
-17
-22
-22
-25
-20
-27
12
10
39
77
48
80
91
56
75
87
127
110
92
109
92
82
54
115
68
50
76
99
78
56
91
63
50
67
57
58
15
46
1
-18
-10
-60
-42
-40
-40
-39
-31
-11
-33
-61
-55
-66
-76
-67
-83
-109
-104
-73
-89
-73
-35
-47
-42
-56
-44
-64
-45
-24
-39
-7
5
-38
5
5
3
-20
-43
-21
40
7
67
71
84
106
56
65
19
52
75
60
38
26
46
27
0
4
10
50
-17
-39
-16
-9
3
-16
-32
-42
-30
2
-10
-1
-3
-11
-21
10
-4
13
56
22
33
48
26
-43
-6
29
39
23
43
27
47
39
25
20
32
70
7
-21
-22
0
-29
-27
7
-19
-2
-15
-32
-20
-44
-19
-7
12
-22
-36
-22
6
9
-31
-35
-58
-34
-4
-21
11
-10
-11
-23
-37
-47
-23
5
-13
-18
-37
-31
-11
-24
0
-20
-8
9
13
1
4
54
22
24
12
1
-36
-5
9
-9
-26
-20
-13
-32
-20
-21
-30
-12
40
34
44
31
-6
29
-7
-7
-6
-15
-10
-37
-21
11
-2
-3
9
-11
-31
2
14
36
29
-4
39
57
54
39
39
57
60
63
74
65
95
110
137
145
129
109
100
92
115
149
73
127
74
87
105
135
128
90
127
96
84
34
62
45
63
51
66
47
39
55
-14
19
-7
26
38
10
6
0
21
38
17
7
-24
21
9
12
45
35
40
26
31
39
7
0
29
49
11
-5
14
12
37
-6
-39
-5
7
-11
-8
24
2
-17
-2
33
44
-3
7
28
-10
-9
8
39
74
44
37
56
99
128
110
66
32
6
62
95
42
84
74
94
74
69
110
122
72
122
151
114
126
132
103
93
111
142
131
151
156
166
191
176
209
163
195
181
149
179
155
180
180
180
199
158
145
172
175
202
166
144
153
142
147
161
161
128
162
165
171
150
127
128
116
77
103
139
127
120
109
81
103
71
85
79
49
47
70
82
63
124
92
93
100
64
120
108
75
97
95
72
77
100
86
67
57
74
84
71
114
80
61
72
87
89
121
94
77
80
82
52
45
64
43
54
22
53
88
69
54
48
35
62
72
21
37
-2
6
16
-21
10
-42
-3
-2
16
-9
5
42
-5
32
0
-5
-27
20
35
10
11
12
8
-20
-5
9
-6
-25
27
51
59
105
70
61
99
74
105
107
74
73
62
69
70
65
139
117
90
175
92
130
124
83
87
113
123
82
128
93
51
50
42
35
28
78
37
49
63
34
14
27
49
36
32
31
40
40
64
8
27
15
-15
20
35
44
65
80
98
85
77
64
76
52
61
47
48
42
30
15
33
33
77
93
72
85
51
105
92
106
118
98
73
68
77
95
112
77
52
56
42
47
45
33
36
61
54
94
72
49
66
64
89
85
74
78
58
45
84
103
70
85
59
40
89
148
123
142
122
132
170
135
136
180
142
145
161
150
165
145
147
159
151
159
194
210
143
162
161
179
185
182
227
186
219
153
144
201
202
163
167
192
206
254
224
213
212
224
222
163
171
192
155
187
168
124
168
124
152
122
67
103
135
118
135
95
117
170
151
126
70
87
89
91
144
150
69
54
98
75
58
78
94
72
52
55
65
76
99
99
82
108
125
151
164
178
207
156
196
191
132
163
181
175
197
179
170
175
128
143
182
174
146
189
191
172
169
165
192
182
173
193
161
164
189
196
194
198
183
214
188
184
205
136
115
156
166
124
137
163
163
74
120
129
134
154
139
157
132
149
124
119
146
145
120
129
121
144
158
128
120
107
142
158
146
215
174
163
210
183
231
195
198
207
189
219
228
225
240
230
187
194
179
197
202
101
133
165
154
174
111
124
95
134
120
114
172
132
158
131
133
127
134
139
117
134
150
122
132
149
149
126
94
127
111
164
165
163
123
114
118
118
131
148
182
163
141
189
160
152
150
172
187
129
158
98
107
77
84
86
90
73
84
77
84
74
74
80
65
96
68
84
93
96
84
101
90
83
101
54
98
106
106
129
125
169
145
120
105
90
150
195
161
172
155
158
165
140
167
175
123
177
156
112
142
141
122
111
128
117
90
39
66
97
85
100
152
152
178
189
202
197
181
196
204
188
156
189
175
176
160
171
206
219
200
182
189
201
194
207
175
155
204
188
220
197
200
226
171
183
172
135
129
107
94
87
127
125
91
88
104
132
115
104
120
90
43
88
71
71
85
103
133
147
118
128
134
139
132
127
152
139
159
130
117
135
163
150
142
140
148
148
167
126
103
138
142
109
111
130
72
75
45
76
73
81
90
58
156
105
128
132
103
123
139
140
134
115
87
121
112
128
100
131
98
99
115
132
132
126
148
118
94
109
153
142
132
87
94
121
111
136
101
138
132
101
131
143
135
134
129
118
133
75
122
173
150
156
160
153
170
187
113
168
181
187
179
203
243
201
183
221
230
192
202
224
215
218
243
233
223
263
266
188
217
212
219
252
208
229
196
158
147
137
183
165
143
181
220
233
224
198
187
218
249
238
254
224
222
230
234
228
207
220
213
209
234
217
201
165
148
182
148
152
177
141
140
148
160
147
170
201
191
201
205
205
218
230
209
187
144
183
155
158
186
193
174
198
159
147
156
131
162
196
187
160
224
217
264
211
203
217
147
171
159
127
149
154
156
142
118
122
105
133
120
98
95
153
141
155
167
147
168
135
185
190
168
129
186
194
128
147
175
222
212
170
181
164
151
155
116
149
178
146
139
145
131
148
147
91
95
112
151
126
113
65
20
62
50
72
47
73
52
51
48
23
9
34
59
72
96
114
122
137
107
97
76
29
57
87
40
40
29
34
26
11
46
35
28
66
101
117
117
72
107
115
143
155
164
156
161
155
143
156
91
84
126
108
78
114
137
66
36
87
74
50
55
121
131
147
120
97
67
110
124
131
145
86
112
81
37
51
58
14
-16
-27
-27
-6
-9
14
-16
-21
46
39
17
32
51
26
43
49
68
64
49
78
50
41
30
12
26
28
-1
10
17
25
63
85
55
59
89
114
108
95
61
52
87
98
105
50
55
49
67
41
69
74
40
40
39
92
86
70
37
52
105
119
162
184
144
108
130
109
105
102
92
111
109
107
104
115
80
89
109
111
141
120
78
103
145
158
172
144
141
158
118
153
173
130
117
91
94
97
77
64
91
119
102
76
112
129
163
134
159
163
167
176
183
173
185
184
184
203
185
174
160
160
165
159
157
149
157
158
190
175
202
242
238
212
243
282
228
260
254
316
291
288
238
235
286
278
246
235
264
235
246
188
214
194
166
186
182
247
217
193
198
153
144
159
186
222
202
206
192
179
198
152
150
148
123
174
175
194
222
166
145
154
137
131
166
142
133
182
147
117
141
131
164
169
173
205
196
191
184
161
147
184
140
216
213
188
224
193
182
194
224
182
187
230
204
171
165
197
152
144
171
170
211
172
202
197
166
118
129
172
148
209
183
173
184
164
164
171
169
168
188
186
240
244
274
257
234
297
298
298
272
294
266
231
269
281
279
229
260
289
232
262
272
261
229
266
257
265
280
210
217
186
177
135
158
197
182
215
214
206
187
150
159
198
177
107
145
171
166
216
175
133
155
131
146
145
115
143
132
184
163
121
125
162
160
180
191
145
135
137
141
154
185
170
165
188
160
157
137
151
150
145
151
169
145
101
158
140
113
115
106
127
125
100
127
106
115
166
92
133
153
160
162
131
119
135
148
156
116
145
166
153
128
123
119
97
135
112
111
52
79
66
21
49
41
72
122
145
158
146
98
164
115
137
118
114
162
100
111
156
118
116
141
97
95
101
87
72
116
81
81
133
97
84
103
138
118
124
93
96
123
126
104
14
55
35
-11
34
6
57
85
85
65
95
86
133
120
93
120
137
149
141
155
104
126
144
180
160
117
102
89
94
108
101
120
175
126
156
178
204
197
141
102
119
121
72
98
80
115
131
167
106
109
126
113
129
105
138
115
148
130
123
103
139
166
161
167
222
188
183
230
191
191
193
174
165
201
136
168
134
163
154
165
178
202
188
164
166
167
225
166
205
247
206
199
202
188
190
208
218
226
168
149
181
160
145
129
103
127
158
153
175
160
156
199
181
179
195
214
199
207
189
156
161
154
144
156
159
135
130
162
167
129
127
164
148
147
168
178
173
186
229
181
231
202
195
231
188
242
202
186
237
237
238
258
284
