63
54
28
51
50
26
53
70
20
31
-16
20
4
31
39
74
62
39
61
50
52
38
64
27
32
33
0
23
12
18
26
-16
13
-15
-11
-27
-10
-9
2
-21
-5
12
-11
9
-9
-13
-2
22
24
5
18
34
26
48
35
30
24
60
50
50
45
74
78
88
140
98
98
52
48
37
71
63
10
34
23
19
38
18
13
-16
10
20
-48
-44
-17
15
23
14
66
62
26
-24
-14
-41
4
3
-5
64
2
-23
-44
-82
-77
-9
-9
-63
-29
-33
-34
-18
22
40
29
33
10
70
58
41
23
17
-7
-15
-19
-29
-30
-63
-30
-41
-31
-34
-18
-46
-78
-72
-102
-77
-82
-83
-93
-89
-32
-75
-90
-6
-9
-35
-49
1
11
-38
-38
-30
-50
-46
-18
21
27
5
6
-15
26
44
4
-20
-13
-20
11
-2
-10
-6
-13
38
-22
-25
-17
25
40
57
58
65
87
99
132
102
127
88
83
105
46
68
77
63
93
119
40
61
101
91
103
59
63
67
91
99
97
141
112
118
107
92
103
132
129
83
87
80
77
104
107
119
147
127
123
133
129
168
181
167
148
91
88
93
90
61
44
64
64
79
37
55
75
48
43
-10
2
14
50
55
58
60
32
34
-2
-22
-38
-24
-46
-51
20
47
-6
16
16
-6
-35
-36
-31
21
13
15
12
1
47
41
10
25
17
9
0
27
4
-38
-10
-42
-15
-4
-28
-40
-61
-64
-29
-22
-31
-31
-55
-115
-92
-81
-117
-95
-65
-66
-67
-39
-52
-50
-52
-58
-35
-35
-30
-38
20
0
-4
-5
-10
-12
-12
-44
-32
-12
-63
-37
-54
-59
-88
-105
-68
-32
-85
-69
-56
-104
-70
-93
-62
-46
-55
-46
-62
-65
-100
-89
-132
-133
-138
-108
-96
-134
-116
-108
-84
-67
-85
-67
-36
-54
-85
-44
-29
-11
-13
-73
-72
-48
-66
-70
-13
-51
-40
15
-7
33
-16
-35
-6
-9
-23
-5
8
0
-15
-22
15
22
15
-3
-54
-69
-60
-52
-76
-105
-104
-51
-63
-77
-50
-106
-77
-78
-95
-61
-28
-18
-14
11
-10
-28
-48
-52
-48
-46
2
-2
-10
-33
-23
-17
-14
17
7
11
47
77
49
73
51
-4
17
53
6
11
6
25
87
78
43
91
56
53
67
50
74
80
92
80
65
104
111
83
130
113
75
54
95
72
75
52
72
110
121
144
112
158
187
187
179
155
159
169
165
146
170
145
153
120
122
165
151
132
125
141
81
109
93
119
118
93
90
67
110
59
86
73
59
34
37
27
-17
4
-3
-31
-17
-20
-67
-29
0
-21
4
-11
0
18
14
-1
-17
-48
-96
-97
-84
-101
-94
-46
-51
-23
-23
-66
-60
-54
-58
-76
-47
-37
-92
-104
-113
-142
-111
-95
-129
-132
-117
-72
-86
-102
-48
-33
-70
-21
-31
-115
-105
-46
-35
-29
-70
-95
-61
-66
-59
-27
5
17
1
-48
0
-9
21
-46
-27
19
32
63
16
44
40
60
15
58
95
89
128
91
118
87
107
112
54
74
67
44
30
84
53
41
52
31
46
66
39
47
47
62
42
53
79
88
128
130
100
126
117
76
110
83
87
89
129
83
64
77
72
63
59
86
34
51
53
49
66
115
112
107
113
76
85
128
133
117
142
146
117
131
118
94
146
129
107
110
111
101
56
37
-25
12
11
11
45
25
65
13
79
83
89
125
130
145
117
131
139
98
97
50
30
50
55
70
48
48
40
44
23
25
34
39
0
0
-16
19
18
-6
-3
-22
-13
-27
-27
-37
-35
-35
-33
-8
7
-11
32
24
-15
1
13
24
37
-3
-10
4
50
35
9
26
33
50
-10
48
39
33
13
-5
52
15
8
25
14
37
56
10
56
28
51
48
67
59
30
79
28
26
32
67
54
19
16
5
7
-10
16
48
63
25
24
40
37
69
42
48
68
69
115
74
50
76
105
118
91
70
32
35
65
37
34
23
49
44
52
56
35
16
23
27
38
64
49
65
77
37
50
31
36
75
122
97
80
115
90
102
104
119
81
111
103
121
106
67
128
104
111
96
82
109
98
93
69
108
158
161
157
165
189
178
160
177
194
176
192
197
199
220
212
221
221
214
200
189
198
205
169
137
166
130
146
172
109
171
166
184
167
178
194
190
218
216
209
187
183
160
164
136
139
120
155
124
131
147
120
145
139
178
144
162
141
120
135
139
150
157
168
170
150
199
163
160
182
168
137
145
183
152
137
165
185
217
232
216
203
210
203
190
162
224
204
161
170
170
169
160
213
240
213
203
197
185
197
181
188
156
97
116
130
124
90
146
177
153
178
170
207
178
175
190
185
123
128
109
111
130
140
125
117
162
142
151
171
187
171
153
154
192
179
173
164
143
118
98
109
101
95
105
68
62
65
106
116
99
101
98
81
64
43
58
87
57
124
109
100
122
107
91
107
94
122
137
140
131
122
108
117
136
117
105
122
84
119
137
107
154
145
163
124
181
165
175
202
160
168
191
184
209
207
189
201
147
153
171
156
171
198
196
188
185
178
215
186
183
169
162
177
192
200
209
172
169
198
256
224
186
222
194
243
206
234
217
218
201
189
151
140
157
122
191
171
193
174
187
160
144
160
141
182
195
213
206
218
202
199
223
195
217
207
216
257
225
215
197
141
166
102
154
124
78
172
157
145
140
147
99
96
128
119
144
115
104
128
79
97
147
114
128
60
90
94
91
108
70
103
110
160
167
142
154
173
127
124
106
68
81
67
68
66
75
48
78
66
45
57
83
123
106
83
78
76
60
112
75
104
132
126
100
97
125
68
45
55
47
42
43
49
31
53
52
28
9
15
61
52
94
56
58
91
102
88
73
62
88
79
47
96
74
66
62
57
49
19
31
1
39
27
-5
41
-37
-9
23
48
50
-6
29
61
39
37
-9
25
39
22
10
-11
-7
5
-19
-13
15
-26
-40
-28
-46
-95
-17
-19
-14
-5
-20
17
37
51
33
50
5
63
90
65
95
115
111
85
126
159
160
151
178
109
118
115
91
140
111
144
132
96
138
88
100
119
144
94
78
92
47
60
94
105
122
97
103
124
150
168
101
104
117
139
99
83
52
112
80
85
87
94
118
103
109
140
106
54
74
86
102
112
75
93
75
80
110
73
112
96
119
153
125
120
144
119
143
96
147
153
140
121
176
168
152
174
163
161
143
141
152
195
160
163
146
143
113
118
92
104
135
70
116
82
86
93
54
97
126
99
92
72
95
79
28
68
70
91
125
129
101
107
82
69
111
56
61
75
29
24
15
40
33
54
67
92
96
51
61
30
21
44
47
75
80
46
70
88
114
122
71
53
42
67
62
65
88
97
92
93
133
91
65
83
58
66
67
52
43
30
32
23
11
57
68
52
101
98
87
80
80
102
59
60
24
18
57
70
32
22
35
-22
-2
60
43
17
38
68
33
60
54
12
32
26
36
39
49
29
33
57
65
54
38
42
20
13
-7
16
6
-6
13
-9
-1
-44
-39
-1
-21
20
74
38
48
67
68
72
87
88
70
37
7
63
18
9
26
70
79
44
57
89
97
86
106
96
123
96
99
115
70
48
34
46
62
69
43
65
68
50
74
43
66
64
17
-20
36
61
51
64
44
78
89
59
91
108
112
75
48
63
47
96
76
69
86
35
32
35
28
44
95
61
51
56
64
87
62
42
41
47
58
54
33
6
-53
-7
37
-9
12
32
0
-12
7
17
13
27
16
11
-12
-11
-5
-29
-7
19
-7
-14
9
31
1
-47
0
-6
40
32
-16
-3
-13
-31
-27
-69
-33
27
-22
-2
-3
29
-4
-30
-9
-22
-65
-40
-56
-53
-50
-48
-80
-82
-24
-16
-42
-28
-20
-34
-53
-44
-52
-90
-76
-65
-92
-134
-112
-147
-140
-209
-182
-172
-178
-165
-164
-143
-136
-126
-119
-147
-171
-161
-168
-178
-157
-210
-187
-135
-158
-143
-128
-141
-138
-144
-153
-146
-145
-142
-158
-179
-169
-166
-178
-190
-171
-176
-169
-158
-176
-142
-135
-109
-145
-161
-145
-156
-127
-169
-143
-138
-153
-154
-160
-210
-165
-149
-195
-191
-195
-187
-204
-196
-179
-210
-184
-211
-191
-156
-137
-106
-146
-116
-116
-160
-169
-153
-167
-170
-155
-179
-152
-168
-172
-178
-141
-161
-204
-193
-168
-184
-163
-186
-193
-162
-216
-189
-217
-145
-168
-202
-179
-168
-184
-217
-145
-169
-156
-155
-160
-117
-130
-166
-162
-191
-175
-131
-177
-156
-136
-143
-96
-133
-65
-48
-120
-60
-80
-94
-39
-44
-93
-49
-43
-108
-65
-76
-76
-84
-106
-79
-80
-82
-104
-92
-67
-87
-92
-102
-82
-95
-127
-130
-139
-119
-138
-129
-77
-148
-146
-135
-143
-70
-72
-72
-86
-84
-70
-107
-91
-52
-104
-80
-57
-83
-100
-51
-129
-76
-79
-111
-29
-68
-80
-71
-96
-100
-32
-80
-79
-79
-82
-84
-30
-40
-79
-61
-55
-74
-103
-142
-126
-117
-134
-110
-109
-87
-88
-101
-68
-50
-60
-41
-49
-66
-80
-76
-97
-101
-117
-111
-107
-48
-89
-81
-64
-102
-102
-109
-83
-116
-91
-141
-173
-141
-167
-173
-182
-189
-150
-152
-151
-111
-113
-140
-142
-178
-159
-141
-131
-154
-171
-180
-198
-225
-199
-175
-141
-167
-165
-132
-159
-139
-167
-143
-155
-165
-197
-192
-175
-152
-164
-199
-150
-166
-188
-147
-177
-197
-160
-135
-158
-178
-134
-131
-91
-86
-122
-71
-108
-109
-104
-101
-113
-94
-106
-120
-99
-118
-99
-109
-116
-135
-95
-116
-123
-71
-86
-94
-103
-110
-150
-144
-131
-144
-98
-101
-88
-92
-90
-99
-91
-73
-76
-84
-82
-71
-66
-46
-40
-72
-94
-36
-51
-85
-100
-109
-77
-103
-77
-86
-85
-74
-46
-18
-29
-55
-49
-16
-42
-51
-56
-30
-47
-48
-52
-26
3
4
30
4
10
9
11
13
19
-6
23
-9
-3
-17
-60
-29
-50
-54
-55
-53
-56
-34
-55
-52
-55
-59
-64
-33
-17
-35
-7
-46
-37
-40
-35
-36
-45
-66
-80
-83
-92
-75
-89
-111
-58
-125
-133
-82
-91
-79
-99
-80
-128
-111
-129
-111
-144
-145
-124
-143
-167
-115
-109
-133
-89
-98
-100
-123
-111
-102
-86
-96
-126
-103
-126
-139
-150
-184
-145
-180
-225
-204
-232
-233
-218
-218
-239
-211
-215
-198
-166
-180
-159
-200
-193
-212
-213
-222
-182
-159
-141
-138
-182
-194
-188
-134
-158
-149
-148
-144
-157
-144
-153
-184
-142
-153
-138
-167
-144
-143
-126
-175
-158
-166
-192
-155
-185
-146
-181
-150
-170
-150
-123
-173
-164
-134
-146
-131
-127
-85
-92
-99
-85
-117
-82
-115
-106
-141
-152
-122
-101
-95
-97
-88
-58
-54
-64
-71
-68
-59
-79
-76
-52
-76
-83
-63
-49
-29
-24
-38
4
-9
-64
-45
-4
9
23
7
18
9
-15
27
25
24
7
7
-18
16
12
-39
-31
-7
-6
-10
-2
4
15
28
14
10
3
-18
27
33
-16
-82
-75
-88
-42
-75
-85
-55
-65
-44
-6
-21
-22
-19
-69
-62
-71
-71
-11
13
-18
-37
-48
-58
-38
-38
-58
-48
-51
-46
-65
-54
-39
-97
-71
-84
-83
-64
-100
-90
-82
-97
-87
-94
-109
-114
-132
-136
-112
-135
-101
-95
-80
-87
-56
-48
-60
-87
-34
-16
-66
-34
-76
-51
-55
-59
-8
-42
-78
-91
-71
-42
-82
-70
-113
-96
-94
-122
-113
-112
-70
-87
-96
-96
-103
-76
-110
-121
-131
-120
-143
-140
-140
-154
-144
-147
-102
-125
-115
-95
-109
-79
-99
-114
-91
-76
-66
-75
-59
-70
-70
-62
-80
-108
-90
-95
-117
-120
-151
-132
-69
-111
-93
-84
-99
-57
-75
-99
-80
-75
-87
-66
-92
-92
-79
-71
-86
-93
-88
-80
-61
-59
-72
-23
-40
-47
-85
-120
-103
-89
-133
-109
-75
-107
-102
-121
-61
-55
-70
-71
-54
-60
-51
-41
-90
-60
-57
-36
-54
-63
-48
-47
-36
-26
-13
11
3
-3
12
-14
-41
-8
-10
11
29
19
15
9
6
-29
42
45
35
5
9
19
-11
19
15
4
-11
16
22
-1
-9
1
1
2
-26
62
52
32
65
33
105
57
35
32
36
21
-4
9
40
43
26
18
12
7
33
-34
-2
74
67
69
71
-4
1
35
-16
8
32
1
11
19
-4
-40
-13
-19
-43
-15
-40
-14
-13
-19
33
8
-7
-29
-22
-30
-15
16
6
-21
-1
22
-19
-14
-18
-24
-8
15
17
45
16
-28
-15
-53
-63
-126
-111
-65
-75
-97
-83
-77
-85
-41
-59
-47
-43
-45
-71
-103
-91
-79
-120
-142
-134
-155
-135
-118
-108
-149
-115
-144
-123
-135
-166
-115
-155
-68
-97
-137
-92
-128
-73
-93
-93
-66
-50
-63
-64
-80
-71
-67
-63
-71
-71
-80
-70
-74
-112
-98
-93
-84
-76
-100
-135
-88
-105
-78
-84
-96
-85
-93
-59
-71
-83
-92
-55
-42
-58
-28
-65
-65
-70
-87
-83
-78
-116
-102
-96
-88
-70
-94
-57
-77
-74
-82
-91
-50
-6
-74
-48
-69
-98
-84
-66
-9
-15
22
-1
-15
3
-26
-63
-54
-31
-20
7
-45
-44
-38
-2
-9
-46
-31
-37
-43
-24
0
38
15
-18
5
34
20
10
14
-26
-37
5
18
-8
-10
-7
-46
-82
-58
-31
-10
-39
-56
-59
-92
-64
-56
-96
-54
-58
-60
-59
-54
-68
-91
-55
-75
-70
-105
-114
-84
-98
-102
-106
-126
-116
-119
-112
-146
-145
-141
-135
-121
-97
-91
-153
-93
-101
-80
-110
-129
-83
-79
-86
-93
-106
-106
-121
-107
-122
-112
-67
-104
-112
-99
-115
-129
-154
-110
-105
-114
-111
-147
-129
-140
-140
-129
-163
-116
-115
-147
-134
-110
-82
-87
-68
-87
-111
-121
-114
-120
-64
-55
-69
-53
-66
-109
-112
-88
-131
-103
-82
-53
-108
-78
-50
-74
-39
-46
-35
-60
-54
-65
-46
-38
-56
-58
-35
-41
-32
-65
-29
-23
-14
5
42
41
18
9
-12
25
-22
8
-18
3
26
27
34
-2
-9
28
18
36
17
-30
-16
-16
-8
-13
13
1
22
-17
10
-11
-21
-10
26
30
-6
5
20
16
11
-15
-13
31
-15
2
-9
-29
-3
16
1
-10
26
6
-5
-7
0
14
13
31
59
-2
2
14
15
15
21
-5
6
2
-8
17
-6
-15
-34
-9
-11
-4
-16
-11
-1
-44
-10
-42
-17
32
-31
-33
-7
-14
-19
47
18
33
56
3
30
7
-24
-54
-60
2
12
-6
-14
-9
9
25
12
-4
7
7
-2
-32
-2
-17
-11
-36
-16
57
17
31
41
39
27
7
-3
29
86
77
49
52
20
30
8
38
64
5
12
51
6
35
34
53
30
16
32
39
13
-17
-23
-27
6
-25
5
-23
-17
-44
12
21
-31
-21
-24
-7
6
-17
-33
11
-17
-9
24
3
-1
-8
-40
-10
-20
-9
6
11
-5
-25
-19
-52
-36
-25
-32
-110
-97
-72
-98
-93
-77
-78
-67
-69
-66
-57
-88
-102
-109
-85
-94
-79
-71
-95
-73
-120
-80
-83
-107
-81
-102
-100
-110
-122
-156
-127
-106
-138
-112
-128
-151
-131
-112
-102
-127
-100
-150
-111
-96
-140
-106
-73
-136
-115
-109
-149
-127
-180
-115
-77
-86
-110
-137
-106
-109
-126
-113
-88
-119
-100
-72
-115
-98
-114
-101
-89
-113
-91
-81
-80
-80
-90
-84
-58
-50
-81
-103
-90
-76
-96
-106
-94
-124
-61
-93
-117
-108
-106
-69
-108
-118
-91
-101
-103
-98
-41
-40
-75
-79
-82
-33
-35
-53
-78
-47
-30
-56
-40
-70
-71
-64
-52
-60
-50
-59
-92
-42
-63
-66
-58
-52
-80
-30
-36
-50
-69
-20
-75
-56
-30
-62
-41
-78
-70
-52
-39
-59
-61
-41
-17
-26
-44
-3
-45
-73
-68
-76
-61
-89
-134
-135
-87
-94
-95
-123
-110
-97
-101
-114
-104
-110
-127
-116
-86
-76
-125
-110
-48
-84
-93
-60
-68
-88
-95
-114
-98
-79
-71
-80
-53
-63
-81
-119
-129
-86
-86
-82
-69
-74
-49
-80
-69
-70
-57
-66
-92
-88
-55
-54
-74
-44
-52
-42
-45
-25
-50
-72
-30
-45
-98
-59
-42
-56
-53
-38
-25
-32
-48
-25
-4
-34
-11
-28
-17
-22
-34
-27
34
7
-12
61
21
19
6
-13
-7
-6
12
2
25
-1
-14
-31
-14
3
-21
-4
22
-14
-32
-48
12
-18
-30
-5
-24
0
-6
6
-20
-25
-44
7
14
-29
-33
-25
-19
-16
-25
18
11
1
3
8
38
-4
-23
-33
-65
-38
-39
-81
-115
-96
-99
-77
-59
-87
-88
-100
-72
-78
-138
-129
-138
-144
-138
-160
-141
-159
-172
-194
-190
-184
-186
-140
-155
-186
-184
-196
-171
-186
-132
-166
-164
-156
-194
-163
-145
-172
-159
-178
-162
-167
-187
-101
-87
-137
-150
-116
-127
-124
-89
-107
-110
-144
-159
-155
-154
-113
-113
-120
-128
-94
-104
-97
-64
-54
-48
-103
-76
-67
-87
-107
-136
-61
-65
-37
-68
-76
-54
-72
-62
-72
-76
-121
-101
-82
-59
-72
-66
-70
-76
-53
-97
-67
-35
-52
-50
-91
-99
-82
-83
-85
-81
-90
-92
-79
-67
-62
-80
-70
-71
-118
-97
-143
-74
-47
-71
-48
-65
-71
-102
-138
-118
-94
-110
-101
-88
-70
-66
-113
-88
-66
-57
-9
-47
-38
-43
-58
-112
-67
-78
-94
-116
-102
-75
-114
-105
-96
-69
-85
-61
-109
-139
-98
-93
-111
-135
-143
-122
-119
-129
-85
-101
-85
-94
-108
-110
-144
-105
-102
-143
-134
-133
-117
-119
-127
-113
-142
-129
-167
-149
-153
-142
-149
-172
-218
-163
-107
-181
-172
-145
-124
-132
-140
-159
-169
-174
-179
-149
-128
-160
-156
-142
-128
-128
-124
-163
-149
-109
-133
-126
-93
-123
-100
-91
-127
-102
-101
-88
-76
-103
-149
-122
-105
-124
-105
-122
-144
-129
-117
-81
-117
-116
-125
-133
-84
-61
-70
-87
-87
-120
-96
-87
-76
-123
-132
-124
-104
-100
-144
-105
-139
-162
-141
-97
-71
-118
-130
-111
-104
-91
-138
-121
-135
-146
-115
-109
-106
-129
-119
-138
-119
-139
-104
-90
-86
-56
-80
-70
-112
-105
-112
-112
-93
-87
-56
-49
-71
-75
-79
-71
-30
-65
-58
-23
-60
-96
-114
-103
-90
-94
-76
-109
-98
-83
-90
-68
-52
-86
-101
-72
-80
-80
-91
-92
-81
-52
-71
-114
-63
-71
-107
-134
-90
-129
-107
-128
-131
-116
-144
-103
-71
-105
-89
-81
-74
-66
-98
-103
-109
-89
-86
-102
-119
-80
-61
-62
-107
-86
-98
-74
-84
-65
-38
-66
-75
-137
-108
-87
-108
-137
-130
-115
-132
-131
-94
-117
-135
-100
-119
-82
-93
-108
-127
-87
-84
-79
-112
-116
-132
-116
-110
-109
-56
-110
-111
-120
-143
-108
-74
-97
-78
-97
-24
10
-21
-18
-43
-33
-26
0
-18
-66
-37
-34
-41
-20
-56
-26
-13
8
-34
-30
-15
-30
-13
-12
11
24
0
14
33
-49
-10
-16
-26
-48
-44
-4
-28
-16
-42
-70
-30
-27
-36
-31
-46
-40
-34
-58
-71
-51
-38
-50
-75
-38
-51
-14
-36
-59
-32
-18
-23
11
-5
-13
14
-11
27
14
24
-61
-24
-32
-7
-16
-29
-28
-24
-46
-46
-47
-27
13
-22
-19
-20
-49
-90
-40
-34
-79
-32
-21
-34
-18
5
-38
-16
22
-16
31
44
46
64
53
55
82
43
46
29
35
36
-19
43
42
41
36
41
36
50
82
77
58
51
59
89
64
53
16
23
45
10
54
45
58
75
67
71
62
54
85
99
51
76
70
39
83
73
95
78
70
48
20
41
57
85
51
39
50
39
72
77
93
79
50
74
56
70
79
74
67
86
83
76
65
12
5
57
42
49
-8
-2
-24
-24
18
22
27
29
-32
-72
-57
-96
-87
-93
-84
-87
-104
-49
-34
-45
11
-4
-37
-37
-26
-21
-14
-45
-34
-24
-50
-63
-66
-74
-109
-141
-107
-92
-112
-70
-91
-119
-119
-161
-172
-136
-129
-128
-168
-224
-274
-262
-231
-303
-314
-350
-383
-421
-470
-511
-589
-726
-858
-1085
-1319
-2168
-3545
-4817
-6173
-7026
-8228
-9779
-10676
-11269
-11112
-10684
-10329
-9362
-8200
-6922
-5448
-4210
-2861
-1751
-1087
-387
136
741
1405
1719
2086
2758
3850
5098
6271
7232
8391
9718
10793
11723
12318
12637
12883
12649
12340
11975
11381
10488
9051
7522
6113
4852
3361
1490
-407
-2083
-3388
-4653
-5993
-7159
-8074
-8714
-9174
-9376
-9297
-8995
-8709
-8298
-7522
-6393
-5119
-4005
-2937
-1729
-270
1259
2581
3691
4708
5784
6755
7523
7991
8285
8423
8242
7880
7393
6691
5821
4641
3339
2146
949
-347
-1737
-3244
-4526
-5570
-6570
-7443
-8311
-9009
-9504
-9817
-9911
-9890
-9736
-9496
-9171
-8571
-7767
-6900
-5973
-5144
-4190
-3151
-2144
-1213
-541
-10
452
789
919
898
680
352
-86
-515
-895
-1288
-1571
-1774
-1852
-1699
-1206
-676
-166
499
1262
2139
3020
3751
4416
5155
5866
6577
7301
7911
8595
9285
9938
10660
11428
11846
11913
11637
11075
10543
9437
7777
5898
3758
1839
-97
-2124
-3900
-5420
-6552
-7329
-7876
-7891
-7672
-7482
-7066
-6672
-6047
-5260
-4741
-4314
-3873
-3282
-2436
-1586
-777
287
1406
2674
4070
5294
6476
7448
8098
8493
8564
8349
7728
6669
5403
3929
2423
994
-621
-2132
-3424
-4499
-5316
-5948
-6482
-6898
-7159
-7419
-7559
-7716
-7879
-8061
-8435
-8596
-8579
-8449
-8156
-8024
-7493
-6697
-5813
-4727
-3843
-2971
-1999
-1168
-531
-144
-71
-107
-435
-980
-1411
-1936
-2408
-2883
-3365
-3361
-3090
-2613
-2069
-1476
-576
482
1614
2663
3548
4468
5335
6054
6774
7550
8342
9093
9626
10326
11265
12196
13164
13822
14506
15167
15363
15223
14337
13044
11562
9358
6794
3990
1067
-1588
-4271
-6628
-8407
-9772
-10504
-10958
-11062
-10507
-9726
-8996
-8081
-7344
-6519
-5592
-4984
-4286
-3582
-2803
-1770
-748
447
1959
3537
5129
6692
8075
9453
10460
10951
11057
10694
10032
8857
7282
5547
3684
1750
-114
-1909
-3532
-4844
-6022
-6965
-7697
-8246
-8582
-8977
-9364
-9695
-9898
-10075
-10217
-10373
-10539
-10454
-10084
-9507
-8723
-7978
-7007
-5815
-4602
-3297
-2228
-1359
-693
-321
-101
-130
-492
-1035
-1839
-2618
-3274
-3867
-4349
-4626
-4714
-4429
-3804
-3080
-2158
-1244
-283
902
2012
3035
4000
4820
5757
6677
7758
9016
10156
11305
12595
13874
15355
16751
18057
19422
20757
21962
22688
22249
20258
17621
14759
12121
8619
3150
-2457
-7016
-9792
-12036
-15151
-17774
-18546
-17769
-16605
-16001
-14961
-12776
-10729
-9672
-9117
-7898
-5665
-4263
-4509
-4583
-2915
160
2556
3486
4748
7743
11361
13971
15028
15914
17387
17997
16965
15018
13292
11832
9189
5153
1635
-326
-1588
-3716
-6588
-8356
-8293
-7727
-7995
-8950
-9304
-8682
-8318
-8744
-9341
-9388
-9044
-9240
-9802
-10320
-10101
-9385
-9246
-9118
-8479
-7110
-5565
-4735
-4092
-3039
-1864
-1058
-1150
-1699
-1884
-2284
-3208
-4593
-5890
-6515
-7124
-8013
-8581
-8471
-7763
-6961
-6258
-5209
-3653
-2009
-609
506
1538
2912
4177
4957
5594
6350
7530
8860
9940
11281
12960
14767
16551
18021
19671
21288
22505
23531
23993
23815
22909
20797
18083
15187
11788
7649
2593
-2336
-6210
-9264
-12365
-15461
-17696
-18387
-18089
-17811
-17473
-16546
-14868
-13144
-12037
-10996
-9265
-7319
-5900
-5121
-3871
-1559
1138
3163
4805
6897
9827
12698
14552
15759
16886
17933
18141
17177
15587
14030
12157
9402
6088
3179
972
-1139
-3676
-6125
-7713
-8286
-8802
-9702
-10524
-10837
-10710
-10811
-11356
-12079
-12898
-13762
-14516
-14973
-14884
-14619
-14405
-13705
-12248
-9909
-7394
-5459
-3764
-2057
-248
1169
1604
1163
337
-747
-1984
-3503
-5125
-6520
-7802
-8726
-9061
-8682
-7747
-6783
-5905
-4689
-3013
-1324
4
839
1423
2189
3038
3766
4480
5279
6435
8103
10023
12295
14950
17504
20319
22992
25746
28474
30318
31972
32430
31768
29222
24943
20741
16181
11226
4377
-3577
-9642
-13473
-15966
-19082
-22654
-24023
-22777
-20862
-19725
-19312
-17719
-15106
-13670
-13272
-12715
-10921
-8578
-8008
-8118
-6401
-2444
2003
4589
6354
9740
14918
19273
21291
21953
22899
24210
23626
21014
17902
15217
12478
8176
3281
-244
-2067
-3782
-6706
-9671
-10534
-9713
-9379
-10498
-12008
-12179
-11576
-11672
-12795
-13867
-13870
-13310
-13067
-12652
-11143
-8483
-6352
-5424
-4180
-1538
1485
2486
1444
265
317
544
-787
-3578
-6084
-7212
-7868
-8985
-10205
-10594
-10294
-10241
-10468
-10113
-9011
-8295
-8654
-9461
-9465
-8478
-7599
-7680
-8023
-7216
-4943
-2529
-824
906
3375
6366
8860
10869
12893
14859
16244
17120
17876
18893
20126
20735
20867
21069
22111
23530
24596
25225
25575
25702
24495
21980
18972
15806
11620
5595
-1271
-7321
-11764
-15827
-20513
-24729
-26757
-26257
-24919
-23897
-22397
-19420
-15618
-12512
-10166
-7639
-4654
-2191
-1170
-719
526
2927
4877
5694
6593
8798
12210
15096
16709
17994
19761
21376
21539
20289
18559
16597
13751
9672
5174
1262
-1971
-5468
-9298
-12429
-13977
-14227
-14514
-15097
-15121
-14071
-12545
-11510
-11122
-10607
-9905
-9266
-9271
-10380
-11029
-11019
-10921
-10823
-11193
-10409
-8734
-7331
-5681
-4230
-2552
-733
10
162
7
-460
-1175
-3099
-5501
-7316
-8940
-10395
-11862
-13024
-12860
-11968
-10771
-9031
-7135
-4769
-2098
123
2007
3799
5466
6907
7468
7754
8742
9708
10487
11476
12830
15032
17638
20260
22680
24587
26595
28952
30691
31676
32455
31916
29590
25168
20006
15347
10316
3674
-4312
-11511
-16007
-18360
-20970
-23998
-25716
-24650
-21907
-19925
-18833
-17052
-14314
-11946
-10989
-10587
-9086
-6943
-5723
-5660
-5021
-2051
2346
5579
7392
9846
14184
18987
21840
22742
23276
24044
23976
22015
18648
15276
12141
8309
3446
-1027
-3870
-5607
-7832
-10629
-12325
-12062
-11040
-10967
-11942
-12525
-11933
-11277
-11582
-12796
-14078
-14289
-14213
-14136
-13996
-13510
-11933
-10325
-8554
-6171
-3465
-934
638
1497
2526
3476
3721
2613
411
-1417
-2719
-4308
-6296
-8418
-9822
-10379
-10760
-10829
-10472
-9872
-9200
-8479
-7665
-6549
-5348
-4587
-4191
-3769
-2708
-1161
-7
884
2055
3910
6224
8286
10218
12375
14748
17220
19316
21342
23148
24797
26212
26860
27798
28524
29168
29235
27768
25339
21902
18338
14810
10395
4572
-2117
-8224
-12476
-15547
-19038
-22752
-25439
-25814
-24550
-23514
-22621
-21036
-18336
-15395
-13248
-11209
-8477
-5303
-3204
-2182
-671
2373
6109
8443
9581
11158
14255
17883
19782
20216
20484
21287
21684
20381
17951
15587
13270
10059
5787
1742
-1120
-3489
-6592
-10306
-12838
-13474
-13418
-14166
-15517
-15998
-14993
-13697
-13348
-13754
-13983
-13378
-12525
-12074
-11539
-10889
-9938
-8970
-7944
-6198
-4098
-2416
-1591
-954
133
1538
2028
1207
-277
-1466
-2175
-3290
-5186
-7235
-8829
-9922
-10667
-11289
-11383
-11200
-10865
-10228
-9148
-7440
-5587
-4407
-3477
-2293
-509
1595
2819
3646
4574
6102
8083
9699
11056
12836
14698
16989
19224
21140
23359
25003
26615
27885
29097
30206
30919
30594
28843
25690
21598
17785
13576
8571
1609
-5988
-11842
-15590
-18382
-21949
-25624
-27204
-26080
-24056
-22585
-21387
-19194
-16027
-13274
-11629
-9796
-7124
-4320
-3052
-2677
-834
2806
6638
8674
9742
12191
16324
20168
21836
21991
22415
23308
23160
20994
17895
15078
12184
8142
3254
-821
-3379
-5669
-8992
-12421
-14029
-13787
-13323
-14129
-15328
-15275
-13989
-12996
-13076
-13415
-13031
-12061
-11228
-11520
-11847
-10728
-9675
-8740
-8510
-7654
-5323
-3816
-2897
-2326
-1515
63
698
-212
-1204
-2022
-2488
-3781
-6348
-8173
-9270
-10364
-11368
-12512
-12492
-11621
-10729
-9603
-8340
-6442
-4039
-2174
-898
589
2402
4179
5034
5373
6288
7775
8983
9798
10984
12846
15251
17382
19420
21458
23850
26406
28047
28894
29603
30901
31705
30507
26558
21863
17886
14408
9890
2533
-5515
-11591
-15039
-17574
-21117
-24657
-25844
-24825
-22987
-21738
-20335
-17621
-14742
-12848
-11780
-10186
-7227
-4503
-3832
-3830
-2289
1551
5519
7605
8876
11450
15585
19366
21401
22134
22885
23508
22937
20833
18039
15495
12459
8021
3017
-862
-3254
-5476
-8732
-11985
-13566
-13395
-12872
-13369
-14287
-14454
-13940
-13620
-14010
-14644
-14762
-14874
-15200
-15412
-14904
-13337
-11937
-10815
-9306
-6842
-3764
-1332
-28
883
1990
3003
2967
1633
-92
-1732
-3394
-5461
-7610
-9340
-10529
-11565
-12320
-12341
-11541
-10443
-9669
-8964
-7749
-6064
-4551
-3732
-3374
-2718
-1529
-450
331
1196
2373
4172
5885
7643
9891
12226
14627
16714
18566
20845
22647
23835
24852
25334
26362
27415
27835
28827
28538
26242
23247
19554
17430
15030
8794
1245
-5864
-9922
-11913
-16631
-22329
-25910
-26443
-24668
-24240
-24362
-22062
-18580
-15425
-13649
-11944
-7977
-4024
-2631
-2734
-1827
1945
5990
7255
7021
8490
12424
16310
18108
18394
19671
21562
22252
21117
19246
17999
16187
12392
7486
3393
943
-1693
-6163
-10782
-13481
-13905
-14055
-15500
-16910
-16919
-15598
-14356
-14181
-14361
-14016
-13481
-13245
-13117
-12834
-11824
-11156
-11157
-10378
-8543
-6078
-4343
-3837
-2931
-1198
562
1362
470
-758
-1418
-2293
-3850
-6011
-8053
-9515
-11068
-12533
-13045
-12978
-12627
-12387
-11926
-10563
-8621
-6722
-5598
-4993
-3822
-1941
-341
432
979
1943
3444
5001
6332
7910
9848
11856
13892
16089
18431
20779
23074
24469
26033
27804
28903
30323
31073
32116
32163
29222
25463
21518
18855
15337
7801
-1050
-8307
-12058
-14248
-19065
-24912
-27388
-26264
-23840
-23180
-22919
-19955
-16157
-13529
-12436
-10941
-7135
-4119
-3673
-4378
-3320
1026
4851
5983
6098
8691
13853
18074
19943
20672
22560
24662
24830
23112
20999
19403
16825
12064
6737
2758
446
-2492
-7204
-11347
-12995
-12624
-12681
-14058
-15088
-14483
-13079
-12284
-12612
-13058
-12855
-12852
-13231
-13779
-13584
-12585
-12155
-11848
-10645
-8074
-5124
-3205
-2079
-547
1622
3418
3727
2668
1482
577
-759
-2979
-5485
-7499
-9021
-10603
-11936
-12194
-11645
-10984
-10602
-9866
-8275
-6274
-4730
-4031
-3628
-2733
-1350
-490
-199
31
1030
2518
3830
5322
7115
9342
11661
13735
16180
18541
20755
22538
23650
24933
26261
27318
27960
28401
29134
30432
28674
25052
21331
18181
16714
11486
3452
-4238
-9708
-11907
-15548
-21730
-26123
-27186
-25781
-24818
-25332
-23571
-19846
-16723
-14878
-13658
-10396
-5986
-4019
-4090
-3904
-906
3529
5665
5783
6674
10382
14765
17190
18080
19352
21556
22683
21872
20259
18959
17549
14142
9158
4679
1883
-511
-4668
-9530
-12726
-13546
-13669
-14885
-16287
-16505
-15510
-14298
-13934
-14082
-13771
-13268
-13261
-13219
-12992
-12049
-11193
-11180
-10596
-8748
-6141
-4135
-3226
-2320
-565
1337
2333
1888
784
9
-851
-2489
-4555
-6653
-8251
-9888
-11568
-12294
-12181
-11777
-11562
-11257
-10031
-8040
-6109
-4919
-4217
-3250
-1721
-211
572
1042
1818
3089
4477
5839
7431
9281
11257
13269
15449
17851
20259
22083
23412
24693
26158
27698
28625
29209
29998
31404
30633
27282
23414
20008
18324
14115
6269
-1706
-7747
-10391
-13425
-19338
-24334
-25715
-24445
-23096
-23473
-22283
-18563
-15174
-13210
-12233
-9609
-5255
-3022
-3136
-3399
-1156
3122
5479
5663
6281
9696
14358
17047
18122
19374
21773
23395
22715
21068
19746
18431
15362
10391
5646
2569
129
-3821
-8768
-12265
-13314
-13469
-14642
-16205
-16487
-15433
-14369
-14162
-14436
-14219
-13864
-14184
-14705
-14847
-14136
-13410
-13450
-12889
-11027
-8159
-5669
-4360
-2946
-778
1438
2660
2361
1414
558
-510
-2380
-4883
-7153
-8986
-10772
-12675
-13698
-13552
-12986
-12703
-12341
-11150
-9151
-7232
-6161
-5593
-4857
-3599
-2490
-2020
-1804
-1189
60
1233
2549
4189
6224
8629
10705
12791
15358
17831
19974
21278
22119
23603
25016
25825
26440
26590
28053
28638
25753
22446
18908
17262
15144
8203
493
-5935
-9394
-11548
-16921
-22863
-25407
-25194
-23917
-24292
-24361
-21216
-17654
-15382
-14248
-12326
-7972
-4666
-4146
-4456
-2951
1219
4299
4863
5008
7498
12020
15166
16463
17472
19716
21872
21845
20510
19352
18592
16463
12101
7414
4073
1891
-1537
-6522
-10571
-12359
-12745
-13809
-15808
-16663
-15968
-14951
-14494
-14712
-14520
-13738
-13600
-13851
-13868
-13167
-11993
-11887
-11942
-10664
-8353
-6009
-4805
-4037
-2435
-283
1194
1352
605
35
-427
-1721
-3692
-5660
-7198
-8638
-10502
-11937
-12202
-11856
-11699
-11760
-11127
-9487
-7540
-6169
-5560
-4784
-3442
-1995
-1136
-936
-267
764
1816
2768
3829
5467
7495
9041
10581
12618
14829
16891
18241
19218
20567
22320
23438
24343
25107
26376
27888
26171
22948
19800
17330
15679
10220
2423
-4410
-9085
-11525
-15561
-21341
-24755
-25001
-23817
-23155
-23157
-20749
-17023
-14442
-12880
-11307
-7844
-4305
-3297
-3634
-2985
184
3666
4895
5188
6842
10989
14791
16759
18108
19971
22336
23021
22028
20790
19829
17977
14065
9217
5367
2860
-88
-4685
-8993
-11271
-11844
-12427
-13934
-14914
-14519
-13471
-12793
-12797
-12905
-12437
-12377
-13024
-13470
-13373
-12580
-12276
-12527
-11594
-9347
-6778
-4862
-3738
-2081
252
2077
2668
2173
1389
713
-667
-2908
-5120
-7034
-8703
-10580
-12204
-12641
-12160
-11662
-11354
-10611
-8999
-6846
-5195
-4366
-3675
-2538
-1299
-517
-281
35
962
2055
3051
4260
6064
8240
10353
12210
14416
16907
19191
20877
21956
23188
24498
25605
26245
26590
27410
28480
27126
24037
20755
18127
16550
12029
4910
-1845
-6845
-9323
-12867
-18384
-22359
-23472
-22666
-22152
-22515
-20879
-17659
-15076
-13455
-12011
-8890
-5227
-3680
-3635
-3028
-114
3533
5152
5529
6828
10486
14243
16187
17385
19016
21170
22068
21287
20152
19302
17837
14473
10021
6322
3777
1055
-3184
-7519
-10119
-10969
-11688
-13290
-14592
-14547
-13679
-13096
-13039
-13046
-12661
-12368
-12649
-12811
-12440
-11652
-11247
-11397
-10846
-9044
-6908
-5476
-4717
-3659
-1867
-354
104
-241
-912
-1500
-2496
-4197
-6010
-7628
-9129
-10771
-12438
-13059
-12816
-12732
-12816
-12551
-11272
-9396
-7835
-6903
-6078
-4767
-3248
-2078
-1311
-678
450
1697
2836
4031
5542
7464
9174
10743
12588
14767
16810
18429
19579
20895
22285
23517
24333
24935
25848
27229
27698
25257
22256
19198
17146
14523
8087
940
-5392
-9503
-12406
-17217
-22297
-24736
-24806
-23797
-23418
-22535
-19305
-15915
-13630
-11912
-9539
-5729
-2997
-2655
-2614
-1126
2228
4849
5537
6254
8743
12863
15704
17271
18830
20889
22645
22354
21099
20027
18701
16035
11569
6999
3663
1075
-2567
-7188
-10725
-12266
-12721
-13742
-15187
-15601
-14846
-13962
-13623
-13597
-13276
-12953
-13429
-14131
-14323
-13870
-13343
-13631
-13649
-12189
-9743
-7499
-6158
-4913
-2931
-721
545
707
156
-574
-1578
-3351
-5579
-7641
-9528
-11415
-13367
-14518
-14450
-13907
-13646
-13311
-12181
-10153
-8176
-7018
-6310
-5529
-4428
-3584
-3203
-3098
-2668
-1910
-1224
-400
849
2760
4564
6184
7949
10132
12592
14452
15603
16755
18103
19610
20519
20833
21313
22492
23661
22050
19200
16409
14436
13143
8275
1716
-4038
-7965
-10349
-14305
-19450
-22412
-22874
-22500
-22511
-22717
-20482
-17329
-15413
-14165
-12345
-8859
-5524
-4609
-4497
-3132
74
3212
4185
4829
6948
10747
13744
15274
16800
18813
20917
21260
20321
19678
19098
17411
13884
9806
6863
4729
1796
-2423
-6074
-7879
-8623
-9715
-11400
-12242
-11889
-11300
-11147
-11514
-11477
-11085
-11499
-12105
-12452
-12182
-11438
-11547
-11562
-10349
-8193
-5859
-4351
-3232
-1310
831
2253
2611
2224
1951
1287
-95
-1938
-3763
-5128
-6645
-8292
-9438
-9553
-9007
-8774
-8639
-7891
-6337
-4634
-3648
-3126
-2455
-1542
-697
-375
-216
244
1021
1898
2685
4021
5870
7849
9620
11239
13422
15742
17538
18804
19720
20838
22008
22645
22983
23493
24210
25334
24349
21793
19576
17343
15908
12106
6209
910
-3580
-6425
-9864
-14594
-18181
-19836
-20120
-19861
-19561
-18090
-15887
-13920
-11984
-9482
-6311
-3608
-2373
-1512
-67
2331
4803
5962
6803
8159
10834
13522
15295
16916
18307
19757
20433
20279
20024
19161
17282
14331
11023
8163
5425
2342
-1561
-5092
-7428
-8881
-10069
-11471
-12428
-12601
-12272
-11801
-11669
-11561
-11409
-11729
-11899
-12031
-12006
-11754
-11772
-11704
-10840
-9287
-7464
-6032
-4861
-3206
-1546
-131
460
321
-49
-952
-2182
-3768
-5677
-7532
-9444
-11115
-12437
-13111
-13203
-13316
-13215
-12657
-11498
-10000
-8909
-8075
-7336
-6614
-5931
-5684
-5762
-6018
-6188
-6075
-5883
-5339
-4361
-3142
-1474
636
3263
6363
9353
12171
14746
16981
19144
20611
21606
22255
22990
23487
22359
19881
17060
14628
12129
7926
2218
-3304
-7549
-10725
-14329
-18496
-21383
-22483
-22536
-22594
-22372
-20749
-18307
-16394
-14990
-13049
-10126
-7381
-5890
-5155
-3719
-1121
1337
2707
3632
5387
8068
10338
11680
12792
14044
15038
14838
13738
12641
11485
9541
6469
3109
456
-1666
-4230
-7456
-10347
-12091
-13040
-14094
-15373
-16101
-15987
-15610
-15648
-15935
-15849
-15607
-15716
-16253
-16653
-16296
-15644
-15268
-14902
-13943
-11999
-9845
-8179
-6727
-4883
-2884
-1389
-803
-602
-449
-717
-1596
-2937
-4171
-5055
-5931
-6976
-7732
-7746
-7127
-6464
-5902
-5035
-3559
-1864
-624
220
1053
1993
2784
3142
3497
4079
4937
5931
6851
8210
10155
12339
14461
16495
18683
21023
23096
24417
25504
26580
27529
28133
28281
28575
27900
25687
22865
19971
17725
14691
9632
3985
-762
-3893
-6552
-10429
-14285
-16245
-16546
-16475
-16815
-16456
-14683
-12958
-11812
-10678
-8688
-6031
-4320
-3649
-2766
-539
2395
4449
5604
7110
9903
12993
15052
16399
17797
19331
20085
19611
18756
17850
16418
13840
10487
7535
5214
2714
-490
-3796
-6063
-7316
-8465
-9981
-11275
-11863
-11893
-12165
-12924
-13455
-13559
-13747
-14405
-15087
-14980
-14331
-13807
-13545
-12736
-10935
-8650
-6860
-5569
-4051
-2179
-618
-132
-331
-533
-1016
-1982
-3630
-5300
-6543
-7817
-9115
-10205
-10725
-10477
-10103
-9759
-9202
-8110
-6548
-5277
-4464
-3747
-2650
-1622
-966
-460
189
1217
2326
3501
5020
7044
9326
11660
13905
16232
18792
21065
22868
24066
25099
26092
26675
26906
27000
27108
26047
23547
20591
17953
15823
12390
7067
1411
-3105
-6130
-9343
-13907
-17940
-20214
-21219
-22149
-23330
-23379
-22237
-21150
-20301
-18904
-16286
-13301
-11420
-10263
-8491
-5438
-2143
-82
1192
3170
6336
9282
11161
12545
14218
15827
16389
15923
15335
14669
13215
10588
7395
4753
2631
164
-3180
-6355
-8315
-9383
-10573
-12230
-13353
-13609
-13493
-13647
-14186
-14421
-14332
-14421
-14783
-15079
-14710
-13867
-13309
-12866
-11574
-9468
-7170
-5367
-3941
-2199
-182
1269
1798
1624
1425
1047
21
-1492
-3011
-4172
-5426
-6655
-7595
-7761
-7461
-7166
-6800
-6175
-4868
-3387
-2253
-1575
-848
226
1252
1770
2165
2821
3864
5052
6288
7891
9889
12040
14158
16337
18622
20971
22909
24260
25345
26405
27318
27850
27740
28000
28090
26852
24635
21787
19602
17555
13877
8923
3905
146
-2550
-5898
-9983
-13013
-14289
-14598
-15061
-15390
-14392
-12597
-11158
-10109
-8573
-5999
-3678
-2424
-1696
-219
2411
4778
6149
7122
8998
11795
13996
15350
16473
17908
19076
19091
18430
17655
16706
14935
12071
8975
6447
4251
1522
-1721
-4567
-6203
-7254
-8531
-9916
-10711
-10862
-10757
-10932
-11333
-11392
-11375
-11660
-12063
-12378
-12120
-11648
-11528
-11090
-10001
-8154
-6319
-4971
-3553
-1819
-83
1113
1461
1319
1090
447
-745
-2433
-3988
-5331
-6754
-8175
-9141
-9436
-9256
-9058
-8777
-7973
-6675
-5196
-4142
-3237
-2312
-1234
-289
322
793
1504
2457
3389
4516
6001
7885
9904
11927
13979
16235
18541
20448
21860
22968
23949
24791
25249
25332
25517
25261
24065
21742
19175
17159
14861
11402
6856
2311
-1006
-3604
-6686
-10011
-12684
-13913
-14228
-14651
-14674
-13827
-12488
-11272
-10235
-8739
-6519
-4597
-3397
-2545
-957
1435
3583
5034
6295
8277
10756
12930
14489
15825
17223
18238
18428
18052
17480
16582
14909
12441
9868
7642
5496
2918
62
-2369
-3996
-5171
-6522
-7822
-8706
-9078
-9245
-9510
-9860
-10138
-10363
-10763
-11073
-11275
-11231
-10880
-10648
-10024
-8816
-7202
-5474
-4051
-2548
-903
541
1438
1672
1448
991
173
-1163
-2719
-4277
-5691
-7011
-8198
-8764
-8900
-8722
-8360
-7765
-6723
-5449
-4142
-2994
-2063
-1185
-317
450
1003
1564
2283
3190
4308
5547
7237
9118
11039
13099
15196
17321
19216
20747
21949
22799
23357
23763
23815
23889
23797
22804
21230
18771
16608
14697
11835
8080
3596
-190
-3155
-6128
-9479
-12619
-14786
-15764
-16434
-16887
-16557
-15745
-14622
-13678
-12578
-10694
-8692
-7297
-6298
-4980
-2811
-479
1360
2858
4624
7134
9490
11428
12926
14397
15747
16263
16269
15897
15277
14087
11998
9557
7322
5284
2946
227
-2348
-4296
-5706
-6985
-8362
-9448
-10085
-10355
-10755
-11506
-11905
-12200
-12565
-13123
-13601
-13437
-12962
-12433
-11773
-10562
-8674
-6478
-4529
-2767
-1001
956
2391
2905
2916
2724
2145
975
-623
-2101
-3389
-4655
-5763
-6545
-6670
-6382
-5819
-5165
-4362
-3092
-1642
-482
272
932
1814
2489
2908
3252
3811
4623
5563
6752
8285
10201
12329
14531
16635
18851
20946
22700
23977
24754
25473
25898
25940
25757
25546
24704
23294
21091
18587
16607
13821
10542
6424
2226
-962
-4059
-7261
-10468
-13050
-14690
-15660
-16438
-16618
-16074
-15212
-14321
-13243
-11627
-9623
-7943
-6546
-5247
-3424
-1159
707
2280
3692
5670
7839
9579
11039
12257
13476
14232
14433
14171
13641
12754
11165
9010
6817
4731
2608
162
-2396
-4562
-6159
-7462
-8768
-9848
-10625
-11044
-11241
-11741
-12249
-12506
-12725
-13040
-13601
-13754
-13357
-12823
-12144
-11276
-9820
-7812
-5749
-3951
-2262
-503
1051
1960
2118
1995
1544
651
-700
-2138
-3394
-4561
-5552
-6352
-6696
-6511
-5991
-5336
-4662
-3837
-2685
-1557
-790
-412
-10
375
588
690
795
1210
1779
2663
3793
5160
6731
8230
9539
10745
11938
12963
13781
14063
14180
14299
14339
14381
14399
14475
13819
12788
11286
9660
8426
6248
3714
510
-2531
-4681
-6978
-9373
-11731
-13535
-14514
-14989
-15151
-14590
-13664
-12507
-11099
-9518
-7426
-5276
-3610
-2074
-644
1217
3210
4795
6204
7436
9187
10917
12382
13748
14778
15736
16206
16317
16063
15358
14273
12462
10388
8229
6029
3694
1054
-1434
-3609
-5289
-6780
-8220
-9314
-10074
-10564
-11199
-11881
-12441
-12898
-13391
-14070
-14439
-14430
-14027
-13469
-12702
-11402
-9652
-7691
-5915
-4323
-2691
-1203
-250
68
53
-217
-927
-1978
-3218
-4246
-5108
-5821
-6360
-6558
-6298
-5710
-4982
-4399
-3659
-2723
-1791
-1150
-734
-289
217
755
1275
1955
2935
4197
5710
7492
9413
11558
13658
15591
17286
18866
20287
21240
21802
21957
21886
21534
20924
20285
19728
18803
17449
15767
13760
12171
10133
7488
4441
1044
-1688
-4345
-7150
-9684
-11935
-13619
-14502
-15024
-14770
-14074
-13178
-11882
-10451
-8734
-6786
-5177
-3769
-2501
-1140
593
2043
3354
4626
6037
7665
9258
10678
11825
12851
13605
13990
13949
13498
12707
11311
9442
7317
5165
3006
647
-1757
-3926
-5652
-6961
-8056
-9041
-9777
-10103
-10463
-10960
-11374
-11740
-12062
-12584
-13080
-13198
-12936
-12337
-11633
-10676
-9138
-7237
-5370
-3587
-2005
-494
713
1242
1291
916
227
-703
-1986
-3288
-4408
-5316
-5897
-6335
-6356
-5882
-5129
-4374
-3602
-2630
-1584
-678
-25
425
811
1209
1456
1797
2151
2695
3489
4481
5755
7281
9179
11088
12846
14560
16136
17616
18585
19166
19429
19470
19444
19275
19094
19027
18474
17465
16343
14691
13377
11443
8652
5771
2408
-474
-3257
-6290
-8921
-11101
-12707
-13519
-13970
-13768
-12928
-11998
-10656
-9202
-7605
-5770
-4309
-3173
-2091
-908
390
1429
2293
3295
4502
5885
7205
8498
9676
10774
11548
11949
12083
11728
10947
9612
7826
5882
3903
1775
-542
-2751
-4637
-6143
-7344
-8345
-9177
-9662
-10137
-10882
-11495
-12067
-12638
-13251
-14163
-14637
-14678
-14315
-13610
-12787
-11432
-9469
-7246
-5110
-3115
-1289
327
1290
1802
1836
1353
524
-751
-2089
-3322
-4497
-5482
-6292
-6761
-6674
-6147
-5419
-4689
-3797
-2714
-1671
-912
-391
11
232
354
507
787
1216
1909
2775
3952
5519
7296
9186
10934
12629
14277
15682
16839
17522
17816
17854
17661
17393
17220
16927
16863
16352
15512
14673
13309
12169
10149
7428
4718
1495
-1414
-4519
-7673
-10166
-12351
-13996
-14866
-15162
-14641
-13658
-12658
-11056
-9252
-7430
-5605
-4262
-2928
-1692
-580
504
1289
2152
3141
4186
5309
6508
7798
8904
9829
10452
10769
10841
10290
9281
7708
5927
4053
1868
-336
-2497
-4437
-6022
-7292
-8237
-8806
-9179
-9366
-9613
-9937
-10072
-10450
-10899
-11525
-12268
-12560
-12811
-12739
-12384
-11833
-10614
-9230
-7668
-5994
-4478
-3005
-1891
-1330
-1010
-1107
-1754
-2700
-3974
-5102
-6092
-7054
-7706
-8150
-8103
-7674
-7008
-6227
-5425
-4449
-3517
-2768
-2138
-1655
-1327
-1226
-1084
-975
-653
-131
449
1281
2332
3781
5353
6880
8496
10147
11681
13044
14151
14975
15560
15835
15913
15858
15777
15812
15868
16045
15648
15051
14387
13248
11972
9660
7058
4396
1322
-1648
-4783
-7529
-9543
-11314
-12785
-13695
-13928
-13462
-12969
-12500
-11413
-9936
-8555
-7443
-6627
-5519
-4449
-3613
-2900
-2092
-794
544
1976
3398
5136
7092
8677
9889
10647
11204
11418
10882
9793
8296
6671
4814
2647
460
-1595
-3332
-4919
-6312
-7418
-8054
-8371
-8817
-9504
-10166
-10650
-11170
-11861
-12885
-13823
-14201
-14352
-14045
-13582
-12656
-11124
-9347
-7379
-5432
-3476
-1760
-554
74
504
545
63
-946
-2164
-3120
-3871
-4500
-5030
-5298
-5125
-4554
-3816
-3092
-2328
-1513
-782
-245
150
516
716
734
752
823
1200
1778
2341
3251
4550
6179
7917
9618
11295
12914
14377
15578
16383
16884
17148
17075
16858
16601
16383
16320
16195
16251
16060
15498
14848
13692
12390
10633
8380
5984
3253
559
-2102
-4734
-6872
-8547
-9802
-10451
-10532
-9993
-9009
-7985
-6715
-5310
-4031
-2900
-2159
-1561
-1053
-788
-433
-130
254
946
1727
2790
3961
5304
6595
7711
8550
9043
9253
8916
8039
6786
5172
3416
1439
-615
-2528
-4244
-5610
-6724
-7547
-8015
-8183
-8321
-8763
-9105
-9276
-9488
-9874
-10626
-11288
-11628
-11650
-11339
-11105
-10482
-9235
-7847
-6305
-4779
-3301
-1899
-1065
-661
-303
-396
-945
-1867
-3011
-3885
-4644
-5233
-5702
-6074
-5912
-5325
-4689
-4128
-3533
-2779
-2111
-1542
-1079
-571
-333
-288
-81
169
662
1277
1915
2782
3860
5268
6833
8258
9689
11015
12180
13116
13812
14287
14504
14328
14113
13727
13166
12752
12206
11948
11895
11391
10910
10180
9258
8355
6782
4708
2439
239
-2143
-4642
-6924
-8703
-9847
-10903
-11358
-11154
-10332
-9182
-8142
-6895
-5506
-4179
-3073
-2380
-1930
-1340
-898
-735
-423
17
710
1522
2253
3358
4579
5758
6783
7553
8193
8512
8414
7841
6670
5286
3666
1798
-174
-2127
-3769
-5233
-6391
-7164
-7594
-7846
-8176
-8478
-8624
-8591
-8745
-9144
-9701
-10033
-10059
-10039
-9802
-9526
-8805
-7803
-6765
-5564
-4405
-3323
-2534
-2091
-1811
-1716
-1982
-2615
-3374
-4113
-4639
-5027
-5347
-5443
-5311
-4744
-4055
-3396
-2646
-1929
-1201
-556
112
849
1462
1924
2374
2882
3450
4114
4696
5328
6141
6860
7392
7543
7424
7314
7278
7199
7153
6919
6556
6015
5376
4985
4745
4859
5147
5742
6811
8282
10152
11729
12730
13340
13391
13016
11713
9492
6967
4113
1252
-1537
-4362
-6688
-8447
-9735
-10287
-10377
-9853
-9029
-8370
-7379
-6243
-5100
-4296
-3812
-3404
-3008
-2621
-2216
-1816
-1355
-724
122
1148
2267
3393
4424
5302
5939
6338
6451
6114
5410
4350
3047
1887
678
-530
-1653
-2777
-3579
-4108
-4643
-5055
-5527
-6068
-6451
-6925
-7287
-7761
-8375
-8840
-9169
-9249
-9065
-8775
-8206
-7575
-6689
-5453
-4360
-3443
-2598
-1820
-1217
-840
-699
-711
-946
-1280
-1447
-1533
-1520
-1432
-1240
-918
-379
316
946
1468
1930
2337
2729
2885
2708
2181
1454
545
-445
-1362
-2137
-2547
-2618
-2244
-1458
-489
712
1905
2999
4075
4881
5497
5870
6030
6015
5947
5906
5856
5786
5740
5796
6019
6393
6768
6964
6860
6791
6584
6226
5362
4005
2714
1310
98
-1106
-2206
-2570
-2556
-2271
-1782
-1310
-819
-621
-1064
-1525
-1904
-2269
-2558
-2985
-3277
-3188
-2958
-2554
-2123
-1586
-707
97
1033
1936
2713
3448
3886
4060
4148
4057
3699
3015
2219
1468
666
-102
-858
-1496
-1970
-2222
-2416
-2659
-2754
-2804
-2912
-3091
-3268
-3453
-3765
-4041
-4282
-4356
-4362
-4239
-4105
-3902
-3480
-2988
-2436
-1838
-1137
-170
801
1592
2290
2709
2794
2649
2499
2177
1731
1279
781
385
96
55
69
18
115
318
516
520
411
133
-423
-1366
-2574
-3898
-5047
-5638
-5522
-4655
-3250
-1507
264
1887
3243
4331
5060
5426
5414
5298
4984
4512
3997
3377
2850
2342
1986
1762
1665
1719
2014
1998
1760
1682
1498
1178
319
-792
-1720
-2690
-3579
-4470
-5321
-5729
-5852
-5805
-5562
-5095
-4321
-3595
-3194
-2709
-2094
-1695
-1608
-1733
-1807
-1828
-1857
-1832
-1730
-1374
-932
-355
362
1063
1903
2524
2938
3245
3498
3617
3406
3009
2593
2241
1898
1365
789
272
-113
-384
-834
-1197
-1517
-1638
-1516
-1451
-1167
-734
-359
28
473
1155
2254
3534
4676
5040
4651
3724
2190
541
-909
-1939
-2573
-3099
-3557
-3826
-4124
-4380
-4535
-4456
-4056
-3540
-2950
-2449
-1974
-1680
-1526
-1630
-1970
-2295
-2625
-2940
-3277
-3526
-3625
-3734
-3831
-3684
-3335
-2730
-2086
-1372
-557
206
907
1444
1794
1976
2079
1940
1575
1069
587
158
-293
-636
-869
-958
-941
-787
-520
-240
157
462
457
280
-14
-444
-1035
-2012
-2931
-3788
-4595
-5183
-5758
-6024
-6085
-6007
-5857
-5487
-4994
-4666
-4482
-4402
-4169
-4030
-4108
-4201
-4246
-4034
-3689
-3290
-2638
-1801
-842
126
1109
2019
2835
3420
3803
4252
4577
5023
5344
5718
6189
6444
6919
7194
7425
7682
7747
7799
7743
7556
7190
6558
5600
4546
3570
2900
2643
2896
3573
4153
4470
4674
4724
4795
4870
5038
5316
5960
7066
8373
9111
8751
7473
5410
2866
403
-1735
-3524
-4863
-5947
-6738
-7231
-7501
-7600
-7762
-8152
-8801
-9693
-10624
-11577
-12379
-12897
-13091
-13064
-12784
-12089
-11109
-9963
-8621
-7317
-6066
-4894
-4032
-3422
-3120
-3072
-3198
-3436
-3834
-4168
-4451
-4635
-4599
-4360
-4012
-3638
-3111
-2569
-2066
-1668
-1438
-1274
-1370
-1642
-1893
-2188
-2399
-2678
-2896
-2902
-2727
-2403
-2027
-1608
-1226
-830
-570
-521
-561
-789
-1076
-1295
-1399
-1366
-1186
-879
-337
381
1233
2272
3380
4481
5657
6621
7282
7461
7022
6100
4742
3291
1935
930
296
-2
127
666
1444
2345
3315
4075
4703
5075
5173
5033
4757
4402
4013
3556
3051
2533
2063
1821
1844
2129
2715
3402
3950
4330
4462
4497
4359
4030
3669
3410
3124
2792
2252
1465
595
-368
-1346
-2190
-2763
-2977
-2990
-3012
-3206
-3612
-4240
-5033
-6019
-6879
-7583
-7964
-7963
-7730
-7349
-6909
-6395
-5817
-5158
-4529
-4027
-3880
-4153
-4777
-5437
-5962
-6296
-6438
-6368
-6117
-5805
-5328
-4829
-4358
-3792
-3236
-2769
-2391
-2042
-1697
-1508
-1279
-1093
-891
-680
-362
-42
313
694
1100
1582
2012
2404
2648
2908
3135
3248
3422
3515
3642
3841
3940
4288
4565
4856
5166
5584
6069
6432
6729
6794
6583
6090
5371
4585
4027
3930
3972
4071
4254
4432
4657
4845
5144
5572
6006
6357
6394
6054
5158
3689
1642
-724
-2955
-4472
-5163
-5294
-5205
-5360
-6028
-7291
-8944
-10076
-10038
-8906
-7087
-5421
-4089
-3076
-2503
-2587
-3206
-4042
-4952
-5907
-6916
-7989
-9304
-10765
-12374
-13896
-15237
-16079
-16430
-16340
-15934
-15428
-14717
-13943
-13140
-12365
-11539
-10655
-9788
-8954
-8213
-7476
-6850
-6252
-5649
-5071
-4595
-4145
-3804
-3571
-3371
-3277
-3296
-3452
-3611
-3817
-3992
-4149
-4198
-4219
-4180
-4042
-3875
-3610
-3436
-3170
-2921
-2721
-2500
-2288
-2072
-1913
-1712
-1461
-1174
-922
-695
-457
-190
150
442
675
873
1026
1196
1308
1213
1169
1144
982
840
635
406
21
-449
-898
-1386
-1735
-1813
-1752
-1467
-743
282
1508
2734
4030
5298
6354
7220
7762
8116
8195
8022
7643
7072
6470
5915
5413
5067
5030
5338
5927
6543
6810
6645
5939
4775
3338
1792
205
-1653
-4003
-6847
-9727
-11723
-12384
-11881
-10652
-9193
-7648
-6223
-5025
-4138
-3498
-3148
-3137
-3358
-3783
-4318
-4902
-5555
-6087
-6359
-6376
-5907
-5022
-3755
-2251
-761
539
1415
1695
1341
315
-1183
-2838
-4340
-5474
-6224
-6519
-6541
-6379
-6111
-5775
-5525
-5161
-4729
-4278
-3741
-3178
-2713
-2292
-1953
-1629
-1265
-975
-756
-492
-326
-202
-31
153
389
581
778
949
1211
1573
1952
2381
2898
3484
4110
4689
5217
5597
5803
5843
5699
5345
4890
4417
3838
3421
3062
2888
2863
2928
3119
3398
3694
3932
4128
4205
4184
4139
4080
3876
3640
3456
3280
3133
3086
3050
3182
3487
3758
4297
4917
5256
5488
5387
5049
4654
4184
3802
3349
3010
2714
2454
2295
2142
2071
2042
2102
2138
2139
2089
1886
1602
1231
832
372
-112
-690
-1238
-1781
-2221
-2526
-2722
-2718
-2551
-2235
-1789
-1215
-822
-520
-432
-459
-616
-899
-1258
-1686
-2102
-2610
-3014
-3359
-3619
-3722
-3676
-3448
-3016
-2436
-1712
-987
-182
505
956
1091
819
159
-785
-1753
-2630
-3127
-3412
-3401
-3219
-2891
-2536
-2235
-1960
-1759
-1586
-1420
-1172
-945
-713
-406
-84
225
492
726
884
959
1032
942
810
639
442
374
426
682
1138
1922
2869
3959
5191
6501
7808
8902
9624
9681
9109
7875
6432
5146
4291
4145
4733
5739
6831
7682
8178
8312
8080
7563
6929
6391
5952
5671
5633
5811
6165
6643
7259
7909
8357
8470
8271
7690
6542
4807
2403
-278
-2570
-4090
-4694
-4766
-4705
-4681
-4701
-4826
-4909
-4780
-4640
-4538
-4472
-4473
-4434
-4414
-4296
-4056
-3650
-3000
-2164
-1143
-116
514
458
-380
-1634
-3018
-4267
-5248
-6032
-6597
-7000
-7350
-7565
-7666
-7683
-7514
-7298
-7024
-6638
-6260
-5858
-5478
-5118
-4709
-4380
-3994
-3677
-3339
-2998
-2729
-2403
-1999
-1594
-1295
-1022
-844
-770
-799
-918
-1176
-1425
-1702
-1949
-2175
-2290
-2244
-2138
-1842
-1383
-815
-125
560
1231
1910
2470
3062
3556
3923
4243
4427
4536
4542
4529
4432
4378
4253
4080
3993
3822
3744
3628
3541
3481
3483
3528
3605
3744
3937
4190
4453
4706
4839
4883
4708
4439
4096
3732
3348
2844
2203
1522
739
-50
-688
-1256
-1475
-1489
-1261
-771
-309
350
1143
1925
2633
3141
3435
3551
3415
3060
2536
1928
1331
768
266
-113
-340
-487
-467
-416
-380
-472
-730
-1047
-1370
-1659
-2012
-2449
-2876
-3353
-3955
-4516
-5141
-5800
-6360
-6933
-7374
-7681
-7855
-7810
-7589
-7290
-6992
-6727
-6503
-6260
-6002
-5691
-5347
-4917
-4387
-3892
-3398
-2984
-2598
-2277
-2012
-1793
-1590
-1418
-1187
-951
-826
-652
-567
-572
-627
-879
-1287
-1916
-2772
-3885
-5047
-6013
-6678
-6875
-6626
-6133
-5512
-4928
-4404
-4036
-3873
-3960
-4297
-4728
-5263
-5830
-6305
-6557
-6479
-5998
-5248
-4347
-3411
-2573
-1907
-1448
-1192
-1192
-1611
-2172
-2499
-2316
-1776
-953
-162
493
970
1220
1189
798
229
-553
-976
-812
-7
1245
2640
4072
5364
6494
7374
8089
8497
8655
8603
8304
7857
7245
6568
5870
5059
4219
3410
2530
1627
805
7
-799
-1585
-2321
-3020
-3730
-4305
-4924
-5496
-5968
-6371
-6613
-6808
-6879
-6759
-6591
-6332
-5973
-5544
-5019
-4506
-3880
-3277
-2620
-1875
-1185
-455
204
809
1344
1821
2202
2453
2601
2682
2654
2521
2383
2160
1946
1675
1423
1149
888
639
323
72
-202
-429
-638
-779
-860
-1007
-1038
-1030
-975
-896
-780
-630
-491
-310
-170
28
166
361
509
715
938
1207
1533
1836
2123
2453
2839
3160
3558
3849
4101
4374
4554
4788
4962
5095
5245
5372
5505
5614
5630
5706
5734
5741
5692
5585
5520
5356
5225
5088
4909
4723
4586
4454
4241
4081
3843
3638
3325
2996
2674
2336
1951
1586
1264
949
710
460
335
118
24
-121
-295
-429
-611
-775
-958
-1092
-1153
-1260
-1300
-1275
-1194
-1088
-949
-809
-644
-492
-350
-195
-51
105
241
402
534
776
957
1212
1422
1599
1841
1956
2027
2048
2096
2034
1945
1879
1881
1823
1906
1991
1996
2064
2090
2097
2081
2047
1888
1763
1547
1358
1153
954
765
545
376
238
214
213
216
317
521
796
1137
1489
1950
2307
2626
2896
3190
3436
3646
3854
4049
4191
4326
4404
4411
4347
4234
4170
3978
3768
3528
3253
2997
2689
2352
2087
1833
1589
1350
1173
988
785
561
333
45
-199
-342
-503
-496
-375
-142
118
408
820
1217
1632
2169
2665
3233
3778
4313
4860
5279
5591
5799
5810
5698
5404
4995
4413
3716
3013
2313
1693
1073
624
177
-126
-370
-603
-760
-919
-1072
-1162
-1214
-1270
-1311
-1332
-1364
-1369
-1328
-1237
-1257
-1243
-1198
-1236
-1217
-1229
-1301
-1371
-1428
-1466
-1486
-1531
-1581
-1634
-1636
-1697
-1731
-1725
-1811
-1904
-1962
-2041
-2109
-2139
-2175
-2171
-2138
-1990
-1859
-1661
-1415
-1238
-972
-772
-514
-345
-169
-38
41
129
195
180
192
180
81
13
-59
-143
-317
-430
-547
-699
-813
-927
-1069
-1194
-1314
-1485
-1668
-1840
-1974
-2211
-2468
-2748
-3022
-3338
-3702
-4013
-4291
-4465
-4508
-4517
-4398
-4122
-3761
-3326
-2858
-2414
-2055
-1816
-1630
-1469
-1402
-1381
-1410
-1485
-1613
-1776
-1972
-2254
-2642
-3077
-3565
-4108
-4685
-5302
-5914
-6490
-7061
-7583
-7982
-8272
-8510
-8601
-8625
-8595
-8432
-8294
-8086
-7927
-7763
-7564
-7473
-7352
-7237
-7120
-6991
-6921
-6811
-6676
-6596
-6454
-6343
-6264
-6147
-6031
-5920
-5829
-5671
-5481
-5219
-4929
-4566
-4122
-3649
-3157
-2666
-2170
-1683
-1208
-755
-343
10
322
570
697
788
789
817
856
973
1116
1224
1282
1162
1007
729
438
145
-129
-405
-595
-651
-600
-316
-12
176
232
136
-8
-183
-414
-667
-857
-1106
-1319
-1511
-1654
-1710
-1786
-1830
-1887
-1922
-2025
-2110
-2184
-2346
-2429
-2502
-2506
-2516
-2565
-2507
-2452
-2417
-2371
-2260
-2178
-2093
-2042
-1871
-1756
-1645
-1440
-1298
-1176
-1033
-877
-682
-593
-499
-304
-198
-80
43
130
270
403
530
674
812
913
1054
1119
1143
1194
1129
1029
933
727
418
-23
-501
-944
-1217
-1242
-1119
-791
-415
70
549
973
1283
1459
1457
1240
829
202
-458
-1137
-1725
-2160
-2250
-1988
-1459
-669
111
895
1533
2041
2442
2748
2997
3224
3395
3473
3534
3513
3490
3407
3232
3069
2877
2591
2257
1986
1693
1364
1080
849
591
354
226
22
-38
-111
-199
-257
-353
-385
-471
-511
-617
-659
-787
-904
-1025
-1132
-1235
-1360
-1496
-1600
-1661
-1745
-1798
-1877
-1837
-1839
-1845
-1794
-1777
-1680
-1583
-1485
-1436
-1390
-1328
-1234
-1161
-1140
-1029
-1009
-923
-863
-725
-591
-519
-427
-317
-206
-141
-115
-67
17
38
91
155
196
359
532
718
947
1200
1478
1704
1942
2180
2376
2557
2694
2757
2855
2933
2992
3017
3021
3024
2997
2949
2888
2871
2798
2652
2598
2536
2436
2467
2464
2443
2477
2489
2519
2546
2611
2580
2599
2622
2574
2483
2450
2341
2210
2177
2065
2042
1964
1893
1851
1742
1691
1589
1503
1336
1254
1152
1087
1093
1038
1061
1082
1140
1196
1203
1219
1219
1217
1185
1060
1009
870
707
575
401
203
12
-164
-376
-648
-861
-1107
-1393
-1627
-1856
-2016
-2180
-2319
-2370
-2372
-2364
-2303
-2194
-2043
-1960
-1872
-1834
-1798
-1841
-1900
-1983
-2144
-2236
-2396
-2526
-2693
-2886
-3055
-3267
-3482
-3703
-3881
-4083
-4249
-4395
-4449
-4446
-4522
-4517
-4456
-4442
-4387
-4284
-4160
-4039
-3947
-3808
-3671
-3510
-3357
-3136
-2923
-2700
-2472
-2243
-2004
-1752
-1559
-1341
-1150
-980
-835
-613
-379
-205
35
280
502
720
1012
1255
1488
1716
1936
2140
2363
2533
2748
2910
3125
3336
3424
3587
3742
3862
3940
4000
4051
4110
4125
4078
4109
4100
4114
4091
4068
4052
3996
4014
3946
3827
3720
3613
3566
3476
3360
3226
3122
3040
2933
2818
2709
2628
2474
2379
2317
2168
2009
1910
1798
1721
1608
1508
1424
1340
1337
1288
1259
1247
1309
1355
1468
1608
1740
1944
2150
2380
2584
2782
2963
3111
3291
3469
3601
3721
3788
3834
3868
3890
3957
3928
3931
3913
3847
3737
3673
3598
3492
3386
3253
3131
3001
2908
2736
2628
2504
2349
2280
2187
2041
1939
1853
1737
1715
1607
1548
1467
1390
1305
1192
1094
983
967
875
828
706
664
591
541
457
443
423
427
396
355
342
319
296
283
256
254
212
210
248
224
237
204
230
253
324
361
410
466
493
529
534
602
636
675
759
825
852
903
1000
1041
1111
1200
1253
1330
1373
1385
1394
1465
1457
1434
1447
1369
1372
1374
1329
1256
1227
1207
1187
1156
1114
1119
1097
1145
1132
1179
1168
1236
1234
1241
1250
1242
1227
1213
1243
1192
1224
1205
1162
1132
1105
1053
1026
954
869
751
617
450
311
178
70
-72
-217
-336
-599
-748
-910
-1107
-1260
-1439
-1560
-1747
-1882
-2000
-2116
-2258
-2378
-2474
-2567
-2662
-2732
-2749
-2796
-2843
-2887
-2805
-2730
-2655
-2554
-2398
-2199
-2072
-1834
-1588
-1332
-1100
-874
-640
-421
-195
38
256
397
625
799
893
1042
1126
1235
1311
1339
1328
1373
1360
1344
1327
1291
1235
1169
1102
1023
930
834
837
729
657
575
504
478
405
305
304
291
200
163
115
91
71
80
91
96
70
40
57
26
-28
-96
-142
-206
-215
-255
-304
-403
-472
-558
-611
-652
-755
-777
-933
-991
-1119
-1204
-1318
-1443
-1556
-1675
-1789
-1906
-2074
-2280
-2473
-2760
-3008
-3306
-3582
-3950
-4262
-4594
-4858
-5096
-5360
-5599
-5783
-5944
-6148
-6213
-6256
-6304
-6247
-6185
-6103
-6046
-5883
-5628
-5449
-5212
-5024
-4790
-4558
-4289
-4054
-3837
-3549
-3368
-3150
-2937
-2739
-2486
-2335
-2118
-1923
-1773
-1623
-1463
-1279
-1107
-899
-762
-611
-441
-278
-116
48
208
371
478
658
824
911
1084
1222
1397
1510
1673
1800
1953
2108
2217
2373
2512
2589
2731
2866
2960
3076
3210
3357
3466
3551
3645
3784
3874
4006
4076
4143
4235
4318
4452
4524
4615
4703
4782
4843
4886
4967
5000
5050
5084
5123
5172
5226
5284
5308
5363
5382
5405
5431
5463
5474
5477
5504
5476
5459
5438
5409
5441
5403
5401
5397
5337
5329
5302
5252
5222
5156
5120
5083
5020
4972
4914
4861
4820
4810
4764
4714
4660
4612
4588
4566
4546
4511
4507
4477
4445
4441
4409
4432
4386
4336
4353
4352
4357
4334
4336
4286
4307
4294
4296
4273
4267
4223
4193
4212
4202
4171
4192
4160
4144
4248
4215
4210
4230
4174
4170
4146
4186
4174
4118
4134
4114
4084
4079
4103
4055
4083
4091
4047
4058
4014
4014
3988
3942
3952
3952
3914
3897
3894
3909
3863
3831
3846
3848
3884
3878
3872
3874
3841
3819
3849
3856
3844
3814
3843
3819
3835
3815
3805
3796
3786
3801
3814
3820
3822
3814
3765
3779
3788
3766
3747
3802
3751
3780
3727
3702
3728
3728
3726
3717
3725
3736
3754
3733
3710
3698
3703
3694
3745
3739
3718
3709
3676
3629
3609
3592
3592
3622
3597
3534
3522
3471
3421
3417
3393
3355
3329
3286
3242
3247
3180
3160
3132
3070
3039
2940
2939
2884
2826
2818
2787
2730
2714
2660
2645
2599
2584
2496
2482
2444
2396
2376
2336
2379
2334
2275
2276
2234
2188
2190
2195
2149
2136
2165
2112
2130
2142
2150
2109
2118
2146
2066
2057
2088
2097
2092
2156
2126
2122
2170
2183
2214
2197
2236
2241
2264
2281
2272
2273
2302
2308
2322
2303
2301
2323
2257
2275
2273
2280
2236
2228
2234
2198
2183
2183
2196
2126
2058
2087
2063
1999
1980
1913
1804
1774
1770
1704
1670
1672
1604
1573
1514
1449
1413
1355
1343
1302
1220
1215
1175
1076
1004
1032
1008
903
866
830
824
788
734
720
680
666
663
684
625
644
636
643
630
615
614
667
615
596
618
644
664
662
650
673
694
680
731
709
761
774
822
821
852
902
904
962
985
1054
1071
1117
1125
1149
1194
1181
1242
1212
1246
1238
1214
1258
1231
1232
1286
1255
1290
1302
1308
1314
1296
1288
1288
1309
1318
1283
1288
1345
1303
1293
1286
1241
1266
1256
1233
1216
1198
1197
1179
1177
1210
1151
1137
1124
1152
1144
1129
1114
1049
1094
1063
1055
1054
1053
1054
1011
1065
1081
1075
1100
1085
1076
1093
1078
1122
1143
1142
1133
1096
1120
1139
1182
1191
1176
1173
1160
1147
1144
1161
1193
1165
1199
1175
1158
1158
1150
1148
1126
1133
1085
1073
1087
1044
1049
1032
994
978
930
954
925
881
846
841
827
787
760
695
669
665
633
608
558
554
516
514
469
458
427
403
383
393
394
392
377
390
345
306
300
282
262
253
246
199
190
203
193
162
130
108
135
92
44
39
22
0
-20
-37
-74
-81
-98
-166
-188
-202
-234
-271
-297
-323
-339
-374
-379
-382
-388
-423
-466
-501
-525
-567
-567
-628
-674
-720
-732
-765
-784
-845
-940
-963
-1043
-1086
-1159
-1242
-1334
-1417
-1516
-1629
-1697
-1813
-1927
-2028
-2154
-2251
-2325
-2417
-2480
-2561
-2661
-2705
-2716
-2770
-2779
-2795
-2826
-2831
-2840
-2799
-2841
-2799
-2776
-2767
-2755
-2758
-2746
-2731
-2737
-2708
-2720
-2724
-2670
-2672
-2664
-2655
-2619
-2643
-2645
-2623
-2637
-2651
-2660
-2596
-2585
-2578
-2556
-2550
-2537
-2518
-2474
-2455
-2500
-2428
-2373
-2366
-2295
-2267
-2218
-2203
-2183
-2083
-2080
-2028
-1985
-1915
-1916
-1877
-1828
-1823
-1726
-1715
-1704
-1671
-1645
-1612
-1558
-1504
-1435
-1474
-1418
-1389
-1340
-1306
-1311
-1244
-1186
-1153
-1165
-1158
-1113
-1057
-1048
-1029
-1044
-1013
-981
-922
-935
-923
-872
-842
-804
-830
-774
-782
-753
-753
-731
-691
-676
-648
-664
-630
-602
-582
-547
-587
-601
-549
-575
-546
-542
-542
-483
-510
-531
-552
-570
-551
-497
-538
-553
-519
-535
-503
-521
-536
-539
-522
-531
-510
-495
-518
-543
-515
-499
-525
-525
-514
-470
-454
-463
-443
-434
-404
-400
-417
-384
-379
-413
-364
-368
-371
-372
-360
-284
-292
-269
-261
-273
-251
-246
-210
-224
-229
-214
-244
-201
-150
-229
-200
-163
-139
-120
-119
-138
-127
-120
-115
-77
-116
-90
-95
-76
-73
-98
-104
-75
-34
-55
-42
-11
23
37
36
23
34
3
53
77
82
123
136
195
198
216
249
283
338
353
379
405
450
481
484
529
557
591
636
646
672
749
740
729
730
745
776
805
808
829
851
832
872
907
939
910
915
897
919
892
872
883
872
886
888
898
854
867
838
823
836
813
815
771
804
789
779
776
796
760
746
773
734
715
721
726
663
663
679
733
698
664
674
705
674
695
725
680
691
702
704
720
753
723
768
767
771
800
759
742
791
768
766
740
710
759
737
761
735
747
705
737
732
703
727
733
726
700
699
659
686
698
650
636
639
603
671
667
659
645
675
679
622
601
642
675
641
652
634
656
663
640
624
632
605
664
621
635
667
628
702
662
663
659
669
645
635
663
646
647
659
622
647
683
680
649
653
661
666
671
610
622
622
610
625
597
564
616
568
583
593
629
637
613
653
653
643
606
646
629
646
623
630
627
577
621
633
629
619
607
572
569
589
534
587
586
556
542
540
522
478
549
508
466
457
445
430
448
424
428
392
396
426
459
452
409
392
423
421
452
452
443
445
439
433
439
440
391
416
395
324
351
392
381
343
360
368
394
366
321
312
315
308
306
263
292
286
314
292
283
319
273
268
251
269
243
261
256
236
258
260
249
256
275
249
260
273
237
249
233
237
230
201
201
183
148
156
171
133
91
102
91
95
43
44
47
42
43
21
25
10
-5
-22
-18
9
11
-7
-29
-37
-35
-21
4
-45
-23
7
-35
-4
-17
-73
-38
-29
-29
-46
-31
-24
-13
-31
-32
-9
-25
-70
-73
-84
-97
-91
-106
-95
-106
-89
-75
-88
-116
-106
-115
-118
-121
-86
-97
-117
-76
-103
-90
-64
-77
-84
-58
-29
-29
-56
-101
-74
-56
-87
-82
-76
-87
-58
-54
-36
-34
-42
-23
-27
-8
-14
-8
4
-37
15
9
1
46
19
10
29
43
35
31
37
25
14
-12
-35
-13
-35
-11
-20
-49
-24
-48
-56
-48
-53
-38
-22
-37
-31
-26
-39
-104
-36
-21
-16
-1
-47
-91
-40
-42
-94
-42
-74
-116
-73
-91
-124
-79
-122
-111
-113
-121
-131
-126
-176
-189
-158
-247
-203
-221
-233
-220
-204
-212
-227
-264
-252
-235
-270
-251
-279
-276
-276
-314
-322
-308
-334
-375
-362
-331
-331
-342
-342
-380
-368
-378
-372
-343
-333
-363
-362
-339
-324
-301
-326
-357
-306
-284
-301
-277
-288
-320
-297
-306
-308
-298
-314
-272
-272
-261
-302
-293
-269
-316
-300
-309
-347
-334
-310
-290
-302
-300
-306
-303
-260
-299
-305
-290
-303
-306
-261
-270
-270
-243
-274
-246
-289
-273
-245
-251
-235
-280
-293
-285
-237
-236
-288
-259
-264
-278
-282
-285
-288
-253
-225
-256
-289
-275
-272
-261
-283
-293
-281
-312
-299
-322
-296
-318
-324
-350
-359
-341
-361
-361
-367
-371
-384
-342
-346
-374
-387
-396
-401
-375
-395
-426
-435
-425
-462
-458
-452
-486
-464
-505
-527
-513
-522
-499
-495
-477
-494
-490
-494
-510
-502
-527
-533
-550
-543
-534
-570
-580
-556
-602
-588
-615
-586
-610
-610
-593
-612
-591
-582
-574
-575
-612
-638
-651
-667
-644
-620
-621
-605
-602
-587
-598
-584
-603
-634
-620
-593
-575
-626
-648
-608
-620
-583
-561
-557
-533
-517
-515
-538
-558
-559
-556
-596
-597
-582
-572
-561
-574
-573
-556
-574
-558
-562
-550
-612
-583
-586
-602
-605
-630
-626
-621
-634
-652
-648
-633
-604
-644
-654
-627
-638
-613
-656
-684
-632
-647
-632
-647
-646
-619
-650
-651
-675
-655
-670
-674
-688
-726
-676
-704
-718
-685
-686
-676
-705
-731
-738
-726
-736
-744
-707
-747
-764
-769
-754
-784
-762
-774
-807
-781
-815
-782
-814
-806
-823
-823
-824
-827
-753
-819
-823
-837
-839
-825
-815
-807
-811
-803
-818
-800
-807
-801
-781
-796
-799
-760
-801
-789
-776
-821
-795
-802
-785
-794
-764
-780
-818
-779
-768
-769
-807
-797
-755
-816
-823
-801
-774
-795
-783
-776
-794
-777
-755
-739
-735
-728
-714
-706
-710
-741
-720
-694
-732
-737
-720
-693
-708
-700
-699
-719
-755
-688
-664
-688
-655
-665
-679
-705
-677
-702
-695
-697
-676
-638
-685
-685
-671
-658
-654
-680
-687
-666
-664
-696
-698
-677
-685
-700
-694
-717
-741
-716
-737
-721
-689
-723
-731
-748
-757
-761
-772
-787
-749
-759
-774
-747
-800
-780
-776
-803
-787
-774
-768
-786
-776
-777
-758
-758
-754
-753
-769
-748
-783
-815
-778
-723
-744
-771
-756
-754
-796
-797
-765
-765
-747
-738
-758
-800
-756
-765
-786
-789
-822
-814
-790
-770
-759
-758
-747
-745
-787
-801
-800
-796
-809
-789
-783
-789
-785
-736
-747
-778
-748
-754
-717
-708
-706
-740
-726
-734
-754
-718
-774
-736
-711
-751
-727
-734
-764
-738
-766
-764
-731
-782
-770
-771
-741
-717
-751
-757
-751
-752
-749
-750
-802
-802
-805
-796
-798
-781
-802
-762
-827
-805
-813
-835
-768
-800
-794
-826
-805
-726
-757
-800
-821
-796
-806
-830
-804
-793
-806
-772
-753
-818
-770
-764
-745
-714
-772
-757
-789
-761
-795
-826
-784
-773
-782
-755
-750
-800
-781
-791
-775
-773
-811
-764
-750
-743
-751
-784
-757
-757
-731
-763
-738
-728
-729
-711
-709
-729
-751
-740
-727
-731
-655
-674
-687
-649
-691
-681
-715
-681
-704
-687
-708
-735
-747
-752
-701
-716
-744
-754
-756
-729
-744
-742
-780
-769
-735
-759
-739
-765
-752
-760
-742
-755
-757
-733
-746
-777
-798
-765
-780
-766
-750
-754
-747
-764
-749
-737
-739
-718
-772
-765
-745
-774
-772
-757
-758
-775
-769
-774
-762
-771
-748
-806
-808
-779
-790
-765
-828
-821
-807
-807
-839
-812
-828
-817
-802
-833
-819
-814
-799
-808
-780
-790
-774
-727
-746
-758
-735
-719
-713
-736
-759
-747
-773
-767
-764
-756
-753
-773
-784
-724
-740
-718
-759
-766
-735
-740
-712
-714
-753
-738
-780
-743
-748
-747
-737
-754
-713
-736
-671
-695
-673
-728
-680
-633
-656
-586
-619
-609
-640
-630
-627
-615
-644
-722
-643
-660
-644
-620
-637
-592
-623
-632
-623
-670
-622
-581
-648
-626
-634
-612
-606
-596
-603
-619
-582
-580
-622
-629
-638
-635
-618
-596
-599
-624
-634
-612
-640
-644
-667
-640
-600
-648
-646
-653
-673
-674
-638
-641
-673
-677
-672
-678
-679
-700
-696
-708
-734
-738
-734
-740
-746
-779
-725
-708
-772
-777
-805
-773
-762
-762
-760
-780
-801
-805
-764
-787
-750
-791
-769
-730
-774
-757
-790
-763
-793
-782
-758
-768
-786
-782
-744
-725
-711
-687
-684
-746
-741
-726
-733
-719
-740
-696
-710
-704
-687
-694
-660
-674
-710
-698
-700
-716
-711
-718
-701
-669
-722
-696
-649
-680
-702
-687
-680
-687
-707
-676
-643
-656
-645
-622
-645
-632
-649
-640
-598
-592
-562
-623
-614
-574
-616
-542
-552
-569
-584
-565
-564
-563
-544
-574
-569
-545
-559
-607
-578
-561
-573
-591
-568
-603
-590
-563
-611
-569
-607
-626
-587
-583
-598
-607
-597
-612
-626
-615
-606
-653
-663
-670
-665
-689
-631
-601
-628
-673
-663
-625
-678
-677
-738
-670
-674
-733
-698
-703
-720
-695
-720
-752
-741
-738
-715
-772
-791
-773
-768
-763
-759
-781
-767
-778
-760
-713
-764
-781
-797
-763
-769
-797
-788
-784
-791
-764
-766
-769
-783
-760
-741
-724
-753
-732
-715
-721
-728
-743
-721
-729
-737
-692
-684
-669
-676
-630
-636
-678
-631
-604
-653
-653
-627
-651
-636
-598
-594
-584
-539
-570
-530
-527
-502
-528
-566
-510
-554
-540
-534
-528
-563
-544
-537
-533
-559
-566
-532
-510
-538
-540
-522
-571
-572
-561
-546
-512
-523
-491
-505
-538
-533
-572
-592
-563
-563
-550
-556
-586
-554
-544
-564
-584
-583
-543
-550
-534
-513
-597
-573
-578
-593
-644
-579
-562
-623
-613
-615
-562
-580
-555
-568
-549
-577
-557
-493
-516
-515
-535
-546
-526
-516
-526
-545
-532
-556
-553
-506
-558
-529
-552
-566
-569
-558
-578
-532
-529
-572
-578
-586
-537
-551
-547
-546
-484
-537
-527
-546
-517
-522
-503
-537
-539
-477
-518
-539
-551
-501
-521
-506
-514
-502
-502
-482
-498
-509
-525
-517
-516
-490
-431
-419
-440
-449
-437
-409
-451
-403
-404
-427
-449
-413
-402
-408
-411
-409
-423
-391
-393
-424
-394
-400
-390
-411
-445
-477
-432
-431
-433
-393
-396
-439
-451
-431
-439
-458
-455
-441
-423
-434
-451
-462
-449
-439
-447
-445
-431
-455
-473
-459
-438
-453
-463
-494
-479
-477
-486
-478
-470
-496
-493
-490
-467
-474
-452
-419
-481
-466
-477
-458
-467
-445
-414
-411
-381
-401
-410
-388
-419
-454
-387
-412
-408
-377
-433
-453
-456
-465
-443
-467
-466
-452
-449
-452
-466
-477
-448
-444
-482
-465
-495
-478
-436
-527
-497
-419
-429
-446
-454
-464
-468
-432
-456
-460
-451
-439
-433
-455
-469
-446
-449
-421
-408
-435
-414
-427
-381
-391
-411
-461
-425
-423
-419
-424
-391
-392
-430
-434
-467
-452
-443
-458
-462
-447
-503
-441
-438
-488
-439
-461
-415
-434
-482
-479
-460
-463
-474
-427
-459
-450
-440
-459
-447
-410
-451
-433
-406
-430
-468
-481
-467
-503
-492
-477
-468
-450
-465
-469
-431
-442
-457
-495
-472
-455
-470
-449
-481
-467
-454
-449
-426
-405
-422
-395
-396
-438
-407
-463
-407
-406
-412
-447
-459
-437
-434
-398
-396
-392
-373
-380
-415
-404
-399
-403
-386
-353
-341
-334
-338
-340
-355
-311
-306
-362
-287
-306
-354
-322
-328
-329
-317
-336
-309
-295
-322
-339
-340
-306
-358
-340
-366
-348
-378
-321
-352
-345
-332
-406
-351
-380
-359
-353
-375
-409
-380
-415
-423
-371
-403
-397
-374
-363
-392
-376
-381
-397
-389
-449
-430
-400
-372
-360
-403
-455
-450
-418
-421
-395
-406
-401
-400
-452
-399
-397
-402
-416
-399
-445
-451
-444
-433
-451
-483
-450
-483
-456
-467
-450
-449
-464
-504
-482
-481
-447
-468
-500
-469
-444
-435
-425
-450
-423
-392
-401
-397
-414
-436
-421
-372
-409
-395
-425
-434
-439
-414
-398
-356
-342
-379
-349
-340
-326
-348
-372
-339
-312
-332
-305
-317
-331
-293
-292
-310
-307
-298
-320
-319
-301
-295
-302
-263
-227
-260
-246
-248
-290
-266
-227
-290
-308
-296
-298
-272
-321
-277
-275
-287
-272
-284
-301
-287
-286
-273
-295
-259
-258
-254
-272
-304
-266
-284
-309
-322
-295
-274
-319
-279
-236
-319
-320
-336
-350
-332
-332
-360
-351
-358
-381
-373
-318
-349
-373
-334
-309
-324
-317
-339
-349
-300
-353
-348
-350
-345
-341
-337
-328
-354
-349
-362
-349
-367
-355
-360
-334
-356
-355
-350
-383
-357
-380
-361
-312
-339
-333
-299
-310
-341
-327
-301
-262
-270
-272
-295
-282
-272
-297
-273
-290
-269
-258
-254
-235
-244
-222
-277
-265
-294
-313
-286
-269
-256
-259
-299
-326
-320
-351
-311
-329
-314
-282
-277
-251
-286
-276
-270
-258
-272
-282
-278
-277
-303
-316
-262
-249
-233
-259
-257
-260
-271
-288
-243
-252
-272
-240
-265
-260
-204
-191
-233
-255
-269
-243
-167
-187
-210
-255
-258
-199
-218
-214
-238
-226
-245
-205
-192
-239
-177
-148
-171
-179
-243
-200
-222
-218
-217
-220
-191
-199
-193
-210
-203
-180
-198
-190
-180
-192
-212
-203
-173
-205
-182
-226
-200
-204
-243
-232
-245
-221
-198
-208
-265
-235
-216
-263
-233
-225
-233
-225
-251
-259
-259
-268
-236
-253
-298
-242
-213
-234
-218
-232
-207
-252
-296
-292
-286
-235
-261
-247
-256
-227
-196
-208
-210
-234
-212
-191
-210
-231
-186
-178
-152
-201
-174
-122
-146
-129
-134
-114
-124
-103
-149
-132
-107
-96
-132
-127
-154
-160
-148
-165
-162
-198
-196
-183
-146
-163
-159
-183
-209
-215
-210
-189
-196
-214
-197
-220
-286
-230
-211
-244
-274
-236
-255
-258
-205
-238
-216
-208
-242
-229
-242
-215
-233
-251
-235
-234
-225
-233
-208
-207
-174
-199
-204
-189
-218
-234
-223
-224
-244
-221
-247
-227
-217
-228
-213
-267
-239
-224
-203
-170
-195
-229
-203
-200
-247
-211
-240
-202
-185
-209
-214
-225
-200
-183
-166
-141
-161
-171
-158
-165
-161
-175
-145
-143
-161
-147
-138
-159
-124
-151
-154
-120
-131
-149
-160
-123
-175
-148
-129
-115
-108
-133
-137
-130
-125
-146
-88
-102
-112
-111
-123
-96
-75
-98
-153
-109
-151
-189
-100
-118
-114
-84
-100
-103
-137
-160
-159
-135
-123
-116
-121
-138
-104
-100
-102
-114
-96
-125
-127
-136
-136
-132
-152
-156
-188
-144
-159
-193
-173
-166
-187
-193
-181
-172
-219
-203
-160
-218
-200
-225
-186
-174
-218
-175
-182
-182
-211
-216
-220
-195
-188
-212
-155
-202
-217
-175
-196
-205
-165
-131
-136
-178
-163
-187
-153
-146
-145
-174
-199
-146
-167
-122
-98
-109
-136
-188
-187
-112
-134
-136
-138
-146
-170
-160
-160
-138
-96
-147
-140
-112
-106
-108
-106
-97
-66
-44
-102
-100
-58
-96
-78
-88
-72
-41
-77
-105
-93
-120
-109
-96
-82
-87
-92
-82
-118
-106
-91
-78
-81
-56
-83
-102
-131
-133
-107
-121
-86
-112
-102
-98
-100
-109
-134
-124
-113
-113
-119
-89
-129
-119
-116
-138
-171
-171
-171
-107
-130
-142
-159
-144
-142
-199
-183
-161
-169
-192
-182
-202
-197
-191
-203
-182
-215
-201
-221
-219
-180
-187
-214
-221
-195
-226
-252
-279
-220
-261
-265
-265
-280
-216
-236
-249
-239
-232
-209
-228
-224
-272
-260
-211
-210
-210
-254
-207
-236
-213
-210
-231
-188
-202
-177
-167
-180
-186
-183
-162
-165
-197
-168
-184
-241
-188
-185
-173
-135
-135
-139
-142
-131
-108
-108
-120
-134
-159
-141
-125
-169
-185
-136
-78
-89
-122
-79
-102
-115
-117
-116
-91
-118
-107
-110
-115
-117
-117
-117
-130
-88
-104
-97
-108
-118
-108
-82
-87
-108
-86
-91
-108
-118
-134
-125
-157
-178
-139
-99
-128
-140
-112
-128
-112
-121
-147
-124
-131
-158
-160
-162
-169
-165
-165
-178
-175
-218
-212
-197
-173
-159
-179
-193
-195
-174
-182
-188
-169
-170
-178
-177
-189
-192
-187
-185
-168
-179
-215
-226
-219
-229
-198
-190
-185
-186
-186
-167
-193
-166
-220
-178
-212
-200
-161
-184
-119
-158
-142
-192
-161
-157
-177
-188
-183
-123
-123
-161
-143
-119
-132
-131
-134
-100
-146
-109
-76
-76
-84
-98
-77
-83
-66
-98
-75
-104
-90
-93
-128
-100
-76
-64
-68
-44
-62
-78
-58
-43
-66
-93
-53
-80
-71
-29
-45
-70
-45
-10
-47
-36
-40
-46
-54
-22
-40
-34
-61
-112
-103
-108
-86
-108
-97
-88
-94
-121
-119
-90
-77
-72
-42
-76
-88
-109
-109
-107
-121
-113
-132
-112
-91
-103
-154
-138
-130
-88
-104
-107
-107
-145
-152
-97
-132
-139
-118
-136
-133
-108
-112
-111
-107
-59
-53
-121
-88
-71
-67
-118
-128
-133
-145
-142
-115
-107
-94
-100
-95
-65
-91
-53
-100
-100
-61
-51
-59
-57
-71
-60
-51
-58
-41
-60
-33
-50
-51
-48
-70
-34
-17
-71
-52
-48
-45
-26
-53
-47
-49
-30
-16
-39
-56
-74
-37
-38
-27
-8
-42
-22
-20
-2
-6
-42
-43
-64
-64
-60
-41
-55
-7
-56
-43
-17
-51
-88
-65
-53
-63
-90
-111
-106
-116
-117
-128
-116
-153
-106
-146
-138
-90
-91
-116
-133
-101
-98
-126
-144
-96
-93
-106
-116
-119
-116
-97
-94
-59
-94
-29
-37
-102
-92
-99
-71
-68
-35
-42
-70
-74
-109
-114
-123
-77
-85
-129
-110
-99
-77
-101
-96
-103
-109
-97
-121
-137
-148
-148
-113
-115
-112
-124
-110
-83
-74
-86
-107
-99
-112
-82
-105
-112
-115
-101
-131
-86
-57
-99
-106
-105
-48
-74
-73
-89
-89
-80
-46
-78
-56
-42
-77
-75
-55
-94
-135
-110
-138
-126
-127
-133
-139
-147
-139
-159
-149
-143
-139
-100
-97
-135
-115
-137
-137
-144
-155
-125
-97
-129
-132
-173
-150
-130
-132
-123
-127
-99
-113
-133
-168
-164
-138
-108
-134
-118
-122
-122
-99
-120
-124
-88
-112
-106
-92
-100
-123
-87
-102
-125
-86
-135
-129
-126
-130
-156
-137
-113
-113
-108
-69
-78
-57
-82
-89
-68
-91
-77
-100
-57
-57
-51
-83
-111
-103
-59
-87
-127
-69
-87
-134
-114
-94
-91
-77
-88
-89
-82
-117
-77
-55
-74
-84
-81
-104
-99
-85
-109
-84
-57
-89
-32
-24
-34
-43
-70
-84
-102
-86
-83
-72
-85
-59
-91
-103
-65
-101
-86
-98
-97
-84
-107
-118
-93
-123
-127
-91
-89
-102
-77
-81
-84
-98
-124
-124
-85
-111
-142
-77
-111
-131
-156
-175
-171
-140
-154
-158
-132
-142
-90
-114
-151
-109
-77
-72
-31
-77
-68
-66
-61
-69
-85
-57
-71
-73
-108
-102
-91
-92
-108
-155
-100
-74
-99
-124
-121
-52
-108
-119
-69
-86
-92
-76
-99
-121
-49
-50
-31
-72
-37
-29
-19
-5
-20
-4
-9
-35
-18
-20
-15
39
31
49
33
55
85
97
61
89
80
76
93
85
111
75
116
106
107
108
90
133
118
101
86
67
101
96
103
118
115
108
91
115
111
111
146
98
132
125
100
111
108
121
133
100
122
74
117
153
117
132
134
157
123
126
109
92
70
80
111
84
50
86
72
64
89
55
47
55
12
49
82
63
19
2
-4
7
-6
7
10
-37
0
-28
5
-11
-40
-32
0
-27
-35
-39
-40
-59
-61
-40
-58
-31
-62
-54
-35
-65
-60
-48
-25
-79
-61
-60
-85
-83
-120
-75
-102
-86
-70
-86
-90
-77
-57
-40
-55
-51
-50
-17
-32
-35
5
56
7
-27
-18
-3
-20
-39
-62
-62
-44
-42
-31
-32
-9
-57
-36
-10
12
8
11
26
-5
3
-20
51
59
2
76
39
30
30
32
86
77
81
88
99
80
43
67
58
60
93
64
55
56
74
65
68
24
65
57
45
47
60
65
70
67
27
48
38
13
-8
4
-37
6
-18
8
-15
-43
-1
-17
-37
-27
-27
-55
-29
-46
-88
-81
-28
-102
-63
-71
-72
-78
-117
-77
-113
-110
-95
-122
-110
-114
-137
-115
-143
-119
-155
-112
-103
-130
-124
-136
-146
-147
-119
-129
-119
-99
-116
-130
-112
-121
-111
-97
-93
-92
-93
-65
-82
-55
-81
-65
-92
-83
-48
-102
-71
-74
-91
-92
-74
-83
-84
-69
-37
-44
-33
-21
-5
-4
-2
-43
18
-15
-37
9
12
10
19
48
36
60
65
59
50
43
20
48
46
21
28
25
30
24
43
22
55
49
44
74
50
69
93
93
61
35
21
45
47
20
55
49
37
29
71
56
36
72
35
0
33
-8
15
77
32
38
81
91
66
72
30
69
48
54
35
-8
62
46
27
50
34
-2
24
24
48
27
25
15
24
-10
-39
-66
-47
-35
-69
-38
-83
-26
-75
-76
-75
-27
-35
-36
-19
-30
-30
-38
-13
-21
-4
3
-24
-4
13
-57
-30
-55
-45
-10
-37
-40
-27
-37
20
-13
-18
21
-30
-8
-2
27
7
-43
-1
-9
11
25
17
21
42
49
49
27
27
28
30
54
88
74
79
63
79
103
104
87
85
84
42
60
56
113
100
118
126
105
154
101
107
100
103
65
68
86
68
100
105
111
88
119
126
125
139
125
114
105
79
91
58
94
105
94
101
74
31
41
74
50
36
18
27
26
56
67
78
58
24
30
24
-25
4
-15
6
10
-4
14
-5
-31
-48
-7
-42
-70
-25
-31
-78
-36
-52
-66
-68
-57
-89
-81
-61
-87
-20
-43
-58
-65
-113
-83
-77
-79
-83
-58
-43
-99
-68
-89
-85
-100
-89
-65
-67
-55
-48
-53
-81
-86
-117
-77
-80
-76
-63
-70
-60
-47
-46
-70
-41
-15
-47
-36
-38
-26
-67
-48
-33
-77
-113
-71
-30
-38
-47
-46
-42
-32
0
-24
-54
-42
-27
-27
-34
-44
-50
-47
-50
-83
-49
-31
-29
-39
-32
-53
-82
-41
-29
-20
-42
-47
-21
-7
12
7
14
21
-11
-20
-34
-68
-55
-42
-54
-18
-41
-46
-31
-16
9
10
-23
6
-4
-28
-4
-21
1
30
41
0
-7
35
39
29
3
-8
5
-38
-38
-42
4
-3
-2
-28
-21
15
48
39
32
27
53
25
45
66
61
53
55
95
90
106
54
90
89
47
45
33
27
7
1
47
52
76
103
63
24
34
38
5
5
-2
-20
5
12
-14
15
21
-11
0
18
-19
-38
-29
-40
-41
-24
-26
-19
-47
-49
-5
2
0
-25
27
46
62
52
38
32
5
16
-13
2
12
21
59
34
51
26
41
23
-21
34
-2
41
61
49
40
8
32
17
18
62
60
38
23
-5
5
32
-5
-5
17
40
47
16
16
17
25
50
11
10
62
42
43
20
54
73
51
90
71
52
80
69
69
89
47
80
41
8
32
38
57
106
94
74
21
70
138
113
118
105
158
99
124
142
151
169
156
157
145
178
146
170
169
112
125
137
146
130
142
121
173
153
121
152
148
143
111
145
98
111
122
124
137
110
126
107
111
106
143
151
143
136
125
150
140
121
119
112
131
114
108
97
81
97
76
89
64
107
114
97
92
61
34
7
56
69
38
35
2
-7
32
15
39
28
38
55
33
50
36
6
21
-14
18
46
7
10
46
24
12
16
3
32
27
-19
15
-24
-18
-34
-47
-2
-10
21
3
-28
-8
47
13
10
19
10
38
18
15
64
64
33
32
52
57
48
47
67
39
58
67
108
115
123
132
118
71
82
134
154
133
125
110
80
79
94
135
100
97
134
141
158
148
83
125
104
81
101
90
133
115
139
117
115
90
101
93
79
116
93
83
49
71
110
92
108
94
70
41
50
61
46
62
68
76
75
72
71
42
27
18
-3
15
5
10
-24
-17
6
-2
-18
0
-6
-33
-4
-44
-29
-29
-14
-27
-29
-20
-39
4
18
-20
-15
-5
-56
-53
-34
-18
-58
-16
-7
-23
-51
-23
21
-24
-23
-45
-23
25
-15
-84
-73
-42
-34
-83
-57
5
27
10
-7
-9
-32
-55
-85
-42
-61
-80
-42
-36
32
29
24
15
45
64
28
13
24
28
44
35
67
104
111
140
112
55
73
103
114
140
94
115
132
96
136
161
113
91
89
104
133
130
110
121
120
77
77
59
74
103
85
61
83
74
72
73
69
75
71
56
41
79
67
73
93
75
65
59
78
91
51
73
55
75
65
23
33
43
73
73
57
39
51
-10
-22
55
34
12
24
17
31
19
-4
25
31
53
57
11
39
5
28
45
30
36
14
-20
-27
16
-3
-39
25
21
23
19
42
45
21
81
47
61
72
-1
31
23
50
67
55
37
30
66
32
63
67
45
43
86
93
136
74
60
102
71
98
80
99
76
79
113
97
105
127
141
112
139
177
141
145
134
131
135
140
134
120
109
105
69
89
82
123
118
105
100
87
111
51
78
95
100
74
81
98
69
83
84
39
83
88
71
42
53
88
50
109
87
64
91
109
83
70
88
60
80
57
57
80
85
124
96
52
94
70
59
67
59
83
82
62
51
89
108
108
115
120
77
77
36
32
47
53
33
11
31
51
74
57
85
93
86
52
61
57
37
14
-4
42
8
11
-4
37
68
34
7
19
8
-9
40
95
98
115
120
91
81
66
48
81
84
37
59
84
67
43
35
65
69
56
39
17
30
52
24
14
26
39
-14
27
34
26
17
13
57
64
72
15
55
17
49
77
71
85
43
51
39
50
62
65
77
42
73
97
60
51
54
39
62
78
19
28
13
8
42
35
-27
4
45
12
34
80
38
31
44
44
15
-10
18
4
69
53
75
50
57
51
98
111
73
81
99
124
114
112
90
161
109
115
119
128
166
119
150
126
122
94
127
112
149
173
139
163
118
133
158
166
150
180
193
195
208
199
197
185
167
166
162
205
199
149
151
197
189
188
206
135
146
164
162
179
221
191
193
185
142
166
195
180
194
194
179
172
142
149
159
130
145
142
144
169
152
152
111
107
97
70
63
86
107
132
133
56
85
81
73
123
64
70
95
94
72
82
40
54
85
27
69
68
39
55
56
65
55
66
65
30
39
18
41
37
53
61
24
57
86
94
111
88
93
78
67
62
32
48
33
61
75
96
118
122
129
98
117
105
97
83
101
142
130
123
140
178
168
224
193
180
207
221
231
209
238
203
216
238
228
228
211
238
231
243
262
252
282
281
266
274
281
269
248
247
200
178
210
257
236
232
228
197
206
209
209
197
218
176
170
139
124
117
157
162
176
198
143
173
120
155
149
135
157
178
141
95
121
126
118
170
131
79
107
77
59
81
103
75
79
91
38
12
23
-2
40
37
14
35
41
15
41
28
38
24
25
47
69
94
46
26
30
16
29
70
36
17
2
27
50
51
29
39
25
7
48
42
78
75
83
59
71
113
101
64
50
62
84
95
100
78
80
121
89
84
133
136
121
114
153
123
129
143
80
148
180
176
156
137
158
112
144
130
116
144
148
144
173
195
204
236
197
188
194
165
166
148
112
158
159
136
172
176
155
160
161
162
165
175
182
164
178
196
208
167
115
150
147
144
95
118
94
98
147
138
126
154
131
126
174
146
166
131
146
119
85
117
73
52
102
51
29
69
61
60
18
-8
5
22
13
17
14
-17
37
45
-4
-2
12
-2
-9
-21
14
17
-34
-23
23
9
-10
6
-13
2
12
23
4
28
16
25
67
43
35
28
23
74
77
72
67
74
61
68
92
100
106
89
142
167
154
124
148
153
146
155
118
127
69
106
119
103
155
113
126
139
108
69
134
155
128
106
114
114
155
