119
136
125
110
76
95
100
110
74
78
85
132
116
98
119
76
87
69
93
119
106
89
101
99
91
82
48
63
38
11
30
15
21
17
-4
17
13
15
1
28
14
17
39
43
81
94
108
79
89
132
128
92
114
152
115
141
103
86
109
65
74
57
104
88
73
71
19
36
36
22
3
18
10
7
-28
-27
3
-24
1
-43
-53
-60
-36
-16
-27
-9
-39
-28
-35
6
-11
-39
-13
-51
-34
-1
7
1
-15
9
35
23
5
3
23
74
75
52
26
48
27
38
31
50
111
94
103
87
88
91
66
53
60
49
58
55
27
16
-42
-43
37
-31
-30
-40
-28
-11
-31
-35
-89
-65
-84
-60
-100
-79
-67
-18
-2
-10
37
59
69
73
63
57
81
75
89
99
135
155
158
127
163
139
146
161
79
96
102
115
152
142
151
142
151
161
157
150
126
100
114
131
124
142
121
137
125
103
103
72
58
81
54
52
38
42
20
44
94
72
101
104
92
127
112
86
84
72
66
48
83
84
52
116
107
120
144
109
104
119
98
67
117
134
115
106
148
136
137
142
133
102
104
123
114
82
44
76
40
50
-5
14
-51
-10
8
-43
5
-4
-2
-25
8
9
52
23
18
37
27
37
-7
33
115
75
63
36
69
82
76
54
79
78
46
55
36
31
58
87
53
40
38
43
-10
29
17
9
37
26
16
-11
-5
-10
11
-2
-5
14
-2
20
20
15
22
15
26
53
73
47
96
76
26
69
0
32
70
49
37
15
26
44
47
22
99
76
99
108
110
122
111
126
106
149
175
169
177
181
187
164
106
76
168
191
113
124
110
124
82
86
69
48
43
28
68
68
59
85
72
33
41
46
49
13
47
52
57
57
62
90
76
83
100
82
82
50
25
51
42
56
81
78
68
79
58
64
89
92
107
69
43
76
69
0
48
50
51
42
33
31
18
41
69
22
14
46
-6
59
44
-11
16
10
19
36
38
-5
-37
-20
-30
-7
-31
6
31
12
25
-38
-76
-32
-31
-33
-43
-49
-16
-23
-18
-21
-29
11
9
12
54
88
73
52
58
107
108
99
117
123
155
172
155
127
126
148
135
136
101
101
92
34
134
113
89
87
83
97
67
112
119
76
36
41
32
27
-19
20
34
-1
40
10
7
27
-15
-25
7
13
-25
-13
22
21
32
48
44
32
49
12
36
59
34
76
30
69
49
49
82
105
99
32
96
70
85
100
36
80
36
33
27
6
19
-38
-26
-37
-40
-2
7
-15
-5
-36
-34
-42
-20
-27
-73
-26
-40
-12
-3
28
-22
-36
-65
-7
-15
-3
38
-8
9
11
8
0
24
-3
-8
4
39
19
-1
4
16
1
16
-20
28
-11
-39
-13
-28
-4
15
3
-36
-17
-35
-23
8
-7
-36
17
-15
-23
-6
-2
8
-7
-5
-21
-50
-1
-28
-101
-62
-65
-38
-30
-55
-10
-17
6
-40
-78
-77
-52
-16
-38
-2
-17
23
19
17
20
18
23
10
40
34
0
29
40
43
73
58
65
18
49
49
-10
19
44
59
-10
64
40
51
89
39
31
23
40
39
45
36
98
50
53
83
106
129
57
80
64
116
95
93
50
37
39
7
17
14
7
-3
28
16
34
38
71
56
17
27
10
7
-4
-3
-40
-28
-27
-59
-29
-17
-25
-14
20
8
-2
20
19
-5
-17
31
-7
-42
-51
-49
-6
-30
-18
-6
-8
-31
-46
-38
-54
-48
-79
-65
-33
-46
-52
-73
-49
-22
-37
-32
-24
-41
-19
-59
-55
-37
-36
-53
-30
-57
-100
-65
-44
-47
-58
-45
-81
-54
-66
-69
-80
-69
-51
-17
-27
-52
-56
-26
-44
-86
-37
-45
-16
33
28
43
71
26
1
19
49
25
41
86
67
114
97
101
106
108
114
98
102
70
50
18
23
14
-13
21
20
-2
-45
-41
-60
-54
-62
-16
-46
-91
-48
-79
-4
-38
-60
-20
-44
7
3
-15
10
20
6
39
106
49
4
14
-34
-37
-17
-37
32
29
-25
19
12
12
23
6
20
4
-19
-13
-18
-39
-8
-38
-50
-33
-50
-57
-55
-5
-26
-44
-39
-58
-68
-71
-44
-96
-105
-94
-101
-111
-117
-72
-69
-55
-55
-96
-63
2
-32
3
15
18
-25
9
1
-65
-7
-29
-22
-12
22
20
-27
7
76
52
43
24
-39
9
16
47
59
18
76
85
86
63
57
70
56
44
40
78
1
-17
-9
22
6
32
54
29
65
75
78
80
84
121
114
92
127
135
124
117
108
95
117
105
104
111
116
128
137
152
145
81
66
79
84
116
101
109
41
70
98
75
98
47
47
94
57
3
55
37
-2
24
43
-1
-34
-10
-30
16
-11
14
-7
-10
-11
-31
12
57
31
12
47
55
7
1
21
-26
17
-28
-17
-8
-18
14
-16
-13
-39
-16
15
-2
-25
-3
7
-1
65
47
28
33
8
10
-28
-25
-46
-2
-59
-40
-23
-63
-6
-51
-63
-44
-68
-61
-76
-66
-46
-87
-67
-51
-55
-36
-57
-77
-97
-67
-50
-61
-45
-27
-25
-36
-9
-18
-57
-73
-54
-20
15
-8
-14
-5
-31
-48
-19
-33
-26
-20
-26
-20
14
-4
16
33
32
13
0
22
31
37
23
24
23
52
67
62
57
48
34
39
55
33
36
23
6
31
26
-9
-11
-42
-43
-52
-25
-17
-20
-15
-39
-30
13
-22
-18
-9
-13
-33
-47
-2
19
0
-2
25
1
-2
-7
-30
1
-43
-46
-39
-45
-60
-48
-55
-45
-52
-55
-44
-71
-106
-108
-59
-84
-67
-21
-26
-10
8
-51
-31
36
-18
-39
-33
-18
-26
-52
-27
-19
-12
-45
-86
-68
-64
-50
-37
-36
-65
-61
-73
-82
-98
-72
-84
-73
-17
-55
-28
-38
-60
-36
-25
-45
-62
-4
-43
-6
-39
-55
-51
-64
-53
-67
-50
-52
-47
-73
-77
-58
-58
-50
-39
-62
-34
-68
-70
-28
-12
-42
-60
-57
-75
-56
-33
-56
-39
19
-5
5
-10
6
-15
-1
1
-34
24
-3
-21
-38
-25
-19
19
31
36
36
-6
28
20
40
28
35
40
24
32
44
20
14
46
26
52
20
39
44
22
2
-13
26
30
11
45
44
10
16
6
-8
-24
-20
-35
-42
-69
-74
-62
-21
-24
-72
-9
-5
-55
-38
18
-11
-37
-53
-38
-20
-9
27
29
14
46
41
58
35
-3
-31
-39
-25
-13
10
-32
-13
-64
-41
-11
-46
-31
-25
-47
-23
-60
-28
-29
-38
-15
-4
26
3
-5
4
-13
-37
-33
-5
-43
-28
-29
-60
-32
-12
-5
20
-52
-46
-29
-86
-57
-65
-64
-3
-57
-103
-64
-90
-85
-60
-51
-35
-39
-40
-76
-47
-39
-38
-13
-22
6
20
69
31
-36
-7
5
-62
-79
-88
-73
-33
-78
-80
-88
-111
-102
-93
-69
-69
-93
-109
-101
-113
-87
-63
-18
-40
-62
-31
-37
-29
-38
-57
-26
-39
6
1
16
46
-13
-7
-14
-38
-22
-44
-94
-55
-46
-35
-38
-11
0
-13
-11
15
62
57
30
48
20
41
4
-36
-20
-48
-43
-1
-38
-12
-19
-25
-63
-106
-35
-107
-95
-73
-83
-107
-108
-58
-91
-119
-100
-80
-174
-115
-157
-122
-132
-100
-88
-120
-85
-93
-78
-87
-91
-91
-71
-79
-51
-13
-52
-59
-74
-69
-61
-87
-32
-41
-62
-32
-75
-32
-62
-60
-53
-87
-48
-67
-27
-35
-39
-42
-107
-105
-91
-109
-63
-56
-76
-66
-80
-72
-73
-82
-54
-109
-73
-48
-100
-64
-79
-64
-75
-43
-29
-31
-1
-17
25
10
22
59
40
31
23
5
23
-9
-1
32
38
47
51
24
-24
-9
18
50
35
17
52
63
61
96
94
75
94
76
26
52
31
42
41
26
-1
9
53
-15
-7
32
67
35
21
0
1
-10
-24
-37
-42
-31
-39
4
-23
-46
-38
-28
-37
-41
-5
-17
2
-2
1
-45
-51
-38
-43
-16
-8
-28
-51
-65
-90
-43
-70
-31
-27
-16
-25
-59
-48
-52
-69
-99
-100
-99
-61
-81
-81
-75
-90
-94
-101
-93
-89
-77
-94
-62
-20
-59
-27
-58
-69
-87
-70
-37
-65
-16
0
-14
-26
-71
-73
-66
-63
-107
-117
-102
-145
-99
-67
-40
-55
-39
-15
-61
-27
-24
-59
-29
-14
-15
-33
-77
-47
-103
-64
-18
-53
-9
-16
-54
-113
-104
-102
-65
-63
-63
-27
-13
-28
-24
-50
-49
-56
-69
-69
-82
-78
-52
8
-35
-48
-41
-27
-29
4
-5
10
24
2
5
36
15
36
37
-20
61
27
-57
9
-4
-21
32
-10
-37
6
-38
-40
-9
-41
-28
-31
-3
-52
-32
-51
-54
-69
-13
-33
-50
0
-22
-10
-4
-5
-43
-46
-23
24
23
-59
-50
17
-21
-26
-32
-14
-10
-24
-21
-65
-53
-35
-34
-64
-60
-82
-68
-90
-86
-23
-42
-37
-38
-29
-71
-39
-36
-81
-80
-73
-94
-67
-95
-62
-31
-77
-57
-87
-89
-91
-62
-70
-71
-73
-79
-48
-61
-40
-40
4
-15
-35
-15
-29
29
35
28
32
67
57
41
46
22
24
0
70
28
19
-12
-29
16
-27
-6
-5
-19
-39
-34
2
-30
-75
-79
-72
-24
-67
-95
-65
-38
-50
-43
-85
-69
-19
-39
-26
-45
-42
-50
-6
-39
-24
-32
-5
6
-58
-60
-54
-38
-87
-63
-97
-94
-67
-110
-114
-97
-108
-97
-109
-125
-88
-73
-101
-114
-103
-91
-87
-81
-30
-59
-46
-21
-98
-59
-57
-84
-43
-70
-33
-54
-51
-57
-71
-22
-60
-20
-28
-1
6
-7
-20
21
56
44
31
38
36
23
16
-12
33
30
27
30
23
26
-27
-55
-39
-56
-67
-60
-29
-54
-25
-60
-88
-45
-71
-76
-82
-59
-37
-27
-25
-44
-43
9
-5
-16
-9
-16
-23
-41
-15
-40
-22
-8
-7
15
-24
-11
2
-58
-102
-93
-75
-55
-41
-67
-83
-60
-37
-67
-72
-86
-83
-81
-81
-84
-98
-106
-120
-118
-122
-100
-61
-54
-85
-87
-62
-76
-40
-43
-31
-33
-67
-60
-68
-55
-74
-31
-29
-36
-43
-21
-20
-14
-51
-49
-73
-40
1
-7
-14
-21
-18
-40
-1
-73
-46
-39
-47
-25
-28
-16
-27
-63
-49
-41
-40
11
-14
8
8
28
-10
14
5
-21
35
33
11
17
7
-10
10
-38
-11
-23
-36
-25
-37
-33
34
25
-19
-13
-29
-45
-21
-27
-58
27
16
-13
31
-27
-45
-44
-26
-48
-55
-37
-43
-65
-66
-65
-78
-116
-75
-99
-97
-82
-84
-90
-77
-69
-46
-48
-73
-28
-56
-90
-93
-59
-57
-55
-53
-70
-47
-69
-45
-68
-95
-37
-59
-37
-32
-33
-50
-82
-93
-66
-100
-113
-88
-72
-123
-140
-111
-120
-73
-105
-93
-63
-59
-94
-56
-52
-66
-64
-67
-18
-25
-37
-48
-15
-15
14
27
23
30
11
5
-15
-2
21
7
-4
0
-12
9
-6
-20
15
-13
-39
-15
-31
-42
-58
-60
-27
-24
-16
16
16
19
30
51
45
25
41
65
29
24
76
51
76
88
86
75
40
33
42
18
20
18
-10
42
57
43
75
65
46
64
59
87
41
39
43
50
70
4
45
89
49
59
55
29
51
0
8
25
29
35
24
-2
7
32
63
94
70
74
60
75
72
54
17
33
-14
-19
-5
-47
11
27
7
6
39
1
-15
31
37
10
40
13
7
48
52
24
13
41
1
17
36
73
46
32
40
13
12
11
26
35
44
-5
6
30
-22
25
7
4
24
16
44
20
40
72
96
38
78
100
74
68
78
90
57
80
34
32
34
69
57
48
49
31
-19
-20
7
51
64
19
38
34
48
5
11
42
38
31
25
65
47
90
89
76
60
112
124
162
95
94
106
59
97
85
75
65
34
45
6
-11
30
-4
2
-11
-33
-36
-29
-52
-61
-24
-13
-57
-11
-13
-20
-33
-44
-54
-86
-114
-75
-37
-72
-93
-17
-79
-84
-75
-74
-20
-75
-34
-80
-57
-29
-68
-47
27
7
-29
-8
3
22
-18
-7
15
37
27
-37
-2
0
-11
-57
-79
-48
-66
-75
-86
-104
-112
-112
-149
-120
-111
-116
-79
-89
-89
-103
-103
-119
-106
-111
-165
-87
-20
-25
13
2
-14
-23
-7
35
49
17
54
55
29
51
34
2
13
27
10
-6
-34
-69
-61
-32
-49
-94
-71
-28
-31
-37
-37
-37
-4
17
9
18
18
0
-38
-10
-7
31
12
-3
32
49
69
36
44
56
52
31
28
60
44
45
10
38
31
5
61
61
60
70
46
46
76
92
48
19
26
-14
15
-18
-24
20
-27
19
-14
-12
-25
-68
-33
-45
-38
-45
-37
-36
-95
-79
-56
-99
-58
-95
-76
-70
-85
-47
-54
-37
-50
-33
-7
6
-8
31
12
-5
4
-17
3
18
27
1
-13
-52
-28
-7
-26
-47
-76
-15
-38
-29
-20
2
28
38
34
26
32
18
18
11
3
-30
-27
-29
-44
-23
24
7
-11
-45
-26
-30
-9
47
14
41
69
43
34
37
63
79
43
38
54
59
55
86
130
65
34
85
32
48
33
24
22
21
16
28
2
-28
2
-20
-11
-43
-46
7
2
22
23
38
67
16
25
64
57
72
51
41
56
38
77
70
58
66
43
4
20
3
-7
3
-51
-43
-33
-52
-73
-95
-78
-76
-66
-47
-66
-92
-97
-75
-77
-43
-50
-55
-17
-15
-20
-29
-1
11
7
-42
-1
-33
-51
6
-13
1
-11
-32
-20
-26
-43
-22
-10
-31
-48
-36
-25
-39
-8
-6
-6
-42
-2
9
6
4
-22
26
23
0
-29
-5
-40
-81
-68
-77
-108
-99
-37
-47
-17
-42
-46
-39
-16
29
18
78
75
93
50
42
63
115
106
71
116
109
75
124
118
50
87
70
83
114
49
61
59
19
19
-41
-42
-50
-83
-19
-21
-1
31
4
-4
2
54
12
-6
41
31
0
-14
33
30
36
59
37
-4
41
38
12
31
-6
53
50
62
34
29
34
16
64
6
-13
3
-12
17
-34
-38
-31
-17
-58
-69
-55
-48
-39
-90
-63
-68
-82
-64
-69
-48
-51
-73
-43
-45
-92
-92
-43
-106
-92
-13
-38
-53
-25
-1
-48
-25
-10
17
-3
-10
32
13
7
-24
-18
-42
-37
-49
-63
-44
-83
-74
-75
-60
-105
-87
-125
-97
-83
-98
-107
-138
-106
-124
-80
-98
-71
-56
-39
-33
-65
-57
-46
-27
-34
-23
-28
-42
-55
-46
-37
-56
-19
-32
-73
-41
-32
-38
-33
19
38
30
30
-32
-16
-21
-22
-21
-45
-9
-10
-20
-7
-12
-21
-64
-78
-69
-84
-61
-92
-86
-99
-77
-79
-120
-113
-104
-79
-57
-42
-49
-40
-6
-3
-5
27
59
5
3
45
41
-35
-18
-12
-60
-17
-34
-63
-89
-67
-67
-79
-91
-102
-105
-116
-90
-86
-110
-79
-97
-121
-154
-144
-141
-104
-127
-112
-60
-94
-73
-68
-47
-34
-18
-25
-48
-44
-42
-55
-69
-46
-74
-63
-50
-52
-24
-43
-69
-39
-32
-42
-97
-37
-54
-68
-29
-46
-21
-31
-56
-95
-73
-102
-60
-75
-125
-94
-101
-99
-125
-114
-110
-116
-115
-127
-135
-157
-154
-125
-158
-164
-149
-126
-123
-96
-60
-87
-57
-47
-1
22
-11
19
12
-42
-35
-51
-54
-42
-81
-67
-109
-101
-54
-84
-123
-108
-120
-133
-151
-135
-134
-156
-169
-152
-150
-149
-134
-134
-118
-122
-116
-150
-99
-57
-68
-20
-38
-29
-35
-44
-13
-46
-27
-16
8
-48
-4
-58
-59
-20
0
25
-22
5
-17
-49
-31
-46
-26
-29
-11
-9
-22
-40
1
-39
-95
-85
-70
-57
-56
-34
-38
-43
-27
17
-43
-70
-45
-55
-66
-58
-61
-33
-77
-10
-44
-10
-17
-65
11
-12
-31
-2
-3
-5
3
18
10
-55
-43
-79
-95
-105
-106
-127
-124
-113
-169
-122
-127
-135
-110
-145
-149
-177
-161
-127
-138
-121
-94
-96
-100
-173
-163
-81
-116
-77
-100
-107
-79
-101
-84
-104
-93
-120
-116
-102
-73
-105
-90
-94
-119
-85
-74
-56
-90
-41
-45
-111
-130
-89
-87
-111
-123
-169
-158
-184
-182
-142
-152
-116
-129
-121
-144
-128
-140
-150
-157
-169
-127
-137
-126
-164
-180
-163
-107
-84
-67
-10
-4
-13
-20
-16
-27
-39
23
15
-36
-39
-9
-18
-70
-49
-39
-85
-59
-93
-101
-64
-75
-106
-138
-154
-145
-134
-120
-140
-135
-122
-140
-130
-94
-92
-85
-79
-71
-36
-42
-40
-44
-44
-48
-49
-74
-56
-86
-89
-60
-70
-79
-122
-104
-165
-144
-136
-163
-166
-144
-162
-132
-130
-167
-134
-132
-139
-146
-155
-171
-126
-175
-201
-247
-235
-223
-230
-262
-222
-249
-268
-205
-259
-237
-185
-190
-197
-184
-192
-202
-186
-189
-123
-131
-156
-117
-142
-116
-93
-93
-137
-143
-111
-96
-107
-110
-107
-138
-149
-183
-222
-191
-201
-281
-248
-253
-185
-173
-218
-225
-217
-247
-234
-188
-188
-179
-188
-189
-160
-142
-171
-166
-155
-163
-145
-115
-119
-96
-126
-111
-126
-171
-144
-130
-120
-120
-79
-84
-118
-86
-126
-129
-94
-121
-126
-113
-88
-104
-136
-132
-137
-89
-98
-125
-74
-85
-73
-133
-133
-114
-93
-116
-125
-134
-164
-113
-141
-131
-123
-99
-120
-145
-139
-126
-111
-130
-124
-98
-101
-95
-92
-79
-65
-62
-111
-82
-66
-103
-112
-131
-123
-64
-65
-102
-141
-159
-184
-229
-198
-227
-231
-238
-258
-236
-217
-220
-227
-248
-240
-247
-233
-187
-223
-232
-236
-201
-179
-179
-201
-164
-183
-204
-166
-174
-116
-94
-150
-139
-158
-129
-116
-130
-95
-99
-67
-68
-102
-70
-91
-87
-70
-106
-54
-49
-39
-77
-45
-8
-28
-35
-90
-40
-44
-44
-60
-65
-47
-59
-46
-91
-74
-124
-120
-53
-37
-25
-51
-26
-17
-24
16
-23
21
40
-2
18
51
1
-12
1
7
26
48
0
-16
23
9
-31
-37
-30
-85
-63
-56
-105
-60
-85
-96
-80
-135
-104
-105
-129
-96
-79
-86
-109
-122
-98
-91
-62
-24
8
-1
-24
-35
-62
-26
-27
-26
-25
-68
-82
-56
-42
-46
-76
-78
-63
-69
-46
-4
-23
-69
-79
-47
-31
-35
-47
-13
-36
-74
-17
-43
-55
-26
-27
-23
-84
-83
-31
-19
-72
-55
-32
-68
-39
-51
-68
-115
-132
-117
-102
-120
-151
-124
-66
-103
-72
-54
-17
-5
-11
10
-5
3
-37
-25
17
-8
9
-20
-59
-62
-66
-66
-82
-67
-97
-155
-175
-168
-218
-198
-177
-185
-192
-208
-185
-209
-167
-198
-205
-254
-196
-233
-186
-292
-262
-333
-303
-644
-2128
-1858
-665
-1141
-2020
-2929
-3685
-2566
-2076
-3004
-3605
-3619
-3424
-3486
-3882
-3270
-3179
-4057
-3773
-3182
-2978
-2882
-3111
-3043
-2146
-1578
-1674
-1909
-1360
-381
-98
56
663
845
1255
1766
2558
3212
3407
3582
4057
4753
5586
5724
5467
5779
5605
5567
5966
6199
5986
5409
4635
4710
4746
4147
3647
3044
2590
2194
1230
621
424
-208
-732
-1337
-2037
-2431
-3005
-3480
-3471
-3640
-4024
-4485
-4858
-4621
-4380
-4463
-4369
-4242
-4097
-3832
-3633
-3287
-2675
-2306
-2003
-1631
-1301
-852
-495
-83
483
892
1025
1199
1422
1754
1986
2088
2115
2033
1979
1847
1901
1832
1637
1375
904
564
307
-135
-558
-792
-1242
-1686
-2149
-2684
-2959
-3252
-3625
-3953
-4188
-4671
-5004
-4957
-4860
-4813
-4955
-5310
-5111
-4582
-4174
-3859
-3531
-3256
-2799
-2244
-1602
-862
-375
250
836
1453
2243
2801
3395
4352
5098
5771
6185
6858
7451
8580
8511
8368
8775
9667
8954
6655
6388
8985
10078
7655
3931
3279
5680
5769
3382
1739
2054
1427
-1038
-2584
-904
-268
-2976
-5306
-4571
-3462
-5051
-7236
-6171
-4037
-4921
-7525
-7704
-5891
-4861
-5639
-5454
-4053
-4104
-4950
-4591
-2508
-1088
-1216
-1638
-776
54
593
972
1799
2809
3166
2874
2882
3319
4150
4859
4752
4478
4495
4419
4027
3865
4252
4693
3964
2564
2216
2464
2364
1521
846
882
382
-1278
-2178
-4404
-5604
-3204
-2760
-4437
-5894
-9483
-10167
-6764
-5235
-6388
-8700
-9757
-9601
-9266
-7393
-5539
-6791
-7416
-7299
-7110
-5466
-4016
-3144
-2598
-2131
-1696
-1842
-1320
933
2763
3222
3494
2830
3052
4295
5837
7334
7809
7401
7181
7066
8310
10068
10405
10303
9561
8447
8232
8692
9106
9201
7942
7027
5937
4854
4630
4259
3582
3048
1568
61
-746
-1690
-2113
-2019
-2726
-3839
-5182
-6111
-5934
-5710
-5618
-5763
-6471
-6960
-6900
-6717
-5648
-4977
-4806
-4633
-4519
-4207
-3266
-2371
-1347
-588
-340
-103
196
938
2007
2711
3169
3249
3039
3161
3356
3814
4208
4015
3474
2992
2517
2270
2120
1793
1347
422
-520
-1159
-1796
-2070
-2575
-3470
-4109
-4952
-5732
-6000
-6243
-6667
-6956
-7336
-7634
-7705
-7688
-7428
-7176
-6712
-6163
-5976
-5663
-4941
-4209
-3160
-2259
-1644
-948
-196
631
1890
2854
3677
4408
4891
5995
6954
7777
8620
9205
10091
10985
11331
12024
12324
11992
11538
10952
10351
10705
11127
10576
8740
6501
5552
5980
5922
4502
2481
830
-68
-1144
-2193
-2650
-3084
-4261
-5935
-7062
-7035
-7133
-7807
-8001
-7681
-7870
-8774
-9329
-8288
-6736
-6253
-6457
-6258
-5536
-4890
-4275
-2886
-1278
-768
-829
-460
725
2081
2778
3296
4160
4582
4527
4650
5427
6356
6546
6253
6044
5952
5721
5540
5577
5647
5189
4072
2630
915
-477
-644
87
67
-2011
-5344
-7435
-6934
-5467
-5423
-7376
-9561
-10543
-11060
-10618
-9351
-9161
-10117
-11000
-11403
-10707
-9376
-8305
-7530
-6975
-6424
-6304
-6032
-4491
-2160
-690
-273
-140
186
1082
2635
4415
5627
5907
5879
5901
6627
8350
9528
9974
10234
10099
10184
10784
11839
13144
13658
12670
11236
9890
9465
10112
10549
10164
8713
6058
3978
3221
3735
4165
2906
340
-1933
-3221
-3657
-3726
-4143
-4506
-5652
-7634
-8867
-8764
-7904
-7278
-7504
-8003
-8453
-8993
-8746
-7317
-5515
-4536
-4987
-5517
-4995
-3768
-2213
-696
403
879
634
602
1767
3481
4756
5135
4942
4821
4903
5109
5843
6717
6992
6386
5225
4593
4820
4639
4575
196
-2483
1005
1687
-577
-2707
-7657
-7857
-4698
-4702
-6693
-9584
-10784
-10758
-11432
-9960
-8444
-11281
-12655
-11986
-10736
-9411
-9667
-9174
-7798
-7154
-6309
-6209
-5801
-3007
-1119
-686
122
558
1381
2321
4117
6514
6706
6334
7170
7299
8722
11127
10682
11367
12235
11739
12814
13569
14204
15245
14413
13188
12419
9947
9938
12329
12886
10851
6142
2353
4431
6418
4724
2325
-589
-1585
-2593
-4865
-4842
-3361
-4691
-7327
-9883
-9684
-7951
-9250
-10133
-8676
-7933
-9166
-11392
-11085
-7109
-5064
-6231
-6746
-6002
-4608
-4221
-3597
-377
1719
765
-530
452
3169
4965
4355
4916
6372
6119
5191
5248
7013
8848
7673
6122
6179
6455
5942
5293
5102
6072
2832
-3735
-2596
1872
1789
-1302
-7170
-10008
-7005
-5853
-6959
-9048
-10414
-11287
-13610
-13731
-9993
-9950
-12619
-13600
-12417
-10660
-11205
-11253
-8477
-6474
-6387
-7148
-7376
-4727
-1633
-688
170
1049
1471
1280
2118
5542
7914
7153
6281
6680
7552
9390
10353
10482
11938
11884
10683
11095
12759
14487
14788
13555
13683
13600
11874
10292
9281
11023
13163
10851
6278
3226
2365
5077
5972
3370
181
-2365
-3641
-3708
-4255
-3922
-3755
-6370
-9010
-10194
-9188
-7577
-8110
-8957
-8297
-8600
-10060
-10443
-8556
-4975
-3873
-6007
-6732
-5630
-3559
-2014
-885
801
1705
384
-206
1580
4421
6148
5243
4684
5479
5520
5291
5965
7573
8463
6978
4644
4680
5377
5766
4104
-851
-473
2493
601
-1548
-4031
-7420
-5956
-4881
-5445
-7572
-10911
-11544
-10803
-10864
-9422
-10556
-13356
-13445
-12414
-10799
-10450
-10926
-9744
-9069
-8985
-7415
-6488
-5703
-3952
-2751
-1562
-729
-189
963
2269
4395
5455
4928
5091
6666
7270
8290
9192
9232
9397
8914
9217
11006
11544
11835
11368
10752
12375
13155
13318
13237
11370
9857
9155
8321
10529
11636
8326
4474
2396
3048
5262
4011
1439
-461
-2287
-3112
-3479
-4171
-3550
-4499
-6796
-7704
-8163
-8026
-7515
-7662
-7240
-7034
-8360
-8877
-8131
-6237
-4300
-4316
-4966
-4715
-4203
-2891
-1319
86
1130
821
388
1372
2695
4018
4768
4710
4978
4797
4559
5213
6031
6406
6166
5021
4480
3771
-222
-608
3180
3458
723
-3240
-7607
-6249
-2984
-2711
-5491
-8865
-10250
-10883
-10858
-8600
-7843
-10536
-12929
-13571
-11719
-10309
-10435
-9833
-9051
-9280
-9656
-9309
-7221
-4502
-3464
-3556
-3621
-2809
-1409
-283
2161
4100
3618
2738
2997
4388
6940
8205
7596
7436
7481
7859
8630
9772
11221
11270
9920
9743
10608
12027
13289
13288
13083
14016
13019
9436
7165
8894
13195
14910
9944
2806
585
4262
8109
7057
2506
-761
-2068
-2877
-3296
-2648
-1348
-2869
-6977
-9267
-8203
-6990
-7181
-7474
-6698
-6640
-8996
-11192
-9558
-5435
-3237
-4567
-6479
-6628
-5497
-4027
-1832
339
986
-422
-1744
-421
2317
4120
4391
4294
4295
3881
3359
4416
6351
7448
6443
4727
3994
4521
4409
4900
2321
-207
1369
769
-1031
-1465
-4879
-6065
-4464
-4652
-6209
-9326
-10417
-9453
-9812
-9986
-9826
-11876
-12702
-12453
-11437
-10213
-10737
-11053
-10456
-10020
-8597
-7408
-7099
-6031
-4750
-3916
-3011
-2038
-541
457
1382
2580
2925
3483
4784
5573
6183
7040
6631
6876
7992
8887
9085
8981
9076
9857
10140
10732
11128
11298
11866
12213
12921
13858
13988
11928
8301
7139
10624
14380
13440
7030
1224
2180
7047
8405
5006
485
-1385
-1220
-2056
-2963
-2085
-2124
-4664
-7749
-8270
-6922
-6663
-7754
-7556
-6439
-7158
-9536
-10640
-7789
-4279
-3972
-5771
-6673
-5878
-4453
-2931
-1154
444
170
-1238
-1276
918
3351
3866
3543
3694
3901
3515
3609
4895
6474
6380
4810
3682
3514
3287
3232
3472
3388
1768
-1016
-2458
-1803
-1333
-2314
-4397
-6206
-6844
-7787
-8744
-8532
-8173
-9266
-11360
-12562
-11844
-11029
-11042
-11047
-10987
-11066
-11328
-11173
-9525
-7552
-6765
-6851
-6871
-5716
-4020
-2618
-1298
26
497
473
877
2410
4340
5243
5108
5033
5282
5701
6503
7337
8100
8014
7453
7558
8509
8998
9633
9777
9838
10219
10499
10792
12026
13050
13888
11872
6012
4289
9723
15203
14816
6682
-1699
263
7311
9802
5783
-198
-2042
-1027
-2128
-2677
-1105
-870
-3804
-7797
-8197
-5543
-5691
-7419
-6581
-4820
-5502
-9277
-11163
-7211
-2587
-2772
-5278
-6562
-5594
-4418
-3328
-922
1151
261
-1889
-2258
421
3161
3235
2861
3367
3196
2388
2141
4017
6220
5898
3859
3022
3461
4012
3722
3776
4226
158
-3428
-1557
417
706
-1948
-7610
-8312
-5900
-5308
-6924
-8932
-9286
-10177
-12486
-11672
-9468
-10160
-11748
-12819
-11685
-10429
-11202
-10875
-8876
-7531
-7370
-8109
-7660
-5023
-2850
-2315
-1977
-1003
14
11
998
3511
4615
4227
3802
3949
5398
6543
6238
6766
7360
7330
6990
6913
8431
9498
9113
8978
9454
9613
10217
10813
11623
12893
13494
12048
7940
5548
8413
13043
14462
9792
1833
194
4761
8627
7294
2533
-1061
-1104
-1399
-2372
-1459
-803
-2349
-5793
-7614
-6530
-5765
-6536
-6285
-5151
-5329
-7593
-10252
-8468
-4104
-2673
-4194
-5982
-6206
-5130
-3656
-1906
111
67
-1417
-2391
-1071
1602
2798
2553
2677
2641
2005
1822
2729
4806
5472
4069
2710
2765
3214
3414
3353
4035
2818
-1108
-2667
-1721
-367
2
-2961
-6704
-7602
-7517
-7156
-7165
-7861
-9188
-11788
-13122
-11778
-10546
-10758
-11803
-12682
-12385
-12476
-12439
-10836
-9375
-8817
-9026
-9405
-8439
-6518
-5053
-3985
-3093
-2706
-2797
-2443
-453
1595
2389
2150
1540
1634
2682
3853
4688
5179
4763
4225
3984
4966
6594
6865
6600
6759
6751
6968
7705
8048
9315
10134
10253
10571
11306
9314
5389
5519
10215
13507
11616
4258
-666
2403
7453
8188
4342
48
-1456
-1390
-1952
-1323
-214
-1326
-4684
-7367
-6687
-5032
-5638
-6390
-5621
-5370
-6990
-9373
-9475
-5789
-3354
-4306
-6156
-6806
-6389
-5387
-3393
-1146
-543
-2388
-3778
-2978
-159
1641
1454
1063
1323
1005
693
1414
3337
4686
3779
2110
1686
2457
2988
3376
3514
3801
587
-3272
-2287
-213
603
-251
-4812
-7597
-7289
-7183
-6142
-6160
-7634
-9991
-12705
-12681
-10005
-9366
-10239
-11773
-12640
-12210
-12362
-11408
-9049
-8374
-8872
-9501
-9548
-7716
-5609
-4212
-3154
-2860
-3012
-3303
-2152
953
2815
2490
1630
1225
1873
3619
4630
5588
5631
4431
3876
4527
6088
7530
7024
6562
6988
6568
7125
8189
9000
10248
10297
9087
10075
11682
11552
8050
5378
8098
12521
12693
7641
1702
1994
6638
8468
5825
1893
-393
-255
-355
-1024
-323
-441
-3071
-5828
-6047
-4483
-4426
-5922
-5921
-5098
-5601
-7412
-8571
-6718
-3811
-3856
-5259
-5758
-5514
-4690
-3573
-2007
-691
-1121
-2441
-2305
-504
1528
1844
1483
2062
2125
1780
2110
3180
4621
4788
3514
2974
3551
3973
3842
4093
4311
3996
330
-2755
-596
1756
1255
-1066
-5193
-6956
-6150
-5569
-4627
-5699
-8367
-10535
-11916
-10853
-8377
-8807
-10745
-12276
-12185
-11256
-11297
-10267
-8361
-8406
-9366
-9392
-8439
-6421
-4559
-3528
-2866
-2990
-3037
-2510
-471
2513
3436
2345
1592
1841
3119
4960
5771
6093
5678
4488
4587
5962
7317
8190
7568
6745
6950
7002
7773
9146
9716
9993
9352
8678
9849
11600
12670
11146
6427
5189
8786
12004
11807
6527
1142
2372
5842
6859
4579
620
-691
-301
-1552
-2115
-1369
-2046
-3862
-6125
-6449
-5277
-6027
-7208
-6447
-5753
-6167
-8413
-9784
-7397
-4926
-5088
-6090
-6938
-6665
-5862
-5057
-3429
-2234
-2835
-3844
-3833
-2257
-557
-551
-459
-82
-364
-601
-359
714
1975
1726
709
401
589
928
783
988
1131
699
-2989
-5709
-2918
-1078
-2510
-4176
-7727
-9700
-8430
-7436
-7012
-8269
-10477
-12243
-13164
-11749
-9416
-10158
-11790
-12550
-12166
-11347
-11016
-9698
-7990
-8188
-8780
-8096
-7034
-5389
-3395
-2242
-1912
-1899
-1529
-941
1118
3717
3949
2881
2882
3599
4363
5711
6144
6225
5970
5483
5513
6587
7625
7576
7184
7177
7382
7514
8031
8543
9103
9650
9571
9289
10172
11512
11927
9592
6139
6462
10075
12334
10383
4927
1728
3975
6905
7094
4252
711
-137
111
-550
-577
-407
-1602
-3588
-5142
-4807
-4170
-4990
-5528
-5000
-4755
-5673
-7420
-7634
-5336
-3654
-4131
-5247
-5887
-5454
-4575
-3426
-1980
-1514
-2408
-3072
-2461
-822
343
497
660
690
429
555
1291
2383
3204
2789
1957
1818
2246
2575
2114
1968
2030
831
-474
-445
-429
-622
-1495
-2905
-3630
-4393
-5293
-5353
-5357
-5781
-6790
-8518
-8908
-7973
-7469
-7861
-8627
-8757
-8481
-8578
-7878
-6617
-6222
-6307
-6287
-5586
-4364
-3197
-2371
-1682
-1234
-803
-308
449
1825
2791
2948
2902
3078
3643
4269
4777
5222
5463
5351
5130
5380
6208
6680
6795
6730
6405
6688
7185
7628
8209
8631
8558
8722
9296
9998
11045
11719
9475
6012
5951
9479
12402
11043
5399
1579
3457
7025
7641
4702
1470
600
477
-221
-283
321
-319
-2618
-4602
-4210
-3396
-4408
-5057
-4318
-3810
-5078
-7353
-7724
-5269
-3321
-3904
-5362
-5986
-5581
-4944
-3897
-2333
-1689
-2612
-3639
-3335
-1544
-59
34
-64
-17
-230
-294
360
1676
2546
2003
909
803
1381
1811
1754
1435
1107
153
-1231
-1652
-1341
-1376
-2260
-3588
-4751
-5736
-6504
-6766
-6559
-6926
-8501
-10065
-10478
-10010
-9734
-9988
-10469
-10852
-11121
-11262
-10738
-9719
-8943
-9153
-9353
-8792
-7772
-6798
-5775
-4905
-4244
-3764
-3514
-2694
-1285
-181
368
476
676
1250
1950
2541
3097
3706
3776
3525
3720
4442
5048
5634
5849
5537
5368
5899
6842
7482
7810
7842
7914
8464
9293
10083
10925
11398
9608
6268
6375
9800
12638
11509
6278
2608
4393
7580
8227
6095
3182
1938
1434
816
1120
1792
1206
-989
-3139
-2960
-2256
-2744
-3167
-2725
-2504
-3643
-5625
-5786
-3508
-1809
-2175
-3303
-3911
-3641
-3074
-1993
-303
444
-321
-1370
-1058
716
2079
2358
2494
2569
2350
2325
2988
4257
5123
4833
4032
3853
4368
4754
4811
4651
4600
3803
2849
2398
2122
1616
915
329
-30
-1222
-2792
-3804
-3666
-3159
-3952
-5681
-6837
-7152
-6978
-6642
-6745
-7046
-7714
-8402
-8051
-6995
-6191
-6060
-6137
-5771
-5110
-4466
-3543
-2427
-1505
-912
-741
-351
654
1771
2640
3137
3466
3681
3849
4282
5288
5998
5962
5869
5761
6310
6969
7234
7547
7712
7779
7890
8075
8584
9253
9433
9593
10076
10603
11020
11431
12232
12132
9682
7579
8827
11819
13111
10279
5445
4151
6627
8550
7823
4993
2919
2268
1605
1235
1699
1613
338
-1922
-2939
-2153
-2135
-3124
-3195
-2692
-2817
-4332
-5690
-4836
-2921
-2329
-3030
-3823
-3881
-3510
-2970
-1776
-629
-521
-1300
-1717
-852
700
1402
1464
1659
1803
1761
1860
2566
3715
4042
3496
3166
3247
3645
3875
3853
3675
3247
2333
1496
1418
1145
341
-282
-1015
-1791
-2780
-4136
-4523
-4162
-4526
-5808
-7057
-7489
-7380
-7416
-7485
-7481
-7855
-8362
-8527
-7883
-6872
-6505
-6578
-6329
-5774
-5098
-4288
-3465
-2449
-1689
-1331
-1141
-392
794
1637
2098
2509
2891
3134
3500
4093
4708
5096
5052
4994
5335
5841
6171
6327
6586
6901
6763
6797
7383
7825
8258
8641
8631
8881
9441
9811
10708
11768
11532
9016
6361
7401
11015
12828
10464
5489
3127
5478
8071
8077
5794
3025
1855
1704
1364
1806
2154
1031
-1115
-2373
-2193
-1895
-2536
-2633
-2041
-2302
-3673
-5336
-5221
-3121
-1962
-2482
-3444
-4121
-4151
-3356
-2057
-684
-444
-1610
-2226
-1488
63
1057
1131
1233
1265
1045
1240
2067
3027
3558
3143
2530
2541
2836
2968
3215
3243
2651
1723
892
885
1335
440
-1119
-1841
-2064
-2324
-3248
-4500
-4842
-4884
-5605
-6338
-6863
-7096
-7250
-7548
-7476
-7302
-7657
-7900
-7714
-7114
-6290
-6283
-6275
-5655
-4936
-4209
-3480
-2749
-1948
-1332
-904
-105
890
1520
1828
2132
2961
3615
3894
4234
4581
4960
5136
5123
5498
6172
6392
6225
6238
6713
6972
6943
7193
7517
7743
7802
7951
8394
8901
9199
9569
10097
10954
10560
8399
6431
7470
10417
11777
9302
5201
3399
5357
7612
7598
5395
2858
1685
1499
1569
1842
1715
502
-1249
-2464
-2532
-2214
-2464
-2706
-2657
-3093
-4315
-5447
-5179
-3504
-2411
-2975
-4073
-4698
-4378
-3508
-2240
-1205
-1235
-1997
-2483
-1816
-543
442
677
692
564
349
435
1169
2265
2766
2362
1735
1605
1955
2245
2740
2795
2005
1094
495
760
1243
790
-716
-2071
-2212
-1907
-2466
-3456
-4262
-4847
-5360
-5685
-5925
-6285
-6846
-7232
-7219
-7081
-7101
-7341
-7479
-7051
-6499
-6298
-6328
-6055
-5281
-4549
-4010
-3409
-2728
-2269
-1745
-915
-51
477
750
1100
1718
2357
2798
3023
3291
3690
3834
3931
4046
4358
4726
4896
4873
4811
4787
5139
5564
5835
5927
6055
6066
6275
7017
7496
8086
8461
8922
9138
8027
6079
5544
7486
10033
9487
5969
2635
2613
5172
6797
5387
2591
768
-28
-12
220
574
124
-1681
-3852
-4485
-3837
-3538
-3822
-4163
-4442
-5306
-6565
-6706
-5573
-4106
-3935
-5046
-5945
-5762
-5083
-3965
-2747
-2235
-2658
-3531
-3380
-2074
-631
-32
-74
-276
-392
-231
405
1503
2298
2195
1549
1120
1510
2106
2482
2615
2129
1361
778
345
671
760
-347
-1220
-1918
-2646
-3104
-3758
-3993
-4070
-4942
-6133
-6817
-6993
-6691
-6842
-7133
-7295
-7874
-8114
-7824
-7245
-6483
-6323
-6711
-6536
-5862
-4930
-3981
-3340
-2815
-2474
-2123
-1375
-296
773
1331
1387
1689
2348
2911
3543
4179
4574
4775
4606
4683
5335
5960
6269
6388
6308
6337
6393
6774
7482
7916
8054
8053
7928
8477
9264
9721
10244
10863
11139
10047
8026
7200
9141
11494
11499
8470
5055
4395
6572
8084
7602
5198
3045
1753
1569
1943
2543
2055
263
-1637
-2376
-2054
-1895
-2261
-2403
-2552
-3288
-4611
-5113
-4208
-2847
-2456
-3112
-3983
-4320
-3905
-2883
-1435
-786
-1080
-1970
-2005
-857
578
1274
1283
1235
1104
1113
1637
2706
3535
3483
2936
2591
2808
3247
3620
3934
4011
2963
1917
1656
2016
2443
1574
111
-391
-868
-1449
-1945
-2452
-2678
-3105
-4263
-5145
-5407
-5404
-5395
-5727
-5942
-6268
-6959
-7008
-6275
-5513
-5293
-5804
-5958
-5303
-4502
-3693
-2853
-2322
-2065
-1916
-1355
-283
849
1536
1549
1634
2125
2797
3369
4116
4445
4379
4232
4397
5064
5639
5947
5855
5777
5934
6044
6368
6813
7184
7315
7195
7272
7611
8307
8892
9288
9508
10078
9952
8623
6922
6738
9129
11043
9688
6096
3360
4141
6774
7468
5595
2830
1306
1028
1151
1165
1368
475
-1435
-3010
-3267
-2682
-2607
-3110
-3300
-3518
-4476
-5649
-5627
-4250
-2966
-3292
-4363
-4905
-4631
-3791
-2755
-1768
-1403
-1884
-2486
-2094
-830
493
927
830
674
656
896
1622
2578
3183
2962
2280
2122
2558
3090
3482
3557
3378
2390
1407
1472
1889
2074
1311
-310
-1224
-1362
-1684
-1909
-2409
-3188
-4060
-5123
-5519
-5306
-5359
-5779
-6359
-6798
-6990
-7254
-7057
-6474
-6163
-6139
-6365
-6424
-5717
-4764
-4091
-3546
-3315
-3116
-2709
-1918
-795
131
483
473
605
1242
2106
2730
3212
3380
3222
3146
3584
4253
4768
4846
4766
4737
4681
5079
5622
5929
6084
5885
5848
6392
6944
7446
7669
7985
8541
9204
8650
6846
5400
6220
8665
9859
7610
3855
1880
3670
6124
6091
3619
1003
-227
-56
220
151
16
-1168
-3070
-4319
-4186
-3566
-3732
-4301
-4553
-4811
-5742
-6685
-6404
-4861
-3790
-4420
-5584
-6051
-5382
-4236
-3227
-2493
-2482
-3152
-3547
-2744
-1270
-161
-100
-466
-483
-247
281
1061
1828
2217
1887
1274
1322
1881
2495
2728
2665
2461
1377
490
900
1471
1555
636
-1253
-2007
-1814
-2003
-2204
-2949
-3968
-4753
-5537
-5715
-5474
-5806
-6313
-6920
-7274
-7259
-7426
-7271
-6699
-6514
-6551
-6677
-6672
-5968
-5051
-4481
-3940
-3691
-3602
-3193
-2221
-913
-126
-13
-53
188
861
1806
2404
2823
3002
2839
2870
3337
4061
4682
4710
4516
4515
4692
5291
5780
5981
6031
6005
5981
6564
6959
7467
7882
8256
8404
9082
9215
8191
6822
6291
7651
9799
9251
6216
3556
3331
5620
6677
5192
2698
1094
611
928
785
624
57
-1571
-3040
-3383
-3135
-2945
-3458
-3876
-4018
-4547
-5660
-5910
-5075
-3789
-3692
-4638
-5275
-5187
-4384
-3338
-2453
-2190
-2487
-3125
-2750
-1531
-352
103
-100
-272
-173
210
795
1602
2117
2020
1515
1242
1695
2279
2507
2534
2484
1659
625
458
985
1341
563
-1088
-1838
-2066
-2337
-2557
-3234
-4025
-4634
-5542
-6178
-6251
-6247
-6419
-7118
-7626
-7668
-7933
-8060
-7622
-7100
-7042
-7435
-7527
-6858
-6068
-5479
-4804
-4445
-4324
-3969
-3187
-2028
-1126
-699
-643
-442
159
1068
1679
2056
2470
2535
2605
2852
3391
4043
4419
4396
4303
4303
4458
5060
5708
5876
5684
5583
5766
6327
7028
7617
7789
7951
8348
8785
7992
6995
6273
6741
8702
9093
6682
4082
3032
4564
6046
5297
3037
1553
575
499
533
465
209
-1196
-2718
-3414
-3356
-3005
-3234
-3879
-3938
-4186
-5242
-5633
-5108
-3940
-3382
-4089
-4767
-4747
-4146
-3316
-2372
-1876
-1802
-2366
-2314
-1344
-317
400
399
306
421
691
1024
1690
2383
2529
2165
1780
2011
2398
2754
2877
2891
2322
1296
809
1135
1537
1065
-359
-1258
-1619
-1978
-2151
-2725
-3506
-4121
-4851
-5651
-5910
-5894
-6095
-6766
-7231
-7252
-7522
-7848
-7584
-7016
-6760
-7155
-7327
-6824
-6096
-5439
-4829
-4480
-4330
-3983
-3227
-2305
-1398
-778
-722
-581
-151
687
1291
1748
2123
2271
2263
2433
2788
3243
3667
3691
3654
3786
3905
4058
4646
5036
4956
5010
5239
5356
5711
6313
6869
7344
7658
8107
7567
6338
5754
5802
7300
8663
7087
4336
2651
3113
5078
5502
3594
1557
374
-67
191
186
59
-805
-2419
-3510
-3714
-3456
-3201
-3671
-4005
-4078
-4936
-5869
-5563
-4561
-3477
-3638
-4566
-5141
-4717
-3898
-2857
-2123
-2007
-2346
-2856
-2215
-1095
-133
211
-38
-104
109
402
846
1725
2116
1953
1620
1371
1743
2179
2568
2629
2400
1545
655
634
1168
1309
557
-766
-1581
-1971
-2213
-2390
-2851
-3677
-4526
-5293
-5853
-5827
-5920
-6253
-6796
-7236
-7372
-7627
-7644
-7164
-6728
-6797
-7095
-7048
-6419
-5662
-5103
-4528
-4157
-3990
-3561
-2717
-1784
-883
-476
-410
-202
318
1118
1733
2274
2478
2471
2397
2607
3326
3977
4194
3966
3918
4038
4428
4942
5333
5606
5531
5526
5635
6020
6917
7475
7635
7918
8111
8814
8379
6899
5967
6409
8428
9537
7142
3966
2715
4204
6162
5751
3262
1367
342
354
617
505
164
-974
-2700
-3549
-3326
-3034
-3162
-3765
-3938
-4017
-5024
-5762
-5253
-4008
-3178
-3707
-4702
-4845
-4253
-3321
-2284
-1746
-1791
-2221
-2491
-1568
-263
442
504
380
380
596
873
1538
2422
2604
2217
1675
1716
2351
2746
2851
2809
2483
1670
746
698
1390
1650
639
-1414
-2276
-1927
-2071
-2371
-3160
-4498
-5436
-5802
-5945
-5936
-6333
-7000
-7637
-8117
-7915
-7826
-8039
-7876
-7525
-7500
-7775
-7818
-6945
-5946
-5727
-5351
-4859
-4695
-4255
-3278
-2249
-1566
-1317
-1204
-964
-280
768
1315
1462
1620
1742
1944
2347
2981
3540
3745
3371
3246
3733
4330
4841
5072
5047
4982
4986
5559
6297
6697
7116
7475
7434
8273
8985
7788
6263
5449
6686
9379
9122
5774
3016
2560
4901
6487
4986
2260
699
289
661
407
141
-88
-1655
-3301
-3572
-3280
-2960
-3519
-4164
-3883
-4081
-5401
-5883
-4980
-3458
-3020
-4060
-4886
-4616
-3845
-2865
-2032
-1616
-1609
-2266
-2236
-960
244
876
701
514
770
1037
1348
2124
2820
2942
2446
1912
2270
2877
3152
3193
3020
2556
1570
856
1142
1767
1533
6
-1364
-1508
-1806
-2203
-2575
-3253
-4147
-4955
-5701
-5923
-5938
-6102
-6633
-7406
-7636
-7579
-7824
-7773
-7174
-6868
-7130
-7539
-7174
-6108
-5505
-5110
-4537
-4356
-4242
-3642
-2576
-1510
-974
-823
-751
-437
428
1279
1570
1800
2061
2067
2100
2529
3167
3701
3550
3397
3576
3715
4030
4700
5112
5107
5076
5044
5399
6003
6739
7241
7539
7866
8420
7821
6500
5632
6122
8135
9197
7020
3994
2318
3562
5844
5664
3322
1269
305
220
401
199
119
-952
-2592
-3566
-3634
-3163
-3201
-3773
-3893
-3920
-4916
-5792
-5448
-4180
-2926
-3448
-4525
-4885
-4263
-3324
-2341
-1682
-1562
-1974
-2416
-1649
-412
539
720
393
345
588
879
1450
2276
2605
2321
1736
1590
2071
2503
2714
2541
2347
1788
1227
892
-41
-276
336
-150
-1241
-2392
-4005
-4304
-3653
-3460
-4409
-6197
-7375
-7313
-7183
-6862
-6765
-7543
-8565
-9141
-8537
-7590
-7407
-7325
-7158
-7577
-7422
-6410
-5598
-4841
-4234
-3977
-4020
-3674
-2545
-1385
-792
-456
-331
-277
149
889
1733
2216
2040
1813
1942
2188
2733
3325
3503
3346
3013
3224
3543
4010
4555
4683
4637
4653
4734
5215
6006
6755
7195
7241
7423
6668
5541
4847
5758
8033
8367
5491
2447
1647
3790
5605
4819
2150
246
-462
-209
-133
-297
-585
-1876
-3560
-4271
-4146
-3753
-3930
-4380
-4496
-4838
-6067
-6632
-5815
-4316
-3692
-4565
-5672
-5796
-4971
-3800
-2781
-2417
-2528
-3160
-3235
-2104
-860
-28
-93
-400
-430
-104
369
1154
1902
2033
1620
1095
1229
1726
2214
2397
2210
1761
1162
287
-72
580
796
143
-1248
-2922
-3460
-3126
-3128
-3633
-4740
-6153
-6990
-7284
-7097
-7171
-7737
-8415
-9144
-9579
-9390
-8982
-8720
-8627
-8892
-9032
-9050
-8669
-7629
-6643
-6341
-6402
-6253
-5717
-4749
-3498
-2511
-2349
-2494
-2151
-1469
-579
306
747
846
720
894
1422
2094
2666
3023
2910
2742
2893
3576
4347
4705
4796
4885
5001
5345
5991
6577
7121
7393
8026
8359
9066
8684
7372
6878
7043
8433
9708
7974
5540
4286
4604
6122
6344
4630
2847
1574
1069
1421
1249
874
-25
-1421
-2272
-2548
-2691
-2474
-2747
-3119
-3286
-4193
-4914
-4469
-3753
-2964
-3040
-3829
-4212
-3834
-3069
-2027
-1485
-1460
-1548
-1881
-1249
-239
535
968
822
700
975
1343
1795
2531
2761
2691
2413
2238
2517
2941
3219
3300
2918
2510
2090
1377
1411
1645
1337
653
-680
-1729
-1624
-1883
-2478
-3087
-4039
-4753
-5252
-5603
-5819
-6103
-6373
-6635
-7284
-7493
-7303
-7137
-6880
-6694
-6652
-6664
-6560
-5937
-4896
-4365
-4187
-3806
-3329
-2725
-1926
-952
-396
-208
135
607
1063
1738
2265
2532
2680
2808
3085
3380
3758
4155
4288
4179
4203
4568
4946
5151
5330
5467
5670
5983
6314
6649
6753
7258
8155
8499
8917
9374
8053
7080
7152
7600
9102
9284
7093
5272
4194
4801
6244
5800
4053
2605
1153
836
1025
755
663
-500
-1995
-2598
-3152
-3139
-2758
-3164
-3475
-3870
-4960
-5231
-4674
-4028
-3206
-3603
-4312
-4542
-4230
-3268
-2210
-1763
-1725
-1992
-2200
-1286
-417
314
713
541
535
783
1055
1692
2368
2549
2489
2097
2041
2415
2790
3072
3071
2600
2171
1694
1010
1202
1456
962
126
-1047
-1851
-2063
-2281
-2795
-3565
-4378
-5088
-5561
-5956
-6150
-6369
-6582
-7091
-7610
-7628
-7478
-7329
-7030
-6821
-6884
-6890
-6630
-5912
-5120
-4590
-4219
-3981
-3418
-2736
-1966
-1148
-586
-260
6
414
940
1587
2069
2275
2347
2546
2923
3224
3656
3851
3750
3782
3893
4240
4747
4988
5069
5041
5171
5663
6066
6479
6719
7051
7598
8302
8844
9134
7813
6652
7022
7670
8890
8882
6543
4920
4457
5058
5986
5453
3732
2434
1212
833
1166
944
441
-715
-1989
-2573
-2907
-3052
-2783
-3020
-3505
-3944
-4967
-5083
-4340
-3770
-3271
-3638
-4223
-4377
-3895
-3038
-2023
-1673
-1756
-1978
-1898
-1045
-221
429
816
710
651
949
1335
1967
2628
2736
2612
2319
2306
2714
3021
3325
3281
2851
2421
2163
1716
1498
1502
1126
507
-439
-1319
-1589
-1900
-2367
-3106
-4035
-4651
-4926
-5242
-5680
-6042
-6261
-6576
-7058
-7123
-6965
-6964
-6950
-6787
-6590
-6457
-6226
-5730
-5104
-4576
-4295
-3906
-3361
-2757
-2043
-1412
-968
-552
-105
283
692
1133
1575
1826
1986
2191
2472
2670
2854
2964
3199
3247
3318
3417
3746
4136
4198
4385
4462
4621
4924
5583
6118
6176
6519
6923
7522
8392
7461
5976
5800
6167
7455
8129
6001
4134
3226
3363
4502
4248
2666
1187
-187
-680
-423
-815
-1383
-2346
-3614
-4082
-4727
-5232
-4946
-5086
-5526
-5841
-6791
-7312
-6793
-6304
-5586
-5611
-6191
-6513
-6370
-5551
-4464
-4004
-3896
-3974
-4058
-3392
-2619
-1842
-1238
-1198
-1340
-1121
-758
-153
543
784
792
590
512
784
1135
1565
1712
1357
965
739
697
321
-89
-123
-425
-1185
-1920
-2608
-2836
-3197
-3917
-4502
-5222
-5870
-5952
-6457
-6916
-7024
-7278
-7567
-7930
-7833
-7506
-7630
-7698
-7163
-6885
-6824
-6506
-6031
-5269
-4839
-4504
-3887
-3345
-2834
-2080
-1510
-1060
-473
-31
380
707
1091
1659
1741
1890
2286
2455
2578
2821
2966
3208
3266
3302
3713
3952
4223
4272
4213
4667
5119
5537
5826
5885
6413
7226
7694
8357
8103
6500
6143
6277
7293
8818
7530
4957
3683
3524
4945
5387
3810
2202
1080
122
361
105
-241
-674
-2177
-3101
-3525
-3941
-3688
-3710
-4195
-4265
-5002
-5981
-5606
-5057
-4175
-3941
-4767
-5202
-5065
-4499
-3474
-2756
-2620
-2599
-3105
-2757
-1705
-1018
-392
-378
-601
-469
-193
271
1073
1341
1321
1095
797
1029
1444
1699
1910
1677
1274
864
666
673
295
-215
-483
-998
-1668
-2436
-3021
-3301
-3793
-4572
-5464
-6179
-6401
-6503
-7089
-7635
-8054
-8270
-8465
-8722
-8533
-8428
-8686
-8719
-8373
-8022
-7716
-7398
-6940
-6369
-6106
-5655
-5035
-4409
-3752
-3226
-2786
-2348
-1811
-1282
-778
-530
-101
208
334
677
1054
1279
1479
1619
1660
1844
1964
2367
2848
3013
2990
2978
3269
3825
4366
4730
4923
5336
5670
6238
6979
7766
8027
6565
5679
5932
6685
7977
7664
5679
4333
3793
4324
5005
4504
3257
1938
529
351
547
290
-289
-1329
-2308
-2913
-3540
-3636
-3308
-3477
-3872
-4463
-5349
-5335
-4825
-4224
-3694
-3913
-4530
-4655
-4331
-3342
-2295
-2073
-2068
-2258
-2095
-1347
-679
-31
419
337
252
550
919
1570
2083
2142
2114
1965
1910
2203
2543
2832
2805
2405
2059
1910
1945
1446
805
679
403
-269
-781
-1535
-2276
-2946
-3505
-3734
-4063
-4805
-5440
-6130
-6566
-6281
-6174
-6630
-7209
-7430
-7143
-6945
-6772
-6246
-6064
-6183
-5870
-5220
-4464
-4014
-3622
-3060
-2572
-2120
-1521
-848
-260
309
675
1011
1225
1543
2144
2344
2678
3060
3092
2973
3175
3605
3996
4088
4123
4330
4518
4831
5048
5423
5745
6042
6325
6540
7010
7709
8379
8768
9370
9284
7955
7532
8014
8637
9404
8636
7014
5991
5396
5754
6360
5755
4497
3075
1704
1662
1928
1607
806
-416
-1159
-1735
-2390
-2340
-1996
-2338
-2892
-3565
-4179
-3845
-3490
-3137
-2729
-2922
-3378
-3575
-3100
-1985
-1188
-1105
-1130
-1251
-899
-212
387
1090
1481
1305
1220
1584
2171
2844
3142
3087
3083
2985
3038
3292
3626
3893
3649
3255
2988
2858
2905
2490
1689
1342
975
487
36
-682
-1312
-2045
-2772
-3322
-3678
-4032
-4534
-5260
-5806
-6087
-6162
-6191
-6515
-6747
-6784
-6791
-6571
-6325
-5992
-5701
-5547
-5194
-4653
-4158
-3714
-3139
-2621
-2057
-1643
-1203
-637
-153
276
683
907
1059
1389
1637
1929
2227
2292
2366
2431
2458
2748
3043
3236
3387
3428
3497
3620
4095
4650
4731
4773
5006
5455
6103
6681
7130
7463
7974
7794
6763
6797
7263
7462
7699
7008
5953
5395
4742
4373
4669
4342
3446
2112
754
479
625
322
-537
-1593
-2261
-2722
-3462
-3449
-3052
-3410
-4007
-4583
-4954
-4625
-4306
-4180
-3879
-3905
-4124
-4180
-3722
-2850
-2173
-1980
-1883
-1743
-1359
-753
-276
396
872
787
884
1321
1822
2380
2664
2777
2865
2846
2847
3057
3388
3684
3450
3052
2876
2809
2620
1748
1327
1365
1035
415
-384
-1318
-1835
-2467
-2989
-3096
-3701
-4560
-5184
-5759
-5822
-5667
-5916
-6416
-6915
-6881
-6578
-6502
-6187
-5663
-5680
-5712
-5283
-4632
-3839
-3415
-2973
-2363
-2005
-1585
-891
-152
455
899
1078
1336
1583
2059
2542
2691
2919
3005
2953
3049
3401
3760
3847
3688
3773
4006
4251
4445
4656
4860
5092
5179
5484
5787
6008
6600
7263
7542
7991
7960
6943
6413
6950
7476
7546
6993
5755
5197
4943
4625
4436
4150
3477
2674
1498
705
707
733
217
-721
-1552
-1977
-2554
-2872
-2604
-2608
-3071
-3708
-4235
-4100
-3605
-3381
-3261
-3149
-3205
-3343
-3104
-2424
-1674
-1275
-1183
-1146
-946
-368
216
724
1190
1471
1453
1608
2153
2613
3034
3232
3280
3297
3330
3464
3727
4024
4073
3739
3384
3276
2766
2151
1990
1867
1692
1068
-210
-1027
-1321
-1663
-2017
-2624
-3460
-4203
-4776
-5032
-5144
-5186
-5549
-6238
-6606
-6380
-6172
-6031
-5811
-5614
-5517
-5492
-5213
-4473
-3678
-3271
-2972
-2592
-2116
-1579
-892
-127
371
668
846
1046
1407
1966
2357
2402
2455
2531
2703
2965
3316
3374
3320
3377
3638
3926
4135
4358
4678
4956
4970
5078
5408
6016
6544
7050
7315
7399
8091
8680
7783
7094
7366
7837
8119
7551
6542
6061
5637
5335
5014
4500
4107
3428
2106
1229
1062
1033
465
-789
-1535
-1629
-2204
-2819
-2877
-2832
-3139
-3707
-4367
-4221
-3852
-3748
-3708
-3687
-3551
-3533
-3635
-3077
-2251
-1926
-1797
-1796
-1522
-921
-521
-120
353
595
632
775
1156
1760
2125
2121
2119
2240
2385
2444
2473
2724
2818
2492
2197
2062
1710
783
342
695
548
-40
-1234
-2509
-2897
-3043
-3243
-3554
-4411
-5439
-5982
-6452
-6259
-5905
-6294
-7071
-7681
-7475
-7009
-6926
-6612
-6198
-6362
-6423
-6000
-5324
-4498
-4010
-3722
-3344
-3066
-2586
-1899
-1204
-565
-214
-159
-13
312
872
1378
1438
1484
1584
1496
1690
2111
2408
2588
2591
2589
2675
2919
3362
3823
4132
4248
4224
4290
4899
5753
6421
6700
6925
7264
7856
7651
6591
6791
7702
8046
7563
6324
5561
5661
5872
5402
4628
4075
3528
2710
1731
1429
1539
1037
-155
-1070
-1262
-1426
-2068
-2471
-2264
-2553
-3177
-3791
-3866
-3327
-3025
-3175
-3385
-3216
-3091
-3015
-2674
-2015
-1490
-1518
-1506
-1181
-491
44
281
597
995
1157
1301
1745
2298
2680
2770
2669
2832
3101
3208
3310
3518
3618
3402
3027
2930
2795
1847
1214
1560
1641
1026
-173
-1519
-1857
-1785
-1919
-2304
-3407
-4325
-4712
-5106
-5035
-4671
-4959
-5842
-6529
-6235
-5590
-5613
-5525
-5122
-5154
-5274
-4858
-4173
-3464
-2987
-2635
-2322
-2102
-1558
-761
-148
345
733
876
913
1149
1807
2304
2367
2330
2412
2354
2601
2975
3287
3402
3196
3215
3599
3975
4032
4264
4549
4847
5093
5108
5337
5892
6535
7098
7331
7405
7771
7612
6910
7074
7769
8041
7427
6023
5557
5889
5888
5335
4392
3724
3435
2960
1925
1476
1339
945
-23
-1017
-1248
-1319
-1922
-2409
-2424
-2516
-2957
-3605
-3777
-3209
-2958
-3126
-3371
-3301
-2969
-2768
-2560
-2111
-1635
-1579
-1512
-1214
-572
-71
128
384
704
1000
1175
1450
1925
2320
2435
2443
2511
2762
3013
3056
3104
3211
3125
2836
2717
2682
2140
1179
1059
1316
1004
438
-887
-1725
-1902
-2154
-2368
-2801
-3673
-4308
-4903
-5252
-4894
-4744
-5221
-5935
-6202
-5773
-5593
-5619
-5170
-4932
-5024
-4889
-4469
-3860
-3244
-2876
-2481
-2158
-1943
-1336
-754
-264
278
574
669
829
1087
1703
1917
1905
2172
2232
2165
2322
2563
2787
2928
2891
3107
3287
3418
3824
4041
4093
4452
4651
4908
5412
5528
5778
6275
6559
7207
7709
7360
6457
6128
6967
7791
7490
5968
4884
5090
5677
5357
4117
3307
3050
2734
1964
1140
723
685
-101
-1227
-1513
-1643
-2207
-2889
-3006
-2791
-3151
-4005
-4493
-4094
-3529
-3567
-4061
-4051
-3732
-3660
-3465
-3064
-2579
-2405
-2477
-2328
-1689
-1096
-885
-723
-341
39
210
393
861
1266
1485
1448
1512
1807
1969
1969
2062
2234
2205
1949
1690
1608
1184
415
221
364
109
-784
-1806
-2493
-2660
-2691
-3127
-3936
-4712
-5092
-5414
-5707
-5661
-5681
-6196
-6868
-6903
-6400
-6259
-6377
-6131
-5897
-5882
-5769
-5216
-4607
-4243
-3792
-3470
-3300
-2847
-2179
-1636
-1229
-809
-500
-323
-118
349
791
903
882
979
1209
1339
1461
1717
1858
1844
1895
2100
2260
2525
2958
3031
3072
3269
3454
3749
4237
4627
4908
5094
5425
5889
6405
6652
6264
5538
5787
6535
6967
6307
4631
4086
4822
5201
4609
3384
2371
2200
2132
1673
1112
491
-247
-994
-1568
-1520
-1701
-2408
-3020
-3203
-3195
-3443
-4122
-4365
-3857
-3769
-4042
-4291
-4223
-3836
-3538
-3370
-3076
-2886
-2869
-2569
-2163
-1473
-1143
-1190
-945
-509
-63
292
528
803
1113
1189
1248
1559
1837
1985
1968
1946
2039
1998
1900
1907
1745
1154
358
98
441
195
-635
-1617
-2464
-2733
-2754
-3086
-3620
-4308
-4960
-5348
-5679
-5462
-5367
-5963
-6571
-6559
-6233
-6095
-6094
-5813
-5536
-5654
-5549
-4991
-4434
-3993
-3571
-3264
-2956
-2608
-2081
-1505
-1104
-622
-310
-215
-7
365
793
935
962
1115
1316
1368
1554
1831
2003
2060
2049
2274
2563
2735
3041
3206
3161
3341
3703
4065
4377
4436
4602
4853
5230
5856
6268
6237
5581
4946
5440
6218
6346
5454
4082
3629
4153
4373
3776
2722
1931
1701
1207
645
304
-59
-740
-1561
-2177
-2299
-2544
-3157
-3513
-3603
-3753
-4215
-4752
-4833
-4401
-4273
-4580
-4747
-4645
-4466
-4310
-3991
-3585
-3374
-3374
-3181
-2787
-2219
-1898
-1770
-1504
-1169
-950
-689
-406
-84
204
278
376
565
758
817
896
1012
1010
823
662
655
423
-316
-864
-645
-569
-1211
-2135
-2957
-3368
-3157
-3339
-3969
-4623
-5144
-5365
-5573
-5667
-5494
-5721
-6295
-6426
-6146
-5784
-5781
-5729
-5364
-5164
-5078
-4634
-4136
-3727
-3221
-2868
-2548
-2102
-1567
-1039
-608
-198
235
523
693
982
1377
1633
1745
1771
1993
2146
2163
2413
2601
2599
2582
2726
2906
3082
3239
3318
3358
3494
3688
3904
3977
4129
4453
4653
4743
5033
5276
5727
5984
5245
4443
4759
5367
5834
5217
3710
3172
3476
3753
3727
2806
1789
1410
1046
868
791
164
-519
-1264
-1759
-1708
-2042
-2684
-2784
-3040
-3346
-3658
-4110
-4135
-3916
-3906
-3916
-4059
-4202
-4023
-3855
-3394
-2989
-2956
-2914
-2729
-2367
-1846
-1538
-1381
-1080
-972
-798
-416
-144
189
406
420
512
601
739
890
941
997
975
720
585
455
68
-629
-847
-569
-770
-1750
-2704
-3206
-3207
-3154
-3582
-4437
-5168
-5446
-5449
-5629
-5802
-5876
-6331
-6715
-6721
-6353
-6178
-6380
-6280
-5897
-5782
-5695
-5230
-4761
-4346
-3967
-3707
-3414
-3077
-2556
-1964
-1601
-1294
-994
-750
-466
-44
252
444
419
477
738
862
989
1256
1300
1265
1298
1445
1775
2006
2126
2205
2124
2349
2710
2937
3151
3363
3468
3671
4011
4425
4768
5110
5460
5243
4362
4218
5110
5617
5380
4091
3004
3261
3776
3653
2867
1754
1251
1091
617
220
-57
-591
-1315
-2061
-2243
-2253
-2818
-3261
-3327
-3453
-3744
-4298
-4551
-4206
-3843
-4013
-4232
-4334
-4194
-3897
-3630
-3260
-2987
-2949
-2905
-2635
-2121
-1561
-1385
-1328
-1041
-823
-473
-260
86
424
497
501
612
857
982
1115
1062
1094
1072
673
154
-287
-111
252
-195
-1357
-2226
-2473
-2217
-2217
-2786
-3754
-4486
-4663
-4587
-4710
-4911
-5209
-5726
-6092
-6060
-5652
-5583
-5777
-5723
-5480
-5449
-5417
-4957
-4464
-4145
-3923
-3661
-3418
-3061
-2320
-1748
-1414
-1170
-1015
-711
-294
192
532
624
621
774
967
1275
1539
1714
1874
1769
1829
2119
2481
2703
2791
2788
2806
2998
3250
3499
3712
3883
4004
4257
4622
4868
5081
5352
5701
5943
5457
4863
5230
5905
6048
5312
4297
4033
4348
4428
3909
3274
2620
2234
1803
1442
1301
1036
184
-528
-875
-913
-1227
-1857
-2065
-2005
-2288
-2839
-3195
-3137
-2805
-2877
-3143
-3204
-3041
-2915
-2719
-2381
-2071
-1953
-2037
-1799
-1335
-826
-598
-443
-168
99
319
482
857
1232
1409
1388
1457
1643
1844
1877
1877
1987
1917
1592
914
544
746
1033
622
-542
-1245
-1371
-1406
-1557
-2041
-2800
-3415
-3651
-3715
-3947
-4223
-4398
-4825
-5258
-5214
-4980
-5048
-5255
-5027
-4714
-4806
-4917
-4470
-3958
-3698
-3481
-3182
-2903
-2682
-2253
-1687
-1371
-1164
-931
-729
-429
-45
356
491
504
557
784
894
1055
1393
1568
1402
1341
1510
1896
2227
2239
2308
2256
2408
2734
3002
3160
3280
3423
3494
3709
4039
4485
4781
4936
5188
4811
4178
4419
5123
5270
4839
3818
3015
3420
3676
3465
2717
1611
1209
1128
759
458
34
-625
-1299
-1855
-2010
-2295
-2974
-3270
-3404
-3809
-4165
-4537
-4752
-4533
-4478
-4701
-4849
-5036
-4859
-4598
-4412
-4081
-3989
-4039
-3862
-3485
-2996
-2616
-2532
-2374
-2044
-1811
-1462
-1031
-892
-700
-554
-441
-227
-8
224
237
240
259
-18
-577
-737
-424
-347
-786
-1670
-2298
-2373
-2185
-2258
-2825
-3579
-4098
-4234
-4247
-4277
-4502
-4939
-5405
-5542
-5358
-5201
-5247
-5318
-5217
-5173
-5065
-4791
-4428
-4125
-3754
-3521
-3308
-3039
-2682
-2167
-1697
-1320
-1193
-1056
-851
-415
66
311
348
319
487
760
967
1179
1392
1411
1442
1528
1651
1880
2102
2330
2342
2315
2438
2683
2919
3132
3295
3352
3428
3647
4060
4428
4531
4695
4858
4655
4425
4611
4910
5020
4697
4115
3589
3560
3664
3557
3200
2528
1959
1476
1104
1055
1020
392
-480
-966
-1030
-1152
-1592
-1923
-2108
-2412
-2806
-3159
-3146
-2958
-3032
-3204
-3326
-3408
-3322
-3178
-3005
-2623
-2506
-2555
-2454
-2231
-1795
-1485
-1353
-1221
-1064
-899
-659
-409
-160
98
24
-38
44
173
297
383
367
145
-436
-943
-814
-513
-629
-1395
-2306
-2666
-2688
-2637
-2908
-3488
-4172
-4686
-4878
-4907
-4985
-5230
-5686
-6183
-6260
-6151
-6197
-6327
-6310
-6176
-6215
-6250
-6074
-5687
-5364
-5089
-4896
-4697
-4440
-4024
-3477
-3075
-2764
-2567
-2364
-2107
-1633
-1159
-1012
-931
-818
-586
-346
-72
235
433
526
658
856
1101
1449
1823
1949
1943
2028
2230
2637
2875
3045
3173
3238
3391
3713
3916
4149
4482
4785
4798
4276
4047
4514
5101
5100
4502
3923
3633
3639
3776
3671
3286
2771
2130
1697
1644
1564
1244
641
5
-237
-353
-812
-1139
-1126
-1153
-1591
-2131
-2330
-2233
-2180
-2197
-2167
-2322
-2476
-2625
-2313
-1830
-1571
-1634
-1695
-1532
-1237
-868
-584
-342
-254
-179
12
260
644
917
1023
1081
1158
1277
1441
1620
1654
1683
1262
719
780
877
890
788
114
-458
-640
-735
-666
-973
-1492
-1893
-2322
-2381
-2254
-2426
-2716
-3023
-3227
-3165
-3196
-3117
-2950
-2945
-3010
-2988
-2846
-2637
-2319
-2043
-1772
-1706
-1539
-1247
-912
-367
-61
97
271
472
729
1121
1361
1563
1693
1742
1834
1963
2260
2491
2557
2599
2649
2686
2883
3154
3370
3477
3396
3364
3527
3762
4018
4122
4111
3842
3525
3782
4311
4590
4784
4495
4215
4254
4164
4290
4741
4881
4613
3939
3385
3634
3995
3990
3602
3047
2617
2387
2211
2260
2311
1910
1292
744
493
738
705
394
247
-35
-439
-697
-707
-489
-368
-564
-820
-949
-933
-749
-547
-406
-368
-493
-656
-491
-155
205
341
178
162
222
457
657
908
1070
1006
830
871
1059
1245
1299
1189
799
421
463
649
520
279
-71
-414
-638
-707
-769
-981
-1253
-1512
-1781
-2060
-2030
-1965
-2086
-2338
-2499
-2499
-2585
-2583
-2369
-2209
-2379
-2418
-2306
-2169
-1950
-1706
-1510
-1463
-1385
-1134
-840
-592
-298
-86
28
186
402
698
807
939
1089
1175
1175
1201
1428
1617
1780
1848
1850
1853
1911
2145
2329
2448
2551
2499
2469
2653
2908
3160
3209
3142
3152
3300
3401
3574
3805
3841
3963
4043
4070
4150
4275
4274
4171
4267
4375
4283
4014
3728
3711
3928
3787
3421
3122
2851
2752
2624
2386
2181
1805
1397
1176
1090
926
664
373
169
46
-190
-351
-531
-596
-666
-825
-885
-927
-975
-993
-923
-821
-771
-849
-948
-748
-527
-481
-423
-407
-382
-349
-238
-30
39
12
-70
-82
6
25
-48
-375
-541
-333
-323
-594
-1000
-1239
-1234
-1349
-1510
-1747
-2077
-2324
-2362
-2587
-2809
-2989
-3137
-3324
-3466
-3389
-3508
-3773
-3842
-3643
-3609
-3762
-3747
-3651
-3542
-3419
-3240
-3115
-3130
-3042
-2892
-2652
-2525
-2373
-2201
-2064
-1966
-1729
-1531
-1542
-1410
-1214
-1020
-1053
-968
-918
-769
-621
-488
-402
-468
-391
-188
8
60
40
76
168
315
485
550
529
524
625
709
736
828
920
937
967
1073
1206
1225
1237
1266
1295
1093
1013
1052
1108
1097
1110
803
533
540
497
485
245
40
-128
-376
-575
-610
-751
-980
-1259
-1614
-1656
-1724
-1925
-2078
-2259
-2380
-2472
-2651
-2739
-2686
-2769
-2802
-2858
-2813
-2760
-2827
-2781
-2666
-2599
-2502
-2471
-2480
-2350
-2138
-2072
-2070
-2033
-1920
-1813
-1783
-1653
-1570
-1607
-1749
-1708
-1534
-1559
-1693
-1788
-1783
-1801
-1816
-1887
-2032
-2171
-2210
-2266
-2293
-2365
-2481
-2613
-2628
-2628
-2662
-2652
-2715
-2767
-2741
-2685
-2653
-2666
-2648
-2582
-2489
-2383
-2316
-2256
-2187
-2031
-1961
-1857
-1722
-1659
-1554
-1468
-1348
-1232
-1115
-1035
-901
-823
-776
-641
-575
-529
-416
-359
-258
-152
-61
54
123
121
200
355
438
560
661
702
759
880
967
1077
1125
1171
1204
1254
1372
1412
1494
1524
1577
1581
1629
1634
1719
1758
1732
1736
1720
1761
1586
1571
1605
1583
1502
1218
1131
1154
1099
1045
939
769
614
481
419
389
249
88
-111
-291
-399
-383
-495
-642
-731
-797
-975
-1150
-1164
-1194
-1294
-1462
-1516
-1457
-1452
-1559
-1568
-1437
-1447
-1519
-1501
-1549
-1504
-1441
-1457
-1518
-1605
-1546
-1526
-1580
-1557
-1531
-1590
-1628
-1594
-1552
-1584
-1682
-1739
-1751
-1798
-1839
-1846
-1921
-1943
-1908
-1899
-1915
-1933
-1909
-1888
-1874
-1891
-1839
-1829
-1793
-1757
-1704
-1619
-1586
-1519
-1463
-1403
-1321
-1202
-1076
-1031
-1028
-955
-839
-803
-736
-645
-582
-514
-430
-387
-296
-193
-170
-138
-93
6
151
274
303
392
425
470
544
587
682
736
773
828
853
910
1004
986
1014
1061
1070
1080
1182
1211
1209
1281
1277
1257
1293
1349
1383
1509
1485
1447
1419
1425
1479
1515
1540
1482
1489
1432
1436
1423
1479
1401
1340
1277
1166
1144
1105
1141
1055
972
839
726
666
627
623
542
358
247
192
167
110
10
-11
-86
-176
-281
-332
-361
-365
-399
-493
-597
-602
-590
-615
-641
-600
-614
-676
-670
-654
-626
-637
-610
-602
-587
-573
-509
-493
-488
-487
-479
-411
-423
-379
-297
-234
-186
-209
-172
-172
-141
-86
-86
-77
-42
-21
-32
-41
-10
-7
13
7
-23
3
22
41
56
83
39
55
50
101
104
119
130
106
138
104
128
58
110
138
132
98
93
91
51
79
57
86
87
111
114
131
101
168
237
263
253
190
247
230
276
395
433
404
355
371
380
403
486
524
410
328
324
379
418
448
474
365
308
296
322
376
351
326
202
133
122
137
135
86
77
-15
-23
-76
-83
-116
-142
-184
-267
-283
-331
-308
-256
-337
-346
-381
-440
-477
-422
-382
-484
-464
-459
-466
-497
-529
-552
-512
-446
-426
-443
-464
-506
-425
-379
-430
-447
-414
-385
-363
-325
-321
-286
-239
-209
-149
-153
-139
-72
-38
38
148
190
219
274
380
476
506
543
643
691
752
792
807
849
917
957
972
992
991
1003
1069
1119
1088
1155
1152
1169
1204
1214
1231
1231
1269
1210
1254
1270
1263
1340
1312
1351
1312
1333
1308
1331
1342
1364
1335
1357
1369
1397
1434
1442
1398
1380
1411
1443
1453
1474
1458
1426
1404
1429
1471
1418
1438
1392
1417
1404
1437
1439
1393
1361
1407
1395
1312
1295
1243
1298
1308
1347
1301
1230
1218
1209
1225
1219
1198
1155
1128
1113
1149
1098
1092
1027
989
1054
1063
1078
1073
1087
1064
1080
1086
1129
1123
1149
1228
1151
1236
1275
1327
1340
1373
1402
1474
1504
1579
1630
1702
1792
1812
1946
1975
2020
2093
2121
2199
2290
2286
2278
2306
2336
2369
2357
2369
2364
2291
2312
2281
2286
2322
2307
2280
2264
2256
2332
2354
2226
2220
2283
2211
2146
2130
2107
2076
2101
2068
2004
1909
1837
1835
1833
1791
1716
1669
1591
1561
1572
1554
1566
1486
1516
1493
1462
1504
1482
1507
1415
1492
1501
1507
1480
1499
1488
1509
1515
1517
1584
1546
1550
1568
1574
1535
1558
1558
1521
1546
1618
1555
1567
1508
1527
1528
1524
1509
1452
1469
1438
1475
1409
1392
1348
1351
1337
1335
1278
1247
1239
1200
1163
1128
1060
985
948
925
836
800
764
693
706
656
641
579
577
509
512
478
451
471
468
474
451
486
436
441
475
472
490
468
498
530
536
551
552
510
454
481
502
539
574
562
522
509
494
504
481
476
485
466
507
462
451
466
456
489
503
484
507
488
505
573
571
571
597
622
570
578
620
649
605
636
606
576
645
643
640
691
654
608
627
596
661
701
735
751
784
813
789
822
868
853
865
866
858
884
862
890
831
793
734
682
666
570
538
479
375
278
171
72
-1
-73
-233
-366
-491
-572
-671
-796
-847
-948
-1032
-1141
-1198
-1215
-1237
-1238
-1257
-1277
-1247
-1251
-1284
-1268
-1281
-1256
-1211
-1217
-1190
-1192
-1177
-1104
-1101
-1073
-1012
-1004
-947
-874
-854
-742
-672
-560
-548
-475
-350
-300
-207
-106
-49
6
75
66
153
209
245
207
234
262
259
289
298
322
346
383
385
380
389
432
396
397
396
399
375
409
477
453
468
443
482
506
525
573
612
675
732
778
830
863
913
1009
1063
1107
1192
1265
1313
1386
1399
1507
1549
1578
1678
1650
1722
1716
1701
1718
1684
1647
1609
1631
1631
1661
1748
1835
1924
2041
2188
2324
2423
2504
2655
2694
2718
2752
2776
2801
2795
2797
2815
2783
2767
2765
2746
2754
2751
2799
2783
2773
2771
2721
2663
2633
2568
2430
2323
2238
2039
1896
1717
1534
1370
1151
995
775
621
424
276
95
0
-146
-282
-431
-546
-640
-756
-801
-902
-918
-1044
-1086
-1149
-1177
-1181
-1262
-1307
-1345
-1398
-1438
-1409
-1436
-1491
-1450
-1457
-1495
-1467
-1507
-1482
-1517
-1513
-1522
-1481
-1517
-1521
-1447
-1420
-1327
-1363
-1350
-1328
-1297
-1270
-1273
-1192
-1174
-1154
-1192
-1141
-1121
-1119
-1098
-1128
-1162
-1177
-1243
-1323
-1357
-1431
-1461
-1535
-1618
-1760
-1845
-1926
-2004
-2135
-2283
-2406
-2575
-2698
-2877
-2998
-3158
-3317
-3431
-3583
-3688
-3857
-4006
-4104
-4164
-4251
-4323
-4345
-4407
-4398
-4434
-4422
-4452
-4462
-4471
-4445
-4451
-4449
-4393
-4355
-4293
-4229
-4143
-4061
-3958
-3869
-3793
-3652
-3556
-3514
-3473
-3400
-3352
-3257
-3256
-3210
-3143
-3095
-2979
-2885
-2747
-2623
-2473
-2361
-2248
-2164
-2110
-2110
-2182
-2209
-2314
-2465
-2589
-2770
-2972
-3199
-3429
-3653
-3916
-4158
-4373
-4542
-4640
-4716
-4736
-4711
-4634
-4554
-4485
-4390
-4237
-4133
-4028
-3905
-3788
-3669
-3568
-3456
-3376
-3229
-3104
-3014
-2884
-2774
-2677
-2593
-2477
-2421
-2299
-2194
-2172
-2113
-2017
-1909
-1880
-1762
-1672
-1588
-1535
-1427
-1291
-1210
-1084
-963
-794
-703
-580
-485
-369
-268
-214
-89
0
21
76
140
187
216
217
297
320
391
472
508
524
571
623
638
694
690
766
762
796
837
840
909
907
921
950
984
956
926
929
867
821
767
734
716
670
649
588
554
515
523
495
461
454
483
478
467
524
470
526
535
586
636
623
702
712
800
824
859
892
944
1009
1078
1108
1121
1145
1200
1233
1258
1306
1355
1369
1435
1479
1498
1534
1574
1593
1628
1692
1691
1720
1741
1756
1793
1780
1803
1811
1842
1909
1882
1892
1921
1926
1942
1932
1933
1894
1861
1891
1858
1879
1886
1854
1875
1853
1889
1902
1916
1937
1897
1932
1875
1922
1956
1863
1905
1876
1896
1953
1904
1906
1933
1944
1897
1855
1913
1881
1860
1866
1845
1906
1854
1891
1889
1851
1900
1889
1910
1916
1909
1918
1924
1918
1920
1871
1924
1901
1840
1884
1875
1881
1856
1848
1865
1823
1864
1851
1844
1885
1839
1859
1837
1860
1824
1827
1842
1793
1794
1769
1781
1792
1776
1788
1772
1773
1812
1720
1718
1706
1689
1720
1757
1768
1720
1689
1715
1688
1691
1671
1690
1667
1643
1692
1659
1634
1671
1651
1612
1621
1624
1589
1611
1600
1566
1640
1569
1559
1589
1580
1613
1640
1609
1628
1640
1664
1665
1649
1628
1591
1585
1558
1593
1623
1613
1600
1648
1649
1649
1607
1639
1675
1619
1646
1654
1678
1664
1662
1686
1619
1673
1648
1626
1632
1628
1637
1588
1621
1636
1597
1584
1637
1649
1651
1601
1639
1621
1607
1621
1620
1599
1550
1613
1574
1562
1576
1559
1585
1519
1549
1578
1582
1603
1553
1581
1541
1596
1590
1595
1644
1605
1621
1645
1608
1647
1623
1601
1593
1556
1597
1588
1602
1574
1608
1610
1571
1582
1593
1569
1588
1555
1579
1544
1533
1545
1528
1519
1461
1497
1437
1496
1499
1469
1463
1452
1442
1410
1431
1418
1463
1457
1417
1443
1422
1434
1385
1430
1433
1418
1460
1438
1450
1403
1380
1373
1330
1368
1313
1339
1324
1320
1328
1301
1331
1340
1337
1296
1369
1342
1337
1307
1300
1319
1275
1289
1247
1271
1225
1258
1277
1284
1269
1241
1235
1198
1304
1266
1269
1289
1284
1303
1270
1240
1219
1213
1212
1250
1209
1223
1248
1221
1210
1224
1173
1128
1172
1179
1157
1145
1093
1076
1096
1093
1098
1098
1097
1083
1102
1083
1077
1125
1083
1120
1143
1106
1098
1112
1131
1113
1128
1062
1089
1076
1080
1044
1020
1095
1072
1105
1098
1088
1076
1076
1083
1064
1059
1068
1030
1072
1038
992
1043
1026
1022
986
1009
974
964
961
1001
937
914
925
911
919
907
872
919
898
889
905
820
839
842
838
850
863
832
832
799
816
816
794
782
823
777
770
732
773
715
703
691
698
736
694
726
726
712
689
645
615
644
653
637
626
604
600
652
633
663
675
613
653
647
638
617
666
641
603
640
620
575
611
659
638
592
577
555
569
575
527
576
551
547
555
557
560
516
496
481
501
513
528
486
456
486
443
469
454
464
489
419
423
445
430
446
455
453
509
524
543
533
527
561
545
513
519
542
538
547
563
541
537
574
551
574
536
558
576
539
552
496
543
563
561
551
547
550
521
545
547
508
465
457
422
482
472
460
462
437
470
431
406
433
385
404
391
384
386
368
409
405
416
432
425
429
424
419
387
400
433
453
446
465
450
413
435
416
430
450
430
415
418
424
398
373
411
372
369
394
353
349
308
335
314
315
317
301
345
327
306
307
319
287
239
273
242
257
279
274
299
241
241
246
230
215
220
236
232
224
227
230
231
255
281
278
258
274
271
255
249
192
178
177
196
184
172
152
177
178
173
175
145
161
154
198
183
187
174
164
189
180
225
222
216
194
176
188
196
204
170
168
151
160
126
153
182
125
126
135
155
111
102
106
89
126
54
63
62
72
76
59
66
37
56
47
50
44
61
62
44
47
56
51
15
6
49
44
18
48
3
4
13
-10
-31
-41
-2
-48
-69
-58
-60
-60
-66
-26
-33
-49
-43
-33
-46
-124
-104
-138
-123
-114
-123
-122
-85
-96
-129
-182
-187
-161
-189
-216
-199
-187
-200
-208
-201
-205
-239
-217
-220
-215
-255
-267
-270
-260
-255
-295
-326
-288
-290
-261
-256
-227
-267
-279
-271
-294
-279
-346
-293
-288
-342
-286
-315
-277
-268
-331
-321
-328
-317
-334
-313
-283
-256
-236
-224
-264
-259
-250
-277
-290
-296
-228
-219
-231
-259
-248
-213
-191
-190
-216
-171
-196
-172
-206
-200
-237
-238
-241
-242
-236
-263
-246
-262
-276
-265
-332
-317
-278
-336
-334
-334
-314
-307
-364
-303
-319
-379
-306
-330
-336
-341
-356
-351
-333
-360
-389
-362
-359
-383
-369
-364
-430
-421
-344
-392
-361
-339
-382
-353
-348
-346
-375
-363
-372
-356
-340
-397
-447
-373
-371
-386
-390
-382
-390
-426
-414
-448
-466
-417
-416
-478
-443
-443
-460
-474
-473
-503
-511
-449
-441
-400
-427
-465
-435
-474
-437
-427
-452
-446
-456
-432
-444
-460
-484
-461
-447
-461
-466
-502
-513
-530
-517
-535
-543
-496
-517
-544
-510
-523
-473
-488
-436
-504
-508
-497
-491
-457
-500
-471
-504
-482
-447
-472
-466
-389
-443
-420
-420
-409
-406
-434
-400
-430
-429
-389
-375
-383
-400
-382
-397
-426
-404
-408
-434
-472
-502
-444
-442
-470
-489
-483
-476
-503
-473
-503
-510
-531
-537
-481
-502
-488
-513
-523
-494
-504
-532
-550
-576
-534
-537
-546
-510
-534
-503
-505
-534
-490
-471
-530
-447
-478
-520
-498
-508
-461
-518
-528
-548
-571
-516
-542
-560
-533
-544
-559
-570
-523
-491
-563
-587
-535
-589
-569
-572
-530
-531
-546
-528
-535
-557
-551
-535
-583
-567
-563
-564
-576
-576
-580
-578
-574
-584
-535
-549
-544
-474
-501
-517
-465
-488
-525
-499
-508
-549
-536
-516
-501
-471
-510
-493
-465
-481
-453
-483
-479
-467
-463
-489
-470
-482
-492
-481
-461
-484
-533
-536
-541
-549
-546
-523
-502
-487
-486
-472
-518
-510
-525
-472
-467
-474
-493
-425
-422
-482
-452
-439
-481
-477
-442
-442
-403
-446
-436
-447
-475
-454
-484
-512
-526
-581
-589
-554
-525
-537
-562
-545
-539
-573
-635
-632
-619
-618
-621
-582
-574
-561
-561
-608
-556
-597
-599
-551
-563
-542
-563
-549
-565
-575
-554
-566
-529
-570
-545
-532
-553
-521
-517
-521
-513
-549
-502
-511
-558
-503
-524
-509
-524
-524
-513
-524
-529
-511
-517
-549
-527
-550
-560
-562
-533
-518
-529
-528
-537
-524
-546
-514
-551
-551
-526
-586
-532
-523
-518
-528
-517
-495
-515
-525
-503
-486
-537
-548
-579
-558
-578
-565
-554
-533
-540
-575
-586
-586
-568
-596
-597
-578
-534
-547
-545
-542
-553
-544
-529
-529
-536
-522
-538
-515
-514
-493
-495
-514
-511
-515
-497
-502
-495
-530
-546
-547
-535
-523
-523
-513
-491
-494
-499
-502
-482
-498
-528
-535
-538
-561
-566
-605
-591
-572
-562
-588
-593
-600
-593
-550
-549
-556
-589
-574
-576
-559
-522
-543
-557
-546
-547
-553
-554
-587
-567
-581
-553
-542
-552
-534
-571
-522
-536
-542
-524
-549
-582
-542
-544
-536
-533
-529
-511
-538
-509
-508
-499
-515
-514
-514
-545
-539
-530
-509
-525
-487
-498
-491
-442
-435
-457
-543
-543
-548
-522
-541
-575
-584
-595
-571
-572
-572
-535
-554
-550
-494
-531
-508
-475
-514
-513
-534
-496
-497
-502
-504
-510
-511
-523
-498
-518
-483
-510
-524
-511
-513
-482
-516
-484
-449
-495
-445
-453
-513
-492
-501
-512
-504
-456
-453
-502
-499
-490
-497
-518
-492
-494
-490
-475
-530
-536
-517
-543
-514
-538
-516
-493
-512
-457
-525
-522
-560
-550
-515
-523
-511
-502
-524
-550
-563
-557
-485
-511
-502
-496
-517
-499
-481
-537
-580
-589
-568
-520
-485
-459
-489
-457
-492
-494
-460
-436
-447
-507
-472
-474
-504
-490
-440
-468
-476
-486
-464
-445
-464
-440
-463
-485
-508
-500
-538
-534
-500
-487
-453
-523
-525
-462
-498
-541
-564
-519
-481
-503
-541
-573
-519
-522
-538
-537
-547
-554
-574
-572
-565
-576
-590
-617
-566
-592
-593
-505
-532
-530
-513
-513
-539
-518
-506
-524
-502
-505
-482
-482
-484
-490
-491
-496
-469
-516
-490
-492
-488
-489
-470
-452
-506
-458
-502
-480
-469
-457
-434
-428
-444
-424
-419
-450
-438
-470
-467
-484
-453
-457
-481
-491
-511
-493
-523
-487
-477
-506
-503
-509
-531
-497
-500
-483
-499
-503
-508
-460
-476
-535
-451
-538
-534
-526
-524
-529
-536
-498
-513
-517
-504
-502
-469
-450
-460
-403
-447
-427
-433
-447
-349
-397
-411
-421
-429
-392
-402
-375
-349
-365
-379
-378
-385
-301
-306
-361
-334
-338
-347
-313
-313
-332
-332
-362
-371
-326
-352
-337
-347
-368
-377
-348
-364
-369
-373
-381
-343
-360
-348
-325
-352
-369
-340
-362
-392
-381
-366
-413
-434
-425
-432
-427
-399
-367
-424
-434
-422
-383
-397
-393
-396
-408
-360
-424
-414
-394
-376
-382
-360
-401
-435
-427
-419
-416
-437
-424
-418
-363
-417
-411
-403
-397
-399
-403
-388
-368
-369
-321
-291
-318
-327
-331
-314
-285
-304
-345
-331
-329
-345
-338
-335
-370
-364
-354
-376
-380
-352
-380
-377
-393
-425
-436
-464
-444
-402
-420
-411
-423
-411
-410
-421
-396
-413
-416
-399
-339
-321
-319
-367
-345
-325
-311
-266
-262
-254
-274
-269
-299
-263
-204
-268
-230
-255
-259
-201
-243
-263
-254
-238
-217
-197
-253
-217
-233
-256
-257
-259
-233
-256
-268
-265
-261
-236
-271
-268
-231
-269
-255
-256
-244
-260
-226
-249
-255
-266
-281
-298
-295
-302
-329
-278
-248
-246
-259
-259
-281
-246
-264
-268
-255
-292
-229
-296
-252
-273
-295
-235
-262
-218
-269
-245
-227
-252
-272
-276
-251
-216
-230
-257
-252
-292
-285
-313
-292
-309
-311
-341
-343
-363
-358
-333
-349
-330
-346
-347
-340
-338
-354
-349
-326
-317
-296
-294
-300
-290
-321
-308
-315
-303
-274
-314
-240
-284
-321
-267
-294
-320
-284
-291
-315
-328
-327
-289
-334
-307
-297
-305
-279
-284
-289
-337
-328
-282
-317
-341
-297
-311
-351
-282
-298
-275
-272
-290
-254
-252
-219
-211
-191
-157
-208
-217
-225
-241
-218
-224
-207
-261
-255
-261
-238
-219
-302
-310
-279
-258
-268
-288
-275
-337
-303
-304
-330
-321
-284
-287
-296
-247
-287
-260
-287
-296
-273
-273
-308
-323
-296
-290
-289
-280
-301
-340
-361
-333
-284
-330
-294
-319
-323
-342
-276
-271
-286
-271
-315
-297
-288
-257
-305
-310
-286
-255
-264
-225
-191
-234
-182
-175
-217
-245
-214
-227
-246
-225
-242
-251
-270
-277
-250
-288
-286
-275
-296
-274
-261
-297
-282
-266
-263
-220
-223
-228
-225
-190
-223
-217
-189
-221
-208
-168
-188
-232
-203
-221
-211
-190
-192
-175
-197
-194
-244
-251
-253
-189
-239
-212
-176
-188
-179
-188
-179
-204
-216
-204
-156
-197
-210
-229
-234
-200
-128
-165
-182
-165
-177
-175
-205
-164
-193
-204
-174
-247
-209
-223
-256
-254
-265
-229
-224
-237
-213
-260
-211
-267
-265
-276
-296
-269
-238
-193
-202
-194
-256
-228
-214
-240
-232
-194
-197
-228
-226
-208
-186
-218
-209
-210
-173
-214
-258
-205
-230
-217
-321
-307
-273
-273
-264
-240
-261
-267
-265
-262
-209
-228
-229
-208
-219
-208
-212
-217
-209
-192
-165
-186
-194
-189
-168
-145
-133
-134
-91
-122
-184
-163
-195
-153
-164
-172
-156
-151
-140
-117
-114
-137
-147
-158
-143
-133
-101
-137
-128
-122
-107
-97
-121
-144
-105
-143
-109
-78
-99
-70
-117
-99
-102
-146
-152
-139
-124
-108
-108
-131
-128
-101
-121
-112
-78
-80
-93
-104
-158
-126
-117
-142
-148
-135
-141
-162
-157
-175
-206
-160
-148
-165
-127
-155
-140
-89
-122
-130
-158
-192
-160
-153
-159
-168
-194
-210
-203
-158
-215
-186
-232
-274
-219
-221
-194
-223
-211
-188
-181
-185
-139
-150
-139
-124
-158
-144
-162
-147
-196
-153
-156
-178
-127
-167
-134
-143
-145
-140
-154
-161
-172
-142
-131
-117
-111
-103
-109
-74
-97
-125
-113
-89
-115
-112
-96
-102
-116
-110
-139
-113
-149
-106
-70
-106
-87
-91
-70
-113
-91
-73
-101
-111
-94
-64
-86
-86
-57
-90
-86
-83
-36
-83
-73
-108
-127
-92
-77
-94
-112
-100
-134
-90
-92
-71
-48
-71
-80
-67
-115
-140
-136
-121
-155
-164
-154
-145
-157
-147
-143
-149
-116
-114
-116
-82
-91
-120
-133
-163
-131
-143
-137
-211
-183
-214
-166
-168
-180
-182
-210
-177
-239
-187
-153
-191
-193
-166
-175
-178
-192
-201
-202
-196
-193
-152
-163
-170
-196
-222
-231
-235
-178
-193
-182
-193
-185
-201
-173
-199
-194
-208
-237
-202
-200
-198
-225
-220
-191
-173
-137
-159
-176
-195
-165
-154
-145
-203
-172
-87
-100
-89
-89
-146
-85
-46
-102
-88
-115
-88
-125
-143
-112
-140
-132
-117
-122
-97
-135
-160
-132
-185
-152
-84
-66
-147
-139
-167
-132
-167
-158
-147
-165
-113
-140
-106
-144
-145
-124
-153
-182
-114
-184
-195
-166
-148
-160
-135
-130
-148
-161
-160
-146
-154
-137
-119
-101
-131
-163
-140
-154
-114
-110
-167
-184
-170
-132
-133
-123
-78
-108
-105
-83
-88
-109
-86
-84
-127
-88
-99
-102
-119
-87
-123
-179
-118
-115
-118
-95
-106
-114
-82
-82
-101
-99
-93
-114
-60
-85
-81
-60
-64
-89
-86
-91
-95
-51
-88
-85
-80
-126
-136
-104
-70
-87
-129
-77
-75
-79
-102
-74
-60
-67
-102
-96
-76
-53
-45
-55
-44
-20
-61
-101
-87
-87
-105
-101
-134
-125
-84
-88
-102
-113
-109
-84
-53
-65
-71
-84
-95
-55
-73
-78
-79
-109
-100
-101
-48
-76
-61
-93
-88
-90
-86
-60
-42
-12
-24
9
-32
-2
-18
1
15
-12
-8
-12
-15
-73
-30
-10
-36
-28
-58
-39
2
-36
-52
-16
-61
-59
-20
-61
-44
-15
-27
-22
-52
-70
-53
-41
-57
-49
-61
-69
-29
-74
-85
-77
-87
-45
-29
-67
-65
-15
-36
-18
-12
-60
-28
-14
-9
6
-51
-64
-61
-54
-39
-89
-71
-69
-34
-26
-40
35
25
-10
-25
-11
-76
-64
-63
-56
-63
-70
-94
-114
-109
-133
-135
-137
-110
-90
-65
-52
-26
-50
-45
-30
-25
-18
-39
-32
-70
8
-6
-44
-29
-10
-31
-34
-16
-28
-7
-40
-24
-26
19
11
-23
-41
-9
-7
-2
26
-13
23
18
47
29
6
39
39
37
46
33
19
59
80
26
26
17
32
31
31
45
1
49
16
42
22
10
33
-19
-27
-14
14
-17
4
-37
-28
-36
-52
-13
1
-15
-9
-26
0
8
-5
13
-28
15
28
-22
-65
-12
-18
-52
-44
-53
-72
-85
-72
-114
-79
-86
-78
-54
-92
-54
-96
-34
-56
-51
-23
-59
-54
-69
-102
-115
-70
-57
-65
-79
-67
-39
-89
-110
-65
-77
-77
-70
-57
-28
-72
-73
-70
-70
-36
-21
-21
-60
-33
-33
-27
-58
-57
-33
-38
-59
-30
-53
-41
-42
-63
-68
-74
-57
-57
-45
-26
-30
-71
-52
-56
-71
-100
-118
-83
-71
-74
-84
-63
-68
-47
-60
-63
-105
-71
-49
-65
-38
-79
-53
-36
-11
-6
-26
-48
-81
-69
-68
-64
-49
-24
-15
0
-8
-23
19
-3
12
24
-19
27
27
7
20
-12
8
-13
-17
25
35
6
-15
22
-9
-27
-39
-46
-18
-78
-52
-51
-49
-43
-56
-69
-53
-54
-68
-29
-103
-73
-41
-29
-14
-46
-52
-67
-45
-108
-85
-32
-89
-51
-26
-65
-33
-57
-61
-72
-41
-46
-26
-35
-45
-77
-36
-1
-38
9
-18
-5
0
21
22
14
21
19
26
51
7
4
20
6
-11
23
19
32
51
73
71
67
99
82
28
11
29
36
51
57
91
45
63
34
32
53
42
51
12
27
35
11
-21
-43
-45
15
-30
-2
-49
8
19
-1
27
-16
11
-2
29
40
13
-1
20
14
-1
-6
43
65
34
34
54
44
-31
-6
-10
2
1
-44
-48
-14
-9
-12
27
27
11
25
11
2
25
9
-37
-23
59
-12
15
33
46
14
7
16
34
0
23
22
19
9
25
30
27
83
37
82
48
58
34
48
57
43
37
29
15
-10
35
-4
8
40
-3
12
16
26
3
-35
-22
-27
-29
-57
-54
-44
-37
-48
-8
-12
-21
1
-18
-51
-37
-44
-43
-30
-46
-34
-52
-58
-60
-39
-14
-5
-29
-35
-53
-11
6
3
-29
-28
-11
-32
-7
-52
-8
-6
-67
-54
-22
2
40
33
42
37
20
8
1
20
3
8
-25
-3
-39
-46
-40
-54
-70
-77
-44
-26
-25
-11
-5
-1
-17
-44
-47
-65
-56
-72
-91
-80
-46
-60
-47
-61
-32
-85
-88
-75
-117
-97
-93
-88
-86
-73
-106
-46
-52
-93
-96
-74
-74
-71
-103
-93
-32
-32
-19
-64
-73
-34
-31
-71
-69
-71
-61
-67
-107
-52
-57
-75
-54
-68
-82
-60
-72
-88
-97
-110
-83
-56
-73
-94
-25
-35
-35
-9
-24
-26
-30
-43
-39
-30
-14
-55
-55
-37
-55
-60
-99
-89
-110
-99
-120
-127
-92
-104
-125
-126
-131
-130
-104
-152
-151
-139
-156
-136
-174
-105
-94
-79
-100
-121
-153
-141
-132
-203
-139
-128
-121
-146
-153
-127
-116
-133
-138
-128
-137
-113
-116
-120
-116
-80
-84
-51
-42
-52
-81
-50
-54
-40
-8
-37
-33
-78
-42
4
5
-26
-27
-12
-17
-18
-13
-25
-22
-20
-18
-11
12
11
12
31
6
2
4
-15
18
27
-6
-13
18
-26
-15
11
-12
3
-18
-29
-49
-34
-25
-25
-38
-30
-19
-1
3
23
2
-22
-24
-38
-20
-25
-37
16
-12
0
24
23
16
-24
-3
-6
-26
-57
-81
-64
-70
-77
-62
-80
-48
-35
-61
-55
-11
-30
-60
-5
-5
-29
-14
-44
-34
0
-47
-25
32
-10
-28
-17
-15
-11
-26
-31
-31
-71
-44
0
-9
18
21
-17
-53
-41
-48
-2
30
16
28
28
52
21
57
51
13
3
34
8
36
58
-7
19
8
22
21
27
-9
36
23
4
41
12
24
36
32
46
13
27
69
31
63
65
44
44
89
50
27
22
57
70
63
56
45
68
63
61
67
80
77
50
60
72
71
64
77
93
54
105
126
130
101
87
97
80
117
117
131
81
102
136
115
141
111
95
92
90
67
59
96
34
34
44
28
41
14
46
35
79
58
68
101
79
52
57
44
84
113
116
93
92
96
69
87
69
72
22
46
22
15
56
37
-13
-13
21
34
9
24
0
41
67
19
58
47
39
32
56
63
78
68
71
67
37
77
66
52
68
73
61
45
37
60
45
49
19
9
21
-12
53
26
35
-3
22
30
-15
-29
-21
-27
-13
-7
-10
-14
-41
-28
-3
-20
1
-4
9
-19
-11
-17
-65
2
-19
-13
-3
2
-6
-25
8
-5
7
16
43
33
12
20
-2
-11
14
2
40
61
-15
42
46
46
46
60
92
90
43
49
56
108
70
102
81
87
67
40
50
72
64
39
43
42
32
46
47
56
94
48
55
71
39
60
75
44
65
27
50
28
54
45
32
49
31
57
57
66
50
73
115
96
116
114
182
131
95
106
105
97
79
107
56
81
55
73
51
20
44
56
43
40
38
44
48
7
45
40
29
6
13
1
-11
18
19
30
-9
48
38
23
66
61
37
31
85
57
46
63
54
48
22
76
74
89
77
40
46
57
48
55
-7
-17
-3
-12
20
17
52
12
50
58
55
27
40
13
28
69
42
43
45
32
43
70
68
102
86
47
7
13
35
29
41
73
53
51
62
72
112
105
95
114
130
160
123
86
105
111
117
144
124
136
110
124
124
104
113
116
113
66
63
87
128
128
133
142
131
119
44
42
86
100
131
129
127
79
64
91
89
113
59
29
67
18
37
45
90
136
89
80
71
73
83
71
89
54
51
76
65
59
57
56
25
32
53
42
44
66
74
41
44
57
56
22
-47
-17
-12
-40
-8
-53
-17
48
59
65
87
95
84
116
87
103
140
101
120
121
113
138
115
114
129
93
104
80
70
90
104
121
112
115
94
112
91
61
84
111
121
95
87
99
96
98
108
92
76
65
59
47
38
42
58
47
51
52
51
78
27
36
21
27
24
47
65
40
85
97
77
96
122
77
63
64
85
45
35
53
30
33
68
43
26
67
52
78
59
40
74
59
79
72
56
48
46
78
63
47
83
82
94
62
68
111
55
71
16
57
51
24
37
8
57
54
52
-5
11
1
10
25
7
14
1
23
45
27
36
-1
-21
-63
-40
-26
3
-26
-7
-3
-52
-10
17
2
-14
11
11
-3
12
-13
7
-15
3
12
52
39
30
24
-18
-12
4
-30
-46
-24
2
5
-6
-44
-48
-9
-57
-58
-18
1
-33
-21
21
7
-14
-70
-61
-72
-74
-6
-35
-29
-27
-71
-33
-12
-44
-51
-13
-34
-38
-60
-85
-65
-32
-11
-9
0
-8
-14
-31
-17
2
-11
-57
-58
-26
-11
-62
-50
-52
-5
-26
-3
26
22
14
-3
19
-22
-74
-52
10
-29
-17
-19
-29
-21
5
-17
-14
-7
5
-48
-34
-11
-4
36
32
59
54
43
44
40
50
-11
43
10
-33
-27
-18
-2
-24
-21
-28
-1
-20
-10
-3
21
35
-6
15
5
-25
-8
-13
-11
-19
-33
-45
-4
-14
-5
45
-5
-1
-14
-14
-9
-12
-22
-44
-2
-33
-57
-77
-76
-32
-56
-63
-36
-16
-31
-43
-31
-29
-31
6
-25
-25
10
-31
-30
-36
-76
-95
-91
-31
-59
-93
-100
-50
-56
-70
-69
-77
-76
-93
-75
-84
-91
-97
-100
-93
-96
-111
-83
-101
-99
-82
-51
-59
-85
-77
-81
-100
-89
-108
-61
-63
-53
-56
-61
-2
15
-15
-3
18
-10
25
34
80
41
22
21
3
-24
2
46
25
19
-3
-43
-12
-30
13
4
-24
9
17
33
-11
13
0
45
23
1
14
43
71
29
43
2
8
18
29
70
49
10
34
26
58
68
64
67
44
73
78
78
67
54
39
63
48
23
48
14
37
55
21
41
65
14
35
-18
-23
10
-13
13
21
44
14
49
-5
-38
-19
-33
-6
-5
-13
-7
30
25
11
13
-15
-9
46
59
48
68
72
21
4
15
68
51
58
94
81
84
88
113
87
52
75
87
78
36
44
72
39
3
23
49
50
52
4
15
18
-27
12
22
-16
-6
5
9
31
4
35
16
41
-2
-25
28
13
5
8
25
11
46
9
36
15
27
10
25
104
60
65
72
63
64
62
50
54
70
86
59
51
45
52
90
93
101
78
77
106
82
84
103
67
78
84
81
65
40
97
92
85
47
74
97
69
53
58
53
58
72
99
85
78
66
70
77
69
67
48
55
32
34
34
29
15
25
26
25
