-81
-56
-42
-30
-11
-2
6
-17
-44
-53
-45
-16
-52
-31
-57
-57
-52
10
29
9
-20
-20
-7
5
10
-11
1
-31
-17
11
-10
-60
-41
-7
-21
26
-40
-38
10
-49
-64
-5
16
-34
-27
-12
30
-42
-31
-1
-17
-37
-33
-71
-35
-5
-21
-9
-22
22
38
3
-1
-22
-7
16
3
-46
-27
-1
-18
25
6
58
70
66
52
-9
44
42
31
28
39
51
21
20
-15
16
10
-10
-11
-8
10
-18
-43
-51
-21
-51
-50
-28
-34
-71
-64
-23
-83
-89
-59
-66
-107
-59
-56
-14
-27
-83
-47
-75
-46
-53
-28
-43
-44
-88
-83
-66
-92
-72
-89
-108
-101
-78
-83
-77
-78
-66
-69
-48
-88
-17
-62
-82
-43
-32
-20
-67
-34
-59
-60
-133
-76
-16
-75
-37
-71
-50
-19
-56
-35
-20
19
-10
11
55
6
16
5
9
-5
9
19
10
-31
-33
-30
-70
-30
-1
-44
-14
-48
-28
-30
-34
-2
-63
-15
5
-18
16
15
5
7
-19
-27
-5
-54
-46
-34
-64
-42
-44
5
-38
-7
8
15
6
18
33
-4
-8
-7
-21
-32
7
-33
-21
-18
-16
-32
-10
-26
-46
-30
-50
-14
-9
-23
-10
4
-22
-4
-16
-4
-21
-18
-47
-61
-17
-31
-48
-60
-84
-69
-39
-56
-33
-73
-12
27
14
24
6
19
29
-18
-33
-12
14
49
38
-6
15
31
-15
5
-7
-28
-7
-7
-64
-78
-68
-51
-43
-22
-33
40
51
20
5
9
34
33
34
26
3
-10
5
7
-10
-51
-12
-20
-5
-29
5
24
-6
21
5
43
54
-1
0
-16
-18
-19
-70
-49
-27
-69
-54
-17
-25
-28
-22
15
-19
11
27
-25
35
27
30
34
-15
-9
-29
15
10
-20
-13
-36
-37
-63
-74
-44
-46
14
-5
-1
22
20
15
-12
-14
-21
-12
32
-1
-13
3
-46
-5
-54
-39
-63
-13
-39
-74
-77
-70
-48
-70
-14
-68
-45
-56
-64
-57
-69
-72
-46
-58
-95
-103
-90
-43
-80
-104
-95
-123
-140
-155
-91
-129
-145
-137
-102
-85
-101
-96
-64
-81
-124
-103
-116
-132
-134
-75
-81
-110
-119
-81
-74
-82
-100
-66
-57
-60
-81
-102
-106
-106
-50
-92
-82
-94
-94
-110
-140
-126
-129
-101
-118
-82
-102
-150
-104
-137
-128
-116
-137
-64
-73
-50
-89
-72
-32
-48
-72
-78
-82
-85
-70
-79
-102
-103
-80
-12
-31
-40
-68
-58
-26
-95
-24
-31
3
-21
13
-10
-28
-11
-73
-71
-89
-44
-66
-36
-44
-29
-14
-1
-31
-13
-44
-44
0
-48
-48
-57
-83
-36
-67
-84
-67
-85
-46
-35
-40
-38
-49
-81
-44
-39
-65
-91
-55
-44
-52
-37
-89
-80
-110
-76
-51
-39
-26
-54
-53
-75
-68
-80
-70
-71
-104
-61
-104
-113
-52
-90
-99
-30
-37
-72
-63
-29
-66
-50
-46
-59
-22
-27
-10
-33
-27
-6
-46
-39
-60
-52
-63
-79
-55
-79
-65
-42
-36
-38
-36
-76
-98
-119
-93
-94
-123
-142
-85
-114
-68
-87
-129
-107
-63
-48
-47
-35
-71
-38
-61
-116
-104
-78
-103
-88
-107
-13
5
-30
-10
-19
-30
-36
-61
-40
-68
-67
-79
-77
-82
-91
-64
-54
-74
-78
-69
-89
-58
-86
-78
-87
-35
-79
-80
-65
-43
-47
-66
-70
-70
-78
-76
-51
-70
-76
-83
-76
-66
-60
-55
-52
-47
-9
-46
-36
-25
-41
-38
-26
-33
-26
-21
-5
23
-52
-44
-74
-24
-12
-3
-16
-28
-20
-23
-21
-10
-4
12
17
-38
-15
-34
-41
-61
-47
9
28
9
-4
-59
1
4
-39
15
4
23
-17
54
50
29
37
12
45
70
74
19
6
77
54
49
65
55
77
50
77
47
18
-9
17
51
13
10
40
5
-8
3
33
49
48
50
30
58
79
37
76
14
23
72
24
20
35
51
40
73
62
48
37
33
-14
-17
-13
4
56
8
41
59
-4
18
29
17
7
-19
-9
-4
7
14
30
21
24
-2
-19
-24
-36
-31
-17
-11
-5
-11
18
-55
-10
-1
-17
0
1
-3
-43
-22
-21
-8
-30
-3
40
-13
-14
15
-4
-3
-1
-2
-44
-7
-40
-55
-40
-94
-76
-57
-27
-32
-11
-35
-56
-28
-19
-41
-49
-59
-35
-28
-96
-95
-63
-68
-89
-60
-34
-24
-65
-43
-35
-37
-30
-67
-61
-68
-48
-5
-20
-11
-23
-35
-22
-49
-50
-55
-35
-25
-17
-47
-58
-44
-77
-31
-39
-60
-70
-46
-53
-19
-1
1
16
23
-9
-4
-14
-58
-6
13
-34
-28
9
-1
-6
9
22
14
48
38
12
18
57
16
6
17
21
22
20
62
59
36
34
34
1
31
8
19
34
29
65
42
73
29
33
27
66
72
83
68
26
55
71
54
27
47
64
-2
29
43
26
71
49
49
34
55
69
51
63
57
97
86
76
79
41
94
103
88
78
74
61
73
18
27
34
44
51
27
3
-1
28
28
46
36
17
51
51
43
28
24
19
27
-20
-13
24
29
30
-8
-7
45
40
3
20
-2
22
44
-7
-2
-1
29
21
-1
-10
21
-31
-41
19
-36
10
34
1
15
27
12
7
14
-13
-7
-26
-28
5
14
18
-9
24
-3
5
-1
16
32
8
22
-5
10
-19
25
52
25
55
21
18
-1
36
43
39
49
41
78
49
45
39
67
56
48
28
44
75
58
70
68
68
68
26
39
48
34
62
47
39
83
151
67
77
70
40
62
48
47
48
67
63
33
53
70
68
80
91
85
57
65
57
93
105
113
67
85
112
77
85
61
82
75
49
62
49
12
44
22
12
40
76
57
31
80
48
92
94
82
124
68
53
67
68
47
55
47
31
92
96
81
75
47
53
43
56
70
66
76
71
108
119
111
97
110
108
92
119
107
120
107
90
102
69
86
109
96
129
141
132
111
98
117
97
101
74
87
78
56
93
123
143
121
130
120
75
80
79
88
75
74
85
72
104
91
59
71
66
108
105
78
109
108
117
92
75
90
117
137
106
111
99
117
150
187
169
163
155
159
161
148
133
114
131
138
137
121
139
105
92
85
98
106
83
62
94
85
42
65
98
92
81
92
128
100
37
78
96
81
117
101
103
111
106
112
97
102
125
138
114
104
92
147
147
117
114
89
113
82
109
84
90
76
49
118
119
129
105
110
108
80
62
111
108
101
116
122
96
63
25
11
33
20
23
21
20
9
-5
3
27
26
-21
15
51
50
55
75
54
23
67
95
94
28
16
65
30
9
38
49
36
66
78
56
109
82
33
131
122
66
48
53
75
59
73
74
79
69
67
52
81
89
75
105
92
88
58
87
97
141
125
98
120
130
121
115
133
112
107
117
125
136
132
130
88
86
137
129
102
84
136
104
113
148
97
125
134
100
99
119
104
84
103
132
93
80
97
103
113
78
82
88
105
125
119
122
91
99
106
94
61
100
107
135
137
122
138
154
170
171
189
199
167
127
132
159
151
144
120
135
140
137
128
147
141
119
121
158
136
137
136
95
75
73
93
102
114
83
40
34
94
49
70
98
83
116
119
143
117
90
48
57
57
78
103
70
36
77
62
72
85
70
76
70
63
75
116
91
75
102
97
85
81
91
97
118
141
110
135
111
149
145
136
131
149
136
144
149
166
166
118
131
114
146
116
123
136
122
134
160
157
123
128
134
126
83
96
171
146
136
156
180
185
162
187
169
135
159
149
132
148
108
117
108
121
128
136
141
153
134
163
160
161
128
105
165
108
126
125
134
123
112
129
102
95
83
81
71
97
37
54
51
19
58
73
21
19
42
62
48
60
43
40
2
7
16
34
26
8
14
-24
38
-14
-4
-30
-82
-64
-37
-7
2
-3
-26
38
-3
29
16
-11
48
29
12
0
-32
27
-34
-27
-15
-16
51
-6
5
4
13
-4
1
11
-1
1
-36
-9
-63
-68
-36
-54
-51
-69
-42
-23
-62
-84
-20
-51
-33
-51
-28
1
-23
-47
-34
-17
-44
-22
-23
-21
-14
11
-41
-52
-16
-26
-23
-2
-83
-33
-30
-79
-30
-34
-1
-9
-19
-2
25
-17
-13
22
49
21
13
22
33
49
24
42
17
-19
-21
-22
-14
5
-1
-39
-18
-22
-4
-20
-19
-33
-30
0
15
7
-52
-35
-54
1
-7
-25
-81
-53
-65
-95
-89
-78
-62
-119
-56
-75
-74
-67
-63
-79
-100
-68
-70
-20
-114
-74
-53
-84
-77
-83
-88
-102
-100
-84
-75
-89
-89
-86
-40
-49
-20
9
-4
-20
-66
-80
-53
-80
-93
-103
-42
-62
-39
-46
-46
-62
-48
-37
-75
-67
-65
-76
-109
-115
-124
-82
-91
-92
-71
-56
-85
-115
-55
-82
-40
-68
-98
-73
-76
-77
-42
-34
-58
-1
-3
6
31
-3
-2
-6
-32
-27
-23
-46
6
-15
-18
3
-45
-62
-50
-64
-65
-46
-92
-73
-39
-47
-53
-56
-58
-35
-27
-59
-25
-22
-21
-22
-44
5
29
24
14
-15
23
-2
-17
16
4
5
1
28
12
7
2
-68
-35
-32
-22
-4
-22
-32
-3
-35
-56
-50
-32
47
27
9
18
37
67
48
28
23
36
15
-1
24
-20
21
-5
-24
-14
-27
10
-24
17
8
-1
-31
-14
-26
-54
-37
-72
-53
-38
-20
-3
-9
39
12
-16
-27
-15
-4
-18
-40
8
39
-38
-4
-56
-27
-14
-18
-6
-14
38
-7
-17
-4
-35
33
9
27
5
-39
-9
1
43
-6
24
-3
4
7
-28
-36
-12
-40
-36
-18
-48
-62
-62
-39
0
-6
-22
-5
-59
-19
5
-22
-25
-63
-46
12
-1
8
7
-22
-35
-28
-13
-39
-23
-11
-11
-1
-36
-12
-2
8
-17
-16
17
56
54
20
42
44
66
26
-9
23
17
-26
-44
-49
-15
-25
-27
-19
-49
-8
-22
20
4
30
16
43
53
10
35
0
16
10
-19
-12
6
34
31
20
15
3
0
65
76
30
43
-1
10
15
-7
54
75
79
61
77
86
8
64
57
12
17
35
58
34
44
27
-13
-6
11
-2
-7
-4
-6
7
-10
-47
-36
-25
-4
25
-1
-39
-22
-45
-21
-16
-13
11
-22
-43
-26
-1
-15
-9
-2
-34
-66
-21
-19
-35
-26
-11
-48
-51
-24
-8
-38
-16
-2
-14
6
-1
-7
11
-4
19
23
-21
-17
4
9
-25
-22
-10
13
39
14
19
38
37
64
53
46
29
49
51
49
64
55
33
47
27
54
83
25
72
77
12
44
57
32
26
13
30
16
48
51
46
64
46
26
31
23
13
10
-11
9
-27
32
28
13
32
2
2
0
-19
-42
-4
11
15
-19
-33
-7
16
-35
-62
-40
-47
-29
-12
-14
-48
-4
-7
-24
-41
-51
-22
-44
-56
-102
-95
-75
-54
-69
-68
-24
-47
-66
-65
-45
-32
-81
-44
-10
-56
-35
-45
-54
-59
-80
-53
-51
-68
-79
-68
-68
-60
-84
-84
-64
-60
-46
-99
-93
-131
-120
-118
-102
-89
-106
-62
-101
-70
-84
-101
-121
-146
-103
-92
-90
-71
-80
-120
-127
-149
-141
-132
-135
-139
-98
-94
-88
-98
-117
-136
-133
-107
-97
-111
-79
-47
-63
-76
-103
-61
-93
-105
-49
-43
-45
-53
-49
-34
-77
-85
-83
-47
-41
-35
-71
-54
-16
-38
-53
-80
-54
-37
-54
-42
-16
-34
18
11
61
92
61
55
71
38
51
39
13
4
-8
16
19
24
10
32
45
63
-16
30
62
10
43
53
42
23
10
33
44
33
25
37
1
-30
10
-5
14
15
-4
-29
-20
31
2
-38
14
-15
-54
-26
-34
-68
-59
-7
9
-7
-25
-8
-35
-42
-26
-71
-97
-58
-26
-28
-8
-31
-16
21
9
79
43
29
18
-1
-4
-7
28
27
7
40
33
-12
-18
2
28
3
3
-26
-23
-27
-26
-26
-33
-19
-6
-65
-66
-10
-44
-29
-44
-27
-42
-30
-45
-33
-20
-55
-12
-16
-48
-56
-75
-70
-30
-69
-85
-72
-37
-71
-87
-67
-83
-50
-60
-38
-19
-43
-44
2
-36
-14
-23
-1
-33
-41
-34
-16
4
-2
66
18
58
41
35
55
68
38
38
31
11
24
20
35
7
44
17
21
6
-10
-17
-22
-17
-33
13
7
-19
11
-2
15
-12
-17
-29
-12
-7
-78
-16
-54
-35
-48
-21
-54
-112
-74
-65
-67
-97
-76
-101
-90
-110
-76
-63
-87
-76
-78
-119
-83
-90
-82
-61
-42
-31
-65
-65
-29
-46
-64
-50
-62
-44
-57
-60
-56
-67
-61
-52
-31
-53
-75
-48
-67
-105
-100
-67
-107
-93
-85
-76
-56
-37
-61
-45
-22
-46
-47
-14
-25
1
-20
12
-41
-60
-63
-62
-56
-104
-74
-64
-111
-127
-114
-81
-92
-98
-124
-122
-106
-108
-95
-117
-113
-96
-109
-126
-132
-72
-106
-95
-47
-56
-27
-18
-21
-42
-30
-12
-11
-25
-15
-66
-46
-69
-75
-56
-28
-1
25
-18
-38
-21
-30
-45
-57
-40
-61
-60
-59
-99
-135
-139
-140
-141
-135
-137
-173
-106
-115
-133
-121
-147
-127
-117
-123
-81
-61
-125
-126
-117
-80
-108
-95
-45
-49
-27
-2
-50
-59
-41
-67
-35
-58
-85
-91
-32
-3
-12
-13
-55
-69
-77
-89
-90
-61
-44
-70
-65
-83
-75
-56
-79
-95
-110
-68
-50
-89
-65
-55
-95
-55
-71
-101
-105
-117
-97
-106
-120
-155
-117
-110
-118
-110
-144
-140
-103
-103
-135
-90
-98
-98
-119
-95
-97
-65
-81
-136
-103
-90
-101
-81
-122
-141
-133
-171
-155
-167
-151
-176
-162
-158
-143
-128
-153
-146
-116
-155
-163
-149
-147
-129
-134
-125
-158
-137
-136
-148
-166
-165
-121
-118
-140
-109
-131
-82
-58
-103
-83
-105
-105
-111
-130
-94
-84
-118
-69
-88
-94
-106
-115
-102
-111
-72
-105
-131
-107
-112
-67
-55
-88
-86
-106
-101
-101
-101
-101
-81
-85
-88
-64
-61
-61
-36
-5
-30
-2
5
-48
-56
-24
-46
-62
-50
-6
35
-3
18
18
27
1
37
49
47
-16
23
50
39
36
63
69
77
75
56
66
14
26
51
60
60
14
17
-7
-11
-28
-39
-44
-7
-49
-37
17
-5
23
-16
-25
-80
-84
-81
-39
-26
-67
-71
-99
-97
-97
-90
-69
-42
-80
-35
-52
-102
-94
-46
-44
-98
-43
-88
-48
-32
-32
-24
-67
-55
-71
-45
-60
-96
-107
-97
-85
-58
-62
-64
-43
-50
-5
-17
-62
-37
-26
17
54
36
29
15
29
20
1
6
-29
1
14
-14
20
-8
47
-7
-17
16
-12
30
21
2
53
29
15
36
5
26
24
24
28
15
39
52
34
39
66
16
-7
9
-8
24
-22
-14
20
13
20
18
-29
-38
-20
-33
-61
-46
-7
13
4
1
27
21
27
-11
17
17
-11
52
46
42
20
44
6
-4
-5
-15
4
-29
-29
-45
-41
-48
-67
-19
-43
-71
-101
-61
-54
-92
-64
-60
-83
-83
-115
-81
-82
-116
-42
-98
-59
-85
-121
-130
-126
-149
-170
-143
-169
-157
-167
-126
-131
-174
-127
-121
-145
-169
-126
-107
-161
-147
-171
-191
-172
-183
-194
-199
-211
-155
-181
-202
-169
-176
-148
-167
-161
-200
-195
-169
-176
-131
-152
-162
-165
-159
-163
-176
-156
-151
-171
-149
-145
-155
-126
-110
-108
-138
-160
-162
-150
-131
-113
-103
-93
-101
-112
-34
-35
-37
-67
-87
-66
-124
-74
-103
-83
-87
-55
-83
-95
-77
-118
-67
-65
-98
-74
-58
-85
-127
-132
-134
-109
-114
-84
-108
-127
-61
-95
-61
-72
-81
-92
-20
-55
-103
-79
-80
-88
-72
-60
-72
-52
-85
-64
-40
-55
-67
-44
-49
-72
-53
-81
-57
-22
-40
-30
-32
-15
-21
-36
-45
-79
-94
-83
-53
-20
-53
-40
-88
-114
-47
-72
-75
-90
-99
-85
-97
-96
-138
-117
-128
-100
-82
-62
-75
-84
-63
-85
-92
-95
-85
-79
-80
-72
-71
-84
-63
-67
-45
-87
-82
-74
-108
-97
-74
-80
-100
-114
-81
-120
-130
-119
-123
-118
-159
-140
-125
-111
-117
-123
-141
-145
-115
-133
-120
-130
-154
-132
-162
-158
-139
-128
-161
-158
-166
-164
-150
-163
-179
-119
-103
-73
-24
-106
-71
-109
-100
-96
-116
-91
-106
-103
-107
-104
-128
-88
-99
-77
-80
-59
-81
-107
-94
-70
-33
-40
-34
-63
-63
-20
-17
-50
-43
-25
-46
-19
-22
-2
6
8
77
10
4
14
39
33
-1
2
-37
-29
-35
-18
-25
-50
3
26
37
5
-9
-49
-91
-49
-57
-38
-30
-54
-53
-73
-50
-65
-98
-81
-22
-15
-46
-100
-79
-89
-93
-83
-102
-80
-70
-56
-85
-56
-25
-45
-59
-65
-55
14
-20
-60
-83
-120
-90
-52
-86
-92
-80
-84
-88
-105
-102
-81
-68
-114
-56
-34
-58
-59
-69
-39
-85
-127
-124
-133
-123
-84
-122
-94
-65
-93
-118
-120
-139
-108
-78
-56
-56
-85
-69
-27
-19
-36
-51
-81
-56
-76
-61
-77
-68
-88
-101
-62
-46
-32
-63
-50
-54
-81
-91
-45
-34
-20
-14
-38
-60
-30
-32
-95
-57
-45
-52
-40
-33
-46
-74
-62
-33
-61
-1
-5
-32
-12
-8
-35
-14
18
0
8
38
34
49
29
41
29
23
37
19
46
35
46
21
20
42
42
90
57
13
51
59
50
42
14
-18
7
-18
-61
-8
4
22
5
9
30
23
19
8
33
-47
-66
-48
-63
-43
-22
-50
-22
-12
-33
9
-62
-73
-69
-75
-46
-71
-79
-144
-81
-99
-125
-129
-131
-82
-111
-114
-114
-103
-72
-84
-26
-52
-36
-45
-55
-95
-133
-58
-91
-71
-54
-49
-47
-75
-70
-63
-56
-30
-50
-32
-61
-69
-42
-112
-79
-43
-57
-27
-33
-44
-48
-38
-62
-51
-30
-18
-50
-46
-52
-23
-31
-42
-37
-60
-51
-50
-24
-23
-1
-4
-4
-46
-14
16
2
0
21
25
-6
-4
23
4
9
-35
-2
15
8
31
-1
-6
-11
32
32
-31
-38
-5
-5
2
-10
8
-11
29
21
45
69
17
32
7
4
47
22
65
54
47
73
18
22
57
50
44
59
32
61
40
63
59
80
36
51
17
23
63
35
18
3
32
16
11
-7
13
7
15
-6
20
-14
11
1
-9
-7
-25
12
-37
-29
-26
-30
-7
-53
-30
-16
-34
6
-36
-62
-47
-49
-64
-20
-22
-25
-25
-35
-51
-70
-51
-74
-60
-36
-36
1
-42
-35
-30
0
-2
-11
-11
-34
-69
-22
-50
-78
2
-32
-40
-56
-70
-52
-63
-108
-82
-63
-52
-46
-59
-54
-69
-44
-41
-50
-45
-41
-48
-14
-35
-76
-37
-72
-31
-33
-42
-24
-9
-7
-54
0
-13
-16
-51
-26
-45
-23
-30
-9
-3
-44
-51
-45
16
-34
-34
-15
-39
-41
-46
-67
-75
-79
-40
-56
-19
-8
-28
-17
-54
11
-28
-6
20
17
-30
-4
37
37
30
25
66
55
104
32
-6
45
37
31
72
54
50
-9
-24
-12
-15
-9
6
18
-12
-5
1
45
7
15
10
35
21
-25
-50
-34
-16
-70
-46
-47
-35
-29
-88
-78
-27
-68
-64
-30
-13
-49
-54
-57
-19
-35
-61
-44
-60
-30
-35
-56
-56
-31
-80
-40
-66
-104
-121
-85
-31
-97
-88
-56
-56
-70
-106
-100
-69
-95
-52
-54
-58
-28
-62
-53
-91
-39
-42
-103
-89
-84
-107
-76
-63
-90
-127
-154
-78
-57
-63
-76
-41
-44
-63
-85
-58
-48
-32
-22
-88
-41
-60
-76
-45
-51
-39
-50
-39
-7
-1
13
-34
-5
-36
3
6
-60
-17
-10
-4
-51
-57
-40
-42
-9
-35
-17
32
7
48
32
5
48
51
-2
-44
10
14
0
18
34
20
-25
8
12
-14
-41
16
8
6
21
23
24
20
-1
-36
-3
-15
33
15
9
-19
8
14
-4
-3
10
-2
-15
9
-1
17
-38
-27
-5
-30
-54
-32
-34
-54
-12
-30
-13
-48
-49
-23
-45
-30
-44
-36
-19
-22
-34
-37
-35
2
-45
-12
-16
-57
-31
-38
-5
8
-14
-36
0
-28
-45
-48
-38
13
-12
-20
-60
-83
-56
-71
-33
-39
-69
-40
-56
-85
-64
-64
-62
-79
-61
-49
-75
-44
-91
-121
-62
-92
-93
-50
-95
-83
-71
-117
-99
-66
-74
-70
-111
-44
-86
-86
-70
-92
-51
-62
-86
-57
-58
-84
-61
-86
-93
-53
-23
-35
-29
-12
16
-12
-42
-19
-47
-15
-34
14
21
-27
-23
-19
-5
-22
34
20
26
49
22
20
3
1
3
-8
-11
20
-22
-16
29
7
18
-13
42
67
87
62
28
65
41
41
59
60
28
20
56
52
57
38
29
41
13
27
71
38
21
2
77
13
-18
13
-21
-7
-28
-2
19
16
-13
7
-2
-19
-35
-37
-20
-70
-54
-33
4
19
-12
-59
-41
-30
-47
-1
-4
-29
-7
11
-24
-32
-35
-12
-31
-34
-31
-17
-7
-35
-21
-42
-11
-16
-44
-39
-8
-4
-3
31
-18
-13
37
23
-10
7
16
-4
-25
3
-31
-37
14
43
16
27
49
48
20
38
27
26
28
8
63
57
35
29
61
69
32
42
36
39
52
19
-6
48
13
15
45
32
25
76
79
39
67
27
32
20
36
16
42
70
70
71
39
32
32
41
78
53
84
24
53
43
35
78
47
43
35
40
37
36
3
-12
-11
10
-25
-22
-29
-22
25
27
-7
-1
12
26
17
-9
-52
-54
5
-24
-38
14
-52
-27
-22
-64
-40
-18
-13
-66
-21
-40
-66
-59
-49
-28
-66
-78
-67
-81
-82
-59
-83
-90
-56
-66
-70
-49
-88
-138
-131
-109
-98
-89
-108
-137
-86
-119
-113
-101
-112
-96
-116
-79
-83
-86
-72
-100
-85
-65
-85
-52
-74
-70
-83
-90
-123
-121
-64
-86
-82
-81
-74
-74
-55
-64
-71
-56
-121
-105
-113
-139
-108
-89
-79
-61
-46
-49
0
-38
-68
-77
-87
-46
-35
-41
-14
16
15
18
-10
13
17
-5
-2
1
25
37
58
49
50
45
24
71
60
59
60
30
19
54
56
63
62
28
31
30
35
28
30
86
81
92
93
93
85
62
67
86
87
74
101
83
100
83
44
39
86
63
5
26
12
38
24
-10
0
-12
2
29
-36
9
35
29
43
25
9
-13
-41
-55
-11
-24
-14
-24
-49
-54
-66
-77
-97
-118
-62
-46
-3
-29
-65
-30
-5
-40
-46
-18
-61
-23
-40
-52
-30
-29
-38
-56
-59
-40
-58
-34
-2
-8
-18
-4
14
-15
6
-5
7
10
-11
-51
-78
-29
-48
-54
-15
-44
-55
-48
-73
-40
-17
6
-4
-24
20
-4
-20
-40
-54
-19
-49
-55
-34
-14
-69
-65
-11
-88
-85
-82
-108
-62
-54
-81
-59
-44
-52
-57
-19
0
-1
-14
-5
9
-4
18
11
15
51
71
48
24
63
40
30
46
48
70
94
95
71
103
87
65
74
73
75
54
43
52
23
-14
1
34
40
40
43
33
57
13
15
0
22
12
-5
4
16
7
-3
-3
-22
19
0
17
22
64
48
8
6
27
1
41
18
25
68
39
65
19
75
43
7
18
35
23
27
20
-4
1
0
29
10
34
55
55
28
40
16
43
33
20
56
22
8
-4
-6
-9
18
-12
-11
-10
-29
-19
-16
-19
11
-10
-22
23
22
45
39
27
7
9
8
16
14
22
9
-15
-48
-32
10
12
-5
8
5
-36
-8
-48
-41
-15
-14
24
-12
6
25
13
15
-18
-9
-16
2
44
-5
-11
-5
-21
18
28
43
46
30
20
-11
-16
-21
-34
-11
-34
-57
-31
-26
-53
-24
15
-4
25
35
-30
3
-2
5
-21
-69
-40
-45
-49
-42
-80
-81
-74
-52
-28
-10
-59
-43
-18
-65
-52
-63
-58
-61
-70
-27
3
-12
6
9
-17
5
-30
-18
7
-6
-13
11
9
-44
-30
-25
-17
-29
14
-37
-55
-65
-33
-65
-75
-6
4
4
-27
-31
-57
-62
-41
-44
-63
-102
-54
-69
-54
-27
-34
-40
-19
-21
-39
-2
-13
-28
-36
-32
-54
-99
-65
-39
-44
-18
-40
-13
-7
-19
-49
-71
-40
-27
-11
-95
-86
-44
-41
-35
-34
-25
-18
-68
-1
77
12
59
4
17
6
-2
11
29
0
-15
-3
-12
32
35
52
11
-35
-23
6
17
23
70
45
83
80
86
76
6
32
28
19
38
79
63
66
98
46
102
89
42
90
67
39
92
51
12
38
35
49
59
68
36
48
63
100
47
47
72
29
35
35
39
62
87
80
97
56
65
31
69
66
4
5
33
23
18
60
33
12
14
61
40
37
29
59
50
30
30
22
-1
35
57
17
37
-3
31
33
36
28
-26
-27
-8
12
-20
10
-17
-19
-45
-62
-84
-49
-59
-36
-36
-30
-7
-38
-38
-20
-14
-15
-40
-68
-40
-44
-52
-60
-52
-12
-72
-99
-52
-11
-28
-38
-26
-51
-74
-61
-55
-64
-4
-38
8
-10
-22
17
-16
5
-4
18
-12
-11
-10
7
23
-8
-4
-1
-18
32
27
25
35
8
21
2
-8
-49
-9
2
34
-8
1
11
8
47
19
6
4
29
7
51
40
61
51
32
29
63
82
55
64
59
43
58
31
63
119
83
120
100
87
102
110
109
77
108
80
66
112
75
77
45
33
10
2
22
10
54
14
-8
-3
-7
-10
-7
-26
-42
9
12
-9
-11
40
23
28
-5
-22
9
9
33
-3
9
-21
-33
-20
-31
-3
10
-11
-29
-25
-2
-10
-21
-20
2
21
-30
-12
-2
21
20
15
-3
14
23
9
16
56
43
1
4
8
9
-20
-24
26
29
7
14
46
48
17
1
-47
-1
-17
-6
-13
-3
13
-7
-1
14
1
-12
-9
-6
29
16
-6
-14
7
8
-58
-64
-34
-12
-41
-47
-49
-56
-19
-13
-8
2
-25
-26
16
6
-2
-10
-54
-20
-20
-58
-32
-46
-42
-31
-12
-21
17
21
43
69
65
58
68
66
104
84
60
56
69
126
84
67
42
41
67
76
80
73
57
56
57
47
43
29
32
29
51
13
19
26
-5
38
21
2
24
58
48
42
31
44
42
33
41
54
26
8
32
45
47
31
-11
21
36
26
15
56
27
-17
-25
31
2
-4
-17
-34
56
-2
20
17
-22
31
-3
-12
-12
-41
2
-13
26
24
26
29
9
16
19
-11
11
-14
28
26
16
1
-17
-12
-36
15
-24
16
2
25
16
32
39
-18
16
24
32
54
23
64
95
21
63
54
59
9
16
-19
-8
12
-6
21
-12
10
60
52
11
13
0
18
9
-14
-2
18
35
58
27
30
15
54
56
58
57
49
83
18
3
18
25
52
52
37
32
37
35
27
12
37
-2
-1
-10
-20
20
9
41
48
9
14
38
35
32
41
50
53
56
53
70
106
95
76
59
83
67
64
104
81
89
80
89
78
54
69
65
99
72
58
82
66
90
64
47
48
54
60
30
61
40
65
62
56
24
15
24
-19
43
59
25
11
18
39
44
35
50
41
64
-1
5
13
4
25
-15
-6
-22
3
34
8
0
-7
-26
-25
1
43
40
-12
-6
67
8
-20
-37
-21
-12
11
6
4
62
70
40
66
57
76
69
33
41
-1
82
37
57
77
60
50
12
59
50
54
14
23
34
23
7
-41
-28
-29
-42
-36
-31
-71
-67
-102
-113
-159
-170
-321
-1796
-3057
-2096
-1343
-2480
-3593
-4458
-4861
-4291
-4018
-5104
-5277
-4618
-5279
-5643
-4464
-4233
-4643
-4138
-3597
-3092
-2398
-2264
-2351
-1548
-108
407
368
813
1363
1734
2435
3310
3652
3646
3803
4315
4841
5427
5525
5401
6006
6747
7017
6973
6703
6348
5472
4514
4237
4641
4965
3823
1496
-430
-805
-338
-409
-1469
-2668
-3790
-4550
-4818
-4808
-4581
-4481
-4675
-4684
-4543
-4345
-4107
-3632
-2454
-1292
-740
-765
-718
-218
1001
2098
2767
3017
2903
2842
3051
3549
3954
3961
3711
3305
2917
2372
1650
1256
1054
612
-50
-1010
-2004
-2780
-3274
-3585
-3835
-4181
-4775
-5394
-5750
-5829
-5695
-5345
-5195
-4966
-4644
-4638
-4509
-4092
-3458
-2520
-1866
-1802
-1846
-1578
-1193
-663
-32
250
208
159
74
233
580
851
900
922
886
910
1132
1283
1757
1994
2243
2483
2628
2985
3400
4023
4744
5282
5811
6312
6510
6934
7082
6758
6720
6644
6533
6112
5419
4552
3759
3329
2687
1913
1231
386
-600
-1305
-2092
-2573
-2672
-3100
-3567
-3929
-4153
-4057
-3855
-3549
-3099
-2691
-2439
-2068
-1534
-855
-141
632
1305
1777
2254
2548
3004
3598
3921
4034
4047
3811
3526
3230
2935
2575
2115
1533
745
-20
-808
-1521
-2087
-2613
-3165
-3839
-4496
-5105
-5420
-5645
-5783
-5756
-5752
-5781
-5769
-5643
-5343
-4835
-4404
-4053
-3704
-3310
-2968
-2568
-2170
-1919
-1572
-1286
-1263
-1197
-1038
-1000
-981
-959
-1202
-1342
-1316
-1221
-1197
-1102
-928
-808
-561
-448
-205
203
678
1079
1502
2082
2685
3688
4769
5589
6130
6768
7820
8868
10055
11161
12058
11684
11211
10821
11141
11825
11779
10616
7773
3552
1975
4216
6816
4516
-2412
-7116
-5457
-2107
-2980
-7622
-9325
-7382
-6779
-8944
-10598
-8615
-5735
-6095
-7228
-5421
-2675
-2685
-4444
-2968
2607
5771
3717
821
2271
6563
8335
6969
6502
7979
8637
6870
5228
6302
7510
6313
3964
3040
3500
2336
-533
-1953
-836
-16
-1770
-4693
-5861
-5195
-4966
-5370
-5467
-4799
-4730
-5764
-5916
-4536
-2825
-2188
-2342
-1696
-336
208
128
573
1831
1213
-1389
-1630
397
1570
793
-1800
-3942
-3314
-2396
-3350
-4178
-3742
-4718
-6611
-6613
-6126
-6124
-5923
-6593
-6906
-5851
-5649
-6590
-6177
-4238
-2773
-2592
-2678
-2508
-1700
-208
933
1961
2854
2825
2771
3396
4670
5832
5998
6132
6840
7521
7894
7850
8262
9360
10107
10672
10664
9865
8683
7739
7428
7815
7603
6282
4102
2506
1645
743
9
-502
-1408
-2688
-3965
-5132
-5618
-5588
-5532
-5505
-5384
-5536
-5979
-6028
-5138
-3810
-2537
-1749
-1601
-1119
-547
-73
1305
3136
4470
4485
3741
3625
4681
5815
6113
5718
5491
5193
4327
3505
2982
2635
2351
1328
243
-844
-2186
-3449
-4313
-4394
-4311
-5194
-6662
-7686
-7998
-7647
-7330
-7162
-7096
-7119
-7179
-7114
-6488
-5551
-4827
-4337
-3882
-3768
-3545
-3230
-2802
-2014
-1448
-1371
-1675
-2054
-2138
-2012
-1642
-1460
-1751
-2143
-2592
-2710
-2311
-1837
-1442
-1294
-1514
-1629
-1276
-655
102
772
1268
1682
2421
3319
4180
5282
6584
7728
8713
9524
9937
11150
12610
13991
14410
13558
12372
11689
11914
11213
8658
6403
6080
6030
4480
1163
-1817
-2631
-2596
-3359
-5050
-6467
-7526
-8852
-9295
-8527
-7731
-7723
-8233
-8076
-6618
-5288
-4761
-4022
-2496
-539
653
1168
1811
2959
4362
5653
6572
7169
7181
6807
6926
7365
7858
7490
6436
5586
4809
3970
3024
2091
1270
532
-658
-1831
-2862
-3726
-4347
-4815
-5008
-5184
-5593
-6054
-6246
-5744
-5083
-4550
-4152
-3672
-3293
-2506
-2269
-4676
-5096
-2733
-875
-17
-1293
-4669
-5352
-3321
-2284
-2413
-2299
-3679
-5827
-5408
-4865
-5352
-4431
-4959
-6253
-5536
-5848
-7180
-6708
-5637
-4705
-3617
-3809
-4674
-4402
-3193
-2294
-720
747
617
877
1299
1715
3309
4974
5848
7164
7817
8134
8997
10293
12101
13872
15393
16286
17863
18449
17143
14836
11327
8640
9998
13587
13982
8794
124
-5223
-3118
1422
1099
-3784
-8422
-11000
-11519
-11393
-11311
-10390
-9810
-10626
-11266
-10703
-10458
-9789
-7696
-3991
-524
-68
-2143
-2724
271
4671
7985
9044
8356
7394
7314
8077
9791
11421
11277
10094
8783
7347
5832
4574
3927
4135
3867
1824
-1284
-3938
-5126
-5132
-4673
-4641
-5769
-7480
-9242
-9812
-8647
-7161
-6221
-5895
-5935
-5769
-5368
-4582
-3164
-986
-1935
-3110
-1779
-836
-326
-395
-2221
-2375
-463
-592
-2777
-3435
-3502
-4575
-4089
-3773
-5750
-6198
-6713
-8083
-6927
-5882
-7259
-7803
-7167
-6813
-5768
-5164
-5393
-4799
-3253
-2716
-1986
-405
-38
573
1874
2788
4071
5343
5370
6370
8090
9399
10288
11003
12240
13668
15162
16283
17808
18833
17919
16040
13457
9979
8844
10965
12979
11355
4567
-3447
-5382
-1584
723
-2183
-6965
-10299
-11529
-11738
-12020
-11674
-10335
-10244
-11132
-10877
-10341
-9805
-8544
-5760
-1878
451
-470
-2009
-651
3154
6926
8858
8992
8320
7931
8128
9116
10800
11544
10626
9336
8014
6588
5208
4051
3640
3637
2475
-220
-3088
-4794
-5273
-5166
-5204
-5855
-7092
-8593
-9657
-9426
-8060
-6996
-6351
-6250
-5984
-5746
-4797
-5357
-6460
-4049
-1461
-764
-1231
-3768
-5405
-3108
-673
-687
-1470
-2500
-4774
-5302
-3667
-3821
-4313
-4331
-6285
-6775
-5979
-7023
-7616
-6520
-5864
-5377
-5153
-6041
-6456
-5045
-3511
-2587
-1127
-867
-1206
-218
964
2158
3945
4840
5383
6945
7686
8324
9252
10909
12977
14564
15524
16102
17445
18427
17874
16496
14760
11975
10163
10427
11649
11123
5973
-914
-3721
-1891
-96
-2157
-6775
-10030
-11011
-11287
-11692
-11694
-11094
-11320
-11696
-11210
-10365
-9507
-8644
-6857
-3484
-852
-826
-1389
-447
2594
6195
8079
8511
8289
8265
8620
9637
10973
11498
10778
9659
8449
7377
6357
4966
4197
3868
2637
455
-1912
-3779
-4491
-4644
-5065
-5875
-6972
-8301
-9176
-9035
-8126
-7388
-6876
-6775
-6503
-5985
-4958
-6296
-7081
-4312
-2014
-960
-1682
-4621
-5493
-2869
-814
-1032
-1403
-2420
-4776
-4837
-3359
-3867
-3699
-3890
-6001
-6016
-5603
-6941
-7285
-6076
-5414
-4937
-5131
-6352
-6566
-4791
-3522
-2732
-1372
-1570
-1833
-733
95
1581
3359
3968
4510
5651
6587
7261
8313
9977
11847
13517
14406
14406
15133
17007
18517
18541
16989
14607
11812
9623
9703
11228
10831
6890
761
-3308
-2796
-997
-2413
-5735
-8395
-9910
-10909
-11678
-11894
-11391
-10548
-10354
-10369
-9772
-9401
-8931
-6729
-3379
-770
-46
-648
-306
2301
5436
7508
8544
8821
8682
8702
9277
10044
10743
10661
9641
8534
7469
5998
4643
3881
3391
2579
762
-1611
-3471
-4362
-4849
-5213
-5701
-6575
-7626
-8595
-8673
-8123
-7126
-6826
-6293
-7333
-8531
-6950
-5188
-3804
-2979
-4078
-4885
-3801
-2724
-2665
-2370
-1657
-2442
-2929
-2590
-3706
-3883
-3113
-3934
-4057
-4159
-5585
-6550
-6229
-5941
-5605
-5386
-6000
-6704
-6194
-5427
-4936
-3672
-3423
-3636
-2860
-2096
-1326
21
916
1466
2582
3225
3858
4912
6414
7794
8737
9624
10361
11769
13410
14223
14862
15915
17586
18517
17533
14953
13098
12065
11361
10852
9798
8141
5145
1041
-1974
-2215
-1680
-2974
-5892
-8506
-10085
-10852
-11191
-11238
-10519
-9876
-10281
-10649
-10162
-8866
-7175
-5204
-3223
-1543
-713
-384
860
3257
5831
7429
8136
8311
8529
8928
9431
10094
10644
10396
9238
8067
6954
6024
5027
4107
3200
2011
255
-1813
-3337
-4165
-4585
-5124
-5939
-6850
-7721
-8217
-8405
-7885
-7299
-6586
-7367
-8761
-7773
-5782
-4448
-4270
-5256
-5766
-4386
-2952
-2839
-3110
-2699
-3016
-3277
-2578
-3007
-3592
-3450
-3955
-4046
-3879
-4877
-6097
-6016
-5489
-5268
-5389
-6048
-6662
-6138
-5191
-4691
-3889
-3654
-4104
-3619
-2418
-1295
-225
292
446
1397
2534
3529
4370
5382
6601
7486
8579
9503
10390
11268
12494
13592
15120
15839
16478
17664
17217
15156
12927
12062
12216
11806
9820
6962
4470
2577
416
-1456
-1997
-2904
-5173
-7610
-9338
-9823
-10065
-10446
-10541
-9962
-9805
-10028
-10099
-8806
-6633
-4990
-3622
-2624
-1474
-314
1017
2877
4991
6537
7328
7698
8016
8782
9244
9675
10005
9922
9298
8169
7039
6162
5490
4551
3457
2138
596
-1011
-2550
-3490
-4178
-4676
-5548
-6564
-7302
-7829
-7885
-7695
-7224
-6892
-6397
-7254
-8391
-7153
-4952
-3558
-3638
-5091
-6074
-4600
-2740
-2276
-2560
-2607
-3456
-3916
-3182
-3270
-3514
-3376
-4178
-4645
-4580
-5385
-6318
-6018
-5425
-5189
-5403
-6239
-6835
-6014
-4684
-3980
-3274
-3338
-3972
-3388
-1966
-661
429
658
695
1740
3030
3784
4441
5504
7033
8455
8993
9025
9839
11433
13197
14409
14893
15807
16904
17668
16663
14628
13402
12621
11897
10976
9118
7292
5037
2088
-272
-1323
-1982
-3114
-5562
-7628
-8819
-9541
-10085
-10354
-10051
-9597
-9727
-9861
-9318
-7989
-6240
-4910
-3549
-2024
-1107
-88
1326
3159
5109
6445
7093
7634
8067
8524
8936
9339
9744
9500
8723
7594
6466
5633
4862
3870
2956
1683
-34
-1586
-2943
-3688
-4289
-5052
-5966
-6764
-7446
-7864
-8051
-7743
-7311
-6791
-6566
-6178
-6573
-8116
-6986
-4911
-3893
-3283
-4500
-6045
-4929
-3303
-3091
-3176
-2783
-3687
-4659
-3956
-4126
-4601
-3782
-4628
-5565
-5044
-5819
-7034
-6457
-5794
-5602
-5371
-5789
-6470
-5739
-4303
-3839
-3022
-2569
-3090
-2423
-999
-96
892
1396
1574
2799
4166
4793
5250
6125
6950
8390
9691
10088
10631
11104
12383
13933
15110
15881
16709
17341
15713
12713
10828
10414
11315
11319
8560
5088
2125
-144
-1151
-1437
-1993
-3709
-6350
-8656
-9801
-9772
-9524
-9488
-9119
-8867
-9328
-9489
-9119
-7417
-4768
-3007
-2142
-1708
-1347
-242
1805
4028
5983
6819
6751
6621
6954
7863
8579
9083
9153
8437
7273
5994
4909
4370
4017
3158
2068
338
-1574
-2964
-3922
-4189
-4456
-5218
-6335
-7400
-7848
-7853
-7523
-6909
-6474
-6735
-7710
-7983
-6929
-5354
-4678
-4964
-5536
-5236
-4359
-3929
-3953
-3653
-3312
-3401
-3604
-3902
-4178
-4267
-4295
-4333
-4428
-4844
-5726
-6227
-6061
-5636
-5445
-5717
-6080
-6134
-5678
-5125
-4468
-3757
-3241
-3025
-2805
-2328
-1570
-360
609
1212
1746
2177
2852
3987
5189
5996
6853
7727
8640
9474
10305
11195
12123
13321
14302
15366
16099
16847
17024
15690
13612
11992
11448
11471
10430
8142
5331
3169
1600
-206
-1720
-2686
-4130
-5613
-7115
-8561
-9264
-9609
-9553
-8980
-8590
-8580
-8799
-8401
-6806
-4891
-3235
-2224
-1527
-319
1094
2610
4237
5526
6629
7422
7805
8142
8515
8732
8968
9132
8903
8079
6766
5586
4743
4103
3364
2262
780
-711
-2129
-3156
-3815
-4340
-4847
-5645
-6377
-6828
-7073
-6987
-6714
-6316
-5750
-5332
-7184
-7800
-5781
-4344
-3614
-3823
-5491
-5353
-3562
-2987
-3431
-2975
-2739
-3985
-3848
-3141
-4110
-3774
-3622
-4809
-4377
-4158
-5697
-6183
-5337
-5042
-4908
-4918
-5636
-5839
-4533
-3802
-3387
-2334
-2650
-2957
-1998
-1134
-121
1027
1166
1619
2510
3215
3932
4744
5773
6761
7991
8884
9302
9685
10721
12324
13571
14246
14593
15601
17209
17825
15894
12526
11001
11932
12578
11356
8215
4514
2402
1677
543
-699
-1998
-4249
-6392
-7463
-8157
-8795
-9340
-9634
-9281
-8540
-8550
-9278
-8787
-7012
-4779
-3035
-2266
-1974
-1066
491
2327
4438
5777
6369
6738
7148
7813
8426
8825
8969
8980
8598
7641
6287
5364
4720
4173
3463
1967
377
-1148
-2492
-3259
-3741
-4377
-5174
-6136
-6909
-7249
-7392
-7271
-7009
-6718
-6899
-7712
-7477
-6300
-5411
-4905
-5527
-6042
-5165
-4197
-3703
-3703
-3818
-3884
-3903
-3534
-3458
-3790
-3734
-4165
-4482
-4238
-4753
-5302
-5456
-5449
-5313
-5415
-5842
-6144
-5826
-5176
-4714
-4328
-3998
-4015
-3551
-2855
-2318
-1633
-1028
-366
419
890
1251
1949
2925
4394
5190
5547
6193
7194
8475
9491
10417
11189
11818
12772
13717
14925
16406
17321
16106
13887
11765
11291
12012
11648
9511
6501
4149
2439
788
-618
-1709
-2809
-4448
-6539
-8245
-8865
-9187
-9233
-8961
-8707
-8664
-9094
-9158
-7962
-5806
-3883
-2758
-2228
-1534
-353
1156
3032
4692
5926
6477
6639
6899
7497
8095
8560
8777
8528
7794
6657
5569
4827
4322
3739
2715
1371
-156
-1631
-2769
-3440
-3841
-4403
-5238
-6236
-6900
-7289
-7151
-6853
-6490
-6412
-6977
-7239
-6661
-5756
-4861
-4691
-5225
-5191
-4571
-3956
-3612
-3396
-3456
-3709
-3547
-3440
-3609
-3607
-3732
-4109
-4106
-4246
-4904
-5283
-5326
-5182
-5039
-5201
-5695
-5902
-5490
-5036
-4587
-4080
-3908
-3676
-3154
-2795
-2199
-1480
-822
26
693
1068
1306
2015
3249
4614
5483
5897
6057
6723
8107
9526
10526
11193
11646
12230
13495
14420
15177
16205
16629
14992
12292
10622
11145
11917
10944
7520
3857
2329
1837
696
-907
-2751
-4379
-5748
-7035
-7999
-8594
-8991
-9159
-8759
-8203
-8292
-8738
-8359
-6668
-4328
-2722
-2399
-2022
-1012
607
2510
4038
5061
5675
6042
6517
7237
7762
7882
7917
7878
7601
6805
5676
4612
3970
3639
2796
1492
-29
-1441
-2427
-3127
-3678
-4289
-5125
-6148
-6728
-7002
-6908
-6955
-6770
-6813
-7214
-7359
-7127
-6288
-5532
-5604
-5861
-5595
-4825
-4153
-4106
-4045
-3835
-3483
-3274
-3404
-3500
-3473
-3547
-3582
-3616
-3865
-4348
-4760
-4904
-4673
-4653
-4910
-5324
-5491
-5182
-4856
-4456
-4256
-4014
-3603
-3125
-2754
-2382
-1868
-1287
-453
290
916
1404
1890
2576
3429
4553
5672
6382
6923
7724
8670
9490
10385
11175
12008
12946
13814
14358
15193
16007
15310
13165
11206
10538
11246
11529
9415
5850
2632
1205
941
438
-734
-2964
-5374
-7059
-7730
-7606
-7733
-8305
-8695
-8653
-8451
-8210
-8179
-7228
-5370
-3609
-2628
-2361
-2043
-964
1013
3067
4535
5071
5087
5168
5817
6955
7652
7856
7475
6977
6503
5837
4993
4312
3719
3110
2142
737
-768
-2040
-2837
-3260
-3702
-4432
-5443
-6448
-6983
-6967
-6736
-6544
-7214
-7932
-7645
-7063
-6675
-6710
-6698
-6202
-5226
-4609
-4780
-4993
-4500
-3912
-3313
-2778
-3076
-3472
-3603
-3511
-3173
-3039
-3445
-4129
-4364
-4309
-4416
-4538
-4720
-4947
-4855
-4717
-4795
-4687
-4435
-4047
-3398
-2867
-2715
-2649
-2450
-1797
-696
144
669
1111
1636
2366
3208
4152
5251
6278
7160
7579
7996
9138
10416
11395
11875
12291
13131
13962
14918
15733
15115
13259
11483
10706
11096
11299
9262
6008
3342
2030
1299
424
-912
-2782
-4817
-6242
-7208
-7650
-7994
-8635
-8818
-8425
-8351
-8412
-8395
-7627
-5849
-4215
-3251
-2759
-2279
-1246
389
2199
3646
4412
4736
5078
5647
6481
6917
7148
7246
6999
6475
5719
4791
4224
3721
3064
2188
815
-545
-1702
-2557
-3125
-3696
-4475
-5347
-6181
-6690
-6885
-6953
-7048
-7876
-8487
-8092
-7312
-6715
-6801
-7214
-7068
-6051
-5093
-4789
-4627
-4364
-4095
-3673
-3136
-3027
-3104
-3117
-3089
-2918
-2883
-3269
-3743
-3896
-3752
-3777
-4091
-4556
-4943
-4887
-4589
-4410
-4333
-4296
-4172
-3792
-3210
-2848
-2681
-2363
-1846
-1045
-271
202
688
1303
2002
2874
4063
5144
5700
6078
6877
8245
9742
10439
10484
10700
11729
13107
14055
14492
14904
14739
13443
11763
10910
11179
11415
9996
6876
3899
2415
1643
802
-425
-2038
-4021
-5847
-7149
-7846
-7883
-8007
-8398
-8685
-8759
-8904
-8624
-7728
-6280
-4672
-3701
-3307
-2862
-1841
-164
1650
3102
4003
4366
4627
5035
5810
6643
7110
7205
6911
6356
5616
4898
4274
3936
3488
2507
1143
-342
-1544
-2356
-2822
-3330
-4125
-5073
-6032
-6653
-6931
-7269
-8064
-8374
-8136
-7818
-7690
-8027
-8272
-7635
-6587
-5822
-5549
-5385
-5178
-4903
-4165
-3335
-3054
-3089
-3199
-3233
-2925
-2766
-2997
-3273
-3327
-3357
-3632
-4052
-4339
-4501
-4434
-4324
-4410
-4486
-4507
-4391
-4042
-3513
-3087
-3019
-2935
-2615
-1994
-1145
-433
-59
515
1097
1840
2965
3901
4726
5607
6511
7311
7949
8739
10020
11175
11287
11526
12249
13520
14518
15132
14933
13349
11403
10040
10103
11102
10638
7113
3243
1384
1049
826
-497
-2511
-4482
-5999
-7131
-8015
-8349
-8451
-8566
-8702
-8494
-8530
-8555
-8241
-6825
-4692
-3281
-2770
-2784
-2093
-441
1549
3016
4055
4526
4710
5049
5591
6496
7016
7144
6871
6356
5691
4912
4035
3579
3289
2524
1302
-305
-1617
-2546
-3091
-3460
-4004
-4801
-5895
-6672
-6995
-7223
-7885
-8108
-7843
-7367
-7315
-7856
-8099
-7389
-6153
-5246
-5125
-5104
-4911
-4564
-3826
-3012
-2596
-2553
-2875
-2963
-2723
-2608
-2611
-2915
-2970
-2990
-3368
-3886
-4229
-4231
-4006
-3911
-4072
-4291
-4480
-4278
-3818
-3176
-2633
-2707
-2803
-2507
-1889
-913
-59
417
863
1285
1828
2974
4263
5294
5662
6240
7135
8221
9477
10192
10752
11364
11881
12433
13315
14495
15202
15225
13826
11535
10137
10162
10610
10348
7958
4270
1544
590
405
-334
-1853
-3974
-5886
-6968
-7805
-8297
-8381
-8432
-8377
-8179
-8307
-8454
-7998
-6794
-4836
-3122
-2300
-2180
-1821
-554
1352
3241
4400
4843
4966
5275
5778
6497
7098
7261
7180
6673
5914
5116
4215
3564
3233
2646
1578
133
-1397
-2528
-3158
-3521
-3997
-4632
-5539
-6406
-6990
-7491
-7999
-7992
-7502
-7098
-7265
-7766
-7879
-7242
-6046
-5083
-4796
-4694
-4527
-4379
-3811
-2950
-2433
-2382
-2511
-2664
-2756
-2672
-2599
-2832
-2835
-2878
-3300
-3853
-4188
-4319
-4181
-3977
-4044
-4243
-4392
-4256
-3900
-3232
-2667
-2473
-2428
-2259
-1777
-957
-75
574
1200
1711
2279
3177
4321
5253
6030
6752
7665
8671
9535
10015
10421
11108
12263
13221
13710
13947
14430
14632
13407
11189
9763
9877
10721
10068
6655
2936
865
520
405
-400
-2209
-4614
-6820
-7759
-7879
-7559
-7775
-8578
-8952
-8609
-8219
-8024
-7610
-6304
-4392
-3022
-2486
-2224
-1596
-91
1837
3516
4626
4854
4721
4947
5825
6875
7285
7147
6668
6072
5506
4814
4081
3556
2978
2204
1068
-339
-1703
-2806
-3297
-3522
-3968
-4818
-5895
-6658
-6941
-7284
-7813
-7789
-7381
-7058
-7197
-7626
-7651
-6859
-5656
-4915
-4754
-4511
-4478
-4319
-3581
-2728
-2383
-2383
-2639
-2894
-2733
-2615
-2789
-2927
-2905
-3096
-3577
-4071
-4393
-4419
-4194
-4101
-4157
-4269
-4435
-4376
-3922
-3221
-2606
-2376
-2404
-2270
-1837
-1054
-137
617
1209
1709
2149
2828
3888
4942
5854
6788
7578
8009
8713
9521
10260
11129
11620
12132
12852
13589
14211
14621
13564
11297
9571
9529
10320
10062
7527
3778
1254
686
410
-484
-1996
-3965
-5968
-7015
-7594
-7772
-7955
-8403
-8556
-8274
-8061
-8093
-7850
-6686
-4827
-3299
-2534
-2301
-1690
-489
1140
2993
4171
4660
4787
4980
5613
6474
6884
6924
6763
6386
5771
4946
4098
3609
3097
2427
1374
89
-1146
-2275
-3027
-3429
-3804
-4348
-5240
-6127
-6398
-6669
-7163
-7546
-7377
-6816
-6525
-6858
-7163
-6916
-5945
-4880
-4389
-4269
-4129
-3990
-3725
-3104
-2422
-2215
-2388
-2571
-2686
-2735
-2696
-2881
-3011
-2966
-3213
-3777
-4263
-4338
-4314
-4220
-4109
-4216
-4283
-4309
-4131
-3561
-2842
-2382
-2268
-2162
-1883
-1347
-490
365
951
1473
2028
2486
3273
4394
5508
6282
6961
7312
7903
9225
10043
10557
10963
11400
12184
13184
13633
13875
13914
12775
10683
9397
9515
9909
9301
6720
3281
1144
469
25
-728
-1972
-4078
-6016
-7158
-7690
-7531
-7475
-7859
-8133
-7950
-7916
-7755
-7212
-5958
-4174
-2792
-2228
-2045
-1311
-91
1618
3278
4407
4781
4796
4882
5438
6328
6808
6922
6627
6081
5315
4495
3859
3441
3027
2219
1090
-247
-1461
-2413
-2953
-3268
-3735
-4411
-5380
-6068
-6279
-6542
-6969
-7060
-6510
-6360
-6608
-6849
-6852
-6312
-5108
-4543
-4502
-4223
-4067
-4049
-3464
-2558
-2326
-2457
-2486
-2792
-2831
-2511
-2660
-2937
-2796
-3029
-3608
-3971
-4193
-4303
-4143
-3984
-4172
-4300
-4279
-4268
-3817
-3152
-2654
-2353
-2167
-2003
-1745
-1199
-310
507
1134
1578
1974
2499
3366
4254
5108
6065
6969
7733
8328
8451
8682
9839
11388
12117
11897
11980
12629
14034
14343
12223
9629
8778
9396
10165
9365
6164
2431
338
266
607
54
-2095
-4981
-6641
-6918
-6926
-7118
-7664
-8157
-8161
-7792
-7622
-7425
-7058
-5894
-4130
-2692
-2125
-2103
-1667
-290
1912
3677
4389
4294
4214
4615
5460
6426
6795
6755
6265
5600
4976
4398
3829
3352
2729
1938
874
-516
-1707
-2553
-2982
-3235
-3739
-4573
-5552
-6176
-6332
-6489
-6831
-7020
-6978
-6639
-6332
-6585
-6804
-6218
-5290
-4542
-4090
-4100
-4085
-3724
-3146
-2616
-2168
-2149
-2503
-2626
-2531
-2543
-2630
-2759
-2985
-3156
-3372
-3839
-4189
-4268
-4166
-4071
-4152
-4273
-4376
-4227
-3887
-3389
-2670
-2280
-2297
-2146
-1909
-1299
-267
523
1039
1439
1888
2416
3289
4502
5519
6204
6802
7393
8082
9065
9911
10366
11019
11508
11941
12594
13496
14389
13906
11760
9628
8846
9612
10340
9063
5934
2627
584
153
88
-279
-1841
-4422
-6436
-7227
-7278
-7130
-7417
-7684
-7539
-7520
-7697
-7709
-6983
-5255
-3524
-2350
-1853
-1858
-1361
-27
2037
4015
4829
4776
4552
4798
5689
6580
6955
7018
6645
5931
5092
4257
3752
3417
3002
2355
1119
-393
-1795
-2625
-2946
-3003
-3398
-4259
-5312
-5958
-6231
-6549
-6579
-6493
-6315
-6278
-6435
-6685
-6544
-5788
-4858
-4287
-4000
-3925
-4080
-3702
-2919
-2310
-1882
-2012
-2395
-2657
-2541
-2360
-2373
-2405
-2699
-3145
-3531
-3799
-4000
-3963
-3968
-4081
-4196
-4274
-4275
-4133
-3738
-3101
-2475
-2183
-2174
-2173
-1866
-1113
-87
762
1236
1633
1945
2449
3467
4565
5577
6296
6982
7390
7883
8672
9535
10294
11054
11736
12024
12316
12650
13487
13500
12181
10048
8603
8737
9345
8536
5806
2536
680
120
-183
-958
-2558
-4442
-5861
-6782
-7151
-7271
-7434
-7654
-7714
-7323
-7105
-7039
-6712
-5486
-3711
-2248
-1696
-1559
-971
289
2066
3566
4415
4708
4757
4938
5597
6278
6701
6619
6246
5766
5064
4368
3621
3151
2717
2043
987
-371
-1581
-2421
-2844
-3177
-3551
-4223
-5012
-5630
-6083
-6464
-6663
-6902
-6766
-6139
-5979
-6295
-6494
-6232
-5352
-4231
-3674
-3715
-3759
-3515
-3202
-2555
-1892
-1997
-2214
-2275
-2507
-2456
-2432
-2670
-2886
-3000
-3230
-3717
-4073
-4189
-4186
-4013
-3887
-4001
-4113
-4081
-3883
-3221
-2455
-2143
-2123
-2057
-1780
-1019
-49
694
1159
1645
2138
2791
3656
4720
5811
6558
7146
7483
8301
9174
9862
10446
11035
11793
12500
12711
12931
13545
13220
11494
9509
8585
9022
9539
8251
5146
1910
236
-187
-116
-533
-2456
-5066
-6636
-7081
-6900
-6830
-7259
-7625
-7500
-7296
-7205
-6997
-6186
-4768
-3249
-2034
-1554
-1439
-899
557
2576
4271
4863
4752
4586
4951
5904
6596
6938
6844
6267
5567
4934
4301
3744
3233
2642
1842
735
-511
-1765
-2553
-2818
-3065
-3474
-4245
-5191
-5850
-6132
-6331
-6392
-6203
-6119
-6190
-6371
-6436
-6035
-5201
-4515
-4184
-3895
-3716
-3627
-3230
-2629
-2135
-1923
-2058
-2357
-2483
-2376
-2379
-2393
-2547
-2858
-3251
-3634
-3832
-3948
-3970
-3995
-4074
-4223
-4282
-4208
-3951
-3514
-3007
-2549
-2372
-2288
-2075
-1655
-915
46
784
1247
1573
1962
2681
3746
4943
5703
6401
6897
6911
7563
8830
10026
10776
10863
10475
11019
12372
13541
14066
12827
10160
8008
8079
9503
10076
8126
4256
952
95
372
102
-834
-2705
-4945
-6216
-6879
-7044
-7091
-7400
-7351
-6933
-6906
-7212
-7443
-6496
-4405
-2498
-1611
-1767
-1813
-1097
595
2656
4244
4652
4452
4318
4718
5736
6408
6649
6515
6099
5447
4626
3789
3364
3025
2594
1852
584
-780
-2014
-2756
-2874
-2993
-3411
-4255
-5295
-5839
-6175
-6214
-6195
-6273
-6179
-6162
-6307
-6218
-5870
-5316
-4657
-4116
-3835
-3792
-3701
-3340
-2872
-2241
-1952
-2195
-2355
-2636
-2715
-2510
-2447
-2673
-3022
-3451
-3775
-4015
-4101
-4095
-4155
-4121
-4135
-4216
-4204
-3922
-3527
-2956
-2445
-2108
-2108
-1928
-1529
-854
144
854
1261
1566
2009
2623
3745
4721
5331
5892
6692
7186
7639
8539
9533
9998
10122
10280
11018
12161
12902
12934
12230
10564
8831
8118
8671
9274
8150
5227
2008
219
-133
-141
-517
-1745
-4033
-6106
-6964
-6868
-6462
-6464
-6867
-6958
-6872
-6890
-6753
-6025
-4467
-2820
-1769
-1512
-1411
-831
454
2201
3897
4768
4710
4434
4518
5227
6193
6624
6614
6123
5352
4566
3850
3410
3135
2690
1948
785
-573
-1724
-2491
-2778
-2935
-3281
-3991
-4929
-5560
-5768
-5870
-5974
-5861
-5791
-5693
-5754
-5984
-5838
-5110
-4344
-3747
-3520
-3537
-3563
-3244
-2679
-2194
-1890
-1956
-2335
-2621
-2589
-2558
-2503
-2609
-2877
-3256
-3636
-3927
-4054
-3997
-3935
-3992
-4098
-4195
-4287
-4070
-3669
-3144
-2521
-2207
-2142
-1956
-1623
-1027
-153
616
1175
1615
2047
2556
3352
4278
5057
5594
6335
7171
7678
8160
8684
9319
10126
10744
10721
10951
11700
12823
13374
11804
9125
7410
7808
9154
9197
6907
3413
756
-85
21
-142
-912
-2950
-5063
-6210
-6576
-6553
-6709
-6763
-6561
-6262
-6346
-6646
-6612
-5451
-3496
-1887
-1058
-1218
-1241
-488
1217
3275
4607
4905
4639
4484
4945
5757
6259
6562
6463
5885
5112
4187
3512
3100
2821
2382
1520
284
-1064
-2243
-2775
-2768
-2891
-3317
-4221
-5129
-5641
-5909
-6011
-5704
-5428
-5389
-5621
-5979
-5953
-5358
-4348
-3700
-3452
-3420
-3527
-3472
-2908
-2270
-1903
-1736
-1958
-2416
-2565
-2531
-2469
-2430
-2514
-2970
-3440
-3809
-3967
-3937
-3737
-3648
-3780
-3923
-4061
-3856
-3499
-2860
-2281
-1843
-1738
-1728
-1493
-1036
-123
818
1418
1586
1834
2397
3237
4108
5015
5823
6338
6641
6859
7520
8779
9810
10126
10001
10240
11063
11689
12308
12714
11850
10073
8162
7482
8431
8869
7383
4198
1289
106
-52
-196
-875
-2563
-4463
-5858
-6602
-6507
-6478
-6568
-6661
-6564
-6357
-6299
-6371
-5616
-3977
-2358
-1240
-1049
-1028
-417
984
2709
4109
4730
4728
4535
4784
5497
6090
6479
6245
5726
5173
4383
3635
3110
2692
2279
1496
434
-806
-1995
-2734
-3001
-3124
-3408
-4134
-4957
-5445
-5807
-5849
-5813
-5640
-5456
-5277
-5255
-5500
-5536
-4888
-4112
-3310
-2863
-3176
-3465
-3150
-2538
-2044
-1720
-1859
-2365
-2586
-2616
-2662
-2682
-2808
-3188
-3471
-3677
-3998
-4298
-4374
-4184
-4018
-3947
-4056
-4114
-3956
-3431
-2694
-2060
-1650
-1607
-1553
-1291
-637
234
1073
1549
1929
2205
2580
3202
4300
5415
6204
6595
6754
7164
7979
8914
9780
10208
10048
10292
10881
11641
12843
12575
10306
8083
7334
8266
9000
8055
5101
1982
617
147
-459
-633
-1509
-3459
-5264
-6489
-6772
-6479
-6442
-6578
-6482
-6263
-6380
-6682
-6060
-4514
-2820
-1671
-1381
-1200
-727
189
1796
3489
4418
4743
4402
4331
4930
5621
6119
6279
5903
5262
4350
3483
3013
2686
2327
1641
609
-492
-1717
-2705
-3052
-3173
-3274
-3791
-4816
-5374
-5717
-5858
-5909
-5805
-5589
-5376
-5268
-5591
-5818
-5293
-4417
-3701
-3163
-3227
-3639
-3516
-2986
-2502
-2041
-1904
-2401
-2874
-2893
-2850
-2895
-2873
-3156
-3569
-3749
-4107
-4455
-4482
-4340
-4206
-4174
-4190
-4345
-4348
-3952
-3141
-2494
-1998
-1830
-1882
-1616
-1044
-113
846
1406
1724
2071
2431
3232
4121
4910
5629
6248
6842
7155
7519
8189
9099
9704
10182
10309
10549
11084
11854
12314
11049
8816
7384
7540
8474
8425
6080
3180
1070
25
-185
-284
-925
-2526
-4673
-5972
-6288
-6080
-5935
-6258
-6281
-5968
-6138
-6179
-5843
-4751
-3130
-1943
-1244
-984
-784
-90
1279
2958
4329
4728
4482
4298
4513
5323
5897
6164
5919
5276
4534
3832
3218
2876
2514
1948
1160
17
-1142
-2173
-2820
-2919
-2980
-3390
-4117
-4960
-5367
-5372
-5395
-5317
-5175
-5213
-5533
-5562
-5155
-4680
-4158
-3704
-3682
-3496
-3055
-3000
-2890
-2355
-1934
-2018
-2204
-2376
-2697
-2650
-2543
-2770
-2920
-3108
-3652
-4010
-3979
-3927
-3939
-4033
-4128
-4198
-4134
-3861
-3572
-3160
-2655
-2284
-1927
-1599
-1373
-1122
-634
189
964
1432
1706
2045
2574
3402
4157
4873
5584
6083
6469
6790
7512
8444
9052
9481
9494
9628
10403
11258
12213
11994
9716
7461
6825
7947
8978
7846
5006
2148
588
274
-2
-466
-1271
-2990
-4712
-5782
-6224
-5997
-6065
-6051
-5679
-5683
-6131
-6445
-5940
-4219
-2478
-1527
-1244
-1329
-947
41
1578
3317
4273
4337
4099
4041
4594
5302
5681
5990
5760
5117
4254
3310
2858
2765
2498
1893
934
-345
-1536
-2430
-2705
-2710
-2869
-3341
-4329
-5004
-5160
-5212
-5366
-5316
-5186
-5170
-5124
-5368
-5378
-4840
-4177
-3600
-3243
-3102
-3333
-3333
-2789
-2274
-1878
-1779
-2346
-2623
-2544
-2599
-2570
-2648
-2917
-3244
-3498
-3782
-3946
-3884
-3839
-3883
-3732
-3774
-3842
-3678
-3465
-2966
-2278
-1754
-1501
-1397
-1288
-834
-186
601
1333
1554
1754
2168
3000
3860
4621
5256
5619
6131
6759
7310
7981
8574
8871
9079
9516
10079
10528
11007
11560
11006
9095
7441
7105
7844
8194
6659
4056
2002
883
227
-537
-955
-1637
-3060
-4689
-5852
-6080
-5815
-5852
-5851
-5607
-5585
-5914
-6071
-5370
-3738
-2323
-1552
-1262
-1108
-554
423
1795
3193
4025
4154
3968
3946
4421
4972
5375
5591
5289
4661
3784
3047
2666
2411
1988
1297
351
-677
-1743
-2564
-2888
-2885
-3108
-3708
-4496
-5053
-5412
-5831
-5843
-5449
-5328
-5422
-5521
-5683
-5495
-4915
-4404
-4033
-3424
-3140
-3511
-3440
-2831
-2517
-2288
-2131
-2363
-2645
-2733
-2849
-3064
-2952
-2922
-3276
-3614
-3794
-4114
-4169
-4064
-3937
-3774
-3814
-3931
-3879
-3487
-2807
-2258
-1809
-1555
-1464
-1378
-897
-130
782
1414
1748
1963
2304
3013
3841
4705
5449
5994
6426
6675
7139
7719
8488
9029
9488
9749
9976
10284
10670
10562
9481
8003
7036
7132
7207
6399
4492
2522
1068
179
-613
-1159
-1931
-3077
-4485
-5579
-5938
-5898
-5904
-6053
-6040
-5872
-5819
-5745
-5252
-4171
-2994
-2138
-1659
-1156
-507
219
1326
2469
3429
3891
3893
3982
4308
4752
5125
5244
5024
4537
3789
3151
2660
2356
1829
1178
381
-517
-1403
-2240
-2757
-3067
-3235
-3563
-4192
-4675
-5094
-5569
-5852
-5562
-5583
-5536
-5278
-5340
-5272
-4860
-4525
-4214
-3453
-2920
-3150
-3142
-2615
-2521
-2364
-1956
-2066
-2313
-2299
-2594
-2875
-2835
-2847
-3116
-3336
-3427
-3744
-3909
-3827
-3761
-3676
-3539
-3441
-3349
-3130
-2690
-2183
-1634
-1186
-1000
-955
-670
-73
588
1255
1789
2173
2613
3258
3972
4477
5126
6006
6761
7266
7635
7652
8061
8743
9200
9660
10241
10621
10673
10741
9775
8041
6939
7096
7666
7490
5562
2887
1104
488
27
-509
-947
-1891
-3396
-5118
-6116
-5821
-5127
-4976
-5317
-5577
-5665
-5603
-5271
-4219
-2624
-1612
-1337
-1257
-789
40
1176
2449
3506
4159
4079
3763
3858
4560
5217
5565
5399
4841
4032
3178
2628
2440
2359
1781
857
-235
-1235
-2013
-2523
-2783
-2825
-3076
-3783
-4429
-5118
-5741
-5737
-5200
-5084
-5413
-5602
-5692
-5565
-4962
-4411
-4222
-3679
-3258
-3466
-3398
-2840
-2580
-2457
-2098
-2098
-2382
-2537
-2689
-2870
-2672
-2573
-2976
-3390
-3662
-3854
-3938
-3796
-3692
-3718
-3621
-3570
-3524
-3284
-2817
-2354
-1867
-1447
-1336
-1325
-1107
-369
542
1210
1656
1858
2053
2650
3443
4447
5307
5939
6345
6498
6716
7351
8269
9020
9466
9550
9492
9674
10329
10803
10027
8300
6770
6428
7071
6969
5166
2782
1262
397
-265
-957
-1700
-2695
-3967
-5132
-5640
-5582
-5646
-6089
-6061
-5534
-5226
-5285
-5339
-4571
-3239
-2077
-1405
-917
-518
53
938
2100
3297
3887
3893
3827
4072
4475
4775
4863
4788
4477
3950
3273
2583
2103
1701
1212
605
-240
-1187
-2084
-2740
-2997
-3078
-3417
-3895
-4427
-4973
-5650
-5901
-5609
-5448
-5171
-5177
-5496
-5525
-5050
-4502
-3958
-3361
-3089
-3297
-3232
-2862
-2599
-2189
-1949
-2136
-2374
-2488
-2641
-2778
-2732
-2823
-3046
-3307
-3604
-3875
-3971
-3848
-3751
-3663
-3563
-3527
-3461
-3246
-2787
-2217
-1715
-1392
-1284
-1128
-747
-147
627
1190
1566
1977
2518
3180
3755
4077
4545
5430
6397
7123
7058
6717
6947
7755
8787
9652
9582
9214
9254
9930
10176
8583
6602
5911
6448
7227
6178
3559
1283
220
43
-173
-840
-1905
-3482
-4663
-5110
-5260
-5067
-5266
-5718
-5438
-5121
-5013
-4870
-4622
-3526
-2177
-1323
-901
-785
-418
471
1713
2976
3653
3680
3566
3529
4009
4648
4897
4854
4452
3910
3375
2726
2281
1976
1496
1004
224
-715
-1527
-2331
-2693
-2739
-2867
-3284
-3921
-4891
-5667
-5717
-5314
-5148
-4950
-5018
-5620
-5675
-5108
-4626
-3915
-3281
-3346
-3542
-3197
-2951
-2793
-2198
-1775
-1955
-2195
-2414
-2829
-2776
-2507
-2469
-2676
-3012
-3454
-3909
-3889
-3563
-3389
-3350
-3396
-3611
-3615
-3279
-2806
-2276
-1684
-1387
-1423
-1318
-1039
-527
311
1053
1525
1759
2028
2415
3008
3899
4858
5581
5828
5838
6043
6887
7722
8243
8155
8271
8671
9245
9629
9951
10039
8833
7126
6048
6234
6850
6408
4359
2218
1063
521
-289
-997
-1528
-2436
-3571
-4607
-5207
-5327
-5457
-5577
-5214
-4764
-4709
-4992
-4942
-3973
-2572
-1528
-914
-679
-325
225
1119
2297
3343
3799
3840
3776
3989
4383
4530
4744
4696
4462
3908
3061
2445
2001
1627
1231
603
-187
-1048
-2033
-2547
-2761
-2861
-3041
-3532
-4164
-5165
-5769
-5484
-5154
-5024
-4706
-4954
-5421
-5259
-4771
-4340
-3459
-2828
-3128
-3289
-2782
-2689
-2540
-1918
-1840
-2138
-2217
-2410
-2745
-2637
-2458
-2651
-2920
-2993
-3393
-3857
-3726
-3448
-3332
-3329
-3315
-3429
-3306
-2886
-2402
-1854
-1436
-1275
-1379
-1193
-659
85
881
1384
1583
1833
2329
2997
3824
4504
5045
5468
5799
6216
6637
7039
7523
8123
8241
8362
8682
9003
9484
10109
9892
8255
6515
5851
6287
6964
6259
4003
1987
930
623
145
-517
-1308
-2414
-3563
-4194
-4465
-4625
-4964
-5019
-4667
-4337
-4239
-4522
-4442
-3410
-2122
-1224
-676
-563
-402
231
1249
2425
3254
3472
3374
3418
3702
4097
4298
4417
4218
3886
3417
2751
2204
1741
1366
1065
514
-259
-1133
-1999
-2539
-2566
-2588
-2733
-3367
-4541
-5400
-5368
-5124
-4744
-4375
-4707
-5201
-5182
-5011
-4690
-3688
-3021
-3087
-3051
-2953
-3113
-2781
-2141
-1910
-1795
-1797
-2310
-2664
-2632
-2467
-2335
-2331
-2563
-3025
-3446
-3574
-3369
-3108
-2887
-2858
-3011
-3143
-2890
-2457
-1886
-1250
-1091
-1159
-1105
-851
-252
622
1214
1584
1821
2227
2844
3673
4352
4694
5146
5763
6333
6910
7320
7513
8032
8433
8645
8892
9087
9394
9717
9941
9110
7462
6391
6155
6312
6085
4549
2722
1500
714
-11
-650
-1195
-2052
-3124
-3988
-4509
-4611
-4598
-4868
-4781
-4507
-4321
-4237
-4202
-3588
-2446
-1485
-903
-496
-125
387
1089
2035
2943
3487
3633
3542
3687
4090
4231
4337
4224
3919
3517
2921
2276
1815
1393
946
487
-224
-991
-1770
-2397
-2644
-2672
-2838
-3294
-4113
-5056
-5422
-5371
-4910
-4393
-4527
-5050
-5389
-5130
-4493
-3603
-3056
-3198
-3184
-3035
-2908
-2527
-2027
-1929
-2013
-2057
-2243
-2346
-2546
-2632
-2624
-2509
-2614
-3069
-3503
-3675
-3527
-3242
-3057
-3020
-3091
-3174
-2950
-2474
-1917
-1336
-1123
-1107
-972
-753
-319
378
1036
1563
1916
2237
2819
3261
3793
4565
5345
6014
6469
6683
6839
7195
7692
8191
8788
9271
9188
9057
9358
9182
8048
6722
6190
6480
6568
5361
3280
1588
894
518
-205
-978
-1939
-3022
-4021
-4479
-4596
-4740
-5125
-5271
-4975
-4603
-4476
-4549
-4146
-3093
-2008
-1369
-947
-576
-135
560
1552
2553
3208
3284
3220
3424
3876
4191
4259
4131
3913
3596
2985
2446
2026
1573
1059
550
-49
-807
-1528
-2232
-2613
-2767
-2931
-3290
-3768
-4127
-4551
-4829
-4810
-4764
-4675
-4335
-4132
-4255
-4419
-4255
-3988
-3269
-2561
-2501
-2778
-2807
-2738
-2546
-2052
-1931
-2205
-2454
-2709
-2873
-2984
-2947
-3075
-3230
-3357
-3571
-3754
-3889
-3728
-3592
-3347
-3116
-2999
-3026
-2812
-2295
-1692
-1005
-675
-633
-580
-324
367
1247
1822
2162
2394
2629
3208
3919
4573
5214
5698
5928
6262
6732
7080
7398
7752
8084
8414
8968
9174
9324
8729
7156
6122
6187
6604
6629
5323
3026
1408
853
526
15
-740
-1788
-2848
-3629
-4302
-4709
-4677
-4639
-4532
-4411
-4527
-4649
-4586
-4088
-2839
-1692
-1157
-1020
-951
-513
514
1659
2440
2914
3016
2934
3000
3395
3788
3953
3927
3604
3144
2630
2027
1624
1334
939
518
-186
-960
-1747
-2382
-2645
-2691
-2792
-3090
-3649
-3965
-4356
-4681
-4611
-4729
-4500
-3987
-3902
-4148
-4361
-4281
-3842
-3022
-2400
-2521
-2825
-2907
-2962
-2517
-1941
-2057
-2396
-2740
-3007
-3027
-3078
-3061
-3225
-3377
-3453
-3731
-4014
-4115
-3987
-3683
-3354
-3213
-3208
-3311
-3059
-2452
-1766
-1033
-739
-781
-688
-578
-2
897
1563
1937
2079
2237
2587
3205
4004
4603
5009
5427
5672
6058
6482
6794
7086
7524
7935
7990
8031
8359
8703
7920
6419
5543
5515
5911
5555
3966
2271
1229
742
259
-436
-1245
-2130
-2867
-3437
-3971
-4265
-4439
-4541
-4301
-4177
-4085
-4002
-4032
-3493
-2474
-1586
-1050
-890
-659
-181
591
1469
2066
2481
2588
2512
2666
2943
3166
3272
3187
2893
2417
1875
1440
1128
787
405
-78
-667
-1261
-1976
-2391
-2670
-2822
-2885
-3066
-3437
-4146
-4808
-4956
-4635
-3883
-3446
-3909
-4433
-4640
-4491
-3704
-2947
-2669
-2770
-2979
-3223
-3189
-2567
-2231
-2307
-2355
-2530
-2820
-2983
-3143
-3142
-3016
-2979
-3123
-3585
-3914
-3941
-3811
-3374
-3035
-2982
-3118
-3232
-2952
-2402
-1709
-1077
-793
-734
-706
-626
-183
578
1244
1732
1915
2036
2333
2835
3499
4076
4618
5113
5330
5546
5829
5954
6363
7116
7631
7790
7698
7465
7433
7459
6747
6000
5737
5609
5176
4137
2832
1856
1441
1035
410
-158
-1218
-2419
-3014
-3092
-2910
-3083
-3840
-4255
-4025
-3629
-3442
-3340
-2914
-2363
-1947
-1631
-1268
-755
-300
191
963
1637
1864
1744
1752
2108
2651
2952
2873
2578
2199
1952
1615
1513
1377
994
369
-191
-504
-857
-1361
-1780
-2088
-2262
-2465
-2942
-3704
-4215
-4234
-3753
-3609
-3846
-4182
-4575
-4449
-3766
-3422
-3452
-3471
-3417
-3338
-2929
-2537
-2765
-2886
-2590
-2545
-2548
-2506
-2838
-3029
-2900
-2787
-2886
-3124
-3427
-3683
-3684
-3350
-3137
-3237
-3375
-3426
-3224
-2864
-2409
-2052
-1869
-1447
-1031
-825
-629
-430
-38
662
1265
1560
1568
1612
1995
2726
3696
4262
4192
4165
4456
5032
5689
6145
6435
6614
6639
6714
7036
7418
7911
7660
6373
5354
5177
5315
5169
4463
3186
2050
1461
821
200
-70
-644
-1434
-2018
-2660
-3123
-3322
-3433
-3346
-3043
-3086
-3308
-3384
-3112
-2406
-1682
-1287
-999
-723
-497
-12
628
1133
1544
1770
1790
1916
2059
2038
2120
2180
2095
1884
1470
955
604
333
8
-239
-497
-996
-1552
-2082
-2403
-2523
-2586
-3013
-3599
-3697
-3746
-3659
-3646
-4006
-4083
-3772
-3666
-3588
-3456
-3437
-3422
-3172
-3005
-2867
-2572
-2735
-2955
-2710
-2560
-2705
-2740
-2884
-3026
-2982
-3083
-3298
-3436
-3609
-3688
-3649
-3592
-3554
-3679
-3694
-3522
-3179
-2942
-2641
-2318
-2099
-1669
-1242
-1033
-873
-638
-336
254
841
1167
1333
1444
1848
2375
2831
3319
3647
3911
4097
4186
4392
5046
5659
5767
5727
5865
6033
6112
6612
6614
5798
4990
4224
3852
4047
4012
2997
1833
1025
185
-188
-188
-670
-1372
-2009
-2500
-2807
-2984
-3240
-3244
-3183
-3053
-2935
-2927
-2942
-2635
-2216
-1671
-1008
-740
-770
-660
-302
210
776
1130
1089
991
996
984
1113
1087
913
690
275
-34
-416
-925
-1225
-1418
-1600
-1959
-2441
-2989
-3339
-3378
-3331
-3377
-3539
-3727
-3836
-3821
-3719
-3580
-3308
-2973
-2780
-2794
-2920
-2765
-2406
-2095
-1828
-1859
-1975
-2174
-2300
-2248
-2080
-1986
-2230
-2550
-2714
-2866
-2897
-2927
-3041
-3072
-3125
-3188
-3158
-3064
-2970
-2720
-2392
-1919
-1502
-1271
-1099
-899
-646
-282
227
762
1182
1528
1765
1946
2341
2838
3473
3833
4047
4390
4672
4988
5464
5881
5944
5868
5843
5843
6169
6608
6323
5496
4719
4347
4226
4183
3639
2696
2000
1533
922
483
134
-193
-631
-925
-1056
-1265
-1483
-1816
-2340
-2226
-1449
-1011
-968
-1197
-1273
-1046
-248
544
996
1090
1038
974
1348
1965
2294
2455
2268
2102
2055
1969
1873
1711
1486
1289
958
666
241
-382
-773
-923
-873
-1036
-1483
-1954
-2368
-2446
-2226
-2128
-2038
-2108
-2361
-2359
-2176
-1901
-1538
-1352
-1238
-1180
-1157
-1012
-1015
-929
-682
-576
-730
-974
-1105
-1270
-1382
-1218
-1234
-1444
-1598
-1884
-2047
-2023
-1941
-1866
-1911
-1868
-1848
-1825
-1572
-1296
-967
-550
-300
-102
15
253
522
927
1603
2072
2217
2325
2475
2835
3499
3994
4299
4467
4604
4653
4863
5253
5400
5420
5609
5727
5783
5888
5609
4921
4539
4582
4639
4452
3767
2860
2424
2434
2079
1468
973
632
306
15
-362
-430
-490
-758
-783
-783
-734
-668
-718
-730
-398
20
146
204
319
413
617
900
1113
1323
1275
1132
1090
1247
1220
1179
1040
765
492
282
110
-125
-343
-692
-902
-1076
-1371
-1725
-1910
-1904
-1996
-2033
-2162
-2263
-2353
-2430
-2327
-2167
-1962
-1803
-1785
-1824
-1735
-1703
-1639
-1374
-1274
-1266
-1275
-1380
-1550
-1484
-1387
-1488
-1396
-1578
-1898
-2087
-2089
-2001
-1934
-1892
-1997
-2113
-2042
-1943
-1798
-1534
-1245
-1080
-945
-645
-449
-205
121
462
662
951
1199
1388
1742
2062
2335
2588
2996
3298
3537
3736
3848
4070
4409
4586
4761
4880
4889
4922
5021
5152
5157
4832
4512
4251
4028
4011
3642
3092
2743
2514
2101
1760
1567
1221
928
623
382
120
81
-53
-164
-149
-168
-188
-301
-408
-249
-51
132
278
311
334
505
674
778
939
1016
899
857
905
875
827
805
609
371
195
70
-31
-276
-557
-850
-1050
-1087
-1229
-1369
-1647
-1840
-2008
-2128
-1984
-1864
-1902
-1965
-2127
-2163
-2044
-1805
-1597
-1533
-1621
-1787
-1857
-1669
-1459
-1502
-1462
-1538
-1737
-1789
-1810
-1821
-1844
-1803
-1827
-1967
-2035
-2091
-2122
-2027
-1857
-1764
-1722
-1681
-1633
-1512
-1271
-1001
-733
-553
-415
-345
-205
95
398
692
869
1108
1371
1517
1766
1950
2098
2413
2716
2957
3124
3243
3284
3386
3703
3985
4140
4209
4157
4110
4320
4551
4264
3880
3736
3702
3715
3458
3071
2785
2562
2419
2172
1941
1649
1357
1197
1053
978
768
533
304
276
328
290
227
100
82
193
270
332
360
285
304
465
768
884
783
559
505
569
648
688
601
506
386
151
-17
-183
-332
-479
-558
-582
-734
-988
-1248
-1407
-1468
-1485
-1581
-1604
-1739
-1941
-2028
-1970
-1835
-1701
-1706
-1743
-1745
-1754
-1823
-1824
-1642
-1474
-1416
-1555
-1773
-1844
-1839
-1691
-1557
-1502
-1572
-1868
-1960
-1848
-1724
-1607
-1550
-1626
-1642
-1573
-1495
-1389
-1212
-1019
-882
-745
-656
-576
-478
-309
-38
218
407
434
490
686
972
1284
1500
1614
1687
1720
1879
2120
2326
2461
2496
2627
2761
2921
2989
2921
2944
3045
3168
3237
3377
3229
2894
2790
2933
3255
3266
2971
2483
2197
2177
2251
2338
2282
1924
1447
1033
1004
1130
1132
1072
893
745
570
491
436
568
654
706
626
592
429
321
398
591
754
615
370
142
176
196
322
475
388
133
-174
-382
-263
-90
-124
-266
-435
-751
-1010
-1012
-893
-875
-996
-1207
-1454
-1516
-1496
-1594
-1658
-1489
-1402
-1449
-1581
-1711
-1724
-1515
-1474
-1439
-1480
-1556
-1618
-1687
-1589
-1497
-1392
-1436
-1529
-1556
-1543
-1537
-1530
-1412
-1363
-1324
-1312
-1296
-1230
-1147
-999
-920
-722
-648
-675
-631
-480
-343
-241
-117
-76
26
135
232
391
633
901
990
1064
1165
1317
1538
1732
1897
1971
2015
2047
2102
2206
2285
2284
2308
2347
2375
2565
2687
2599
2635
2662
2726
2638
2527
2444
2383
2414
2370
2239
1923
1664
1600
1608
1622
1480
1280
1132
1074
1024
937
926
838
783
688
622
492
339
219
298
463
494
411
182
-153
-147
99
339
402
120
-243
-407
-275
-101
52
-7
-266
-549
-713
-715
-679
-619
-668
-801
-930
-1032
-1162
-1235
-1208
-1223
-1205
-1235
-1383
-1510
-1632
-1714
-1634
-1453
-1418
-1574
-1742
-1877
-1841
-1652
-1477
-1409
-1430
-1564
-1583
-1553
-1443
-1328
-1287
-1217
-1160
-1147
-1213
-1222
-1177
-1017
-801
-662
-622
-642
-542
-515
-445
-297
-209
-151
-160
-140
-100
53
217
291
374
455
623
735
953
1049
1111
1280
1506
1626
1647
1583
1465
1586
1756
1833
1868
1868
1843
1977
2126
2240
2371
2383
2325
2363
2374
2337
2232
2063
2002
2086
2069
1859
1630
1267
1214
1369
1385
1339
1057
791
677
726
833
877
810
646
468
438
498
486
345
171
127
214
284
186
-101
-193
-82
-44
-15
-84
-303
-521
-535
-422
-354
-369
-540
-879
-995
-1011
-942
-840
-1011
-1294
-1573
-1730
-1811
-1786
-1755
-1801
-1894
-1950
-1894
-1888
-1930
-1986
-1913
-1754
-1709
-1708
-1862
-1951
-1861
-1800
-1643
-1608
-1711
-1707
-1774
-1704
-1586
-1422
-1371
-1402
-1395
-1351
-1271
-1190
-1097
-984
-846
-884
-873
-837
-791
-767
-709
-643
-584
-547
-554
-499
-458
-268
-157
-60
44
44
65
137
276
457
562
645
675
703
717
792
905
991
1085
1202
1223
1166
1144
1162
1395
1590
1699
1619
1491
1434
1448
1666
1775
1734
1674
1429
1221
1247
1328
1451
1345
1284
1141
1028
1017
926
825
596
485
421
390
186
-95
-158
-118
-121
-183
-351
-516
-539
-481
-425
-394
-441
-654
-848
-935
-933
-756
-700
-809
-978
-1142
-1251
-1138
-1149
-1217
-1342
-1415
-1429
-1353
-1302
-1505
-1623
-1655
-1631
-1518
-1518
-1604
-1675
-1689
-1603
-1550
-1573
-1618
-1663
-1650
-1551
-1464
-1412
-1446
-1465
-1495
-1409
-1240
-1154
-1119
-1176
-1184
-1132
-1047
-960
-918
-906
-846
-874
-873
-844
-905
-887
-873
-805
-700
-700
-769
-736
-594
-475
-382
-271
-275
-312
-264
-166
-31
49
92
33
28
104
140
181
275
349
372
378
329
304
353
387
456
590
634
585
444
332
338
477
592
588
576
376
295
360
421
456
444
414
264
203
134
63
13
30
-95
-275
-322
-295
-287
-349
-485
-574
-667
-711
-754
-803
-933
-1003
-945
-1065
-1128
-1185
-1334
-1292
-1150
-1106
-1144
-1161
-1287
-1369
-1343
-1263
-1309
-1380
-1411
-1540
-1488
-1428
-1468
-1569
-1667
-1645
-1600
-1589
-1584
-1603
-1646
-1649
-1589
-1543
-1502
-1588
-1694
-1652
-1511
-1419
-1462
-1576
-1587
-1488
-1427
-1349
-1328
-1331
-1329
-1299
-1146
-969
-970
-1044
-1030
-1031
-918
-813
-845
-887
-877
-875
-821
-712
-674
-703
-723
-730
-699
-572
-513
-496
-501
-454
-367
-301
-271
-210
-171
-120
-54
13
-11
-21
68
142
206
232
234
162
187
192
246
273
191
104
130
172
149
168
117
-2
-51
80
201
232
164
83
100
233
273
258
253
152
26
133
273
354
341
165
48
133
243
279
167
119
0
-70
-33
33
44
-137
-304
-344
-314
-314
-364
-507
-557
-581
-585
-481
-510
-660
-747
-718
-607
-490
-535
-694
-788
-759
-662
-574
-545
-636
-700
-744
-653
-605
-617
-629
-634
-598
-576
-548
-560
-612
-532
-426
-314
-292
-389
-484
-455
-361
-239
-31
-56
-262
-272
-174
-55
86
88
46
-50
-96
-11
46
81
95
62
93
131
127
77
63
118
177
300
328
275
200
242
316
408
442
455
460
437
491
585
596
583
583
512
534
582
602
541
445
363
473
525
440
360
268
256
327
413
428
326
274
253
227
265
248
118
106
77
41
57
37
-24
-191
-213
-154
-71
-91
-151
-272
-319
-302
-223
-183
-238
-303
-401
-481
-501
-430
-416
-468
-591
-667
-731
-738
-674
-657
-648
-676
-737
-794
-843
-778
-681
-655
-672
-691
-790
-826
-740
-739
-679
-692
-754
-824
-857
-797
-773
-797
-832
-847
-834
-799
-807
-844
-823
-843
-754
-718
-701
-740
-790
-738
-709
-582
-514
-500
-591
-622
-636
-546
-375
-396
-463
-504
-506
-457
-406
-370
-390
-389
-389
-329
-276
-341
-416
-465
-413
-313
-274
-321
-420
-476
-482
-366
-329
-351
-388
-422
-449
-430
-376
-380
-376
-427
-484
-465
-502
-556
-687
-770
-752
-734
-788
-955
-1120
-1190
-1187
-1172
-1193
-1314
-1524
-1621
-1676
-1704
-1666
-1748
-1807
-1908
-1941
-1911
-1902
-1873
-1938
-2008
-2018
-2000
-2024
-1994
-2020
-2007
-1960
-1956
-2074
-2146
-2197
-2227
-2268
-2323
-2428
-2646
-2900
-3039
-3104
-3153
-3251
-3361
-3485
-3461
-3337
-3188
-3083
-3066
-2996
-2909
-2797
-2671
-2576
-2568
-2651
-2696
-2658
-2657
-2731
-2707
-2716
-2703
-2696
-2646
-2479
-2359
-2252
-2046
-1923
-1788
-1636
-1657
-1686
-1667
-1623
-1611
-1658
-1724
-1764
-1777
-1692
-1661
-1511
-1423
-1291
-1156
-1044
-916
-806
-696
-618
-477
-353
-283
-267
-226
-153
-83
29
119
153
208
237
290
312
385
444
530
605
665
731
763
818
943
1000
1122
1150
1141
1186
1231
1351
1385
1445
1414
1417
1364
1382
1424
1388
1403
1340
1273
1241
1238
1207
1197
1123
1084
1033
1028
1031
1031
998
1030
1074
1080
1043
1055
1047
1001
989
1015
1034
1010
950
890
888
877
928
910
881
877
845
829
900
938
864
837
839
865
883
877
839
787
850
917
920
925
918
923
925
951
1011
957
951
959
926
973
945
926
935
910
921
910
927
913
893
864
846
901
960
901
860
792
768
797
851
880
869
775
712
701
760
795
805
767
775
784
761
789
776
816
847
845
802
777
803
760
712
738
751
748
729
712
710
756
756
832
814
805
857
817
846
822
871
914
888
908
888
916
868
878
861
844
900
899
833
768
768
766
756
809
780
791
765
726
747
742
775
832
819
812
795
762
764
759
743
758
739
715
706
643
618
664
693
677
705
656
662
682
689
706
735
770
720
647
616
624
662
688
680
631
627
592
598
639
622
628
633
598
558
565
551
552
533
573
513
477
393
325
328
323
350
353
365
279
220
147
189
131
60
-17
-60
-88
-184
-226
-290
-369
-349
-411
-498
-512
-574
-578
-586
-560
-582
-625
-700
-714
-660
-678
-660
-651
-665
-676
-668
-620
-630
-611
-610
-545
-513
-425
-356
-344
-301
-303
-257
-212
-201
-221
-206
-233
-197
-186
-170
-161
-225
-227
-209
-175
-153
-239
-254
-222
-246
-146
-197
-248
-202
-226
-199
-152
-133
-128
-87
-108
-126
-91
-28
-15
-4
-34
-8
57
78
42
24
38
38
92
137
111
74
77
60
72
76
70
81
60
30
-7
28
65
128
84
114
120
121
153
191
231
250
316
338
390
358
368
408
452
446
462
445
424
449
425
428
420
426
449
438
389
358
377
344
357
373
392
349
295
320
361
351
337
341
352
305
271
244
239
296
300
279
291
283
282
296
293
274
246
277
258
272
246
263
247
258
248
211
181
115
120
132
172
148
158
110
87
127
128
167
168
171
195
214
138
121
177
144
103
87
109
25
50
79
44
80
59
49
42
46
27
56
96
109
148
96
73
37
47
118
122
135
142
92
130
146
207
196
197
223
270
306
292
316
339
368
389
366
321
347
404
418
383
420
429
438
459
435
463
489
498
501
515
524
525
553
563
579
600
561
585
630
632
623
622
643
683
685
724
732
697
711
747
730
724
767
714
752
816
840
847
832
839
884
876
938
949
902
928
929
910
1010
1048
997
998
1022
1041
1080
1117
1155
1099
1151
1210
1193
1226
1223
1217
1231
1284
1258
1316
1327
1330
1336
1370
1376
1310
1353
1351
1385
1364
1396
1387
1367
1395
1395
1382
1407
1455
1391
1348
1337
1326
1368
1346
1371
1389
1306
1309
1291
1253
1212
1212
1239
1242
1163
1184
1144
1076
1076
1074
1098
1074
1080
1011
996
934
922
931
946
952
875
844
786
819
830
784
759
789
788
770
753
767
736
761
788
796
739
717
753
761
754
796
816
813
805
763
749
757
731
781
745
731
716
684
708
738
715
749
720
708
713
729
730
736
781
791
763
780
789
806
801
749
787
816
813
822
805
765
753
776
767
819
820
769
779
756
715
706
659
669
651
643
641
621
587
577
605
628
617
591
586
610
603
613
621
583
527
535
516
512
487
487
487
457
446
453
374
394
360
312
330
349
334
290
280
275
295
254
235
214
229
210
223
182
132
173
146
145
199
185
148
94
93
76
74
145
124
133
133
124
123
123
102
93
128
138
113
104
99
94
59
35
65
24
36
50
41
6
-16
20
24
-1
39
61
42
80
22
19
32
39
58
92
63
61
25
29
39
51
61
-15
29
-10
-1
-27
-34
-32
-48
-98
-134
-134
-184
-219
-213
-218
-232
-213
-218
-160
-163
-186
-182
-166
-178
-220
-180
-199
-231
-249
-251
-244
-263
-258
-290
-313
-286
-285
-287
-295
-296
-290
-302
-339
-321
-337
-370
-328
-354
-379
-342
-352
-377
-398
-400
-380
-410
-369
-370
-378
-357
-356
-368
-331
-350
-324
-333
-353
-353
-320
-333
-325
-325
-313
-290
-343
-334
-379
-384
-367
-345
-350
-378
-400
-378
-360
-382
-334
-352
-378
-351
-365
-348
-349
-352
-374
-329
-290
-335
-331
-339
-333
-324
-335
-319
-305
-371
-337
-339
-338
-295
-302
-285
-295
-286
-292
-268
-276
-308
-281
-232
-253
-215
-186
-225
-189
-204
-179
-151
-161
-162
-142
-114
-156
-162
-144
-114
-100
-110
-87
-89
-109
-119
-128
-120
-93
-98
-112
-121
-148
-96
-76
-65
-41
-102
-84
-96
-101
-92
-85
-76
-73
-60
-24
10
-22
-21
8
9
-2
14
0
7
38
-3
19
32
13
67
10
39
69
74
54
48
40
32
30
20
38
93
81
61
88
83
83
99
121
114
162
147
123
160
186
175
169
206
221
184
187
199
166
187
257
235
272
224
206
160
163
186
174
199
180
189
181
174
173
197
177
205
165
165
164
165
164
170
169
152
161
123
106
144
113
101
114
92
74
69
88
70
78
90
84
24
-10
23
25
16
11
-16
16
23
-25
-19
-11
-48
-49
-38
-40
-93
-59
-71
-77
-93
-113
-87
-129
-65
-65
-71
-82
-101
-88
-62
-79
-69
-101
-116
-82
-94
-86
-104
-85
-115
-74
-97
-95
-76
-74
-78
-65
-78
-98
-99
-110
-102
-86
-94
-131
-128
-109
-55
-122
-102
-123
-149
-126
-126
-88
-112
-114
-167
-128
-137
-155
-108
-119
-150
-135
-160
-158
-162
-150
-158
-182
-161
-169
-139
-131
-88
-107
-97
-126
-126
-78
-116
-135
-124
-127
-116
-94
-118
-124
-116
-102
-134
-158
-152
-183
-175
-195
-221
-223
-246
-248
-252
-255
-247
-255
-275
-250
-220
-232
-206
-200
-254
-277
-279
-313
-311
-320
-351
-328
-310
-288
-323
-318
-314
-304
-344
-374
-361
-341
-322
-362
-396
-329
-276
-324
-312
-305
-289
-312
-300
-319
-307
-292
-359
-313
-358
-418
-390
-347
-374
-343
-361
-387
-411
-396
-415
-447
-405
-439
-442
-469
-494
-527
-554
-538
-548
-594
-638
-623
-606
-662
-728
-731
-713
-732
-765
-786
-870
-829
-811
-844
-868
-900
-883
-932
-915
-965
-968
-927
-919
-956
-941
-960
-973
-885
-939
-885
-882
-858
-810
-780
-749
-762
-715
-687
-684
-644
-653
-658
-605
-594
-538
-510
-475
-453
-409
-413
-405
-396
-348
-338
-321
-331
-266
-219
-263
-215
-203
-222
-206
-168
-159
-161
-135
-81
-65
-104
-118
-83
-67
-108
-67
-35
-13
-25
-36
15
-24
-8
1
-29
-6
38
19
41
35
15
23
-2
46
46
32
48
-1
38
31
46
19
34
18
-49
0
17
-17
-49
14
22
5
-15
30
0
-1
12
14
-17
-48
32
5
-58
-61
-30
-41
-60
-47
-46
-58
-8
-44
-67
-54
-54
-55
-55
-80
-103
-97
-95
-112
-98
-60
-73
-57
-78
-105
-91
-86
-80
-75
-74
-39
-35
-76
-52
-69
-63
-45
-32
-32
-67
-63
-40
-40
-51
-50
-10
-23
-41
-24
-46
-62
-89
-52
-86
-63
-34
-25
-22
-80
-68
-76
-72
-70
-43
-74
-51
-91
-93
-96
-96
-77
-108
-69
-95
-91
-115
-95
-94
-106
-119
-105
-102
-145
-72
-102
-119
-128
-108
-110
-106
-113
-118
-118
-127
-125
-131
-120
-124
-110
-86
-124
-122
-112
-114
-119
-145
-159
-159
-118
-171
-157
-156
-129
-94
-101
-81
-94
-105
-104
-73
-106
-66
-78
-94
-64
-43
-36
-63
-41
-55
-69
-30
-54
-47
-30
-58
-60
2
-54
-38
-18
-2
5
-4
12
-51
-60
-12
-19
-15
12
-11
-17
-3
-31
-64
-38
-28
-26
-20
-38
-26
-32
-57
-40
-18
-7
-37
-4
-21
-33
-28
-2
-32
-26
10
10
-1
-1
-13
-3
-36
-31
7
-36
-28
-48
-18
-60
-52
-41
-49
-43
2
-10
-37
4
-35
-38
-16
-28
-78
-45
2
-62
-63
-55
-63
-72
-43
-16
-41
-40
-24
-18
-43
-79
-100
-74
-62
-54
-45
-64
-92
-41
-86
-104
-78
-58
-96
-107
-122
-148
-159
-163
-166
-165
-134
-136
-120
-119
-133
-156
-104
-116
-131
-136
-143
-125
-161
-115
-107
-109
-110
-108
-53
-97
-114
-94
-114
-105
-165
-154
-115
-121
-89
-90
-102
-88
-95
-130
-60
-90
-118
-66
-99
-150
-128
-124
-122
-125
-141
-144
-183
-178
-164
-196
-153
-206
-195
-172
-215
-227
-227
-228
-243
-225
-247
-259
-324
-286
-290
-289
-285
-256
-285
-307
-276
-289
-246
-254
-288
-294
-266
-290
-313
-308
-287
-336
-324
-313
-310
-292
-291
-281
-273
-292
-309
-311
-344
-348
-341
-385
-354
-366
-397
-394
-420
-399
-408
-385
-377
-407
-404
-394
-404
-400
-420
-450
-383
-388
-435
-417
-407
-416
-398
-398
-424
-356
-396
-412
-392
-388
-386
-398
-411
-399
-368
-374
-389
-417
-411
-379
-387
-382
-373
-381
-375
-393
-377
-405
-413
-355
-392
-391
-365
-299
-325
-309
-323
-334
-294
-321
-286
-287
-269
-289
-266
-311
-288
-263
-319
-301
-276
-284
-275
-298
-277
-265
-282
-266
-304
-278
-287
-240
-258
-231
-260
-309
-274
-288
-294
-303
-350
-261
-260
-247
-277
-325
-279
-295
-261
-281
-269
-286
-329
-320
-337
-315
-322
-307
-318
-279
-248
-288
-267
-290
-324
-343
-299
-346
-361
-314
-286
-248
-293
-287
-288
-283
-295
-323
-350
-315
-328
-325
-313
-325
-372
-351
-348
-354
-325
-317
-308
-344
-357
-337
-308
-351
-322
-331
-336
-302
-307
-287
-273
-208
-242
-252
-266
-262
-304
-221
-234
-243
-186
-210
-189
-224
-216
-206
-189
-191
-159
-196
-187
-204
-184
-202
-224
-178
-153
-165
-193
-171
-149
-140
-193
-151
-104
-165
-163
-147
-152
-138
-122
-150
-155
-148
-148
-146
-133
-133
-113
-136
-121
-118
-156
-130
-151
-137
-105
-128
-133
-121
-133
-106
-100
-121
-105
-90
-105
-70
-106
-137
-148
-121
-125
-130
-129
-194
-153
-134
-130
-162
-137
-141
-106
-119
-153
-127
-143
-97
-146
-160
-143
-175
-166
-162
-174
-160
-149
-162
-169
-175
-178
-147
-181
-150
-151
-164
-176
-168
-177
-169
-182
-223
-197
-160
-207
-200
-183
-165
-164
-190
-191
-179
-206
-197
-199
-230
-234
-243
-232
-249
-261
-240
-236
-204
-274
-270
-229
-211
-194
-252
-268
-254
-256
-282
-279
-268
-222
-245
-304
-254
-290
-277
-226
-226
-240
-216
-217
-250
-259
-243
-237
-241
-216
-243
-250
-231
-172
-180
-231
-238
-267
-249
-242
-208
-213
-232
-239
-240
-229
-235
-259
-276
-257
-268
-294
-282
-254
-260
-262
-242
-240
-242
-271
-253
-286
-330
-307
-246
-277
-312
-305
-301
-297
-337
-312
-328
-315
-321
-357
-356
-358
-356
-343
-339
-334
-355
-348
-354
-319
-346
-384
-353
-311
-315
-328
-318
-293
-301
-284
-301
-301
-310
-321
-312
-341
-297
-286
-264
-234
-257
-249
-278
-311
-289
-286
-288
-312
-327
-289
-258
-271
-285
-285
-287
-282
-262
-278
-282
-247
-224
-266
-270
-261
-246
-250
-257
-215
-266
-254
-238
-262
-237
-233
-250
-212
-237
-213
-238
-218
-229
-221
-154
-205
-149
-139
-161
-192
-194
-153
-163
-174
-159
-150
-183
-144
-147
-138
-149
-145
-123
-157
-122
-167
-116
-143
-128
-145
-140
-134
-170
-131
-137
-95
-125
-145
-113
-132
-104
-68
-133
-116
-119
-111
-124
-169
-124
-100
-105
-140
-102
-133
-154
-147
-137
-91
-164
-215
-211
-208
-218
-203
-234
-219
-187
-217
-234
-258
-210
-205
-151
-189
-221
-234
-240
-229
-217
-174
-152
-165
-157
-157
-205
-191
-191
-172
-179
-189
-188
-217
-183
-205
-246
-244
-210
-204
-212
-144
-167
-189
-193
-208
-229
-167
-163
-156
-173
-206
-202
-168
-141
-194
-150
-166
-156
-149
-174
-173
-161
-171
-166
-178
-165
-127
-168
-181
-171
-139
-143
-164
-158
-142
-137
-167
-161
-177
-163
-143
-141
-121
-146
-132
-143
-140
-129
-133
-131
-171
-162
-139
-140
-136
-118
-142
-138
-138
-124
-92
-144
-176
-147
-148
-135
-125
-113
-130
-156
-141
-116
-105
-120
-131
-177
-172
-97
-117
-151
-143
-157
-138
-156
-178
-149
-194
-219
-190
-205
-183
-171
-201
-227
-216
-223
-211
-207
-182
-152
-194
-164
-171
-167
-137
-147
-183
-155
-157
-198
-216
-155
-190
-177
-169
-175
-171
-212
-171
-149
-109
-115
-106
-129
-123
-113
-104
-106
-121
-135
-123
-126
-168
-159
-153
-154
-147
-98
-105
-119
-139
-157
-129
-151
-158
-125
-134
-163
-143
-136
-153
-120
-118
-157
-168
-148
-175
-159
-141
-178
-144
-163
-187
-155
-187
-142
-135
-160
-144
-168
-127
-132
-172
-140
-130
-142
-138
-133
-154
-106
-75
-118
-131
-147
-129
-147
-142
-145
-125
-135
-108
-83
-130
-83
-91
-108
-131
-102
-79
-114
-47
-88
-101
-51
-88
-101
-62
-25
-66
-67
-69
-40
-69
-73
-94
-89
-78
-86
-104
-94
-95
-122
-86
-85
-84
-83
-107
-99
-106
-90
-80
-62
-75
-103
-88
-81
-51
-37
-68
-107
-70
-18
-37
-42
-21
-58
-31
-60
-30
-37
-76
-55
-32
-31
-21
-56
-39
-18
-56
-23
-13
-21
-50
-35
-1
9
6
-7
1
-26
-39
-28
-52
-19
-39
-7
-30
-48
-26
-37
-7
-19
-36
-39
18
-12
-27
18
12
-13
10
-3
3
-12
-19
14
-15
-27
-18
-17
-39
-31
29
18
-36
-7
26
-26
0
-6
-51
-60
-34
-34
-51
-30
-45
-67
-87
-62
-111
-127
-82
-82
-61
-40
-18
-49
-20
-11
-35
-12
0
2
19
-7
-21
-14
-14
3
-13
-42
-8
-57
-8
27
-10
-11
4
-3
-13
-49
-29
-37
-26
-9
-11
19
-22
-23
-34
-61
-40
-35
-22
-7
-78
-65
-55
-55
-51
-11
-33
-58
-72
-70
-51
-75
-94
-66
-59
-93
-76
-58
-49
-67
-74
-84
-97
-77
-43
-49
-66
-38
-35
-47
-18
-23
-41
6
2
-46
-56
17
-15
-25
5
14
9
-30
10
13
-5
-15
-12
12
1
-9
-11
-30
-17
-17
-5
-11
-15
4
6
9
17
-31
-36
-39
-34
14
-47
-56
-68
-43
-43
-8
-50
-52
-29
-81
-70
-28
-44
-78
-19
-50
-38
-36
-47
-44
-70
-59
-48
-59
-77
-39
-34
-40
-26
-29
-25
-2
-6
-32
-21
2
0
2
-8
-16
-15
12
-11
44
75
18
37
24
22
40
47
32
11
6
19
-16
-6
20
4
24
7
-22
-61
-17
-16
-28
-36
-34
-10
-12
-11
20
33
11
57
16
-22
-22
25
-6
3
-7
52
24
-7
9
-14
-5
-1
-21
6
43
29
-4
-43
-24
-22
-59
-9
-4
-51
-58
-50
-58
-80
-28
-37
-31
-12
16
-25
-29
2
-43
-44
-38
-46
-13
3
-44
-21
-13
0
-27
-38
13
-8
-25
-13
-18
-6
10
-24
-42
-26
-49
-79
-52
-31
-38
1
-37
-56
-16
-37
-21
42
18
-31
7
24
-10
17
20
45
59
56
48
41
69
61
42
21
7
27
66
48
45
44
58
57
38
52
75
68
42
67
55
61
41
64
67
12
14
28
43
25
33
31
58
62
26
59
47
53
62
80
84
110
73
29
17
36
15
23
-3
-1
10
20
58
70
51
75
66
62
43
18
75
43
25
40
45
39
32
-15
-1
18
-12
-13
17
-22
13
18
-3
13
10
28
53
48
38
10
43
50
15
41
47
4
-16
-12
3
35
24
-26
-33
4
-18
-27
51
70
54
42
46
41
57
94
63
83
77
86
119
107
96
99
139
143
134
112
120
155
97
118
138
92
95
100
80
103
108
110
92
86
60
37
64
83
96
109
100
72
108
42
119
116
99
107
78
81
40
65
82
77
71
62
47
36
42
10
1
8
58
67
71
60
30
49
54
65
63
80
56
52
46
53
87
53
22
-15
-30
12
-6
4
-6
-21
0
-38
-51
-39
