13
1
26
20
9
5
-7
7
47
5
9
38
33
42
58
36
10
29
58
30
15
34
-14
-8
16
26
19
40
13
15
41
57
44
32
14
50
42
32
44
-2
51
0
26
78
28
37
65
57
77
72
97
89
67
45
65
69
60
56
78
115
99
56
67
109
49
80
72
50
95
62
52
46
36
70
88
80
70
56
87
40
-3
13
15
32
13
6
-9
31
4
17
47
-8
2
-41
-52
-30
0
-6
16
-5
-15
-26
10
-9
54
20
8
8
-5
9
-27
3
16
37
-18
-8
26
33
37
22
36
20
31
20
-13
3
-7
1
-21
-38
-54
-31
-42
-17
-30
-62
-31
-3
-43
-53
-53
2
-6
-25
-59
-82
-44
-42
7
-18
19
-52
-63
-27
-74
-41
-11
-8
3
-14
-33
-18
14
37
-7
-2
-11
-20
20
45
-25
-1
-11
-17
-13
-68
-52
-66
-60
-25
-10
-53
-45
-28
-34
-59
-49
-46
-87
-110
-52
-30
-27
-20
-36
-36
-3
1
-14
-1
-30
-5
4
-40
-31
-26
-44
-62
-41
-46
-57
-7
8
-42
-45
-33
-12
-50
-36
-30
-3
-15
-62
-36
-40
-24
-10
-50
-8
-11
-35
2
-9
21
27
-13
-17
26
20
-2
3
-24
-32
-11
4
-26
-46
-28
-48
-1
-24
-45
-6
-5
36
29
-13
-6
1
30
-1
-17
-25
-9
-21
-74
-55
-50
-30
5
-19
-16
-14
-28
-30
-40
0
7
-31
-36
-4
-10
-34
-21
18
35
-5
-1
-3
-30
-32
-5
2
12
46
55
27
42
36
39
35
29
41
27
45
29
18
27
45
61
54
49
71
63
38
15
37
60
45
58
79
67
53
60
76
56
45
30
36
51
33
23
24
39
-5
-11
36
12
-29
5
48
22
19
-4
-17
-4
-21
18
46
42
11
22
58
52
39
58
45
31
68
26
70
70
52
65
54
44
59
98
50
103
76
72
57
59
32
18
19
43
38
1
24
36
72
19
44
43
33
74
95
71
60
53
76
70
106
68
55
76
57
95
77
59
30
68
83
53
63
67
89
50
68
31
83
81
69
66
71
91
38
21
31
54
25
34
69
31
46
64
79
65
81
100
54
67
36
69
101
69
24
58
1
-6
17
5
19
17
53
78
71
33
50
51
38
53
12
-5
40
89
78
51
53
21
65
33
18
82
52
22
50
13
52
48
18
59
82
91
99
104
96
81
91
94
111
73
57
90
70
108
78
47
94
96
24
65
99
75
105
99
71
122
129
141
82
111
132
69
92
105
93
109
141
134
100
114
141
159
148
107
140
158
155
150
137
148
126
158
154
99
120
123
102
101
71
93
74
52
26
46
56
58
97
114
94
82
114
102
90
107
72
83
75
86
96
109
36
21
71
82
83
22
16
52
12
-11
40
47
19
-1
26
2
16
31
36
38
61
23
22
31
49
36
33
55
47
69
63
68
22
67
60
62
67
85
69
80
121
115
83
112
112
82
119
119
108
155
95
111
108
99
97
84
166
133
121
125
133
119
100
114
105
165
107
124
106
155
145
111
155
126
170
174
160
110
120
158
139
138
194
181
188
180
172
183
172
189
160
167
141
130
184
196
179
162
189
198
212
204
178
202
186
149
160
149
188
184
142
130
122
117
121
105
116
99
112
137
119
141
126
154
109
120
110
130
113
103
93
87
97
89
81
63
91
40
76
64
74
104
83
66
101
97
105
91
109
117
59
95
77
82
65
42
50
44
94
90
67
78
57
45
46
79
112
71
71
84
50
69
66
39
39
35
61
54
67
87
31
49
93
85
85
80
57
71
58
70
51
49
50
35
70
48
64
61
82
73
87
110
130
97
91
97
70
138
127
76
101
83
57
38
69
147
104
98
81
79
106
67
83
119
109
82
55
76
109
99
112
103
97
116
112
94
107
101
128
134
123
152
66
81
121
109
103
83
123
142
121
137
158
131
135
164
163
160
159
143
122
144
149
164
107
102
138
145
99
90
121
108
134
108
99
112
92
99
109
90
108
116
85
86
81
47
65
45
48
39
38
62
56
44
32
61
30
45
48
34
53
55
69
57
66
79
75
44
35
47
36
4
40
79
67
40
35
-19
11
-11
-52
-19
25
-19
10
24
-8
49
44
70
71
41
44
52
65
48
66
67
45
60
62
82
125
73
76
109
96
99
115
111
110
136
116
115
140
116
120
117
151
106
101
166
137
145
168
151
134
131
157
182
154
155
167
148
139
162
178
175
178
139
137
131
104
131
177
146
127
144
121
139
126
134
156
153
145
120
147
123
93
93
144
110
73
85
74
113
90
98
132
97
88
117
96
97
134
70
73
94
119
136
146
96
82
127
111
99
101
119
124
99
103
146
105
114
111
130
101
103
109
131
106
106
111
108
119
105
110
65
87
95
84
70
74
52
64
66
106
103
91
101
66
91
85
58
76
101
90
123
109
85
108
97
98
113
106
97
140
122
126
164
123
129
117
98
107
107
81
73
90
88
106
123
113
108
111
117
93
165
132
89
129
86
53
42
90
76
86
107
104
120
115
139
123
56
99
102
56
106
62
77
94
112
128
74
91
80
74
105
49
79
105
96
131
91
90
81
90
93
83
77
92
44
77
71
85
93
58
74
92
76
67
122
84
105
96
82
99
108
84
103
109
99
65
70
75
46
61
60
58
60
54
67
79
55
111
111
100
82
48
42
49
54
44
47
60
114
75
98
96
78
90
137
112
83
102
76
92
82
86
60
113
94
67
82
84
86
73
95
44
75
48
71
65
82
104
113
93
46
63
86
102
72
86
92
148
108
102
73
73
127
72
66
66
119
102
67
87
93
110
104
93
83
106
113
106
135
110
131
161
170
135
128
109
52
64
81
59
113
109
83
101
116
111
76
140
121
134
118
120
146
138
115
82
118
135
120
140
115
104
83
66
113
98
80
80
69
74
52
81
103
33
40
78
70
81
57
73
87
71
48
70
100
78
40
67
95
95
79
91
73
57
40
25
36
61
75
36
-20
6
9
18
23
-1
1
31
29
57
38
11
28
22
0
-23
-93
-61
-82
-54
-76
-72
-34
-44
-38
-78
-71
-79
-51
-40
-34
-22
-29
-56
-53
-41
-3
-23
-36
-39
-2
5
-37
-45
-14
-46
-67
-20
-35
-28
-24
-6
14
-5
1
-8
19
22
36
37
67
65
28
13
17
-17
-20
19
17
36
17
21
16
65
53
58
29
53
68
45
93
61
49
52
79
81
78
111
125
97
146
127
97
99
120
128
116
145
158
181
156
155
129
162
160
219
196
156
230
186
191
169
152
169
150
174
192
202
191
201
239
197
168
158
149
162
133
109
107
89
173
128
149
199
162
144
117
164
155
124
130
112
135
148
128
147
147
136
144
113
105
123
74
112
93
47
80
96
62
83
99
93
85
71
106
49
67
91
67
57
69
67
81
34
23
17
4
25
9
-14
-12
-9
30
13
12
28
35
7
36
39
29
68
36
62
43
27
72
46
26
43
33
6
22
29
25
-20
2
28
3
13
18
5
-16
14
24
1
61
44
50
40
43
0
-14
14
-28
-55
-17
1
29
2
-59
-18
-20
5
-8
-30
-7
24
17
-21
20
-3
7
22
-23
16
46
46
27
33
8
-2
-28
-30
-48
-62
-57
-37
-65
-84
-69
-73
-69
-74
-106
-84
-58
-3
-34
-21
27
-21
-18
-7
-45
-4
-33
-40
-32
-69
-35
-55
-48
-23
5
-20
-76
-34
-69
-80
-37
-31
-25
-68
-79
-78
-34
-34
-32
9
5
3
-13
-23
-38
-25
-29
2
-18
-14
-7
-61
-21
-9
-24
-8
-23
-21
11
-18
-33
-41
-23
-48
-59
-28
-13
-9
-22
0
-28
-8
-10
-33
-26
-50
-54
-40
-26
-50
-6
-56
-24
-18
-44
-25
-48
-23
-42
-5
13
24
-13
25
-13
25
6
-34
-32
-45
-67
-39
-25
-21
8
-52
17
-24
-20
11
10
17
35
56
29
-8
16
33
-22
5
10
17
25
25
21
-9
-3
19
21
-17
7
-1
-4
-6
-16
6
18
10
5
33
4
13
6
23
15
15
-6
7
-18
-21
-9
-24
-26
-37
7
-2
-32
-4
31
17
0
-22
-16
-20
-54
-24
-14
-38
-10
-25
-43
-38
-16
-50
-106
-59
-66
-27
-47
-95
-65
-33
-85
-42
-54
-69
-57
-49
-58
-53
-22
-42
-34
-64
-63
-79
-116
-51
-75
-80
-34
-52
-28
-29
-35
-37
-12
-17
0
-30
-36
-37
-17
-15
-25
-43
-19
-7
-41
14
-53
-37
-65
-43
-38
-111
-38
-26
-32
-49
-49
-74
-89
-83
-95
-77
-86
-70
-58
-19
-32
-50
-88
-61
-12
-20
-56
-52
-31
-89
-58
-60
-53
-22
-87
-73
-62
-54
-14
-25
-11
-10
2
-6
-20
10
-11
-17
-28
-40
-38
-56
-54
-50
-2
-37
-46
-36
-50
3
-11
-17
-17
-33
-52
-56
-40
-38
-28
-90
-77
-91
-96
-38
-51
-76
-52
-26
-64
-46
-45
-71
-80
-63
-59
-81
-26
-66
-77
-65
-73
-41
-59
-60
-46
-24
-56
-53
-17
-55
-117
-94
-70
-144
-86
-112
-158
-138
-152
-138
-145
-160
-145
-102
-142
-112
-126
-137
-79
-86
-87
-104
-104
-94
-80
-118
-138
-172
-176
-147
-159
-163
-167
-170
-188
-187
-176
-164
-175
-140
-154
-145
-122
-152
-136
-157
-138
-158
-167
-168
-145
-169
-179
-146
-159
-165
-191
-192
-172
-195
-172
-153
-155
-117
-161
-196
-157
-166
-141
-163
-155
-125
-130
-102
-85
-104
-74
-83
-73
-88
-115
-114
-119
-69
-76
-113
-125
-117
-91
-99
-149
-91
-89
-88
-102
-73
-96
-111
-92
-106
-128
-127
-96
-118
-117
-125
-110
-100
-115
-115
-103
-71
-58
-83
-61
-64
-64
-52
-75
-85
-83
-86
-87
-115
-105
-99
-86
-45
-70
-25
0
-6
-12
5
16
14
-47
-54
-31
-67
-62
-63
-65
-90
-71
-61
-57
-23
-32
-27
-25
-40
-15
-20
-38
-45
-19
-27
-43
-23
-14
-26
-65
-78
-42
-87
-94
-88
-86
-64
-31
-67
-2
18
-17
-42
-70
-32
-24
-21
-66
-19
-18
-32
-13
-67
-7
-11
-60
-36
-10
-13
-44
-70
-82
-93
-85
-86
-54
-43
-55
-11
-29
-48
-17
-11
-10
-1
6
16
32
48
2
1
-24
-6
13
32
-10
19
15
6
11
24
47
43
63
34
48
71
71
89
106
65
53
81
69
73
113
77
91
92
90
71
72
80
102
107
124
130
128
127
134
150
122
134
138
114
118
140
137
99
103
142
138
116
110
117
59
82
79
92
78
76
66
65
32
23
54
48
54
51
62
48
32
30
45
34
23
-7
19
-11
-6
2
-27
-1
-46
-73
-32
-36
-25
-3
-44
-52
-33
-15
-81
-107
-66
-27
-24
-4
-35
-42
-76
-90
-101
-80
-70
-90
-103
-115
-76
-115
-66
-81
-73
-59
-80
-55
-68
-71
-43
-65
-57
-52
-104
-122
-118
-109
-80
-87
-106
-125
-113
-98
-129
-113
-102
-137
-46
-42
-66
-75
-56
-72
-98
-112
-111
-77
-99
-119
-95
-54
-106
-91
-126
-145
-118
-98
-65
-71
-86
-63
-104
-104
-103
-80
-64
-100
-113
-100
-89
-118
-106
-50
-67
-120
-59
-75
-81
-79
-64
-25
-12
-40
-53
-48
-37
-20
-31
-41
-65
-58
-26
-43
-37
-43
-44
-34
3
8
16
14
12
31
43
-15
31
22
23
24
17
18
-15
31
17
-8
-13
-5
-40
-37
-48
-9
-18
-65
-32
-36
-48
-39
-47
-15
-45
-49
-40
-72
-69
-49
-64
-66
-44
-58
-43
-48
-48
-41
-12
-62
-80
-102
-100
-52
-82
-54
-74
-53
-28
-53
-73
-45
6
-62
-49
-46
-70
-59
-76
-21
-27
-5
5
-15
-13
-2
15
-4
-23
-13
-25
-19
-46
-54
-45
-90
-97
-42
-43
-38
-60
-57
-81
-112
-92
-122
-121
-97
-105
-84
-63
-76
-120
-114
-112
-92
-74
-81
-103
-77
-99
-79
-68
-102
-63
-82
-71
-71
-16
-69
-93
-87
-144
-99
-102
-107
-93
-102
-50
-90
-85
-122
-121
-80
-88
-111
-88
-76
-106
-83
-113
-58
-93
-97
-69
-83
-78
-73
-109
-128
-147
-131
-109
-126
-93
-71
-106
-86
-68
-84
-103
-133
-74
-69
-42
-70
-70
-72
-140
-85
-119
-137
-103
-86
-107
-131
-177
-131
-127
-173
-169
-153
-128
-150
-134
-170
-142
-127
-147
-134
-107
-122
-128
-118
-101
-103
-103
-110
-121
-84
-104
-75
-90
-78
-68
-84
-102
-85
-83
-103
-70
-96
-85
-104
-62
-61
-76
-57
-42
-103
-112
-90
-119
-84
-99
-123
-82
-61
-2
-64
-58
-74
-98
-70
-82
-58
-60
-44
-84
-58
-69
-84
-92
-127
-123
-106
-88
-114
-122
-123
-157
-133
-135
-122
-100
-170
-138
-132
-154
-126
-110
-100
-132
-153
-147
-113
-92
-93
-79
-150
-122
-122
-108
-73
-84
-57
-89
-98
-55
-61
-69
-86
-89
-80
-96
-102
-107
-41
-54
-73
-34
-75
-80
-21
-33
-58
-28
-10
-8
-12
19
19
-4
-10
-36
3
10
5
18
33
-11
-4
10
-2
8
22
20
9
-14
-12
-15
5
9
19
27
51
31
24
-20
20
16
-11
-13
6
10
-39
3
1
49
15
-5
-12
-24
10
1
-31
16
-20
-5
-18
-18
3
-49
-34
-11
-22
-25
-43
-38
-21
-25
12
-17
6
41
0
15
25
30
32
23
26
37
-15
-44
-57
-50
-56
-12
-1
-10
42
-2
-6
-32
6
37
17
-5
-20
26
-7
-10
33
33
6
16
-1
8
-2
-21
-11
-38
-47
5
-4
-39
-27
-35
-15
-56
-43
-37
-11
0
-19
-20
-26
-7
-35
0
-56
-41
-32
1
-34
-63
-66
-51
-52
-70
-47
-13
-21
-84
-76
-49
-56
-60
-44
-61
-80
-58
-12
-65
-73
-39
-57
-42
-32
-33
-74
-50
-2
-69
-81
-77
-90
-74
-60
-49
-67
-82
-85
-55
-83
-55
-47
-57
-42
-77
-35
-63
-101
-82
-102
-84
-79
-95
-68
-59
-65
-93
-117
-85
-92
-66
-98
-64
-114
-98
-57
-111
-69
-70
-96
-64
-66
-82
-116
-65
-74
-52
-34
-109
-79
-89
-122
-55
-65
-91
-65
-67
-76
-146
-126
-125
-89
-79
-82
-87
-123
-130
-111
-132
-152
-141
-119
-105
-120
-123
-131
-155
-154
-144
-159
-136
-163
-118
-103
-129
-119
-139
-171
-187
-166
-147
-161
-164
-180
-185
-148
-133
-125
-164
-150
-158
-139
-103
-131
-91
-94
-87
-98
-88
-102
-129
-53
-102
-127
-98
-121
-60
-58
-76
-72
-77
-104
-67
-75
-58
-44
-40
-28
-41
-76
-110
-88
-84
-70
-46
-83
-120
-103
-101
-85
-79
-94
-95
-85
-78
-46
-96
-79
-81
-118
-48
-87
-131
-131
-126
-121
-88
-82
-108
-109
-107
-78
-106
-112
-94
-82
-42
-87
-88
-58
-76
-80
-89
-81
-56
-38
-74
-84
-40
-54
-60
-78
-78
-62
-125
-94
-95
-80
-99
-122
-103
-63
-56
-76
-98
-101
-68
-146
-91
-79
-86
-116
-111
-56
-26
-42
-83
-66
-48
-43
-29
-43
-112
-77
-49
-121
-88
-49
-84
-17
-36
-76
-19
-20
-61
-69
-62
-110
-51
-13
-49
-71
-90
-43
-37
-55
-86
-63
-65
-86
-55
-20
-28
-65
-59
-44
-54
-65
-17
-18
-44
-3
-23
-1
7
-2
-29
-54
-35
-17
-37
-11
17
-18
-12
0
-44
-19
10
-21
15
-21
-5
-37
-7
2
-13
20
8
-14
-9
-21
24
42
14
13
15
31
43
26
27
7
17
24
37
81
22
45
-17
-36
-43
-29
56
17
25
43
31
-19
11
20
19
30
29
85
60
36
42
44
32
45
32
23
-9
-22
-30
-43
-7
-3
-14
-26
-44
-31
-25
-17
21
25
-8
-15
-47
-10
-29
-52
-67
-80
-42
-41
-38
-6
16
1
20
20
38
28
18
-13
-36
7
-12
-22
-30
-38
-51
-33
-79
-80
-44
-11
-40
-62
-38
-60
-63
-47
-53
-69
-33
-57
-70
-45
-57
-117
-99
-87
-87
-112
-99
-111
-109
-150
-141
-112
-136
-67
-105
-72
-44
-75
-87
-67
-65
-100
-101
-70
-35
-34
-18
-8
-52
-50
-67
-65
-70
-99
-15
-59
-55
-40
-54
-38
-54
-33
-15
-8
-36
-48
-31
-6
-43
-24
-8
-56
-34
-51
-67
-59
-88
-59
-66
-100
-47
-65
-83
-82
-70
-66
-71
-63
-63
-98
-58
-74
-102
-39
-46
-46
-52
-50
-45
-85
-75
-52
-66
-36
-14
-49
-52
-58
-18
-19
-54
-53
-48
-31
-99
-52
-32
-43
-51
-60
-88
-99
-73
-90
-65
-82
-64
-85
-99
-128
-121
-111
-120
-131
-155
-85
-122
-103
-111
-100
-94
-88
-81
-76
-105
-73
-61
-69
-78
-98
-125
-104
-44
-84
-95
-98
-144
-126
-83
-119
-137
-142
-91
-102
-106
-56
-45
-30
-80
-98
-111
-118
-81
-86
-88
-98
-76
-71
-78
-52
-59
-126
-127
-128
-129
-116
-122
-126
-117
-112
-107
-50
-68
-38
-84
-42
-46
-69
-61
-76
-121
-78
-44
-68
-41
5
4
-60
-25
-3
3
-16
-6
-26
-6
-3
-24
-9
15
10
35
2
3
-26
-1
-18
-42
-12
-57
-31
-55
-29
-54
-73
-69
-51
-61
-44
-50
-6
-80
-56
-42
-57
-27
-57
-18
-67
-89
-64
-45
-47
-68
-67
-41
-34
-63
-31
-33
-36
-43
-45
-33
-5
-5
-39
-38
-18
-41
-59
-41
-33
-75
-76
-39
-81
-51
-45
-6
-21
-67
-25
-1
-27
6
-60
-12
-6
-2
24
-26
-10
-7
-3
-13
-9
-5
-8
-18
22
30
7
-29
-49
5
-19
-41
4
-23
-50
-2
-28
-80
-56
-48
-3
18
-15
-23
-2
-44
-26
-33
-50
-14
-25
-47
-82
-68
-66
-59
-39
-68
-74
-80
-81
-133
-117
-116
-112
-108
-102
-102
-95
-60
-67
-37
-56
-58
-17
-19
-76
-102
-81
-42
-107
-96
-74
-94
-61
-68
-51
-42
-65
-54
-105
-106
-97
-106
-99
-95
-66
-109
-115
-99
-70
-134
-147
-106
-122
-129
-147
-103
-73
-110
-101
-106
-119
-107
-72
-91
-135
-119
-113
-70
-68
-82
-84
-106
-85
-85
-91
-130
-123
-106
-155
-124
-105
-84
-50
-93
-135
-108
-133
-144
-146
-173
-183
-168
-129
-144
-125
-157
-163
-193
-180
-142
-166
-192
-191
-175
-171
-198
-217
-162
-167
-168
-180
-161
-179
-229
-196
-227
-216
-222
-206
-182
-152
-150
-178
-130
-178
-177
-175
-200
-171
-166
-198
-195
-168
-146
-188
-164
-168
-164
-184
-188
-135
-145
-123
-133
-116
-121
-113
-176
-177
-141
-134
-117
-82
-87
-89
-53
-57
-57
-69
-66
-87
-75
1
-13
-31
-24
-35
44
10
4
-20
-9
12
-26
-13
-3
9
-9
20
23
4
-1
13
36
55
2
9
20
54
56
21
44
63
21
7
44
56
64
50
93
55
34
44
20
92
101
87
38
119
98
54
70
39
7
17
39
40
30
19
36
75
78
51
43
32
19
68
46
46
96
56
71
72
87
95
59
60
60
98
92
61
100
54
129
67
87
91
75
131
119
114
99
117
98
136
134
64
83
111
102
54
51
42
50
70
87
62
85
144
72
74
41
56
112
70
33
50
70
34
21
74
60
53
28
17
70
29
-17
-1
16
-19
-17
-15
-6
1
-11
-5
-36
9
-4
-30
4
23
6
-6
35
57
10
-19
-14
-2
18
-16
-54
12
7
3
8
2
-4
-25
1
23
18
-14
-27
16
2
-21
11
-14
7
9
-4
27
56
-19
16
-27
-39
-15
-25
-57
-62
16
15
18
-20
-12
0
2
-11
-1
-41
5
14
-28
-23
-15
-5
7
-5
-21
-7
-29
-20
-35
-48
-83
-6
-45
-70
-48
-70
-28
-3
-2
-31
-51
-59
-33
-59
-54
-58
-75
-73
-79
-95
-99
-84
-109
-143
-136
-88
-105
-59
-63
-92
-98
-83
-86
-71
-76
-112
-81
-93
-83
-86
-101
-134
-155
-102
-88
-105
-151
-125
-83
-100
-76
-92
-100
-76
-33
-28
-47
-79
-77
-69
-12
-30
-81
-86
-72
-59
-60
-38
-77
-66
-72
-77
-131
-131
-79
-62
-81
-93
-79
-84
-58
-61
-50
-29
-27
-51
-73
-59
-53
-49
-57
-48
-50
-27
-15
-64
-53
-47
-56
-28
-57
-43
-50
-15
-27
-62
-16
-53
-63
-81
-77
-57
-54
-63
-42
-21
-24
-28
-46
-31
-9
7
-28
-6
-10
-18
-12
-43
-41
-19
-50
-26
-33
-20
34
-38
-26
-45
-44
-44
-34
-24
-34
-69
-39
-27
-57
-25
-18
-2
1
-43
-35
-47
33
13
33
51
23
26
-47
21
17
2
-12
-33
29
23
-2
17
-42
-27
-44
1
43
31
42
20
6
40
62
29
50
78
96
68
105
89
72
70
76
107
70
85
54
56
72
60
59
41
29
48
42
88
63
51
43
74
84
22
109
62
61
65
31
63
35
67
54
78
77
30
37
63
93
46
82
91
118
149
115
90
86
88
68
89
120
59
34
87
89
112
105
94
90
67
77
30
36
83
105
80
72
67
86
70
49
88
66
63
76
114
115
144
139
90
103
89
82
88
64
80
88
101
79
60
86
105
76
87
83
55
65
102
88
51
52
75
71
103
86
71
62
50
78
77
77
45
31
57
-10
12
-3
-50
-33
-53
-57
-25
-9
-21
1
-1
-21
2
-50
-37
-52
-75
-34
-27
-47
-74
-18
-70
-66
-36
-42
-116
-86
-46
-37
-75
-51
-33
-56
-50
-63
-55
-33
-31
-46
-48
-29
-13
5
24
24
-5
6
13
30
50
-1
56
52
59
47
-14
10
23
28
-1
-38
12
11
-10
-19
-35
-32
-37
-67
-48
-45
-35
-70
-110
-58
-72
-73
-69
-78
-40
-51
-70
-67
-118
-85
-61
-70
-86
-38
-68
-85
-81
-89
-68
-71
-94
-58
-39
-54
-5
-38
-11
-31
-9
-20
-25
-7
16
-3
-37
10
-7
-9
5
25
34
-12
-12
-19
-62
-56
-46
-21
-47
-82
-67
-59
-70
-49
-64
-64
-44
-67
-65
-18
-33
-72
-33
-51
-28
-44
-63
-60
-64
-70
-92
-68
-45
-43
-82
-83
-100
-105
-89
-31
-44
-53
-32
-35
-28
38
29
-16
-27
-44
11
13
3
-31
-14
-4
13
5
6
14
4
-9
-43
-24
-26
-47
-27
-4
-47
-28
-33
-66
-72
-43
-73
-88
-88
-75
-87
-62
-50
-34
-24
-1
-4
-9
23
-20
-55
-41
-28
-8
0
-44
8
24
13
-1
31
28
52
49
38
43
35
44
48
30
52
65
49
53
46
60
72
104
77
63
71
135
90
77
104
127
114
120
117
98
154
138
132
124
151
120
126
106
102
140
158
117
162
179
169
171
190
197
185
189
190
176
176
159
144
141
155
153
184
195
196
208
163
170
146
123
128
158
140
143
185
152
129
153
174
162
173
126
129
157
122
122
154
119
58
124
81
71
117
74
127
126
119
134
137
76
84
92
51
101
88
72
79
67
87
93
77
41
46
64
77
62
52
62
84
90
97
109
82
60
110
113
75
66
85
75
50
8
12
21
8
8
35
1
-43
27
11
-23
11
-43
-19
-2
-39
-20
-13
4
-27
-46
-27
-29
-24
-24
-9
6
-9
-13
-13
5
-26
-8
-34
-24
1
-21
-44
-14
-24
-10
7
20
25
-34
27
28
7
7
-1
9
-29
-3
19
23
-11
6
61
39
17
21
10
-11
1
-7
-35
-34
-32
-86
-90
-59
-30
-62
-66
-36
-57
-46
-66
-113
-74
-10
-35
-16
-5
5
-16
-28
-45
-45
-17
-19
-9
-24
-23
38
9
19
18
-15
5
-1
-44
-6
-7
-44
-23
-66
16
33
18
39
34
85
72
67
41
36
26
43
38
43
26
60
35
52
45
31
37
23
27
56
42
-5
69
44
22
2
15
16
-14
-24
-7
-48
-24
-7
-12
-18
-31
-19
-3
60
-6
2
33
39
36
72
82
47
79
51
89
62
37
26
46
34
45
71
53
58
33
36
16
34
70
52
74
103
23
44
44
37
51
7
54
50
29
59
54
22
39
19
-15
13
-3
3
29
29
17
-1
9
13
28
63
43
62
76
48
65
26
16
23
14
11
42
39
20
23
23
68
58
52
22
57
47
24
45
22
57
83
96
101
75
69
55
38
20
-15
-2
33
-6
35
66
62
56
56
54
36
39
47
42
37
48
66
113
130
91
88
89
85
72
61
81
86
71
94
92
84
70
110
139
119
149
120
137
137
105
119
77
67
99
91
133
140
122
118
87
96
77
78
84
32
66
79
72
66
97
97
59
69
52
69
70
72
42
99
94
75
55
71
53
74
86
63
86
55
65
118
96
96
138
147
126
131
137
127
127
119
164
113
93
124
95
126
161
123
91
94
107
111
137
125
93
106
77
107
95
68
82
79
65
69
108
82
74
82
67
75
83
32
83
72
80
83
61
63
78
90
91
59
23
56
61
50
44
77
33
34
48
32
9
12
-15
20
50
37
2
25
20
-46
-67
-67
-39
-52
-47
-65
-56
-32
-4
15
-9
-24
-50
-69
-16
-21
-48
-67
-44
-66
-72
-36
-76
-73
-81
-91
-86
-93
-123
-72
-93
-60
-69
-56
-48
-88
-89
-127
-62
-66
-79
-103
-113
-97
-119
-113
-104
-136
-132
-129
-133
-112
-128
-106
-96
-112
-137
-173
-160
-159
-120
-132
-104
-149
-174
-120
-128
-133
-138
-179
-135
-152
-176
-175
-181
-182
-179
-156
-163
-138
-129
-156
-126
-123
-161
-129
-109
-144
-123
-132
-144
-216
-150
-249
-246
-543
-1784
-2384
-1761
-1090
-1841
-3842
-5289
-4855
-3550
-3140
-4179
-5055
-5252
-5039
-4711
-4127
-3460
-3264
-3406
-2998
-2323
-1742
-1369
-1284
-646
610
1355
972
694
1062
1918
2645
3189
3301
3118
2976
3073
3462
4038
4345
4283
4301
4574
4872
4680
4066
3323
3078
3291
3491
3076
2470
1663
1155
1118
1079
865
394
-422
-812
-1030
-1276
-1802
-2057
-2127
-2014
-2125
-2392
-2700
-2691
-2531
-2199
-1722
-1590
-1523
-1601
-1525
-971
-371
-15
203
306
524
838
1011
1209
1431
1742
1812
1688
1676
1395
1226
1196
1229
1241
1127
682
58
-260
-464
-533
-745
-1073
-1458
-1861
-2144
-2513
-2766
-2717
-2729
-2840
-3053
-3176
-3269
-3173
-2955
-2824
-2692
-2506
-2627
-2670
-2418
-2220
-2018
-1907
-1842
-1838
-1722
-1641
-1562
-1558
-1416
-1270
-1106
-881
-862
-801
-639
-455
-137
223
495
721
1105
1552
1694
2101
2608
2944
3382
3886
4298
4798
5431
5792
6045
6737
6825
6169
6049
5917
5770
5746
5299
4332
3682
2949
2350
1645
1053
240
-263
-852
-1576
-2326
-2743
-3067
-3120
-3429
-3505
-3314
-3338
-3420
-3099
-2616
-1989
-1558
-1292
-859
-209
327
692
1294
1932
2227
2458
2578
2765
3101
3206
3145
3239
3057
2753
2354
2029
1774
1484
1040
647
193
-302
-891
-1295
-1521
-1831
-2087
-2409
-2821
-3051
-3310
-3524
-3596
-3557
-3369
-3350
-3554
-3551
-3467
-3285
-2958
-2716
-2531
-2513
-2374
-2367
-2331
-1952
-1799
-1790
-1667
-1818
-2000
-1987
-1998
-2104
-2090
-2129
-2320
-2454
-2592
-2820
-2853
-2601
-2409
-2337
-2331
-2391
-2122
-1585
-986
-522
-212
162
670
1458
2125
2787
3532
4438
5373
6271
7105
8151
9184
9779
10576
12327
13858
14624
12523
7572
3600
5123
10743
13400
8467
-232
-4576
-2093
908
-475
-3306
-4392
-5373
-8107
-10785
-9901
-7441
-7654
-9259
-8166
-5166
-5439
-9326
-10321
-4961
1411
2337
-669
-1682
228
1855
3007
5525
8655
8894
5883
4289
6209
8271
7688
6262
6827
7917
6186
2570
491
1099
1981
1416
500
-537
-2874
-5801
-7012
-5413
-3237
-3482
-5473
-6892
-7069
-6722
-6276
-5050
-3325
-2209
-2179
-2488
-2455
-1714
-501
1371
3136
3916
3462
2488
2006
2483
3037
1432
-97
498
743
-321
-1962
-4532
-5997
-4841
-4168
-5204
-5585
-6772
-9049
-8981
-7369
-6885
-6308
-6553
-7588
-7125
-5805
-5323
-4713
-3409
-2148
-1295
-891
-793
-432
699
2066
3682
4643
4360
3855
3473
4055
5603
6529
6765
6869
6450
6354
6715
6987
7641
8816
9840
9192
7418
5453
4381
5042
6165
5961
4881
2580
245
-675
-431
-69
-485
-1742
-2962
-3740
-4228
-5058
-5515
-4846
-4168
-3782
-3940
-4773
-5020
-4443
-3330
-1591
-305
-175
-544
-637
195
1707
3028
3676
3845
3882
3810
3789
4137
4355
4581
4612
4174
3493
2598
1527
955
807
598
166
-963
-2446
-3670
-4343
-4557
-4567
-4647
-5132
-5954
-6637
-7288
-7150
-6303
-5688
-5271
-5167
-5666
-5847
-5311
-4380
-3426
-2642
-2535
-2942
-2959
-2764
-2523
-1832
-1367
-1406
-1463
-1886
-2598
-2700
-2359
-1985
-1624
-1626
-2244
-2716
-2682
-2353
-1638
-1022
-991
-843
-671
-458
-28
835
1970
3192
4204
4680
5568
6812
8269
9751
10948
12262
14824
17369
18245
16685
11915
6900
7023
12725
17312
14960
6031
-2352
-3249
943
2774
537
-2941
-5966
-8422
-10342
-11237
-10399
-9729
-9752
-9424
-8541
-9065
-11181
-12131
-8972
-3001
724
-111
-2652
-3146
-1051
2701
6249
8435
8837
7621
6312
6651
8332
9512
9852
9695
9302
8112
5732
3226
2287
2985
3759
3142
916
-2279
-5013
-6224
-5644
-4145
-3655
-5091
-7342
-8767
-8710
-7681
-6331
-5011
-4000
-3540
-3911
-4335
-3763
-2062
116
2153
2956
2796
1191
-2321
-2496
1333
4322
4021
329
-4285
-5280
-2854
-2103
-3519
-3888
-5016
-7107
-7529
-7939
-8697
-7958
-7657
-7426
-6333
-6698
-8697
-9273
-7217
-3973
-1764
-2020
-3404
-3673
-2292
-310
1969
3377
3605
3667
3514
4419
5974
6733
7268
8770
10145
10626
10647
10890
12394
14883
16531
17133
17071
14097
8249
3812
5768
12035
14610
8543
-1422
-6496
-4661
-1651
-1375
-3493
-5709
-8138
-10998
-12613
-11553
-9936
-9284
-8870
-7689
-6811
-8173
-10208
-9049
-3817
1488
2876
1151
-493
-22
2458
5737
8600
10166
9427
7497
6536
7167
8325
8895
8818
8573
7732
5414
2382
383
305
1175
1354
136
-2613
-5599
-7723
-7951
-6397
-4844
-4918
-6644
-8386
-8877
-8095
-6725
-5042
-3395
-2264
-2086
-2765
-2799
-1783
451
1409
588
618
563
-751
-1258
-1314
-1539
-918
-1279
-3924
-5321
-4952
-6039
-6843
-5957
-6587
-7500
-7671
-9117
-9421
-7796
-7318
-7211
-6073
-5611
-5543
-4898
-4050
-2733
-832
379
738
1475
1880
2618
4227
5776
7071
7843
8006
8662
9783
10565
11978
13356
14438
15672
16584
16978
17345
15409
9675
4976
6564
11950
14200
8705
-1695
-7536
-5308
-1636
-1630
-4542
-7969
-10402
-11772
-12118
-11434
-10529
-10569
-10385
-8554
-6936
-7719
-9395
-8614
-3889
1701
3402
1664
166
870
3769
7327
9821
10697
9757
8066
7475
8573
9740
9679
8964
8245
7371
5704
3057
871
373
730
646
-715
-3344
-6151
-7864
-8005
-6719
-5517
-5901
-7599
-8869
-8822
-7668
-6253
-5034
-3919
-2747
-2398
-2319
-2049
-888
65
-861
-394
727
486
302
-975
-2961
-2418
-1345
-2536
-3880
-3989
-5684
-7032
-6269
-7010
-7720
-6946
-8461
-9168
-7777
-7860
-8334
-7255
-6317
-5324
-3899
-3707
-3822
-2571
-1096
138
2168
2847
2698
3434
4226
6104
8193
8542
8956
10130
11175
12159
12976
13768
14826
16601
18459
18307
16390
12443
7633
6480
9543
12468
10908
4157
-2789
-5428
-4009
-2145
-3119
-5722
-8078
-10498
-11925
-12217
-11750
-10692
-9997
-8856
-7749
-8083
-8959
-8883
-6332
-1501
2002
2403
1170
495
2009
4937
8006
10035
10246
9341
8215
7923
8775
9373
9455
9158
8057
6628
4448
2097
1094
859
840
222
-1679
-4294
-6611
-7706
-7323
-6328
-5801
-6582
-8001
-8622
-8452
-7435
-5846
-4585
-3327
-2668
-2656
-2611
-1742
-1434
-1767
-111
1688
1645
578
-2211
-4428
-2596
-185
-737
-2212
-4111
-6855
-7439
-6189
-6426
-6448
-6298
-8281
-9109
-8296
-8876
-8823
-7306
-6298
-5012
-4202
-5117
-5515
-4075
-2227
-59
2039
2056
1596
1988
2690
4740
7170
7856
8065
8636
8967
9990
11311
12220
13089
14662
16081
16868
17404
16109
13707
10365
7102
7839
11157
11638
7191
-137
-5054
-4276
-1647
-1711
-4386
-7124
-9479
-11458
-11784
-11200
-10130
-9129
-9324
-9105
-8121
-8222
-8545
-6937
-3393
650
2148
1058
177
1276
3911
6805
9147
9832
9113
8010
7498
8130
9395
9583
8756
7987
6712
4933
2933
1210
815
1012
467
-1243
-3650
-5880
-7185
-7244
-6410
-5865
-6093
-7389
-8630
-8406
-7342
-6049
-4731
-3856
-3161
-2832
-2803
-2443
-2872
-1861
327
903
240
-1303
-3352
-3320
-1602
-1063
-2314
-3267
-4896
-6788
-6411
-6092
-6912
-6552
-7194
-8468
-8446
-8618
-9208
-8497
-7038
-6019
-5228
-5224
-5635
-4940
-3223
-1964
-329
1093
1363
1750
2090
2744
4544
6182
7036
7660
8148
8634
9024
9855
11024
12617
14032
14485
14917
15969
16811
16138
13488
9561
7008
7969
10229
10234
6016
-180
-4035
-3928
-2295
-2414
-4613
-7312
-9391
-10668
-10987
-10660
-10016
-9610
-9170
-8204
-7677
-7739
-7733
-6291
-2987
484
1776
1364
885
1833
4279
7003
8930
9368
8897
8137
7863
8480
9138
9164
8626
7664
6433
4825
2946
1504
881
652
38
-1405
-3596
-5655
-6863
-6979
-6368
-5906
-6262
-7354
-8131
-8004
-7188
-5869
-4754
-3896
-3143
-2967
-2497
-2936
-3852
-2308
-98
317
-286
-2142
-4037
-3305
-1678
-2108
-2951
-3237
-5312
-6758
-5955
-6376
-6849
-6286
-7447
-8215
-7582
-8224
-8964
-7982
-6759
-5780
-4843
-4888
-5317
-4265
-2959
-1789
137
1227
1375
1874
2187
3134
4882
6021
6797
7554
8249
8634
9066
10003
11268
12573
13831
14434
14996
15762
16279
15369
13078
10255
7572
7344
9269
9464
5987
712
-3709
-4521
-2904
-2422
-4559
-7063
-9107
-10516
-10889
-10466
-9834
-9183
-8737
-8177
-7539
-7180
-7049
-5838
-3165
50
1956
1728
1155
1868
3984
6534
8448
9132
8716
7959
7474
7815
8510
8720
8109
7153
5921
4456
2752
1272
540
255
-378
-1775
-3725
-5508
-6562
-6822
-6500
-6117
-6271
-6990
-7756
-7793
-7141
-5951
-4771
-3822
-3200
-2828
-2782
-4252
-4275
-1744
123
562
-599
-3607
-4755
-2888
-1688
-2040
-2293
-4001
-6472
-6335
-5761
-6514
-6128
-6580
-8066
-7651
-7501
-8789
-8745
-7673
-6738
-5407
-4965
-5734
-5635
-4270
-2975
-1299
195
267
630
1298
1940
3198
4449
5152
6168
6812
6997
7371
7982
9192
10625
11444
11891
12805
13818
14416
15434
16339
15030
12964
9698
6418
7025
9442
9133
5679
384
-3558
-4198
-2745
-2746
-4592
-6413
-8339
-9983
-10202
-10112
-9594
-8714
-8221
-7161
-6462
-6933
-6927
-5498
-2608
789
2345
1967
1471
2181
4110
6404
8537
9230
8600
7929
7375
7552
8237
8063
7618
6935
5702
4271
2393
810
174
-63
-428
-1547
-3377
-5317
-6779
-6882
-6218
-5552
-5442
-6334
-7342
-7273
-6598
-5292
-4058
-3275
-3061
-3177
-3215
-3428
-3033
-1895
-1146
-662
-958
-2337
-3277
-3279
-3047
-2802
-2868
-3801
-5104
-5889
-6418
-6714
-6395
-6498
-7006
-7219
-7595
-7911
-7673
-7243
-6488
-5495
-4811
-4454
-4110
-3437
-2422
-1252
-260
537
1229
1776
2261
2965
3835
4843
5807
6418
6881
7218
7811
9012
9826
10200
11160
12409
13242
13814
14373
15546
16127
14264
10043
5848
5829
9037
10695
7861
1748
-3221
-4375
-3115
-2115
-3217
-5289
-7412
-9532
-10364
-9898
-9540
-8957
-8301
-7289
-6400
-6772
-7574
-6818
-3892
-143
1974
1911
988
965
2608
5159
7603
8853
8353
7398
6697
6628
7256
7490
7314
7031
6023
4293
2227
424
-292
-247
-275
-1197
-3112
-5323
-7029
-7402
-6558
-5710
-5666
-6405
-7508
-7801
-7203
-6128
-4749
-3699
-3228
-3164
-3123
-2956
-2628
-1997
-1463
-1382
-1284
-1492
-2307
-2795
-3098
-3482
-3649
-3791
-4460
-5436
-6117
-6748
-7192
-7078
-7119
-7609
-7773
-7908
-8059
-7804
-7304
-6664
-5782
-4880
-4248
-3739
-2948
-2065
-1196
-210
818
1779
2582
2927
3158
3813
4962
6121
6661
7222
7767
8117
8818
9479
10268
11404
12354
12976
13460
14352
15809
16213
14176
10883
7394
6405
8679
10555
8694
3642
-1365
-3561
-2729
-1304
-2051
-4331
-6195
-8073
-9133
-8864
-8551
-7971
-7387
-6763
-5746
-5597
-6128
-5870
-3726
-318
2369
2696
1976
1734
3052
5336
7542
9133
9109
8192
7368
7126
7744
8360
8162
7684
6720
5257
3559
1785
843
598
432
-194
-1700
-3760
-5523
-6327
-5859
-4981
-4713
-5218
-6312
-6783
-6330
-5345
-4021
-2926
-2155
-1852
-1724
-2389
-3187
-2406
-616
656
849
-898
-3296
-3620
-2626
-2027
-1781
-2617
-4545
-5655
-5797
-6121
-6004
-5815
-6495
-6849
-6751
-7259
-7701
-7414
-6695
-5363
-4166
-3985
-4275
-4089
-3054
-1342
307
937
1083
1219
1576
2539
3733
4537
5413
5984
5929
6037
6586
7410
8524
9458
9985
10374
11154
11777
12065
12831
14342
16171
16696
13989
10059
6891
6308
8905
10598
8831
4400
-661
-3556
-3153
-1448
-1222
-3154
-5502
-7672
-8811
-8595
-8397
-7879
-6640
-5762
-5261
-5649
-6495
-5881
-3589
-425
2217
2752
1902
1356
2240
4678
7149
8718
8585
7561
6886
6642
6965
7515
7485
7145
6277
4628
2853
1113
104
36
29
-504
-1984
-4183
-5896
-6637
-6074
-5195
-4907
-5286
-6146
-6731
-6474
-5680
-4316
-3178
-2316
-2214
-2834
-3046
-2790
-1999
-1032
-799
-1338
-1947
-2516
-3088
-3290
-3277
-3537
-3951
-4528
-5409
-6191
-6529
-6864
-6870
-6632
-6725
-7228
-7664
-7725
-7264
-6526
-5761
-5158
-4717
-4172
-3638
-2799
-1646
-637
-33
278
839
1733
2560
3039
3427
3970
4738
5264
5589
5999
6728
7594
8406
8765
8880
9686
10783
11556
12163
13165
14593
15817
14288
10553
7386
6176
7724
9823
9149
5501
685
-3032
-3817
-2095
-758
-2292
-5141
-7532
-8855
-8632
-8128
-8043
-7202
-6418
-5925
-6028
-6594
-6357
-4709
-2092
761
2153
1799
891
1111
3179
5733
7749
8140
7224
6370
5835
5906
6669
6992
6677
5806
4200
2558
963
-246
-651
-716
-911
-1964
-3955
-5915
-7108
-6893
-5909
-5174
-5192
-6073
-7113
-7339
-6642
-5116
-3529
-2816
-2598
-2665
-2841
-3702
-4509
-3260
-1012
-11
-791
-3430
-5765
-5397
-3702
-3170
-3460
-4199
-6011
-7446
-7250
-7020
-6742
-6376
-6956
-7441
-7156
-7487
-8045
-7561
-6077
-4584
-3766
-3912
-4531
-4217
-2909
-1277
246
977
803
453
745
1877
3022
3753
4381
4844
4985
5132
5428
6305
7590
8814
9265
9802
10277
10815
11263
12332
14147
15699
14756
11181
7920
6205
6823
8799
8779
5893
1666
-2190
-3922
-3117
-2236
-3300
-5127
-6863
-8397
-9335
-9524
-9356
-8011
-6775
-6155
-6239
-6831
-7005
-5618
-2934
-87
1790
1677
1024
1143
2760
4906
6837
7738
7341
6739
6100
5825
6013
6280
6144
5754
4585
2883
1105
-481
-1162
-1045
-1059
-1998
-3753
-5654
-6900
-6984
-6301
-5724
-5698
-6097
-6878
-7054
-6657
-5635
-4387
-3426
-3164
-3705
-3789
-3522
-3708
-3180
-2282
-1954
-1816
-2491
-4175
-4975
-4308
-3894
-3821
-3694
-4714
-6304
-6779
-6887
-6821
-5972
-6068
-6860
-7115
-7208
-7255
-6786
-5953
-5198
-4473
-4005
-3911
-3689
-2878
-1830
-741
126
613
743
898
1415
2251
3172
3931
4364
4550
5006
5649
6294
7422
8279
8654
9286
10181
10865
11579
12501
13566
14735
14475
11638
8845
8064
8220
8311
7676
5549
2746
97
-2371
-3149
-2442
-2695
-4744
-6683
-7907
-8395
-8681
-8779
-8185
-6831
-6253
-6591
-6670
-6120
-4620
-2684
-916
679
1647
1619
1755
3013
4853
6533
7228
7127
6818
6599
6268
6195
6536
6520
5923
4820
3327
1881
846
10
-390
-636
-1446
-2844
-4409
-5501
-5854
-5459
-5186
-5144
-5357
-5760
-6073
-5829
-4996
-3854
-2868
-2388
-2194
-1888
-1832
-3290
-3852
-1956
-516
-353
-1167
-3488
-4891
-3744
-2889
-3383
-3049
-3470
-5785
-6326
-5652
-6163
-5729
-5244
-6193
-6117
-5560
-6426
-6859
-5702
-4447
-3471
-2803
-3094
-3436
-2719
-1462
-107
1197
1436
1228
1305
1896
2976
3899
4470
4779
4809
5272
5890
6286
7025
8189
9063
9830
10273
10309
10943
12010
12985
14296
15616
15033
12197
9532
8858
9391
9871
8647
6084
3714
1422
-668
-1595
-1533
-1702
-3312
-5331
-6465
-7002
-7398
-7605
-7096
-5747
-5040
-5362
-5781
-5381
-3697
-1798
-229
1308
2003
2119
2380
3368
5190
6746
7460
7437
7142
6900
6629
6512
6674
6825
6386
5369
3838
2521
1427
624
300
-156
-928
-2230
-3800
-4806
-5096
-4906
-4576
-4661
-4881
-5178
-5447
-5198
-4527
-3464
-2677
-2599
-2690
-2585
-2375
-2329
-1960
-1112
-850
-1213
-1719
-2536
-2689
-2140
-2376
-2903
-2951
-3361
-4339
-4656
-4777
-5118
-5010
-5033
-5571
-5638
-5496
-5816
-5587
-4899
-4339
-3820
-3456
-3207
-2746
-1912
-1038
-229
364
684
972
1564
2516
3312
3635
3902
4449
5035
5613
6333
6920
7483
8027
8625
9218
10042
10761
11393
12072
12773
13398
14375
14888
13605
11077
9239
8779
8873
8566
6913
4426
2161
183
-1480
-1950
-2024
-2981
-4641
-6046
-6887
-7207
-7395
-7277
-6685
-5833
-5445
-5442
-5263
-4469
-2917
-1358
102
1264
1835
2077
2772
3897
5316
6490
6845
6742
6563
6350
6082
6117
6149
5896
5176
4004
2586
1388
539
-147
-613
-1237
-2342
-3640
-4748
-5425
-5477
-5390
-5314
-5391
-5621
-5819
-5772
-5360
-4625
-3810
-3060
-2555
-2079
-2280
-4063
-4123
-1870
-429
-233
-1447
-3839
-4456
-2885
-2432
-3286
-2955
-3610
-5555
-5478
-5217
-6018
-5709
-5811
-6421
-5911
-5625
-6720
-7302
-6297
-5033
-4139
-3766
-4128
-4273
-3404
-2238
-781
187
329
199
153
1136
2681
3400
3619
3898
4006
4510
5302
5940
6421
7069
7840
8470
9420
9740
9788
10608
11882
12807
13507
13841
13123
11465
9503
8498
8288
8017
6696
4500
2696
1062
-1021
-2747
-3327
-3469
-4357
-5829
-7249
-8065
-8427
-8397
-8048
-6995
-6301
-6392
-6616
-6080
-4632
-2974
-1669
-601
436
1125
1681
2418
3646
4949
5796
6077
5987
5852
5570
5287
5280
5377
5064
4167
2817
1527
529
-197
-737
-1332
-2176
-3164
-4284
-5268
-5800
-5869
-5689
-5620
-5661
-5808
-5930
-5802
-5231
-4423
-3405
-2713
-2269
-2611
-4155
-3965
-2002
-808
-526
-1328
-3146
-3632
-2429
-2388
-3134
-2676
-3171
-4590
-4524
-4602
-5480
-5283
-5357
-5743
-5336
-5278
-6308
-6823
-6147
-5120
-4305
-3837
-3978
-4034
-3370
-2394
-972
216
582
586
509
1306
2498
3356
3874
4248
4505
5031
5502
6126
6865
7476
7858
8617
9615
9801
9962
10690
11629
13016
13977
14207
13856
12611
10393
9046
9426
9640
8403
5840
3399
1947
974
-707
-1903
-2356
-3084
-4515
-6061
-6986
-7167
-7183
-7181
-6578
-5819
-5636
-6019
-5813
-4459
-2576
-1111
-350
369
1085
1767
2696
3966
5264
6159
6269
6114
6188
6268
6211
6133
6045
5821
4993
3708
2396
1493
880
330
-361
-1193
-2313
-3564
-4521
-4969
-4922
-4904
-5102
-5332
-5559
-5572
-5295
-4904
-4214
-3398
-2747
-2595
-3434
-3358
-2780
-2262
-1195
-1067
-1957
-2285
-2332
-2727
-2672
-2286
-3004
-3525
-3455
-4313
-4902
-4664
-5413
-5626
-5215
-5579
-6037
-6234
-6432
-6185
-5335
-4739
-4592
-4425
-4181
-3786
-2734
-1612
-735
-203
-265
101
648
1482
2585
3140
3359
3956
4266
4436
5051
5760
6673
7751
8442
8435
8525
9393
10269
11096
11707
11995
13001
14112
13122
10448
8032
7402
8259
8410
6842
3991
1274
-575
-1808
-2143
-2380
-3463
-5151
-6829
-7722
-7797
-8166
-8242
-7623
-6795
-6154
-6288
-6613
-5941
-4395
-2504
-864
187
634
729
1250
2564
4320
5709
5985
5694
5487
5322
5383
5530
5506
5316
4663
3505
2336
1177
274
-414
-923
-1398
-2321
-3585
-4929
-5774
-5824
-5554
-5386
-5553
-5922
-6062
-6057
-5750
-4991
-4071
-3256
-2820
-2747
-3858
-4776
-3449
-1698
-1112
-1037
-2294
-3988
-3608
-2724
-3126
-2819
-2398
-3959
-4966
-4637
-5350
-5664
-5052
-5425
-5646
-5220
-5880
-6803
-6409
-5501
-4575
-3796
-3610
-3879
-3715
-2808
-1543
-209
416
654
542
914
1991
2942
3564
4299
4722
5033
5690
6085
6314
7222
8199
8919
9746
10166
10034
10304
11561
12887
13880
14727
13980
11743
9543
8500
9465
10107
8425
5129
2338
1239
664
-684
-2149
-3035
-3886
-5201
-6558
-7214
-7575
-7851
-7473
-6688
-5847
-5721
-6499
-6309
-4600
-2407
-701
-129
222
868
1730
2999
4391
5578
6209
6299
6281
6419
6404
6336
6131
6092
5911
4966
3719
2314
1316
750
272
-374
-1243
-2503
-3807
-4739
-5010
-4880
-4895
-5057
-5414
-5610
-5427
-5226
-4744
-3882
-3086
-2495
-3232
-4114
-3284
-2029
-1349
-1025
-1493
-2290
-2172
-1723
-2268
-2239
-1679
-2609
-3373
-3092
-3710
-4380
-4394
-4648
-4763
-4547
-4979
-5934
-6056
-5452
-5013
-4672
-4224
-4149
-3993
-3566
-2716
-1636
-697
-11
-11
180
827
1498
2424
3550
4099
4288
4285
4371
5174
6288
7150
7687
8239
8607
8723
9162
9715
10909
12454
13180
13040
13142
12846
11424
10037
9507
9553
9091
7310
4430
2413
1831
909
-667
-2042
-3027
-4068
-5393
-6619
-6972
-6838
-6979
-7064
-6815
-6337
-6084
-5955
-5328
-3681
-2015
-1105
-512
239
1183
2331
3474
4509
5547
6082
6052
6129
6373
6581
6501
6204
5847
5366
4443
3299
2311
1610
918
193
-713
-1745
-2746
-3685
-4373
-4630
-4694
-4836
-5142
-5409
-5430
-5199
-4825
-4249
-3740
-3580
-3361
-3394
-3522
-2628
-1623
-1597
-1758
-1856
-2106
-1973
-1486
-1979
-2542
-2343
-2711
-3302
-3240
-3715
-4422
-4558
-4644
-4887
-5040
-5265
-5729
-5739
-5242
-4922
-4803
-4562
-4259
-3822
-3164
-2318
-1478
-799
-365
-146
219
933
1940
2747
3397
3709
3866
4290
5034
5960
6527
6835
7385
8250
9056
9492
9496
9865
10955
12276
12988
13069
13049
12196
10485
9072
8614
8925
8443
6264
3236
1407
559
-386
-1511
-2492
-3665
-5052
-6292
-7123
-7123
-7025
-7278
-7183
-6591
-6095
-5902
-5872
-5050
-3378
-1807
-653
-49
518
1244
2265
3519
4802
5731
5919
5704
5683
5987
6074
5971
5526
5135
4681
3678
2587
1562
648
-21
-678
-1399
-2299
-3447
-4536
-5229
-5285
-5052
-5079
-5434
-5722
-5702
-5420
-4992
-4401
-3680
-3192
-2868
-3402
-4406
-3880
-2258
-1370
-1429
-2071
-3230
-3614
-2787
-2623
-2874
-2482
-3103
-4438
-4526
-4434
-5045
-5090
-5015
-5284
-5279
-5373
-6184
-6530
-5788
-4868
-4348
-4075
-3964
-3937
-3350
-2215
-924
-259
-39
-34
61
1105
2291
2801
3218
3786
4247
4626
4942
5503
6297
7316
8057
8311
8766
9120
9536
10388
11567
12684
13232
13045
11987
10247
8914
8715
9102
8717
6516
3482
1486
523
-218
-1258
-2371
-3535
-4931
-6249
-7140
-7290
-7250
-7368
-7329
-6746
-6264
-6251
-6138
-5336
-3596
-1904
-761
-254
273
1077
2135
3485
4841
5754
5979
5825
5751
6051
6267
6201
5926
5528
4969
4001
2793
1752
1005
446
-195
-1144
-2102
-3265
-4227
-4813
-4955
-4796
-4847
-5191
-5542
-5530
-5272
-4740
-4220
-4091
-4084
-3746
-3402
-3125
-2748
-2647
-2497
-1899
-1712
-2022
-2246
-2425
-2516
-2340
-2282
-2707
-3231
-3680
-4219
-4314
-4220
-4462
-4761
-5147
-5302
-5234
-5214
-5121
-4903
-4561
-4067
-3648
-3310
-2897
-2318
-1450
-682
-155
141
322
711
1717
2717
3437
3734
3912
4219
4691
5610
6482
7370
8103
8133
8145
8509
9457
10789
11717
12005
11934
12624
12970
11586
9372
8180
8280
8841
7732
4764
1867
641
18
-804
-1758
-2818
-4400
-5916
-7024
-7067
-6670
-6897
-7432
-7233
-6530
-5877
-5735
-5545
-4274
-2501
-1186
-404
227
825
1573
2692
4031
5291
5846
5649
5348
5571
5892
6063
5816
5316
4756
3890
2817
1970
1190
472
-351
-1125
-1879
-2845
-3925
-4729
-4970
-4933
-4946
-5154
-5487
-5627
-5427
-4918
-4357
-3738
-3356
-3754
-4509
-4311
-3024
-2069
-1836
-2171
-2850
-2983
-2466
-2494
-2772
-2419
-2576
-3340
-3638
-3780
-4336
-4632
-4626
-4790
-4753
-4962
-5660
-6087
-5743
-5102
-4832
-4629
-4515
-4380
-4057
-3387
-2542
-1623
-853
-571
-514
-250
427
1214
2293
2959
3185
3347
3695
4291
5232
6167
6415
6726
7272
7893
8542
9308
9875
10636
11722
11945
11889
12787
12694
10666
8743
8213
8591
8687
6650
3170
1376
1131
276
-1217
-2513
-3765
-4948
-6314
-6934
-6649
-6631
-7496
-7834
-7241
-6172
-5543
-5879
-5406
-3740
-2170
-1281
-399
300
1003
2029
3065
4357
5423
5550
5167
5366
5844
6113
5954
5374
4853
4383
3550
2652
1907
945
61
-778
-1567
-2201
-3138
-4235
-4977
-5056
-5036
-5137
-5515
-5797
-5665
-5311
-4956
-4417
-3886
-3579
-4017
-5027
-4338
-2549
-1925
-2046
-2602
-3583
-3375
-2345
-2558
-2978
-2429
-3001
-4070
-3873
-3892
-4608
-4588
-4805
-5110
-4882
-5146
-6051
-6316
-5624
-5017
-4834
-4685
-4627
-4623
-4171
-3142
-2110
-1292
-829
-934
-981
-205
767
1582
2402
2695
2728
3122
3637
4128
5076
5881
6271
6874
7537
7610
8017
9246
10243
10773
11187
11221
12076
12809
11335
8785
7589
8151
9029
8117
4839
1555
237
-29
-378
-1251
-2945
-4707
-6171
-7072
-6984
-6698
-7217
-7718
-7596
-6798
-6016
-6023
-6128
-5073
-3215
-1605
-664
-275
100
919
2202
3562
4921
5475
5075
4835
5036
5518
5933
5701
5009
4498
3757
2892
2059
1205
467
-224
-983
-1797
-2725
-3851
-4809
-5050
-4874
-4850
-5097
-5632
-5947
-5669
-5253
-4618
-3972
-3763
-4833
-5473
-4302
-3024
-2514
-2348
-3064
-3682
-2862
-2421
-3124
-2760
-2324
-3199
-3505
-3262
-4120
-4550
-4413
-4678
-4681
-4452
-5099
-6158
-6198
-5573
-5083
-4861
-4709
-4839
-4870
-4299
-3397
-2631
-1806
-1148
-1199
-1002
-356
63
660
1803
2388
2704
3117
3340
3644
4493
5365
6000
6735
7158
7418
7976
8721
9074
9634
10473
11192
11769
12467
12580
11076
8832
7314
7579
8904
8470
5204
1541
-155
-177
-353
-1260
-2672
-4300
-5801
-6899
-7113
-6822
-6742
-7110
-7276
-6480
-5651
-5736
-5790
-4841
-2906
-1080
-101
140
379
1026
2112
3647
5167
5848
5487
4975
4973
5474
5826
5608
5167
4668
3902
3004
1896
937
319
-236
-739
-1490
-2450
-3746
-4809
-5090
-4755
-4471
-4658
-5207
-5484
-5487
-5074
-4381
-3709
-3962
-5054
-4632
-3247
-2693
-2478
-2951
-3821
-3080
-1758
-2273
-2975
-2684
-3124
-3547
-2824
-2909
-3789
-4115
-4587
-4914
-4465
-4398
-5224
-5782
-5439
-5001
-4984
-4892
-4767
-4786
-4317
-3467
-2811
-2304
-1674
-1393
-1250
-387
270
520
1274
1968
2434
3118
3584
3727
4112
5013
5894
6737
7538
7650
7703
8179
9023
10059
11028
11491
11669
12220
12792
11885
9836
8301
8049
8827
8974
6721
3286
766
-210
-149
-138
-1214
-3351
-5506
-6737
-6789
-6332
-6314
-6721
-6914
-6655
-6071
-5581
-5437
-4742
-3360
-1750
-351
357
427
784
1775
3423
5086
5915
5748
5136
4985
5383
6019
6244
5773
5042
4160
3231
2511
1745
1019
357
-389
-1134
-2061
-3183
-4286
-4818
-4683
-4421
-4505
-4978
-5559
-5684
-5289
-4475
-3769
-3303
-3427
-4888
-5237
-3613
-2477
-2127
-1957
-3018
-3735
-2731
-2537
-3225
-2424
-2248
-3505
-3605
-3533
-4476
-4578
-4399
-4686
-4666
-4594
-5427
-6292
-6120
-5283
-4807
-4630
-4412
-4538
-4683
-4014
-2929
-2160
-1267
-643
-1001
-811
-163
195
1175
2453
2939
3064
2977
2919
3548
4867
5851
6354
6781
7026
7210
7790
8651
9226
9881
10525
11015
11571
12224
11227
8938
7591
7672
8626
8966
6639
2897
459
-308
-351
-183
-1183
-3183
-5208
-6685
-6979
-6341
-6248
-6724
-6865
-6662
-6183
-5856
-5889
-5287
-3691
-2109
-847
-236
-210
98
1049
2569
4246
5252
5041
4472
4171
4527
5175
5567
5196
4523
3746
2784
1991
1260
515
-16
-608
-1347
-2193
-3380
-4455
-4987
-4971
-4627
-4527
-4944
-5520
-5723
-5531
-4862
-3982
-3459
-3536
-4105
-4792
-4411
-3081
-2360
-2344
-2597
-3078
-3286
-3035
-3130
-3195
-2836
-2970
-3705
-4005
-4268
-4891
-4971
-4847
-4884
-4874
-5190
-5878
-6181
-5742
-5203
-4833
-4514
-4275
-4158
-3910
-3217
-2269
-1371
-672
-509
-538
-196
438
1208
2064
2776
3074
3157
3441
4019
4785
5584
6379
6918
7159
7324
7871
8467
9378
10262
10997
11465
11910
11751
10245
8587
7950
8340
8728
7924
5237
2076
347
87
38
-561
-1987
-4006
-5727
-6465
-6474
-6347
-6457
-6642
-6803
-6472
-6053
-5885
-5647
-4637
-2994
-1540
-571
-341
-159
453
1810
3372
4637
5128
4835
4469
4458
4955
5447
5542
5094
4385
3471
2580
1790
1121
461
-142
-792
-1638
-2694
-3754
-4611
-4961
-4827
-4614
-4798
-5305
-5762
-5766
-5334
-4544
-3943
-3415
-3706
-5146
-5052
-3326
-2479
-2311
-2431
-3540
-3730
-2689
-2837
-3455
-2648
-2669
-3892
-3855
-3848
-4738
-4913
-4881
-5116
-4936
-4908
-5798
-6590
-6161
-5346
-5041
-4845
-4552
-4694
-4717
-3928
-2950
-2201
-1275
-894
-1229
-772
-60
413
1343
2279
2512
2826
3178
3474
4111
4918
5548
6328
7052
7320
7465
7830
8412
9371
10478
11162
11524
11794
11402
10073
8650
7897
8079
8494
7722
5072
1941
131
-326
-206
-525
-1884
-3949
-5788
-6731
-6782
-6392
-6189
-6476
-6692
-6459
-6094
-5778
-5360
-4285
-2792
-1336
-398
-97
136
817
2063
3645
4960
5417
5104
4666
4627
5065
5556
5692
5307
4482
3437
2544
1786
1162
594
-51
-785
-1693
-2744
-3767
-4515
-4786
-4677
-4531
-4773
-5272
-5664
-5606
-5124
-4272
-3641
-3241
-3477
-4109
-4357
-3792
-2458
-1728
-2047
-2590
-3092
-3322
-2891
-2639
-2772
-2750
-3066
-3962
-4437
-4344
-4670
-4899
-4743
-4895
-5162
-5476
-5901
-6035
-5492
-4810
-4510
-4401
-4339
-4211
-3845
-2925
-1758
-939
-641
-596
-584
-258
681
1711
2461
2910
3107
3130
3459
4211
5073
5652
6125
6700
7191
7599
7899
7984
8680
10243
11403
11435
11176
10638
9489
8868
8460
8028
7997
7049
4694
2382
825
-56
-502
-1065
-2042
-3517
-5251
-6370
-6563
-6458
-6280
-6101
-6252
-6160
-5929
-5860
-5261
-3899
-2565
-1499
-687
-240
265
990
2013
3314
4447
4922
4899
4644
4544
4842
5138
5160
4977
4450
3353
2364
1541
909
483
-48
-792
-1675
-2712
-3686
-4278
-4544
-4488
-4449
-4610
-4954
-5237
-5264
-4922
-4192
-3556
-3136
-3322
-4150
-4448
-3519
-2386
-1889
-2115
-2744
-3212
-3020
-2700
-2774
-2645
-2580
-3108
-3760
-3930
-4075
-4485
-4587
-4552
-4569
-4659
-5001
-5580
-5680
-5115
-4515
-4226
-3947
-3791
-3837
-3382
-2462
-1537
-757
-389
-331
-205
303
1073
1890
2542
3121
3391
3541
4030
4806
5408
5914
6434
6829
7452
8128
8361
8708
9455
9985
10658
11580
12366
12008
10122
7771
7019
8142
9149
8264
5259
1934
96
-381
-294
-347
-1258
-3141
-5173
-6386
-6503
-6059
-6012
-6039
-5794
-5431
-5325
-5404
-5234
-4131
-2315
-764
131
393
393
636
1748
3414
4970
5553
5146
4579
4351
4603
5062
5305
5028
4397
3302
2208
1343
676
147
-354
-827
-1555
-2552
-3786
-4750
-4994
-4688
-4251
-4233
-4801
-5286
-5464
-5102
-4316
-3717
-3891
-4304
-3896
-3123
-2938
-3100
-3257
-3118
-2389
-1887
-2287
-2920
-3048
-3244
-3173
-2669
-2661
-3514
-4268
-4671
-4627
-4219
-4186
-4661
-5103
-5057
-4847
-4805
-4627
-4222
-3979
-3538
-2887
-2313
-1867
-1409
-920
-482
280
832
1013
1396
2095
2748
3366
3838
4098
4459
5124
5854
6531
6956
7342
7674
8329
9177
9686
9846
10376
11028
11604
12126
11176
8729
7272
7310
8083
8493
6672
2924
114
-628
-473
-128
-888
-3013
-5134
-6300
-6518
-6025
-5856
-6145
-6260
-6009
-5581
-5053
-5001
-4573
-3188
-1599
-203
459
443
446
1308
2765
4392
5435
5273
4561
4107
4292
4930
5309
4964
4193
3160
2226
1542
904
214
-369
-984
-1617
-2368
-3387
-4370
-4935
-4873
-4496
-4302
-4592
-5182
-5465
-5242
-4688
-4621
-4586
-4045
-3683
-3616
-3556
-3532
-3507
-2849
-2373
-2465
-2359
-2488
-3173
-3429
-2928
-2736
-2959
-3425
-4003
-4423
-4519
-4486
-4735
-4842
-4739
-4904
-5209
-5085
-4837
-4704
-4319
-3608
-3070
-2768
-2416
-2150
-1525
-790
-229
119
439
990
1584
2073
2668
3345
3604
3955
4673
5311
5911
6455
6778
7183
7821
8413
8873
9476
10196
10713
11126
11525
10902
8865
7099
6903
7655
8205
6890
3597
533
-777
-1076
-811
-743
-2069
-4419
-6360
-6936
-6369
-5670
-5718
-5978
-5846
-5422
-5173
-4977
-4372
-3013
-1500
-220
653
927
938
1417
2723
4363
5640
5774
5077
4529
4503
4867
5367
5329
4772
3783
2596
1785
1089
429
-108
-596
-1241
-1998
-2962
-4105
-4704
-4640
-4316
-4010
-4069
-4592
-5035
-4980
-4423
-3993
-3897
-3651
-3332
-3239
-3130
-3050
-3073
-2697
-2103
-2013
-2150
-2323
-2763
-3133
-2988
-2648
-2770
-3202
-3790
-4321
-4529
-4432
-4413
-4579
-4660
-4717
-4842
-4899
-4687
-4467
-4181
-3584
-2948
-2519
-2080
-1740
-1285
-568
36
477
801
1101
1560
2188
2839
3517
3986
4063
4417
5162
5915
6603
6946
7083
7469
8049
8541
9205
9804
10261
10540
10952
11386
10799
8894
7314
7055
7652
7696
6051
3336
1130
-22
-490
-694
-1115
-2204
-3978
-5393
-5960
-5686
-5442
-5451
-5505
-5298
-4801
-4486
-4388
-3796
-2634
-1295
6
709
1024
1196
1801
2828
4175
5166
5344
4918
4462
4417
4608
4882
4742
4295
3482
2446
1621
949
265
-329
-897
-1441
-2081
-2959
-3911
-4555
-4573
-4196
-3976
-4079
-4432
-4638
-4517
-3957
-3537
-3661
-3489
-2958
-2720
-2513
-2542
-2736
-2571
-1985
-1748
-1916
-2060
-2526
-3004
-2905
-2572
-2569
-2957
-3551
-4029
-4317
-4239
-4119
-4325
-4442
-4271
-4440
-4474
-4169
-3982
-3727
-3181
-2515
-2096
-1655
-1285
-808
-38
629
1013
1201
1435
1952
2680
3199
3735
4085
4248
4629
5366
5988
6340
6605
6832
7552
8332
8642
8823
9240
9928
10496
10873
11481
11598
9976
7694
6671
7445
8637
8035
5244
2218
545
28
-14
180
-461
-2260
-4284
-5328
-5159
-4522
-4574
-4858
-4836
-4274
-3812
-3890
-3677
-2814
-1437
-43
981
1482
1440
1545
2300
3723
5161
5778
5401
4696
4405
4670
5038
5171
4931
4233
3286
2325
1543
971
426
-128
-599
-1170
-1962
-2931
-3823
-4132
-3856
-3436
-3255
-3601
-4036
-4291
-4001
-3630
-3454
-3020
-2683
-2765
-2783
-2645
-2758
-2506
-1958
-1797
-1833
-1848
-2267
-2815
-2868
-2610
-2516
-2675
-3018
-3591
-4110
-4349
-4248
-4209
-4146
-4143
-4422
-4619
-4436
-4249
-4034
-3555
-3049
-2639
-2205
-1866
-1628
-1091
-294
190
570
767
982
1277
1824
2528
3160
3550
3719
3950
4309
4926
5601
6243
6743
6972
7175
7616
8108
8754
9653
10026
10391
10895
10008
8042
6797
6596
7305
7797
6343
3483
1303
-134
-873
-679
-519
-1321
-3064
-5156
-6211
-5867
-5244
-4886
-4792
-4722
-4633
-4732
-4745
-3941
-2511
-1212
-169
513
749
838
1181
2047
3554
4894
5142
4646
4023
3753
3963
4278
4489
4291
3505
2266
1243
523
99
-210
-629
-1118
-1787
-2737
-3738
-4287
-4265
-3878
-3533
-3588
-3954
-4293
-4346
-4326
-4247
-3759
-2986
-2837
-2930
-3153
-3426
-3091
-2301
-1922
-1824
-1720
-2202
-2884
-2948
-2674
-2462
-2430
-2762
-3332
-3881
-4120
-4159
-4208
-4024
-3853
-4115
-4387
-4450
-4366
-4132
-3530
-2891
-2513
-2194
-1989
-1841
-1185
-375
209
645
841
926
1334
1991
2586
3204
3610
3743
4057
4777
5471
5958
6241
6491
6963
7650
8067
8035
8492
9341
9795
10187
10481
9644
8211
7001
6368
6865
7408
6159
3793
1646
99
-548
-545
-767
-1278
-2569
-4481
-5436
-5311
-4977
-4596
-4482
-4470
-4137
-4097
-4250
-3627
-2489
-1301
-170
528
847
1066
1216
1881
3256
4354
4754
4495
3903
3674
3807
3933
4070
4010
3342
2331
1356
534
73
-227
-682
-1121
-1656
-2604
-3435
-4044
-4237
-3938
-3575
-3581
-3757
-4077
-4198
-4152
-4230
-3778
-3133
-2911
-2831
-2885
-3289
-3231
-2636
-2438
-2156
-1902
-2377
-2964
-3100
-3085
-2946
-2833
-3087
-3498
-3966
-4319
-4521
-4607
-4521
-4299
-4353
-4490
-4481
-4582
-4572
-4055
-3431
-2937
-2336
-2212
-2025
-1414
-756
-252
237
560
744
1168
1680
2168
2681
3182
3457
3958
4516
4805
5067
5527
6172
6851
7253
7246
7291
7741
8367
9120
9722
9996
9596
8014
6327
6029
6622
6996
6112
4000
2013
458
-736
-1038
-719
-1019
-2281
-4158
-5468
-5323
-4879
-4983
-4809
-4382
-4312
-4316
-4385
-4041
-2927
-1871
-908
66
630
675
728
1235
2396
3717
4237
4073
3715
3283
3115
3376
3575
3650
3188
2175
1243
537
-43
-497
-850
-1247
-1680
-2412
-3363
-4015
-4273
-4179
-3865
-3656
-3697
-3974
-4288
-4334
-4192
-4152
-3919
-3280
-2951
-2976
-3232
-3666
-3559
-2877
-2306
-2252
-2473
-2883
-3359
-3507
-3351
-3129
-3178
-3538
-3937
-4309
-4541
-4607
-4690
-4731
-4502
-4431
-4536
-4642
-4588
-4353
-3873
-3114
-2589
-2124
-1801
-1616
-1300
-794
-219
250
592
1023
1356
1476
1835
2459
3054
3569
3985
4206
4611
5199
5746
6143
6461
6715
7060
7587
8260
8758
8889
9205
9137
7961
6484
5749
5825
6273
5753
3821
1683
139
-799
-1185
-1214
-1525
-2620
-4377
-5489
-5453
-4960
-4998
-5024
-4920
-4571
-4268
-4177
-3924
-3057
-2079
-1172
-227
467
795
860
1191
2110
3340
3965
3934
3529
3129
3089
3192
3230
3227
2841
1840
960
275
-194
-627
-1195
-1674
-1965
-2504
-3345
-3933
-4281
-4200
-3908
-3682
-3614
-3691
-3949
-4029
-4030
-3980
-3438
-2996
-2836
-2703
-3004
-3374
-3056
-2611
-2311
-2023
-2197
-2767
-3076
-3215
-3209
-2928
-2968
-3337
-3689
-4113
-4325
-4315
-4344
-4306
-4211
-4233
-4166
-4131
-4111
-3810
-3335
-2764
-2222
-1726
-1496
-1135
-665
-240
259
673
956
1292
1677
2051
2543
2984
3384
3780
4009
4284
4792
5487
6213
6766
6771
6776
6962
7448
8235
9091
9663
9874
9441
7986
6507
5956
6351
7033
6569
4481
2328
796
-393
-633
-569
-816
-1581
-3159
-4685
-5033
-4703
-4596
-4290
-3912
-3538
-3427
-3826
-3871
-2858
-1530
-370
632
959
1020
1052
1370
2383
3748
4446
4440
4059
3487
3309
3349
3450
3640
3543
2700
1737
821
71
-263
-629
-872
-1067
-1602
-2593
-3427
-3747
-3575
-3119
-2872
-2860
-3012
-3295
-3352
-2916
-2428
-2372
-2606
-2460
-2103
-1959
-1951
-2268
-2420
-1960
-1588
-1815
-2033
-2338
-2893
-3007
-2724
-2647
-2789
-3277
-3920
-4165
-4007
-3828
-3851
-4005
-4029
-3848
-3780
-3647
-3294
-3075
-2708
-2140
-1650
-1248
-902
-606
-188
546
975
1116
1189
1360
1775
2292
2735
3176
3449
3598
3908
4275
4770
5553
6123
6317
6552
6949
7305
7615
7895
8254
8793
9479
9603
8368
6753
5978
6050
6471
6292
4762
2829
1344
138
-592
-674
-786
-1469
-2701
-3945
-4540
-4402
-4375
-4356
-4049
-3568
-3300
-3379
-3422
-2882
-1929
-967
17
768
1092
1094
1241
1867
2967
3774
3954
3725
3333
3041
2955
3038
3070
2967
2454
1623
905
281
-315
-759
-1067
-1305
-1772
-2509
-3181
-3497
-3530
-3339
-3090
-2964
-3003
-3133
-3178
-3239
-3226
-2955
-2529
-2108
-1921
-2049
-2425
-2784
-2545
-1939
-1668
-1648
-1889
-2636
-3044
-2902
-2801
-2855
-2883
-3239
-3885
-4149
-4170
-4237
-4262
-4112
-4016
-4011
-3931
-3905
-3876
-3583
-2925
-2351
-1867
-1463
-1234
-1050
-355
373
747
930
961
1064
1503
2157
2536
2711
2874
3260
3827
4345
4647
4898
5199
5737
6365
6702
7077
7289
7130
7536
8374
8955
9012
8036
6451
5803
6175
6440
5947
4371
2599
1583
790
55
-338
-984
-1755
-2601
-3405
-3751
-3664
-4118
-4524
-4143
-3526
-3060
-3032
-3295
-2906
-2029
-1126
-216
542
786
833
1085
1662
2654
3306
3243
3041
2908
2811
2920
2835
2592
2296
1781
1290
828
215
-557
-1131
-1534
-1700
-1877
-2489
-3193
-3633
-3801
-3612
-3277
-3156
-3135
-3254
-3432
-3444
-3591
-3543
-2893
-2311
-2358
-2479
-2837
-3216
-2956
-2505
-2386
-2177
-2089
-2772
-3379
-3481
-3470
-3471
-3358
-3372
-3761
-4250
-4665
-4944
-4873
-4428
-4165
-4266
-4270
-4282
-4371
-4108
-3465
-2824
-2349
-1979
-1806
-1548
-1006
-444
-103
197
412
573
842
1272
1701
2056
2433
2784
3076
3590
3988
4036
4265
4778
5362
5734
5782
5747
6001
6546
7015
7458
7667
7229
5991
4794
4505
4990
5156
4308
2747
1457
772
-81
-1043
-1393
-1453
-1973
-2780
-3594
-4101
-4206
-4261
-4279
-3744
-3139
-3074
-3427
-3441
-2738
-1781
-1018
-484
12
246
300
622
1222
1929
2302
2264
2178
2199
2100
1821
1641
1589
1502
1159
482
-105
-615
-1153
-1467
-1584
-1709
-2027
-2679
-3262
-3423
-3327
-3254
-3127
-2944
-3086
-3555
-4019
-3849
-3254
-2797
-2692
-2965
-3110
-3077
-3126
-3076
-2720
-2444
-2409
-2610
-3023
-3219
-3347
-3515
-3483
-3230
-3283
-3702
-4226
-4556
-4549
-4326
-4086
-3992
-4052
-4156
-4215
-4077
-3641
-3065
-2736
-2405
-1956
-1624
-1200
-730
-485
-333
32
402
762
1188
1513
1608
1917
2439
2904
3456
3896
4194
4357
4752
5123
5427
5840
6093
6114
6328
6862
7047
7197
7198
6492
5635
5397
5070
4695
4438
3553
2345
1374
596
5
-504
-1013
-1616
-2187
-2636
-2967
-3301
-3411
-3344
-3351
-3228
-2896
-2718
-2562
-2255
-1762
-1103
-514
-35
238
500
811
1266
1694
2007
2220
2181
1995
1914
1907
1847
1720
1475
1006
569
159
-302
-720
-1047
-1344
-1636
-2036
-2446
-2767
-2971
-3016
-2959
-2914
-3068
-3417
-3594
-3551
-3405
-2958
-2788
-3075
-3137
-3087
-3160
-2879
-2512
-2477
-2614
-2717
-2792
-2888
-2838
-2921
-3106
-3297
-3250
-3359
-3691
-3886
-4046
-4294
-4206
-3962
-4127
-4218
-4168
-4200
-3960
-3473
-3113
-2881
-2573
-2216
-1747
-1223
-687
-378
-312
-238
115
624
1229
1684
1823
1943
2300
2566
3121
3681
3926
4349
4699
4750
4848
5086
5240
5627
6292
6573
6499
6424
6226
5944
5687
5580
5462
4953
4088
3131
2259
1931
1728
1147
318
-495
-1522
-2134
-2083
-2029
-2148
-2484
-2989
-3159
-3027
-2810
-2478
-2154
-1817
-1363
-996
-790
-448
-169
232
867
1402
1716
1787
1593
1437
1679
1991
2186
2044
1598
1081
858
641
458
277
-120
-613
-899
-1214
-1553
-1777
-2077
-2263
-2207
-2202
-2491
-2899
-2986
-2985
-2898
-2604
-2415
-2593
-2691
-2789
-2802
-2390
-2118
-2218
-2284
-2290
-2379
-2327
-2316
-2340
-2290
-2439
-2568
-2625
-2826
-3021
-3081
-3222
-3201
-3078
-3237
-3406
-3436
-3357
-3116
-2800
-2552
-2356
-2159
-1926
-1488
-963
-470
-60
86
131
445
837
1187
1642
1991
2200
2419
2634
2962
3443
3907
4062
4132
4473
4655
4856
4989
4850
4895
4942
4913
4744
4610
4835
5145
4563
3954
3556
2864
2840
3088
2607
2164
1660
552
-95
-54
-137
-298
-426
-806
-1180
-1484
-1700
-1589
-1357
-1181
-918
-933
-946
-884
-923
-793
-229
189
401
438
276
149
212
370
673
916
829
579
200
-58
40
49
-101
-68
-220
-543
-845
-1232
-1445
-1412
-1268
-1291
-1290
-1570
-1981
-2154
-2259
-1948
-1519
-1604
-1826
-2028
-2433
-2513
-2233
-2136
-2001
-1915
-2261
-2594
-2635
-2703
-2626
-2488
-2526
-2532
-2669
-2926
-3075
-3135
-3035
-2841
-2752
-2840
-2900
-3096
-3233
-2973
-2683
-2449
-2313
-2333
-2268
-2105
-1950
-1624
-1133
-764
-431
-245
-237
-274
-210
-8
429
881
1210
1274
1167
1182
1570
2046
2412
2919
3227
3279
3403
3587
3721
4026
4300
4466
4711
4836
4781
4774
4855
5045
4948
4324
4040
4061
3900
3698
3169
2477
2147
1799
1473
1157
740
109
-430
-620
-669
-818
-1166
-1586
-1700
-1544
-1304
-1111
-1075
-1305
-1284
-1098
-711
-168
16
-122
-251
-137
177
478
571
545
374
312
264
276
219
132
-178
-543
-584
-570
-786
-1369
-1760
-1857
-1680
-1701
-1944
-2258
-2549
-2579
-2550
-2564
-2559
-2678
-2930
-2950
-2793
-2621
-2677
-2855
-2989
-2826
-2627
-2633
-2818
-2949
-2967
-3004
-3069
-3158
-3260
-3368
-3610
-3690
-3655
-3684
-3797
-4007
-4055
-4030
-3963
-3927
-3993
-3994
-3858
-3634
-3452
-3235
-2992
-2889
-2561
-2133
-1918
-1754
-1673
-1659
-1449
-1040
-710
-516
-403
-234
40
349
816
1262
1405
1453
1648
1884
2304
2596
2590
2566
2566
2533
2688
2973
3222
3631
3624
3098
2532
2209
2381
2599
2488
2301
1800
1095
560
259
146
196
57
-415
-853
-1330
-1697
-1655
-1401
-1316
-1277
-1451
-1719
-1880
-1863
-1583
-1251
-923
-685
-578
-746
-1027
-1004
-646
-152
123
120
-198
-626
-864
-780
-495
-410
-678
-1116
-1434
-1533
-1653
-1855
-2122
-2241
-2168
-2248
-2436
-2714
-3140
-3332
-3303
-3075
-2730
-2652
-3003
-3351
-3339
-3057
-2732
-2561
-2495
-2491
-2594
-2652
-2622
-2538
-2470
-2441
-2541
-2599
-2562
-2815
-3074
-2980
-2818
-2678
-2602
-2809
-3055
-3056
-2997
-2755
-2366
-2173
-2134
-2215
-2141
-1804
-1460
-1067
-666
-457
-389
-227
-105
47
447
883
1244
1576
1719
1689
1804
2233
2742
3229
3500
3428
3272
3382
3552
3772
4109
4223
4023
3813
3627
3685
3957
4308
4684
4578
3955
3409
3194
3336
3641
3688
3313
2841
2261
1915
1962
2022
1956
1592
1112
903
734
393
396
444
440
534
510
314
162
217
328
641
781
837
909
739
469
452
756
1047
1253
1033
669
585
512
497
714
823
701
441
13
-256
-260
-305
-408
-369
-429
-657
-956
-1323
-1388
-1197
-1124
-1081
-1148
-1307
-1407
-1562
-1522
-1167
-963
-978
-1097
-1252
-1388
-1422
-1387
-1280
-1126
-1276
-1491
-1707
-1854
-1730
-1645
-1746
-1728
-1725
-1865
-1946
-1994
-1977
-1853
-1627
-1472
-1224
-1065
-1029
-970
-808
-575
-344
-165
24
194
388
658
961
1186
1441
1669
1811
2039
2201
2370
2600
2791
2997
3230
3247
3167
3169
3227
3380
3475
3370
3146
3167
3340
3610
3617
3396
2995
2646
2677
2903
3109
3085
2629
2057
1655
1627
2117
2476
2341
1783
1116
699
918
1408
1609
1511
1044
544
519
624
733
892
953
848
835
655
352
248
278
598
943
937
607
286
-55
-72
168
325
553
528
48
-416
-633
-581
-365
-204
-288
-434
-763
-1087
-1267
-1316
-1102
-891
-987
-1096
-1304
-1621
-1705
-1541
-1376
-1060
-944
-1229
-1487
-1552
-1621
-1450
-1191
-1021
-957
-1171
-1391
-1499
-1452
-1266
-1018
-1038
-1071
-1081
-1330
-1429
-1322
-1234
-1051
-823
-749
-743
-772
-848
-770
-552
-364
-206
-118
-156
-136
-50
105
471
718
772
932
987
1051
1325
1555
1678
1682
1689
1620
1767
1830
1883
1895
1813
1908
1962
2042
2103
2029
1849
1974
2056
2060
2121
1948
1528
1283
1457
1548
1646
1603
1271
1101
998
865
885
803
727
771
642
485
489
368
192
163
75
268
591
411
-81
-345
-327
-27
391
459
191
-52
-165
-314
-226
50
298
221
-74
-253
-274
-197
-133
-246
-368
-317
-523
-776
-706
-770
-906
-914
-998
-997
-1067
-1280
-1528
-1431
-1335
-1247
-1228
-1398
-1486
-1584
-1593
-1451
-1227
-1198
-1224
-1260
-1353
-1342
-1254
-1216
-1095
-1048
-1070
-1079
-1124
-1114
-1128
-1063
-868
-692
-600
-555
-446
-425
-268
-52
99
186
229
246
309
471
594
732
880
1023
1106
1234
1328
1501
1630
1829
2092
2170
2281
2410
2427
2520
2719
2768
2742
2601
2532
2611
2733
2929
3050
3072
3025
2943
2932
3090
3210
3246
3228
3074
2915
2889
2920
2913
2927
2624
2327
2432
2489
2549
2520
2143
1857
1772
1665
1848
1911
1623
1419
1125
881
939
1068
1065
1033
809
652
696
774
848
846
634
425
399
392
544
730
577
278
158
121
128
201
-2
-212
-323
-372
-403
-534
-592
-642
-855
-1038
-938
-896
-850
-876
-1088
-1134
-999
-948
-1017
-996
-1035
-1060
-1083
-1071
-958
-989
-1097
-1133
-1027
-999
-901
-947
-1020
-968
-916
-863
-809
-738
-696
-686
-675
-537
-404
-376
-365
-422
-449
-413
-418
-384
-285
-148
-77
81
222
283
371
522
698
908
1147
1212
1244
1177
1224
1302
1418
1436
1455
1449
1440
1439
1337
1454
1517
1530
1527
1672
1697
1588
1620
1661
1801
2013
2004
1989
1952
1844
1801
1866
1960
1925
1765
1604
1476
1587
1592
1523
1271
1045
938
731
627
744
764
530
345
238
326
386
327
151
40
-52
-58
58
138
200
21
-163
-130
-20
-13
27
-112
-146
7
-40
-179
-226
-358
-519
-519
-452
-414
-433
-639
-849
-922
-913
-801
-780
-801
-779
-801
-884
-906
-864
-906
-737
-610
-578
-509
-543
-631
-567
-457
-306
-146
-134
-229
-253
-233
-196
-63
26
114
114
31
-40
-56
-47
47
220
301
321
366
346
465
687
836
934
1083
1128
1176
1250
1356
1519
1680
1779
1802
1821
1796
1835
1892
2114
2296
2307
2309
2303
2296
2309
2479
2614
2717
2784
2737
2646
2517
2431
2439
2527
2632
2689
2602
2449
2345
2268
2310
2379
2483
2509
2351
2060
1874
1969
1993
2135
2073
1773
1711
1622
1548
1664
1731
1667
1564
1495
1429
1476
1476
1291
1252
1287
1255
1117
982
869
851
836
814
770
711
569
366
341
444
524
420
343
270
204
235
202
150
179
119
26
73
149
205
119
30
40
81
153
261
282
210
272
350
433
496
549
564
581
721
784
778
818
843
926
1088
1091
1143
1126
1171
1208
1263
1389
1516
1665
1669
1793
1872
1953
2097
2202
2283
2395
2446
2464
2493
2473
2511
2582
2623
2602
2626
2625
2584
2643
2722
2785
2739
2685
2703
2766
2731
2670
2535
2446
2457
2494
2526
2362
2177
2002
1912
1861
1927
1957
1869
1767
1596
1611
1653
1596
1556
1485
1464
1369
1394
1304
1136
1018
932
932
1018
1141
1089
1012
817
823
848
906
892
777
689
504
451
451
515
523
367
253
245
221
234
317
239
153
136
17
41
104
40
-64
-61
-8
96
140
54
-65
-113
-54
74
113
120
47
-137
-240
-214
-148
-131
-136
-269
-382
-379
-378
-337
-229
-168
-166
-82
-57
-34
-1
37
34
86
150
183
197
116
18
-52
-4
39
25
13
-31
13
9
46
158
206
201
178
201
270
271
225
156
153
216
210
273
209
191
151
207
183
148
186
185
174
236
266
186
203
195
164
161
67
-4
-94
-251
-292
-231
-250
-302
-344
-432
-508
-592
-671
-757
-795
-763
-792
-925
-1008
-990
-1068
-1133
-1112
-1128
-1127
-1141
-1137
-1131
-1110
-1160
-1104
-1065
-1076
-1025
-1077
-1113
-1079
-1076
-1094
-996
-987
-976
-949
-951
-931
-792
-684
-684
-694
-715
-759
-723
-680
-669
-601
-654
-648
-638
-599
-566
-559
-560
-499
-483
-430
-281
-259
-312
-259
-216
-180
-26
35
68
-59
-165
-150
-121
-92
-64
-72
-128
-180
-206
-174
-129
-121
-130
-99
-93
-99
-83
-26
9
44
63
79
84
104
108
115
82
119
206
265
360
470
546
586
693
792
820
885
908
872
862
764
695
591
431
137
-132
-278
-420
-577
-821
-1022
-1096
-1119
-1081
-941
-838
-755
-624
-531
-322
-67
39
160
233
360
473
650
762
822
940
951
1018
1130
1338
1422
1524
1533
1629
1705
1699
1751
1750
1905
2000
2101
2163
2098
1998
1990
2008
1989
1992
1934
1889
1776
1713
1644
1523
1428
1360
1306
1330
1330
1248
1115
991
944
960
1069
1112
1048
948
927
894
957
1030
1090
1124
1225
1297
1313
1391
1420
1416
1381
1425
1491
1475
1440
1347
1285
1262
1295
1417
1480
1577
1646
1695
1683
1694
1768
1801
1765
1785
1812
1794
1813
1696
1532
1564
1567
1633
1749
1708
1657
1539
1564
1571
1599
1653
1620
1578
1483
1451
1415
1365
1311
1215
1221
1303
1207
1152
1072
1039
1043
1129
1180
1227
1156
1003
875
816
879
931
897
758
646
532
501
482
464
424
443
412
377
311
228
190
184
207
301
381
377
312
261
261
260
348
353
278
213
150
128
127
110
162
153
110
128
135
70
25
38
21
79
97
123
110
37
-57
-79
-39
29
85
84
33
59
93
78
112
196
184
164
137
148
132
78
88
-1
49
55
-1
-28
-82
-113
-97
-51
-106
-79
-27
-63
-89
-124
-177
-177
-143
-136
-140
-107
-155
-205
-218
-170
-167
-184
-100
-100
-196
-194
-201
-187
-155
-77
-113
-142
-127
-235
-238
-237
-267
-321
-319
-321
-367
-425
-502
-549
-597
-549
-530
-500
-518
-622
-688
-678
-656
-586
-504
-537
-581
-581
-504
-535
-508
-490
-602
-595
-656
-628
-626
-669
-701
-775
-710
-704
-662
-642
-723
-750
-791
-766
-744
-744
-722
-780
-758
-773
-772
-796
-766
-761
-773
-733
-733
-690
-724
-697
-668
-638
-588
-644
-662
-636
-665
-696
-695
-661
-655
-652
-681
-712
-731
-682
-693
-711
-669
-717
-738
-740
-746
-737
-741
-673
-623
-613
-620
-626
-620
-634
-586
-569
-592
-631
-637
-681
-694
-689
-689
-689
-746
-814
-899
-906
-816
-818
-812
-818
-879
-852
-847
-795
-776
-774
-772
-810
-830
-854
-844
-840
-842
-846
-818
-825
-869
-835
-837
-820
-770
-738
-738
-716
-758
-752
-796
-819
-758
-637
-645
-685
-660
-696
-654
-623
-598
-584
-558
-537
-511
-446
-442
-463
-383
-330
-340
-277
-270
-288
-241
-229
-211
-167
-134
-125
-153
-191
-177
-117
-89
-32
-73
-87
-37
-52
-56
-40
-23
-28
-60
-52
-49
-80
-22
-1
-61
28
84
123
124
73
143
136
169
186
157
166
162
139
145
226
245
226
181
166
133
94
146
152
154
155
212
164
128
180
153
213
239
234
260
229
190
156
141
169
199
227
218
267
262
251
223
201
271
268
261
205
186
140
151
199
158
124
142
140
75
101
107
137
137
155
167
92
130
141
206
218
213
253
157
118
171
189
261
344
300
294
265
256
257
213
268
297
289
260
273
246
226
243
256
242
277
278
239
158
120
116
164
176
202
172
111
108
89
149
150
148
163
129
93
81
57
114
104
85
92
68
99
77
65
100
85
105
54
27
61
-8
-28
-18
-1
40
82
43
3
20
-10
-24
2
68
93
124
82
3
2
62
51
36
78
31
0
-69
-32
5
-49
-67
-83
-26
13
-40
-29
-70
-108
-139
-188
-181
-224
-235
-263
-320
-290
-264
-238
-209
-262
-261
-284
-253
-247
-249
-225
-201
-266
-282
-289
-293
-257
-348
-356
-341
-328
-318
-317
-323
-327
-323
-335
-278
-247
-273
-295
-330
-366
-357
-309
-309
-317
-320
-331
-376
-335
-272
-264
-244
-195
-197
-261
-278
-268
-216
-266
-221
-185
-173
-216
-220
-259
-254
-209
-176
-150
-131
-89
-153
-131
-170
-139
-101
-85
-67
-51
-60
-84
-144
-108
-132
-140
-84
-79
-121
-188
-201
-190
-183
-191
-135
-109
-140
-170
-144
-108
-104
-116
-74
-23
-99
-63
-37
-58
-33
-8
18
9
25
43
9
3
26
48
32
17
61
90
3
-34
-18
-91
-61
-30
-60
-74
-84
-80
-60
-40
-6
-2
-8
14
33
72
49
21
4
-31
-3
-8
20
-4
-36
-40
-67
-9
-41
-83
-48
-69
-129
-139
-122
-144
-143
-125
-156
-185
-193
-249
-273
-314
-312
-280
-297
-310
-347
-355
-370
-375
-393
-383
-410
-426
-414
-475
-489
-485
-490
-527
-543
-572
-593
-575
-595
-607
-551
-531
-603
-609
-620
-569
-574
-549
-506
-511
-515
-527
-517
-467
-483
-473
-508
-511
-560
-546
-572
-613
-568
-555
-520
-551
-496
-539
-538
-480
-453
-427
-403
-350
-348
-322
-342
-353
-308
-315
-305
-300
-301
-268
-231
-145
-107
-101
-103
-131
-85
-56
-58
-76
-72
-69
0
-40
-32
51
61
-15
-17
14
35
38
30
17
-2
68
32
15
57
66
4
29
41
29
68
69
21
53
75
48
-42
-49
-41
-56
-44
-88
-134
-124
-137
-135
-70
-110
-122
-120
-66
-79
-87
-17
-29
-33
-53
-86
-78
-115
-129
-145
-177
-217
-226
-273
-301
-319
-340
-341
-358
-351
-351
-344
-367
-386
-395
-411
-447
-414
-457
-468
-490
-539
-555
-524
-519
-519
-467
-485
-498
-500
-492
-510
-524
-537
-518
-537
-594
-610
-625
-605
-590
-659
-659
-654
-666
-658
-665
-649
-695
-662
-632
-601
-586
-647
-626
-619
-640
-626
-598
-600
-566
-562
-580
-546
-526
-490
-493
-456
-403
-398
-422
-390
-407
-410
-391
-417
-406
-399
-421
-417
-408
-421
-416
-392
-370
-389
-396
-367
-347
-338
-336
-297
-310
-329
-343
-368
-387
-409
-373
-373
-369
-423
-407
-427
-484
-456
-483
-506
-477
-480
-512
-510
-517
-532
-537
-542
-577
-528
-515
-564
-534
-585
-592
-555
-584
-524
-541
-611
-599
-564
-552
-514
-564
-608
-625
-599
-617
-667
-647
-638
-676
-660
-658
-665
-641
-673
-681
-762
-714
-647
-662
-681
-708
-714
-716
-738
-735
-751
-797
-747
-731
-782
-771
-719
-736
-736
-734
-751
-725
-727
-702
-735
-724
-675
-733
-741
-754
-714
-704
-746
-730
-701
-674
-656
-669
-687
-712
-723
-700
-720
-712
-706
-718
-736
-745
-725
-725
-702
-644
-662
-659
-649
-697
-663
-680
-677
-661
-679
-666
-652
-693
-721
-747
-742
-773
-786
-811
-845
-839
-881
-882
-862
-896
-894
-880
-917
-937
-879
-872
-887
-832
-810
-854
-870
-815
-848
-813
-807
-829
-791
-752
-755
-784
-773
-752
-777
-769
-761
-783
-763
-779
-798
-772
-801
-812
-788
-855
-814
-818
-814
-879
-881
-851
-875
-845
-883
-868
-836
-842
-855
-808
-810
-844
-852
-864
-879
-839
-891
-871
-871
-883
-867
-858
-815
-865
-874
-877
-875
-865
-813
-834
-802
-772
-777
-724
-761
-762
-744
-757
-781
-796
-744
-739
-728
-709
-681
-709
-686
-694
-684
-649
-721
-683
-701
-745
-737
-678
-677
-683
-692
-694
-669
-714
-689
-671
-628
-625
-624
-643
-637
-654
-646
-596
-611
-597
-597
-581
-588
-612
-612
-614
-633
-650
-623
-643
-655
-661
-614
-590
-666
-682
-650
-675
-701
-648
-661
-664
-686
-672
-700
-647
-631
-666
-663
-681
-652
-664
-638
-663
-644
-651
-671
-641
-656
-676
-665
-644
-633
-639
-651
-615
-646
-643
-648
-644
-638
-640
-661
-703
-696
-644
-630
-651
-678
-699
-683
-682
-680
-672
-692
-675
-670
-715
-690
-678
-634
-624
-631
-620
-625
-641
-641
-656
-698
-680
-681
-671
-680
-680
-641
-658
-649
-620
-645
-616
-642
-650
-645
-625
-608
-598
-609
-577
-569
-553
-552
-543
-546
-553
-549
-519
-539
-484
-464
-520
-470
-489
-474
-479
-454
-410
-449
-427
-401
-388
-358
-398
-374
-357
-357
-324
-330
-343
-315
-342
-311
-301
-311
-296
-292
-278
-290
-246
-255
-277
-290
-252
-315
-297
-296
-296
-234
-208
-219
-250
-229
-218
-186
-207
-231
-221
-236
-274
-257
-205
-178
-164
-149
-179
-166
-197
-178
-159
-203
-168
-184
-160
-135
-134
-103
-91
-99
-134
-75
-65
-84
-69
-109
-124
-131
-57
-101
-104
-108
-143
-126
-145
-108
-126
-140
-136
-148
-160
-128
-109
-81
-114
-145
-158
-140
-168
-148
-157
-194
-177
-204
-150
-148
-114
-107
-140
-153
-145
-93
-78
-75
-89
-79
-155
-122
-112
-76
-46
-81
-68
-98
-74
-85
-69
-88
-36
-41
-36
23
15
-22
-56
-27
-65
-41
-39
-71
-44
-53
-65
-51
-50
-71
-84
-59
-87
-60
-62
-102
-107
-77
-92
-84
-123
-93
-116
-121
-106
-141
-132
-105
-89
-69
-42
-40
-87
-98
-134
-124
-105
-105
-113
-143
-110
-141
-145
-111
-140
-113
-95
-115
-109
-90
-112
-140
-79
-150
-78
-93
-99
-89
-96
-78
-109
-87
-99
-54
-74
-63
-54
-63
-60
-69
-71
-71
-72
-81
-67
-88
-72
-56
-78
-52
-37
-98
-65
-69
-59
-108
-149
-120
-90
-119
-116
-86
-96
-137
-174
-158
-178
-188
-195
-166
-141
-142
-140
-115
-86
-122
-119
-89
-74
-119
-159
-139
-146
-120
-139
-111
-131
-117
-99
-99
-75
-115
-100
-90
-132
-171
-129
-116
-132
-75
-106
-115
-80
-92
-125
-96
-92
-100
-105
-139
-110
-113
-110
-133
-118
-150
-170
-120
-121
-131
-118
-139
-163
-158
-174
-171
-234
-224
-212
-205
-212
-207
-175
-197
-187
-209
-186
-235
-233
-205
-202
-189
-191
-216
-191
-206
-214
-178
-215
-174
-192
-203
-221
-242
-253
-268
-255
-224
-222
-227
-209
-213
-263
-226
-217
-200
-213
-201
-199
-196
-213
-254
-219
-238
-254
-251
-251
-243
-237
-229
-222
-239
-221
-230
-224
-240
-249
-293
-258
-254
-249
-235
-261
-252
-254
-286
-279
-252
-254
-271
-258
-226
-202
-189
-198
-203
-186
-202
-256
-232
-239
-225
-211
-173
-202
-194
-186
-215
-185
-224
-176
-166
-197
-228
-212
-196
-219
-177
-203
-224
-239
-218
-201
-193
-217
-260
-213
-217
-259
-226
-218
-243
-176
-219
-268
-213
-184
-199
-200
-192
-203
-170
-162
-180
-197
-234
-220
-197
-205
-169
-177
-168
-155
-153
-166
-181
-211
-159
-187
-157
-136
-157
-144
-145
-110
-140
-167
-171
-105
-128
-91
-102
-103
-131
-101
-100
-122
-96
-90
-93
-121
-75
-92
-126
-105
-96
-104
-108
-110
-128
-145
-133
-138
-100
-110
-124
-108
-106
-91
-105
-91
-133
-139
-131
-113
-115
-179
-171
-132
-144
-168
-120
-159
-152
-170
-174
-143
-141
-158
-151
-135
-91
-137
-163
-167
-204
-155
-157
-170
-230
-175
-170
-216
-160
-186
-171
-197
-197
-171
-173
-180
-188
-177
-185
-181
-196
-183
-183
-175
-164
-159
-150
-161
-162
-157
-152
-153
-161
-164
-158
-164
-184
-198
-200
-215
-220
-207
-200
-228
-226
-210
-190
-261
-222
-211
-238
-254
-249
-241
-285
-272
-275
-267
-263
-267
-247
-273
-321
-274
-270
-290
-289
-285
-309
-270
-289
-309
-244
-255
-267
-264
-297
-285
-261
-263
-256
-263
-255
-283
-275
-239
-284
-236
-216
-229
-207
-245
-296
-273
-209
-244
-243
-262
-277
-223
-256
-296
-251
-256
-273
-246
-245
-268
-265
-277
-286
-274
-284
-310
-309
-295
-298
-314
-310
-306
-279
-252
-322
-296
-314
-281
-288
-319
-314
-297
-303
-333
-295
-316
-258
-251
-283
-291
-303
-316
-317
-278
-286
-334
-285
-255
-287
-314
-286
-314
-310
-333
-314
-290
-305
-288
-260
-306
-317
-276
-323
-245
-276
-276
-289
-269
-248
-298
-272
-299
-308
-294
-252
-309
-332
-279
-317
-305
-293
-302
-306
-282
-272
-247
-277
-305
-291
-265
-279
-307
-261
-293
-266
-279
-270
-234
-276
-274
-230
-245
-264
-245
-286
-235
-236
-266
-317
-288
-243
-274
-248
-234
-246
-244
-225
-233
-213
-251
-250
-221
-234
-224
-236
-213
-215
-242
-246
-242
-211
-216
-253
-234
-184
-192
-182
-186
-194
-196
-194
-167
-249
-234
-213
-260
-270
-253
-245
-260
-220
-213
-190
-238
-184
-190
-203
-214
-188
-171
-136
-154
-207
-207
-209
-167
-184
-186
-210
-209
-169
-185
-184
-170
-137
-127
-178
-155
-126
-120
-88
-98
-81
-69
-117
-85
-63
-103
-68
-52
-70
-56
-113
-100
-109
-81
-70
-76
-70
-95
-101
-85
-93
-94
-88
-72
-89
-82
-104
-115
-102
-87
-109
-167
-145
-133
-121
-138
-125
-140
-130
-120
-86
-106
-87
-51
-59
-72
-58
-57
-69
-58
-80
-77
-68
-46
-13
-1
-16
-37
-9
-18
-78
-21
-73
-49
-51
-64
-28
-89
-42
-72
-37
-4
11
13
-26
-3
-2
-50
-51
-35
-76
-54
-86
-54
-24
-19
-54
-74
-64
-104
-94
-122
-88
-97
-50
-37
-58
-62
-76
-85
-94
-67
-49
-84
-98
-92
-59
-76
-48
-10
-71
-30
-52
-61
-52
-48
-16
-38
-50
-39
-40
-65
-85
-93
-87
-95
-63
-81
-76
-56
-76
-105
-71
-74
-77
-85
-96
-79
-115
-99
-70
-64
-69
-93
-100
-91
-106
-94
-84
-74
-62
-66
-65
-49
-69
-61
-85
-95
-126
-125
-96
-108
-113
-112
-137
-158
-90
-104
-107
-115
-64
-53
-40
-46
-78
-105
-110
-105
-88
-95
-72
-55
-100
-82
-66
-63
-58
-64
-92
-119
-96
-104
-126
-169
-140
-117
-127
-118
-116
-108
-118
-82
-131
-111
-79
-122
-109
-98
-98
-105
-64
-77
-70
-111
-74
-46
-68
-61
-68
-67
-54
-79
-84
-81
-87
-133
-101
-62
-98
-74
-71
-58
-79
-67
-71
-114
-90
-55
-70
-49
-82
-57
-38
-34
14
-51
-43
-34
-44
-35
-49
-10
-44
-38
-27
-18
-53
-58
-39
33
9
-22
-8
-36
3
-22
-15
3
-19
-32
-25
-14
-14
-17
-26
41
25
12
-5
-41
-6
-2
29
15
-23
19
6
-9
-10
18
59
16
45
37
23
28
27
20
8
4
-35
30
57
55
60
40
33
27
44
51
31
31
32
28
26
1
-5
48
6
31
37
14
-33
-27
37
14
53
56
60
26
-1
-8
-9
11
-3
-6
4
-35
-46
-61
-54
-27
-13
0
2
15
-22
4
20
-31
-40
-25
-45
-38
-39
-27
-53
-43
-23
-74
-56
-35
-34
-50
-33
-15
-34
-9
-23
-47
-5
-16
-2
-14
5
0
5
7
-36
39
37
-31
-33
-49
-55
-34
-9
-20
6
29
-9
-17
2
13
-20
-37
4
5
24
13
43
69
-11
45
38
26
4
9
5
-14
61
39
47
39
39
41
36
2
32
38
51
101
55
28
83
69
54
46
42
33
22
34
41
55
28
32
36
35
82
65
55
39
21
69
59
49
43
54
88
86
56
117
71
64
73
76
70
94
114
45
60
44
28
90
51
21
84
65
64
65
107
102
90
99
96
83
75
63
64
90
95
49
57
63
39
46
58
48
58
59
48
63
101
112
73
98
49
28
44
55
55
73
66
66
89
61
61
85
77
53
52
41
17
48
52
12
52
59
32
27
10
41
41
63
78
18
24
51
22
43
62
28
21
8
2
-10
47
67
45
19
41
38
23
66
74
66
28
73
70
109
93
47
72
92
85
68
96
79
90
76
105
67
76
70
36
68
63
92
67
51
37
47
31
36
33
24
46
6
40
-6
43
37
2
22
-35
1
3
-9
-25
35
-9
-39
-3
-8
32
38
45
14
-3
41
15
25
33
-12
-12
8
29
14
20
26
41
43
42
31
36
37
47
50
63
53
74
45
18
-15
-31
38
7
21
-31
8
20
-12
31
60
33
9
11
35
19
39
44
59
55
32
50
21
30
42
31
28
39
44
13
-7
40
35
34
54
52
24
47
10
33
-4
28
88
6
41
-2
-8
35
40
34
42
49
36
17
9
35
62
56
52
65
94
59
52
73
60
73
86
22
53
64
17
45
40
21
78
71
106
48
21
74
59
54
46
109
61
98
93
96
108
57
71
55
48
56
21
13
63
15
31
35
48
71
83
112
124
102
141
116
109
147
126
148
161
186
173
142
172
150
128
140
156
130
107
106
130
106
38
76
37
62
83
84
111
85
82
97
95
65
96
112
133
177
132
70
117
124
81
52
57
67
118
107
88
113
123
98
92
92
82
128
116
111
86
87
101
144
89
89
94
77
89
92
97
109
78
85
96
90
73
96
65
72
86
88
91
114
111
141
155
108
139
142
91
77
98
77
60
49
99
111
109
106
105
114
85
77
125
90
73
111
104
73
51
99
64
74
88
41
68
52
44
53
71
52
32
46
42
45
52
48
12
42
32
21
30
-2
53
24
51
52
55
53
32
29
66
11
1
27
3
53
51
34
21
35
39
41
41
50
56
57
78
89
73
83
91
95
113
109
133
153
126
157
102
116
118
120
113
91
139
111
86
50
65
85
100
126
120
138
149
119
134
144
135
139
138
139
113
117
147
129
165
115
86
146
118
134
96
97
126
137
116
123
112
78
157
133
132
144
148
160
168
134
163
166
159
160
131
150
143
133
157
142
116
157
142
138
165
140
167
148
144
146
136
125
159
148
122
171
146
176
163
144
154
150
124
132
127
97
112
137
170
151
147
122
144
138
96
110
133
120
87
107
88
122
132
128
122
130
135
144
159
94
98
126
95
71
66
71
95
92
106
97
102
86
118
118
62
86
74
35
73
52
52
42
37
37
76
74
75
79
65
81
71
78
69
42
94
88
98
117
103
44
77
64
43
56
61
71
24
98
101
114
89
88
110
70
122
116
91
66
50
49
20
26
