-138
-121
-138
-116
-172
-149
-127
-135
-171
-118
-140
-218
-177
-164
-117
-139
-156
-91
-122
-96
-124
-156
-165
-174
-150
-155
-142
-144
-160
-137
-162
-131
-86
-120
-147
-169
-132
-143
-136
-157
-135
-129
-139
-124
-143
-144
-115
-167
-193
-183
-182
-209
-163
-143
-120
-117
-137
-147
-162
-144
-115
-113
-147
-124
-102
-113
-152
-173
-176
-121
-109
-123
-108
-101
-119
-113
-126
-121
-96
-97
-95
-90
-103
-106
-66
-65
-60
-44
-84
-139
-129
-136
-160
-109
-126
-113
-121
-104
-170
-119
-126
-139
-87
-76
-65
-97
-98
-154
-117
-90
-142
-156
-152
-157
-127
-142
-131
-169
-135
-118
-154
-126
-111
-161
-169
-128
-150
-133
-120
-123
-126
-105
-110
-137
-100
-99
-96
-90
-102
-61
-55
-87
-87
-89
-74
-34
-80
-99
-119
-170
-131
-126
-91
-78
-85
-65
-98
-108
-99
-128
-150
-74
-99
-91
-90
-117
-91
-76
-79
-111
-79
-139
-139
-98
-131
-63
-73
-109
-119
-102
-141
-159
-95
-111
-100
-125
-90
-91
-82
-52
-66
-77
-100
-64
-44
-112
-127
-105
-115
-131
-98
-124
-117
-97
-135
-98
-89
-91
-118
-92
-82
-108
-90
-114
-148
-93
-122
-92
-81
-67
-99
-67
-77
-105
-98
-94
-91
-103
-94
-108
-63
-61
-89
-51
-51
-36
-46
-92
-86
-87
-91
-121
-58
-51
-82
-35
-64
-33
-52
-60
-33
-71
-22
-96
-69
-56
-93
-97
-91
-92
-88
-126
-104
-61
-88
-71
-113
-112
-92
-80
-93
-77
-107
-88
-52
-70
-70
-92
-85
-81
-97
-97
-66
-71
-129
-132
-88
-69
-83
-83
-97
-95
-115
-108
-67
-90
-78
-73
-70
-122
-127
-80
-72
-50
-89
-72
-62
-64
-60
-62
-98
-79
-64
-85
-51
-98
-76
-79
-101
-56
-85
-53
-83
-66
-58
-62
-64
-103
-66
-91
-52
-38
-76
-34
-38
-32
-23
-78
-38
-43
-26
-73
-58
-72
-63
-40
-61
-45
-60
-60
-59
-44
-89
-65
-69
-60
-85
-101
-119
-131
-117
-150
-144
-128
-124
-137
-134
-145
-117
-120
-109
-131
-131
-143
-161
-144
-169
-136
-126
-99
-138
-126
-120
-120
-140
-118
-125
-137
-113
-103
-139
-89
-86
-98
-90
-97
-74
-42
-47
-61
-78
-90
-77
-113
-85
-97
-61
-104
-89
-82
-96
-123
-113
-93
-82
-100
-106
-90
-111
-96
-94
-76
-101
-121
-117
-93
-131
-117
-114
-104
-95
-113
-117
-137
-100
-117
-118
-115
-51
-78
-129
-92
-95
-104
-99
-81
-127
-102
-100
-108
-74
-88
-77
-58
-67
-80
-68
-83
-86
-62
-75
-88
-91
-74
-63
-97
-90
-63
-97
-79
-96
-97
-113
-110
-90
-118
-119
-128
-112
-82
-66
-91
-44
-52
-111
-61
-79
-84
-82
-94
-93
-90
-130
-108
-113
-74
-63
-84
-90
-129
-74
-102
-113
-68
-108
-96
-52
-91
-118
-98
-72
-65
-80
-75
-94
-73
-29
-84
-66
-67
-100
-59
-74
-127
-90
-98
-125
-119
-117
-121
-64
-60
-67
-89
-86
-64
-70
-48
-78
-39
-66
-42
-39
-55
-4
-5
-70
-90
-58
-34
-22
-36
-42
-48
-19
-26
-37
-61
-68
-31
-56
-22
-54
-38
-54
-19
14
-11
-22
-4
26
-3
8
13
0
-13
5
25
34
-7
10
-35
-21
5
7
-4
4
22
-23
-9
-11
8
-1
2
-28
-2
-29
-46
2
-19
9
-39
0
35
18
20
-8
-8
-52
-26
-25
-45
-23
-39
-3
4
-38
-10
-26
-42
-38
-56
-46
-31
0
-12
-8
-24
-18
5
-18
-30
-32
-24
-41
-64
-60
-68
-92
-37
-52
-22
-21
-62
-30
-38
-65
-36
-16
-6
-37
-24
-21
-50
-73
-46
-36
-58
-25
-70
-79
-48
-24
-31
-60
-62
-32
-68
-71
-43
-45
-61
-76
-87
-70
-59
-87
-58
-77
-50
-66
-76
-76
-89
-72
-113
-82
-67
-92
-101
-84
-74
-59
-84
-80
-66
-87
-68
-85
-92
-97
-147
-123
-115
-140
-143
-114
-115
-144
-135
-133
-99
-103
-110
-121
-145
-114
-78
-87
-112
-104
-101
-85
-88
-93
-110
-105
-109
-104
-123
-77
-84
-98
-81
-120
-67
-87
-102
-58
-83
-95
-88
-74
-37
-49
-24
-40
-84
-80
-99
-64
-99
-110
-103
-89
-93
-134
-123
-106
-123
-106
-157
-166
-141
-141
-114
-88
-141
-158
-117
-129
-144
-152
-97
-126
-96
-128
-152
-123
-145
-148
-138
-98
-81
-106
-105
-131
-112
-70
-67
-98
-97
-68
-72
-82
-106
-149
-121
-88
-87
-77
-64
-72
-131
-64
-63
-72
-106
-138
-157
-137
-137
-132
-98
-97
-102
-107
-72
-96
-84
-80
-116
-111
-59
-60
-140
-98
-114
-77
-72
-92
-59
-81
-72
-89
-50
-51
-80
-50
-55
-68
-30
-16
-18
7
-24
-34
-57
-56
-30
-43
-38
-98
-88
-92
-85
-80
-49
-48
-102
-85
-79
-100
-140
-137
-133
-102
-114
-113
-90
-111
-116
-128
-83
-83
-78
-76
-64
-70
-123
-73
-97
-34
-81
-102
-105
-113
-77
-73
-81
-127
-108
-100
-86
-77
-44
-87
-76
-93
-107
-52
-71
-64
-67
-91
-109
-111
-90
-88
-111
-68
-61
-71
-76
-104
-116
-64
-57
-78
-60
-56
-79
-103
-98
-72
-107
-142
-102
-105
-111
-131
-165
-135
-105
-100
-106
-134
-116
-106
-123
-109
-56
-77
-110
-90
-76
-86
-61
-54
-86
-81
-106
-74
-53
-44
-9
-10
12
-11
-33
-29
-70
-5
-11
-14
4
-36
-33
-46
-29
-87
-65
-10
-10
-50
-10
-48
-70
0
-32
-22
-42
-48
-65
-53
-29
-34
-61
-32
-12
-50
-67
-38
-32
-59
-67
-75
-50
-32
-55
-25
-22
-31
-64
-67
-51
-81
-69
-94
-67
-87
-15
-42
-61
-71
-87
-46
-83
-55
-21
-11
-99
-53
-64
-110
-122
-60
-51
-76
-70
-69
-60
-78
-72
-59
-76
-89
-29
-26
-30
-65
-30
-51
-41
-17
-91
-33
-97
-78
-50
-46
-54
-63
-69
-60
-60
-80
-44
-59
-62
-82
-37
-63
-63
-71
-34
-19
-57
-63
-88
-53
-80
-96
-98
-85
-73
-100
-67
-69
-86
-71
-68
-56
-58
-52
-73
-80
-79
-108
-107
-98
-79
-103
-103
-86
-130
-74
-71
-47
-48
-96
-50
-49
-58
-58
-93
-91
-53
-71
-35
-86
-71
-69
-97
-112
-47
-40
-85
-15
-43
-35
-12
-58
-29
-62
-68
-39
-34
-7
-31
-32
-60
-67
-61
-53
-64
-43
-43
-69
-66
-66
-78
-71
-52
-29
-58
-65
-70
-28
-61
-83
-74
-82
-50
-48
-94
-121
-109
-105
-75
-70
-103
-87
-96
-81
-88
-112
-94
-137
-117
-104
-119
-105
-113
-121
-111
-133
-141
-151
-126
-117
-148
-192
-189
-166
-156
-124
-132
-157
-127
-166
-123
-171
-156
-94
-84
-68
-138
-122
-103
-99
-124
-130
-135
-153
-167
-164
-143
-120
-147
-129
-103
-123
-136
-146
-134
-164
-99
-110
-89
-129
-125
-127
-104
-104
-112
-93
-100
-88
-137
-94
-94
-98
-93
-86
-106
-109
-107
-124
-130
-136
-122
-98
-88
-136
-68
-102
-119
-105
-154
-110
-110
-143
-129
-161
-136
-150
-178
-131
-140
-161
-145
-125
-133
-131
-131
-150
-160
-148
-152
-153
-157
-122
-151
-156
-157
-202
-170
-162
-135
-128
-154
-177
-186
-151
-113
-140
-157
-112
-151
-123
-120
-104
-120
-140
-100
-120
-146
-151
-144
-137
-187
-158
-161
-137
-89
-122
-81
-110
-121
-117
-63
-73
-100
-101
-100
-104
-86
-75
-70
-105
-128
-87
-104
-148
-139
-119
-132
-103
-110
-118
-135
-114
-110
-162
-144
-145
-133
-153
-119
-101
-102
-123
-139
-155
-152
-140
-167
-144
-137
-170
-153
-133
-127
-101
-126
-119
-143
-131
-160
-176
-168
-142
-170
-146
-107
-129
-102
-125
-107
-78
-108
-108
-137
-116
-93
-103
-145
-110
-104
-151
-125
-134
-97
-103
-81
-95
-130
-134
-142
-139
-135
-119
-131
-90
-102
-112
-106
-123
-135
-147
-129
-119
-66
-114
-136
-81
-96
-102
-99
-119
-139
-131
-112
-108
-140
-127
-143
-170
-146
-125
-136
-143
-163
-152
-138
-127
-129
-151
-137
-90
-139
-136
-121
-150
-157
-150
-112
-150
-132
-123
-122
-102
-144
-136
-132
-151
-122
-163
-147
-149
-115
-130
-139
-107
-108
-118
-135
-137
-124
-142
-154
-155
-172
-161
-157
-147
-155
-169
-138
-160
-164
-154
-155
-166
-184
-175
-121
-122
-138
-81
-107
-160
-139
-166
-131
-163
-210
-194
-190
-177
-212
-187
-198
-171
-202
-173
-167
-220
-198
-208
-194
-214
-229
-201
-181
-181
-162
-209
-219
-198
-240
-201
-189
-184
-197
-193
-184
-172
-177
-183
-155
-188
-211
-196
-188
-181
-180
-155
-157
-160
-187
-158
-194
-212
-177
-182
-169
-174
-161
-183
-154
-153
-204
-196
-191
-230
-216
-180
-201
-208
-199
-213
-193
-237
-223
-208
-213
-215
-225
-210
-191
-164
-228
-238
-241
-215
-218
-187
-191
-205
-178
-207
-168
-172
-182
-206
-192
-152
-180
-161
-181
-201
-219
-213
-220
-234
-219
-197
-223
-246
-238
-214
-228
-219
-188
-212
-215
-201
-230
-213
-177
-213
-218
-177
-213
-202
-222
-238
-183
-185
-228
-244
-197
-187
-244
-259
-271
-267
-258
-185
-200
-192
-219
-229
-179
-214
-195
-212
-194
-220
-240
-204
-210
-221
-203
-184
-199
-215
-207
-204
-186
-205
-209
-241
-233
-185
-188
-188
-233
-246
-229
-238
-246
-229
-255
-264
-251
-217
-253
-235
-238
-275
-291
-284
-250
-267
-291
-279
-285
-259
-273
-303
-295
-286
-271
-317
-287
-238
-281
-309
-264
-264
-252
-289
-293
-261
-254
-211
-267
-276
-282
-316
-285
-258
-313
-276
-288
-316
-257
-312
-293
-322
-322
-275
-293
-326
-271
-275
-296
-265
-247
-296
-267
-253
-297
-260
-302
-263
-283
-232
-261
-254
-264
-284
-262
-247
-256
-261
-222
-231
-189
-204
-201
-173
-244
-226
-207
-224
-234
-211
-167
-211
-225
-247
-229
-229
-199
-181
-195
-186
-207
-198
-162
-173
-182
-124
-172
-191
-145
-147
-192
-167
-187
-189
-238
-207
-207
-222
-195
-214
-206
-192
-193
-173
-184
-202
-165
-197
-165
-164
-148
-174
-177
-167
-201
-188
-198
-160
-192
-208
-188
-227
-174
-202
-224
-212
-214
-184
-193
-185
-189
-216
-224
-177
-145
-184
-199
-228
-141
-152
-215
-218
-191
-170
-191
-194
-185
-203
-217
-251
-219
-207
-258
-230
-208
-195
-203
-167
-209
-177
-182
-195
-213
-193
-183
-183
-176
-188
-214
-234
-198
-218
-188
-254
-214
-212
-215
-193
-214
-168
-165
-145
-167
-166
-148
-163
-103
-181
-174
-159
-131
-126
-147
-134
-158
-149
-158
-165
-170
-194
-195
-164
-170
-173
-159
-154
-189
-191
-165
-159
-167
-187
-206
-159
-141
-190
-207
-208
-208
-215
-221
-226
-201
-174
-192
-179
-188
-195
-217
-234
-227
-226
-174
-215
-192
-196
-220
-209
-212
-224
-288
-241
-248
-276
-277
-235
-259
-288
-248
-249
-215
-228
-205
-205
-204
-220
-224
-207
-265
-245
-223
-264
-248
-226
-228
-259
-271
-242
-208
-208
-230
-223
-232
-203
-193
-200
-207
-149
-173
-170
-186
-205
-196
-173
-181
-172
-179
-191
-168
-196
-203
-211
-189
-207
-223
-213
-234
-198
-219
-245
-223
-226
-199
-252
-227
-229
-227
-247
-242
-213
-212
-223
-192
-187
-218
-198
-205
-213
-219
-209
-237
-205
-200
-220
-220
-230
-230
-210
-214
-230
-210
-191
-221
-229
-250
-231
-177
-218
-242
-217
-211
-213
-238
-230
-216
-275
-274
-230
-242
-252
-257
-262
-281
-258
-268
-278
-289
-273
-251
-253
-227
-250
-217
-229
-203
-213
-206
-254
-284
-253
-233
-265
-261
-224
-216
-246
-205
-235
-198
-176
-209
-230
-252
-248
-246
-208
-264
-261
-261
-285
-274
-264
-278
-274
-284
-248
-276
-276
-239
-278
-252
-261
-272
-253
-261
-238
-250
-268
-261
-214
-252
-242
-198
-202
-196
-190
-202
-196
-170
-216
-187
-210
-205
-202
-212
-220
-229
-205
-212
-255
-250
-225
-205
-189
-210
-223
-171
-186
-175
-193
-207
-170
-242
-206
-208
-247
-213
-220
-208
-202
-240
-234
-250
-245
-242
-213
-213
-248
-281
-258
-231
-246
-254
-246
-241
-252
-249
-239
-239
-227
-244
-235
-234
-230
-231
-263
-208
-181
-147
-163
-215
-186
-156
-176
-153
-195
-178
-190
-170
-190
-186
-199
-217
-184
-202
-187
-197
-209
-213
-243
-223
-190
-194
-210
-155
-151
-201
-166
-207
-203
-209
-203
-165
-234
-221
-230
-229
-210
-193
-198
-253
-214
-225
-254
-223
-202
-207
-196
-182
-154
-199
-192
-160
-193
-200
-196
-223
-217
-145
-207
-167
-142
-159
-157
-183
-157
-161
-149
-180
-120
-143
-165
-173
-161
-157
-162
-145
-178
-118
-157
-122
-140
-124
-155
-163
-133
-133
-148
-155
-85
-92
-125
-76
-113
-137
-104
-148
-130
-131
-136
-135
-73
-136
-141
-121
-131
-119
-105
-115
-179
-152
-157
-143
-154
-97
-71
-83
-108
-113
-104
-121
-118
-143
-154
-104
-148
-130
-145
-147
-148
-170
-147
-166
-122
-149
-216
-222
-191
-139
-160
-199
-174
-194
-121
-178
-161
-160
-201
-177
-148
-155
-150
-117
-148
-116
-88
-84
-144
-113
-119
-158
-127
-144
-93
-110
-130
-108
-140
-142
-119
-110
-128
-108
-99
-163
-137
-158
-142
-117
-148
-148
-126
-140
-102
-132
-136
-122
-129
-77
-106
-89
-88
-105
-98
-138
-166
-175
-181
-161
-112
-131
-183
-171
-186
-202
-151
-142
-104
-149
-143
-134
-147
-145
-129
-166
-211
-168
-211
-177
-158
-166
-144
-199
-180
-212
-198
-189
-184
-150
-191
-165
-188
-171
-215
-215
-193
-202
-202
-171
-192
-178
-211
-216
-139
-152
-177
-160
-136
-147
-125
-165
-164
-153
-154
-127
-147
-124
-111
-145
-128
-157
-162
-139
-151
-134
-160
-198
-168
-188
-164
-177
-169
-114
-126
-136
-155
-174
-192
-162
-187
-201
-206
-216
-214
-237
-217
-225
-230
-223
-223
-207
-191
-209
-201
-253
-216
-240
-213
-165
-168
-177
-215
-216
-230
-203
-239
-190
-208
-240
-216
-214
-218
-218
-246
-238
-168
-160
-165
-167
-181
-169
-159
-140
-160
-180
-206
-186
-168
-156
-108
-160
-144
-131
-132
-163
-127
-111
-155
-162
-177
-98
-132
-137
-155
-127
-117
-122
-121
-143
-129
-129
-125
-148
-146
-137
-142
-136
-157
-172
-120
-160
-153
-137
-153
-159
-174
-162
-168
-148
-167
-187
-188
-104
-125
-137
-148
-154
-134
-168
-145
-134
-115
-150
-156
-129
-139
-148
-131
-122
-103
-115
-162
-159
-174
-126
-111
-115
-78
-99
-118
-112
-48
-75
-80
-96
-70
-37
-59
-78
-56
-48
-104
-78
-104
-108
-74
-98
-65
-79
-111
-66
-111
-103
-73
-135
-143
-88
-87
-68
-94
-112
-141
-118
-98
-141
-122
-133
-142
-119
-148
-114
-114
-158
-123
-144
-114
-85
-124
-111
-144
-132
-109
-143
-166
-125
-103
-140
-113
-150
-108
-72
-66
-107
-69
-103
-116
-107
-96
-86
-117
-97
-99
-133
-127
-91
-109
-144
-131
-130
-161
-154
-114
-126
-139
-176
-179
-140
-135
-112
-118
-102
-154
-184
-153
-142
-136
-132
-116
-113
-117
-130
-122
-102
-91
-82
-73
-99
-106
-118
-104
-86
-116
-126
-96
-123
-123
-114
-104
-98
-89
-93
-111
-116
-118
-92
-119
-100
-93
-81
-74
-70
-66
-99
-88
-111
-93
-82
-68
-79
-53
-15
-72
-102
-58
-42
-34
-72
-86
-45
-48
-58
-86
-42
-46
-64
-48
-57
-15
-29
-60
-88
-68
-51
-26
-48
-45
-18
-24
-41
-65
-12
-24
-55
-43
-36
-50
-57
-60
-42
-34
-118
-88
-91
-83
-70
-62
-48
-69
-27
-37
-18
-38
-74
-46
-57
-41
-62
-34
-47
-62
-59
-37
-39
-49
-34
-68
-18
-2
-11
-14
-3
9
-33
-26
-14
-29
-16
-17
-13
-68
-73
-25
-21
-14
-62
-50
-42
-43
-34
-53
-27
-61
-62
-62
-84
-74
-68
-76
-53
-44
-72
-55
-116
-93
-58
-104
-84
-71
-92
-70
-69
-72
-76
-61
-73
-93
-90
-104
-98
-83
-64
-66
-59
-79
-56
-87
-130
-132
-112
-141
-94
-88
-99
-92
-74
-73
-125
-105
-127
-86
-96
-46
-83
-110
-88
-83
-70
-118
-38
-80
-125
-67
-85
-82
-60
-98
-90
-68
-106
-85
-44
-79
-77
-43
-71
-64
-37
-62
-80
-71
-68
-33
-78
-83
-110
-96
-110
-102
-68
-102
-93
-80
-106
-100
-81
-114
-110
-61
-61
-108
-106
-92
-79
-72
-61
-53
-61
-59
-86
-82
-37
-82
-51
-23
-52
-57
-69
-95
-99
-96
-59
-74
-79
-93
-67
-71
-117
-66
-93
-117
-112
-86
-96
-94
-112
-86
-96
-127
-126
-116
-122
-96
-82
-64
-80
-69
-76
-96
-90
-116
-82
-91
-76
-97
-111
-80
-70
-58
-89
-106
-90
-94
-89
-83
-79
-79
-111
-104
-76
-106
-72
-97
-105
-105
-121
-98
-101
-104
-83
-71
-99
-91
-103
-126
-110
-157
-160
-94
-104
-127
-93
-118
-141
-127
-135
-122
-92
-78
-95
-107
-134
-102
-95
-101
-89
-103
-101
-108
-145
-154
-136
-107
-121
-111
-77
-69
-118
-107
-109
-99
-103
-90
-83
-78
-61
-94
-98
-88
-92
-105
-101
-116
-82
-84
-76
-74
-54
-49
-43
-54
-78
-43
-76
-33
-89
-66
-58
-67
-76
-91
-60
-74
-82
-97
-62
-67
-50
-30
-22
-44
-34
-78
-31
-57
-55
-18
-36
-39
-51
-12
-59
-75
-61
0
-21
-46
-42
-30
-17
-25
11
1
46
31
3
7
20
19
28
7
-8
-20
-5
42
-29
17
73
-21
-1
24
14
-5
-5
-27
-37
3
-5
-12
-21
-53
-50
-10
-16
-1
-10
3
-21
-38
-36
-42
-18
-22
-28
-43
-10
4
-12
-37
-14
1
-29
4
-12
-14
-13
-13
-22
-43
-58
-61
-17
8
4
-18
-13
-12
-21
1
-27
-18
-18
-14
-43
-2
-39
-58
-27
-42
-59
-93
-84
-100
-82
-78
-103
-102
-97
-66
-53
-80
-32
-78
-62
-58
-46
-61
-80
-68
-43
-78
-59
-81
-127
-74
-76
-37
-102
-101
-68
-74
-92
-76
-105
-105
-112
-88
-119
-98
-113
-121
-75
-128
-95
-65
-35
-79
-99
-121
-134
-93
-109
-105
-92
-96
-106
-125
-98
-109
-90
-64
-81
-42
-76
-61
-88
-55
-48
-74
-71
-94
-109
-99
-75
-87
-55
-28
-93
-64
-49
-69
-40
-80
-79
-78
-62
-78
-68
-51
-65
-26
-30
-50
-46
-77
-83
-70
-91
-71
-101
-87
-67
-100
-129
-141
-80
-103
-111
-112
-106
-89
-136
-115
-128
-133
-153
-149
-119
-144
-127
-88
-89
-83
-140
-121
-89
-109
-101
-52
-44
-74
-63
-91
-133
-118
-146
-135
-107
-85
-81
-126
-88
-80
-102
-106
-79
-120
-142
-109
-106
-113
-108
-106
-134
-128
-98
-131
-104
-100
-89
-104
-109
-97
-92
-81
-92
-62
-81
-82
-115
-83
-90
-109
-76
-97
-84
-64
-95
-116
-93
-80
-113
-121
-77
-110
-95
-95
-68
-46
-91
-73
-108
-114
-67
-51
-60
-74
-107
-94
-46
-52
-41
-57
-58
-56
-75
-11
-21
-53
-67
-74
-133
-135
-83
-93
-96
-87
-86
-66
-88
-89
-75
-88
-76
-70
-85
-70
-105
-73
-75
-72
-33
-60
-45
-64
-72
-100
-51
-60
-59
-38
-43
-46
-81
-70
-66
-68
-57
-89
-110
-77
-51
-79
-127
-118
-89
-125
-113
-102
-164
-157
-133
-77
-57
-96
-73
-61
-74
-65
-85
-110
-83
-91
-91
-83
-69
-67
-91
-68
-91
-62
-72
-61
-31
-63
-46
-68
-39
-48
-34
-62
-3
-2
-103
-59
-41
-45
-36
-60
-81
-40
-54
-66
-107
-28
-30
-23
-27
-17
-53
-62
36
-17
-32
-35
-29
-29
-6
-34
-57
-36
-45
-17
-41
-53
-58
-44
-72
-22
-49
-40
-44
-51
-2
-77
-55
-37
-47
-74
-20
-41
-65
-79
-45
-28
-65
-64
-85
-84
-74
-105
-86
-48
-39
-32
-49
-14
-1
7
-7
-56
-67
-31
-49
7
-35
-11
9
11
-10
20
26
-19
10
-16
21
21
4
2
8
-40
-7
-21
6
-31
-24
-15
-24
1
-35
6
-20
-9
-16
-46
3
16
-14
-53
-54
-23
-17
-17
-39
-32
0
-18
-33
29
44
16
11
2
-13
-8
6
-4
4
-20
9
-39
-47
-37
-49
-59
-51
-46
-74
-47
-48
-42
-67
-38
-51
-35
-12
-41
-52
-99
-53
-82
-96
-34
-49
-72
-54
-45
-79
-68
-104
-50
-38
-58
-104
-53
-22
-54
-26
-58
-83
-78
-82
-111
-73
-92
-108
-56
-98
-105
-144
-103
-92
-77
-73
-107
-89
-93
-93
-53
-53
-84
-55
-73
-64
-66
-56
-87
-99
-104
-89
-109
-100
-112
-114
-167
-142
-83
-100
-104
-113
-133
-142
-145
-139
-121
-86
-95
-139
-97
-92
-83
-39
-52
-73
-71
-88
-92
-107
-64
-94
-90
-58
-86
-66
-62
-72
-84
-65
-57
-17
-60
-67
-36
-39
-30
-31
0
9
-15
-41
-26
-84
-70
-78
-88
-74
-54
-78
-103
-111
-139
-83
-102
-101
-102
-100
-100
-87
-100
-87
-69
-97
-125
-87
-68
-89
-88
-56
-63
-79
-55
-73
-47
-70
-61
-33
-25
-22
-32
-41
-29
9
-5
-14
-46
-47
-86
-67
-85
-71
-35
-38
-27
-43
-40
-70
-59
-61
-64
-71
-64
-67
-75
-44
-24
20
-2
-10
-8
-19
-13
-31
-14
-32
-27
-29
-80
-45
-41
-71
-87
-81
-50
-93
-75
-76
-93
-35
0
-20
-65
-15
-38
9
-38
-43
15
-23
-44
-44
-35
-38
-30
-40
-40
-25
-36
-54
-36
-27
-30
-31
-48
-24
-14
-51
-34
-20
-44
-21
-49
-34
-16
-32
-56
-58
-55
-35
-74
-15
-45
-65
-55
-54
-38
-88
-48
-51
-46
-32
-48
-53
-42
-31
-34
-44
-46
-39
-87
-74
-36
-65
-53
-70
-40
-62
-84
-56
-61
-50
15
16
20
-9
-52
-75
-49
-71
-59
-62
-69
-47
-81
-53
-92
-79
-101
-95
-80
-75
-93
-99
-63
-111
-115
-113
-99
-111
-70
-49
-105
-105
-102
-97
-69
-102
-125
-117
-146
-122
-134
-111
-100
-66
-81
-78
-97
-104
-82
-100
-47
-43
-41
-82
-101
-89
-31
-45
-47
-34
-73
-71
-129
-92
-82
-105
-95
-84
-90
-47
-54
-63
-11
-64
-64
-62
-69
-31
-11
-51
-24
20
-56
-66
-13
-31
-11
-7
-20
-14
-55
-54
-50
-62
-46
-116
-60
-59
-76
-61
-99
-104
-93
-35
-32
-58
-95
-20
-70
-81
-38
-55
-43
-68
-88
-48
-57
-64
-78
-81
-84
-85
-44
-63
-55
-88
-101
-35
-51
-108
-71
-66
-48
-42
-62
-57
-58
-64
-58
-76
-70
-51
-98
-56
-54
-67
-83
-87
-73
-69
-52
-70
-32
-61
-81
-86
-67
-19
-37
-49
-66
-70
-95
-117
-76
-108
-140
-99
-111
-78
-75
-82
-84
-66
-79
-112
-107
-95
-107
-103
-113
-66
-53
-105
-70
-105
-88
-102
-102
-104
-81
-52
-79
-72
-59
-61
-95
-48
-101
-92
-112
-125
-100
-104
-105
-61
-85
-118
-80
-96
-80
-106
-69
-78
-55
-44
-61
-68
-110
-84
-89
-62
-104
-139
-95
-107
-141
-116
-115
-115
-68
-109
-108
-108
-108
-108
-123
-128
-136
-139
-150
-98
-101
-121
-111
-135
-100
-126
-139
-98
-86
-94
-90
-125
-87
-73
-84
-99
-60
-69
-73
-68
-107
-96
-95
-89
-162
-122
-105
-105
-90
-69
-73
-87
-76
-117
-81
-53
-32
-83
-65
-56
-85
-112
-118
-107
-87
-44
-37
-61
-64
-89
-72
-72
-61
-45
-56
-56
-100
-102
-70
-61
-83
-91
-91
-93
-110
-47
-50
-86
-63
-67
-75
-77
-60
-88
-94
-58
-54
-65
-48
-50
-59
-36
-69
-73
-81
-66
-49
-50
-29
-46
-77
-71
-36
-56
-40
-54
-73
-34
-77
-60
-96
-65
-14
-64
-52
-49
-44
-66
-65
-43
-27
-52
-49
-84
-70
-74
-79
-77
-99
-48
-53
-30
-44
-62
-33
-46
-72
-44
-76
-58
-43
-69
-82
-63
-77
-102
-57
-77
-84
-70
-82
-106
-83
-87
-123
-99
-127
-87
-129
-133
-96
-122
-89
-92
-78
-77
-74
-76
-97
-67
-63
-101
-71
-31
-24
-65
-96
-33
-38
-91
-50
-63
-56
-54
-70
-74
-71
-62
-66
-95
-108
-74
-106
-66
-63
-70
-89
-86
-75
-90
-68
-93
-100
-75
-43
-67
-65
-38
-24
-5
-39
-43
-98
-58
-20
-63
-27
-63
-113
-70
-31
-93
-38
-57
-35
-54
-96
-92
-119
-70
-101
-98
-99
-73
-80
-74
-47
-59
-60
-27
-59
-98
-51
-65
-68
-67
-62
-37
-57
-37
-96
-89
-68
-93
-94
-71
-86
-48
-43
-109
-98
-102
-61
-48
-35
-35
-79
-51
-65
-46
-32
-115
-93
-45
-59
-58
-68
-90
-57
-26
-37
-43
-55
-9
-74
-53
-10
-44
-26
-48
-62
-51
-28
-20
-39
-40
-27
-27
19
-17
22
-23
-14
42
10
-6
-10
-5
-9
-39
-7
-16
-2
17
-31
-67
-41
-12
-51
2
-6
-46
-23
-3
1
-4
-35
-23
33
-30
-34
-45
-60
-49
-42
-38
-53
-30
-55
-28
-28
-7
-34
-20
-51
-29
-49
-56
-30
-53
-20
-52
-56
-61
-78
-10
-46
-60
-31
-73
-58
-49
-41
-40
-90
-61
-84
-69
-41
-79
-41
-35
-111
-103
-58
-70
-59
-56
-71
-85
-82
-99
-66
-79
-83
-75
-78
-134
-114
-130
-144
-101
-84
-91
-108
-65
-33
-81
-80
-77
-112
-88
-81
-92
-67
-27
-60
-121
-57
-26
-43
-37
-20
-31
-31
14
-31
-74
-101
-67
-43
-16
-2
-91
-90
-110
-68
-42
-77
-73
-93
-108
-104
-68
-70
-52
-44
-70
-83
-74
-37
-58
-97
-97
-103
-84
-100
-82
-89
-113
-95
-114
-110
-113
-88
-61
-87
-87
-85
-71
-82
-78
-81
-58
-64
-69
-43
-61
-56
-53
-65
-87
-41
-58
-37
-70
-68
-16
-41
-31
-5
-34
-66
-43
-97
-56
-73
-69
-23
-44
-39
-20
-17
-34
-84
-99
-51
-72
-70
-59
-61
-70
-75
-48
-44
-90
-40
-17
-58
-42
-51
-54
-89
-91
-62
-41
-51
-54
-59
-39
-78
-76
-20
-37
-41
-47
-26
-56
-40
-39
-24
15
-32
-52
-43
-66
-35
-64
-24
-22
-82
-38
-64
-35
-59
-67
-89
-100
-58
-65
-70
-82
-29
-31
-79
-12
-27
-42
-29
-47
-29
-22
-6
5
-28
-50
-21
-11
1
-1
22
-20
-43
-62
-65
-23
-49
-72
-42
-25
-26
-44
7
-17
-32
7
5
-23
-38
-5
6
-49
-49
-34
-16
-22
-48
-25
-28
-80
-44
-42
-41
-28
-53
-20
5
-1
-46
-32
-26
-37
-30
-16
5
11
-8
-6
36
0
-32
-15
-12
-39
-14
-5
-11
-14
17
10
-2
-10
-8
38
-10
-3
4
-11
20
-22
-22
-53
-28
26
-10
-19
-23
-43
-51
-15
-51
-39
7
8
-48
-60
-11
-23
-15
-7
5
-31
5
-30
-35
13
-5
-14
-24
15
-43
-59
-40
-42
-25
-21
-4
17
-8
36
9
-2
25
3
-2
8
10
-22
38
-13
-12
-26
-3
2
-13
33
14
21
-17
20
18
-10
11
29
20
11
17
-28
6
26
-12
39
9
-15
-12
21
18
-11
17
42
58
67
58
86
77
57
20
26
32
42
35
26
49
9
14
21
21
-19
-20
-11
-25
-31
-1
-40
-56
-5
-31
-18
3
-29
-14
-22
-64
-33
-31
3
-5
-55
-14
-1
-49
-59
-26
-40
-42
-46
19
-10
-48
-15
-31
-35
-71
-26
-24
6
-27
-37
1
-44
-22
-90
-42
-57
-82
-94
-74
-55
-66
-59
-61
-15
-76
-54
-22
-40
-46
-39
4
-19
-53
-59
-7
-49
-32
-31
-55
-47
-20
-45
-56
-47
-70
-56
-21
-9
-53
-33
-61
-54
-38
-43
-56
-53
-51
-65
-49
-76
-49
-65
-72
-67
-61
-68
-59
-65
-101
-70
-108
-73
-84
-68
-70
-78
-89
-65
-37
-70
-69
-70
-82
-75
-100
-78
-50
-56
-94
-61
-48
-78
-45
-54
-56
-26
-14
-13
-31
-43
-57
-45
-69
-76
-31
-58
-54
-49
-66
-45
-51
-68
-42
-75
-41
-20
-60
-56
-28
-37
-83
-24
-64
-72
-58
-33
-48
-83
-53
-62
-67
-74
-66
-57
-79
-50
-40
-39
-58
-64
-96
-89
-29
-49
-92
-89
-111
-81
-74
-131
-87
-88
-109
-66
-63
-64
-54
-69
-40
-31
-55
-57
-53
-63
-75
-102
-74
-87
-59
-61
-94
-79
-93
-76
-90
-95
-111
-103
-50
-72
-85
-71
-99
-123
-62
-43
-71
-82
-100
-83
-79
-60
-82
-81
-79
-65
-76
-73
-113
-97
-114
-107
-69
-89
-124
-154
-126
-144
-124
-106
-97
-102
-103
-123
-70
-64
-76
-53
-86
-110
-107
-70
-74
-66
-122
-115
-91
-78
-54
-99
-106
-105
-107
-109
-115
-142
-115
-99
-73
-66
-61
-94
-82
-91
-67
-5
-51
-53
-51
-56
-32
-13
-49
-28
-18
-43
-37
-36
-66
-43
-31
-77
-47
-48
-63
-51
-21
-71
-43
-83
-77
-41
-48
-86
-107
-40
-96
-41
-58
-67
-18
-76
-51
-73
-88
-54
-38
-33
-38
-50
-17
16
-7
5
-15
-45
-66
-59
-32
6
-35
-49
-30
-55
-66
-13
-17
-53
-62
-81
-106
-52
-32
-47
-39
-43
-54
-120
-88
-64
-100
-94
-52
-85
-74
-47
-105
-118
-98
-116
-81
-115
-71
-68
-90
-90
-82
-101
-112
-90
-74
-46
-69
-61
-78
-95
-58
-70
-53
-13
-86
-70
-63
-70
-88
-62
-24
-61
-52
-74
-119
-68
-92
-78
-30
-23
-78
-100
-52
-46
-16
-59
-35
-36
-47
-34
-22
-68
-53
-5
-33
-31
-30
9
-8
-19
6
-26
-56
-68
-45
-56
-76
-67
-56
-47
-35
-40
-67
-45
-29
-25
-40
-63
-55
-52
-82
-85
-73
-93
-38
-50
-29
0
-33
-46
-59
-37
-57
-35
-14
-37
-34
-45
-16
-9
-15
7
-5
13
-39
-7
11
-64
-41
-27
-38
-69
-36
-41
-24
-15
-33
-62
-49
-16
-26
-16
-16
-29
-49
-29
-47
-21
-25
-47
-60
-25
-55
-65
-52
-66
-48
-48
-71
-25
-48
-42
-38
-49
-36
-37
-13
-26
-45
-56
-50
-54
-47
-29
-79
-60
-40
-32
-29
-49
-60
-79
-78
-52
-72
-56
-72
-108
-90
-87
-52
-17
-53
-28
-10
-56
-23
41
12
-42
-18
-5
-3
29
20
-20
8
-33
-28
-17
9
41
6
18
1
36
17
-8
24
-20
27
4
-18
-18
-1
40
11
27
10
53
46
10
50
51
49
55
21
36
41
20
5
1
36
3
16
28
7
17
19
13
12
24
22
41
37
9
58
37
2
-6
2
9
16
-6
24
27
18
26
11
39
30
43
30
30
10
-21
16
15
-14
14
-30
-12
-13
14
-3
-2
2
-5
-7
-29
-47
-44
15
-3
-23
17
8
0
32
79
64
4
19
26
8
17
41
44
42
50
15
50
75
23
34
55
25
32
9
-9
1
-6
1
-10
12
-2
7
-29
-33
-26
-40
11
-31
-47
-29
8
21
15
-11
-21
9
-16
-15
-4
-21
-16
-28
-6
15
-3
17
1
-5
-10
-1
15
-12
-20
26
-22
15
-17
34
62
8
9
-17
44
49
48
12
8
0
13
-31
25
-4
-9
21
38
-6
-17
42
12
21
16
16
-2
13
19
-10
-16
-53
-9
1
-9
11
-46
-23
-57
-65
-14
-15
-20
-23
-7
7
-29
-21
-62
-62
-38
-24
-41
-8
45
-3
18
5
-8
-7
0
-32
-79
-45
-34
-47
-25
-47
-32
-11
-35
-54
-3
8
-21
12
-4
-4
19
-3
39
-6
5
8
30
9
-10
-3
-35
21
-20
-9
48
57
44
16
-2
18
30
11
11
10
-12
14
31
-8
4
-31
-26
5
-9
-12
5
8
-18
-21
6
15
31
10
4
8
13
63
-25
-21
-28
-17
-8
12
9
31
21
-18
5
-36
-20
-27
-3
-3
37
51
-9
62
56
30
72
37
40
46
31
13
14
7
24
55
7
-8
8
-15
-5
6
-8
-12
-1
60
46
61
74
76
1
41
71
42
90
61
11
37
34
59
38
47
47
7
10
6
41
68
63
66
39
22
33
69
92
97
83
44
59
43
66
94
2
57
64
42
54
48
58
24
-9
-19
5
44
51
29
27
35
35
-12
-8
12
10
9
8
52
67
15
22
29
6
-11
16
11
12
40
49
25
-6
5
34
53
21
57
70
90
56
56
68
74
46
71
67
61
56
31
26
62
26
39
25
13
77
44
89
89
52
14
28
83
40
46
59
39
58
76
7
50
88
75
103
97
107
67
68
50
26
48
70
55
85
55
42
79
62
65
70
59
38
62
43
79
92
49
35
-7
57
38
26
61
20
41
43
29
14
63
48
11
56
55
16
31
11
36
33
14
65
78
85
67
78
60
82
40
69
77
34
57
86
56
34
71
69
47
38
24
83
90
46
79
82
83
35
43
69
80
50
41
55
49
85
45
36
28
34
81
33
29
7
-12
35
24
23
28
50
23
25
6
0
-10
15
11
-20
32
12
13
-39
-27
-7
45
8
-8
27
21
24
1
45
32
34
14
29
5
14
-29
-1
-23
-22
-23
-21
49
16
24
-22
16
0
12
17
25
68
31
24
-2
23
44
26
24
24
12
30
-5
8
21
39
37
43
41
19
41
38
53
37
51
46
41
23
19
29
10
22
63
49
-20
6
-8
-33
7
-10
2
7
-7
36
54
33
38
-8
19
77
35
11
4
-22
-72
-7
-21
-5
34
28
62
17
16
-23
-10
17
42
64
5
-42
-2
12
-16
-13
-14
-6
-51
42
7
-33
-13
-14
-29
-1
-8
-18
-43
-72
-38
-11
-32
27
-3
-41
0
15
6
-43
-18
-29
-5
-6
-39
-33
-12
-29
-12
-16
0
0
-5
-13
0
9
-74
-33
28
-25
-37
-10
-15
-44
-6
-26
-14
-12
-36
-24
1
13
-28
-33
-6
-22
-56
-15
-10
-5
12
-18
-30
-17
-38
-17
-33
0
-1
19
3
-18
-13
-30
22
4
-19
-26
-24
-3
-29
-21
-51
-29
-17
-31
-67
-44
-66
-57
-34
-39
-45
-31
-3
-40
-48
-35
-4
-33
-13
-56
-45
-58
-70
-33
-107
-95
-63
-56
-76
-93
-52
-49
-69
-60
-77
-64
-45
-66
-50
-17
15
-37
-23
29
-30
-30
33
21
11
-2
6
-7
-31
-12
-18
-73
6
-2
-19
-3
-34
-32
-24
22
-20
-10
8
-9
-15
-31
-33
-28
-11
-68
-36
-21
-55
-73
-25
-13
-19
-16
-8
-6
-21
-2
-6
-11
-37
-5
-8
-47
-36
-22
-41
-45
-46
-42
-35
-12
6
4
-27
-14
10
-25
-42
-19
-3
-43
-33
-7
-41
-5
-26
-45
-44
-75
-46
-55
-23
-24
-22
-45
-48
-41
-54
-70
-61
-32
-77
-42
-69
-43
-9
-51
-43
-50
-31
-58
-109
-62
-53
-61
-58
-94
-74
-100
-106
-134
-133
-55
-99
-65
-66
-42
-27
-42
-70
-77
-55
-51
-26
-33
-29
-53
-43
-50
-36
-31
-61
-68
-62
-32
-51
-79
-59
-75
-66
-19
-43
-55
-33
-7
-84
-87
-17
-52
-59
-68
-58
-27
0
-48
-55
-33
-35
-60
-32
-48
-76
-79
-36
-46
-45
-31
-33
-31
-43
-63
-32
-35
-87
-62
-54
-43
-69
-46
-51
-45
-75
-36
-24
-40
-31
-35
-4
-29
-31
-32
-34
-54
-38
-28
-25
-24
-43
-25
8
10
24
22
-4
25
-22
-12
-4
-6
45
24
32
82
31
29
33
43
-2
-44
11
8
-14
-54
-2
-22
-11
-27
-32
-21
-10
19
-46
-58
-66
-109
-94
-64
-66
-32
-53
-23
-15
-57
-49
-87
-77
-87
-121
-129
-36
-42
-86
-78
-59
-40
-47
-53
-84
-55
-62
-69
-52
-18
-15
-31
-11
-12
-10
-46
-48
-25
-4
-18
-39
-22
-38
-66
-52
-57
-51
-79
-95
-71
-70
-105
-91
-60
-105
-73
-76
-105
-41
-38
-43
-59
-69
-66
-66
-68
-57
-56
-53
-61
-66
-56
-32
-33
-38
-31
-24
-72
-118
-97
-82
-53
-57
-101
-94
-89
-71
-90
-86
-68
-79
-131
-143
-143
-163
-122
-123
-141
-166
-149
-147
-108
-124
-154
-141
-144
-152
-197
-187
-163
-145
-177
-194
-152
-166
-145
-155
-147
-156
-190
-178
-165
-162
-187
-131
-158
-130
-117
-125
-95
-125
-159
-187
-159
-109
-80
-107
-73
-115
-111
-107
-89
-84
-130
-81
-113
-114
-120
-114
-110
-109
-118
-129
-123
-125
-106
-96
-78
-78
-157
-84
-76
-76
-84
-84
-85
-109
-47
-47
-78
-104
-133
-96
-110
-130
-97
-97
-91
-95
-100
-87
-63
-48
-52
-51
-51
-38
-17
-36
-49
-58
-79
-85
-108
-108
-69
-78
-118
-99
-60
-67
-113
-72
-81
-37
-27
-29
-78
-86
-49
-41
-48
-37
-17
-45
-1
-15
-15
-60
-46
-34
-60
-8
-11
-17
-30
-25
-10
-51
-27
-48
-47
-22
-8
19
18
44
24
-3
-11
-4
-12
-9
-11
-44
-10
-5
-35
-23
3
-19
-96
-29
-23
-13
-40
-25
37
-43
-34
-56
-54
-75
-59
-39
-17
20
-59
-29
-20
-10
-13
-10
10
19
24
9
44
12
29
17
20
27
-1
35
43
4
16
44
79
64
24
34
-5
-15
0
36
17
-22
0
-4
7
21
45
67
81
61
25
16
43
27
-7
21
17
24
17
11
63
43
5
4
-16
24
-7
24
20
-8
4
24
-1
-24
38
51
13
16
33
53
63
4
-3
-19
-2
23
-33
-27
-8
-13
-29
-4
-3
14
-42
-40
-40
-25
-42
-86
2
10
41
28
23
40
51
28
-17
-7
8
26
-16
-12
16
18
-6
-47
-55
-40
-54
-67
-40
-40
0
10
24
15
-7
-6
23
21
13
16
-17
-27
-13
-3
-11
-25
2
19
-6
7
22
-29
-2
-19
17
37
20
6
14
49
39
20
19
34
25
49
2
59
46
4
21
6
-14
12
17
20
38
36
44
-15
-39
5
16
56
45
3
41
38
33
74
24
27
19
3
5
-34
2
13
-12
-25
10
31
4
-5
-2
-40
-37
-62
-63
-61
-63
-60
-61
-70
-101
-53
-53
-28
-60
-111
-93
-48
-122
-107
-90
-105
-80
-111
-73
-62
-85
-140
-98
-75
-55
-59
-64
-64
-97
-83
-113
-84
-74
-65
-45
-50
-42
-93
-90
-70
-83
-110
-71
-68
-73
-59
-82
-46
-92
-59
-63
-69
-51
-56
-61
-67
-89
-56
-49
-65
-42
-21
-29
-70
-45
-53
-21
21
-3
-15
-24
-21
-22
-31
-48
-50
-41
-42
-27
-72
-47
-65
-77
-67
-81
-89
-22
-49
-65
-56
-45
-63
-61
-77
-84
-51
-91
-13
-44
-57
-98
-70
-92
-75
-55
-98
-85
-84
-32
-78
-71
-53
-76
-39
-31
-35
-47
-79
-20
-57
-53
-68
-78
-111
-87
-97
-103
-61
-66
-41
-78
-74
-79
-58
-73
-15
-51
-75
1
-27
-55
-38
-49
-40
-1
-36
-20
-35
-10
-23
-22
-27
-61
-26
-19
-29
-62
-61
-38
6
6
-10
10
-59
-13
24
-30
-46
0
-8
-6
7
-6
1
13
53
36
53
-12
14
64
14
10
16
-4
17
34
31
22
47
17
-14
46
13
1
27
9
-9
-13
13
-31
3
-26
-24
-19
-41
-24
-10
-16
-27
-19
-38
-23
-15
-41
-60
-17
-46
-62
-27
-51
-29
-11
-15
1
-22
-33
3
32
23
15
-2
-11
5
-14
-16
-6
5
29
44
18
21
60
22
63
19
14
-6
-30
59
-11
-11
-14
-38
-40
-35
-51
-29
-71
-58
-32
-7
41
-62
-1
10
-6
36
25
0
23
-9
-29
17
-23
-17
2
-29
-18
4
-38
-15
6
-16
1
-23
5
-33
0
14
-1
16
-39
-25
-64
-31
-43
-26
-24
-53
-20
-81
-49
8
-29
-46
27
-40
13
31
2
-29
14
34
20
14
42
57
38
44
3
-2
7
41
43
46
21
30
-3
-8
-16
-4
11
45
5
-16
-24
-9
-25
-51
-63
-64
-9
-12
-21
3
2
19
37
-37
-42
-6
-16
-58
-62
-58
-39
-68
-27
-42
-39
-37
-57
-19
-32
-48
-38
-46
-27
-11
-1
-11
-11
26
4
-1
-4
-7
-16
-23
-1
-3
-25
-25
-41
-39
0
-27
-22
-9
6
-1
-49
-16
-7
-3
-37
-70
-76
-30
-28
-15
-2
30
-8
7
81
41
43
-1
16
25
22
14
27
42
28
58
32
43
0
4
-18
-17
-15
-14
-9
-11
-4
-18
-24
-16
3
-41
-9
-15
-27
-23
-8
-55
-2
9
-26
0
2
2
-34
-27
-12
-19
-30
-19
-12
-7
-10
-19
11
0
-14
4
26
-16
2
-1
-3
8
-28
-11
-45
-65
-16
4
-27
-40
-34
-25
-21
-13
-35
-37
-53
-46
-89
-82
-72
-65
-36
-54
-73
-27
16
12
-6
37
47
72
48
17
3
-89
-139
-121
-148
-159
-122
-144
-112
-104
-27
-13
-27
13
3
-30
17
11
-24
9
27
24
-3
10
-43
-60
-64
-73
-104
-132
-112
-116
-71
-70
-74
-5
-17
-23
38
24
36
3
2
-11
-38
-54
-95
-86
-121
-87
-83
-87
-85
-101
-119
-112
-113
-98
-103
-127
-78
-67
-72
-48
-52
-22
-72
-65
-66
-76
-82
-128
-132
-156
-108
-122
-150
-157
-98
-78
-57
-64
-82
-67
-75
-85
-63
-33
-49
-30
-21
-40
-9
9
-21
-45
-56
-60
-48
-104
-79
-114
-141
-76
-67
-11
-70
-40
-39
-41
-48
5
-53
-47
16
-46
-38
-71
-44
-20
-69
-73
-74
-83
-83
-73
-85
-57
-49
-33
-29
1
6
-6
13
-46
-3
24
18
23
-16
-13
-14
-13
-15
-29
-7
-8
0
-37
-43
-29
-83
-27
-22
-5
19
6
26
3
62
9
33
17
-10
29
-27
-36
-70
-28
-72
-32
-41
-17
-12
-27
-6
-20
1
4
28
51
55
37
16
9
58
-21
10
-16
-10
29
0
8
-36
3
-32
-36
-31
-30
1
128
115
48
254
221
183
291
194
165
178
83
29
57
-47
-51
29
-12
-77
13
94
31
47
103
50
10
100
83
75
110
133
126
68
97
97
-3
-4
-4
-48
-91
-107
-100
-107
-76
-57
-25
2
44
57
48
29
0
-12
-29
-36
-38
-32
-39
-34
-55
-51
-29
-65
-96
-122
-101
-96
-81
-82
-65
-53
-11
36
38
69
82
56
26
64
22
-23
-23
-4
-49
-65
-30
-36
-4
1
-41
-15
5
-8
27
3
-6
67
79
73
86
95
97
97
98
49
40
22
38
30
20
-24
-33
14
10
27
4
55
22
32
80
64
51
92
93
62
59
12
55
64
72
3
-44
-32
-90
-62
-68
-94
-74
-75
-63
-55
-54
-41
-28
-44
-26
-33
-31
-9
-23
-15
-49
-56
-117
-117
-103
-110
-64
-124
-113
-106
-121
-119
-160
-124
-108
-125
-95
-71
-17
-10
-39
-37
-29
-109
-110
-175
-610
-1794
-2896
-3556
-4475
-5186
-5457
-5352
-4464
-3136
-1716
68
1524
2171
2772
3223
2859
1766
948
-23
-1353
-1497
-1587
-1929
-1585
-1333
-1573
-1209
-1020
-1656
-2171
-2566
-2658
-2165
-1584
-1099
-104
1090
2143
2988
3545
3233
2574
1831
823
-447
-1344
-1899
-2796
-2271
-1582
-2244
-1438
-367
-647
-134
431
-27
-247
317
155
696
1617
1205
865
2078
2648
1421
1591
1856
656
-82
-231
-371
-1211
-1541
-599
134
1175
1626
1737
2982
3766
3921
3989
3402
2069
1220
905
-126
-1173
-2055
-2624
-2532
-1840
-1472
-1496
-853
-591
-154
866
1004
850
843
1359
1638
1844
2244
1806
1289
1244
1243
688
-293
-868
-1590
-2023
-1952
-2128
-2268
-2175
-1916
-1506
-826
-503
-747
-588
-551
-659
-828
-1269
-1667
-2124
-2315
-2386
-2409
-2468
-2797
-2658
-2337
-2295
-2270
-2170
-2186
-2242
-1948
-1603
-1546
-1340
-987
-738
-417
8
-26
-243
-283
-784
-922
-896
-1078
-1260
-1197
-927
-747
-382
-31
47
187
407
355
415
601
386
281
580
880
1364
2254
2858
3193
4156
5124
5296
5996
6463
6397
7105
8201
8847
8915
8749
7054
5137
3590
880
-3283
-8420
-11923
-13073
-12415
-11584
-11188
-8277
-2720
2204
5148
7777
10027
10366
9743
8617
7487
5896
3133
712
-78
353
-564
-2811
-4286
-4981
-5491
-6835
-8384
-8754
-8165
-6743
-4715
-1463
2252
4836
6999
9196
11030
11045
9066
6220
3628
1362
-1487
-4328
-6063
-6864
-7086
-6566
-5370
-4253
-3593
-3067
-2227
-1007
-29
381
963
2315
4037
5327
6148
6606
6419
5492
4007
1621
-3199
-7872
-10657
-13492
-14901
-15034
-14769
-11861
-7568
-4428
-470
3266
4011
4549
5718
4952
2680
1130
-551
-2823
-3266
-3145
-4461
-4948
-4482
-4894
-4958
-4187
-4388
-4748
-3355
-1703
-490
1507
3277
4106
5208
6597
6307
5493
5158
3905
3141
3375
3637
3830
4757
5909
7059
8830
10358
10931
10798
9922
7154
3834
1034
-2680
-7084
-11140
-13672
-13855
-11828
-9428
-7765
-4359
762
4671
6962
8418
9135
9047
8309
7078
5945
5040
3442
1531
667
461
-735
-3196
-5554
-7090
-7943
-8873
-9753
-9399
-7618
-4946
-1942
1572
5097
7697
9385
10269
10466
9547
7232
4011
1049
-950
-2992
-4884
-6076
-6518
-6165
-5497
-4826
-4234
-3567
-2922
-2251
-1181
182
1432
2537
3909
5427
6715
7149
6692
5631
4144
2116
-431
-3037
-5360
-7310
-9059
-9719
-9707
-9716
-11279
-11839
-9708
-8213
-6286
-3873
-2268
684
3896
4948
6265
6909
4103
1823
1102
-2067
-6013
-7847
-9410
-11091
-9987
-7989
-7385
-5134
-2265
-543
1924
4133
4399
4208
5026
4989
4498
4700
4129
3154
2423
3162
3285
2951
3806
3184
3740
5873
6437
7340
9158
9765
9547
9604
7531
4005
1188
-1944
-5482
-8253
-9758
-10923
-10499
-7966
-5768
-2988
154
2609
4668
6301
7114
6734
6207
5470
4296
3702
3010
1933
938
293
-586
-2022
-3099
-4755
-6257
-6919
-7428
-7011
-6044
-4361
-2228
401
3303
5299
6796
7796
7686
6773
5478
3619
1424
-461
-1934
-3148
-3836
-4148
-4326
-4181
-3820
-3645
-3435
-3096
-2903
-2505
-1685
-847
47
962
1617
1810
1844
1424
391
-983
-2776
-4462
-5895
-7142
-7968
-8268
-7971
-7203
-5994
-4704
-3637
-2461
-1659
-1200
-811
-967
-1260
-1508
-1727
-1693
-1764
-1973
-2100
-2232
-2350
-2351
-2549
-2582
-2383
-2003
-1201
-202
858
1635
2417
3021
3275
3422
3152
2784
2751
2734
3023
3686
4325
5329
6277
7045
7838
8622
8570
8351
8515
7684
6477
4848
1741
-839
-4086
-7745
-9032
-9731
-10093
-8698
-6692
-3571
471
3391
6009
8375
9108
9137
8821
7839
5992
3743
2573
1290
120
-612
-1672
-2520
-3379
-4164
-4960
-5893
-6424
-6620
-5865
-4221
-2310
-150
2276
4663
6520
8005
8422
7633
6373
4234
1990
-201
-2407
-4055
-5195
-5367
-5039
-4429
-3542
-2762
-1992
-1174
-563
-183
147
487
966
1614
2479
3036
3192
2645
1550
35
-2022
-4214
-6897
-9089
-10382
-11476
-11060
-9602
-8208
-5732
-3236
-1640
541
1602
1172
1226
273
-1431
-2323
-3339
-4535
-4914
-4787
-4954
-4615
-3931
-3927
-3689
-3069
-2855
-2353
-1482
-675
430
1830
2745
3266
3702
3655
3321
3042
2601
2087
2235
3025
4269
6293
8210
10048
12324
13618
14550
15141
14864
14255
12680
9495
5277
-613
-7157
-11897
-15597
-18069
-18915
-18453
-14895
-8965
-3057
2482
7537
11138
13228
14514
14561
12628
9578
6754
4348
2523
971
-789
-2414
-3602
-4661
-5755
-7156
-8887
-10310
-10649
-9539
-7561
-4985
-1688
1924
5945
9732
12160
12977
12308
10397
7623
4298
517
-3266
-6287
-8019
-8526
-8043
-6959
-5840
-4431
-2717
-1229
-246
385
733
1120
1828
2778
3703
4401
4921
5170
5102
4439
2795
-264
-3868
-7028
-10168
-12526
-13907
-14832
-14070
-11597
-8458
-4920
-1260
1433
3147
4613
5230
4022
2003
86
-2331
-4210
-4946
-6075
-7066
-6911
-6725
-6541
-5713
-5263
-5347
-4691
-3555
-2546
-1048
522
1671
2997
4338
4928
4738
4003
2700
1233
237
-488
-1089
-851
368
2201
4746
7487
9727
11406
12601
13502
13197
12237
11527
10247
9628
9481
7343
4825
1519
-3670
-7576
-10788
-14192
-16070
-16772
-15333
-10766
-5112
346
5472
10182
13568
15329
15798
14208
10515
6729
3331
267
-2034
-4039
-5329
-5664
-5290
-4720
-4724
-5065
-5605
-6204
-5863
-5000
-4156
-2626
-199
2634
5887
8602
9975
10293
9548
7816
5157
1850
-1835
-5230
-7563
-8527
-8567
-7692
-6219
-4398
-2202
-120
1369
2046
2194
1933
1678
1676
1596
1513
1657
2042
1964
1099
-193
-2374
-4993
-7245
-9739
-11679
-12328
-12459
-11335
-8442
-5412
-2650
424
2627
3694
4067
3377
1330
-1021
-3200
-5477
-6730
-7271
-7703
-7174
-6008
-4873
-3719
-2873
-2430
-2174
-1883
-1544
-1200
-625
64
911
1953
3003
3477
3230
2749
1907
792
7
-676
-1126
-368
1271
3253
5907
8609
10547
12328
13652
14010
13470
12278
10486
9050
8441
7734
6119
3814
1423
-2372
-6100
-9123
-12155
-14005
-14700
-14012
-10424
-5167
-463
4274
9143
12556
14368
14870
13705
10681
6804
3394
105
-2500
-4344
-5786
-5919
-5467
-4802
-4306
-4237
-4314
-4689
-4427
-3875
-3312
-2066
-270
1996
4624
7128
8433
8917
8569
7038
4807
1880
-1399
-4560
-6886
-8033
-8303
-7553
-6219
-4438
-2193
-166
1436
2377
2768
2668
2266
2002
1583
1276
1069
1136
802
-514
-2050
-3655
-5340
-7189
-8962
-10456
-10609
-9690
-8614
-6523
-3817
-1801
8
1972
2891
2281
1463
34
-2227
-3755
-5069
-6555
-7025
-6734
-6378
-5452
-4180
-3603
-3098
-2251
-1815
-1683
-1258
-897
-918
-238
487
806
1300
1727
1828
1639
1331
819
62
-164
68
182
1015
2641
3823
5371
7477
8364
9207
10356
10120
9210
9142
8386
7595
8482
8702
8642
9724
8627
6439
4111
-1084
-6395
-10163
-13703
-15452
-15609
-13912
-9490
-3912
1754
7250
11279
13524
14227
13234
11196
7401
3225
-181
-2753
-4130
-4717
-4312
-3619
-2979
-1988
-1666
-2111
-3044
-4290
-4992
-4959
-4286
-2976
-751
1704
4442
7160
8614
9012
7978
5932
3313
9
-3120
-5897
-7892
-8472
-7835
-6291
-4362
-2254
-275
1428
2465
2731
2455
1768
954
350
-132
-764
-1716
-2360
-2621
-3012
-3413
-4226
-5283
-5914
-6278
-6391
-6013
-5729
-5272
-4072
-2768
-1591
-713
-634
-904
-1212
-2053
-3065
-3902
-4923
-5683
-5337
-4605
-4060
-3208
-2251
-1773
-1103
-554
-799
-1101
-1444
-1885
-1857
-1576
-1437
-1186
-528
339
1146
1828
1914
1784
1702
1592
1511
1485
1571
2133
3257
4711
6426
7659
8450
9444
9958
9740
9204
8431
7444
6817
6623
6946
7715
8044
7373
6073
3954
-103
-4153
-7633
-10917
-12818
-13284
-11632
-7872
-3251
1360
5966
9914
12024
12396
11534
9423
5876
2150
-590
-2916
-4377
-4716
-4212
-3162
-2028
-1031
-557
-668
-1454
-2515
-3163
-3510
-3522
-2766
-1149
797
2920
5050
6158
6525
5864
4332
2027
-637
-3185
-5465
-6740
-6875
-6197
-4659
-2781
-768
1097
2425
3040
2774
2189
1020
-151
-879
-1897
-2871
-3043
-3121
-2981
-2564
-2778
-3050
-3319
-3838
-4533
-4829
-5106
-5502
-5020
-4111
-3446
-2570
-1699
-1490
-1280
-1360
-2169
-2909
-3625
-4485
-4747
-4546
-4249
-3728
-2883
-2051
-1353
-779
-623
-668
-933
-1460
-1693
-1835
-1958
-1752
-1390
-812
91
1054
1756
2165
2225
1971
1819
1684
1306
1163
1636
2178
3234
4698
6199
7573
8383
9088
9351
8861
8568
7556
6234
6181
5789
5481
6659
7128
6571
6215
4800
1938
-1288
-4661
-8201
-10460
-10846
-10593
-8941
-4886
-1031
2526
6695
9390
10163
10143
8968
6420
3532
810
-1755
-3456
-3919
-3904
-3315
-2111
-1323
-915
-463
-752
-1775
-2500
-3040
-3401
-3126
-2026
-568
1028
2912
4391
5088
5272
4428
2751
835
-1305
-3332
-4766
-5590
-5626
-4851
-3473
-1953
-470
954
1615
1750
1756
1079
-8
-983
-1693
-2292
-2541
-2873
-2858
-2444
-2673
-2932
-3053
-3718
-4431
-4686
-5078
-5146
-4512
-4215
-3673
-2485
-1912
-1789
-1431
-1521
-2305
-2758
-3185
-3937
-4052
-3908
-3726
-3178
-2490
-1930
-1506
-1001
-865
-1007
-979
-1185
-1578
-1679
-1454
-1434
-1201
-531
7
804
1497
1724
1681
1573
1334
1089
1093
1081
1437
2330
3568
5014
6595
7623
8135
8760
8724
8387
7767
6399
5565
4613
4279
5046
5659
6844
7763
7250
6358
4863
1060
-2726
-6033
-9489
-10992
-11105
-10069
-6862
-2714
1327
5323
8811
10346
10196
9306
7121
3990
949
-1628
-3515
-4296
-4170
-3323
-2183
-1060
-275
-44
-316
-1114
-2341
-3095
-3479
-3611
-2545
-1043
574
2652
4375
5445
5582
4936
3400
1148
-1061
-3220
-4991
-5733
-5807
-5055
-3501
-1631
132
1530
2536
2499
2134
1535
131
-1347
-2088
-2605
-2878
-2560
-2621
-2371
-2006
-2249
-2427
-2972
-3823
-4380
-4812
-4722
-4127
-3785
-3107
-1914
-1297
-1048
-637
-1054
-2058
-2623
-3255
-4062
-4226
-4173
-4003
-3118
-2276
-1616
-865
-500
-542
-590
-764
-1322
-1879
-2127
-2232
-2136
-1833
-1218
-733
-131
770
1465
1801
1888
1847
1524
1379
1314
1151
1338
1884
2603
3581
4962
6100
6954
7885
8560
8476
8180
7793
6705
5928
5580
4955
4862
5767
6593
6893
6738
5311
2916
530
-2538
-5867
-8061
-9470
-9784
-8058
-5158
-1889
1564
4863
7367
8779
8990
7863
5856
3304
760
-1389
-2726
-3530
-3788
-3165
-2063
-1096
-521
-185
-316
-956
-1498
-1977
-2442
-2381
-1791
-653
821
2307
3432
4198
4269
3670
2527
859
-960
-2700
-3817
-4233
-4091
-3357
-2209
-902
439
1475
2035
1917
1394
705
-411
-1324
-1996
-2868
-3093
-2762
-2729
-2258
-1773
-1955
-1868
-1807
-2440
-2853
-3234
-3724
-3749
-3576
-3120
-2836
-2918
-2518
-2150
-2378
-2422
-2563
-3095
-3141
-2814
-2819
-2493
-1888
-1824
-1379
-724
-871
-1159
-1337
-1886
-2410
-2472
-2666
-2886
-2650
-2148
-1621
-883
-72
580
1393
2167
2538
2717
2672
2063
1521
1225
976
920
1155
1688
2860
4331
5602
6887
7949
8028
7627
7606
6875
5580
4967
4428
4280
5298
6249
7223
7854
7446
5987
4218
1653
-2230
-5986
-8378
-9413
-9669
-8354
-5569
-2460
1170
4612
7287
8695
8503
7306
5559
3518
962
-1258
-2459
-3287
-3241
-2302
-1333
-745
-405
-209
-467
-992
-1838
-2659
-2952
-2762
-1780
-449
1058
2545
3693
4522
4664
4005
2666
767
-1090
-2525
-3546
-4125
-4099
-3306
-2233
-1045
295
1163
1353
1337
759
-50
-796
-1748
-2700
-2774
-2598
-2530
-1767
-1223
-1348
-1065
-1121
-2060
-2482
-3089
-4101
-4211
-3871
-3869
-3330
-2556
-2245
-1795
-1431
-1734
-2018
-2343
-2957
-3163
-3098
-3181
-2916
-2358
-1932
-1495
-1004
-888
-1070
-1305
-1569
-1935
-2208
-2338
-2406
-2138
-1658
-1122
-451
382
1078
1812
2310
2187
1839
1463
1056
718
531
540
983
1657
2601
3948
5174
5932
6793
7281
7222
6928
6675
5907
5015
4749
4331
4114
4387
4974
5933
6411
5956
5094
3905
2198
-366
-3361
-5383
-6549
-7231
-6631
-4700
-2689
-262
2372
4629
6101
6425
5804
4597
3202
1419
-250
-1262
-2067
-2388
-1904
-1086
-534
-383
-143
-205
-666
-1146
-1689
-2114
-2203
-1705
-898
148
1239
2049
2826
3290
3124
2412
1306
102
-1076
-1920
-2429
-2764
-2556
-2015
-1390
-669
23
177
-198
-411
-744
-1234
-1604
-1984
-2520
-2293
-1734
-1617
-1118
-792
-1441
-1601
-1346
-2161
-2750
-2881
-3766
-4175
-3814
-3945
-4014
-3512
-3314
-3239
-2447
-1985
-2140
-1841
-1517
-1838
-1775
-1545
-2035
-2380
-2244
-2359
-2512
-2340
-2394
-2551
-2206
-1859
-1802
-1439
-972
-892
-350
319
666
1227
1732
1781
1667
1522
1211
880
527
491
633
1046
1825
2729
3866
4873
5603
6355
6721
6753
6741
6206
5842
5527
5016
4902
5192
5685
6337
7322
7043
5630
4274
2263
92
-2258
-4959
-6952
-7245
-6690
-5309
-3020
-699
1662
3870
5738
6729
6250
5204
3675
2077
697
-665
-1566
-2125
-2112
-1594
-969
-469
-594
-746
-881
-1263
-1499
-1824
-1891
-1657
-805
413
1458
2403
2893
3124
2981
2359
1316
-86
-1431
-2379
-2790
-2920
-2824
-2300
-1643
-865
-234
9
-13
-297
-722
-1035
-1426
-1601
-1833
-1871
-1508
-1377
-1125
-997
-1454
-1697
-2146
-3053
-3490
-3901
-4443
-4417
-4180
-3976
-3317
-2818
-2409
-1943
-1734
-1780
-1805
-1992
-2423
-2595
-2580
-2800
-2702
-2529
-2591
-2328
-2138
-2109
-1966
-1860
-1892
-1779
-1510
-1270
-1064
-668
-320
27
662
1157
1409
1483
1456
1111
750
454
154
96
420
960
1630
2816
3860
4775
5739
6314
6522
6600
6524
6012
5649
5314
4749
4717
5208
5500
6035
6852
7173
6698
5322
3714
1756
-412
-2560
-4889
-6029
-5849
-5320
-3940
-1641
355
2092
3862
5049
5366
4705
3638
2348
1197
197
-767
-1164
-1213
-1189
-750
-239
-296
-586
-857
-1097
-1488
-1693
-1686
-1490
-1025
-144
882
1669
2275
2429
2380
2061
1210
217
-808
-1742
-2299
-2528
-2412
-2099
-1663
-1028
-694
-261
-78
-514
-660
-987
-1475
-1526
-1754
-1978
-1700
-1689
-1699
-1550
-1752
-2207
-2560
-2844
-3188
-3481
-3518
-3522
-3457
-3194
-3004
-2687
-2587
-2620
-2496
-2624
-2740
-2823
-3049
-3058
-2993
-2941
-2641
-2424
-2255
-2037
-1701
-1536
-1507
-1418
-1425
-1466
-1418
-1277
-1161
-998
-657
-335
40
583
985
1340
1450
1409
1181
867
718
455
383
681
1124
1875
2848
3844
4922
5841
6402
6851
6981
6734
6534
5691
4557
4341
4009
4008
5068
5521
6842
7631
6255
5224
3553
1358
-479
-3253
-5775
-6445
-6559
-5691
-3276
-1289
581
2740
4734
5924
5718
4991
3464
1818
760
-530
-1229
-1720
-2046
-1433
-598
-3
-87
-313
-547
-992
-1294
-1591
-1834
-2083
-1406
-269
674
1730
2135
2312
2272
1853
1093
-115
-1365
-2299
-2760
-2658
-2446
-2107
-1458
-1043
-495
120
51
-405
-1044
-1625
-1920
-2169
-2437
-2591
-2439
-2235
-1923
-1680
-1825
-2103
-2451
-2607
-2827
-3061
-3370
-3483
-3343
-3271
-2806
-2584
-2706
-2555
-2431
-2537
-2670
-2776
-3110
-3223
-2906
-2641
-2245
-1856
-1472
-1167
-774
-482
-646
-799
-947
-1202
-1196
-1053
-1133
-1030
-652
-117
545
1099
1438
1454
1288
1131
1028
873
596
633
1137
1907
2977
4093
4962
5544
6043
6449
6553
6191
5737
5245
5092
5305
5196
4993
5631
6171
6185
6631
5782
4224
2981
1214
-655
-2179
-3841
-4995
-4875
-4199
-3078
-1466
179
1561
2813
4002
4357
3973
3350
2329
1420
777
49
-477
-825
-834
-691
-530
-405
-839
-1140
-1165
-1351
-1433
-1269
-1206
-890
-18
645
1258
1661
1624
1592
1277
799
24
-853
-1416
-1845
-1940
-1815
-1634
-1340
-1018
-778
-487
-460
-716
-966
-1280
-1471
-1523
-1809
-1958
-1748
-1804
-1746
-1556
-1646
-2085
-2419
-2598
-2909
-3149
-3340
-3421
-3304
-2897
-2568
-2296
-1996
-2001
-2182
-2183
-2381
-2869
-3088
-3171
-3143
-2914
-2434
-1955
-1506
-1022
-588
-421
-284
-453
-789
-988
-1162
-1255
-1251
-1071
-763
-296
375
1077
1459
1570
1589
1378
1069
1038
798
866
1561
2130
2953
4049
4869
5540
6129
6173
5940
5541
5068
4645
4301
4273
4510
4958
5429
5945
6824
7229
6538
5186
3422
1601
42
-1837
-3801
-4751
-4980
-4559
-3348
-1529
98
1259
2695
3853
4339
4222
3437
2465
1615
922
295
-234
-615
-990
-890
-622
-719
-930
-1190
-1538
-1677
-1474
-1255
-1105
-679
-42
705
1506
1877
1876
1672
1265
692
101
-698
-1509
-1951
-2030
-1859
-1530
-1150
-905
-698
-353
-275
-489
-876
-1295
-1602
-1757
-1786
-1887
-1928
-1712
-1645
-1463
-1303
-1685
-2038
-2178
-2451
-2671
-2878
-3044
-3052
-2971
-2710
-2392
-2283
-2349
-2298
-2192
-2260
-2276
-2252
-2425
-2349
-2120
-1953
-1745
-1516
-1434
-1203
-992
-964
-950
-977
-967
-925
-809
-556
-354
-16
473
950
1542
1742
1738
1682
1346
905
829
763
880
1590
2132
2907
4008
4613
5122
5820
6008
5872
5931
5775
5450
5440
5416
5205
5679
5918
5897
6408
5832
4231
2942
1364
-532
-2232
-4056
-5185
-5104
-4553
-3387
-1561
295
1802
3135
4477
5003
4530
3710
2662
1582
730
-147
-722
-1068
-1222
-1110
-717
-512
-950
-1171
-1244
-1410
-1527
-1345
-1153
-734
104
919
1701
2241
2299
2088
1746
1093
152
-814
-1595
-2220
-2366
-2148
-1744
-1296
-792
-423
-36
130
-161
-462
-925
-1370
-1582
-1784
-1933
-1876
-1721
-1576
-1363
-1213
-1378
-1749
-1962
-2387
-2863
-2876
-3163
-3221
-2794
-2462
-2219
-1762
-1581
-1701
-1605
-1716
-2164
-2347
-2391
-2569
-2525
-2166
-1888
-1656
-1231
-981
-845
-645
-731
-924
-929
-907
-952
-727
-307
71
701
1469
1849
1921
1989
1634
1189
1126
917
1021
1554
2169
3099
4315
5192
5805
6191
6270
6085
5620
5261
4907
4454
4367
4419
4786
5889
6770
6459
5543
4536
2800
956
-1104
-3886
-5549
-6005
-6051
-4882
-2728
-904
872
3038
4652
5495
5431
4490
3176
1983
937
-108
-739
-1141
-1339
-903
-283
-186
-333
-598
-1051
-1451
-1645
-1809
-1891
-1583
-798
218
1341
2231
2496
2631
2555
1844
1013
-75
-1342
-2045
-2381
-2466
-2215
-1733
-1166
-626
-93
205
64
-332
-780
-1161
-1376
-1450
-1638
-1696
-1512
-1250
-1136
-1040
-1250
-1677
-1940
-2341
-2669
-2930
-3226
-3242
-2950
-2764
-2349
-1896
-1860
-1677
-1412
-1502
-1586
-1758
-2007
-2229
-2193
-2240
-2276
-2111
-2023
-1935
-1629
-1421
-1264
-1085
-917
-692
-556
-128
108
349
701
1192
1452
1424
1494
1244
759
678
736
777
1421
2190
2831
3908
4960
5295
5671
6013
5509
5089
5263
4867
4657
5060
5015
5473
6607
7035
6450
5454
3860
1803
12
-2228
-4730
-6164
-6475
-6126
-4747
-2514
-674
1105
3227
4527
5154
5161
4226
2895
1888
1021
111
-393
-775
-982
-633
-308
-326
-737
-1176
-1809
-2173
-2194
-2297
-2100
-1511
-596
484
1635
2385
2619
2550
2281
1642
869
-153
-1337
-1997
-2294
-2407
-2158
-1793
-1525
-1031
-630
-493
-384
-538
-911
-1084
-1173
-1091
-961
-971
-1160
-1174
-1160
-1532
-1930
-2384
-2911
-3137
-3257
-3261
-3096
-2939
-2622
-2195
-1918
-1686
-1502
-1666
-1806
-1768
-1948
-2136
-2191
-2265
-2372
-2213
-2006
-2110
-2065
-1986
-2057
-1888
-1648
-1597
-1427
-1068
-789
-517
-70
274
528
993
1237
1109
1103
942
580
682
953
1197
1827
2594
3310
4270
5059
5276
5454
5636
5346
4887
4765
4634
4505
5044
5589
6213
6907
6289
4937
3621
1782
-255
-2472
-4659
-5789
-6056
-5673
-4159
-2253
-568
1213
2880
4194
4653
4333
3635
2702
1794
905
234
-155
-587
-666
-467
-324
-533
-1123
-1543
-1902
-2166
-2319
-2314
-1964
-1247
-309
709
1705
2306
2347
2233
1818
1119
182
-759
-1506
-1967
-2009
-1809
-1495
-1135
-795
-455
-279
-470
-722
-1039
-1523
-1818
-1856
-1806
-1490
-1284
-1126
-907
-820
-1084
-1415
-1685
-2308
-2823
-2911
-2995
-3230
-3149
-3032
-2965
-2664
-2528
-2536
-2357
-2355
-2422
-2204
-2067
-2092
-1901
-1622
-1631
-1556
-1473
-1667
-1888
-2042
-2175
-2260
-2022
-1845
-1624
-1019
-445
67
722
1298
1640
1730
1686
1419
909
569
360
401
970
1730
2483
3610
4786
5406
6059
6312
6023
5898
5467
4905
4780
4677
4693
5567
5850
5011
4269
3000
1226
-245
-2456
-4741
-5791
-6127
-5854
-4284
-2310
-727
1269
3220
4480
4980
4720
3773
2478
1454
378
-500
-947
-1343
-1317
-916
-482
-559
-916
-1225
-1812
-2081
-2129
-2243
-2075
-1450
-539
535
1604
2136
2319
2141
1713
1064
179
-845
-1711
-2219
-2328
-2132
-1782
-1359
-966
-633
-364
-449
-733
-1066
-1401
-1737
-1796
-1667
-1580
-1272
-1010
-990
-1004
-1119
-1603
-2119
-2377
-2878
-3312
-3136
-3177
-3078
-2549
-2254
-2357
-2293
-2289
-2693
-2795
-2833
-3123
-2952
-2476
-2264
-1859
-1301
-1220
-1261
-1156
-1410
-1904
-2197
-2395
-2595
-2394
-1928
-1625
-1121
-452
-13
460
974
1182
1206
1146
1043
869
889
952
1092
1564
2354
3260
4151
4879
5336
5527
5529
5351
4891
4633
4576
4851
5271
5907
6141
5635
4898
3651
2013
89
-2166
-4203
-5465
-5959
-5832
-4678
-3024
-1421
430
2314
3636
4150
4152
3691
2848
2093
1145
440
-49
-502
-500
-417
-296
-638
-1025
-1294
-1819
-2114
-2371
-2376
-2129
-1546
-662
288
1307
1800
2075
2031
1687
1083
187
-618
-1346
-1734
-1798
-1679
-1428
-1123
-832
-535
-269
-406
-786
-1284
-1591
-1729
-1768
-1638
-1564
-1316
-981
-773
-686
-824
-1224
-1823
-2251
-2646
-2930
-2991
-3106
-3047
-2641
-2307
-2173
-2062
-2392
-2815
-2918
-3168
-3388
-3345
-3240
-2863
-2240
-1630
-1108
-875
-948
-1105
-1347
-1730
-2207
-2544
-2690
-2636
-2236
-1666
-1115
-483
168
778
1288
1548
1539
1367
1119
856
865
981
1267
1828
2715
3621
4504
5404
5709
5775
5975
5723
5367
5254
5053
5048
5513
5199
4419
3613
2408
1069
-388
-2072
-3737
-4729
-5175
-4892
-3870
-2557
-1243
265
1993
3288
3947
4098
3651
2960
2179
1432
744
-33
-577
-927
-961
-915
-1139
-1393
-1613
-1868
-1987
-1898
-1695
-1491
-1019
-386
476
1248
1710
1873
1759
1529
1016
376
-340
-1031
-1620
-1784
-1782
-1658
-1407
-1268
-1075
-826
-692
-702
-963
-1268
-1295
-1258
-1156
-1109
-1147
-1054
-886
-972
-1084
-1346
-1812
-2305
-2526
-2617
-2813
-2875
-2904
-2838
-2515
-2272
-2311
-2255
-2446
-2688
-2591
-2601
-2811
-2786
-2673
-2468
-2057
-1677
-1482
-1502
-1466
-1603
-1602
-1741
-2019
-2167
-2155
-1987
-1678
-1336
-1032
-632
-106
428
923
1248
1388
1361
1396
1531
1615
1848
2122
2639
3375
4135
4936
5427
5655
5842
5739
5685
5710
5534
5578
5684
5145
4437
3617
2246
808
-873
-2858
-4261
-5173
-5549
-5086
-4041
-2640
-942
798
2400
3525
4046
4059
3655
2944
2114
1258
485
-115
-495
-699
-859
-952
-1232
-1530
-1786
-2102
-2210
-2201
-2044
-1558
-902
-95
708
1345
1809
1933
1822
1395
772
51
-677
-1221
-1540
-1618
-1659
-1471
-1264
-1068
-858
-798
-925
-1089
-1269
-1685
-1739
-1553
-1505
-1381
-1130
-988
-815
-685
-964
-1232
-1430
-1949
-2414
-2480
-2637
-2904
-2787
-2716
-2721
-2607
-2433
-2463
-2619
-2704
-2787
-2897
-2880
-2757
-2610
-2343
-2019
-1714
-1439
-1281
-1411
-1455
-1578
-1789
-1923
-2043
-2076
-2039
-1791
-1438
-1077
-671
-221
386
930
1243
1477
1484
1506
1687
1868
2121
2481
3022
3725
4511
5286
5806
5914
5882
5704
5554
5474
5440
5609
5508
4946
4084
2929
1739
311
-1602
-3357
-4615
-5376
-5351
-4611
-3420
-1953
-349
1436
2961
3945
4331
4077
3441
2699
1886
1067
346
-340
-739
-866
-888
-998
-1250
-1514
-1854
-2063
-2058
-2029
-1781
-1346
-732
117
978
1631
1964
1971
1735
1317
640
-69
-795
-1357
-1666
-1717
-1558
-1330
-1071
-835
-617
-564
-649
-965
-1344
-1512
-1587
-1526
-1466
-1441
-1233
-1061
-919
-839
-1047
-1402
-1717
-2087
-2353
-2410
-2624
-2743
-2556
-2464
-2428
-2274
-2216
-2387
-2465
-2479
-2687
-2781
-2760
-2796
-2716
-2378
-2062
-2008
-1700
-1469
-1584
-1468
-1448
-1643
-1693
-1691
-1733
-1599
-1423
-1282
-1117
-730
-420
10
509
870
1102
1218
1397
1512
1776
2149
2558
3183
3945
4755
5512
6057
6278
6154
5946
5706
5366
4931
4809
4740
4233
3735
2951
1873
905
-596
-2323
-3580
-4441
-5004
-4736
-3681
-2460
-1038
647
2230
3402
4038
3997
3506
2875
1881
966
308
-373
-856
-971
-923
-913
-978
-1099
-1405
-1634
-1793
-1890
-1818
-1627
-1186
-503
336
1058
1541
1794
1767
1494
952
320
-313
-978
-1360
-1592
-1509
-1440
-1258
-1012
-859
-694
-760
-1146
-1436
-1537
-1724
-1647
-1482
-1547
-1364
-1021
-1032
-1001
-1011
-1463
-1740
-1827
-2153
-2509
-2581
-2759
-2848
-2667
-2482
-2415
-2356
-2407
-2537
-2527
-2590
-2726
-2743
-2619
-2407
-2091
-1828
-1650
-1467
-1480
-1588
-1621
-1737
-1903
-1974
-1873
-1667
-1380
-998
-675
-254
180
531
904
1167
1236
1103
1161
1281
1393
1758
2228
2783
3514
4359
5054
5627
5909
5804
5837
5703
5511
5572
5536
5510
5128
4303
3496
2486
1155
-438
-2128
-3693
-4548
-4773
-4391
-3453
-2405
-1034
557
2009
2989
3436
3449
2981
2356
1775
1194
616
100
-177
-260
-239
-343
-655
-965
-1425
-1774
-1972
-2004
-1947
-1709
-1030
-366
412
1152
1514
1620
1498
1167
701
150
-469
-965
-1238
-1256
-1074
-893
-729
-566
-617
-702
-866
-1192
-1452
-1783
-1926
-1702
-1501
-1279
-989
-699
-651
-677
-789
-1044
-1427
-1797
-2085
-2284
-2374
-2494
-2518
-2445
-2442
-2336
-2187
-2282
-2338
-2341
-2365
-2356
-2216
-2069
-2021
-1833
-1726
-1603
-1460
-1527
-1661
-1701
-1683
-1748
-1624
-1485
-1398
-1109
-833
-557
-288
-66
191
431
699
904
1056
1111
1191
1444
1783
2210
2606
3118
3794
4445
5062
5512
5748
5655
5541
5465
5304
5372
5584
5496
5193
4759
3822
2977
1903
195
-1446
-2649
-3668
-4109
-3903
-3262
-2311
-1107
190
1602
2555
2964
3069
2842
2355
1815
1173
630
128
-206
-283
-277
-318
-532
-707
-1057
-1327
-1409
-1578
-1537
-1261
-828
-267
449
901
1219
1317
1260
987
576
29
-573
-990
-1188
-1259
-1202
-985
-996
-1031
-862
-838
-866
-966
-1226
-1435
-1293
-1167
-1117
-838
-839
-1053
-1028
-1008
-1248
-1553
-1925
-2225
-2342
-2365
-2311
-2376
-2314
-2222
-2166
-2064
-2085
-2310
-2479
-2483
-2530
-2431
-2264
-2083
-1933
-1678
-1417
-1288
-1317
-1401
-1543
-1683
-1666
-1610
-1530
-1388
-1079
-764
-285
168
474
726
848
926
864
706
582
615
743
1134
1746
2439
3176
3871
4372
4877
5189
5113
4978
4712
4395
4415
4580
4743
4898
4583
3998
3314
2446
1277
-75
-1265
-2187
-2655
-2644
-2236
-1661
-796
103
953
1644
2057
2081
1866
1493
1101
776
341
-4
-213
-293
-356
-373
-379
-569
-829
-1017
-1108
-1066
-1050
-922
-629
-241
106
489
714
763
646
378
14
-357
-831
-1180
-1349
-1467
-1396
-1202
-1038
-983
-894
-764
-801
-903
-997
-1131
-1174
-1202
-1143
-1055
-1039
-999
-1041
-1190
-1368
-1454
-1647
-1918
-2029
-2015
-2120
-2110
-1930
-1948
-1951
-1884
-1997
-2025
-2013
-2135
-2158
-2030
-2025
-1896
-1623
-1512
-1441
-1300
-1240
-1345
-1402
-1425
-1549
-1431
-1250
-1061
-733
-374
-60
242
602
788
951
1012
950
849
778
841
1019
1355
1786
2236
2787
3433
3892
4068
4277
4268
3965
3833
3776
3747
4192
4465
4581
4911
4671
3896
3285
2445
1211
404
-242
-772
-703
-435
-80
636
1196
1304
1559
1680
1316
1124
985
654
584
597
620
683
815
611
475
355
-119
-553
-769
-1039
-1176
-1020
-793
-485
-82
254
505
762
714
593
396
16
-358
-618
-822
-1013
-1060
-949
-934
-843
-805
-900
-994
-1144
-1277
-1378
-1490
-1511
-1402
-1230
-1091
-1000
-1009
-1022
-1133
-1284
-1363
-1605
-1773
-1887
-1954
-1959
-1804
-1831
-1772
-1666
-1666
-1715
-1678
-1715
-1858
-1767
-1700
-1667
-1506
-1350
-1248
-1050
-969
-900
-789
-768
-777
-711
-531
-330
-79
235
431
671
840
809
693
702
693
706
992
1365
1876
2521
3070
3521
3869
3665
3135
2766
2118
1573
1519
1261
1233
1828
2183
2647
3464
3657
3506
3359
2842
2086
1557
999
450
453
602
632
907
1241
1317
1178
962
577
182
-104
-277
-295
-3
289
587
1040
1284
1323
1214
843
187
-389
-780
-1221
-1338
-1213
-1006
-657
-307
13
111
46
-206
-463
-828
-1223
-1410
-1505
-1399
-1358
-1181
-954
-779
-806
-825
-938
-1267
-1510
-1765
-1915
-2024
-2051
-2008
-1982
-1913
-1895
-1859
-1849
-1893
-1906
-1987
-1898
-1908
-1839
-1648
-1583
-1532
-1484
-1467
-1532
-1575
-1645
-1766
-1815
-1764
-1714
-1491
-1287
-1121
-940
-767
-656
-647
-541
-535
-502
-311
-295
-292
-157
-160
-217
-179
-117
-28
127
379
669
1028
1433
1740
1985
2254
2344
2283
2162
1840
1510
1178
1000
899
980
1211
1527
1870
2184
2304
2227
2093
1696
1363
1188
1067
953
1039
1255
1426
1773
1943
1784
1591
1264
789
477
183
-124
-215
-166
-69
239
684
774
725
621
234
-211
-466
-814
-1084
-1045
-946
-819
-404
-251
-323
-289
-494
-880
-1124
-1355
-1722
-1846
-1788
-1677
-1451
-1195
-1159
-1153
-1216
-1450
-1643
-1772
-1906
-2018
-1890
-1760
-1649
-1434
-1304
-1309
-1342
-1442
-1722
-1910
-2065
-2231
-2234
-2130
-2007
-1813
-1572
-1387
-1250
-1184
-1228
-1359
-1363
-1441
-1439
-1381
-1249
-1088
-938
-746
-628
-432
-342
-441
-505
-621
-669
-669
-581
-446
-238
76
265
457
640
749
802
783
662
543
394
320
319
293
317
369
469
621
912
1148
1419
1699
1798
1958
1941
1762
1503
1157
841
499
339
252
248
383
619
824
1051
1201
1209
1088
909
582
144
-79
-334
-493
-506
-351
-202
82
393
503
581
510
231
-7
-199
-454
-601
-705
-797
-782
-668
-683
-657
-667
-706
-679
-720
-751
-848
-891
-988
-1037
-1086
-1184
-1211
-1217
-1244
-1259
-1357
-1306
-1305
-1346
-1251
-1219
-1272
-1188
-1064
-1199
-1144
-1200
-1391
-1393
-1548
-1743
-1712
-1671
-1635
-1484
-1243
-1129
-1061
-996
-1109
-1159
-1274
-1454
-1476
-1474
-1410
-1363
-1183
-1091
-1048
-877
-795
-736
-673
-629
-595
-532
-481
-444
-393
-421
-482
-432
-369
-378
-315
-194
-109
51
208
315
327
298
277
217
129
81
96
102
167
237
334
340
414
475
544
614
653
671
592
636
630
643
656
621
565
379
312
208
123
193
161
172
151
205
322
418
409
322
343
319
260
151
53
-18
-138
-347
-486
-492
-407
-361
-333
-254
-153
-104
-148
-73
-62
-161
-219
-225
-304
-350
-337
-418
-445
-518
-617
-674
-655
-657
-688
-636
-504
-439
-291
-226
-249
-308
-371
-588
-748
-756
-789
-798
-711
-546
-467
-367
-279
-269
-355
-444
-555
-654
-720
-785
-844
-732
-678
-653
-539
-416
-427
-372
-289
-377
-433
-439
-533
-342
-85
-32
89
164
19
82
222
12
35
-18
-273
-265
-258
-242
-95
-7
-39
-3
24
-31
-18
-31
-183
-267
-271
-177
-82
-58
-71
-201
-217
-253
-241
-181
-78
20
4
190
253
275
251
139
-3
-76
-143
-215
-228
-351
-400
-436
-386
-340
-315
-327
-382
-291
-235
-202
-213
-215
-274
-332
-358
-352
-406
-500
-583
-722
-703
-768
-900
-906
-910
-942
-952
-927
-871
-803
-773
-832
-904
-990
-1173
-1330
-1503
-1608
-1715
-1802
-1737
-1732
-1698
-1740
-1913
-2026
-2101
-2260
-2371
-2459
-2497
-2504
-2437
-2266
-2162
-2064
-2013
-2045
-2183
-2256
-2341
-2474
-2537
-2584
-2589
-2511
-2364
-2247
-2103
-2000
-1905
-1867
-1874
-1887
-1917
-1915
-1923
-1948
-2025
-2008
-1998
-1941
-1906
-1844
-1807
-1843
-1807
-1807
-1765
-1703
-1669
-1670
-1628
-1632
-1619
-1565
-1512
-1475
-1497
-1482
-1444
-1459
-1457
-1439
-1394
-1416
-1402
-1348
-1298
-1182
-1127
-1091
-1026
-957
-942
-879
-796
-773
-693
-590
-508
-429
-375
-387
-381
-349
-406
-409
-428
-369
-374
-337
-266
-223
-148
-146
-18
81
114
162
256
300
314
354
390
441
451
518
577
619
614
620
666
674
729
801
878
904
905
840
840
866
808
806
818
817
865
870
956
1056
1052
1079
1112
1129
1116
1110
1058
1040
1064
1030
1076
1061
1047
1008
1018
1080
1085
1159
1126
1154
1179
1184
1221
1216
1238
1207
1206
1189
1178
1148
1095
1033
920
840
818
816
840
924
993
1041
1084
1122
1124
1081
1022
910
835
760
746
797
880
952
1021
1097
1140
1162
1150
1132
1118
1072
1062
1042
1057
1061
1092
1108
1121
1096
1105
1095
1101
1180
1304
1339
1421
1462
1461
1489
1482
1518
1504
1528
1564
1568
1561
1605
1526
1563
1536
1501
1462
1443
1497
1479
1536
1610
1714
1715
1799
1813
1789
1792
1758
1763
1699
1730
1755
1794
1854
1927
2019
2036
2053
2067
2053
2084
2040
2009
2046
1993
1978
1978
2000
1962
1892
1873
1844
1860
1860
1794
1827
1783
1721
1633
1540
1430
1311
1151
1014
911
840
822
826
914
973
1037
1102
1113
1097
1093
991
916
815
742
671
705
718
705
717
724
750
720
691
543
437
352
270
233
247
265
275
303
321
408
524
573
479
462
444
418
488
534
615
670
719
656
614
623
538
476
386
328
345
385
472
529
659
770
779
779
749
712
664
575
496
447
338
266
250
228
289
289
310
350
364
380
410
382
302
309
294
292
270
271
227
200
167
154
132
84
65
36
61
62
83
101
107
140
135
117
55
18
-29
-114
-105
-93
-55
-62
-39
-6
-33
-45
-64
-58
-53
-85
-112
-122
-120
-118
-178
-272
-315
-377
-358
-368
-368
-330
-341
-328
-357
-395
-414
-511
-607
-625
-575
-536
-477
-350
-335
-236
-209
-202
-203
-244
-317
-361
-378
-392
-355
-330
-279
-215
-149
-121
-116
-72
-99
-113
-147
-155
-181
-167
-92
-12
88
136
177
185
176
197
153
111
169
160
253
309
362
418
452
494
485
508
451
449
457
409
387
453
452
477
540
528
541
492
439
375
376
368
280
304
378
405
474
551
615
612
627
582
465
348
241
146
121
101
147
214
274
351
412
435
418
443
356
293
249
140
139
168
76
70
79
97
177
163
161
74
110
88
137
153
150
157
120
103
87
102
95
60
50
14
-16
51
33
15
6
29
-15
-14
5
-51
-96
-90
-150
-147
-112
-49
-10
34
88
87
134
125
106
75
18
-7
-67
-34
-39
-70
14
36
30
35
41
29
31
28
-8
-12
-15
-22
-11
52
63
58
43
25
6
-7
21
49
53
120
119
184
224
213
229
205
234
207
227
230
189
199
193
244
285
278
302
291
326
298
277
284
218
200
173
185
215
247
257
304
327
338
340
333
309
314
285
267
300
258
314
313
363
376
376
375
361
430
454
527
571
579
592
571
540
442
416
361
312
284
308
406
439
452
496
554
560
608
605
606
659
657
656
708
722
714
703
757
703
665
677
632
626
637
725
735
757
750
799
861
843
839
842
851
895
912
887
899
851
837
787
777
826
785
766
772
813
812
853
894
894
923
894
850
844
830
795
744
698
716
702
695
735
756
770
762
758
764
774
752
734
772
765
801
797
846
833
816
787
737
728
730
681
676
654
645
679
683
668
678
703
716
692
699
710
671
702
695
718
644
629
674
634
623
627
637
656
644
651
639
641
636
613
607
649
608
588
577
539
573
595
576
566
554
554
526
525
556
519
567
559
572
603
602
588
606
608
645
644
602
633
660
675
699
710
668
750
740
681
703
676
611
633
634
638
668
664
686
731
758
774
772
775
741
713
720
711
701
672
695
736
695
682
726
677
682
696
723
725
742
797
775
825
763
729
683
641
611
635
666
623
624
612
643
608
630
625
544
504
518
527
502
541
532
569
594
600
632
679
632
639
606
548
571
504
518
550
526
507
478
508
492
444
462
471
477
458
457
471
453
437
450
482
482
477
486
482
472
460
477
476
450
432
436
439
416
467
495
452
472
427
421
438
453
468
476
519
483
477
494
458
454
472
470
505
506
496
537
473
485
480
496
510
530
532
579
576
559
562
556
553
531
526
535
552
552
595
563
574
596
637
605
617
594
588
656
614
631
636
566
597
583
600
628
638
642
621
598
596
578
577
585
577
569
558
535
546
540
553
507
506
478
452
501
478
496
449
452
455
447
458
495
452
437
436
431
477
421
457
423
412
438
454
390
407
450
407
416
400
414
405
381
351
340
328
305
285
308
281
272
311
308
279
313
317
287
332
296
303
307
288
252
248
278
283
318
296
313
356
329
319
336
357
334
299
329
355
360
355
348
322
322
331
371
356
318
376
399
426
390
387
368
405
472
470
442
432
449
401
396
400
409
432
410
443
435
418
421
437
431
411
445
402
406
390
405
400
370
446
389
405
377
399
417
382
416
391
387
360
373
386
336
322
328
380
329
307
303
348
343
277
309
305
311
291
317
297
279
280
274
233
270
283
256
231
297
288
245
292
279
266
296
306
290
247
278
285
274
284
271
262
299
290
291
281
248
226
232
258
245
246
255
231
189
198
221
209
215
216
214
184
183
170
215
228
233
216
242
258
234
280
275
236
219
238
281
266
226
218
228
205
213
237
188
186
213
252
260
265
261
280
297
321
293
338
352
312
316
318
288
271
297
350
328
315
302
307
324
327
291
336
332
290
268
217
265
250
297
282
279
290
251
264
237
264
293
296
320
313
296
250
252
240
261
267
243
246
193
202
175
173
133
150
127
125
114
115
117
64
82
78
82
41
45
-14
29
77
49
62
62
66
58
72
87
77
59
67
86
64
70
61
63
60
71
87
52
67
68
59
78
44
21
27
2
41
57
67
69
53
93
87
86
86
103
52
69
69
47
78
85
108
144
158
141
165
125
201
182
154
148
115
141
118
132
113
117
76
127
128
161
218
192
184
157
198
193
195
198
189
164
150
160
140
129
135
127
156
142
108
128
148
127
90
139
103
88
142
115
122
82
117
125
130
168
154
140
82
56
68
68
57
97
43
63
49
37
9
35
45
30
31
17
22
6
16
22
-5
-13
46
11
21
-42
-22
-38
-52
-21
-70
-61
-46
-47
-67
-27
-32
-61
-22
-34
-45
-60
-22
10
-14
-18
-17
33
-31
-17
2
-35
-19
-29
-3
14
0
-8
-48
-37
-35
-18
0
15
11
32
28
34
33
30
84
64
72
61
59
108
100
67
104
104
112
173
142
162
142
130
134
113
137
92
104
88
70
104
138
113
89
68
92
114
119
125
125
106
120
124
89
100
74
79
54
85
101
76
47
32
46
11
28
49
19
21
17
10
24
-1
-20
-20
-56
-26
-34
3
2
-29
-36
-75
-45
-63
-96
-99
-100
-95
-126
-127
-101
-125
-100
-118
-145
-147
-102
-117
-160
-84
-112
-133
-114
-156
-161
-171
-122
-153
-150
-164
-126
-115
-160
-118
-134
-98
-65
-89
-93
-67
-102
-108
-94
-102
-100
-82
-78
-91
-81
-35
-49
-43
-37
-75
-72
-56
-78
-64
-60
-82
-66
-81
-61
-53
-72
-73
-92
-102
-48
-52
-87
-76
-70
-85
-65
-70
-35
-37
-54
-18
-49
-26
-8
-67
-64
-55
-54
-119
-65
-25
-40
-32
-56
-30
-51
-91
-82
-105
-81
-59
-87
-94
-105
-105
-128
-117
-131
-115
-95
-128
-138
-130
-153
-149
-162
-173
-154
-120
-152
-150
-107
-143
-140
-129
-108
-145
-191
-108
-148
-128
-158
-150
-141
-166
-160
-177
-105
-156
-137
-132
-148
-153
-209
-156
-130
-157
-144
-141
-124
-159
-161
-164
-141
-124
-143
-136
-97
-100
-91
-90
-120
-136
-158
-100
-100
-99
-61
-124
-133
-149
-188
-168
-182
-193
-153
-143
-101
-128
-164
-94
-134
-100
-100
-124
-117
-120
-122
-98
-125
-108
-76
-108
-102
-60
-75
-107
-124
-93
-91
-88
-70
-87
-84
-52
-78
-61
-33
-65
-64
-111
-102
-63
-96
-82
-91
-100
-104
-119
-132
-150
-156
-154
-174
-180
-133
-163
-197
-128
-112
-109
-120
-131
-132
-153
-123
-166
-180
-226
-203
-215
-262
-228
-208
-196
-212
-243
-228
-269
-258
-254
-298
-282
-268
-277
-280
-234
-234
-242
-237
-235
-257
-256
-256
-273
-247
-271
-240
-294
-271
-261
-259
-232
-234
-202
-220
-219
-266
-268
-255
-253
-245
-241
-277
-284
-287
-297
-261
-241
-264
-260
-278
-254
-261
-245
-282
-236
-217
-258
-253
-256
-219
-275
-223
-260
-253
-239
-247
-223
-203
-242
-273
-205
-219
-256
-231
-200
-232
-271
-233
-175
-173
-189
-184
-195
-203
-210
-189
-188
-156
-187
-195
-160
-173
-188
-163
-159
-208
-173
-154
-164
-215
-203
-142
-194
-239
-196
-199
-184
-216
-213
-181
-207
-187
-181
-203
-217
-235
-208
-202
-194
-178
-198
-207
-224
-219
-190
-198
-208
-168
-133
-154
-159
-179
-218
-186
-202
-238
-231
-232
-281
-288
-242
-231
-228
-202
-209
-237
-208
-189
-240
-243
-248
-234
-264
-250
-202
-220
-258
-272
-213
-237
-239
-252
-237
-219
-190
-182
-253
-247
-284
-293
-263
-257
-250
-193
-239
-204
-164
-182
-199
-210
-211
-214
-203
-190
-182
-182
-189
-191
-200
-237
-208
-208
-220
-208
-206
-196
-181
-168
-178
-159
-186
-209
-210
-253
-208
-205
-201
-232
-205
-178
-173
-183
-183
-170
-210
-196
-191
-160
-172
-156
-167
-165
-154
-202
-164
-165
-167
-129
-136
-180
-216
-210
-218
-231
-236
-238
-229
-249
-183
-233
-247
-223
-253
-236
-253
-246
-217
-222
-268
-233
-268
-269
-255
-245
-255
-261
-251
-307
-305
-220
-260
-277
-244
-265
-260
-252
-270
-297
-228
-284
-279
-238
-245
-245
-245
-242
-267
-261
-242
-262
-239
-219
-244
-251
-270
-221
-257
-241
-220
-227
-228
-246
-229
-246
-270
-220
-223
-220
-199
-214
-180
-229
-229
-222
-205
-169
-179
-183
-164
-162
-184
-170
-211
-185
-181
-170
-157
-198
-148
-172
-180
-167
-199
-126
-157
-148
-163
-158
-150
-175
-186
-220
-224
-195
-179
-239
-206
-190
-234
-223
-202
-187
-200
-201
-180
-219
-203
-183
-153
-189
-206
-241
-223
-198
-185
-192
-208
-216
-207
-148
-174
-178
-205
-211
-222
-209
-229
-183
-182
-208
-191
-190
-229
-217
-228
-236
-218
-239
-201
-232
-201
-175
-201
-221
-277
-196
-244
-247
-231
-264
-217
-253
-249
-269
-282
-265
-226
-309
-286
-301
-274
-245
-232
-236
-251
-239
-308
-243
-233
-206
-228
-251
-249
-269
-238
-271
-300
-275
-257
-213
-213
-239
-240
-263
-246
-224
-196
-199
-209
-242
-241
-211
-238
-223
-212
-210
-236
-247
-260
-256
-207
-204
-239
-188
-197
-220
-196
-210
-163
-214
-204
-224
-217
-182
-205
-172
-179
-186
-217
-205
-214
-187
-192
-222
-180
-191
-193
-195
-177
-158
-170
-154
-194
-241
-211
-175
-158
-182
-154
-174
-203
-171
-200
-210
-202
-230
-246
-194
-181
-216
-194
-191
-169
-170
-155
-196
-190
-187
-196
-182
-208
-194
-228
-197
-202
-185
-184
-170
-184
-163
-177
-157
-195
-206
-156
-194
-209
-224
-200
-225
-225
-168
-214
-226
-235
-273
-263
-238
-244
-214
-180
-194
-146
-171
-215
-200
-167
-192
-223
-225
-216
-204
-223
-210
-236
-219
-190
-200
-216
-167
-188
-197
-203
-233
-205
-203
-195
-180
-188
-220
-180
-197
-210
-207
-212
-198
-185
-231
-208
-223
-224
-214
-214
-215
-219
-196
-218
-226
-240
-215
-199
-189
-168
-184
-183
-191
-208
-195
-198
-208
-215
-217
-155
-152
-202
-172
-225
-189
-153
-165
-151
-187
-154
-168
-180
-165
-184
-233
-200
-193
-213
-228
-193
-187
-204
-179
-223
-243
-207
-210
-217
-193
-180
-186
-178
-175
-195
-189
-164
-161
-195
-184
-185
-160
-194
-179
-183
-235
-209
-213
-237
-206
-223
-192
-201
-199
-228
-204
-216
-208
-221
-267
-231
-219
-183
-189
-227
-212
-213
-219
-215
-181
-186
-237
-191
-205
-204
-165
-169
-205
-157
-157
-189
-181
-229
-192
-180
-151
-137
-201
-191
-192
-188
-187
-187
-152
-154
-157
-163
-140
-138
-158
-92
-119
-157
-179
-154
-151
-206
-217
-162
-179
-166
-143
-186
-156
-166
-155
-152
-135
-150
-156
-163
-176
-216
-197
-162
-200
-188
-204
-185
-218
-212
-180
-161
-165
-167
-138
-171
-175
-190
-199
-168
-205
-168
-163
-140
-176
-182
-178
-175
-150
-220
-212
-201
-215
-220
-187
-199
-207
-251
-225
-211
-186
-178
-182
-170
-201
-216
-213
-213
-190
-206
-192
-172
-213
-184
-204
-201
-196
-193
-173
-173
-138
-180
-152
-158
-131
-138
-210
-253
-291
-288
-270
-250
-193
-194
-169
-157
-137
-127
-144
-164
-176
-170
-183
-172
-204
-172
-150
-138
-131
-140
-129
-168
-183
-211
-230
-203
-205
-224
-177
-207
-182
-166
-162
-126
-118
-106
-135
-92
-91
-129
-123
-91
-145
-153
-148
-170
-136
-118
-137
-153
-148
-165
-182
-193
-202
-158
-187
-149
-170
-142
-83
-125
-113
-141
-158
-174
-138
-171
-185
-192
-139
-142
-170
-132
-134
-171
-161
-141
-180
-176
-183
-181
-172
-152
-159
-187
-157
-174
-165
-159
-157
-121
-186
-164
-165
-195
-208
-202
-193
-245
-207
-194
-234
-204
-211
-189
-205
-194
-197
-187
-189
-207
-149
-185
-121
-130
-157
-116
-128
-140
-136
-111
-157
-151
-143
-134
-156
-157
-103
-123
-102
-90
-157
-140
-129
-145
-158
-167
-149
-121
-163
-158
-124
-112
-108
-109
-104
-80
-89
-101
-118
-105
-88
-94
-107
-76
-59
-61
-77
-119
-86
-91
-109
-131
-114
-105
-130
-160
-172
-185
-135
-146
-144
-102
-151
-138
-137
-145
-137
-149
-152
-117
-151
-154
-169
-159
-168
-161
-133
-140
-135
-163
-135
-168
-167
-196
-159
-166
-179
-139
-196
-212
-234
-227
-210
-222
-190
-174
-186
-175
-192
-236
-200
-200
-173
-162
-190
-187
-172
-182
-183
-206
-162
-177
-206
-192
-167
-144
-191
-182
-199
-177
-144
-171
-187
-171
-164
-165
-214
-168
-186
-160
-138
-129
-142
-154
-125
-128
-142
-152
-126
-139
-128
-118
-86
-111
-127
-102
-132
-122
-97
-133
-122
-110
-84
-97
-62
-51
13
47
14
31
-35
-103
-136
-169
-216
-269
-264
-161
-143
-92
-23
-3
26
40
-1
-54
-109
-144
-147
-144
-148
-164
-110
-97
-74
-74
-86
-117
-195
-204
-289
-285
-277
-297
-221
-150
-76
-38
22
53
36
25
-55
-83
-119
-175
-186
-193
-185
-98
-34
17
33
-21
-35
-105
-142
-159
-171
-103
-131
-130
-63
-37
14
41
59
60
54
59
28
-8
-42
-51
-85
-65
-6
11
58
-13
-27
-22
-63
-71
-100
-124
-125
-131
-84
-31
-13
48
44
70
113
47
9
-54
-88
-84
-105
-109
-35
-64
-25
17
9
51
20
28
-13
18
-39
-81
-85
-66
-4
15
-25
6
44
22
46
38
-10
-62
-84
-117
-117
-117
-95
-113
-53
28
-8
12
-13
3
-11
-24
-52
-31
-78
-111
-40
-24
28
-5
-18
-28
1
-12
-44
-33
-66
-76
-128
-114
-132
-80
-48
-41
9
14
23
14
14
-88
-63
-95
-154
-99
-108
-83
-81
-65
-73
-25
7
-12
-16
-54
-53
-56
-146
-189
-181
-262
-284
-269
-202
-151
-94
-52
-15
11
-19
-20
-99
-91
-101
-125
-130
-110
-116
-96
-91
-131
-120
-139
-114
-150
-170
-188
-141
-152
-136
-107
-113
-55
-64
-21
-48
-51
4
-58
-60
-75
-99
-105
-110
-77
-121
-94
-125
-81
-67
-79
-70
-78
-87
-128
-136
-142
-126
-139
-122
-75
-68
-39
-65
-49
-75
-83
-68
-118
-88
-85
-86
-107
-75
-83
-76
-104
-46
0
20
-12
-57
-17
-8
-83
-89
-82
-81
-101
-102
-53
-47
-35
-35
26
5
-48
-44
-9
-47
-74
-53
-73
-47
-62
-56
-63
-56
-20
-73
-73
-98
-89
-103
-134
-77
-50
-89
-69
-16
-40
-53
-27
-41
-67
-42
-59
-100
-107
-105
-112
-66
-58
-75
-69
-48
-15
-43
-38
-73
-90
-97
-93
-80
-99
-39
-59
-84
-55
-37
-61
-57
-62
-26
-25
-68
-54
-63
-83
-54
-21
-6
-23
-10
