-22
5
-35
-21
-21
-61
-26
-59
-39
-35
-51
-8
7
-6
-3
1
18
9
-1
-12
-10
-59
-44
-11
-32
-12
-30
-12
-42
-37
-42
5
-7
-12
-32
-28
-21
-21
21
-63
-79
-67
-18
-59
-32
-54
-102
-53
-102
-109
-93
-67
-69
-56
-62
-56
-98
-80
-83
-86
-86
-59
-21
-72
-45
-38
-39
-60
-66
-41
-7
-67
-66
-65
-87
-57
-64
-49
-50
-65
-94
-73
-60
-95
-104
-107
-68
-68
-58
-58
-77
-54
-36
-45
-52
-24
-49
-61
-57
-52
-59
-67
-57
-81
-96
-73
-61
-76
-66
-40
-30
-39
-66
-40
-53
-77
-79
-75
-88
-73
-73
-39
-44
-74
-66
-54
-21
-38
-17
-48
-62
-69
-58
-64
-76
-48
-80
-52
-34
-59
-79
-37
-39
-15
-28
-46
-55
-11
-22
-50
-22
-17
-12
-53
-54
-9
3
19
14
-10
-31
1
-12
-39
-21
-11
27
30
53
48
-26
-61
-66
-37
3
16
28
8
12
11
1
22
42
-1
42
62
34
-31
-25
-23
-25
19
11
5
-45
-21
22
-12
6
9
-32
9
-57
-55
-57
-40
-27
-58
-31
-45
-29
-83
-74
-41
-41
-42
-85
-72
-43
-19
17
-32
-43
-26
-3
6
7
-10
-45
17
-30
-33
-14
-23
-44
-28
4
0
-24
-61
-12
-47
0
13
-29
-25
-31
-33
-36
-28
-12
0
-35
-15
-43
-41
-45
-22
-12
-34
-15
-13
-34
-61
-29
-31
-26
-45
-28
-16
-42
-5
-6
12
-8
14
-43
-85
-30
-21
-38
-29
-10
-52
-60
-44
-77
-60
-70
-61
-31
-46
-29
-67
-44
-35
-52
-30
-21
-36
-42
-32
-61
-45
-12
-54
-57
-47
-67
-58
-34
-51
-32
-46
-52
-59
-25
-15
-10
11
-11
-15
-35
-31
-42
-23
-40
-35
-24
-54
-17
-32
-34
-26
-58
-27
4
-9
-63
-62
-36
-32
-57
-39
-36
-72
-44
-52
-42
-35
-38
-46
-40
-14
-43
-62
-54
-48
-95
-101
-85
-86
-112
-85
-85
-97
-77
-103
-119
-63
-59
-104
-64
-77
-70
-22
-65
-32
-52
-97
-69
-100
-76
-108
-60
-80
-59
-46
-46
-57
-57
-61
-45
-56
-73
-33
-52
-65
-101
-69
-54
-60
-31
-57
-81
-43
-75
-92
-100
-71
-36
-103
-103
-71
-86
-55
-95
-55
-36
-36
-36
-7
-22
-64
-1
3
-50
-17
-53
-48
-49
-38
-44
-62
-55
-112
-81
-93
-87
-86
-116
-100
-128
-89
-73
-138
-110
-82
-69
-67
-43
-55
-55
-81
-81
-58
-54
-27
-61
-60
-66
-44
-48
-64
-54
-74
-68
-122
-92
-67
-100
-95
-97
-20
-43
-66
-77
-80
-74
-119
-43
-44
-48
-97
-72
0
-18
36
-12
-28
-35
-49
-30
-23
-10
-26
-22
-54
-27
-70
-53
11
-64
-77
-33
-15
-53
-49
-9
-52
-84
-40
-30
-17
-91
-72
-56
-77
-70
-111
-93
-101
-111
-98
-114
-105
-98
-76
-127
-119
-96
-109
-86
-92
-110
-104
-101
-99
-112
-89
-101
-108
-99
-120
-106
-102
-112
-110
-107
-107
-104
-84
-83
-98
-124
-148
-106
-99
-107
-80
-106
-79
-95
-155
-105
-115
-93
-107
-134
-137
-124
-108
-137
-122
-123
-102
-107
-62
-94
-146
-77
-47
-53
-39
-52
-47
-72
-70
-64
-101
-86
-75
-77
-61
-81
-107
-119
-122
-125
-161
-146
-111
-130
-166
-157
-104
-127
-131
-143
-141
-126
-134
-97
-130
-93
-111
-148
-133
-111
-107
-93
-74
-79
-50
-81
-80
-61
-58
-85
-109
-89
-87
-122
-98
-122
-86
-127
-119
-81
-118
-108
-127
-96
-99
-64
-83
-109
-44
-41
-59
-42
-70
-88
-88
-87
-100
-90
-47
-92
-107
-53
-84
-92
-109
-123
-68
-90
-96
-120
-157
-151
-122
-138
-146
-98
-119
-123
-103
-103
-129
-155
-155
-130
-101
-119
-149
-113
-132
-151
-147
-157
-126
-134
-149
-150
-143
-152
-159
-130
-141
-127
-131
-143
-140
-159
-157
-121
-149
-124
-141
-152
-125
-120
-113
-118
-99
-78
-100
-103
-120
-134
-102
-128
-94
-110
-102
-144
-140
-95
-142
-113
-122
-89
-116
-116
-85
-118
-107
-86
-114
-117
-94
-115
-136
-118
-108
-116
-130
-161
-131
-146
-189
-180
-186
-210
-205
-153
-187
-201
-152
-174
-156
-148
-158
-118
-152
-135
-123
-145
-121
-151
-112
-149
-115
-110
-132
-117
-117
-125
-137
-143
-121
-133
-157
-111
-117
-130
-104
-104
-142
-165
-132
-149
-129
-108
-105
-75
-78
-64
-81
-68
-84
-56
-58
-100
-84
-119
-103
-86
-89
-116
-113
-80
-83
-113
-92
-106
-109
-107
-122
-127
-118
-82
-120
-53
-33
-102
-59
-105
-87
-95
-96
-111
-93
-66
-79
-86
-77
-92
-92
-92
-101
-91
-112
-76
-109
-122
-108
-128
-172
-174
-129
-101
-115
-143
-119
-110
-104
-79
-87
-88
-74
-86
-122
-107
-112
-112
-106
-92
-96
-108
-113
-113
-126
-110
-113
-112
-85
-109
-124
-69
-95
-122
-90
-67
-92
-77
-75
-57
-68
-77
-97
-118
-58
-73
-71
-105
-115
-98
-130
-182
-99
-136
-148
-112
-152
-172
-173
-103
-156
-165
-116
-158
-111
-101
-96
-124
-161
-139
-142
-153
-125
-152
-143
-151
-151
-166
-184
-150
-150
-114
-127
-95
-107
-105
-130
-114
-111
-151
-120
-152
-129
-147
-168
-186
-216
-201
-183
-154
-135
-141
-166
-144
-124
-134
-141
-108
-116
-129
-123
-147
-136
-126
-95
-112
-99
-139
-114
-94
-156
-134
-154
-166
-179
-162
-134
-177
-171
-163
-167
-137
-125
-102
-121
-116
-150
-102
-82
-121
-114
-114
-144
-107
-128
-132
-91
-74
-112
-93
-28
-71
-78
-114
-101
-86
-92
-125
-126
-163
-170
-138
-118
-98
-100
-79
-59
-80
-81
-44
-45
-56
-67
-81
-99
-104
-95
-98
-100
-79
-127
-111
-60
-87
-111
-85
-91
-102
-110
-165
-119
-123
-111
-107
-89
-78
-104
-88
-95
-59
-74
-104
-102
-93
-86
-106
-90
-82
-59
-73
-97
-96
-112
-106
-81
-95
-119
-124
-137
-114
-129
-118
-130
-123
-119
-129
-78
-104
-66
-110
-114
-136
-110
-117
-155
-157
-130
-127
-140
-154
-131
-151
-147
-130
-139
-95
-106
-82
-135
-119
-116
-113
-159
-129
-102
-93
-96
-145
-112
-99
-99
-118
-101
-116
-118
-87
-136
-137
-145
-127
-128
-123
-120
-156
-117
-101
-72
-141
-120
-104
-92
-75
-99
-71
-90
-65
-76
-89
-97
-116
-135
-99
-99
-104
-105
-136
-107
-118
-102
-89
-125
-127
-122
-141
-131
-119
-118
-124
-123
-102
-140
-130
-128
-121
-91
-80
-63
-64
-79
-79
-110
-124
-117
-110
-82
-77
-104
-84
-87
-91
-65
-135
-113
-98
-101
-124
-93
-54
-53
-70
-60
-71
-93
-86
-89
-85
-104
-97
-131
-119
-81
-75
-81
-70
-55
-46
-40
-42
-84
-115
-119
-101
-101
-121
-104
-76
-98
-75
-99
-117
-92
-88
-83
-78
-47
-66
-82
-65
-52
-30
-65
-86
-74
-108
-142
-95
-104
-105
-88
-136
-122
-137
-132
-111
-146
-119
-166
-127
-117
-121
-89
-117
-154
-151
-67
-128
-151
-132
-80
-115
-115
-61
-103
-112
-133
-111
-111
-112
-123
-98
-95
-81
-69
-107
-91
-56
-27
-45
-56
-75
-79
-58
-75
-89
-49
-56
-72
-25
-60
-74
-51
-71
-17
-29
-42
-31
-53
-18
-40
-37
-30
-12
-20
-25
-72
-55
-59
-88
-19
-48
-105
-95
-71
-102
-49
-65
-54
-75
-91
-36
-74
-60
-59
-76
-95
-46
-77
-64
-67
-94
-81
-93
-99
-84
-46
-75
-72
-50
-94
-110
-116
-105
-140
-115
-118
-116
-126
-138
-119
-96
-83
-87
-96
-58
-52
-82
-56
-46
-42
-2
-35
-65
-58
-10
-38
-24
-2
-14
-6
-22
-7
-66
-26
-31
-23
-75
-92
-67
-63
-46
-61
-74
-61
-36
-23
21
-8
-5
7
-19
-22
4
-28
-14
-21
1
-22
-21
-35
-14
-15
-40
-15
-22
-35
-29
-26
-5
-20
-46
-44
-37
-16
23
-35
-22
8
-3
21
-50
-4
-39
10
5
-19
-3
-30
-24
-12
-6
3
-41
8
11
-45
-44
-37
-7
-34
-13
-41
16
-5
-21
2
-20
4
39
60
3
-18
-21
-18
-4
-70
-76
-28
-40
-9
-23
-47
-17
-31
-32
-23
-89
-41
-29
-52
-64
-83
-63
-35
-48
-52
-49
-31
-20
-21
-47
-63
-35
-71
-35
-30
-46
-28
-7
-37
-20
-17
-64
-50
-34
-74
-15
-30
-18
-49
-22
-42
-65
18
-9
20
-20
-16
-35
-35
-20
-17
-10
-40
-27
3
-11
-36
-27
-31
-57
-53
-56
21
0
-33
-24
-13
-28
-35
0
-54
-44
-66
-70
-50
-65
-47
-16
-25
-58
-43
-74
-77
-64
-52
-13
-40
-20
-6
-20
-72
-24
-27
-77
-66
-27
-56
-20
-3
-81
-55
-61
-21
-39
-62
-65
-52
11
-20
-36
-16
-36
-24
-11
22
7
43
15
9
-20
-13
4
21
22
-10
-6
2
24
-7
33
-1
7
-7
-26
3
-42
-15
-38
-39
-9
-24
-43
-56
-37
-38
-19
-48
-87
-47
-68
-65
-59
-61
-54
-53
-38
-46
-38
-58
-10
-31
-37
-27
-40
21
-11
-44
-32
-34
-10
-29
-23
-24
-9
-8
-14
3
-27
3
-7
-1
4
14
-11
-57
-84
-58
-47
-40
-10
-35
-23
-1
-57
-79
-48
-61
-58
-38
-28
-37
-63
-40
-32
1
-29
-13
5
-33
-21
-27
-36
-42
-35
-43
-32
-47
-29
-59
-35
-39
-73
-62
-62
-63
-67
-90
-21
-60
-96
-25
-34
-45
-67
-68
-45
-33
-73
-76
-58
-97
-90
-62
-67
-41
-82
-72
-57
-100
-89
-95
-79
-54
-71
-73
-78
-68
-56
-69
-108
-85
-51
-42
-75
-116
-97
-88
-72
-71
-116
-128
-68
-54
-74
-46
-33
-67
-64
-96
-82
-46
-73
-61
-53
-59
-84
-55
-87
-85
-52
-89
-48
-52
-43
-45
-62
-80
-77
-53
-29
-28
-24
-22
2
19
-46
-13
-1
-17
-25
-27
-39
-30
-17
-57
-57
-21
-33
-44
-5
-36
-44
-27
-29
-21
-27
-54
-66
-67
-66
-77
-77
-65
-89
-74
-70
-94
-89
-84
-65
-104
-109
-126
-90
-80
-70
-100
-123
-52
-99
-88
-97
-96
-97
-70
-52
-52
-59
-63
-52
-93
-36
-62
-99
-54
-58
-21
-25
-58
-26
-49
-77
-93
-58
-43
-29
-43
-48
-22
-45
-59
-21
-31
-50
-32
-39
-46
-22
-81
-69
-46
-46
-10
-77
-64
-68
-61
-49
-46
-76
-102
-95
-79
-74
-79
-75
-61
-74
-67
-64
-88
-59
-88
-54
-26
-34
-36
-53
-70
-106
-66
-72
-83
-35
-52
15
-34
-40
-24
-5
-36
-63
-29
-59
-37
-49
-41
-39
-37
-43
-27
-31
-3
-12
-21
-26
-24
-29
-19
-26
-18
9
-36
10
-10
-18
-44
-14
-26
-62
-49
-35
-36
-75
-81
-40
-29
-24
-14
-22
-39
-64
-40
-52
-40
-66
-41
-29
-62
-10
26
-23
-65
-10
-41
-65
-43
-53
-32
-19
-18
-8
-20
-27
-33
-70
-74
-78
-71
-32
1
-13
-33
-40
-26
-1
-7
17
-21
-23
17
65
8
-24
-28
-60
-53
-21
-46
-34
-34
-48
-13
-34
-17
-21
-48
3
22
-15
-4
-21
-7
-47
-61
-17
-38
-44
-51
-40
-54
-44
-29
-15
-44
-52
-79
-88
-102
-93
-116
-84
-27
-93
-48
-43
-71
-57
-93
-77
-68
-59
-20
-59
-98
-68
-41
-63
5
-5
-45
-67
-79
-92
-94
-36
-52
-31
-8
-29
-49
-76
-28
-33
-67
-74
-46
-53
-50
-38
-73
-55
-78
-67
-91
-87
-73
-66
-58
-40
-74
-80
-91
-68
-99
-103
-87
-98
-71
-79
-11
-21
-38
-18
-52
-22
-16
1
-5
-13
-3
-38
-44
-66
-51
-22
-62
-57
-17
-46
-45
9
-17
-27
-5
44
0
4
32
20
25
33
-3
-13
44
9
-15
7
8
-15
-31
-8
-10
2
-3
-5
-29
-42
-34
-50
-19
-33
-16
-45
-26
-32
-38
-28
-33
-14
-39
3
-40
-54
-46
-20
-42
-36
-34
-32
11
-36
-44
-29
-8
-29
-40
-27
-37
-27
-18
-46
-33
-24
-14
8
-17
-18
-34
-54
3
-19
-3
-9
-40
-41
-38
-41
-41
-26
-62
-23
-16
-16
3
-56
-24
-22
-53
-68
-58
-19
-30
-42
-71
-55
-75
-31
12
-34
-72
-40
-45
15
10
-8
-12
-7
-26
-40
-74
-53
-19
-49
-14
-50
-59
-39
1
24
9
-21
-18
23
-4
-14
-16
20
-8
3
5
-13
-18
-28
-7
1
-18
-47
-40
-10
-3
1
-8
-38
-41
-19
-21
-30
-3
11
19
4
-16
-12
-19
12
53
9
33
42
51
48
53
105
41
60
43
15
-6
7
4
-20
-27
-36
-34
-28
-34
-34
-9
-31
-1
-2
0
-12
7
14
10
6
25
51
54
56
29
32
35
54
6
-55
-37
-33
-46
-41
-81
-20
-31
-24
-25
-24
-1
-42
0
-5
-24
-20
-21
-6
-8
-31
-44
-45
-25
-35
-57
-49
-79
-66
-75
-29
-18
-18
-18
-49
-36
-11
-14
44
-3
-21
9
1
11
12
1
-21
-17
8
6
29
37
-25
-10
11
13
3
24
65
49
30
51
53
11
13
16
-20
-22
-13
-41
6
48
28
23
16
10
19
21
24
5
1
-16
0
25
31
63
44
55
68
86
84
42
12
17
58
59
34
59
35
35
62
59
74
53
86
57
47
80
60
46
63
40
45
14
26
74
17
46
43
62
75
59
73
72
41
95
55
26
39
33
60
37
75
60
84
102
43
79
77
80
41
58
49
12
28
-5
9
24
12
12
44
39
27
35
52
62
74
80
104
85
68
45
44
93
59
48
110
109
98
39
53
40
50
40
32
35
30
58
48
64
43
39
19
31
69
66
23
48
15
38
23
32
34
43
61
52
58
71
80
48
54
69
81
43
68
27
43
80
63
47
59
27
26
43
54
57
11
40
17
54
32
61
39
38
33
15
48
41
19
-3
24
35
59
24
66
115
63
39
73
74
27
34
60
60
48
65
64
60
71
56
77
76
67
84
74
73
82
152
147
146
142
145
168
152
162
153
122
79
82
75
37
19
42
65
36
84
61
59
51
58
100
89
107
105
149
157
159
153
143
160
154
142
136
106
58
28
45
45
40
64
106
75
100
124
104
109
171
183
105
151
149
138
142
138
117
132
140
86
96
95
33
43
38
38
15
75
112
109
72
89
121
131
116
97
116
101
104
124
172
107
71
83
95
58
86
39
9
27
0
39
49
76
51
24
73
111
101
83
103
90
45
56
94
66
83
53
21
34
28
37
60
41
45
20
71
20
18
48
49
56
87
83
67
87
68
65
91
75
62
73
37
26
49
-14
-11
2
-48
-4
-21
-50
-23
-1
32
12
13
38
45
66
69
44
21
43
77
49
5
17
24
5
41
50
46
54
42
52
81
104
112
101
99
102
101
120
78
113
91
73
84
69
99
82
58
49
63
59
59
71
65
89
88
67
55
41
65
65
59
69
122
93
48
77
33
-13
-4
25
9
-16
10
4
16
13
27
12
54
29
23
62
36
66
53
46
49
65
54
17
-6
4
37
14
-7
21
28
15
34
10
17
52
37
16
50
79
95
71
100
71
61
70
74
30
38
62
23
64
69
98
84
85
91
56
58
63
60
49
81
146
89
99
77
63
94
65
88
57
59
70
67
95
75
90
53
85
95
70
84
64
134
142
106
94
132
140
127
136
128
142
112
120
99
108
129
100
105
90
77
98
80
102
122
136
134
131
126
117
98
108
110
96
118
116
78
87
93
68
133
150
77
104
133
126
129
94
119
105
116
109
124
164
136
156
157
129
138
132
107
109
98
122
147
139
138
110
159
145
138
141
140
154
136
122
129
142
125
111
142
145
112
107
94
138
114
111
97
60
51
90
77
74
60
74
80
64
43
10
89
31
8
47
-9
-33
-895
-1869
-2105
-2347
-2399
-2105
-2108
-1638
-559
-300
-15
630
35
-504
-356
-710
-1185
-1295
-1396
-1538
-1034
-577
-657
-412
-236
-546
-414
-218
-737
-809
-668
-689
-252
30
116
505
398
320
584
53
-203
-94
-642
-819
-612
-451
27
264
192
257
546
679
233
-165
162
-493
-744
398
28
155
1447
715
538
1987
1065
-63
1078
160
-1347
52
-178
-1199
215
286
-787
742
1422
-261
289
1264
-312
-190
878
-52
-277
744
624
288
832
495
-155
-1
14
-381
-488
-314
-264
-222
278
496
288
359
605
437
257
216
-80
-93
-29
79
312
264
287
298
136
77
-203
-638
-632
-777
-670
-332
-239
-110
47
165
-13
-97
-311
-768
-947
-951
-975
-744
-463
-464
-347
104
60
-26
59
-199
-479
-446
-428
-576
-421
-219
-343
-20
-5
-303
-315
-601
-806
-926
-1018
-876
-738
-576
-135
33
-23
224
-19
-217
-52
-438
-503
-298
-455
-273
241
-145
-772
-130
-332
-716
254
-328
-771
448
187
-175
1181
781
-90
1273
1167
595
1508
1332
690
1380
1712
1148
1433
1766
1228
1624
2449
2195
2487
3279
3483
4092
5116
5581
5984
6284
5544
4499
3158
1159
-1085
-3328
-4973
-6034
-6477
-5981
-4750
-3180
-1294
688
2332
3636
4288
4484
4407
3987
3418
2857
2394
1968
1573
1288
857
99
-790
-1815
-2883
-3769
-4388
-4723
-4570
-3841
-2664
-1160
501
1989
3144
3990
4343
4196
3601
2673
1524
455
-476
-1264
-1748
-2052
-2267
-2372
-2521
-2837
-3321
-3626
-3837
-4036
-4250
-4000
-3433
-2834
-1588
-743
-274
694
779
320
478
-377
-1754
-2081
-2836
-3611
-3174
-3145
-3190
-2412
-2009
-1712
-1180
-1062
-1080
-782
-561
-264
285
661
1151
1684
2004
2176
2087
1749
1304
1073
719
460
497
453
883
1660
2271
3203
4161
4678
5896
7513
9307
11970
12885
12761
11843
8139
4004
-373
-5665
-10030
-13281
-15760
-15058
-12067
-8927
-4692
-271
3298
6149
8043
8925
8294
6947
5691
4604
4196
3853
3497
3295
2848
2167
854
-1102
-3746
-6539
-8717
-9991
-10184
-9405
-7470
-4646
-1061
2851
6101
8526
9673
9570
8613
6934
4643
2116
-165
-1797
-2685
-2967
-2844
-2722
-2776
-2722
-2758
-3097
-3563
-3895
-3914
-3338
-2041
-256
1804
3735
5457
6640
7223
6890
5681
3788
1472
-764
-2767
-4226
-5190
-5513
-5213
-4440
-3331
-2190
-1336
-683
-213
170
532
897
1299
1816
2510
3233
3809
4136
3974
3357
2353
1031
-421
-2000
-3400
-4343
-4769
-4599
-4027
-3106
-2046
-928
64
880
1361
1588
1063
-765
-1428
-2710
-4536
-3792
-4669
-5379
-2954
-2919
-2754
101
-388
-1312
648
-494
-1534
-120
-1327
-2123
-860
-1223
-1631
-830
-1345
-2269
-1944
-2358
-2972
-2416
-2448
-2253
-952
-42
820
2063
2511
2757
3192
2712
2188
1903
967
720
814
703
1277
2251
3166
4576
6329
7298
8635
10105
10941
12199
12649
10838
7619
3455
-1733
-6123
-9890
-13746
-15544
-15469
-13675
-9629
-4761
-427
3236
6630
8894
9994
10173
8941
7075
5521
4416
3568
2868
2100
984
82
-919
-2548
-4530
-6942
-8910
-9989
-9807
-8517
-6584
-3814
-460
3168
6571
9126
10204
10043
8891
7000
4735
2118
-554
-2717
-4079
-4513
-4428
-4156
-3788
-3616
-3337
-2891
-2739
-2599
-2313
-1799
-693
971
2683
4270
5505
6238
6435
6091
4814
2759
366
-1998
-4234
-7861
-10002
-11417
-13013
-11305
-9961
-9287
-5358
-2605
-1119
3126
4952
4286
5927
5233
3249
3293
1410
-1120
-2054
-3463
-4964
-5063
-5518
-6442
-5855
-5139
-4484
-2730
-1316
-135
1719
3220
4367
5350
5618
5289
5182
4568
3851
3276
2019
1332
1254
1343
2020
3378
4727
6988
10486
14354
18903
17235
10881
6147
-109
-4934
-9126
-17126
-21252
-18882
-15923
-10508
-2354
1647
4256
8186
10908
12173
10508
6852
3389
1871
2568
2698
3063
2890
1940
2611
2890
1262
-2527
-7049
-10476
-12166
-11450
-10379
-8824
-6044
-1607
4023
8879
12169
12455
11220
9744
7450
4766
1090
-2756
-5152
-5760
-4648
-3410
-2819
-2635
-2263
-1790
-1440
-1661
-2825
-3690
-3484
-2111
278
2572
4081
5472
6877
7686
7669
6275
3488
361
-2241
-4115
-5545
-6529
-6978
-6528
-5035
-2970
-1235
-111
437
723
1253
1708
1690
1478
1487
1931
2599
3462
3773
3325
2427
1304
-69
-2997
-6065
-8732
-11196
-11387
-10410
-9710
-6983
-3828
-1660
1756
4484
4733
4801
4332
2615
1571
534
-1438
-2970
-3698
-4351
-4504
-4355
-4884
-5260
-4911
-4577
-3850
-2707
-1653
-378
1436
3128
4446
5226
5023
4583
3701
2560
1467
126
-1055
-1418
-1127
-254
1176
2302
3612
5401
6810
8548
10183
11710
13325
15730
15784
11439
7056
1783
-3813
-7148
-12377
-17605
-17939
-16259
-13541
-7759
-2401
789
4626
8213
10593
11352
10221
8003
5924
5269
4591
3730
3174
1678
767
542
-449
-2778
-5796
-8449
-10402
-10613
-9733
-8534
-6452
-3429
794
5068
8627
10551
10762
10207
8820
6899
4166
786
-2122
-4180
-4824
-4652
-4605
-4491
-4198
-3744
-2922
-2420
-2500
-2580
-2370
-1314
410
2277
3829
4963
5930
6519
6416
5415
3362
693
-1799
-3785
-5407
-6605
-7381
-7547
-6802
-5630
-4744
-3929
-3462
-3181
-2284
-1320
-773
-97
505
878
1751
2272
1894
1151
-97
-1700
-3068
-4350
-5783
-6635
-7012
-6567
-5293
-3902
-2362
-941
151
1191
1950
2231
2127
1824
1449
1288
1306
1135
873
686
449
453
516
374
350
455
647
1295
2175
3125
4387
5631
7221
9072
10666
12232
14242
14949
13651
12182
7473
1536
-2838
-8915
-13586
-15400
-17280
-16735
-12364
-7897
-3456
2124
5850
8383
10396
10766
10081
8413
6680
4952
3808
3358
2255
1679
1032
-357
-1624
-3442
-5532
-7911
-9434
-9779
-9399
-7514
-4966
-1735
1842
5442
8401
10108
10732
9733
8005
5689
2808
265
-2150
-3878
-4585
-4723
-4294
-3727
-3229
-2750
-2374
-2216
-1976
-1826
-1535
-732
496
2001
3483
4814
5627
5906
5599
4533
2906
845
-1404
-3329
-4763
-5673
-6032
-5664
-4956
-3834
-2588
-1575
-814
-475
-945
-1534
-1965
-3055
-3021
-2715
-3288
-2191
-1194
-1382
-416
-146
-1452
-1693
-2292
-3761
-3792
-4042
-4409
-3511
-2666
-2141
-1132
-503
-510
-381
-516
-933
-1113
-1267
-1341
-1000
-438
100
719
1039
1217
1380
1247
991
705
411
276
555
879
1316
2154
2733
3218
4004
4620
5256
6519
7471
8471
10267
12202
13028
12808
11795
9070
5656
1353
-4299
-9402
-12802
-14773
-15283
-13313
-10123
-6220
-1504
2866
6666
9048
9828
9525
8446
7143
5418
3830
2589
1627
1351
1208
829
-97
-1515
-3156
-4932
-6459
-7600
-8131
-7814
-6319
-3665
-571
2645
5387
7510
8860
9044
8308
6465
3953
1316
-1095
-2700
-4110
-4712
-4620
-4261
-3343
-2525
-2068
-1752
-1582
-1599
-1331
-778
-265
641
1781
2909
3978
4686
4705
3949
2716
949
-949
-2930
-4769
-6053
-6844
-6725
-6801
-6382
-5055
-4700
-3747
-2482
-2756
-2029
-902
-1256
-517
546
-94
172
620
-480
-997
-1583
-3107
-4090
-4508
-5168
-5287
-4568
-4181
-3405
-1939
-1069
-353
403
542
578
579
324
166
-4
-198
-11
101
184
574
447
305
462
263
349
738
816
1351
2382
3187
4024
4946
5378
5961
6807
7334
7821
8690
9346
10677
11725
10986
9926
7570
4120
702
-3719
-8263
-11394
-13224
-13517
-11696
-8807
-5246
-1133
2736
6350
8670
9521
9377
8223
6850
5149
3638
2326
983
283
-157
-492
-1091
-2210
-3474
-4821
-5880
-6518
-6659
-6164
-5006
-2872
-311
2626
5005
6753
7895
7873
7224
5755
3431
1015
-1205
-2926
-3835
-4258
-4220
-3787
-3068
-2304
-1591
-1184
-1074
-1177
-1082
-829
-393
294
1093
1915
2456
3011
3100
2513
1406
69
-1762
-3656
-4719
-6296
-7080
-6655
-6793
-5883
-4145
-3477
-2405
-1085
-1014
-738
-251
-675
-769
-871
-1122
-1288
-1544
-1696
-2257
-2696
-2993
-3677
-3938
-3943
-3987
-3523
-2889
-2165
-1310
-504
183
501
699
697
375
20
-157
-443
-386
-123
-20
367
589
697
924
839
839
1029
1014
1150
1543
2130
2613
3274
3904
4477
5473
6342
6906
7883
8813
9689
11526
11924
11095
10211
7299
3986
707
-3846
-7872
-10477
-12291
-12363
-10647
-8119
-4902
-1365
2261
5369
7378
8512
8439
7619
6774
5286
3929
2878
1488
678
136
-652
-1614
-2792
-3980
-5121
-5979
-6306
-6161
-5481
-4018
-1961
410
2909
4797
6207
7012
6772
6044
4588
2673
679
-1241
-2582
-3474
-4000
-3965
-3653
-3194
-2440
-1768
-1316
-936
-660
-312
37
504
941
1352
1816
2012
1940
1654
741
-722
-1871
-3240
-4468
-5027
-5767
-5915
-5131
-4584
-3781
-2419
-1923
-1643
-864
-1045
-1312
-1138
-1656
-2073
-1745
-1877
-2096
-1767
-2064
-2579
-2468
-2868
-3373
-3208
-3326
-3229
-2477
-1819
-1258
-529
-93
137
415
216
-142
-411
-861
-1114
-1016
-901
-651
-217
137
456
820
915
896
1000
996
1176
1551
1870
2340
2918
3755
4570
4898
5264
5791
5953
6617
7476
8100
9373
10680
10737
10348
9058
6142
3135
-534
-4866
-8254
-10627
-11899
-11438
-9413
-6471
-2960
645
3924
6500
8040
8458
7772
6580
5059
3371
2178
1053
289
-79
-439
-827
-1408
-2276
-3370
-4432
-5237
-5584
-5514
-4777
-3359
-1501
817
3020
4746
6011
6419
5984
4979
3332
1340
-480
-2151
-3239
-3668
-3673
-3347
-2757
-2122
-1525
-1098
-951
-943
-972
-870
-680
-335
334
878
1431
1776
1421
1148
268
-1225
-2169
-3522
-4883
-5111
-5488
-5472
-4349
-3832
-3063
-1806
-1584
-1176
-1007
-1428
-1520
-1983
-2334
-2128
-2189
-2157
-1724
-1641
-1703
-1662
-2002
-2412
-2637
-2971
-3190
-2899
-2528
-2244
-1363
-666
-371
219
318
46
-1
-366
-683
-730
-706
-470
77
554
891
1227
1312
1307
1116
980
775
740
1055
1490
2049
2799
3585
4229
5145
5758
6381
7062
7347
7972
8645
9611
10405
9781
8514
6786
4224
1341
-2177
-5881
-8854
-10534
-10675
-9826
-7835
-4898
-1948
1349
4833
6887
7875
8156
7249
6184
4997
3338
1855
555
-343
-799
-1146
-1529
-2373
-3162
-3739
-4394
-4725
-4689
-4431
-3613
-2079
-183
1875
3599
4825
5579
5704
5167
3940
2233
399
-1377
-2638
-3487
-3964
-3855
-3507
-2832
-2025
-1332
-870
-587
-519
-503
-326
-230
35
401
553
562
759
439
-158
-709
-2054
-3165
-3713
-4571
-4901
-4581
-4426
-3865
-2749
-2001
-1449
-884
-849
-1130
-1329
-1715
-2338
-2629
-2759
-2949
-2614
-2182
-2117
-1932
-1799
-1909
-1999
-2066
-2285
-2372
-2170
-1979
-1405
-853
-542
-178
-81
27
-88
-409
-683
-1041
-1118
-817
-461
-35
447
871
1306
1626
1796
1822
1514
1407
1394
1559
2053
2781
3464
4228
5033
5697
6414
6885
7403
7961
8423
9352
9782
8895
7843
5785
3104
653
-2691
-6103
-8140
-9608
-9901
-8529
-6519
-4058
-1201
1659
4262
6190
7109
6995
6299
5371
4077
2819
1756
435
-417
-817
-1335
-1654
-2312
-3169
-3764
-4296
-4559
-4325
-3794
-3043
-1684
70
1874
3415
4458
4975
4917
4411
3302
1810
273
-1359
-2555
-3087
-3386
-3336
-2922
-2438
-1806
-1115
-660
-492
-424
-427
-258
-50
33
-23
55
218
74
-195
-555
-1426
-2408
-2851
-3598
-4248
-4166
-4156
-4047
-3220
-2373
-2042
-1444
-1108
-1354
-1342
-1575
-2197
-2487
-2568
-2856
-2768
-2283
-2264
-2090
-1747
-1764
-1906
-1808
-2138
-2325
-2232
-2180
-1915
-1496
-1144
-907
-455
-262
-167
-144
-328
-529
-538
-520
-320
73
347
656
985
1120
1268
1182
1033
928
984
1236
1637
2100
2794
3751
4513
5428
6086
6380
6833
7252
7533
7951
8851
9035
8266
7413
5490
2924
605
-2715
-6207
-8206
-9583
-9805
-8205
-6307
-3833
-546
2312
4850
6829
7431
7033
6142
5025
3474
2093
934
-276
-904
-1210
-1334
-1522
-1897
-2545
-3097
-3340
-3716
-3767
-3417
-2712
-1522
115
1816
3171
4103
4566
4490
3972
2812
1212
-367
-1883
-2947
-3428
-3505
-3352
-2857
-2078
-1246
-551
-95
56
-99
-109
-166
-317
-276
-402
-499
-364
-323
-547
-1001
-1667
-2461
-3059
-3538
-4016
-4103
-3946
-3619
-2800
-1943
-1404
-957
-692
-781
-919
-1276
-1883
-2477
-3038
-3282
-3260
-3154
-2960
-2709
-2388
-1983
-1610
-1501
-1472
-1493
-1636
-1617
-1441
-1483
-1441
-1286
-1241
-1120
-925
-1053
-1204
-1109
-1073
-818
-290
149
631
1197
1503
1729
1818
1634
1298
1142
922
776
1169
1500
2175
3217
3974
4850
5888
6694
7489
8212
8849
9432
9839
9346
8054
6492
3969
1311
-1325
-4470
-7130
-8535
-9142
-8685
-6856
-4854
-2470
418
2923
5071
6421
6815
6443
5697
4715
3366
2206
1006
-174
-910
-1287
-1657
-2221
-2776
-3264
-3613
-3709
-3764
-3430
-2781
-1905
-498
1085
2552
3542
4264
4474
4195
3525
2347
992
-489
-1690
-2526
-2960
-3053
-2968
-2451
-1817
-1285
-724
-320
-271
-177
-63
-164
-82
-107
-231
-121
-171
-328
-634
-1069
-1710
-2452
-2853
-3318
-3752
-3798
-3687
-3510
-2770
-2136
-1853
-1208
-1013
-1191
-1067
-1298
-1852
-2088
-2379
-2805
-2811
-2657
-2714
-2549
-2149
-2133
-1922
-1613
-1754
-1817
-1641
-1729
-1701
-1374
-1442
-1372
-1101
-1040
-1018
-864
-884
-872
-634
-425
-103
414
842
1143
1462
1661
1642
1702
1517
1071
891
728
725
1257
1987
2694
3840
5141
6094
7142
8033
8482
9064
9792
9952
8874
7414
5601
2861
635
-1873
-5021
-7299
-8379
-8734
-7982
-6210
-4472
-2312
356
2704
4748
6047
6400
6113
5607
4905
3745
2613
1211
-49
-814
-1310
-1893
-2609
-3252
-3774
-3965
-3857
-3634
-3153
-2537
-1608
-179
1326
2589
3370
3831
3966
3743
3212
2112
848
-444
-1553
-2232
-2579
-2844
-2941
-2601
-2247
-1683
-1219
-948
-695
-511
-430
-36
202
-2
132
92
-191
-240
-553
-1325
-2042
-2553
-3150
-3563
-3444
-3581
-3634
-2919
-2359
-2176
-1473
-1192
-1504
-1295
-1327
-1797
-1941
-2086
-2455
-2443
-2151
-2108
-2108
-1859
-1845
-1855
-1622
-1642
-1808
-1703
-1719
-1750
-1499
-1341
-1334
-1277
-1136
-1162
-1051
-926
-923
-814
-511
-208
253
771
1098
1257
1423
1419
1298
1227
918
645
572
763
1086
1599
2345
3036
3954
5222
6124
6848
7395
7679
8095
8605
8924
8279
7103
5409
3074
1229
-989
-3823
-5773
-7136
-7916
-7127
-5656
-4271
-2081
131
2050
4208
5540
5815
5577
5046
4245
3306
2414
1148
88
-585
-1140
-1389
-1770
-2443
-3021
-3291
-3286
-3207
-2814
-2352
-1654
-497
779
2073
2880
3379
3496
3383
2956
2073
1047
-133
-1156
-1761
-2116
-2214
-2175
-1956
-1632
-1216
-736
-440
-300
-296
-258
-262
-166
-113
-304
-296
-458
-779
-931
-1313
-1855
-2338
-2799
-2999
-3000
-3062
-2915
-2568
-2222
-1830
-1381
-1226
-1246
-1380
-1587
-1806
-2051
-2254
-2505
-2574
-2429
-2394
-2117
-1824
-1753
-1626
-1423
-1223
-1155
-1026
-1033
-1056
-965
-893
-878
-900
-1012
-1174
-1066
-958
-921
-701
-414
-67
461
1054
1435
1683
1734
1699
1657
1536
1359
1078
957
1126
1547
2266
3050
3855
4764
5742
6643
7105
7509
7638
7724
8083
7650
6665
5518
3674
1887
459
-1647
-3484
-4572
-5670
-5612
-4536
-3709
-2288
-632
735
2464
3931
4503
4726
4675
4214
3647
3132
2365
1270
441
-253
-787
-1173
-1777
-2384
-2646
-2782
-2700
-2307
-1972
-1474
-697
235
1281
2158
2680
2906
2964
2753
2349
1742
918
41
-669
-1040
-1349
-1515
-1547
-1542
-1348
-946
-673
-481
-296
-282
-230
-78
44
32
-30
-146
-362
-489
-753
-1140
-1477
-1971
-2220
-2263
-2390
-2409
-2277
-2055
-1851
-1525
-1196
-1151
-1207
-1231
-1342
-1513
-1529
-1789
-1907
-1850
-1897
-1745
-1550
-1499
-1361
-1153
-1026
-809
-731
-738
-678
-687
-716
-641
-741
-852
-856
-836
-800
-622
-427
-272
44
407
788
1270
1577
1647
1788
1922
1947
2125
2134
1934
2102
2273
2552
3181
3562
4140
5002
5628
6501
7561
8154
8925
9521
9110
8218
6852
4606
2310
72
-2729
-4755
-6018
-6696
-6350
-5073
-3572
-1813
207
1898
3328
4522
4918
4830
4676
4133
3534
3014
2358
1566
980
428
-195
-850
-1611
-2369
-2927
-3111
-3140
-2766
-2156
-1461
-419
758
1832
2671
3197
3336
3173
2857
2252
1543
796
32
-527
-796
-1024
-1073
-1016
-1033
-910
-704
-573
-530
-377
-268
-75
157
320
459
495
330
306
9
-449
-853
-1523
-2016
-2226
-2499
-2513
-2295
-2254
-1944
-1533
-1315
-1083
-963
-1060
-1080
-1089
-1302
-1489
-1478
-1600
-1684
-1524
-1526
-1543
-1387
-1425
-1419
-1255
-1245
-1195
-1059
-940
-880
-666
-536
-485
-357
-377
-389
-336
-265
-247
-125
71
306
663
1000
1156
1341
1537
1586
1721
1886
2039
2159
2326
2616
2907
3311
3714
4111
4680
5453
6223
7166
8078
8571
9116
8843
7871
6582
4180
1720
-485
-3063
-4916
-5952
-6669
-6221
-4722
-3231
-1424
523
1988
3257
4191
4612
4498
4278
3761
3057
2703
2168
1515
1005
361
-312
-918
-1619
-2427
-3017
-3281
-3277
-2809
-2176
-1249
-113
988
2061
2814
3294
3339
2991
2474
1776
1078
368
-228
-658
-840
-995
-985
-906
-956
-947
-841
-754
-745
-588
-430
-174
182
406
532
631
497
302
-51
-674
-1227
-1628
-2183
-2447
-2461
-2585
-2378
-2056
-1896
-1609
-1249
-1155
-1212
-1106
-1108
-1290
-1264
-1240
-1386
-1417
-1337
-1564
-1551
-1487
-1711
-1654
-1566
-1628
-1502
-1249
-1147
-1024
-822
-813
-750
-712
-788
-894
-848
-776
-701
-481
-226
56
427
769
1013
1252
1300
1225
1199
1223
1190
1272
1493
1828
2327
2854
3457
4109
4653
5237
5828
6444
7057
7636
8275
8422
8078
7191
5603
3699
1764
-697
-2955
-4626
-5862
-6285
-5786
-4821
-3514
-1798
-117
1568
3022
3964
4322
4426
4145
3661
3137
2498
1720
996
419
-158
-667
-1233
-1878
-2418
-2839
-3072
-2938
-2678
-2274
-1568
-636
417
1382
2175
2641
2827
2752
2390
1839
1129
423
-275
-777
-1145
-1319
-1309
-1290
-1212
-1122
-909
-779
-686
-574
-462
-372
-180
-41
57
125
38
-90
-329
-645
-987
-1523
-1904
-2149
-2501
-2580
-2450
-2459
-2261
-1912
-1809
-1600
-1357
-1369
-1329
-1289
-1333
-1387
-1468
-1473
-1574
-1660
-1519
-1672
-1844
-1771
-1883
-2025
-1742
-1713
-1755
-1321
-1158
-1118
-739
-576
-822
-758
-712
-1030
-967
-875
-990
-785
-461
-270
181
706
831
1123
1357
1374
1343
1410
1354
1447
1851
2147
2586
3354
4037
4565
5265
5866
6273
6993
7623
7648
7276
6496
5180
3592
2033
-42
-2003
-3466
-4683
-5321
-5038
-4370
-3402
-2215
-927
517
1686
2541
3073
3255
3216
3039
2821
2518
2036
1356
725
225
-364
-1041
-1758
-2393
-2908
-3128
-3034
-2848
-2456
-1807
-1030
-51
783
1472
1982
2100
1965
1704
1342
797
212
-305
-722
-959
-1084
-1141
-1234
-1315
-1369
-1321
-1275
-1215
-1179
-1076
-954
-793
-528
-346
-289
-356
-447
-644
-991
-1298
-1680
-2056
-2247
-2394
-2515
-2430
-2382
-2328
-2141
-1943
-1857
-1773
-1689
-1703
-1692
-1665
-1656
-1679
-1620
-1649
-1632
-1654
-1677
-1793
-1868
-1806
-1927
-1892
-1674
-1633
-1468
-1149
-1111
-987
-871
-1020
-980
-922
-1067
-1037
-866
-788
-579
-160
179
475
781
920
1014
1119
1146
1091
1189
1378
1592
2074
2600
3042
3604
4198
4607
5059
5649
5887
6171
6396
6000
5499
4740
3403
2036
653
-993
-2218
-3038
-3689
-3751
-3271
-2668
-1806
-874
60
796
1508
1909
2068
2209
2122
1937
1755
1538
1128
768
376
-117
-553
-1034
-1608
-1949
-2253
-2396
-2252
-1948
-1600
-1061
-396
181
663
1028
1134
1041
923
663
351
19
-313
-605
-723
-837
-959
-969
-953
-1100
-1245
-1193
-1322
-1396
-1292
-1279
-1186
-909
-831
-743
-540
-659
-766
-812
-1187
-1529
-1736
-2026
-2275
-2309
-2356
-2364
-2302
-2194
-2146
-1988
-1942
-1961
-1852
-1771
-1734
-1647
-1555
-1585
-1565
-1551
-1576
-1666
-1717
-1809
-1837
-1689
-1595
-1497
-1214
-1026
-876
-628
-649
-722
-738
-851
-902
-761
-637
-508
-163
138
465
842
1105
1121
1251
1272
1222
1417
1651
1881
2278
2753
3164
3803
4200
4326
4686
4901
5121
5520
5770
5472
5126
4596
3456
2447
1253
-423
-1605
-2372
-3068
-3072
-2502
-2097
-1292
-291
425
1245
1855
2013
2001
2053
1759
1520
1414
1050
706
559
294
-8
-213
-661
-1125
-1466
-1829
-1990
-1881
-1789
-1587
-1104
-527
9
509
903
974
965
872
580
270
-180
-641
-948
-1043
-1195
-1217
-1122
-1196
-1210
-1119
-1180
-1171
-1106
-1198
-1274
-1010
-907
-834
-621
-648
-778
-726
-884
-1290
-1454
-1759
-2188
-2266
-2306
-2438
-2273
-2139
-2222
-2021
-1774
-1774
-1757
-1659
-1798
-1921
-1778
-1834
-1905
-1746
-1712
-1657
-1404
-1240
-1165
-1035
-1032
-1092
-1024
-1020
-1070
-1034
-948
-879
-708
-438
-229
37
269
464
735
893
865
914
925
916
1027
1182
1343
1613
1985
2290
2815
3295
3687
4071
4307
4368
4458
4516
4336
4319
4434
4196
3872
3312
2235
1253
295
-885
-1690
-2107
-2501
-2267
-1517
-884
55
1009
1330
1761
2102
1947
1745
1477
867
491
337
77
23
13
-220
-364
-449
-733
-962
-1151
-1522
-1599
-1505
-1333
-1018
-649
-296
52
393
591
594
429
104
-339
-644
-839
-1012
-1077
-1067
-1090
-980
-867
-818
-905
-1060
-1225
-1408
-1525
-1507
-1569
-1451
-1229
-1103
-964
-742
-715
-943
-1051
-1275
-1549
-1722
-1785
-1966
-2108
-2071
-2098
-2026
-1928
-1989
-2084
-2161
-2281
-2376
-2355
-2281
-2220
-1989
-1669
-1365
-1108
-823
-786
-893
-911
-1032
-1248
-1385
-1515
-1568
-1401
-1180
-884
-546
-173
81
365
674
819
789
839
748
749
882
1091
1282
1541
1935
2230
2701
3113
3410
3547
3609
3579
3488
3487
3609
3635
3667
3981
3989
3662
3335
2521
1550
784
-183
-994
-1245
-1617
-1557
-909
-451
165
788
1131
1318
1528
1332
1145
1034
751
429
384
410
298
264
132
-128
-420
-738
-1088
-1299
-1448
-1610
-1481
-1204
-890
-477
-47
182
338
442
344
133
-193
-511
-824
-979
-1073
-1085
-933
-935
-931
-839
-875
-975
-1104
-1240
-1351
-1384
-1403
-1408
-1368
-1277
-1157
-1141
-1203
-1187
-1354
-1583
-1638
-1778
-1895
-1823
-1761
-1765
-1658
-1595
-1579
-1564
-1616
-1752
-1887
-1871
-1973
-1959
-1888
-1895
-1778
-1655
-1541
-1511
-1425
-1389
-1499
-1445
-1428
-1352
-1208
-1056
-974
-743
-470
-254
15
259
419
484
607
614
512
460
485
512
707
962
1238
1611
2023
2469
2898
3227
3465
3567
3543
3411
3360
3286
2855
2559
2104
1756
1707
1461
1129
1118
888
734
931
935
827
742
528
307
413
430
486
494
476
487
627
775
727
666
579
332
149
145
-55
-256
-443
-597
-552
-456
-480
-435
-414
-501
-583
-451
-422
-556
-527
-556
-563
-436
-291
-320
-319
-449
-611
-630
-777
-1000
-1050
-1196
-1322
-1188
-1050
-964
-835
-815
-802
-845
-985
-1042
-1211
-1429
-1569
-1628
-1677
-1638
-1642
-1729
-1618
-1604
-1624
-1576
-1605
-1669
-1702
-1689
-1669
-1722
-1660
-1622
-1632
-1571
-1503
-1449
-1415
-1422
-1505
-1517
-1537
-1583
-1596
-1607
-1622
-1553
-1390
-1261
-1161
-1025
-964
-881
-707
-455
-266
-72
113
262
443
456
433
374
270
189
295
452
690
1029
1328
1705
2180
2492
2717
3002
3144
3105
3176
3124
3039
2984
2804
2730
2719
2443
2106
1793
1390
1110
907
565
300
129
-56
11
118
250
495
676
880
1055
1154
1281
1150
893
681
395
107
-21
-149
-308
-309
-370
-347
-297
-347
-447
-562
-690
-800
-775
-698
-696
-614
-585
-530
-347
-266
-344
-365
-461
-711
-810
-857
-1059
-1171
-1263
-1381
-1281
-1148
-1109
-1063
-1120
-1209
-1208
-1196
-1232
-1207
-1252
-1386
-1283
-1182
-1233
-1179
-1241
-1485
-1539
-1581
-1765
-1816
-1842
-1979
-1988
-1765
-1656
-1618
-1545
-1563
-1594
-1470
-1448
-1414
-1307
-1293
-1272
-1158
-1071
-1069
-1031
-1107
-1201
-1303
-1290
-1354
-1409
-1353
-1294
-1101
-797
-493
-186
162
321
443
511
484
418
381
381
431
613
845
1123
1432
1712
1953
2121
2332
2408
2412
2441
2386
2374
2410
2308
2180
2127
1962
1845
1836
1518
1290
1103
738
687
654
488
475
488
404
596
867
894
957
906
713
591
540
360
128
12
-160
-242
-184
-137
-168
-196
-287
-399
-352
-369
-445
-459
-538
-674
-603
-528
-576
-553
-502
-648
-650
-630
-725
-779
-854
-996
-1073
-1041
-1070
-1106
-1128
-1242
-1307
-1324
-1333
-1318
-1325
-1312
-1349
-1284
-1265
-1256
-1272
-1390
-1493
-1488
-1557
-1637
-1626
-1667
-1680
-1658
-1615
-1627
-1580
-1591
-1619
-1518
-1535
-1477
-1372
-1336
-1308
-1219
-1165
-1141
-1032
-1010
-1074
-1005
-960
-993
-857
-750
-692
-506
-265
-115
98
206
201
170
166
75
-38
-50
3
142
368
598
885
1324
1623
1904
2135
2244
2311
2191
1974
1750
1442
1244
1192
1140
1145
1313
1407
1512
1675
1695
1671
1582
1387
1257
1155
1029
953
855
754
698
646
607
690
583
553
576
427
464
533
380
367
301
84
-10
-88
-216
-278
-306
-461
-510
-430
-437
-397
-341
-459
-571
-630
-619
-734
-844
-897
-1005
-1002
-936
-971
-995
-1027
-1118
-1197
-1191
-1280
-1390
-1390
-1478
-1534
-1446
-1361
-1287
-1141
-1190
-1238
-1233
-1277
-1326
-1405
-1492
-1616
-1560
-1598
-1592
-1512
-1481
-1455
-1421
-1354
-1327
-1201
-1119
-1125
-1028
-975
-842
-725
-638
-632
-601
-481
-511
-444
-393
-350
-260
-234
-253
-209
-194
-189
-79
65
267
480
730
919
1098
1145
1210
1192
1132
1051
912
848
812
807
914
1135
1327
1493
1685
1847
1975
2105
2140
2064
2001
1749
1583
1403
1176
1116
879
653
518
313
218
358
313
232
463
492
618
878
914
911
859
643
425
349
204
-37
-159
-329
-474
-418
-364
-347
-304
-325
-416
-568
-598
-639
-800
-942
-1079
-1112
-1085
-1034
-1080
-1052
-1115
-1248
-1267
-1271
-1286
-1266
-1292
-1318
-1255
-1212
-1189
-1169
-1261
-1417
-1448
-1508
-1473
-1447
-1413
-1360
-1336
-1211
-1071
-989
-987
-941
-964
-1027
-1022
-1064
-1058
-1081
-1051
-966
-918
-736
-645
-563
-453
-447
-355
-255
-230
-165
-140
-147
-95
-33
72
112
189
317
369
483
554
573
625
702
713
797
845
955
1112
1282
1381
1463
1530
1628
1702
1639
1683
1625
1562
1507
1411
1335
1225
1189
1054
1037
989
827
788
717
571
510
539
454
492
540
530
676
815
858
811
818
730
482
401
220
32
-1
-71
-128
-59
-37
-109
-141
-147
-236
-287
-335
-446
-431
-450
-491
-403
-351
-430
-483
-516
-646
-767
-890
-1084
-1217
-1251
-1338
-1291
-1145
-1131
-1041
-984
-998
-1025
-1039
-1097
-1147
-1221
-1303
-1319
-1300
-1241
-1201
-1100
-1064
-1022
-933
-964
-998
-1011
-1018
-1001
-947
-880
-796
-703
-608
-524
-424
-354
-328
-288
-301
-258
-243
-204
-158
-152
-89
-55
-11
45
141
223
287
356
445
532
636
751
801
866
919
955
976
901
864
800
700
667
696
748
823
939
1044
1145
1221
1234
1155
1024
828
666
516
402
282
234
263
316
368
439
446
466
518
474
394
455
407
342
409
328
264
284
147
80
51
-131
-289
-273
-282
-320
-141
-58
23
185
232
155
65
-39
-233
-402
-555
-714
-809
-777
-781
-689
-534
-523
-476
-440
-482
-507
-554
-611
-658
-683
-718
-732
-715
-711
-736
-773
-832
-932
-977
-973
-1007
-1073
-1012
-984
-901
-751
-669
-628
-577
-569
-598
-607
-675
-702
-741
-688
-639
-541
-382
-281
-158
-89
-18
4
29
20
-59
-74
-105
-114
-14
2
84
189
288
332
352
375
360
373
346
295
278
316
299
364
396
480
522
540
554
501
524
516
500
496
513
527
565
536
496
520
499
427
344
250
233
241
228
302
289
326
399
429
331
343
264
111
70
-26
-62
-31
-19
28
115
168
175
236
205
115
38
-40
-161
-274
-268
-326
-307
-299
-289
-181
-150
-111
-78
-120
-199
-253
-304
-315
-339
-363
-349
-348
-350
-357
-327
-381
-454
-525
-515
-534
-463
-368
-348
-269
-260
-224
-257
-266
-270
-433
-427
-475
-478
-420
-396
-342
-307
-277
-258
-242
-222
-228
-224
-182
-175
-142
-119
-96
-49
-63
-75
-24
-46
-46
-16
-15
17
32
85
144
120
174
180
189
179
145
174
153
160
175
146
201
250
228
241
250
231
238
254
255
268
243
274
324
363
403
414
432
345
260
189
89
19
-8
22
58
142
238
345
406
393
336
255
212
136
57
78
71
50
97
151
145
107
19
-68
-94
-140
-145
-130
-95
12
119
217
211
277
302
214
189
115
-19
-89
-90
-151
-160
-93
-90
-81
-33
-36
-23
-13
-80
-142
-140
-191
-199
-180
-153
-133
-119
-121
-105
-143
-177
-243
-304
-293
-309
-217
-170
-92
-23
26
66
84
78
21
-41
-80
-101
-76
-64
-67
-59
-51
3
58
101
130
114
65
48
71
94
119
145
158
159
138
156
175
135
94
29
13
55
42
69
58
67
96
116
164
158
184
184
185
158
138
178
144
97
85
70
32
43
16
-19
1
1
-4
28
51
62
151
141
112
84
56
46
37
-14
-25
-90
-116
-87
-68
-12
9
51
58
32
47
21
-60
-72
-98
-98
-140
-187
-190
-157
-149
-150
-113
-145
-81
-13
39
44
77
75
73
75
-4
-32
-91
-134
-188
-159
-114
-98
-72
-50
16
28
-18
9
-26
-89
-44
-66
-63
-57
-43
-18
-18
42
52
2
11
-3
-72
-69
-75
-58
-61
-58
20
49
67
85
100
55
25
-2
-16
-43
-41
-8
-65
0
74
31
45
38
-28
11
4
-2
25
22
49
87
72
53
104
134
150
104
108
64
46
22
-31
-25
-33
-4
33
79
108
165
186
91
77
108
104
68
52
79
11
21
8
-56
14
-52
-51
-29
-23
-2
9
24
67
92
81
78
84
72
16
-33
-41
-58
-99
-109
-127
-126
-98
-49
-50
-13
7
-23
1
-16
6
-35
-35
-47
-60
-41
-35
-33
-35
-39
-8
10
-8
0
-58
-60
-118
-154
-104
-135
-68
-53
-93
2
-34
-42
-18
-14
0
-8
-22
-2
-46
-43
-53
-85
-44
-28
-49
-19
33
9
-1
4
-16
-1
-1
-30
-2
21
12
36
37
46
47
16
31
9
36
81
78
103
124
92
123
93
78
86
74
91
75
68
77
96
118
177
192
168
214
230
220
224
197
232
207
153
123
135
173
167
139
141
187
142
190
238
208
229
185
158
140
152
211
120
115
149
95
75
86
65
34
66
44
71
64
20
36
-25
-33
3
-27
-45
-23
-26
-1
-15
8
6
-40
-47
-71
-61
-84
-131
-66
-43
-123
-73
-91
-122
-92
-74
-106
-111
-60
-71
-66
-46
-21
-37
-35
-22
-26
-3
-13
-5
-24
36
26
-3
1
-16
-10
10
37
-18
26
-31
-18
6
-20
30
16
38
31
36
80
78
75
36
10
54
58
105
46
49
85
84
66
29
69
58
56
36
40
61
45
51
95
114
117
137
168
164
101
69
59
47
-21
7
8
52
49
53
105
76
105
92
111
86
66
98
114
113
145
82
59
80
67
31
30
17
-2
38
41
66
41
85
27
38
59
42
55
67
10
2
57
13
10
-2
24
38
19
6
-17
-1
15
8
-19
-56
-48
-54
3
-22
8
40
21
29
36
9
6
2
5
46
-3
41
17
42
43
-7
44
5
-9
13
-54
-51
18
2
4
57
72
65
124
154
136
106
125
120
158
131
57
77
69
46
99
73
125
174
151
125
124
128
90
96
139
128
144
132
154
141
92
138
135
147
130
156
117
99
74
56
127
91
112
167
151
127
99
94
48
66
95
57
80
48
39
5
4
20
-5
14
20
20
46
57
61
92
73
77
75
82
50
48
54
27
21
34
13
20
5
-11
15
-15
14
13
-9
2
17
44
64
67
64
89
67
72
59
43
79
64
58
73
84
83
57
64
62
27
28
26
30
58
80
95
62
98
133
67
114
107
71
79
81
92
53
87
109
107
127
90
116
118
68
109
103
104
130
103
116
121
127
112
125
171
126
108
140
132
142
100
87
75
43
60
48
57
78
71
84
75
63
50
48
27
42
72
45
51
-6
42
38
71
47
25
72
35
47
35
51
66
25
53
103
79
61
101
109
75
59
59
20
22
16
22
7
-20
-7
-7
67
73
91
82
58
59
59
60
62
85
81
72
51
86
37
35
34
61
31
-37
-12
-6
21
-7
6
6
21
54
9
33
28
16
32
82
103
70
40
59
99
74
77
53
75
53
61
60
61
75
53
118
118
86
67
79
111
129
178
148
117
175
155
148
176
125
135
149
152
199
181
162
177
193
173
181
192
174
178
198
208
223
208
208
234
214
184
197
212
161
146
157
174
130
112
140
148
126
124
158
144
149
162
142
88
94
116
99
65
69
33
70
107
111
87
113
140
118
93
90
92
78
48
47
39
57
75
38
54
56
62
71
22
10
53
12
32
2
-35
-18
-3
30
54
43
24
59
73
99
135
129
166
175
128
124
140
136
105
104
106
83
82
111
75
121
112
104
137
76
92
128
156
148
141
145
136
176
171
170
177
158
165
186
202
174
171
155
175
182
149
139
140
171
196
156
174
194
212
174
156
210
242
232
248
262
259
297
208
232
216
191
204
208
258
245
242
241
217
222
233
240
258
261
257
284
263
229
232
189
181
183
169
158
168
142
179
189
162
138
142
160
158
164
146
165
136
128
132
128
132
141
92
166
146
147
182
174
127
112
130
98
164
139
151
149
105
82
87
77
108
129
110
102
76
56
38
59
64
45
39
25
-4
1
40
86
103
86
118
101
112
96
117
129
91
85
68
102
130
59
67
99
63
69
74
106
105
86
124
100
116
171
159
148
159
137
125
134
142
161
144
144
181
182
166
202
162
162
173
155
149
157
178
191
184
176
204
244
173
175
213
217
187
180
153
177
150
155
175
171
172
166
154
171
213
190
173
169
132
118
135
146
146
115
138
129
102
111
111
112
104
99
121
142
133
123
112
95
132
88
47
92
50
77
61
84
105
104
88
71
49
70
124
96
99
107
106
82
106
102
79
128
90
77
109
107
130
132
103
114
130
128
97
111
62
74
90
83
89
65
100
112
124
132
125
161
147
139
165
171
161
155
178
167
164
176
119
106
111
94
141
100
138
170
122
146
153
167
183
165
188
206
176
180
173
176
144
193
144
146
230
172
156
150
158
141
149
190
149
154
182
226
203
159
174
169
199
181
166
180
167
146
115
107
140
110
109
146
122
84
83
92
97
104
87
71
59
65
71
51
90
48
74
70
43
91
59
42
27
47
51
38
36
77
54
78
84
69
37
54
57
60
97
73
96
94
86
100
128
68
67
28
79
52
79
56
96
83
95
100
72
108
86
122
111
95
110
119
120
88
112
102
101
163
149
138
145
156
117
133
141
137
187
160
164
216
209
234
227
209
178
221
236
226
259
209
212
200
202
162
223
210
171
182
200
222
209
203
190
185
192
215
215
204
178
208
217
157
178
209
140
150
114
122
142
143
138
143
127
112
138
99
106
120
101
88
97
105
142
131
110
77
80
98
103
113
113
91
62
52
83
61
75
112
52
59
58
33
51
41
52
62
28
47
41
72
89
85
83
30
42
38
43
53
38
40
57
63
76
48
81
83
86
99
109
104
114
107
131
141
120
84
111
129
118
116
100
124
132
146
145
141
150
135
131
125
137
176
117
126
110
163
128
140
128
110
117
109
148
88
101
70
99
115
143
142
125
121
137
171
162
131
136
143
141
162
103
132
124
129
123
94
150
133
140
110
123
172
155
145
162
142
123
134
131
135
67
78
66
44
45
59
74
97
63
47
24
12
76
27
19
4
20
41
40
31
65
40
11
11
28
9
7
22
20
21
-7
-49
5
-3
2
22
37
77
50
17
4
50
59
51
36
80
72
58
60
69
70
71
66
50
57
55
79
84
54
34
43
100
74
38
63
38
59
85
92
62
80
81
92
121
61
64
67
46
36
74
89
114
88
55
106
78
68
74
90
53
82
114
87
84
95
91
85
42
45
59
54
93
71
50
94
95
54
92
101
56
32
4
31
30
26
34
14
75
67
49
42
35
44
54
16
-20
26
57
49
29
32
50
71
68
29
27
29
31
42
66
65
4
45
67
14
54
39
9
7
35
1
23
77
4
47
55
24
3
24
86
103
105
87
105
71
41
84
78
93
65
72
103
104
75
66
36
31
36
41
35
53
59
28
39
30
56
31
26
-11
11
12
47
35
43
56
54
35
53
82
37
95
47
38
54
58
53
75
84
101
120
72
87
81
79
75
83
69
110
111
98
141
134
167
119
122
133
135
132
153
166
129
107
123
128
93
103
102
119
98
89
94
111
100
115
88
83
70
95
114
77
120
82
63
71
86
81
87
113
126
122
100
111
74
57
102
107
73
55
42
54
79
86
123
100
110
121
129
87
110
144
78
79
140
111
142
109
80
75
53
84
85
87
98
84
102
97
111
112
70
138
119
119
103
112
113
89
96
105
131
101
88
94
140
94
93
70
91
139
129
93
90
94
65
93
124
128
91
79
74
123
87
67
40
45
21
63
101
97
85
106
121
83
104
83
106
111
113
59
104
107
86
53
55
90
78
25
58
87
67
57
66
63
90
86
34
55
54
39
43
59
60
64
54
73
65
51
85
62
50
52
63
53
74
46
45
72
36
66
99
119
68
68
60
56
91
66
41
44
63
14
54
9
5
63
30
70
59
92
67
64
76
52
94
56
65
72
32
61
34
51
50
24
16
8
9
23
0
17
63
40
42
67
93
108
100
103
95
69
77
108
94
82
70
73
81
62
67
48
47
95
83
91
93
84
89
69
91
121
150
112
84
95
100
138
128
126
109
50
56
91
118
101
115
135
118
134
105
113
79
77
92
114
106
82
45
42
29
31
1
25
33
58
56
48
67
29
30
1
-3
-11
1
21
10
-1
14
15
1
-4
17
30
19
15
-3
-35
-31
20
47
4
23
43
30
56
62
36
11
-1
2
23
12
53
29
47
32
16
37
-31
-5
22
37
3
28
0
-37
-10
-17
-33
-12
-5
-79
-16
-17
-16
-41
-40
-14
3
19
17
64
16
8
-21
11
-19
25
48
21
86
52
51
75
70
40
47
69
85
87
69
37
27
66
59
54
39
52
38
7
69
40
38
35
49
1
39
66
76
73
103
111
81
65
40
70
39
42
46
51
55
47
10
52
23
51
85
80
28
33
54
26
46
37
98
68
56
59
61
25
18
8
44
46
67
61
21
90
34
47
14
-23
-28
-22
-26
-26
20
5
12
46
18
28
28
-6
4
18
43
21
-9
-17
1
23
21
7
56
0
6
26
27
44
46
54
53
32
18
36
40
25
-12
-10
45
46
11
-12
-39
-36
3
-12
12
27
58
55
53
56
32
31
34
50
40
26
1
33
43
77
63
81
77
106
89
55
63
38
61
61
89
50
86
60
31
75
49
54
0
50
39
0
40
30
28
48
60
57
44
68
64
67
47
39
49
19
17
17
-7
16
5
-6
-18
-11
39
42
33
-9
25
-10
-29
0
-21
-52
13
16
-40
-2
24
24
-15
8
37
-2
7
-4
-20
-39
5
21
-19
15
-12
-3
11
8
-5
8
40
30
26
7
4
21
66
33
64
59
25
35
39
28
57
35
61
71
46
40
37
39
1
65
12
7
18
4
43
16
6
-4
-8
18
20
17
-10
-34
-3
-51
-55
-27
-23
-22
-21
-19
-10
-12
-25
-22
-39
-75
-65
-56
-46
-42
-60
-45
-32
-65
-54
-39
-38
-22
-16
-17
-32
22
33
6
18
26
-1
-3
-29
22
-31
-52
-47
-35
29
49
31
15
52
33
18
24
19
11
-28
-6
13
25
21
11
35
-31
7
22
-32
-23
-42
-18
-13
33
-3
-19
21
11
33
10
-3
3
-25
39
24
-13
11
1
18
-12
10
14
34
60
58
48
38
40
37
34
81
73
70
72
51
59
39
57
17
18
28
34
33
64
69
62
59
66
41
84
92
79
75
80
107
72
103
100
103
101
104
142
105
105
85
76
123
116
134
101
90
94
95
108
136
79
81
100
87
82
87
116
84
87
55
93
93
43
80
48
53
96
78
68
58
31
57
89
84
80
60
52
25
32
62
32
16
7
56
3
-4
29
38
36
17
54
30
52
20
23
25
2
36
27
23
49
41
8
22
13
13
8
25
7
48
30
-5
54
30
32
7
-11
46
66
33
54
50
48
48
81
68
53
61
53
75
40
7
20
-41
3
45
0
42
43
63
64
64
45
56
82
39
48
28
45
59
30
20
66
60
60
80
72
61
15
34
58
42
16
33
21
24
25
45
47
40
67
57
48
59
83
72
104
90
58
79
93
25
79
48
46
102
69
100
41
63
92
50
46
79
57
34
48
28
61
55
50
63
88
62
73
62
5
31
61
82
33
34
59
48
53
29
22
60
21
15
5
9
50
-19
13
14
10
-22
-21
11
-29
-21
-3
-15
3
11
1
22
14
30
6
-33
-11
30
16
33
34
5
49
30
7
-19
15
13
-24
10
-9
42
27
-29
5
-3
1
16
-3
3
6
-2
-6
-20
-10
48
37
30
-13
9
35
-1
34
56
17
-7
38
4
39
42
37
74
40
10
71
65
34
47
19
45
18
-14
10
-6
23
11
-16
11
22
42
16
42
32
21
-7
-4
14
8
-1
-4
40
23
-11
25
2
-28
19
23
-1
-11
-9
4
16
12
36
22
-10
-21
3
12
2
-39
-19
9
14
37
13
-9
22
49
28
14
21
25
31
-5
-5
15
35
74
5
39
-30
-25
18
-18
-14
-11
24
5
24
28
17
39
43
0
11
-2
7
9
-12
26
24
17
36
44
28
17
47
47
57
64
50
36
30
13
56
37
29
29
37
26
35
51
48
55
24
42
41
8
13
38
-15
19
26
18
32
32
39
25
32
62
38
49
61
49
84
56
53
28
56
27
-14
-32
-5
28
33
64
39
-1
-8
-2
-8
23
6
31
-17
23
40
27
33
-9
-21
1
27
31
13
20
16
5
-6
-2
11
-21
-26
8
30
0
13
45
13
-3
-4
-14
24
-14
-37
33
44
30
-7
-17
-14
-16
-11
35
27
19
32
24
56
35
43
55
25
-10
-7
25
40
-21
10
13
-11
0
10
34
31
54
47
50
41
49
14
0
44
23
59
53
37
54
40
64
46
34
37
67
49
47
26
37
52
37
65
102
46
60
74
55
40
22
37
21
54
5
44
40
-6
4
-1
13
34
28
5
19
30
13
17
67
51
58
51
81
57
89
79
45
62
38
79
103
77
62
69
59
32
44
45
31
53
34
64
60
28
54
6
-14
-35
-44
0
72
27
42
42
-22
-38
-26
5
7
-2
-63
-29
-1
4
5
-25
-34
-60
-4
-5
-22
-8
-38
-24
-9
-41
-15
-45
22
-4
-38
-2
-14
37
15
1
-8
-14
-8
-51
-52
-34
-32
-7
-14
-16
-38
-38
-11
-27
-31
-27
2
-48
-14
22
-2
4
-27
-60
-56
-21
-36
-9
-1
30
-23
-17
-7
-25
-36
-11
-4
-6
-8
27
-1
-17
10
-43
10
-4
7
9
-4
-14
-27
-27
-37
-25
-42
-7
-16
-34
-53
-12
-16
-41
-51
-70
-61
-77
-51
-41
-59
-34
-47
-37
-43
-58
-46
-67
-89
-77
-100
-67
-75
-109
-63
-86
-81
-84
-78
-63
-43
-30
-74
-71
-49
-49
-126
-123
-74
-57
-77
-55
-80
-78
-97
-96
-76
-88
-50
-64
-70
-67
-75
-55
-30
-87
-58
-13
-47
-31
-51
-1
15
-1
-8
-17
1
-32
-26
-20
-21
-25
12
-30
-35
-15
-22
-33
-24
-23
-22
-15
25
-15
-15
10
-3
5
4
1
18
6
0
13
-32
-21
-19
-43
-23
-16
-10
-15
7
10
-14
7
17
16
-11
19
1
7
6
0
-7
31
24
15
9
1
45
-17
32
47
15
11
4
-43
-3
8
-38
-38
-52
-70
-26
2
-47
-29
-34
-30
-49
-81
-96
-76
-29
-24
-40
-31
-26
-50
-21
22
11
-3
1
18
26
-16
-9
5
32
-19
-3
15
-10
-11
-9
2
-38
-52
-31
-7
1
-14
-14
-42
-40
-32
-76
-64
-81
-95
-56
-76
-125
-104
-82
-37
-90
-90
-95
-77
-104
-114
-84
-86
-96
-83
-70
-59
-63
-80
-44
-78
-59
-75
-82
-29
-30
-39
-17
-38
-3
-46
-73
-36
-58
-73
-20
-32
-18
-17
-18
-36
-67
-68
-31
19
-7
-26
-54
-55
4
14
-17
-1
-11
-22
-21
-54
-52
-69
-56
-44
-60
-55
-49
-97
-70
-28
-61
-53
-58
-69
-66
-75
-72
-73
-90
-67
-80
-32
-69
-77
-84
-86
-44
-67
-67
-49
-69
-85
-112
-52
-52
-63
-33
-26
-79
-71
-15
-31
-7
10
-3
-3
-18
-44
-7
-24
2
-28
-23
-47
-19
4
-22
-25
-40
-18
-5
-24
-39
-28
-29
-4
-59
-35
-27
-36
-68
-50
-30
-31
24
23
22
39
9
-43
-7
-50
-40
-48
-18
-15
1
4
-7
-15
-46
-16
-11
-21
-29
10
10
4
-3
31
36
-52
-33
-50
-62
-23
-33
-31
-7
-3
-1
-6
14
-29
-43
-9
-19
16
7
19
-13
-5
-5
-35
-21
29
43
27
4
20
12
18
-4
10
-19
-2
-13
-34
-4
-61
-38
-36
-46
1
6
-18
10
-10
-19
-38
-5
-26
-45
-30
-36
-75
-66
-40
-50
-39
-12
-38
-47
-11
-14
-12
0
-4
-23
-42
0
3
-28
-29
-31
6
-41
-57
-14
-47
-23
-27
-25
-69
-52
-25
-36
-11
-19
-9
-33
-20
-16
-30
-45
-37
-30
-38
-40
-14
19
-26
-24
-2
6
-44
-10
-34
-34
20
-20
10
-32
17
3
1
-27
-47
-29
21
1
-24
29
-17
16
-37
-5
21
10
13
-31
-15
22
-28
9
2
-28
9
7
-4
-30
-6
-26
-7
-67
-44
-27
-27
-35
-17
-33
-5
-3
-30
-7
-20
-25
-47
-11
-9
-12
-42
-25
-19
-36
-54
-47
-43
23
-10
-12
1
7
16
-35
-33
-64
-44
-39
-34
-40
-68
-54
-51
-66
-54
-6
-26
-42
-12
-32
-32
-27
-31
-37
-62
-29
-12
-12
-1
-16
-24
-17
-54
-59
-56
-60
-41
-22
-63
-112
-47
-41
-86
-58
-37
-21
-43
-56
-38
-29
-43
-62
-20
-34
-75
-56
-55
-50
-5
-16
-54
-76
-35
-92
-70
-36
-36
1
-75
-49
-28
-30
-48
-51
-51
-58
-31
-18
-10
-1
-49
-44
5
-12
-22
-27
-26
-20
-23
-9
25
0
30
18
12
10
-1
10
2
-11
-1
62
46
59
43
25
41
37
-14
-5
43
11
17
1
23
13
-1
18
41
19
7
18
23
17
15
34
40
28
18
-17
17
-5
26
0
-27
14
-19
-12
-47
-7
-40
-64
-47
-37
-33
-52
-78
-38
-41
3
-14
-21
-29
-64
12
-4
3
-2
25
-5
-19
-34
-26
-59
-63
-23
-38
-33
-63
-49
-25
-27
-43
-35
-7
8
2
4
16
-26
-13
-43
-42
-25
-35
-51
-20
-8
-33
-40
-5
-1
-13
-37
-51
-53
-31
5
1
-9
-63
-38
-23
-16
-27
-21
-45
-26
-43
-2
-30
-11
3
-33
-25
-40
-16
-35
-19
-23
26
24
-26
-34
-35
-4
28
-18
-31
-15
2
-25
-10
-61
-60
-34
-51
-30
-61
-74
-78
-70
-65
-81
-73
-94
-57
-81
-79
-62
-133
-88
-65
-67
-105
-96
-48
-55
-64
-38
-59
-89
-86
-77
-49
-18
-32
-24
-23
-49
-36
0
19
-32
-24
-45
-14
-4
-39
-30
-23
-18
-16
-6
-31
-50
-15
-65
-71
-48
-15
2
-25
-15
-28
-42
-29
-30
-52
-38
-71
-59
-29
-50
-50
-13
-11
-30
-12
-33
-55
-98
-57
-56
-85
-58
-71
-28
-56
-86
-63
-55
-105
-43
-49
-98
-61
-62
-73
-84
-85
-57
-69
-102
-74
-43
-7
-64
-56
-39
-57
-33
-57
-51
-22
-31
-39
-61
-37
-14
-14
-56
-81
-64
-69
-41
-42
-7
-17
-1
53
6
33
16
24
48
18
28
43
24
-10
24
3
31
-3
-26
-3
-47
-40
-77
-28
-11
15
-7
2
-10
-15
-6
-15
-28
-39
-41
-57
-15
-12
2
-21
-17
-7
-2
16
2
-25
-7
-28
-13
27
-9
-16
-24
21
3
-35
2
-30
-22
-30
-43
-11
-4
-3
-12
-16
-34
0
-13
3
-4
-50
-3
35
-34
-11
-24
-47
-10
-26
21
17
-3
-21
2
13
17
36
9
16
-22
-5
-22
-11
20
-9
11
7
22
33
27
9
-14
2
-3
-10
6
34
-14
-29
-34
-14
30
-6
-27
-49
-22
-18
9
-26
-41
-11
-7
-54
-110
-53
-54
-80
-64
-44
-19
-34
-33
-37
-71
-80
-51
-71
-45
-56
-51
-23
-60
-31
-32
4
-7
-40
-30
-17
-41
-27
-8
-8
-49
-24
-16
-66
4
1
33
13
15
-16
14
32
0
7
11
-15
-13
5
-25
19
-5
27
2
30
19
-25
-11
-5
-8
-38
-65
-45
7
-27
-46
-63
-29
-14
-27
10
-30
-39
-14
-11
-25
-62
-56
-31
-10
16
-3
-1
-9
-16
6
-5
16
37
-20
-51
-25
-8
0
-38
-52
-29
-10
-26
-14
-26
4
21
-49
-25
-9
-27
-6
-23
-26
-21
-43
-40
-49
-53
-44
-95
-33
-26
-30
-9
-67
-10
-17
-32
-16
4
-10
-40
25
-13
-2
29
-5
-14
45
13
-9
39
27
28
-13
20
13
-50
-33
-22
-29
7
-18
-13
-19
-39
11
-15
-31
-63
-49
-25
-15
-11
1
10
-38
-13
-18
-65
-57
-53
-75
-72
-50
-49
-65
-24
-63
-42
-29
-34
-42
-46
-86
-93
-69
-96
-97
-90
-91
-62
-82
-55
-60
-54
-20
-51
-47
-39
-66
-58
-35
-19
-40
-41
-37
-14
-6
-67
-46
-76
-68
-31
-42
-85
-82
-54
-44
-28
-57
-49
-29
-52
-51
-16
-40
-44
-62
-70
-66
-118
-97
-84
-41
-57
-55
-61
-72
-60
-42
-59
-62
-35
-62
-52
-59
-58
-23
4
-26
-52
-29
-46
-96
-68
-33
-23
-1
-48
-2
-2
-56
4
-6
-36
-8
-10
-7
-15
-2
-12
-32
-33
-17
11
-38
-2
31
-1
-8
-13
-7
-4
9
6
38
-9
8
-11
2
13
-1
14
6
16
29
0
-29
-49
-45
-35
-31
-35
-10
-14
-33
-10
-22
-36
-51
-37
-79
-23
-20
-67
-103
-67
-44
-79
-34
-18
-18
-35
30
36
-2
-43
-40
10
-9
-39
19
-18
-25
20
-1
-32
15
37
-38
-33
14
-5
6
-4
-2
-27
4
1
-47
-37
-39
-24
-26
20
-48
-48
-48
-23
-59
-52
-36
-93
-105
-103
-65
-84
-66
-113
-85
-65
-56
-94
-47
-35
-5
4
-13
-1
-61
-8
-9
-8
-17
-49
-61
-68
-47
-36
-20
-40
-15
5
6
14
-32
-9
35
-4
-4
9
-79
-1
2
-30
-12
9
8
-12
0
-2
58
-7
7
-7
10
29
31
45
18
-19
-28
-38
17
42
-12
52
36
44
45
55
47
6
60
28
30
12
-6
28
32
-9
33
45
64
38
0
23
30
15
-26
7
-21
-25
-23
-34
-36
17
9
47
15
19
11
27
-17
-33
-57
-56
-43
-55
-50
-75
-36
-36
-34
-52
-64
-48
-51
-15
0
-74
-74
-77
-16
-46
-41
-31
-57
-51
-49
-34
-46
-73
-108
-23
-73
-58
-59
-50
-28
-36
-23
-44
-35
-36
-22
-45
-54
-42
-31
-55
-71
-76
-51
-61
-56
-19
-49
-47
-41
-15
-28
-10
4
-20
15
-46
-44
-6
-36
-59
-31
-5
-5
-6
4
48
51
9
16
10
-10
-10
-4
-30
-56
-32
-36
-13
42
27
32
33
49
47
20
2
9
12
21
30
2
16
-18
-47
-33
-20
3
-53
-65
-51
-50
-11
1
-46
-23
-52
-53
-29
-33
-11
20
1
-15
-10
-12
-10
5
-15
-22
2
28
25
-18
-1
-14
-5
-10
8
-3
2
12
7
19
9
-35
-6
1
-1
21
22
50
-17
29
51
10
26
37
33
36
9
-33
-16
-9
-23
-30
12
28
-2
27
24
10
10
18
10
-15
17
23
32
-2
40
17
10
56
43
14
30
66
46
62
61
74
36
31
37
55
59
48
68
67
94
77
87
75
80
96
65
56
84
59
67
33
15
32
19
65
38
46
90
85
108
61
46
64
5
61
61
24
51
100
77
72
72
93
90
98
122
42
72
23
59
96
64
78
98
102
95
69
77
102
86
105
79
71
69
31
52
69
55
75
41
12
38
63
16
-16
32
29
16
17
2
36
10
4
-4
34
-2
-2
-2
-23
33
18
-7
-26
26
31
27
34
27
18
-4
10
10
42
65
10
33
39
21
14
49
11
42
58
31
78
37
47
59
57
58
27
37
29
23
43
59
60
53
17
18
-13
-23
-10
-31
-38
-29
-21
20
-12
11
32
-5
17
3
21
25
13
45
15
32
53
28
-3
22
41
26
11
44
47
-17
62
107
44
56
58
84
100
75
54
45
29
16
27
16
9
7
6
-9
28
45
18
4
11
14
-7
3
6
9
44
21
6
32
2
15
55
7
43
63
24
-44
-15
51
17
30
21
4
45
29
30
17
14
14
-28
5
-2
-35
21
35
-9
-5
37
-15
22
18
11
-13
-15
41
45
47
23
26
9
-22
17
8
-22
-17
-11
0
-36
-19
3
2
-27
1
20
23
18
33
1
-13
15
10
6
32
10
-21
-4
-2
-7
25
40
26
37
32
40
37
27
6
50
38
-3
2
30
55
26
57
72
22
-1
80
34
0
19
73
52
44
56
56
91
62
63
50
41
31
38
10
19
31
32
-9
-3
18
17
23
-19
-9
-43
-9
29
31
17
9
18
3
14
34
51
18
-26
32
-14
-35
-3
-45
-10
24
27
3
15
66
-12
-19
-4
4
17
4
47
66
55
21
21
3
1
-7
10
12
-11
23
55
-13
4
29
-11
9
0
13
14
23
5
-3
-35
-6
16
-14
23
17
-3
13
24
31
10
55
51
35
33
19
46
14
27
6
18
46
21
26
23
38
43
-22
25
35
-5
-39
2
28
15
35
23
54
83
65
53
49
69
68
33
68
25
29
43
11
30
49
53
38
49
-1
17
25
-30
57
37
27
53
18
22
-13
-2
5
27
48
26
42
27
10
41
33
21
35
16
39
28
-3
22
-10
4
-18
-35
8
-10
9
24
11
30
55
51
41
19
29
25
13
13
-27
0
25
4
4
1
8
7
14
6
-14
-5
-52
25
26
19
18
-4
-2
-17
2
0
-15
-27
-44
-47
-71
-70
-29
-42
-21
-35
0
-7
-20
-31
-31
-53
-49
-57
-1
1
-21
-40
-78
-40
-51
-45
-69
-39
-30
-13
3
12
18
-12
-17
-12
29
-4
3
31
-8
-12
-35
-32
-21
0
50
-16
-15
-2
-13
-2
-38
3
30
-20
-59
-71
-22
-29
-43
-50
-57
-83
-48
-7
-60
-36
-41
-29
-14
-33
-38
-2
-2
-14
-26
-22
-33
21
18
0
-1
36
8
9
32
-10
4
8
-14
-26
-34
-43
14
-6
-27
28
31
21
-25
-35
-32
-11
-22
12
20
23
17
-2
29
-7
-6
-17
-13
-19
-29
-47
-35
19
-11
-60
-49
-46
-33
-30
-20
-71
-54
-7
-61
-34
-58
-37
-46
-31
-18
-45
-29
-48
-1
-21
-17
-37
-68
-86
-66
-72
-93
-45
-51
-78
-46
-57
-62
-39
-47
-31
-34
-54
-74
-19
-19
-18
-33
25
17
9
45
17
33
0
-48
-77
-51
-26
-29
-49
-18
-33
-17
-8
-25
-23
-11
5
-23
-22
-6
-30
-42
-11
-43
-43
-61
-64
-45
-67
-50
-59
-89
-77
-64
-105
-103
-46
-40
-13
-22
-63
-34
-36
-11
-27
-49
-17
-28
-46
0
-25
-39
-47
-42
-43
-22
-11
-25
-40
-8
-3
27
-15
-52
-31
-30
-12
-18
-64
-38
-14
-48
-57
-45
-29
-22
-28
-25
2
-53
-24
-18
-48
-25
-58
-38
-34
-29
-58
-25
-44
-65
-75
-31
0
4
16
-30
22
0
-30
-45
-37
-45
-97
-55
-58
-77
-83
-92
-68
-74
-109
-113
-104
-72
-82
-97
-126
-102
-89
-91
-88
-129
-94
-74
-78
-101
-109
-83
-63
-60
-70
-112
-83
-80
-60
-75
-101
-58
-62
-58
-59
-41
-45
-60
-56
-54
-71
-44
-28
-47
-67
-54
-42
-57
-59
-33
-64
-102
-61
-65
-29
-27
-36
-47
-63
-37
-30
-37
-19
-25
-54
-52
-50
-74
-83
-94
-83
-76
-70
-51
-66
-101
-106
-107
-106
-96
-106
-110
-82
-95
-96
-110
-76
-88
-109
-85
-86
-86
-130
-121
-112
-88
-74
-51
-62
-63
-60
-56
-88
-102
-68
-99
-81
-87
-107
-91
-100
-85
-141
-140
-77
-99
-100
-76
-77
-112
-54
-72
-83
-117
-92
-62
-91
-82
-28
-49
-52
-47
-53
-22
-58
-46
-40
-51
-72
-69
-98
-113
-75
-87
-109
-70
-40
-47
-18
-65
-79
-38
-55
-56
-28
-12
-34
-35
-47
-15
-31
-47
-59
-69
-49
-101
-84
-64
-114
-106
-95
-108
-105
-95
-109
-81
-88
-117
-106
-72
-63
-66
-87
-131
-71
-92
-105
-64
-71
-66
-54
-40
-6
-31
-34
-47
-40
-57
-66
-3
-27
-28
-69
-73
-40
-90
-80
-93
-72
-59
-43
-59
-60
-61
-72
-111
-111
-62
-71
-78
-75
-75
-75
-115
-87
-36
-55
-72
-45
-47
-70
-61
-98
-55
-60
-68
-18
-46
-44
-59
-60
-23
-55
-82
-81
-88
-62
-70
-111
-63
-64
-102
-72
-73
-106
-75
-64
-70
-67
-100
-81
-93
-103
-65
-104
-73
-95
-85
-60
-62
-73
-114
-93
-53
-30
-51
-45
-45
-1
-33
-60
-58
-64
-35
-32
-31
-81
-13
4
-58
-38
-50
-62
-70
-52
-38
-23
7
-23
-41
-37
-35
-59
-22
-68
-43
-23
-53
-36
-42
-27
-67
-83
-89
-60
-90
-64
-57
-72
-53
-68
-58
-87
-47
-67
-100
-40
-42
-61
-50
-72
-90
-44
-50
-42
-82
-105
-111
-86
-83
-109
-90
-89
-74
-73
-71
-81
-119
-73
-52
-70
-8
-60
-67
-49
-60
-61
-85
-34
-64
-73
-66
-78
-61
-84
-72
-85
-46
-68
-88
-45
-30
-71
-98
-88
-64
-67
-90
-49
-5
-47
-58
-71
-77
-32
-51
-32
-24
-37
-62
-27
-25
-44
-40
-27
-39
-62
-37
-20
-64
-99
-60
-74
-62
-90
-78
-59
-61
-44
-61
-71
-60
-44
-64
-61
-80
-75
-114
-109
-88
-80
-58
-103
-64
-51
-63
-35
-35
-75
-52
-76
-83
-41
-45
-66
-43
-25
-35
-28
-12
-22
-15
-31
-32
-12
-64
-35
-63
-66
-32
-29
-21
-33
-6
-18
14
-10
-6
27
-7
-9
14
4
-34
-15
-31
-66
-14
-10
-23
-29
-52
-31
-28
-26
-10
-7
-20
-44
-25
-46
-41
-43
-78
-41
-26
-10
-41
-65
-14
-56
-53
-55
-63
-22
-36
-32
-52
-31
-41
-60
-42
-28
-37
-93
-85
-59
-67
-31
-89
-106
-86
-98
-52
-103
-78
-88
-106
-87
-111
-101
-110
-136
-113
-95
-121
-79
-83
-90
-109
-108
-69
-125
-121
-150
-111
-102
-107
-138
-128
-117
-121
-85
-95
-90
-81
-21
-31
-42
-46
-30
-55
-62
16
-42
-66
-100
-64
-92
-46
-57
-85
-58
-89
-107
-88
-58
-48
-42
-69
-33
-43
-49
-55
-57
-74
-88
-116
-111
-113
-98
-105
-122
-123
-82
-68
-60
-68
-82
-46
-76
-41
-55
-85
-99
-92
-64
-30
-24
-46
-39
-42
-62
-68
-43
-32
-42
20
35
-4
10
-35
-26
-34
-16
14
-3
7
-1
-7
-27
9
15
7
42
5
19
2
-10
16
-16
-15
-19
-22
-45
-21
-11
-45
-75
-59
-44
-38
-25
-63
-23
-5
-47
0
-5
-53
-30
2
-48
-74
-32
-80
-72
-104
-69
-20
-54
-27
-37
-58
-37
-34
-48
-37
1
-24
23
21
-19
-8
29
36
-10
31
7
9
-6
-3
19
3
-12
-18
12
12
17
-10
-42
14
19
-15
1
-7
-22
6
8
-16
1
6
-6
-10
3
-3
22
14
19
51
14
27
26
45
73
42
20
7
39
45
70
107
24
81
60
65
73
45
56
24
25
60
97
73
33
74
77
54
72
60
66
44
85
41
28
22
14
13
30
25
-11
45
56
31
80
63
28
61
46
75
37
77
78
78
116
108
113
87
95
127
112
47
52
62
69
100
68
56
58
68
40
21
34
21
29
26
40
47
47
79
25
33
90
75
31
58
87
40
20
43
28
6
23
63
70
21
68
63
28
75
105
113
54
65
103
86
93
101
83
98
136
126
104
108
118
151
111
136
136
103
165
141
153
139
133
132
130
156
128
162
145
136
101
74
106
106
110
98
120
122
137
117
106
146
184
158
118
117
87
114
76
80
103
83
76
110
87
69
79
96
99
90
130
51
24
42
66
59
88
79
63
69
22
82
69
83
100
47
89
42
19
46
50
96
68
65
60
36
58
65
55
56
40
40
54
23
32
64
69
38
28
47
47
81
64
29
47
36
24
17
32
19
12
49
31
50
-17
-26
0
-10
4
6
54
31
39
47
28
30
73
69
62
70
77
77
38
49
83
64
76
67
47
25
42
37
4
28
14
25
44
50
61
40
71
57
55
68
68
68
8
35
22
38
43
46
55
40
6
-21
27
-34
-4
-19
-46
-20
-39
-44
-51
-31
-54
-53
-84
-59
-54
-17
0
-2
32
28
21
39
26
6
37
-9
-16
-15
-26
4
-7
-43
-9
-27
-53
-41
-31
-21
-21
-14
6
-27
14
40
-20
-19
-24
-31
-20
-21
-8
27
1
11
-8
-25
-34
-62
-27
8
2
28
-6
-20
24
1
-12
-38
-73
-37
4
-25
-6
-23
7
0
-4
17
-7
16
33
24
12
51
45
23
4
20
-33
38
48
30
17
-9
-1
14
16
13
55
-6
-17
31
19
-4
19
53
70
57
70
51
54
50
62
68
70
39
57
103
60
57
63
44
55
63
61
67
55
76
87
94
90
67
52
81
94
56
61
46
83
63
43
62
75
93
64
88
96
40
81
52
57
67
68
93
97
50
52
89
71
65
32
34
73
32
57
83
71
93
45
56
52
42
41
19
49
55
34
49
70
99
73
75
94
97
65
49
82
73
84
69
84
51
65
61
26
78
50
68
70
75
79
44
68
44
67
88
52
66
49
99
42
36
60
76
60
55
37
31
26
11
32
55
45
18
33
30
37
35
10
16
32
22
37
73
66
54
71
70
67
104
86
53
29
18
37
18
54
39
19
47
2
26
52
43
52
32
33
34
13
34
54
59
46
58
30
15
-6
44
20
12
46
-15
8
39
49
56
68
89
51
59
78
52
63
70
55
51
44
38
42
28
19
52
45
36
62
86
51
49
53
34
34
38
50
-1
-9
21
-5
2
25
35
18
-24
23
1
36
21
29
29
14
23
-3
-1
-27
-42
-39
-37
10
42
27
53
11
25
54
29
19
44
7
-1
0
-13
-47
-1
22
14
9
-5
4
-29
-21
28
19
-20
-12
14
-10
-48
-28
-11
1
8
-7
8
15
-25
33
28
-24
9
4
-12
-23
4
10
21
36
23
-11
33
38
8
55
30
7
-26
-13
0
-9
40
20
10
26
-41
-2
7
20
-25
22
-35
-74
-38
-27
-34
-28
-27
-61
3
-34
-25
-33
-41
23
4
17
3
-7
6
-41
2
-1
-1
-18
-25
23
11
28
8
15
35
39
42
34
23
45
34
3
-26
-31
-27
-31
-28
-39
-12
-22
-10
20
-43
-26
5
-30
-39
-48
2
11
0
-33
10
-10
-27
-2
-3
12
-27
-5
-31
-2
0
-62
11
-40
-46
-20
7
0
-38
-35
-43
4
-44
-13
32
-12
-63
-2
-37
-15
20
-28
-14
-37
-8
-27
29
2
-45
26
24
7
43
-1
-30
-28
-27
-15
-40
1
33
1
-15
6
33
-18
-14
-66
-58
-13
-18
7
10
26
-14
17
10
3
23
16
56
4
-11
-24
-65
-5
1
8
24
18
7
9
26
-26
-18
-6
-15
-6
0
30
24
12
-32
-29
-16
0
30
-9
-50
-42
-12
-14
-26
10
35
5
-28
-54
4
16
-5
-10
-8
-43
-22
22
15
-2
-9
-29
5
-3
11
36
-10
-4
4
-27
-57
3
12
11
-51
-26
-8
-10
18
-17
-87
-32
-40
-68
-47
-39
11
-11
-25
-11
-11
-2
-4
3
18
26
0
-40
4
-1
22
13
11
11
-13
-2
9
34
17
30
34
20
-7
29
45
34
16
41
-1
-17
11
-32
-16
0
-27
15
25
8
16
32
27
37
-7
32
43
21
8
-25
14
-13
-3
-22
-12
11
-8
-44
8
-32
-34
-16
-55
-35
-54
29
-2
-22
-34
-12
12
1
18
-45
-25
-11
-32
-43
-23
-32
-61
-3
-24
-15
-4
-9
23
-21
-22
-29
-46
8
0
-11
-4
-41
6
-19
2
25
-31
-29
1
10
-11
-28
-2
15
-12
-24
2
14
-54
-5
2
-35
-32
-20
-13
-20
49
23
-26
-50
-50
-58
-20
13
-34
-2
26
34
-4
-53
8
3
-28
-48
-26
12
-26
-42
-37
-77
-68
-65
-75
-39
-43
-34
-45
-42
-29
-34
-20
-11
13
21
2
6
-51
-14
9
-46
-20
-5
-25
39
36
14
28
17
-4
14
3
-1
83
15
-4
21
0
23
0
-30
-34
-32
-36
-28
-16
30
9
4
18
-18
2
-29
-54
-43
-39
-46
-27
-42
0
-27
-55
-76
-47
-44
-9
-19
-46
-11
-83
-48
-37
-83
-89
-88
-78
-47
-60
-83
-58
-92
-101
-87
-24
-13
-65
-33
-61
-54
-51
-39
-48
-68
-75
-77
-109
-61
-57
-99
-46
-61
-73
-82
-59
-103
-86
-91
-109
-85
-116
-87
-88
-66
-102
-90
-95
-51
-56
-76
-64
-100
-34
-41
-6
-45
-55
-21
-8
-17
-14
-18
-19
-39
-28
2
-6
-36
-66
-42
-82
-79
-66
-81
-78
-67
-72
-82
-64
-92
-90
-69
-65
-57
-28
-32
-13
-43
-75
-57
-65
-48
-69
-47
-19
16
-25
-16
7
-30
-4
-11
-30
-59
-39
-19
-43
-33
-33
-42
-41
-47
-62
-75
-72
-82
-29
-20
-29
-64
-70
-39
-45
-4
3
-37
-62
-32
-60
-56
-50
-20
-20
-47
-23
-61
-40
-38
-43
-37
-61
-61
-57
-38
-50
-43
-80
-112
-85
-57
-72
-81
-73
-80
-58
-67
-103
-138
-82
-105
-101
-67
-81
-60
-98
-138
-96
-94
-102
-34
-66
-87
-82
-55
-39
-80
-49
-86
-22
-44
-79
-96
-127
-109
-88
-74
-71
-69
-123
-110
-97
-103
-138
-104
-141
-141
-139
-133
-121
-124
-105
-77
-78
-86
-111
-58
-65
-114
-66
-97
-64
-65
-62
-36
-53
-58
-1
-53
-57
-77
-71
-45
-85
-51
-94
-114
-107
-119
-79
-59
-82
-84
-80
-132
-144
-89
-77
-82
-101
-99
-21
-81
-123
-91
-100
-109
-111
-106
-94
-61
-95
-48
-63
-80
-67
-52
-71
-81
-13
-39
-32
-39
-53
-64
-47
-32
-59
-90
-79
-59
-45
-49
-34
-52
-29
-53
-47
-12
-49
-34
-39
-48
-83
-100
-93
-67
-85
-54
-73
-101
-120
-126
-91
-101
-106
-78
-32
-43
-86
-59
-51
-73
-73
-60
-53
-59
-75
-84
-104
-71
-40
-57
-65
-58
-71
-32
-20
-60
-39
-49
-38
-63
-38
-32
-69
-20
-25
6
-17
2
-38
-66
-47
-53
-35
-40
-36
-13
-37
-81
-52
-31
-43
-46
-54
-56
-64
-67
-85
-65
-62
-47
-52
-55
-117
-83
-87
-116
-68
-66
-84
-72
-65
-118
-112
-128
-117
-103
-116
-106
-102
-117
-142
-121
-130
-146
-126
-133
-146
-139
-136
-129
-109
-74
-103
-122
-92
-80
-79
-105
-122
-133
-141
-124
-140
-143
-149
-168
-109
-100
-112
-134
-145
-105
-122
-89
-114
-134
-109
-105
-101
-96
-84
-71
-101
-66
-87
-109
-115
-132
-159
-102
-140
-174
-114
-143
-146
-145
-142
-106
-95
-109
-63
-115
-99
-101
-97
-97
-94
-91
-102
-59
-96
-88
-113
-148
-169
-139
-148
-128
-143
-133
-124
-94
-139
-122
-122
-216
-149
-135
-97
-133
-98
-95
-124
-129
-110
-81
-97
-106
-99
-97
-88
-81
-81
-69
-49
-74
-81
-71
-81
-67
-66
-65
-41
-63
-77
-58
-105
-97
-108
-63
-89
-104
-114
-140
-141
-147
-143
-166
-101
-96
-88
-93
-84
-77
-101
-107
-97
-104
-73
-90
-68
-79
-45
-89
-79
-59
-91
-72
-83
-45
-80
-49
-33
-33
-30
-41
-68
-38
-61
-60
-4
-30
-52
-49
-35
-67
-63
-23
-40
-57
-38
-73
-77
-54
-93
-49
-56
-60
-73
-65
-51
-42
-45
-26
-39
-70
-45
-94
-82
-63
-41
-61
-75
-65
-54
-74
-73
-25
-51
-96
-82
-44
-40
-48
-29
-77
-92
-56
-49
-68
-74
-61
-71
-91
-73
-66
-35
-50
-69
-28
-28
-67
-57
-44
-58
-61
-21
-31
-18
-28
-55
-29
-9
-33
-23
-32
-59
-25
-64
-65
-58
-93
-75
-49
-62
-40
-75
-61
-32
-62
-72
-75
-61
-75
-66
-81
-65
-110
-66
-56
-91
-118
-92
-63
-68
-58
-121
-109
-97
-79
-104
-102
-75
-45
-59
-55
-68
-59
-66
-62
-60
-37
-43
-36
-39
-51
-62
-65
-49
-52
-60
-75
-68
-74
-67
-77
-106
-102
-53
-103
-105
-85
-88
-101
-139
-106
-57
-54
-108
-82
-141
-103
-70
-125
-88
-71
-84
-97
-55
-84
-86
-134
-79
-119
-94
-72
-112
-127
-154
-80
-145
-148
-125
-96
-85
-66
-107
-101
-103
-110
-132
-120
-129
-150
-140
-141
-97
-91
-134
-142
-87
-95
-81
-69
-65
-97
-101
-88
-95
-55
-74
-95
-91
-120
-87
-104
-69
-90
-56
-47
-84
-39
-40
-43
-76
-109
-105
-81
-96
-107
-114
-113
-89
-83
-71
-72
-87
-134
-50
-99
-147
-84
-92
-76
-96
-45
-52
-88
-68
-105
-84
-88
-112
-83
-135
-101
-116
-76
-69
-121
-109
-57
-106
-136
-75
-141
-129
-73
-105
-58
-91
-143
-123
-122
-106
-116
-110
-118
-136
-137
-172
-170
-165
-157
-119
-126
-122
-86
-89
-97
-61
-102
-135
-99
-122
-97
-90
-113
-96
-70
-128
-160
-102
-144
-136
-107
-143
-148
-101
-95
-115
-93
-133
-113
-99
-125
-66
-84
-44
-48
-79
-74
-97
-53
-102
-105
-129
-84
-98
-105
-69
-121
-91
-63
-119
-92
-77
-95
-73
-40
-40
-77
-74
-28
-34
-29
-60
-37
-35
-84
-39
-70
-44
-46
-35
-51
-55
-31
-49
-92
-82
-81
-84
-75
-86
-79
-67
-59
-80
-87
-139
-107
-57
-91
-55
-76
-101
-65
-63
-53
-61
-88
-66
-50
-65
-75
-97
-79
-69
-79
-49
-58
-97
-81
-54
-62
-62
-52
-35
-49
-63
-64
-76
-51
-89
-43
-93
-91
-62
-71
-70
-128
-115
-94
-77
-65
-71
-89
-81
-117
-63
-67
-43
-62
-88
-72
-62
-89
-76
-74
-104
-107
-97
-76
-117
-141
-127
-95
-104
-117
-106
-106
-107
-84
-69
-64
-109
-78
-37
-82
-132
-89
-84
-89
-97
-88
-56
-118
-134
-123
-123
-132
-133
-117
-93
-109
-64
-41
-76
-73
