75
86
35
75
64
75
82
92
62
79
111
98
136
97
58
121
124
93
86
85
68
71
87
78
68
54
83
64
96
53
33
56
33
19
15
3
23
19
-4
45
13
2
-31
-32
-8
-74
-58
-80
-79
-98
-50
-85
-61
-70
-102
-28
-57
-51
-86
-108
-109
-87
-60
-129
-81
-61
-116
-57
-97
-145
-140
-154
-143
-97
-154
-135
-142
-118
-89
-102
-84
-111
-98
-144
-103
-95
-106
-131
-92
-123
-116
-95
-119
-92
-141
-113
-106
-103
-88
-83
-109
-78
-88
-115
-83
-139
-112
-101
-124
-131
-164
-137
-119
-137
-121
-107
-95
-87
-98
-108
-110
-119
-123
-91
-66
-89
-146
-110
-86
-103
-109
-123
-91
-87
-87
-75
-54
-70
-106
-53
-50
-68
-64
-75
-75
-53
-37
-24
-32
4
1
-20
-7
-38
-13
32
17
-14
32
-26
-45
-17
-21
-34
-11
-24
-28
19
5
-8
-15
27
15
-5
4
22
44
44
68
37
33
27
29
4
7
48
29
20
50
50
36
69
41
40
24
68
87
44
33
37
61
48
64
44
48
46
22
37
42
20
10
5
-16
6
31
16
15
-13
-33
-18
-16
36
46
18
24
15
50
66
67
70
79
95
67
51
82
83
87
106
75
53
51
97
39
59
28
47
88
69
68
64
63
62
94
27
66
40
33
43
50
42
41
18
40
90
49
82
74
28
79
61
12
49
45
44
20
22
64
89
80
62
97
85
54
72
48
16
11
14
31
48
5
60
43
77
51
48
58
31
29
-24
23
-13
3
7
-21
6
1
21
4
3
-20
-24
-19
-11
-14
-13
-18
-50
12
-54
-73
-32
-50
-80
-84
-56
-55
-81
-71
-81
-82
-58
-80
-41
-33
-55
-31
-50
-28
-50
-96
-67
-32
-45
-68
-50
-59
-33
-22
-86
-78
-82
-76
-53
-62
-56
-112
-83
-54
-50
-67
-73
-36
-25
-49
-23
-32
-45
-52
-65
-48
-50
-94
-92
-94
-99
-83
-88
-75
-80
-47
-58
-92
-87
-118
-119
-110
-128
-124
-113
-96
-94
-110
-83
-51
-39
-92
-45
-61
-75
-85
-86
-69
-78
-56
-59
-92
-65
-52
-81
-43
-83
-107
-76
-76
-97
-56
-115
-76
-96
-115
-79
-116
-122
-88
-84
-78
-67
-89
-65
-83
-74
-93
-93
-104
-72
-66
-76
-54
-38
-25
-9
0
-13
-22
-14
-23
-24
-70
-11
-3
-39
-77
-89
-66
-54
-23
-47
-35
-32
-46
-28
-42
-41
-40
-19
-27
-6
-23
-49
-45
-93
-80
-87
-44
-67
-27
-30
-63
-24
-104
-81
-52
-59
-108
-135
-91
-113
-80
-76
-122
-124
-125
-129
-68
-74
-96
-105
-78
-88
-111
-50
-82
-69
-74
-79
-95
-93
-32
-51
-79
-83
-82
-102
-80
-82
-111
-135
-156
-119
-114
-104
-78
-144
-142
-83
-111
-143
-136
-110
-100
-151
-119
-116
-147
-139
-113
-109
-114
-78
-72
-105
-58
-63
-94
-52
-90
-111
-108
-104
-50
-56
-97
-87
-89
-79
-24
-5
4
-18
-28
0
12
-3
-31
-20
-6
-3
-22
-2
-27
-33
-24
18
-5
41
56
56
50
99
144
121
120
117
129
109
112
89
65
95
113
124
146
139
138
133
145
154
152
190
219
223
237
215
224
217
205
209
211
170
142
127
141
136
181
156
139
184
168
150
136
158
140
134
132
163
153
144
127
110
113
126
148
104
112
135
87
69
53
70
45
31
39
41
29
10
12
40
19
-11
-25
34
27
-3
35
54
30
-49
-31
-12
1
2
-15
-57
-42
-49
-63
-38
-19
-42
-48
-38
-26
-15
0
-1
36
15
-33
-12
-58
-29
-26
-49
-35
-15
-26
9
-17
-4
10
17
8
-36
-28
-11
43
22
12
60
45
38
70
59
61
56
78
96
99
77
79
102
78
97
108
85
76
113
107
104
115
80
58
95
42
22
62
44
45
49
32
66
61
52
53
64
59
76
74
56
71
29
31
21
15
40
49
59
81
64
20
29
95
106
107
119
106
70
73
72
44
62
72
85
68
67
66
53
63
61
34
56
65
39
16
10
50
18
67
76
37
22
-15
-2
-4
-1
-3
29
28
34
47
25
26
10
15
9
-19
22
22
29
51
49
60
16
22
30
17
43
7
-16
-24
-36
7
-29
-26
-20
-38
-44
-36
-41
-94
-60
-31
-49
-27
-60
-33
-28
-14
-64
-21
-25
-53
-47
-70
-27
-43
-25
-50
-22
-38
-45
-26
-22
-9
-28
13
-28
-9
11
13
-22
-33
-17
-24
2
-18
13
27
31
10
11
42
11
25
23
8
38
50
55
17
-3
50
16
38
50
48
90
19
11
35
24
59
68
79
70
40
68
67
44
37
59
48
79
76
72
86
34
49
72
71
75
73
68
58
46
82
56
59
104
80
43
9
24
66
52
30
26
36
15
18
0
2
28
31
40
-15
4
40
61
61
24
27
15
27
11
-24
25
1
2
24
-8
-11
0
9
3
2
32
4
17
11
18
39
13
26
33
45
45
43
43
59
70
47
53
78
48
5
49
43
43
16
38
37
-9
8
-14
13
29
17
31
73
36
1
22
29
31
64
72
26
29
40
30
67
44
19
26
10
-8
15
0
10
7
11
11
10
24
-11
20
49
31
42
30
22
28
30
54
78
64
56
56
77
44
40
104
69
100
117
87
65
50
73
88
75
66
66
77
96
72
62
93
110
120
131
126
118
106
77
120
116
104
126
139
114
87
94
87
119
106
65
52
83
92
79
100
65
80
80
50
41
55
26
15
17
18
35
37
49
54
25
-1
29
28
13
-1
14
16
-2
-38
3
-8
-17
-25
-44
-40
-54
-26
-68
-57
-59
-59
-3
-95
-92
-86
-78
-42
-44
-43
-68
-63
-74
-60
-14
5
-32
-27
-64
-41
-45
-50
-37
-43
-38
-57
-56
-29
-28
-27
6
-26
-66
-37
-8
-1
-11
-2
-13
45
43
-29
-23
12
-12
-6
26
57
75
22
39
50
51
77
93
71
77
101
90
86
81
97
77
88
85
107
103
87
102
83
88
145
125
118
85
104
78
80
102
94
116
102
141
76
98
107
55
69
65
63
70
26
91
73
64
48
34
27
1
18
-4
-13
-1
21
29
39
21
40
21
14
19
16
39
3
10
-6
28
34
8
38
10
47
13
36
1
-8
-28
-9
-39
-47
-26
-49
-16
-40
-110
-78
-39
-107
-75
-80
-102
-66
-76
-89
-74
-25
-69
-83
-71
-96
-20
-58
-68
-57
-86
-46
-40
-49
-76
-64
-37
-24
-47
-70
-56
-49
-71
-71
-41
-51
-35
-44
-51
-68
-82
13
10
-1
-14
-10
21
18
21
-13
-6
7
24
15
30
65
71
51
88
102
123
108
119
109
97
107
139
149
139
163
169
136
149
173
147
159
150
153
177
177
184
161
121
176
153
147
98
103
96
121
142
90
125
98
89
99
105
83
101
116
137
131
109
120
96
148
103
79
83
75
80
68
59
78
108
85
84
115
77
125
93
60
42
55
83
68
53
41
103
91
44
74
75
16
74
76
48
73
37
64
93
96
88
95
49
102
90
79
69
26
38
78
82
59
38
54
60
44
35
50
56
23
25
36
44
20
63
54
34
18
38
30
26
34
53
55
26
4
-11
33
34
62
71
23
40
65
46
29
19
39
-10
11
63
42
26
35
56
80
71
54
78
71
96
65
36
77
73
85
82
33
89
68
78
74
81
93
46
61
80
85
90
92
65
68
83
86
86
102
65
75
68
74
134
112
107
113
148
133
129
101
111
82
89
104
125
107
116
142
126
145
117
134
127
136
176
140
178
161
120
155
124
119
135
150
152
138
113
130
121
67
62
42
84
109
62
64
110
116
101
118
124
94
108
102
110
98
88
67
38
84
89
68
68
86
80
99
107
124
95
79
110
87
87
92
75
49
53
44
65
66
56
69
89
60
62
76
53
57
59
58
67
86
82
113
69
73
73
47
91
75
58
80
65
93
111
100
141
124
120
96
125
146
139
113
127
120
117
111
148
158
136
127
138
169
138
118
106
113
82
106
136
142
156
108
133
109
92
138
92
125
135
141
117
85
114
116
86
49
55
73
120
92
73
49
50
56
36
38
66
53
65
28
36
47
41
47
50
86
97
126
122
100
85
83
61
116
99
67
106
54
98
109
93
98
123
92
100
115
50
52
77
116
120
143
124
153
150
123
81
96
130
144
126
114
84
71
98
68
70
78
73
73
31
93
91
79
120
96
105
93
86
58
67
79
87
66
93
81
79
111
71
63
34
60
75
99
89
136
110
79
92
105
77
49
69
92
62
66
100
65
48
36
63
47
10
73
25
52
81
49
67
68
86
107
121
92
96
112
98
130
103
119
110
94
121
124
122
102
136
133
97
106
104
65
106
119
129
124
153
148
105
114
145
135
128
125
99
113
124
115
111
111
86
63
88
91
98
63
47
91
84
85
85
63
23
27
61
54
-9
-2
-18
-13
32
39
42
67
96
45
46
28
14
-5
8
28
25
17
30
40
13
5
-4
-16
-49
-28
-6
-29
-46
-65
-78
-65
-82
-86
-80
-113
-75
-112
-96
-111
-92
-70
-51
-87
-110
-86
-118
-87
-94
-101
-115
-116
-96
-96
-79
-66
-97
-119
-138
-94
-90
-86
-33
-36
-90
-92
-80
-80
-83
-100
-74
-81
-50
-27
-62
-61
-32
-33
-41
-41
-33
-38
-103
-56
-48
-77
-74
-78
-61
-46
-35
-34
-2
-5
-18
-4
18
0
-7
-28
-24
10
-22
-19
0
37
-2
-21
2
-31
-24
4
33
-30
-66
-44
-54
-33
-4
-24
-25
-21
-37
-52
-49
-45
-98
-63
-65
-89
-35
-63
-55
-54
-52
-80
-59
-79
-72
-64
-81
-40
-66
-68
-50
-7
-70
-79
-42
-37
-65
-22
-22
-67
-18
-6
-27
-32
-29
-44
-54
-57
-79
-85
-46
-101
-114
-75
-112
-63
-105
-108
-61
-120
-107
-107
-114
-119
-112
-141
-152
-119
-115
-126
-144
-145
-169
-165
-155
-172
-167
-139
-148
-150
-186
-172
-154
-169
-143
-106
-169
-161
-153
-176
-115
-136
-152
-136
-104
-80
-95
-112
-114
-78
-114
-84
-71
-102
-118
-107
-83
-44
-17
-31
-39
-40
-17
-27
-20
-10
-58
-40
19
-7
-11
-26
-49
-39
-4
14
27
23
15
8
14
51
80
35
56
77
73
66
90
77
76
94
116
73
72
51
57
76
96
132
75
140
149
114
74
68
51
83
91
49
108
62
113
88
69
50
71
56
4
63
63
51
31
54
37
34
32
29
-6
11
16
11
-18
-24
39
-4
4
60
-7
18
5
24
6
-2
35
-3
-18
-21
0
25
36
-1
-40
-31
-22
-21
12
11
8
7
2
-15
-10
-9
29
46
0
-16
-22
-1
-1
2
12
-2
-50
-51
-58
-66
-59
-50
13
-7
-19
15
54
3
-8
-38
-50
-37
-4
-33
-70
-21
-62
-51
-40
-62
-46
4
-29
2
-7
-31
27
-25
-67
-61
-65
-70
-43
-50
-73
-58
-76
-52
-39
-51
-16
-35
-59
-21
-54
-47
-32
-67
-58
-60
-23
-28
-48
-60
-64
-53
-24
-16
-66
-33
-57
-80
-75
-81
-94
-144
-109
-92
-102
-109
-48
-74
-56
-53
-85
-73
-72
-62
-49
-63
-74
-54
-92
-72
-20
-77
-62
-101
-50
-43
-64
-94
-126
-107
-113
-59
-98
-90
-147
-113
-110
-96
-126
-134
-157
-163
-182
-200
-161
-175
-184
-191
-185
-138
-150
-178
-177
-191
-152
-187
-187
-186
-238
-212
-210
-194
-195
-216
-162
-119
-129
-96
-139
-172
-140
-198
-149
-146
-154
-141
-141
-110
-131
-128
-148
-159
-134
-94
-104
-106
-62
-82
-131
-94
-89
-157
-132
-112
-108
-96
-126
-104
-103
-85
-130
-103
-107
-126
-112
-127
-90
-56
-77
-103
-118
-106
-101
-93
-100
-89
-80
-73
-82
-91
-110
-85
-77
-93
-95
-107
-89
-108
-116
-80
-64
-85
-68
-86
-108
-103
-113
-105
-78
-94
-78
-59
-89
-91
-44
-58
-83
-86
-75
-39
-1
-21
2
-19
-24
-88
-92
-80
-44
-19
-31
-38
-79
9
-46
-44
-24
-51
-17
-27
-9
-40
-32
-31
6
-29
-68
-38
-56
-26
-73
-59
-52
-62
-46
-50
-76
-70
-46
-63
-31
-48
-53
-67
-46
-20
-18
-24
-63
-57
-51
-110
-51
-43
-64
-74
-62
-49
-61
-39
-93
-122
-101
-68
-64
-76
-85
-73
-60
-50
-88
-132
-95
-132
-86
-25
-50
-63
-85
-86
-106
-78
-118
-81
-107
-66
-62
-29
-25
-4
7
-39
4
-6
-24
-58
-8
-21
-32
-44
-23
-4
4
-1
25
58
32
21
52
33
45
28
26
0
37
40
47
64
44
66
21
-14
-4
41
-19
32
-11
-49
-24
14
10
-7
15
12
-2
-37
-19
-58
-40
-48
-56
-39
-27
-35
-21
-16
-47
-50
-72
-42
-68
-60
-45
-79
-104
-77
-93
-96
-84
-70
-52
-73
-38
-36
-55
-22
-72
-56
-9
-82
-35
-58
-70
-66
-50
-101
-51
-67
-85
-61
-42
-26
-31
-44
-38
-20
-33
-10
-38
-34
-56
-100
-48
-43
-84
-45
-91
-22
-23
-36
12
-47
-30
-45
-35
-3
8
8
-20
-8
-16
-40
-39
-39
6
20
-3
-44
-44
20
27
-1
18
-12
-29
-24
-25
-70
-48
-48
-31
-38
-88
-12
-28
-44
-38
-46
-67
-97
-97
-66
-107
-102
-102
-111
-61
-79
-74
-21
-51
-81
-19
-62
-7
-2
22
14
1
27
-36
-38
-24
7
-4
-2
-26
-34
0
-11
-57
-38
8
-14
-38
-45
-18
-45
-58
23
29
49
33
25
-6
9
20
12
-27
10
15
-19
14
-18
-8
7
27
-23
13
-7
-9
5
2
28
-11
-10
8
-12
-49
-50
-30
-14
-37
-25
-33
-54
-48
-62
-64
-74
-49
-38
-51
-49
-39
-72
-96
-89
-88
-73
-59
-88
-71
-53
-72
-20
-73
-62
-29
-7
-42
-103
-93
-53
-62
-54
-27
8
-36
-34
-15
-80
-64
-60
-28
-37
-84
-85
-48
-31
-36
-22
-19
-63
-70
-76
-52
-30
4
-30
-11
5
-16
22
-20
14
-19
11
7
43
28
14
29
32
12
8
37
-12
18
54
30
42
67
39
28
-4
19
14
18
39
16
46
16
0
16
55
68
16
-19
-23
-14
12
-14
-32
-4
-61
-54
-25
-43
-30
-41
-32
7
-40
-29
-12
-43
-48
-32
-60
-55
-67
-28
-33
-60
-65
-79
-76
-118
-84
-90
-97
-77
-92
-90
-86
-110
-73
-52
-30
-35
-91
-57
-38
-68
-81
-104
-113
-122
-114
-93
-86
-73
-74
-45
-98
-104
-76
-89
-71
-83
-110
-60
-94
-90
-69
-80
-59
-67
-55
-84
-63
-34
-71
-105
-64
-75
-76
-56
-62
-75
-41
-73
-80
-72
-54
-98
-85
-77
-90
-47
-76
-96
-103
-67
-77
-52
-63
-87
-52
-58
-67
-80
-108
-117
-133
-133
-112
-95
-69
-100
-29
-84
-115
-85
-97
-66
-117
-118
-124
-96
-58
-73
-71
-119
-107
-71
-75
-57
-84
-43
-38
-49
-52
-58
22
-6
-15
-38
-20
-3
-4
2
-43
-25
-40
-65
-50
-29
-5
-15
-7
-15
14
47
40
50
23
-16
12
9
21
39
15
59
23
-1
-7
-18
9
1
27
-18
33
87
44
20
-7
-41
4
-6
-18
-57
-36
41
14
19
-3
-3
0
-6
-32
-26
-43
20
7
-19
-29
-9
-24
-54
-24
-30
-27
-61
-81
-64
-68
-81
-83
-73
-79
-20
-52
-58
-57
-40
-73
-45
-8
-45
-45
-46
-17
-26
31
-1
-15
-50
-61
-70
-51
-54
-77
-10
-24
-36
-41
-56
-8
-35
-39
-23
-39
-55
-30
-45
-79
-76
-66
-87
-101
-62
-91
-83
-52
-34
-56
-72
-50
-21
-16
-6
-16
-38
20
-17
-28
15
-1
14
30
-12
16
35
26
46
26
-20
1
-3
42
38
26
14
10
101
30
21
39
45
55
37
43
8
37
53
50
48
74
46
25
16
21
20
28
-4
24
51
31
21
25
55
23
25
27
5
34
28
24
29
-18
-41
-32
2
18
29
-27
-19
-36
-29
22
15
27
20
-28
-53
-42
-50
-52
-26
-37
-47
-34
-31
-9
-40
-50
-83
-66
-31
-55
-75
-69
-59
-55
-92
-74
-52
-47
-97
-100
-97
-92
-98
-120
-108
-135
-112
-75
-89
-74
-49
-34
-58
-51
-46
-39
-31
-81
-61
-119
-41
-25
-48
-63
-66
-47
-44
7
-10
15
-4
-10
-21
27
18
63
53
48
37
48
97
57
89
92
106
127
151
146
117
102
65
72
112
77
67
87
73
109
95
107
105
90
119
109
82
102
99
102
99
129
139
117
144
123
137
95
104
82
104
110
97
97
75
102
126
61
77
82
42
4
-10
32
-14
-9
-16
-30
-10
8
14
-39
-31
-31
-30
-75
-63
-52
-66
-53
-91
-85
-67
-62
-63
-31
-106
-103
-63
-89
-100
-76
-75
-81
-63
-74
-72
-65
-76
-58
-43
-47
-89
-75
-23
-96
-68
-79
-54
-85
-92
-35
-54
-33
-23
-59
-78
-51
-103
-107
-74
-51
-64
-35
-57
-38
-13
-48
-74
-32
-15
-37
-14
-81
-57
-11
-29
-62
-41
-61
-55
-39
-83
-74
-63
-43
-24
-36
-69
-22
-40
-34
-9
-1
-28
-63
-56
-72
-13
-23
-55
-16
6
-19
20
37
56
62
26
10
33
41
48
-1
27
52
19
55
54
79
37
16
51
53
26
34
50
24
42
53
31
21
48
103
79
51
39
80
83
79
76
81
51
67
55
0
53
37
50
90
83
24
68
86
63
97
62
79
86
60
47
46
75
54
54
39
40
74
77
75
92
102
76
97
110
75
109
137
99
87
115
100
74
62
56
47
68
58
36
50
57
44
41
51
18
26
-6
26
-18
-4
7
-1
0
35
34
-14
19
0
11
-6
1
12
-10
1
-31
-29
0
-9
1
-8
1
-24
-35
-24
18
20
-17
-21
-38
40
21
6
-15
-38
9
-48
-10
-2
-14
4
-29
-20
-3
-44
-22
-24
5
-8
-18
-37
-19
-15
-22
0
21
45
18
12
66
7
-14
1
24
39
51
54
35
52
32
-2
29
58
55
71
113
44
49
76
45
61
51
63
72
72
73
82
71
65
55
53
85
96
53
109
90
96
73
58
91
78
55
80
107
112
125
109
140
132
111
124
127
141
130
139
119
105
106
97
147
119
119
102
99
113
99
87
123
143
117
149
152
140
139
79
82
112
136
103
69
40
70
67
45
75
111
101
89
84
83
104
117
77
33
62
42
33
48
68
72
94
36
60
50
39
45
46
45
21
52
10
8
25
65
51
54
50
34
58
31
36
16
30
9
16
9
2
19
-45
9
8
-9
18
14
28
55
75
85
54
63
16
24
31
40
75
62
67
84
62
76
72
98
69
60
66
52
90
8
70
77
58
34
56
65
55
64
41
49
79
58
79
80
29
63
-3
34
37
47
39
36
63
42
55
50
66
10
8
48
48
32
17
18
18
44
40
47
38
30
-7
-18
46
53
33
-2
-27
-8
21
-6
-19
-22
-25
-2
-32
-61
-37
-28
-27
-56
-36
21
17
9
21
17
11
-1
20
-39
-22
-25
-8
30
16
50
43
38
25
4
-16
24
12
10
-65
-44
-2
-53
-22
-3
-36
-56
-45
-46
-11
1
-21
-1
-6
3
-47
-17
-11
-7
28
-21
-2
5
23
28
65
29
17
20
-3
-2
25
38
10
14
1
19
14
1
-11
-9
14
56
8
24
36
5
73
58
39
68
108
96
64
45
96
83
88
71
78
123
120
116
91
116
145
157
127
146
148
100
120
154
145
140
127
116
138
153
119
148
152
130
165
130
109
77
115
87
110
137
128
109
87
122
91
98
76
57
73
76
84
91
86
86
65
78
36
40
49
20
37
54
17
-12
-17
-28
-44
-37
-18
-10
32
-7
30
57
6
-24
-17
-12
-14
-2
-19
-29
-37
-52
-32
-39
-47
-41
-15
6
-10
1
-5
-2
6
36
-37
-18
-25
-38
7
-4
-33
-31
19
-14
-21
-19
-43
-10
-27
18
3
-1
-1
-20
8
17
0
14
54
56
32
1
2
15
13
4
26
21
-50
-36
-17
3
-25
-29
-34
-79
-23
-25
-4
-11
-11
-1
5
6
16
-16
-17
-15
-10
35
27
46
-28
31
21
8
8
24
6
-28
-5
-2
41
-31
-14
-29
-20
-25
-24
-32
-34
-42
-77
-44
-27
-40
-56
-32
-31
-19
-18
-41
-23
-21
-1
-21
-63
5
-13
-15
-2
-4
-5
-34
-26
-25
-43
-37
-14
-4
-25
-19
-72
-37
-24
-61
-68
-62
-25
-56
-10
-50
-47
-33
-61
-97
-84
-48
-68
-103
-129
-76
-109
-131
-92
-92
-66
-82
-88
-89
-102
-99
-124
-103
-86
-85
-88
-82
-141
-121
-66
-100
-103
-102
-110
-114
-163
-159
-112
-129
-154
-124
-106
-85
-80
-119
-111
-93
-133
-149
-82
-109
-111
-137
-132
-154
-131
-114
-118
-139
-148
-112
-190
-158
-107
-110
-121
-130
-89
-65
-77
-64
-119
-126
-105
-107
-99
-156
-118
-98
-145
-137
-124
-84
-161
-163
-95
-128
-124
-149
-93
-106
-147
-180
-146
-138
-132
-152
-151
-173
-172
-161
-189
-162
-198
-171
-192
-186
-151
-145
-154
-125
-118
-149
-96
-100
-121
-107
-109
-101
-96
-36
-65
-43
-65
-81
-47
-30
-17
-43
-19
-16
-13
-12
-16
-33
-76
-70
-56
-109
-88
-89
-76
-106
-92
-81
-81
-130
-87
-78
-130
-137
-135
-127
-172
-150
-111
-117
-128
-100
-101
-103
-110
-134
-96
-83
-54
-66
-131
-84
-99
-134
-110
-161
-143
-135
-116
-121
-129
-119
-158
-176
-174
-154
-149
-123
-137
-184
-179
-189
-212
-203
-224
-252
-224
-226
-194
-221
-241
-229
-210
-180
-230
-215
-219
-251
-275
-264
-240
-228
-277
-257
-207
-209
-232
-225
-208
-191
-170
-216
-226
-174
-132
-167
-131
-143
-142
-153
-154
-158
-125
-125
-134
-132
-149
-119
-134
-176
-230
-214
-179
-134
-189
-167
-146
-156
-152
-217
-180
-168
-196
-165
-131
-118
-107
-127
-82
-57
-59
-18
-14
-32
-26
17
11
0
18
59
84
64
38
28
10
15
-10
-24
13
8
-1
40
10
-11
-32
-34
-79
-102
-90
-99
-111
-123
-110
-119
-127
-165
-113
-90
-93
-90
-83
-68
-56
-79
-30
-28
-24
-67
-49
-72
-69
-64
-83
-77
-95
-82
-72
-84
-139
-116
-122
-139
-138
-106
-130
-152
-190
-199
-141
-155
-171
-163
-165
-167
-190
-181
-188
-180
-157
-183
-149
-145
-140
-146
-100
-114
-161
-138
-187
-178
-150
-191
-195
-170
-208
-200
-210
-195
-182
-203
-199
-166
-166
-175
-180
-202
-184
-177
-133
-170
-212
-195
-207
-236
-269
-276
-276
-258
-296
-297
-307
-320
-354
-397
-409
-426
-419
-460
-511
-547
-713
-1467
-1740
-1995
-2627
-3144
-4237
-4864
-5294
-5818
-6436
-6990
-7546
-7946
-7875
-8288
-8309
-8294
-8192
-7701
-7293
-6587
-5815
-4897
-3790
-2504
-1141
371
2115
3378
4877
6581
8088
9687
10813
11926
13121
14228
15074
15452
15729
15521
15351
14987
13823
12562
10941
9174
7259
5161
3003
779
-1413
-3508
-5185
-6821
-8185
-9326
-10410
-11033
-11416
-11514
-11512
-11496
-11294
-10772
-10000
-9436
-8744
-7994
-7226
-6058
-5029
-3882
-2619
-1485
-117
1266
2652
3990
5252
6424
7405
8436
9193
9759
9987
9880
9777
9464
8898
8072
7014
5865
4760
3568
2338
1102
-179
-1320
-2271
-3137
-3946
-4698
-5295
-5794
-6142
-6450
-6664
-6813
-6998
-7002
-6824
-6644
-6405
-6178
-5841
-5282
-4623
-3879
-3120
-2331
-1364
-315
715
1707
2678
3528
4273
4564
4380
4209
3763
3050
1887
345
-1182
-2602
-4031
-5641
-7136
-8436
-9269
-9753
-10215
-10326
-10152
-9627
-8878
-7954
-6838
-5676
-4463
-3281
-2002
-725
541
1749
2705
3777
5003
6248
7538
8673
9891
11313
12805
14045
15047
15966
16495
17003
17068
16535
15615
14298
12690
10565
8203
5680
3130
485
-2219
-4605
-6735
-8478
-9996
-11207
-11924
-12281
-12309
-12151
-11857
-11377
-10590
-9838
-9219
-8505
-7814
-7169
-6403
-5725
-5002
-4151
-3208
-2196
-1007
267
1648
3100
4460
5851
7229
8579
9609
10375
10852
11162
11206
10846
10133
9179
8023
6690
5253
3708
2196
612
-851
-2065
-3210
-4177
-4955
-5561
-6007
-6355
-6492
-6528
-6625
-6725
-6737
-6715
-6699
-6823
-6897
-7856
-8820
-8836
-9529
-9976
-10900
-11969
-11878
-11567
-11277
-11085
-10395
-9575
-7976
-6285
-5061
-3410
-1808
-248
1279
2791
4135
5203
6107
6788
7848
8680
9483
10272
10459
11547
12597
13646
14645
15205
16079
16866
17525
17482
17274
16839
15337
13708
11964
9575
7158
4043
372
-2437
-4904
-7498
-10113
-12449
-14021
-14608
-14922
-15257
-15020
-14274
-13330
-12145
-10719
-9422
-8212
-7211
-6027
-4772
-3929
-2899
-2010
-1472
-575
443
1635
2884
3608
4662
6243
7803
8950
9875
10813
11598
12261
12428
12187
11780
10777
9550
8280
6634
4927
2942
867
-994
-2628
-3953
-5258
-6499
-7431
-7886
-8025
-8032
-8006
-7991
-7924
-7389
-7368
-8655
-8549
-8910
-9643
-10052
-11922
-12564
-12594
-12815
-13296
-13367
-12836
-11948
-10220
-9361
-8047
-6001
-4168
-2459
-772
846
2328
3748
4542
5491
6276
7031
7999
7983
8199
9434
10223
11106
11767
12351
13878
15181
16024
16862
17838
18262
18365
18575
17381
15735
14374
12033
9636
6470
2719
-51
-3143
-6300
-9293
-11685
-13278
-14597
-15521
-16160
-15777
-14934
-14159
-13273
-12252
-10558
-8925
-8128
-7264
-5940
-4957
-4107
-3426
-3002
-1964
-1092
-431
888
2001
3102
4689
6275
7685
8967
10366
11591
12480
12850
12883
13089
12607
11282
10024
8409
6851
4920
2499
569
-1219
-2924
-4445
-5826
-6880
-7456
-7795
-8343
-9012
-9181
-9483
-9719
-10351
-11422
-11938
-12738
-13547
-14318
-15058
-15562
-15758
-15594
-15318
-14514
-13466
-12018
-10449
-8761
-6693
-4519
-2525
-781
1088
2935
4644
6104
7130
8303
9288
10107
11102
11634
12188
13080
13849
14659
15362
16108
17143
17792
18511
19184
19569
19642
19063
18084
16769
15108
12924
10120
6908
3395
66
-2909
-6350
-9718
-12474
-14585
-15961
-17059
-17804
-17864
-17311
-16542
-15321
-13851
-12376
-10774
-9344
-7904
-6412
-4975
-3850
-3040
-2163
-1143
-22
987
1826
2926
4152
5639
7210
8489
9829
11039
12162
13189
13840
14070
13939
13425
12530
11280
9800
8006
5897
3565
1315
-630
-2539
-4483
-6198
-7488
-8331
-8922
-9418
-10055
-11671
-11975
-12097
-13144
-13869
-15890
-16904
-17285
-17818
-18611
-19234
-19130
-18886
-17097
-15912
-14592
-12271
-10076
-7691
-5006
-2219
261
2547
4363
6391
8427
9808
11214
11805
12140
13498
14310
14820
15249
15394
16232
17346
17916
18346
19178
19838
20341
21040
20948
20345
19580
18031
16126
13865
10978
7663
3806
-412
-3922
-7311
-10700
-14012
-17015
-18671
-19550
-20129
-20446
-19884
-19015
-17432
-15380
-13675
-11799
-9928
-8292
-6648
-4924
-3691
-2522
-1566
-897
61
1464
2422
3381
4461
5676
7472
9109
10579
11807
12965
14063
15129
15580
15412
14860
13939
12664
11069
8976
6668
4263
1432
-1016
-3093
-5136
-7172
-9591
-11277
-12524
-13346
-14229
-15856
-16948
-17757
-17853
-18259
-19015
-19600
-19886
-19334
-18996
-18454
-17659
-16686
-15360
-13645
-11669
-9578
-7427
-5458
-3237
-689
1816
4116
6003
7602
9428
11301
12939
13891
14498
15434
16336
17163
17533
17778
18171
18557
18998
19288
19654
19946
20233
20188
19717
19243
18250
16944
14898
12332
9624
6759
3474
-438
-4041
-7562
-10683
-13589
-16280
-18373
-19682
-20321
-20587
-20265
-19407
-17948
-16287
-14462
-12562
-10418
-8445
-6717
-5132
-3586
-2021
-820
189
1143
2219
3336
4538
5670
6744
8021
9347
10712
11975
12948
13797
14541
14864
14813
14337
13497
12212
10576
8561
6370
4087
1573
-923
-3315
-5529
-7456
-10232
-12663
-13903
-15394
-16600
-18555
-20347
-20836
-20883
-21296
-22126
-22317
-22082
-20809
-19523
-19011
-17627
-15714
-13854
-11842
-9826
-7595
-5314
-3338
-1257
981
3279
5414
7193
8483
10204
12252
13767
14784
15328
16219
17581
18378
18598
18921
19314
19692
20073
20367
20331
20463
20562
20203
19559
18530
17305
15943
13556
10872
8149
5223
1984
-1938
-5536
-8829
-11561
-14405
-17000
-18908
-20077
-20298
-20410
-20166
-19206
-17662
-15982
-14158
-12360
-10281
-8125
-6466
-5077
-3460
-1860
-634
463
1293
2487
3825
5073
6193
7292
8572
9982
11448
12482
13358
14165
14793
15005
14810
14075
13238
11842
9975
7988
5701
3409
942
-1590
-4010
-6567
-9931
-11745
-13537
-15800
-17443
-19922
-21186
-21787
-22238
-23079
-23577
-23382
-23017
-21248
-20487
-19783
-17821
-16138
-14231
-12240
-10247
-7948
-5965
-4024
-1736
619
2577
4532
6363
7801
9983
11865
13189
14420
15117
16598
18016
18472
18687
19277
19763
20026
20438
20419
20470
20646
20493
20661
20504
19519
18725
17336
15287
13367
11012
8154
4886
1226
-2293
-5170
-8319
-11800
-14668
-17129
-18793
-19488
-20152
-20661
-20192
-19190
-17611
-15789
-14256
-12210
-9989
-8243
-6412
-4459
-2761
-1387
-469
556
2086
3391
4307
5224
6320
7562
9262
10547
11464
12534
13474
14361
15032
15000
14633
14173
12980
11548
9993
7992
5556
3047
207
-2651
-5147
-7953
-10543
-13089
-15651
-17473
-19013
-20533
-21924
-22797
-23331
-23314
-23092
-23005
-22248
-21301
-20256
-18702
-17217
-15614
-13807
-12008
-9967
-7821
-5690
-3604
-1455
498
2500
4768
6616
8497
10177
11675
13349
14659
15738
16297
16963
17341
17652
18025
17733
17668
17693
17774
17815
17739
17940
17981
18312
18546
17997
17439
16378
14875
13259
10923
8103
4949
1741
-1738
-5105
-8181
-11464
-14000
-16232
-17902
-18727
-19113
-18978
-18520
-17379
-15757
-13858
-11882
-10035
-8089
-6192
-4471
-2828
-1761
-666
279
926
1903
2647
3523
4442
5374
6461
7724
9178
10319
11409
12399
13081
13787
14079
13680
13052
11946
10539
8849
6701
4386
1634
-1331
-4060
-6824
-9464
-11985
-14646
-16998
-18815
-20110
-21450
-22462
-23251
-23671
-23258
-22838
-22407
-21571
-20515
-19288
-17737
-16068
-14493
-12786
-11052
-9231
-7113
-5163
-3131
-1291
454
2536
4586
6493
8227
9665
11163
12779
14187
15102
15884
16464
16826
17429
17762
17880
18177
18267
18344
19002
19353
19990
20545
20857
21301
21097
20669
19442
17968
15751
12943
9776
5924
2459
-1570
-5376
-8987
-12240
-14821
-16970
-18747
-19739
-19755
-19501
-18762
-17633
-16028
-14292
-12308
-10729
-8928
-7095
-5683
-4251
-3167
-2064
-1098
-133
747
1774
2973
4290
5723
7125
8592
10202
11747
12958
14140
14762
15196
15278
14775
13840
12511
10755
8626
6505
3971
1461
-855
-3218
-5368
-7224
-8928
-11152
-13175
-14504
-15921
-17271
-19009
-20916
-21976
-22639
-23275
-24045
-24457
-24393
-23482
-21988
-20910
-19184
-16987
-14662
-12147
-9538
-6833
-4407
-2300
-257
1780
3679
5304
6614
7506
8640
10007
11128
12093
12583
13146
14311
15276
15792
16437
17071
17807
18460
19170
19741
20351
21156
21405
22032
22465
22294
21702
20537
18758
16804
14445
11161
7525
3678
-150
-3713
-6960
-10402
-13234
-15385
-17143
-17985
-18405
-18415
-18255
-17432
-16219
-14673
-13233
-11798
-10335
-9116
-7690
-6277
-5085
-4074
-3051
-2126
-636
874
2221
3762
5371
7052
8865
10754
12179
13481
14529
15268
15758
15820
15270
14331
12916
11154
9303
7203
4885
2387
-49
-2642
-5000
-7239
-9608
-11456
-13688
-15751
-17305
-19022
-20364
-21633
-22765
-23599
-23830
-23897
-23784
-23121
-22409
-21185
-19506
-17828
-15818
-13714
-11497
-9115
-6769
-4473
-2277
-153
1711
3604
5384
6904
8503
9678
10842
12099
12965
13828
14625
14992
15553
16164
16503
16956
17413
17729
18242
18857
19379
19993
20860
21284
22088
22461
21818
21306
19921
18089
15880
12766
9047
5368
1413
-2713
-6182
-9828
-13078
-15389
-17235
-18374
-18637
-18612
-18145
-17069
-15830
-14147
-12498
-11078
-9700
-8228
-7089
-6013
-4991
-4412
-3479
-2669
-1724
-356
1018
2353
4142
5971
7853
9969
11705
13269
14661
15660
16189
16481
15970
14943
13658
11771
9718
7487
4940
2330
-43
-2443
-4729
-7406
-9784
-11155
-13150
-14828
-16794
-18734
-19733
-20767
-21867
-23157
-23757
-24145
-23866
-23223
-23216
-22050
-20464
-18942
-16978
-14853
-12431
-10089
-7852
-5588
-3128
-694
1270
3158
4666
6294
8276
9410
10599
11355
12102
13334
13999
14386
14759
15306
15651
16102
16597
16886
17544
17946
18436
19413
19971
20874
21699
21892
22072
21491
20603
19225
17144
14469
11152
7614
3576
-220
-3992
-7796
-11090
-13934
-15906
-17321
-18232
-18392
-18076
-17220
-16127
-14650
-13034
-11640
-10126
-8946
-7613
-6537
-5754
-4960
-4292
-3600
-2662
-1548
-387
950
2629
4493
6476
8538
10389
12343
13941
15139
16095
16521
16392
15654
14499
12966
11024
8713
6260
3693
1108
-1258
-3918
-6413
-8434
-10450
-11962
-13934
-15767
-17082
-18314
-19341
-20746
-21712
-22641
-22965
-23040
-23405
-23009
-22420
-21388
-20002
-18485
-16495
-14358
-12122
-9797
-7357
-4810
-2384
-65
1832
3774
5791
7373
8870
9820
10838
11963
12829
13483
13848
14360
14693
15194
15647
15979
16575
16942
17437
18216
18775
19760
20342
20999
22109
22439
22783
22044
20842
19376
17407
15123
11283
7728
3615
-329
-3825
-7901
-11123
-14054
-16142
-17652
-18405
-18466
-18191
-17272
-16237
-14818
-13001
-11371
-9983
-8941
-7923
-6691
-5904
-5102
-4694
-4207
-3221
-2119
-643
653
2523
4347
6365
8711
10803
12769
14420
15617
16415
16939
16878
16196
14813
12939
10943
8740
6301
3615
1001
-1364
-3379
-5321
-7762
-9812
-10985
-12493
-13845
-15556
-17433
-18344
-19505
-20769
-22131
-23127
-23716
-23795
-23588
-23615
-22677
-21176
-19642
-17750
-15661
-13024
-10379
-8090
-5662
-3120
-599
1486
3268
4614
6068
7744
8842
9775
10398
11019
12106
12851
13082
13528
14152
14567
15009
15417
15981
16626
17232
17625
18318
19266
19826
20561
21209
21590
21805
21395
20352
18673
16796
14741
11512
7931
4007
288
-2971
-6628
-9960
-12884
-14844
-16244
-17277
-17545
-17421
-16653
-15663
-14456
-13115
-11700
-10218
-9145
-8321
-7370
-6430
-5564
-5024
-4578
-3709
-2404
-971
279
1964
3898
5958
8201
10209
12076
13743
15073
15894
16299
16271
15766
14634
12935
10900
8827
6692
4271
1711
-585
-2401
-4125
-6413
-8198
-9463
-10956
-11973
-13743
-15449
-16635
-18062
-19288
-20899
-22154
-23228
-23580
-23774
-24160
-23341
-22338
-20819
-19094
-17170
-14443
-11855
-9385
-6845
-4282
-1683
621
2560
4031
5500
6957
7915
8967
9421
9985
10953
11556
12061
12518
13226
13741
14456
14915
15582
16413
16890
17533
17933
18723
19355
20052
20536
20831
21641
21430
21287
20040
18048
16756
14491
11669
8036
3814
343
-2625
-6022
-9486
-12682
-14740
-16016
-16586
-17123
-17486
-16447
-15674
-14241
-13085
-11893
-10122
-9096
-8246
-7518
-6204
-5247
-4567
-4235
-3670
-1968
-424
803
2198
3818
5967
8487
10155
11843
13322
14681
15585
15809
15827
15190
14339
12426
10404
8473
6401
4103
1544
-961
-2777
-4031
-5913
-8097
-9685
-10780
-11790
-13047
-15195
-16792
-17800
-19046
-20527
-21974
-23103
-23806
-23636
-23918
-23562
-22337
-20892
-19107
-17428
-14974
-12067
-9499
-7339
-5018
-2601
-200
1802
3160
4233
5574
6814
7838
8537
8826
9607
10554
11137
11524
12125
12887
13309
13887
14286
15050
15853
16156
16616
16912
17655
18361
18913
19289
19737
20382
20623
20349
19104
17395
16138
14156
11145
7754
3974
760
-2209
-5596
-8830
-11628
-13432
-14941
-15660
-16328
-16361
-15448
-14830
-13828
-12880
-11269
-9714
-8864
-8271
-7386
-6089
-5293
-4723
-4322
-3448
-2037
-639
506
2018
3723
5718
7786
9407
11044
12630
13881
14362
14603
14507
14088
13007
11146
9245
7424
5554
3260
951
-1246
-2835
-4183
-5490
-7186
-9086
-10034
-10791
-12033
-13788
-15546
-17188
-18390
-19792
-21352
-22623
-23585
-24084
-23919
-23387
-22561
-21050
-19310
-17371
-15095
-12273
-9430
-7117
-5057
-2761
-255
1706
3097
4192
5183
6363
7449
8155
8767
9338
10013
11028
11898
12461
13288
14039
14642
15395
16036
16790
17223
17505
17850
18349
18817
19031
19376
19539
20147
20580
20645
20085
18853
17555
16224
14657
11693
8303
4779
1812
-1019
-4339
-7601
-10525
-12540
-14052
-14891
-15565
-15633
-15178
-14569
-13539
-12348
-10753
-9371
-8532
-7854
-6550
-5166
-4297
-3891
-3541
-2535
-1243
99
1107
2481
4000
5687
7657
9260
10833
12122
13147
13737
14066
14147
13751
12568
10906
9187
7561
5766
3449
1095
-1062
-2707
-4004
-5509
-7091
-8625
-10086
-11412
-12638
-14287
-16059
-17858
-19753
-21130
-22364
-23371
-24274
-24844
-24731
-23797
-22179
-20627
-18827
-16546
-13921
-10930
-8216
-5837
-3667
-1650
484
2223
3636
4719
5554
6414
7185
8166
8911
9640
10298
10954
11980
12905
13690
14116
14770
15287
15986
16582
16840
17186
17113
17461
17783
18059
18473
18607
18986
19341
19359
18481
17265
16041
14597
12518
9509
5972
2872
98
-3128
-6521
-9805
-12039
-13559
-14906
-16036
-16452
-15969
-15260
-14494
-13644
-12127
-10419
-9194
-8257
-7371
-6016
-4704
-4030
-3763
-2923
-1680
-383
690
1698
3201
5002
6912
8358
9898
11509
12865
13663
13999
14201
14112
13497
11993
10363
8613
6985
4889
2499
317
-1520
-2935
-4354
-5957
-7755
-8978
-10433
-11340
-12729
-14614
-15990
-17879
-19127
-20437
-21388
-22345
-23162
-23094
-22821
-21360
-20204
-18757
-16727
-14546
-11858
-9212
-6876
-4876
-2894
-912
972
2484
3632
4504
5491
6172
7189
7987
8543
9258
9685
10634
11495
12302
12828
13166
13756
14344
15072
15468
15600
15782
16146
16534
16982
17219
17522
17997
18577
19273
19425
18849
17707
16478
15300
13676
10789
7281
3838
851
-1982
-5275
-8483
-11384
-13253
-14471
-15466
-16008
-15906
-15382
-14688
-13716
-12379
-10724
-9534
-8777
-8109
-6909
-5586
-4809
-4578
-4235
-3307
-2053
-736
238
1513
3064
4928
6737
8379
10027
11296
12274
12860
13166
13319
12974
11765
10094
8463
6916
5186
2947
650
-1217
-2633
-3731
-5073
-6600
-8363
-9402
-10106
-11536
-12711
-14714
-16390
-17666
-19051
-20041
-21299
-22081
-22804
-22296
-21377
-20486
-18845
-17450
-15484
-13101
-10429
-7873
-5962
-4211
-2268
-271
1353
2521
3501
4141
5062
6117
6798
7652
8017
8525
9488
10277
11220
11793
12360
12803
13397
14240
14899
15141
15281
15675
16027
16816
16949
17327
17877
18273
19049
19291
19260
18175
16956
15852
14153
12050
8682
5117
1972
-1058
-3977
-7262
-10332
-12690
-14172
-15151
-15913
-16163
-15880
-15157
-14362
-13411
-11805
-10494
-9640
-8995
-8250
-6973
-6018
-5473
-5248
-4628
-3373
-2047
-707
549
1985
3901
5963
7812
9604
11120
12393
13255
13632
13925
13784
12842
11371
9637
8054
6450
4465
2277
208
-1413
-2640
-3674
-4853
-6426
-7536
-8655
-9763
-10855
-12641
-14202
-16130
-17800
-19115
-20301
-21370
-22450
-22632
-22303
-21127
-19666
-18288
-16321
-14000
-11367
-8508
-6222
-4120
-2150
-302
1435
2825
3860
4538
5203
5722
6425
7241
7724
8306
8891
9802
11009
11788
12526
12904
13602
14412
14922
15449
15298
15542
15742
16028
16434
16259
16581
16949
17589
18290
18499
18201
17131
16246
15322
13802
11257
7811
4459
1545
-1385
-4727
-8250
-11259
-13434
-14954
-15980
-16937
-16917
-16676
-16082
-15123
-13871
-12085
-10849
-9930
-9194
-7948
-6592
-5803
-5519
-5299
-4382
-3148
-1917
-941
217
1692
3672
5650
7420
9187
10717
11953
12879
13541
13915
13820
12783
11322
9805
8436
6701
4420
2146
-28
-1530
-2872
-4030
-5288
-6703
-7490
-8587
-9608
-10625
-12100
-13681
-15555
-17008
-18264
-19459
-20653
-21821
-22033
-21652
-20544
-19224
-17952
-15965
-13537
-10754
-8117
-5925
-3825
-1861
-85
1370
2654
3611
4161
4759
5290
6042
6791
7229
7755
8380
9342
10430
11508
12116
12662
13570
14378
15110
15351
15604
15711
16112
16335
16307
16670
16741
17234
17634
18214
18740
18543
17793
16524
15725
14366
12161
8976
5213
2328
-516
-3706
-7254
-10445
-12887
-14412
-15569
-16666
-16964
-16638
-16065
-15284
-14074
-12578
-11003
-10078
-9437
-8403
-6998
-5917
-5553
-5329
-4686
-3309
-2035
-933
260
1767
3810
5850
7680
9394
11226
12544
13464
14158
14533
14558
13828
12319
10722
9258
7571
5512
3070
863
-724
-2004
-3245
-4531
-5872
-6828
-7701
-8917
-9908
-11362
-13072
-14862
-16742
-18155
-19517
-20772
-22166
-22849
-22653
-21935
-20727
-19557
-17960
-15728
-13062
-10402
-8132
-6097
-4083
-2195
-646
710
1856
2582
3232
3831
4533
5510
6140
6753
7544
8487
9801
10917
11862
12456
13192
14182
14886
15449
15744
15928
16260
16517
16751
17177
17403
17653
18080
18581
19422
19659
19055
17680
16641
15767
13982
11143
7152
3767
1087
-1957
-5534
-9040
-11905
-13697
-14869
-16149
-16757
-16384
-15868
-15218
-14331
-12823
-10877
-9685
-9197
-8386
-7035
-5626
-4921
-4865
-4504
-3225
-1738
-582
569
1863
3778
5913
7721
9509
11450
13001
13906
14510
14902
15136
14605
13158
11299
9624
7995
6050
3611
1087
-720
-2138
-3351
-4561
-5825
-7001
-7765
-8718
-9905
-10900
-12369
-14100
-15952
-17811
-19128
-20408
-21857
-23082
-23469
-22899
-22009
-20689
-19393
-17528
-14929
-12295
-9712
-7596
-5506
-3452
-1751
-440
717
1637
2267
2749
3218
3984
4824
5386
5913
6803
7940
9230
10302
11114
11788
12854
13815
14421
14882
14949
15300
15538
15752
15818
15951
16256
16444
16863
17497
18410
18906
18806
17873
16763
16372
14913
12613
8975
5232
2522
-539
-3784
-7785
-11087
-13302
-14757
-15873
-16966
-17115
-16652
-15973
-15070
-13794
-12209
-10691
-9979
-9437
-8337
-6950
-6066
-5920
-5947
-5172
-3656
-2425
-1314
-257
1515
3811
5902
7886
9718
11492
12875
13742
14407
14755
14557
13518
11761
10096
8720
7056
4991
2641
589
-604
-1772
-2933
-4142
-5180
-6609
-8241
-8918
-10223
-11814
-13938
-16561
-18218
-19607
-20972
-22655
-24209
-25078
-24679
-23288
-22615
-21645
-19838
-17412
-14804
-12528
-10132
-7847
-6192
-4601
-2847
-1279
-226
461
893
1576
2794
3685
4559
5108
5579
6999
8575
9608
10124
10856
11679
12455
12993
13259
13388
13565
13570
13674
14194
14248
14703
14937
15368
16277
17197
17999
18016
17214
16110
15826
14491
12206
8918
5091
2194
-808
-3976
-7660
-10791
-13301
-14963
-15618
-16494
-16590
-16124
-15363
-14353
-12862
-11119
-9493
-8644
-8073
-6779
-5510
-4516
-4251
-4241
-3540
-2142
-983
233
1697
2988
5110
7332
9296
11110
12856
14140
14977
15722
16028
15951
14872
13127
11357
9795
7927
5619
3069
818
-770
-2218
-3352
-4493
-5762
-7416
-8612
-9069
-10399
-11846
-14023
-16275
-17650
-19050
-20320
-21962
-23477
-24140
-23580
-22442
-21754
-20483
-18629
-16252
-13640
-11115
-8478
-6361
-4756
-3025
-1093
409
1334
1903
2301
3099
4189
4950
5764
6195
6779
8233
9607
10446
11061
11817
12504
13211
13830
14054
14248
14264
14205
14515
14688
14732
14794
14973
15479
16049
16902
17298
17333
16572
15513
15215
13638
11509
8433
4813
1900
-1028
-3951
-7519
-10630
-13185
-14774
-15321
-16286
-16604
-16147
-15458
-14317
-12986
-11432
-9910
-8963
-8182
-7025
-5634
-4710
-4218
-3984
-3370
-1877
-620
585
1861
3207
5240
7517
9403
11102
12807
14022
14885
15585
15765
15491
14452
12699
10939
9333
7448
5254
2887
617
-960
-2209
-3398
-4564
-6077
-7766
-8567
-9321
-10903
-12346
-14672
-16471
-17798
-19323
-20556
-22164
-23319
-23960
-23244
-22393
-21866
-20378
-18765
-16537
-14079
-11702
-9231
-7383
-5797
-3812
-2018
-676
263
915
1559
2564
3529
4254
5087
5393
6151
7517
8494
9216
9803
10426
10985
11561
12092
12500
12680
12751
12874
13202
13650
13685
13902
14139
14666
15464
16342
17119
17046
16680
15867
15174
14336
12380
9583
6123
3074
308
-2393
-5758
-9219
-11662
-13386
-14140
-15066
-15710
-15459
-14841
-13865
-12623
-11179
-9877
-8910
-8270
-7346
-6124
-5187
-4795
-4647
-4215
-3134
-1690
-574
438
1704
3533
5641
7541
9202
10731
12143
13002
13719
14082
13914
13105
11649
10041
8601
6988
4987
2797
586
-1139
-2340
-3453
-4768
-6253
-7813
-8741
-9275
-10608
-12072
-14066
-15927
-17129
-18584
-19826
-21389
-22553
-23146
-22743
-21808
-21197
-19846
-18363
-16330
-13974
-11645
-9317
-7527
-6071
-4360
-2577
-1208
-318
307
972
1882
3034
3892
4645
5146
5880
7173
8174
9043
9578
10120
10722
11253
11816
12223
12372
12312
12467
12677
13090
13259
13411
13690
14151
15043
15797
16698
16843
16454
15892
15095
14314
12469
9873
6510
3364
648
-2302
-5418
-8931
-11515
-13270
-14289
-15073
-15723
-15546
-15109
-14190
-13028
-11644
-10316
-9369
-8710
-7854
-6784
-5761
-5340
-5273
-4814
-3903
-2529
-1449
-389
839
2584
4643
6481
8276
9761
11080
11977
12641
12996
12876
12179
10806
9227
7639
6045
4123
1988
-99
-1757
-2931
-3973
-5174
-6675
-8165
-8885
-9637
-11025
-12479
-14572
-16061
-17352
-18744
-19990
-21349
-22220
-22791
-22231
-21494
-20737
-19318
-17798
-15831
-13588
-11047
-8765
-7119
-5544
-3682
-1833
-526
441
1173
1926
2930
3901
4745
5483
5944
6796
7974
8891
9558
10116
10678
11133
11733
12113
12547
12610
12541
12833
13238
13697
13750
13944
14286
14942
15786
16532
17375
17313
16832
16101
15255
14223
12170
9428
5949
2817
165
-2684
-5924
-9422
-12017
-13454
-14334
-15299
-15995
-15862
-15231
-14344
-13362
-12182
-11001
-10186
-9563
-8853
-7855
-7010
-6603
-6579
-6137
-4973
-3590
-2340
-1221
210
2266
4537
6519
8295
9974
11499
12631
13455
13967
14126
13545
12440
11062
9659
8208
6325
4197
2157
559
-540
-1637
-3067
-4565
-5861
-6479
-7382
-8932
-10555
-12342
-13758
-15154
-16613
-17950
-19265
-20056
-20427
-20005
-19320
-18415
-16948
-15455
-13482
-11104
-8707
-6627
-5065
-3438
-1649
-77
979
1680
2372
3140
4025
4859
5616
6315
6990
7940
9025
9863
10596
11254
11641
11979
12481
12848
13042
12906
12842
13076
13467
13623
13755
13928
14229
14982
15646
16603
17080
17203
17084
16227
15619
14391
12569
9850
6386
3493
651
-2112
-5448
-8803
-11154
-12727
-13688
-14621
-15201
-15132
-14548
-13616
-12615
-11528
-10502
-9613
-8974
-8381
-7501
-6881
-6628
-6505
-6205
-5161
-3832
-2688
-1587
-60
2037
4345
6549
8584
10361
12069
13429
14370
14977
15021
14522
13430
11975
10582
9003
7118
5044
2873
1286
42
-1170
-2658
-4400
-5679
-6638
-7797
-9339
-11335
-13144
-14664
-16268
-17819
-19319
-20625
-21479
-21879
-21671
-21120
-20158
-18793
-17296
-15418
-13153
-10855
-8862
-7308
-5653
-3794
-2197
-1091
-244
587
1559
2588
3494
4385
5147
5931
6979
8095
8975
9587
10374
10864
11262
11800
12199
12437
12486
12654
12882
13463
13472
13823
14234
14629
15546
16188
17295
17756
18060
18047
17102
16523
15278
13460
10994
7571
4504
1786
-1217
-4520
-7836
-10258
-11893
-13032
-13844
-14558
-14341
-13825
-12924
-11986
-10966
-9816
-8971
-8285
-7710
-6841
-6200
-5741
-5679
-5306
-4021
-2582
-1199
318
2093
4251
6588
8670
10750
12583
14299
15689
16570
17124
17092
16454
15194
13588
11814
10043
7972
5643
3409
1601
306
-1236
-2825
-4502
-6082
-6977
-8564
-10272
-12184
-14294
-15777
-17557
-19176
-20626
-22006
-22784
-23227
-22888
-22253
-21322
-19883
-18468
-16535
-14251
-12068
-10079
-8468
-6831
-5013
-3385
-2330
-1312
-450
549
1769
2672
3662
4578
5437
6464
7418
8241
8962
9366
9791
10168
10585
10954
10998
11167
11348
11772
12313
12644
13059
13384
14066
14855
15670
16448
17180
17380
17297
16711
15699
14956
12928
10521
7392
4213
1777
-1076
-4057
-7275
-9565
-11061
-12088
-12787
-13431
-13295
-12737
-11963
-11078
-10107
-9013
-8063
-7492
-6882
-5969
-5127
-4659
-4361
-3721
-2686
-1143
-158
943
2340
4134
6358
8151
10004
11464
12876
13870
14460
14747
14539
13855
12552
10846
9046
7369
5320
3164
1078
-666
-1811
-3175
-4757
-6234
-7763
-8723
-10132
-11917
-13521
-15450
-16872
-18361
-19740
-20930
-22024
-22456
-22799
-22262
-21422
-20398
-18939
-17492
-15568
-13303
-11110
-9366
-7737
-6128
-4423
-2824
-1698
-689
322
1334
2473
3466
4326
5283
6044
7012
7877
8613
9301
9648
10035
10250
10652
10955
10907
10916
11021
11257
11724
12025
12172
12605
13262
14055
14892
15745
16296
16702
16912
16181
15408
14571
12876
10678
7842
4941
2461
117
-2742
-5528
-7541
-9102
-9934
-10734
-11456
-11402
-11060
-10376
-9690
-9004
-8104
-7236
-6680
-6063
-4921
-3755
-2858
-2250
-1799
-754
763
1990
3248
4373
5628
7252
8766
10076
11449
12830
13795
14267
14092
13456
12735
11394
9732
8037
6237
4243
2097
19
-1500
-2616
-3960
-5310
-6745
-7933
-9000
-10067
-11646
-13338
-14812
-16430
-17747
-19156
-20329
-21189
-21693
-21861
-21496
-20559
-19505
-18159
-16670
-14788
-12765
-10857
-9098
-7581
-6148
-4592
-3207
-2170
-1316
-418
557
1558
2474
3254
4120
4951
5685
6499
7197
7758
8113
8494
8929
9204
9663
9977
10216
10613
11154
11700
12141
12697
13199
13763
14544
15323
16135
16848
17058
17069
16306
15615
14741
12753
10681
7534
4872
2482
-243
-2857
-5766
-7590
-9211
-10127
-10880
-11659
-11276
-10855
-9977
-9060
-8019
-6830
-5748
-4864
-4019
-2949
-2206
-1676
-1316
-749
227
1268
2103
3426
4771
6304
8140
9628
10975
12079
12958
13236
13363
13172
12493
11494
9926
8127
6348
4569
2436
371
-1682
-3237
-4638
-6233
-7727
-9500
-10807
-12284
-13826
-15528
-17479
-19171
-20874
-22355
-23788
-24902
-25661
-26162
-26199
-25692
-24646
-23497
-22041
-20306
-18357
-16029
-13901
-12070
-10181
-8387
-6598
-4978
-3564
-2278
-1070
299
1484
2708
3913
4977
6036
6874
7747
8447
8974
9276
9483
9645
9944
10161
10196
10360
10577
10870
11308
11766
12175
12820
13517
14386
15365
16388
17077
17319
17376
16474
15918
14903
12920
10773
7714
5211
2753
59
-2545
-5280
-7097
-8533
-9198
-9759
-9999
-9399
-8688
-7441
-6267
-5023
-3689
-2581
-1926
-1198
-523
-74
93
-27
91
887
1875
2751
3996
5204
6948
8915
10549
12029
13277
14241
14741
14923
14615
13859
12506
10501
8342
6426
4387
2299
270
-1681
-3076
-4607
-6033
-7459
-8879
-10080
-11354
-12707
-14283
-15787
-17312
-18705
-19969
-21084
-21744
-22165
-22305
-22044
-21220
-19978
-18604
-17061
-15250
-13228
-11168
-9282
-7602
-6040
-4605
-3160
-1954
-873
140
1070
2039
2944
3829
4766
5671
6367
7037
7659
8333
8707
8999
9214
9467
9897
10105
10333
10583
10787
11196
11605
12051
12433
13015
13832
14629
15547
16177
16512
16815
16242
15486
14771
13284
11548
9032
6433
4059
1739
-648
-3209
-5308
-6919
-7748
-8059
-8485
-8194
-7540
-6606
-5533
-4618
-3651
-3003
-2529
-2133
-1698
-1298
-1323
-1216
-773
300
1708
3119
4607
5953
7385
8882
9968
10744
11303
11729
12029
11824
11186
10106
8907
7351
5521
3814
2237
545
-1074
-2717
-4174
-5407
-6731
-7961
-9480
-10816
-12152
-13581
-14952
-16601
-17978
-19385
-20651
-21812
-22673
-23087
-23407
-23191
-22715
-21735
-20363
-18902
-17204
-15355
-13327
-11282
-9430
-7756
-6129
-4586
-3139
-1874
-732
321
1391
2322
3133
4030
4722
5343
5910
6436
6970
7413
7709
7977
8401
8881
9399
9856
10329
10809
11390
11961
12384
12997
13555
14226
14927
15527
16225
16623
16878
16758
15919
15346
14157
12480
10508
7749
5537
3225
896
-1609
-4046
-5682
-7095
-7742
-8206
-8279
-7448
-6413
-4873
-3331
-1916
-627
149
401
455
898
1314
1736
2113
2563
3495
4215
4973
5822
6627
7759
8993
9888
10723
11291
11570
11403
10877
10149
9086
7723
6042
4291
2771
1319
-195
-1664
-3167
-4271
-5475
-6714
-7753
-8947
-9890
-11212
-12549
-13958
-15550
-17033
-18848
-20336
-21633
-22600
-23086
-23328
-23280
-22638
-21488
-20146
-18728
-17123
-15189
-13409
-11642
-9966
-8281
-6730
-5324
-3859
-2403
-943
405
1791
3043
4246
5449
6480
7401
7921
8506
9054
9255
9410
9486
9701
9945
10136
10420
10777
11183
11648
12159
12725
13298
13911
14551
15255
15710
15965
16249
15915
14998
14185
12997
11273
9156
6353
3778
1362
-1198
-3807
-6142
-7977
-9202
-9452
-9690
-9595
-8873
-8142
-7321
-6714
-6207
-5459
-4720
-4224
-3306
-2256
-1172
-246
454
1272
2143
2928
3569
4272
4935
5985
7076
7848
8570
9085
9454
9523
9207
8561
7917
7099
5806
4519
3320
1884
480
-1094
-2715
-3939
-5504
-6827
-8452
-10143
-11426
-13244
-14912
-16604
-18246
-19685
-21189
-22436
-23521
-23974
-24150
-24087
-23422
-22469
-20910
-19089
-17303
-15278
-13143
-11003
-9119
-7453
-5858
-4382
-3109
-1965
-745
343
1443
2514
3446
4594
5613
6575
7500
8004
8637
9142
9511
9703
9739
10004
9947
9963
9985
9991
10120
10188
10434
10703
11214
11764
12368
13153
13916
14736
15188
15465
15211
14435
13790
12371
10756
8639
6189
4056
1859
-145
-2264
-4054
-5352
-6266
-6065
-6071
-5830
-5387
-5064
-4457
-3883
-3248
-2941
-2781
-2557
-2336
-2190
-2016
-2060
-2242
-2106
-1796
-1590
-1158
-567
-46
1184
2781
4144
5111
5892
6592
7055
7379
7294
6977
6410
5399
4239
3191
2010
797
-477
-1434
-2306
-3032
-3578
-4507
-4939
-5968
-7246
-8530
-10437
-11944
-13854
-15717
-17554
-19263
-20522
-21750
-22249
-22590
-22132
-21086
-19924
-18258
-16317
-14105
-12006
-10060
-8167
-6399
-4921
-3629
-2471
-1415
-404
580
1320
2070
2854
3586
4416
4910
5467
6001
6478
6840
7015
7305
7560
7619
7787
8061
8282
8697
8988
9394
9840
10384
11086
11763
12558
13198
13916
14521
14771
14869
14332
13661
12525
11023
9280
6742
4368
1930
-283
-2370
-4367
-5774
-6660
-6663
-6414
-6061
-5401
-4832
-4320
-3836
-3291
-2555
-1899
-1720
-1590
-1212
-824
-589
-466
-260
325
903
1739
2661
3521
4522
5504
6373
7056
7535
7813
7850
7716
7433
6839
6028
4843
3423
2290
1215
239
-818
-1988
-3107
-4453
-5403
-6965
-8289
-9277
-10716
-11832
-13336
-14646
-15766
-16899
-17867
-18780
-19210
-19560
-19450
-19067
-18542
-17491
-16217
-14874
-13397
-11853
-10187
-8577
-7301
-6014
-4719
-3666
-2648
-1672
-843
175
1056
1778
2684
3398
4235
5045
5642
6166
6606
7066
7399
7661
7977
8272
8603
9004
9546
10083
10642
11131
11632
12298
13029
13811
14573
15492
16032
16588
16978
16847
16371
15393
14173
12587
10802
8526
6177
4133
2106
408
-1177
-2273
-3019
-3318
-3558
-3870
-3764
-3309
-2541
-1958
-1017
401
1279
1609
1583
1503
1392
1463
1981
2248
2918
4127
5290
6454
7407
8361
9143
9546
9683
9530
9149
8287
7087
5664
4328
2905
1316
-151
-1335
-2336
-3137
-3936
-4652
-5282
-5925
-6329
-6853
-7205
-8059
-8830
-9567
-10651
-11494
-12784
-13901
-15048
-15961
-16503
-17022
-17124
-17164
-16563
-15753
-14850
-13611
-12347
-11061
-9771
-8446
-7168
-6057
-5122
-4213
-3252
-2346
-1419
-547
222
1052
1857
2722
3544
4030
4635
5152
5536
5846
6056
6321
6445
6476
6702
6973
7188
7560
7843
8322
8870
9434
10120
10683
11464
12040
12609
12893
12904
12888
12113
11262
10238
8924
7395
5265
3218
1420
-230
-1921
-3410
-4215
-4317
-3554
-2702
-1819
-728
-188
21
224
282
214
330
284
111
620
515
45
-340
-935
-1037
-747
40
643
412
331
874
1428
1928
2684
3222
3614
3797
3730
3722
3503
3137
2672
2457
2035
1403
628
-448
-1351
-2694
-3986
-5098
-6303
-7098
-8313
-9625
-10899
-12474
-14060
-15952
-17780
-19578
-20866
-21785
-22536
-22498
-22012
-21027
-19701
-18217
-16509
-14572
-12742
-10999
-9433
-8060
-6741
-5606
-4734
-3756
-2837
-2072
-1208
-581
276
1215
1929
2549
3184
3878
4442
4838
5215
5507
5836
6141
6368
6707
7106
7617
8052
8445
9048
9702
10305
10798
11091
11512
11782
11855
11859
11525
10711
9781
8839
7515
6150
4522
2580
762
-949
-2348
-3591
-4718
-5512
-5623
-5414
-5189
-4761
-4227
-3469
-2269
-729
570
898
1066
1923
2747
2878
3045
3519
3328
3158
3459
3826
4396
4739
5091
5701
6317
6775
6772
6582
6125
5691
5072
4348
3528
2543
1792
1074
266
-522
-1298
-2234
-3050
-3514
-3935
-4286
-4806
-5309
-5988
-6808
-7976
-9484
-11043
-12742
-14157
-15354
-16214
-16671
-16697
-16327
-15699
-14694
-13588
-12416
-11318
-10289
-9162
-8170
-7362
-6664
-6093
-5513
-4987
-4551
-4105
-3672
-3233
-2699
-2128
-1543
-805
56
810
1627
2452
3311
4006
4545
5029
5545
6037
6378
6676
6911
7203
7505
7854
8174
8571
9023
9522
9955
10265
10677
10941
10910
10571
9806
9232
8213
6924
5417
3580
2078
578
-871
-2286
-3418
-4169
-4644
-4617
-4555
-4131
-3393
-2741
-2008
-1300
-515
20
31
198
587
911
1060
1398
2034
2784
3712
4280
4864
5515
6096
6764
7234
7728
7977
8099
8037
7547
6842
5927
4925
3720
2460
1431
411
-666
-1839
-2921
-3801
-4641
-5454
-6139
-6728
-6916
-6951
-7002
-6983
-7063
-7101
-7262
-7703
-8196
-8696
-9307
-10109
-10818
-11290
-11564
-11558
-11439
-11096
-10430
-9557
-8640
-7714
-6781
-5868
-5023
-4407
-3952
-3555
-3263
-3022
-2900
-2603
-2145
-1720
-1237
-578
106
1007
1897
2708
3532
4389
5238
5861
6429
6803
7173
7429
7530
7731
7798
7923
8038
8110
8208
8424
8530
8633
8690
8538
8241
7632
6973
6100
4956
3636
2166
744
-649
-2029
-3220
-4396
-5220
-5775
-6148
-6321
-6341
-6057
-5500
-4715
-3638
-2673
-2001
-1614
-1160
-666
-221
274
801
1552
1981
2482
3375
4322
5298
6292
7353
8267
9013
9650
10092
10378
10456
10324
9993
9233
8416
7349
6171
4950
3499
2214
844
-271
-1221
-2110
-2745
-3335
-3693
-3913
-4194
-4428
-4807
-5139
-5512
-6020
-6394
-6929
-7286
-7662
-8100
-8301
-8501
-8563
-8456
-8380
-8198
-7724
-7163
-6634
-5957
-5356
-4811
-4147
-3607
-3169
-2826
-2692
-2650
-2773
-3054
-3327
-3616
-4007
-4325
-4502
-4548
-4384
-4086
-3582
-2848
-2075
-1140
-63
938
1923
2893
3691
4365
4959
5450
5764
6059
6320
6602
6890
6945
7215
7526
7697
8001
8038
7891
7587
7115
6449
5639
4560
3164
1662
75
-1383
-2818
-4279
-5638
-6709
-7480
-7879
-8149
-8275
-8023
-7558
-7005
-6310
-5562
-4890
-4104
-3443
-2887
-2203
-1732
-1352
-872
-425
202
1004
1922
3001
4081
5241
6293
7184
8025
8480
8872
9357
9521
9453
9019
8461
7665
6653
5682
4496
3209
1845
364
-813
-1775
-2722
-3469
-4043
-4448
-4627
-4782
-4894
-4971
-5059
-5186
-5279
-5378
-5433
-5463
-5531
-5527
-5505
-5649
-5744
-5658
-5488
-5016
-4423
-3787
-3053
-2323
-1549
-835
-246
153
490
840
917
913
730
328
10
-498
-944
-1462
-1937
-2420
-2807
-3100
-3437
-3552
-3801
-3984
-4104
-4318
-4421
-4579
-4855
-5036
-5225
-5322
-5486
-5632
-5693
-5684
-5519
-5344
-5067
-4826
-4419
-3990
-3593
-3156
-2782
-2433
-2133
-1924
-1674
-1518
-1355
-1223
-1192
-1026
-877
-601
-312
4
490
1079
1711
2405
3065
3793
4535
5243
6009
6598
7171
7592
7988
8326
8478
8599
8336
7963
7597
7043
6193
5290
4307
3278
2179
1085
38
-941
-1792
-2618
-3257
-3707
-4099
-4278
-4433
-4498
-4313
-4104
-3865
-3565
-3223
-2754
-2226
-1795
-1263
-736
-125
566
1215
1946
2778
3547
4327
5097
5724
6359
6869
7135
7354
7655
7886
7968
7915
7604
7132
6569
5863
5274
4668
4071
3545
3022
2574
2218
1898
1545
1271
943
590
184
-282
-732
-1143
-1551
-1895
-2203
-2540
-2738
-2866
-2892
-2816
-2615
-2403
-2102
-1711
-1261
-749
-380
-5
333
654
908
1123
1255
1308
1451
1439
1432
1302
1234
1114
916
824
660
498
291
189
-13
-171
-378
-636
-898
-1212
-1484
-1802
-2145
-2479
-2700
-2951
-3088
-3258
-3361
-3347
-3332
-3200
-3007
-2843
-2548
-2277
-2038
-1723
-1420
-1135
-850
-590
-377
-150
71
190
382
564
702
823
965
1068
1135
1275
1307
1335
1387
1342
1314
1207
1077
936
742
523
250
-54
-271
-513
-787
-1043
-1252
-1414
-1552
-1684
-1756
-1791
-1828
-1849
-1812
-1729
-1674
-1598
-1517
-1447
-1369
-1284
-1242
-1157
-1056
-979
-896
-845
-727
-600
-483
-376
-276
-155
-105
3
64
108
89
57
-1
-110
-198
-310
-468
-593
-745
-880
-1013
-1148
-1233
-1322
-1434
-1529
-1580
-1563
-1556
-1631
-1646
-1669
-1660
-1626
-1647
-1639
-1656
-1607
-1535
-1536
-1474
-1405
-1327
-1242
-1115
-1017
-931
-786
-671
-539
-454
-329
-228
-147
-122
-45
-64
-56
-25
-47
-48
-23
-26
14
13
-10
-3
-66
-85
-74
-132
-190
-181
-311
-383
-456
-510
-568
-597
-610
-664
-655
-679
-665
-626
-570
-544
-491
-423
-348
-308
-315
-236
-225
-208
-271
-311
-323
-330
-399
-438
-426
-484
-534
-582
-522
-538
-511
-523
-507
-488
-505
-479
-509
-493
-534
-559
-616
-677
-696
-731
-801
-814
-812
-845
-812
-789
-750
-768
-687
-613
-582
-550
-481
-410
-374
-331
-304
-276
-214
-212
-200
-137
-148
-153
-104
-88
-77
-85
-98
-89
-87
-132
-127
-119
-173
-186
-258
-301
-359
-375
-416
-494
-527
-591
-592
-592
-571
-578
-551
-494
-442
-453
-392
-307
-324
-262
-233
-204
-167
-125
-117
-130
-90
-80
-83
-104
-65
7
34
68
84
123
176
223
269
319
311
311
349
329
339
396
382
395
412
362
362
379
383
349
308
292
247
237
189
163
141
92
58
36
23
-3
-38
-76
-54
-108
-74
-41
-20
-16
-53
27
48
53
83
81
97
76
128
101
93
68
47
57
-14
12
30
4
-13
-23
-66
-44
-74
-93
-90
-136
-150
-168
-151
-216
-215
-249
-298
-328
-351
-356
-360
-380
-406
-409
-413
-375
-422
-418
-439
-447
-395
-387
-379
-410
-393
-346
-307
-266
-273
-242
-149
-119
-99
-29
-53
64
133
128
189
215
237
251
283
272
293
288
309
345
302
306
242
235
286
296
260
240
214
269
288
259
306
266
294
275
317
353
369
367
361
368
354
367
344
362
311
341
332
285
287
266
291
279
271
268
269
244
220
255
240
218
205
230
178
219
214
191
179
149
175
125
97
113
123
141
75
51
94
55
84
103
116
62
78
54
66
72
60
64
20
62
6
23
23
0
36
-41
11
20
-7
-31
-52
-51
-102
-97
-132
-195
-183
-205
-264
-299
-324
-308
-311
-352
-342
-297
-283
-271
-222
-213
-218
-127
-103
-69
-56
-5
3
49
113
147
210
244
316
318
326
386
447
446
458
495
516
591
616
614
644
651
649
663
654
672
667
660
641
599
623
596
606
586
543
479
486
452
457
423
325
375
320
267
237
219
240
241
234
249
297
309
327
380
397
393
429
445
472
481
457
467
473
531
516
577
625
570
609
629
595
610
599
610
596
595
552
518
448
497
445
357
345
289
271
197
218
206
192
165
143
140
134
98
136
124
88
93
79
42
56
51
58
63
41
86
89
69
86
115
139
198
216
214
274
273
259
280
303
318
279
284
287
294
275
250
295
244
248
191
193
252
252
241
247
251
247
250
241
266
275
310
307
300
316
297
260
245
254
268
305
316
305
298
299
330
350
364
295
324
326
318
353
330
338
350
387
353
348
365
397
438
404
445
467
535
538
510
536
553
531
518
532
478
484
474
448
455
438
417
403
378
351
328
330
318
319
289
283
270
292
251
227
217
194
177
175
168
194
174
124
178
154
126
134
144
127
147
109
86
106
131
91
122
135
125
169
181
173
183
192
230
247
252
292
284
300
293
300
277
284
244
238
271
270
275
268
273
264
291
330
288
286
340
332
364
358
367
412
393
422
435
458
475
466
464
461
486
503
525
559
521
531
556
510
497
517
491
499
482
500
479
486
521
563
578
531
546
544
555
585
606
581
613
598
571
573
610
590
613
608
594
573
540
569
506
542
487
479
528
509
484
507
483
428
426
413
392
393
395
363
322
376
353
356
334
309
344
312
340
291
288
275
283
229
231
199
177
175
150
115
107
143
122
144
174
207
175
209
221
189
236
266
207
207
248
249
232
202
217
222
199
195
197
173
216
209
219
243
236
236
289
330
346
410
381
375
355
392
435
449
429
389
412
450
486
504
509
511
518
516
552
486
448
507
487
498
473
475
476
433
426
424
411
429
452
441
450
458
480
472
473
523
512
532
530
556
606
552
564
578
529
511
492
541
522
486
448
445
432
413
425
427
454
433
457
410
372
398
359
279
287
323
254
258
238
197
178
186
118
110
139
116
97
59
62
48
58
1
9
40
27
32
38
44
44
65
88
122
133
161
181
207
240
268
289
297
284
290
304
303
330
297
315
354
343
325
341
342
340
321
300
322
333
341
349
304
281
270
278
268
255
212
157
143
155
150
95
114
128
178
137
163
181
135
165
183
211
203
189
204
207
235
214
265
282
299
304
333
369
393
385
408
455
414
473
409
401
441
410
434
410
409
399
367
289
261
246
239
198
149
171
168
127
93
110
97
51
73
63
46
64
67
38
21
19
28
29
-17
22
-4
25
-8
-4
35
43
77
61
98
118
125
81
101
118
189
175
168
179
183
187
186
212
206
220
234
247
229
234
235
224
227
271
189
176
207
227
210
241
250
249
206
249
305
316
309
322
296
301
356
304
353
344
341
340
356
365
383
382
343
354
362
372
396
380
380
352
374
373
364
398
366
329
382
341
334
342
304
314
331
343
294
327
336
319
337
318
323
315
317
345
315
312
296
258
254
232
188
183
175
191
220
187
175
189
160
149
122
156
107
124
97
39
90
98
64
44
54
37
67
77
59
60
9
51
82
30
86
73
56
86
90
93
103
92
70
124
61
84
109
171
169
146
201
188
176
215
218
235
257
207
225
200
189
238
217
182
166
195
217
204
207
188
196
166
165
164
149
142
144
176
176
178
181
170
188
215
220
264
239
204
235
226
273
295
257
310
304
326
349
337
362
359
343
369
411
372
365
424
412
410
448
408
437
418
401
418
371
383
329
320
327
279
227
166
147
154
111
67
25
20
17
3
-14
-41
-37
-60
-68
-85
-101
-114
-82
-65
-70
-22
-6
-15
-19
-20
-24
42
21
53
104
64
99
138
171
141
98
121
153
157
187
134
111
84
97
112
35
72
37
80
86
29
44
61
23
12
-19
-36
-21
-32
0
-31
-56
-35
-80
-51
-9
-44
-31
-44
-35
-41
-8
11
52
58
19
56
69
76
94
95
98
141
131
135
155
222
231
227
279
275
270
313
271
307
311
279
311
279
333
306
321
301
287
312
263
327
341
320
307
313
331
337
308
320
301
273
256
288
320
226
265
224
192
205
199
231
230
220
172
275
248
246
256
231
239
234
243
227
291
281
289
308
274
279
260
306
291
285
304
285
305
291
268
268
256
217
210
187
196
227
256
156
118
154
139
124
114
90
93
92
99
82
56
65
43
10
4
1
23
29
-11
-16
-18
-11
51
15
-8
68
27
43
46
51
67
66
73
78
93
111
109
111
163
164
162
185
205
252
251
274
346
329
334
345
344
352
369
362
358
357
350
395
358
331
356
375
382
344
341
325
337
354
331
284
281
244
267
235
243
205
207
197
175
216
187
181
178
224
176
227
256
232
220
239
269
219
216
254
271
289
282
314
330
342
358
361
374
348
368
399
427
388
384
340
349
340
344
311
321
293
262
294
235
217
229
203
158
157
172
161
126
76
117
84
92
124
73
70
12
34
56
0
13
61
66
64
11
-7
-9
0
13
49
12
39
89
78
95
110
172
150
106
131
119
123
151
137
155
149
143
161
189
194
184
212
140
162
142
167
181
136
168
135
141
131
139
136
145
108
139
147
119
122
130
142
105
160
151
173
188
201
195
203
216
204
157
195
240
248
318
308
295
280
249
269
288
316
333
296
360
364
347
398
387
382
386
373
379
383
350
334
339
353
323
318
282
274
323
334
311
305
306
238
249
255
225
184
198
258
197
186
186
186
190
157
130
109
158
120
94
121
105
60
96
71
39
107
103
97
136
108
101
107
97
99
82
95
122
107
99
116
126
117
125
127
105
155
178
194
167
241
219
192
172
211
212
199
210
184
181
142
202
174
194
181
180
201
167
167
190
173
204
202
179
219
193
172
196
192
177
221
235
239
221
195
270
273
281
284
279
312
318
340
341
336
314
332
329
300
382
369
338
368
342
357
356
348
357
305
321
322
283
260
272
309
267
251
227
211
218
204
235
225
202
184
223
173
190
148
154
185
122
139
85
109
133
120
133
94
135
130
134
100
101
189
183
147
135
177
172
208
205
178
197
200
202
215
203
179
263
230
241
227
232
269
254
268
241
254
317
302
258
252
253
227
209
220
207
206
220
213
200
151
170
175
164
167
179
173
208
199
164
183
213
242
212
216
219
220
262
236
207
219
238
238
200
237
284
281
261
287
290
270
345
295
293
330
301
279
312
260
259
298
290
251
251
237
265
252
228
216
192
186
168
211
204
177
149
157
150
111
143
170
141
122
88
80
102
103
94
99
122
113
120
150
124
162
156
97
148
124
158
176
163
162
143
170
156
172
182
239
290
233
263
260
281
308
281
297
223
266
232
233
236
230
285
289
273
259
283
269
260
266
262
227
292
295
315
293
254
283
247
250
220
219
200
249
218
226
207
227
268
242
241
230
272
227
260
240
281
310
292
298
285
315
311
310
329
302
293
341
347
314
311
327
325
317
292
281
315
302
316
302
258
272
275
284
243
225
182
182
190
135
145
121
117
128
110
118
122
101
103
48
36
15
38
80
21
33
45
65
38
70
82
59
87
87
41
61
83
93
100
89
110
98
83
100
77
106
141
121
149
126
145
130
117
174
161
149
138
161
159
143
183
195
187
150
182
196
174
174
169
178
172
180
159
153
203
169
158
178
165
219
217
163
202
225
214
203
227
211
204
246
266
275
257
265
279
282
275
293
287
311
315
317
370
408
398
389
422
378
369
366
411
422
372
398
421
424
395
392
393
409
352
351
350
317
326
303
310
278
281
274
241
225
206
231
225
176
145
132
165
167
141
173
192
172
193
179
159
166
159
135
112
101
114
120
149
155
156
180
206
187
183
166
181
225
244
236
190
184
183
213
208
229
238
225
240
248
247
229
197
194
185
181
195
144
132
142
128
168
159
151
124
104
115
121
92
99
124
146
148
132
144
100
129
145
122
131
143
148
157
174
166
161
231
228
236
266
305
303
297
309
311
337
324
348
306
360
385
346
375
323
341
410
362
348
306
288
324
311
305
295
298
276
272
276
246
220
242
260
208
204
230
231
202
215
198
161
170
175
177
188
185
224
195
174
223
215
234
152
154
196
211
206
151
177
168
213
195
202
238
226
233
231
273
225
222
203
238
231
201
163
169
187
144
161
154
162
147
127
143
156
164
175
102
93
128
112
99
43
79
115
56
34
75
29
55
87
79
79
94
124
67
116
113
85
115
126
83
128
135
131
127
111
149
130
136
171
149
195
206
211
236
216
214
199
222
244
251
269
252
304
276
217
272
243
217
235
210
217
196
217
258
224
236
241
211
185
209
192
200
192
164
209
213
195
242
211
202
251
246
272
239
221
254
280
234
246
248
273
268
264
219
242
277
260
308
263
281
315
320
272
251
292
295
299
317
288
273
270
228
199
186
213
203
194
239
194
189
226
180
230
181
156
192
157
155
136
121
104
102
67
86
122
106
83
133
120
81
154
148
121
109
129
158
151
167
142
181
178
180
150
110
82
115
130
148
181
158
173
185
186
206
206
192
211
219
220
188
234
210
186
224
216
222
216
188
211
192
213
182
144
191
156
195
142
152
144
147
150
90
100
81
97
86
71
125
126
102
119
116
149
139
136
139
92
88
97
87
168
144
143
154
153
189
158
143
131
154
170
172
196
165
143
182
158
202
195
172
167
221
183
188
198
159
186
151
129
136
148
102
94
103
72
64
108
62
73
102
93
98
93
112
105
80
76
58
146
130
115
153
131
178
183
187
193
197
188
224
172
176
228
194
186
174
172
221
233
218
264
225
232
270
259
250
263
244
246
290
281
244
253
274
239
249
189
193
169
161
164
170
142
145
131
158
138
109
111
67
90
44
76
88
11
10
40
66
50
82
105
82
143
90
77
111
125
97
114
150
144
132
122
82
85
65
55
112
95
111
93
78
98
68
134
71
82
69
54
113
19
10
4
-12
25
11
10
14
-2
41
-9
2
28
32
44
56
43
42
26
-12
6
44
31
77
119
86
89
73
96
86
131
154
155
103
148
157
173
238
212
199
183
199
162
199
166
211
210
180
210
205
239
248
215
194
215
201
189
189
238
217
177
187
173
168
134
180
157
144
150
169
187
181
151
128
173
154
166
129
152
134
117
160
144
129
103
167
128
90
106
159
161
168
116
153
202
171
184
152
150
144
142
147
160
130
152
151
162
128
37
68
110
89
63
45
43
75
92
76
59
9
66
95
50
65
74
83
85
87
54
95
70
45
82
85
111
118
105
69
86
77
62
54
81
96
94
96
126
137
151
136
134
137
150
151
152
167
135
165
207
198
224
231
202
218
215
229
221
239
241
213
194
258
211
182
176
186
192
175
207
207
202
204
247
222
212
216
234
253
231
240
234
253
278
277
256
275
269
260
272
263
264
282
294
300
261
242
235
177
213
213
200
185
221
235
191
149
180
197
142
136
117
159
156
148
154
109
109
126
115
102
110
141
159
102
108
82
110
125
94
119
38
67
35
52
19
39
34
45
34
34
68
64
80
49
73
36
52
55
52
37
39
95
127
103
121
102
139
130
79
89
78
135
102
75
91
114
120
114
144
124
151
161
134
124
145
175
196
218
167
226
218
213
234
201
209
218
224
201
235
222
272
236
220
268
208
196
204
196
228
233
201
167
165
147
154
191
181
166
152
195
171
153
138
115
122
174
184
146
168
171
174
191
193
203
159
159
173
202
205
204
183
132
174
156
166
146
138
144
112
148
133
96
124
97
137
145
120
140
134
145
170
124
96
120
110
114
102
84
83
50
75
120
80
66
59
80
86
104
113
105
148
120
155
148
130
130
159
153
170
178
192
224
171
145
191
189
167
200
178
149
179
194
167
205
227
196
196
219
201
178
163
147
178
196
168
185
181
198
175
125
154
179
161
127
138
135
150
164
119
132
103
86
62
90
103
57
31
52
42
41
74
63
69
55
69
72
54
56
48
34
61
57
57
34
47
87
110
55
41
26
48
53
56
51
25
25
-3
11
-12
4
-20
-24
-8
-28
-5
-27
10
1
2
-4
-29
-19
-37
-5
-54
8
48
13
47
69
4
-7
33
46
95
108
96
100
117
134
149
102
117
116
116
108
147
174
116
95
111
145
116
87
79
142
117
122
130
135
143
134
91
71
134
128
109
75
114
79
54
95
42
78
66
73
39
32
87
100
87
61
46
46
57
49
51
45
110
106
98
89
65
84
108
91
118
98
108
133
100
93
118
139
129
154
133
141
151
194
163
144
167
159
172
160
182
169
198
227
213
190
155
189
196
175
186
194
185
143
148
154
204
217
185
156
184
210
202
235
179
196
226
202
233
216
223
264
278
262
208
224
199
235
217
196
191
224
217
191
235
169
171
201
177
180
175
204
220
210
228
205
232
231
219
232
238
213
218
197
222
221
213
220
204
217
208
200
205
214
233
224
243
234
245
201
205
194
199
242
237
276
275
269
252
246
240
249
254
201
233
242
215
246
250
281
274
231
246
230
301
283
243
281
248
236
253
261
205
226
223
211
201
180
207
195
198
204
198
145
171
182
195
167
170
204
144
134
164
154
170
162
158
194
153
101
159
202
171
162
122
117
142
136
140
113
166
172
137
118
132
124
123
125
109
191
146
135
88
110
119
110
104
85
163
128
116
94
130
129
133
101
115
74
70
106
103
118
66
111
89
83
103
86
90
93
122
93
115
161
151
123
114
145
150
131
92
121
113
115
102
97
83
98
133
118
118
101
122
136
116
105
131
87
63
119
136
127
126
107
77
75
91
95
80
84
76
89
102
106
121
55
95
101
85
102
79
93
110
104
114
73
63
69
76
51
16
65
-2
10
81
-4
1
38
23
36
20
10
-12
-3
13
59
50
26
16
11
14
36
20
70
11
13
32
7
-31
13
22
-38
-23
15
44
-16
-44
-18
-7
-26
-56
-17
-17
-55
-25
29
-8
26
-7
-40
-13
-23
-32
-60
-54
-3
-4
-33
-47
-91
-111
-68
-68
-40
-23
-94
-75
-42
-52
-19
-32
1
-11
-60
-21
-39
-28
-39
-27
-31
-27
-61
-21
-70
-27
4
-44
-57
-63
-59
-19
-8
-17
13
22
62
37
28
9
43
52
23
-7
44
-7
-25
-24
-40
-74
-82
-63
-46
11
-48
-52
-52
-31
-71
-96
-87
-53
-50
-77
-72
-111
-70
-16
-58
-55
-15
-10
-23
-3
-47
-70
-30
-32
-26
7
-11
-26
-7
-41
-38
-22
33
0
-5
2
-11
-1
19
81
6
41
34
32
46
25
28
27
9
3
6
27
23
-12
-4
-9
0
13
28
-24
0
-22
-19
-1
-20
28
-18
-28
-21
20
28
8
23
-1
-21
-16
19
31
71
93
121
125
114
119
141
144
98
87
100
137
120
130
174
110
101
148
114
120
136
131
132
177
182
164
132
185
156
121
155
153
145
117
169
155
161
196
122
177
142
153
145
111
153
137
142
155
179
109
110
109
107
114
105
118
139
124
129
146
142
98
83
116
90
142
91
67
100
36
47
25
28
6
-6
-13
-23
-38
-34
11
-13
-30
-2
-65
-30
-21
-46
-24
-59
-62
-50
25
-47
-49
-62
-31
-20
-79
-48
-77
-51
-79
-7
1
-9
4
8
11
-17
3
30
52
6
5
-25
13
1
1
-11
-46
11
-6
-1
0
-4
-3
24
22
17
27
35
34
62
106
94
87
17
41
68
29
64
55
69
92
81
46
62
55
40
35
37
42
40
40
27
47
55
87
54
59
62
63
70
34
59
44
47
58
9
-9
-1
16
-11
-7
0
-28
-8
-29
-16
-27
-28
-44
-54
7
-6
-5
-14
14
11
-24
-9
-42
-25
2
-20
-22
-72
-48
-29
-23
-25
-18
-29
-47
-21
-29
-32
-58
-48
-33
-88
-105
-93
-44
-75
-75
-67
-94
-61
-89
-82
-75
-62
-56
-64
-47
-24
-75
-30
-9
-38
-52
-79
-56
-69
-60
-68
-77
-45
-31
-40
-12
-13
-20
-13
-32
-21
-7
1
10
8
-13
16
-18
-1
14
-12
42
25
15
-7
-35
-27
-3
14
-21
-9
19
18
51
21
-15
4
31
30
54
27
51
51
46
69
14
57
61
45
62
37
45
44
58
84
80
112
106
103
107
118
115
148
128
122
76
83
112
51
125
86
97
120
98
93
98
137
116
86
66
78
54
83
81
101
25
50
52
46
85
58
67
35
59
72
75
37
82
54
52
44
64
58
27
3
-3
30
16
44
-2
14
-22
29
45
16
35
28
18
38
41
37
31
-45
-9
22
31
23
28
-36
12
-2
22
24
-50
5
10
46
32
50
55
46
25
71
73
38
15
44
86
31
50
39
-1
59
17
26
55
92
80
68
69
54
62
87
115
92
137
126
149
139
97
164
168
147
159
144
125
143
134
112
150
170
161
181
166
178
181
116
153
145
154
190
150
137
111
126
129
106
117
100
108
116
165
172
169
146
140
124
84
92
117
163
137
143
83
91
117
83
112
69
56
16
73
59
60
32
52
55
64
42
19
57
49
67
54
73
30
47
47
25
30
12
87
22
15
74
36
53
36
47
69
3
39
41
13
50
55
37
33
20
56
37
34
30
-18
-3
0
2
-8
-23
-1
2
-38
-12
-23
-10
4
-44
-31
-40
-68
-73
-45
-38
-30
-37
-45
-16
-2
-8
0
23
-9
2
7
-12
5
-19
13
21
-3
-17
-15
-15
-19
4
-14
-12
-40
15
-1
-15
-4
-27
-10
1
-10
-18
-60
-29
-29
-51
-14
-24
-49
-70
-45
-24
-46
-2
-7
-39
-43
-23
-42
-44
-31
-46
-55
-35
-38
-55
-65
-68
-67
-87
-50
-64
-34
-38
-77
-90
-48
-74
-94
-64
-65
-65
-63
-67
-50
-59
-37
-49
-44
-55
-67
-68
-80
-47
-48
-49
-63
-34
-48
-38
-45
-29
-54
-43
-22
-49
7
-23
-53
-26
-31
-46
-102
-78
-69
-77
-38
-60
-41
-26
-33
-63
-70
-29
-45
-26
-6
-22
-29
-9
-25
6
-15
-16
2
16
5
-8
2
8
10
-49
-41
-33
-19
-11
-34
-12
-13
-23
-18
7
1
15
11
13
2
20
25
-12
13
26
9
13
-4
-21
2
48
38
38
-7
-8
-16
-14
-18
19
54
0
28
8
64
47
52
85
105
85
71
66
40
78
94
73
70
66
86
86
91
70
51
106
91
85
93
78
85
95
75
72
55
67
56
60
66
13
41
15
38
35
20
18
13
26
13
72
35
34
48
16
46
33
50
48
12
21
37
29
47
1
-4
36
32
59
32
-3
30
14
-14
0
8
-10
-21
-21
-79
-71
-43
-30
12
-19
-53
-26
-67
-39
-57
-40
-5
-33
-63
-96
-121
-111
-86
-102
-114
-92
-68
-83
-100
-34
-56
-71
-30
-62
-50
-16
-68
-96
-51
-85
-57
-123
-107
-121
-131
-82
-113
-92
-102
-88
-98
-91
-72
-72
-101
-65
-63
-71
-38
-48
-59
-58
-53
-6
-32
-32
-34
-42
-30
-49
-52
1
-18
-32
-30
-13
22
6
31
10
-2
37
39
29
30
11
-3
-17
-4
27
-23
13
38
33
33
24
47
67
61
84
82
45
114
135
71
85
106
108
132
124
159
137
110
131
121
100
121
79
70
79
107
124
113
129
73
93
52
89
120
120
90
77
57
55
68
17
57
22
19
9
11
10
14
5
-12
17
55
21
25
5
-4
27
2
12
23
22
15
-26
-10
23
-3
-22
-28
-18
-12
-31
-24
-12
-7
-5
-10
-52
-43
-63
-45
-56
-64
-40
-63
-83
-85
-79
-76
-107
-129
-97
-72
-83
-95
-66
-79
-117
-89
-71
-76
-57
-67
-89
-85
-117
-91
-87
-36
-27
-43
-13
-64
-56
-36
-23
-8
-3
-14
-7
-53
-50
-52
-77
-72
-81
-28
-85
-64
-52
-34
-3
-42
-42
-51
-41
-50
-48
-60
-44
-73
-65
-61
-55
-18
-37
-20
-46
-82
-70
-65
-55
-45
-77
-45
-22
-80
-67
-64
-92
-80
-80
-75
-50
-92
-51
-81
-98
-84
-98
-106
-110
-65
-82
-109
-107
-73
-78
-89
-78
-92
-67
-81
-91
-123
-109
-92
-100
-76
-57
-41
-59
-129
-81
-43
-95
-82
-88
-66
-101
-63
-58
-76
-30
-57
-58
-41
-72
-15
-56
-55
-17
-20
-17
-5
20
19
10
-35
-23
-29
-47
0
-11
-11
-37
-49
-34
-47
-49
-58
-51
-42
-13
-8
23
-12
-29
7
-11
27
21
6
48
17
33
27
5
-2
51
9
-2
47
59
91
44
49
82
22
17
74
42
65
90
60
45
56
81
71
29
26
44
61
103
67
31
50
51
54
36
22
67
67
65
101
69
44
46
63
46
50
77
67
56
102
72
79
109
105
67
27
65
80
87
84
82
85
99
126
69
60
46
1
-5
28
68
42
37
48
28
24
37
62
75
52
67
37
54
84
42
25
18
-3
39
34
26
28
-2
-3
3
-7
-28
0
-19
12
12
20
-4
21
43
25
31
18
12
-19
33
66
57
99
75
62
66
24
69
23
56
97
29
16
57
40
82
30
8
69
58
68
43
36
67
58
59
29
26
4
-1
4
5
25
1
2
19
-46
-19
-39
-53
-46
-45
-4
-56
-48
-54
-51
-3
-16
-44
-90
-49
-71
-87
-57
-44
-68
-46
-28
-42
-22
-51
-68
-68
-62
-60
-55
-80
-76
-65
-56
-36
-77
-101
-105
-75
-89
-81
-23
-13
-58
-46
-54
-61
-41
-42
-30
-5
7
-27
-33
-8
-31
-4
-21
-31
-24
-16
-40
-4
16
0
1
22
-4
-5
5
49
89
40
21
28
-14
22
13
-35
-1
15
-2
-55
-57
-54
-14
-9
3
-17
-61
-29
-23
-72
-14
-15
-36
-40
-42
-32
-40
-29
-16
-8
-20
-47
-73
1
-62
-52
-9
-59
-21
-10
-39
-44
-22
-30
-70
-70
-55
-73
-85
-69
-118
-91
-59
-66
-93
-60
-46
-68
-48
-100
-50
-54
-73
-82
-128
-120
-105
-113
-91
-108
-86
-95
-61
-80
-69
-54
-101
-75
-75
-30
-81
-40
-79
-55
-34
-62
-67
-80
-34
-118
-99
-95
-82
-105
-76
-75
-129
-119
-101
-80
-113
-121
-99
-93
-99
-54
-113
-125
-116
-91
-62
-77
-57
-80
-50
-89
-67
-35
-55
-50
-29
-83
-66
-45
-37
0
-54
-42
-22
-10
-19
-18
-20
-26
1
3
-2
-28
-59
-21
-29
-27
-7
-32
-14
-22
-34
-3
-32
-10
-55
-23
22
-12
-3
-3
36
-8
-39
-55
-40
-54
-53
-33
-27
-24
-11
-38
-26
-26
-36
-36
-69
-28
-4
-12
-24
-46
-47
-27
-38
-70
-80
-74
-69
-99
-93
-67
-55
-72
-65
-39
-60
-64
-70
-64
-79
-86
-76
-94
-88
-97
-110
-92
-102
-117
-103
-123
-93
-95
-91
-49
-44
-65
-71
-3
-44
-34
-47
-19
-47
-34
20
-50
-34
-29
0
-37
-28
-37
-81
-37
-25
-26
-11
-39
-57
-48
-71
-69
-67
-20
-6
-26
-35
-49
22
-9
-3
-9
-21
-10
-19
5
-6
24
-42
3
4
0
3
-17
24
4
35
14
23
38
14
36
13
-29
14
-1
-21
-4
-4
-14
-19
12
0
20
17
24
-8
-10
-14
-23
-12
-2
-3
-2
-4
-20
-2
-1
-44
-17
-5
-53
-20
0
0
-18
-36
-27
-6
-15
-25
-45
-19
-32
-57
-47
-57
-36
-42
-61
-98
-66
-7
-67
-75
-81
-74
-84
-77
-95
-120
-101
-73
-114
-131
-150
-148
-137
-108
-122
-131
-121
-149
-136
-146
-137
-91
-136
-150
-121
-152
-115
-150
-140
-129
-165
-118
-125
-173
-163
-150
-138
-157
-169
-130
-97
-134
-136
-160
-182
-135
-166
-165
-163
-157
-127
-120
-126
-162
-199
-167
-134
-176
-182
-139
-139
-168
-157
-91
-113
-137
-129
-120
-128
-126
-129
-91
-104
-155
-111
-144
-139
-83
-82
-61
-32
-94
-105
-100
-50
-127
-70
-46
-84
-55
-113
-81
-87
-108
-85
-60
-67
-51
-132
-49
-49
-61
-34
-82
-73
-72
-36
-67
-34
-121
-84
-48
-53
-67
-82
-55
-85
-67
-28
-29
-56
-77
-55
-56
-59
-80
-117
-66
-89
-78
-60
-45
-74
-119
-76
-86
-68
-98
-73
-67
-80
-114
-86
-71
-92
-64
-71
-68
-64
-100
-73
-39
-34
-56
-77
-64
-64
-17
-21
-51
-41
-64
-44
-32
-53
-36
-83
-43
-52
-75
-30
-35
-53
-47
-16
-46
-74
-31
-66
-40
-62
-57
-58
-57
-47
-59
-12
-37
-4
-44
-57
-11
12
-10
9
-6
-26
-9
5
-28
-39
-59
-44
-20
-64
-53
-69
-61
-8
-20
-29
-36
-11
-45
-71
-9
-27
-34
-63
-39
-4
-26
-39
-7
-20
2
-17
-35
-22
-35
-15
-26
18
-42
-20
-1
11
24
21
-39
35
19
-31
36
-3
29
9
22
-12
-8
28
10
-7
9
5
2
16
15
31
8
34
14
2
-1
-13
9
-11
-21
-2
32
6
3
-34
-40
-39
-22
-39
-69
-52
-81
-27
-77
-58
-41
-49
-56
-44
-60
-56
-73
-91
-95
-53
-98
-107
-57
-76
-46
-56
-84
-70
-38
-60
-8
-31
-32
-17
-52
-74
-79
-59
-83
-84
-52
-44
-69
-22
-57
-75
-62
-56
-10
-27
-47
-29
-16
-53
-75
-50
-36
-31
-45
-19
-37
-15
-12
8
44
12
-23
-24
-3
-35
7
-29
-2
25
5
18
17
8
6
-1
10
31
61
47
42
12
22
30
-19
2
-9
-5
-27
-50
-59
-35
-27
-34
0
-75
-42
-65
-87
-26
-54
-48
-53
-16
-48
-51
-23
-56
-99
-128
-73
-27
-65
-65
-49
-65
-49
-38
-33
-65
-66
-78
-80
-76
-81
-85
-85
-49
-91
-84
-15
-78
-79
-32
-29
-25
-72
-103
-54
-77
-100
-72
-82
-97
-101
-139
-89
-103
-117
-98
-139
-159
-133
-143
-140
-112
-115
-87
-117
-126
-78
-90
-112
-119
-87
-95
-125
-104
-156
-183
-151
-151
-161
-185
-199
-148
-161
-185
-90
-116
-127
-107
-155
-182
-107
-110
-145
-150
-171
-165
-169
-176
-151
-127
-175
-148
-142
-152
-189
-147
-144
-172
-180
-222
-237
-205
-204
-210
-208
-181
-168
-220
-197
-200
-176
-228
-161
-165
-229
-182
-179
-178
-172
-207
-169
-169
-161
-155
-145
-138
-171
-174
-142
-124
-160
-148
-162
-179
-141
-121
-143
-130
-132
-123
-88
-118
-123
-137
-83
-61
-76
-88
-110
-82
-104
-74
-71
-54
-83
-123
-59
-106
-115
-66
-106
-115
-106
-77
-59
-74
-75
-50
-53
-91
-90
-89
-69
-76
-57
-42
-44
-55
-43
-69
-108
-69
-101
-119
-101
-103
-103
-75
-68
-76
-57
-88
-95
-114
-102
-130
-124
-62
-142
-112
-131
-100
-127
-141
-123
-112
-87
-132
-142
-120
-76
-132
-128
-125
-160
-131
-161
-152
-112
-126
-102
-99
-148
-124
-101
-125
-108
-132
-134
-160
-151
-135
-123
-172
-168
-154
-159
-128
-105
-97
-98
-66
-119
-88
-69
-117
-114
-99
-109
-131
-100
-145
-101
-136
