22
28
8
-10
-39
-19
13
-6
44
66
45
62
58
37
23
51
60
44
16
77
44
11
38
21
59
70
57
51
69
55
51
55
26
67
56
77
59
28
45
40
62
6
10
17
20
11
-6
10
26
45
25
22
-9
-36
-26
7
25
17
-8
-33
-8
-32
-70
-59
-26
-34
-44
-15
4
-6
-11
-5
-8
-3
-17
1
-23
-1
-56
-29
-22
-68
-18
-32
-48
-31
-23
-33
1
1
-14
-5
-37
-52
-62
-79
-52
-61
-41
-64
-24
-23
-27
-21
-15
13
-7
-5
-6
-15
-5
25
-13
-30
-38
15
52
-9
3
-1
-20
-51
-51
-63
-5
-12
-9
-40
-40
-67
-43
13
-57
-44
-55
-68
-57
-56
-56
-40
-70
-60
-68
-42
-34
-35
3
-15
-11
12
20
8
-21
-42
-20
-30
-15
3
-16
-5
-3
-1
-15
-9
-44
-61
-10
1
8
-34
-13
-13
18
12
6
-17
-11
25
-25
-23
-4
23
17
14
36
45
26
18
14
-20
-17
-8
-10
33
39
32
20
-1
46
39
55
48
40
47
63
103
96
36
57
62
-26
3
19
32
49
76
101
34
34
50
37
23
40
43
64
73
78
29
34
49
-7
13
45
89
98
108
86
143
105
101
55
55
89
70
93
43
14
48
81
103
108
88
58
26
1
46
88
66
73
99
79
71
94
82
63
58
60
91
70
23
25
13
40
-7
-6
37
-2
-4
-34
13
56
28
25
48
72
40
36
59
60
83
78
75
84
87
83
55
93
89
81
75
42
80
59
68
29
66
89
61
97
84
84
71
31
21
67
9
22
35
84
108
106
116
94
63
70
96
86
108
107
110
68
88
92
72
112
146
129
121
113
89
88
81
97
101
87
79
126
115
113
121
120
128
103
87
91
145
173
133
89
111
108
73
109
107
120
171
152
142
132
117
98
110
114
125
123
114
128
95
107
104
168
158
147
161
123
171
157
131
97
133
149
125
119
106
64
65
73
52
54
35
75
15
24
95
53
57
84
66
73
85
42
58
1
23
-8
-4
4
14
98
52
41
23
66
57
7
43
10
73
50
20
39
28
59
23
61
55
50
36
35
90
98
67
55
79
84
91
58
62
71
74
85
81
79
60
58
29
36
78
93
78
72
65
83
86
71
115
80
122
133
70
58
61
33
50
77
81
54
-10
19
19
29
9
-7
24
-29
-31
-41
-14
-42
-48
0
-61
-57
-40
-49
-12
-39
-53
-54
-57
-34
-55
-60
-34
-32
-28
-25
-33
-24
-37
-57
-6
-38
-29
-53
-65
-66
-72
-92
-72
-109
-120
-125
-68
-52
-3
-19
-50
11
-56
-18
-18
-66
-50
-17
-6
-29
-16
-59
-29
-30
-28
-89
-82
-43
-75
-21
-59
-12
-46
-23
-54
-47
-3
23
14
-4
64
28
36
35
23
5
5
26
32
21
13
48
16
-4
-4
38
47
-18
-10
-8
7
6
25
-3
-29
-6
36
-8
-40
-85
-75
-58
-34
-7
1
28
22
15
29
-25
-25
10
-14
-2
10
-47
-15
13
-10
21
-35
-40
3
-25
5
-12
-17
-5
-2
44
14
6
6
8
20
43
-8
31
9
-21
-19
-26
-9
-45
-27
-21
-13
-24
26
28
-16
-3
5
30
33
32
36
-13
-4
-1
11
12
8
33
23
10
-10
14
11
36
29
24
-2
13
12
-29
-42
-3
-65
-51
-33
-41
-13
-1
8
-42
-79
-82
-91
-65
-69
-101
-83
-73
-66
-88
-109
-84
-76
-81
-85
-83
-67
-81
-47
-72
-102
-60
-59
-53
-59
-40
-13
-19
-27
-12
-8
-22
-13
-22
-10
-30
-20
-28
-25
-53
-40
-32
-36
-76
-32
-22
-108
-50
-44
-55
-59
-80
-48
-28
-48
-45
-47
-48
-62
-20
-48
-63
-41
-76
-22
-35
-40
-58
-31
-76
-95
-71
-70
-63
-74
-40
-68
-18
-43
-62
-43
-30
-39
-16
-10
-24
-24
-46
-59
-73
-23
-10
-19
-22
33
1
21
51
9
18
7
36
18
-18
-40
-12
-21
-9
8
-26
-22
-40
3
-25
-15
29
46
10
-3
37
-24
-44
-24
34
7
55
18
3
52
-23
-25
3
-51
-45
-24
-20
31
32
24
62
64
1
12
20
37
1
47
42
15
18
20
-5
-4
16
40
31
-14
27
40
29
23
-4
20
-15
15
1
-90
-92
-75
-84
-116
-109
-70
-104
-98
-117
-97
-127
-100
-118
-110
-91
-128
-143
-97
-120
-145
-92
-134
-131
-120
-120
-131
-124
-118
-104
-116
-117
-109
-115
-102
-111
-87
-89
-72
-105
-69
-71
-53
-46
-53
-46
-73
-8
-24
-44
-35
-53
-46
-37
-20
-19
-41
-35
-41
-34
-26
-60
-24
-51
-69
-70
-107
-136
-111
-127
-111
-66
-67
-57
-51
-81
-82
-104
-111
-67
-92
-128
-82
-70
-104
-97
-69
-98
-135
-95
-137
-109
-97
-127
-80
-109
-96
-100
-133
-98
-113
-109
-106
-98
-143
-133
-93
-60
-53
-64
-79
-76
-116
-94
-83
-93
-85
-106
-112
-141
-125
-107
-118
-126
-165
-109
-106
-95
-166
-142
-173
-212
-161
-210
-174
-197
-165
-161
-191
-211
-164
-167
-196
-152
-141
-160
-149
-151
-164
-167
-209
-226
-232
-180
-169
-206
-171
-154
-182
-168
-149
-162
-101
-86
-113
-85
-103
-114
-121
-120
-111
-115
-165
-156
-118
-124
-112
-131
-143
-131
-176
-127
-83
-120
-115
-129
-130
-161
-136
-132
-184
-139
-164
-212
-152
-175
-183
-178
-165
-192
-205
-190
-171
-175
-175
-145
-123
-119
-135
-142
-158
-128
-155
-167
-167
-149
-117
-116
-122
-134
-143
-121
-125
-168
-149
-130
-113
-78
-84
-107
-133
-95
-104
-104
-122
-120
-124
-135
-112
-91
-96
-121
-125
-156
-162
-165
-192
-211
-180
-147
-164
-151
-127
-164
-166
-178
-156
-112
-150
-152
-166
-153
-171
-173
-145
-165
-157
-145
-132
-143
-202
-172
-167
-201
-184
-192
-147
-164
-123
-137
-129
-162
-163
-164
-149
-126
-128
-125
-161
-161
-199
-151
-156
-118
-90
-149
-149
-75
-77
-113
-145
-110
-92
-101
-74
-103
-112
-81
-99
-119
-154
-100
-72
-79
-83
-106
-81
-115
-95
-153
-200
-191
-140
-88
-118
-118
-92
-94
-70
-86
-75
-88
-79
-83
-68
-74
-102
-93
-99
-119
-81
-87
-69
-62
-62
-86
-112
-123
-146
-125
-123
-121
-89
-63
-72
-84
-85
-77
-56
-56
-99
-78
-102
-69
-72
-78
-85
-149
-118
-134
-126
-140
-116
-171
-134
-103
-116
-119
-135
-135
-151
-176
-180
-107
-130
-123
-181
-111
-141
-153
-126
-168
-129
-127
-112
-122
-96
-116
-136
-132
-129
-92
-126
-124
-162
-169
-164
-185
-150
-154
-101
-145
-126
-159
-165
-125
-115
-110
-145
-109
-138
-106
-138
-122
-137
-101
-149
-170
-184
-205
-133
-130
-127
-176
-130
-153
-149
-128
-151
-182
-175
-154
-184
-196
-183
-166
-168
-156
-189
-143
-164
-129
-123
-186
-145
-168
-133
-123
-130
-137
-127
-167
-123
-93
-112
-84
-109
-132
-107
-73
-39
-42
-49
-56
-54
-36
-81
-40
-52
-64
-68
-41
-63
-116
-106
-100
-120
-144
-118
-130
-123
-142
-93
-90
-90
-87
-128
-89
-86
-93
-108
-99
-107
-116
-77
-72
-70
-53
-94
-98
-72
-60
-45
-77
-72
-17
-77
-67
-94
-52
-50
-95
-26
-59
-68
-120
-119
-84
-100
-83
-67
-67
-81
-106
-93
-109
-99
-88
-121
-92
-90
-114
-117
-143
-158
-119
-121
-145
-166
-193
-188
-200
-182
-185
-132
-174
-181
-195
-170
-174
-217
-180
-182
-132
-143
-175
-161
-164
-181
-147
-107
-148
-99
-48
-58
-76
-105
-75
-56
-53
-74
-49
-82
-63
-54
-42
-35
-49
-59
-38
-17
-19
-14
-58
-40
-31
-65
-107
-94
-97
-113
-107
-78
-98
-84
-78
-83
-81
-73
-87
-112
-109
-116
-104
-108
-112
-112
-124
-118
-126
-130
-131
-130
-141
-141
-90
-123
-123
-111
-79
-85
-95
-59
-44
-76
-72
-62
-86
-90
-77
-71
-60
-69
-62
-75
-59
-48
-64
-43
-79
-121
-121
-126
-105
-144
-126
-136
-182
-185
-166
-139
-165
-171
-194
-179
-173
-151
-186
-159
-134
-90
-122
-148
-131
-134
-138
-131
-96
-96
-120
-114
-101
-129
-120
-88
-92
-67
-78
-76
-89
-76
-79
-95
-35
-52
-47
-47
-91
-71
-61
-71
-50
-79
-65
-47
-63
-77
-64
-82
-77
-72
-100
-62
-88
-118
-120
-118
-122
-127
-147
-99
-111
-121
-84
-93
-113
-89
-94
-86
-72
-115
-105
-55
-27
-56
-65
-75
-47
-86
-65
-55
-75
-48
-78
-68
-59
-53
-122
-130
-68
-57
-66
-97
-55
-33
-18
-14
4
-35
-10
-6
-24
-44
-84
-46
-47
-78
-65
-76
-27
-23
-65
-10
-100
-43
-33
-68
-68
-58
-32
-49
-30
-97
-67
-69
-54
-61
-56
-34
-42
-51
-19
3
-29
-87
-53
-57
-36
-48
-76
-1
11
5
18
40
25
56
42
20
-10
44
20
40
68
62
59
56
79
65
110
100
92
84
80
105
71
45
44
11
54
43
-3
9
-9
15
40
4
28
40
24
48
43
71
86
58
87
90
51
102
90
92
57
56
59
69
92
67
99
106
109
170
191
147
126
140
153
174
134
122
140
157
210
169
230
204
183
283
254
259
231
206
182
190
195
171
185
206
222
190
190
166
203
172
172
228
230
219
194
186
176
156
204
172
222
242
156
202
180
145
175
216
201
182
147
171
227
196
220
219
241
276
283
315
314
310
342
319
304
330
294
303
347
351
350
378
337
345
306
300
302
286
293
270
238
257
238
211
245
237
240
225
195
201
266
229
224
227
268
279
247
197
244
269
277
255
222
229
210
212
225
202
218
204
175
211
198
175
225
247
228
233
186
174
232
218
219
227
234
237
234
259
245
235
214
216
240
226
248
240
225
207
206
225
217
203
183
211
195
210
178
180
169
186
219
209
225
196
148
155
155
137
158
133
159
147
155
163
159
172
126
120
141
157
150
136
132
117
132
162
187
176
169
212
205
177
167
214
185
168
132
167
147
150
191
152
132
121
98
83
82
40
68
77
91
79
74
95
86
79
120
132
130
120
93
104
89
174
172
147
156
118
138
171
126
133
117
127
165
166
139
144
173
204
163
155
202
186
207
187
162
152
173
210
175
150
112
110
98
108
150
204
185
154
146
153
148
101
112
106
46
53
52
63
60
73
87
68
79
77
97
102
81
50
53
23
76
41
53
71
50
75
79
57
70
105
84
142
131
93
96
124
179
150
128
141
171
179
139
140
134
138
121
110
120
135
92
84
111
103
98
91
40
60
40
50
40
13
56
51
70
66
62
63
70
82
88
80
78
54
91
109
81
96
113
108
144
116
95
149
149
108
114
77
91
93
37
85
107
80
71
99
113
93
100
100
98
100
81
86
123
135
59
26
74
44
70
32
58
53
55
55
31
71
45
53
48
39
34
38
20
-6
-54
-49
-23
-19
18
17
29
19
30
9
-3
-8
-30
31
-23
16
8
44
22
4
38
14
47
41
64
66
41
50
72
33
51
66
23
49
83
76
107
86
92
72
67
85
58
35
53
68
62
28
8
24
46
47
22
18
45
66
20
26
26
51
51
61
54
88
63
30
18
32
97
29
44
40
77
63
44
44
47
50
71
89
87
56
66
58
54
74
66
107
118
131
100
114
108
127
87
102
112
117
124
88
80
87
52
59
38
36
72
44
76
98
90
68
48
40
51
0
42
45
30
35
71
58
52
81
56
17
36
39
22
-7
26
0
-12
-5
17
43
20
42
75
51
51
23
28
49
67
50
26
53
24
50
43
48
29
23
37
45
52
-17
21
21
-17
5
6
-14
-44
-66
-54
-21
-63
-89
-76
-60
-37
6
10
-24
9
-7
-71
-85
-17
-12
-38
-16
-52
-89
-25
18
-25
-18
-21
10
-1
13
-2
-6
41
26
35
32
85
94
85
67
42
63
56
57
42
51
67
45
41
20
2
19
70
49
33
41
25
0
25
66
10
-9
7
27
-1
30
60
15
0
-15
-38
-5
-25
-31
-63
-64
-62
-47
-38
-88
-54
-45
-67
-36
-35
-39
-24
-22
-21
-3
36
-5
2
53
43
12
-13
35
25
12
31
20
12
18
-20
-36
15
-14
-32
-52
-48
-30
-26
-27
-27
-13
5
-52
-60
6
-34
-54
-47
-36
-57
-70
-12
-3
27
-2
-54
-19
-34
-14
-35
22
-10
-47
-53
-73
-34
-50
-38
-16
-16
23
28
-11
-48
18
32
40
38
14
46
44
36
19
-9
-7
1
10
15
-19
-28
-44
-35
-32
-50
-20
-22
-76
-85
-52
-91
-69
-68
-88
-72
-65
-61
-92
-27
-86
-92
-37
-71
-46
-46
-37
-43
-67
-88
-66
-77
-64
-47
-36
-40
-51
-43
-5
-19
22
-8
-35
15
42
33
21
30
-2
45
51
11
75
50
14
19
15
13
-18
35
3
-18
-56
-60
-46
-78
-122
-87
-83
-110
-94
-102
-101
-131
-98
-87
-93
-39
-41
-52
-75
-91
-100
-63
-57
-119
-55
-76
-70
-45
-80
-86
-125
-78
-87
-63
-33
-59
-33
-53
-47
-58
-38
-13
-42
1
-19
-40
-27
-31
-51
-55
-41
-68
-49
-54
-49
-38
-46
-71
-46
-46
-21
-56
-58
-67
-59
-88
-76
-34
-116
-72
-87
-100
-122
-84
-66
-67
-44
-112
-89
-127
-154
-137
-152
-158
-137
-103
-145
-76
-91
-78
-106
-88
-80
-120
-53
-48
-75
-43
-18
-50
-68
-72
-39
-55
-74
-71
-60
-77
-86
-55
-82
-82
-60
-66
-46
-61
-74
-71
-61
-44
-80
-99
-68
-63
-61
-85
-46
-57
-97
-55
-41
-59
-85
-83
-45
-33
-50
-48
-48
-42
-31
-59
-92
-70
-51
-56
-35
-40
-35
-29
-59
-4
-18
-25
-17
-64
-39
-8
-13
-29
-26
-34
-33
-30
-26
-34
-50
-76
-96
-83
-53
-32
-54
-64
-77
-75
-46
-48
-71
-99
-91
-55
-48
-74
-89
-103
-101
-125
-140
-154
-130
-181
-180
-199
-152
-111
-190
-193
-185
-198
-169
-182
-202
-207
-193
-173
-155
-92
-120
-145
-143
-132
-151
-106
-129
-157
-132
-179
-153
-142
-159
-145
-159
-147
-133
-126
-142
-166
-164
-189
-190
-159
-146
-127
-149
-134
-139
-135
-146
-126
-137
-169
-118
-93
-109
-110
-94
-126
-105
-121
-126
-105
-114
-102
-118
-114
-112
-147
-136
-115
-129
-186
-140
-64
-84
-80
-65
-59
-65
-20
-13
-20
-15
18
35
23
15
41
23
1
-18
-17
-20
-14
-32
-7
-19
-36
-1
14
0
-6
41
43
2
4
19
0
35
-27
-11
9
-23
-26
-26
-36
-81
-50
-49
-100
-55
-47
-83
-93
-125
-109
-123
-90
-81
-104
-100
-94
-70
-74
-73
-98
-77
-73
-81
-63
-9
-32
-25
-34
-51
-15
-74
-74
-97
-84
-74
-117
-145
-128
-148
-149
-130
-164
-180
-166
-153
-141
-124
-143
-168
-165
-164
-148
-98
-132
-147
-71
-78
-83
-63
-64
-33
2
-55
-63
-83
-88
-58
-88
-124
-88
-114
-95
-93
-99
-107
-96
-67
-106
-44
-63
-42
17
10
45
55
53
17
29
10
-11
-17
-57
-65
-80
-69
-52
-83
-40
-20
-14
-36
-80
-64
-48
-55
-100
-82
-108
-58
-102
-94
-89
-80
-74
-131
-50
-91
-87
-71
-34
-65
-46
-60
-58
-53
-80
-44
-47
-40
-61
-64
-51
-65
-61
-45
-36
-71
-39
-21
-37
18
12
-22
22
-1
-57
-36
-58
-84
-47
-70
-75
-69
-100
-82
-123
-104
-99
-119
-109
-148
-183
-156
-99
-110
-134
-173
-149
-168
-136
-100
-157
-146
-123
-107
-127
-173
-150
-148
-159
-146
-139
-126
-133
-142
-140
-124
-147
-167
-155
-156
-146
-180
-142
-129
-108
-105
-117
-130
-126
-129
-155
-153
-143
-156
-152
-121
-138
-145
-132
-134
-126
-152
-180
-158
-166
-156
-224
-227
-166
-150
-154
-174
-175
-216
-215
-200
-201
-189
-202
-192
-193
-205
-202
-166
-170
-216
-188
-193
-169
-181
-183
-170
-144
-153
-162
-158
-147
-130
-173
-160
-158
-116
-145
-126
-118
-142
-116
-115
-96
-107
-67
-74
-110
-102
-102
-140
-137
-125
-128
-111
-118
-136
-146
-149
-195
-175
-154
-182
-203
-166
-170
-170
-166
-196
-192
-180
-190
-192
-205
-180
-200
-200
-145
-134
-148
-119
-120
-99
-136
-150
-99
-114
-117
-139
-117
-127
-129
-170
-130
-117
-132
-97
-108
-113
-136
-104
-119
-103
-126
-96
-141
-127
-93
-114
-51
-23
-41
-84
-61
-60
-96
-82
-77
-120
-95
-118
-136
-168
-165
-179
-159
-140
-167
-123
-178
-161
-179
-198
-153
-152
-140
-183
-145
-145
-178
-193
-170
-182
-194
-185
-155
-163
-214
-190
-141
-152
-187
-181
-170
-184
-174
-205
-166
-166
-194
-202
-176
-143
-196
-204
-207
-159
-207
-207
-161
-172
-134
-223
-206
-186
-197
-197
-224
-169
-173
-173
-192
-194
-196
-185
-243
-227
-176
-228
-228
-154
-175
-191
-213
-227
-185
-232
-291
-280
-309
-341
-395
-392
-404
-463
-512
-554
-585
-669
-674
-700
-758
-818
-868
-903
-959
-1075
-1211
-1437
-1644
-2155
-2850
-3049
-2729
-2574
-2767
-3158
-3497
-3362
-2883
-2534
-2244
-1900
-1619
-1343
-888
-271
270
721
1210
1752
2285
2780
3086
3342
3849
4390
4816
4981
4995
4876
4764
4714
4445
3936
3439
2975
2489
1978
1402
774
78
-645
-1197
-1676
-2185
-2686
-3127
-3478
-3606
-3699
-3818
-3774
-3634
-3363
-2981
-2565
-2210
-1808
-1349
-814
-212
380
836
1215
1687
2126
2462
2748
2845
2881
2905
2874
2724
2524
2253
1872
1499
1132
683
210
-282
-781
-1141
-1470
-1846
-2143
-2471
-2639
-2757
-2832
-2799
-2749
-2659
-2469
-2291
-1970
-1620
-1304
-935
-614
-207
147
458
735
997
1272
1442
1697
1825
1821
1821
1783
1704
1515
1380
1174
841
579
259
-52
-382
-701
-961
-1260
-1504
-1747
-2049
-2173
-2252
-2403
-2438
-2406
-2383
-2353
-2271
-2120
-1931
-1754
-1601
-1398
-1141
-905
-759
-603
-411
-210
-71
14
56
131
131
8
-193
-304
-254
-241
-458
-831
-1200
-1282
-1213
-1089
-1173
-1369
-1517
-1551
-1285
-1052
-873
-726
-532
-289
98
469
775
1135
1595
2083
2542
2841
3023
3305
3735
4098
4530
4404
3809
3410
3382
3494
3517
3112
2361
1635
1270
846
442
42
-431
-778
-1104
-1559
-1967
-2256
-2439
-2351
-2206
-2047
-2093
-2276
-2293
-1992
-1410
-933
-549
-369
-240
26
403
752
1221
1444
1557
1611
1656
1671
1623
1545
1517
1472
1298
984
542
203
-74
-299
-458
-692
-1033
-1438
-1878
-2012
-2036
-2080
-2165
-2286
-2364
-2411
-2341
-2207
-1974
-1721
-1482
-1406
-1228
-1026
-825
-598
-397
-127
111
168
153
118
208
404
437
342
174
41
-76
-201
-314
-433
-575
-710
-1000
-1226
-1583
-1974
-1880
-1648
-1754
-2131
-2471
-2565
-2303
-1845
-1785
-1814
-1677
-1635
-1502
-1044
-668
-348
-12
267
584
912
1302
1540
1857
2339
2784
3116
3371
3574
3818
3910
4141
4454
4587
4497
4549
4367
3818
3183
2922
2797
2683
2155
1248
576
144
-394
-739
-836
-1143
-1607
-2146
-2517
-2505
-2371
-2349
-2231
-2055
-1869
-1735
-1663
-1400
-862
-266
135
423
721
845
1115
1504
1940
2340
2478
2341
2146
1996
1963
1894
1685
1447
1121
619
22
-465
-829
-1147
-1451
-1859
-2336
-2764
-3128
-3407
-3499
-3415
-3485
-3527
-3576
-3586
-3425
-3154
-2746
-2395
-2067
-1848
-1673
-1377
-1015
-709
-302
-87
79
166
152
180
314
435
327
169
-1
-301
-721
-805
-777
-966
-1261
-1682
-1985
-1970
-1721
-1730
-1853
-1644
-1566
-1475
-1139
-718
-303
195
575
952
1496
2134
2666
3152
3745
4176
4542
4823
5227
5501
5788
6095
5977
5447
4962
4562
4287
4110
3630
2888
1997
1193
462
25
-496
-1121
-1706
-2160
-2621
-3012
-3308
-3445
-3352
-3219
-3119
-2855
-2679
-2409
-2051
-1543
-862
-187
324
705
1073
1552
2175
2759
3166
3455
3642
3675
3535
3389
3184
3057
2936
2576
1856
1044
283
-306
-810
-1341
-1866
-2479
-3264
-3975
-4365
-4570
-4771
-4888
-5092
-5198
-5173
-5073
-4827
-4426
-3973
-3577
-3240
-2819
-2476
-2085
-1491
-1005
-574
-260
-33
78
204
224
262
433
575
482
102
-422
-749
-607
-264
-100
-237
-471
-714
-577
-270
218
524
767
1097
1376
1738
2191
2745
3539
4270
4785
5219
5478
5543
5926
6287
6209
6021
5712
5249
4797
4400
3905
3431
2810
1801
966
521
-135
-840
-1374
-1867
-2360
-2864
-3361
-3405
-3354
-3379
-3396
-3223
-2979
-2676
-2342
-1978
-1340
-664
-167
306
966
1469
1990
2475
2887
3462
3808
3892
3872
3715
3499
3466
3294
2915
2253
1526
872
338
-288
-1056
-1696
-2257
-2936
-3652
-4276
-4681
-4913
-5157
-5447
-5589
-5629
-5590
-5482
-5202
-4778
-4415
-4147
-3831
-3413
-2952
-2487
-2020
-1646
-1183
-855
-652
-518
-344
-284
-300
-159
-78
-162
-468
-873
-1114
-1029
-816
-754
-713
-855
-1017
-873
-433
11
373
528
830
1282
1717
2335
3030
3828
4677
5217
5670
6167
6626
7151
7856
8599
8360
7713
6832
6437
6721
6699
5719
4779
3991
2856
1558
730
184
-199
-1032
-2401
-3347
-3573
-4074
-4613
-4697
-4460
-4139
-4281
-4684
-4402
-3540
-2886
-2268
-1499
-731
-189
17
380
1471
2672
3279
3442
3504
3818
4076
4148
4152
4458
4494
4010
3334
2830
2489
2047
1584
1185
761
114
-866
-1601
-1941
-2058
-2232
-2549
-2970
-3232
-3388
-3510
-3351
-2979
-2978
-3674
-4241
-3799
-2766
-2197
-2512
-3218
-3491
-3114
-2434
-2131
-2108
-2222
-2608
-2915
-2669
-2356
-2412
-2797
-3050
-3179
-3084
-3228
-3675
-3916
-3801
-3700
-3737
-3778
-3812
-3805
-3594
-3074
-2492
-2028
-1727
-1536
-1130
-170
575
995
1477
2108
2782
3451
4140
4799
5693
6694
7332
7808
8615
9050
9453
10182
10952
11859
12057
10629
9328
8757
9533
9347
5697
1728
1696
4466
4753
-183
-5812
-6570
-3315
-2431
-6093
-8484
-7540
-7139
-8849
-9924
-7716
-4397
-5446
-8202
-6854
-2503
-528
-2627
-3582
367
4731
4455
1878
2379
5925
7507
6417
6226
7950
8746
6333
4174
5819
7998
6833
3454
1840
2688
2918
-265
-3415
-2364
279
-604
-4636
-7404
-6802
-4794
-4469
-5607
-5501
-4523
-5523
-6776
-5610
-2859
-1295
-2522
-4332
-3388
-1167
-414
-1067
-1371
-664
43
-280
-890
-949
-934
-1490
-1748
-1196
-1364
-2693
-4360
-4772
-3746
-3200
-4222
-5557
-6066
-5984
-5661
-5379
-5005
-4774
-4853
-4845
-4039
-2846
-2277
-2170
-1616
-222
1053
1516
1317
1773
2964
4058
4795
5122
5649
6030
6274
6951
8013
8844
8962
8501
8495
9303
10097
10276
9322
8030
7162
6641
6281
5699
4816
3486
2107
1057
49
-935
-1797
-2702
-3261
-3513
-4139
-5058
-5657
-5789
-5315
-4645
-4385
-4409
-4383
-4001
-3226
-2041
-972
-343
204
649
1353
2268
2938
3622
4166
4542
4708
4775
4692
4696
4724
4516
4276
3749
3059
2150
1299
612
34
-593
-1519
-2609
-3601
-4324
-4909
-5275
-5708
-6015
-6349
-6837
-7068
-7109
-6848
-6494
-6231
-5906
-5607
-5465
-5177
-4723
-4102
-3545
-3183
-3006
-2918
-2759
-2554
-2433
-2312
-2204
-2282
-2433
-2612
-2740
-2886
-3044
-3052
-2902
-2611
-2395
-2389
-2487
-2528
-2273
-1582
-737
11
387
474
1036
2127
3446
4505
5342
6362
7707
9301
10223
10721
12079
13617
15696
16906
17115
15711
12937
11220
11283
11355
11035
9382
6593
3726
861
-1569
-2480
-2116
-2720
-5625
-8512
-10375
-11099
-10799
-10637
-10222
-9459
-9761
-10494
-10256
-8893
-6480
-4407
-2937
-1565
-690
-173
764
2833
5443
7402
8175
8088
7781
8183
8626
9255
10077
9985
8977
7402
5759
4792
4255
3567
2807
1584
-121
-2068
-3794
-4660
-4939
-4966
-5441
-6457
-7321
-7983
-8196
-7534
-6509
-5582
-5027
-4943
-4735
-4029
-2950
-1581
-275
534
806
-2334
-4458
-2268
386
1715
1129
-3001
-5824
-4611
-3459
-3946
-3008
-3392
-6751
-7514
-7098
-8200
-6770
-5937
-7324
-6440
-5741
-7311
-7403
-5741
-4118
-2199
-1286
-2065
-2321
-1089
92
2041
4217
4518
4744
5170
5549
7490
9189
9641
10805
11874
12415
12840
13029
13958
16288
18444
17928
15319
11268
7369
6502
9108
11469
10307
4406
-3066
-6073
-4151
-2128
-2399
-4983
-8271
-10544
-11886
-12369
-11159
-9425
-8717
-8702
-8554
-8709
-8854
-7887
-5240
-1190
1876
1771
300
149
2095
5547
8694
10052
9822
8517
7335
7529
9073
10332
10356
9318
7646
5815
4205
2798
2150
2268
1767
247
-2019
-4529
-6118
-6541
-6063
-5313
-5334
-6597
-8416
-9164
-8304
-6542
-5029
-4223
-4190
-4112
-5053
-6387
-4854
-1600
275
539
-1458
-4063
-3910
-2031
-1113
-582
-296
-2481
-5035
-5172
-4958
-4434
-3537
-4688
-6132
-6283
-7097
-7950
-7319
-6003
-5071
-4617
-5093
-5926
-5489
-4141
-2797
-1005
185
95
59
257
1265
3287
5088
6290
6998
7296
7742
8268
9841
11673
12644
13753
14119
14696
16198
17127
16760
15443
12833
9742
7681
8770
10656
9560
4587
-1870
-4776
-3029
-1545
-2997
-6160
-8988
-10496
-11379
-11730
-10873
-10027
-9950
-10074
-9821
-8811
-8162
-7587
-5710
-2467
347
838
112
501
2602
5568
8031
8953
9110
8456
7816
8324
9534
10465
10233
8868
7444
6221
4907
3706
2841
2388
1641
-64
-2177
-4197
-5380
-5767
-5846
-5806
-6181
-7502
-8684
-8998
-8084
-6772
-5726
-5905
-7094
-6922
-5661
-4331
-2986
-2656
-3419
-3301
-2570
-2330
-2082
-1606
-2120
-2515
-2170
-2570
-3400
-3712
-4290
-4619
-4272
-4711
-5852
-6408
-6662
-6599
-5984
-5864
-6179
-6070
-5646
-5080
-4137
-3565
-3343
-2684
-1605
-577
486
1172
1670
2667
4037
5250
6090
6899
7903
9197
10603
11616
11943
12488
13883
15524
16711
16995
16270
15167
14011
11003
7585
7267
9547
9951
6079
-169
-4240
-3813
-2151
-2957
-5435
-7420
-9442
-11301
-11765
-10813
-9451
-9220
-9870
-9617
-8408
-7689
-7315
-5994
-2931
125
1017
426
594
2387
4890
7108
8648
9099
8644
7838
7740
8871
10073
9902
8768
7417
6165
5005
3651
2746
2280
1589
156
-1732
-3477
-4736
-5436
-5687
-5650
-5799
-6672
-7827
-8333
-7740
-6575
-5667
-5198
-4938
-4564
-5176
-5852
-4579
-2278
-676
-710
-2598
-4321
-3829
-2270
-1485
-1107
-1611
-3468
-4811
-4915
-4788
-4225
-4100
-5321
-6217
-6406
-7013
-7395
-6916
-6217
-5505
-5121
-5500
-5841
-5213
-4167
-3120
-1745
-1054
-784
-338
318
1320
2916
4212
4997
5513
6212
7013
8014
9256
10117
11261
12272
13008
13650
14654
15835
16969
17304
16006
14116
11603
8484
7448
9375
10513
8027
2061
-3771
-4827
-2286
-1345
-3728
-6819
-9116
-10819
-11294
-10840
-9644
-8765
-9175
-9665
-8951
-7995
-7364
-6168
-3731
-453
1293
804
223
1522
4229
6977
8738
9106
8553
7937
7767
8522
9968
10322
9209
7627
6154
5085
4073
2989
2235
1811
545
-1396
-3390
-4844
-5442
-5534
-5498
-5844
-6560
-7626
-8419
-8050
-6882
-5743
-5097
-4998
-4961
-5299
-5855
-4942
-2651
-1006
-1169
-2817
-4368
-4069
-2389
-1551
-1802
-2295
-3390
-4807
-5116
-4816
-4655
-4580
-5182
-6273
-6639
-6982
-7598
-7475
-6420
-5548
-5338
-5771
-6202
-5635
-4172
-2837
-1899
-1222
-1066
-733
104
1332
2666
3879
4622
4910
5209
6287
7449
8449
9586
10395
10655
11363
12205
12937
14055
15318
16063
16801
16342
13701
11042
8742
7549
8730
9903
7976
3226
-2036
-4854
-3912
-1605
-2271
-5449
-8367
-10648
-11389
-10406
-9492
-8480
-8040
-8732
-8975
-8384
-7514
-5783
-3423
-1056
752
903
349
884
3263
6247
8436
9119
8412
7454
7284
7871
9018
10015
9371
7924
6265
4674
3738
3051
2413
1793
727
-1132
-3201
-4791
-5565
-5647
-5509
-5746
-6525
-7416
-8400
-8470
-7459
-6246
-5355
-4971
-5544
-6397
-6283
-5006
-3054
-1781
-2143
-3531
-4413
-3904
-2909
-2299
-2089
-2835
-3879
-4637
-5209
-5170
-4875
-4937
-5393
-6041
-6770
-7516
-7860
-7359
-6470
-5789
-5814
-6399
-6548
-5878
-4537
-3036
-2259
-1981
-1902
-1517
-339
1175
2405
3148
3583
4103
4829
5661
6824
7890
8869
9918
10300
10490
11000
11956
13358
14217
14818
15498
16168
15283
12597
9718
7459
6964
8461
8923
6449
1586
-3566
-5635
-3797
-1765
-2925
-6243
-9340
-11189
-11262
-10184
-8867
-7995
-8050
-8876
-8916
-7942
-6660
-4871
-2792
-546
1021
913
435
1305
3828
6654
8438
8680
7770
6781
6664
7304
8565
9299
8518
6797
4978
3518
2716
2136
1553
934
-289
-2186
-4196
-5645
-6151
-5989
-5760
-6065
-6941
-7982
-8678
-8392
-7204
-5972
-5097
-5037
-6081
-7132
-6533
-4398
-2436
-1927
-3245
-5109
-5139
-3657
-2821
-2627
-2802
-3940
-4928
-5120
-5362
-5423
-5184
-5503
-6115
-6356
-7025
-7903
-7889
-7158
-6305
-5694
-6056
-6730
-6462
-5304
-3895
-2720
-2277
-2470
-2181
-1318
-4
1240
2168
2510
3081
3940
4773
5727
6293
7109
8079
9059
9716
10515
10780
11483
12499
13214
14277
16019
16499
14594
11442
9434
8671
8542
8400
7399
5462
2470
-1866
-4604
-4024
-2543
-2914
-5991
-8925
-10323
-10765
-10436
-9556
-8472
-7852
-8514
-9221
-8612
-6802
-4663
-3026
-1372
102
490
482
1268
3234
5868
7483
7749
7363
6753
6567
6951
7833
8601
8198
6634
4731
3194
2448
1972
1378
661
-587
-2378
-4202
-5580
-6001
-5915
-6029
-6392
-7047
-7836
-8369
-8342
-7422
-6120
-5203
-4916
-5262
-6998
-7297
-5008
-2674
-1675
-2343
-5097
-6334
-4439
-2753
-2788
-2684
-3672
-5713
-5764
-5218
-5715
-5158
-5145
-6585
-6689
-6539
-7728
-7967
-7120
-6450
-5595
-5373
-6346
-6690
-5507
-4159
-2572
-1452
-1868
-2301
-1899
-727
1089
2616
2826
3122
3426
3749
4787
6107
7196
8021
8673
9050
9469
9780
10235
11340
12853
14032
14600
14790
14864
13986
11730
9720
9116
8688
8004
6712
4431
1632
-780
-3016
-3691
-3057
-3644
-6211
-8633
-9971
-10025
-9293
-8812
-8635
-8490
-8623
-8562
-7737
-6147
-4500
-3033
-1878
-730
237
900
1844
3506
5403
6694
7109
6786
6492
6768
7170
7626
7744
7151
5843
4449
3153
2434
1942
1165
56
-1310
-2705
-4028
-5010
-5544
-5774
-5920
-6413
-6987
-7352
-7441
-7210
-6467
-5717
-4896
-5087
-6311
-6047
-4322
-2798
-2019
-2537
-3923
-4256
-3473
-2893
-2579
-1942
-2819
-4583
-4871
-4896
-4961
-4510
-4989
-5790
-6041
-6484
-7263
-7439
-6814
-6311
-6044
-5997
-6356
-6290
-5465
-4500
-3120
-2096
-2114
-2295
-2085
-1028
658
2033
2536
2655
2842
3524
4624
5910
6865
7295
7772
8529
9386
9915
10377
11148
12094
13163
14278
14427
14831
15570
14647
12253
10711
9613
8426
7807
7230
5429
3052
41
-2978
-3639
-2709
-3436
-5567
-7408
-8740
-9453
-9379
-8955
-8062
-7421
-7507
-7642
-6972
-5682
-4128
-2535
-1034
557
1562
1905
2649
4174
5967
7501
8264
8108
7850
7665
7591
8023
8474
8068
6953
5412
4050
2961
2130
1348
539
-447
-1888
-3478
-4682
-5422
-5661
-5684
-5935
-6247
-6655
-7144
-7172
-6455
-5455
-4482
-3995
-3785
-4393
-5364
-4498
-2359
-929
-916
-2525
-4465
-4131
-2404
-1884
-2258
-2687
-4179
-5344
-4941
-4888
-5101
-4847
-5637
-6520
-6285
-6638
-7364
-6962
-6193
-5512
-4918
-5152
-5711
-5017
-3593
-2395
-1182
-808
-1079
-792
79
1417
2939
3494
3503
3805
4559
5462
6336
6839
7534
8729
9432
9806
10315
10693
11048
12328
13452
14288
15190
15595
15335
14401
12217
10483
9815
9204
8513
7341
5349
2677
-9
-2029
-2606
-2160
-2800
-5027
-6935
-8156
-8706
-8273
-7656
-7119
-6545
-6803
-7056
-6245
-4827
-3139
-1445
-55
989
1723
2178
3034
4701
6584
7766
8114
7894
7386
7422
7609
7893
8254
7739
6261
4740
3459
2719
2106
1330
417
-710
-2004
-3428
-4569
-5062
-5184
-5339
-5526
-5954
-6359
-6626
-6618
-5831
-4772
-4022
-3617
-4604
-5437
-4442
-2778
-1569
-1234
-2248
-3669
-4027
-3316
-2765
-2259
-2132
-3511
-4977
-5160
-5254
-5115
-4811
-5259
-5787
-6175
-6725
-7226
-6943
-6125
-5487
-5225
-5293
-5545
-5305
-4387
-3222
-1807
-1140
-1223
-1261
-923
192
1661
2699
3247
3349
3542
4233
5211
6091
6914
7430
8098
8817
9643
9931
10172
11243
12318
13198
14088
14408
14912
15172
13467
11082
9934
10217
10024
8244
5459
3261
2183
987
-1177
-2687
-3297
-4135
-5609
-7119
-7976
-7830
-7890
-8149
-7673
-7057
-6725
-6632
-6141
-4541
-2590
-1338
-667
169
1470
2660
3711
5005
6051
6953
7256
7251
7507
7683
7570
7484
7206
6718
5840
4536
3365
2540
1843
946
-95
-1174
-2410
-3580
-4465
-4982
-5200
-5365
-5863
-6278
-6440
-6360
-6104
-5644
-5036
-4371
-4034
-4716
-5297
-4232
-3042
-2788
-2636
-3107
-3620
-3125
-3013
-3680
-3240
-2711
-3584
-4367
-4324
-4857
-5153
-4780
-5125
-5270
-5133
-6083
-6786
-6147
-5491
-5175
-4941
-4959
-4851
-4158
-3455
-2819
-1807
-1176
-1088
-721
-70
879
1900
2580
3110
3608
4132
4864
5711
6508
7473
8259
8605
8978
9542
10567
11756
12555
12742
13185
14494
16028
16235
14199
11060
9433
10328
10988
9661
6544
3452
1667
850
-423
-1764
-2864
-4140
-5871
-7221
-7823
-8093
-8410
-8473
-8005
-7136
-6824
-7118
-6939
-5400
-3122
-1343
-569
-122
645
1786
3224
4817
6218
6906
6946
6961
7135
7573
7822
7751
7362
6870
5980
4825
3685
2789
2061
1291
322
-938
-2310
-3547
-4423
-4849
-4956
-5261
-5949
-6538
-6823
-6705
-6285
-5695
-5185
-4649
-4514
-5394
-5692
-4377
-2812
-1823
-2004
-3385
-4289
-3603
-2572
-2148
-1835
-2271
-3745
-4338
-4123
-4171
-3930
-4015
-4854
-5287
-5340
-5935
-6246
-5792
-5207
-4809
-4724
-5024
-5142
-4436
-3442
-2384
-1397
-1117
-1333
-1259
-556
847
2343
3083
3226
3312
3851
4770
5779
7010
8055
8802
9200
9488
9825
10689
12098
13201
13581
14107
14478
15041
15914
14905
12391
10549
10403
10411
9411
6805
3990
2253
1405
-319
-2090
-3006
-4062
-5505
-6909
-7716
-7826
-7949
-8367
-8136
-7321
-6748
-6577
-6351
-5128
-3182
-1571
-659
91
1188
2359
3518
4873
6064
6893
7272
7288
7456
7802
7866
7765
7370
6856
6073
4970
3777
2825
1955
960
-63
-1192
-2372
-3542
-4493
-5183
-5491
-5657
-6159
-6598
-6768
-6718
-6386
-5883
-5337
-4796
-4234
-4764
-5379
-4352
-2669
-1655
-1667
-2867
-3977
-3509
-2337
-1988
-1845
-2083
-3527
-4614
-4355
-4198
-4058
-4079
-4884
-5603
-5595
-5957
-6367
-6074
-5575
-5186
-5064
-5183
-5361
-4806
-3893
-2843
-1703
-1161
-1318
-1340
-666
662
2273
3002
3179
3311
3865
4832
5749
6650
7490
8160
8859
9562
9992
10676
11593
12120
12830
13678
14391
15148
16012
15522
13067
10486
9426
9381
9572
8335
5396
2745
592
-1320
-2221
-2470
-2980
-4636
-6874
-8216
-8392
-8226
-8182
-7995
-7300
-6772
-6689
-6633
-5872
-4057
-2102
-706
485
1298
1755
2586
3872
5571
7176
7687
7488
7136
7072
7355
7617
7601
7223
6359
5114
3760
2707
1881
1048
274
-620
-1843
-3090
-4461
-5403
-5515
-5394
-5515
-5907
-6491
-6743
-6637
-6093
-5268
-4410
-3915
-4605
-5033
-4107
-2899
-2033
-1873
-2835
-3253
-2559
-1993
-2318
-2380
-2482
-3281
-3407
-3354
-4010
-4343
-4492
-5063
-5048
-4756
-5401
-6059
-6098
-5820
-5324
-4896
-4926
-5047
-4506
-3723
-2942
-2014
-1368
-1056
-684
-172
628
1717
2580
3317
3789
4216
4667
5145
6000
7279
8314
8882
9426
9660
9786
10831
12164
12855
13458
14320
14792
15671
15681
13455
10761
9914
10003
9648
8344
5948
3280
1301
-344
-1735
-2257
-2921
-4541
-6459
-7749
-8155
-8226
-8444
-8316
-7523
-7030
-7019
-6837
-6118
-4442
-2611
-1149
-96
855
1545
2228
3562
5325
6704
7311
7316
7142
7338
7449
7511
7498
7166
6470
5419
4104
2916
2095
1245
351
-509
-1625
-3051
-4395
-5226
-5537
-5552
-5705
-6202
-6619
-6792
-6679
-6258
-5460
-4743
-4083
-3743
-3127
-3766
-4748
-3432
-1508
-584
-590
-2462
-4202
-3442
-1954
-1763
-2047
-2472
-4361
-5451
-4755
-4768
-4749
-4597
-5818
-6354
-5975
-6404
-6920
-6568
-5898
-5078
-4585
-4721
-5076
-4566
-3338
-2084
-591
-193
-490
-425
197
1681
3414
4094
4047
4179
4675
5660
6386
7281
8220
8800
9089
9470
9996
10899
11777
12416
13082
13836
14285
14492
14398
12914
10459
8937
8540
8476
7592
5206
2181
195
-1104
-2198
-2932
-3732
-5072
-6788
-8010
-8403
-8303
-8172
-8139
-7734
-7118
-6723
-6406
-5727
-4343
-2462
-958
36
831
1581
2420
3711
5141
6381
6929
6942
6775
6768
6985
7014
6830
6381
5664
4614
3420
2278
1370
575
-359
-1315
-2376
-3554
-4686
-5579
-5951
-6014
-6056
-6356
-6734
-6906
-6735
-6156
-5424
-4635
-4081
-3551
-3393
-4224
-4002
-2386
-1280
-1365
-1836
-2776
-3151
-2409
-2067
-2743
-2649
-2835
-4344
-4897
-4633
-5111
-5297
-5273
-5802
-6162
-6195
-6810
-7229
-6459
-5663
-5491
-5298
-5202
-4958
-4140
-3159
-2116
-1194
-756
-616
-254
687
1818
2666
3279
3835
4361
4825
5158
5673
6850
8095
8695
8851
9036
9377
9993
10987
12067
12753
13242
13522
14064
14087
12622
9949
8374
8722
9165
7587
4558
1795
426
-460
-1690
-2835
-3686
-4906
-6666
-7907
-8119
-7899
-7977
-8214
-7821
-6954
-6598
-6667
-6050
-4456
-2495
-1064
-365
324
1225
2175
3373
4873
6238
6727
6570
6336
6523
6886
6997
6677
6292
5658
4607
3405
2274
1481
705
-193
-1248
-2203
-3346
-4490
-5373
-5708
-5665
-5804
-6204
-6571
-6685
-6445
-5966
-5303
-4559
-3878
-3457
-3101
-3913
-4204
-2773
-1501
-1094
-1310
-2656
-3589
-2919
-2140
-2384
-2498
-2792
-4373
-4986
-4598
-4981
-5077
-5067
-5717
-6043
-6108
-6641
-7000
-6460
-5607
-5166
-4988
-4957
-4941
-4277
-3214
-2101
-998
-579
-578
-442
224
1530
2858
3694
4098
3959
4075
4970
6032
7118
7766
8145
8549
9301
9618
9685
10597
12127
12984
13395
13401
13699
14185
13011
10413
8923
9114
9095
7592
4960
2491
1045
-147
-1793
-2752
-3179
-4569
-6688
-8027
-8065
-7537
-7746
-8466
-8201
-7310
-6752
-6509
-5959
-4499
-2854
-1733
-923
118
1284
2101
3100
4433
5749
6386
6359
6148
6459
6842
6777
6567
6118
5443
4542
3367
2367
1640
756
-362
-1317
-2275
-3259
-4400
-5250
-5648
-5754
-5927
-6328
-6614
-6637
-6529
-6039
-5445
-4772
-4112
-3586
-3960
-4996
-4398
-2694
-1844
-1646
-2333
-3621
-3671
-2668
-2433
-2719
-2474
-3375
-4816
-4685
-4546
-4984
-4844
-5163
-5774
-5894
-6167
-6811
-6859
-6057
-5437
-5271
-5094
-5157
-4949
-4120
-3020
-1850
-940
-762
-898
-612
265
1669
2796
3338
3514
3433
3962
4777
5809
6841
7375
7782
8456
9090
9534
10107
10785
11411
12025
12962
13649
14469
14378
11880
8830
7999
8937
9655
8076
4255
1016
-372
-853
-1660
-2573
-3778
-5559
-7358
-8403
-8442
-8162
-8314
-8555
-7998
-7271
-6969
-7051
-6643
-4859
-2607
-1020
-289
69
592
1621
3182
4937
6191
6562
6233
5897
6107
6549
6727
6629
6088
5309
4228
2960
1996
1177
461
-256
-1226
-2417
-3746
-4917
-5672
-5811
-5651
-5686
-6210
-6739
-6993
-6657
-5922
-5103
-4467
-3938
-4128
-5244
-4823
-3111
-1935
-1533
-2171
-3521
-3573
-2613
-2405
-2521
-2188
-2865
-4227
-4395
-4468
-4839
-4633
-5020
-5604
-5578
-5940
-6837
-6985
-6438
-5715
-5367
-5362
-5523
-5469
-4766
-3757
-2588
-1636
-1193
-1133
-1134
-422
862
1896
2739
3316
3283
3422
4096
5011
6137
6996
7549
7970
8369
8794
9323
10007
11179
12307
12443
12430
12654
13125
13481
12182
9728
7997
7820
7762
6337
3924
1548
-226
-1290
-2682
-3882
-4507
-5760
-7305
-8274
-8433
-8070
-8273
-8759
-8344
-7277
-6487
-6095
-5636
-4397
-2728
-1349
-305
712
1738
2419
3256
4591
5743
6380
6458
6160
6197
6381
6195
6015
5514
4731
3777
2621
1594
718
-258
-1302
-2236
-3004
-3872
-4978
-5853
-6297
-6279
-6120
-6364
-6507
-6503
-6297
-5890
-5175
-4418
-3542
-3365
-4681
-4590
-2870
-1766
-1443
-1907
-3344
-3551
-2496
-2159
-2716
-2481
-3065
-4650
-4555
-4234
-4808
-4857
-5346
-6011
-5802
-5841
-6609
-6868
-6389
-5701
-5334
-5206
-5130
-5020
-4396
-3468
-2212
-1217
-802
-762
-723
130
1470
2416
3021
3509
3497
4004
4804
5442
6280
7078
7649
8425
9090
9341
9467
9879
10833
11854
13153
14212
14294
13758
11853
9655
8984
9496
9856
8457
5230
2076
262
-433
-1022
-2038
-3110
-4771
-6699
-7961
-8438
-8075
-7774
-7922
-7693
-7231
-7118
-6924
-6335
-4709
-2554
-1024
-270
91
699
1755
3228
4999
6347
6848
6663
6243
6232
6702
6972
7012
6604
5696
4544
3258
2251
1480
794
96
-844
-2064
-3348
-4613
-5385
-5479
-5376
-5358
-5801
-6310
-6509
-6314
-5673
-4721
-3927
-3277
-3877
-4588
-3777
-2539
-1621
-1208
-1875
-2534
-2286
-1899
-2127
-2092
-1788
-2603
-3299
-3427
-4041
-4295
-4292
-4769
-4885
-4854
-5478
-6141
-6263
-5919
-5456
-5155
-5013
-5025
-4785
-4169
-3350
-2313
-1509
-910
-557
-286
331
1110
1966
2978
3548
3788
4243
4442
5066
6154
7124
7669
8186
8470
8874
10038
11107
11162
11323
12200
12968
14002
14990
13785
11145
9041
8254
8845
9258
7229
3516
791
-268
-939
-1899
-3104
-4470
-5745
-7104
-8082
-8020
-7980
-8271
-8092
-7416
-6388
-5895
-6179
-5651
-3820
-1592
-40
766
1163
1844
2854
4221
5698
6922
7217
6708
6471
6579
6814
6828
6292
5761
5056
3844
2599
1438
504
-217
-1007
-1925
-2909
-4078
-5194
-5944
-6052
-5761
-5758
-6034
-6333
-6379
-5820
-5221
-4293
-3460
-2781
-2396
-3587
-3831
-2243
-943
-327
-553
-2133
-2895
-2322
-1921
-2168
-1899
-2360
-4123
-4737
-4653
-5114
-4982
-5229
-6022
-5967
-6068
-6637
-6924
-6664
-5969
-5421
-5057
-4922
-4861
-4389
-3566
-2330
-1031
-338
-87
-272
55
1309
2533
3465
4106
4055
4122
4697
5438
6493
7401
7650
8022
8860
9554
9903
10293
10845
11927
13397
13775
13314
13065
11716
9922
9076
8599
8251
7125
4490
1649
202
-751
-2087
-3143
-4132
-5374
-6634
-7875
-8605
-8309
-8081
-8047
-7574
-7053
-6703
-6267
-5687
-4300
-2318
-849
1
822
1583
2481
3726
5056
6135
6807
6830
6546
6580
6615
6481
6328
5849
5032
4085
2792
1600
708
-87
-923
-1836
-2844
-3926
-4993
-5769
-6125
-6103
-5965
-6060
-6202
-6240
-6026
-5478
-4672
-3793
-2836
-2575
-2878
-2801
-2434
-1524
-585
-404
-956
-1693
-2205
-2470
-2262
-1858
-2279
-3125
-4048
-5045
-5386
-5320
-5601
-5773
-6055
-6451
-6898
-7177
-7081
-6652
-6045
-5386
-5091
-4950
-4641
-4105
-3069
-1814
-634
-42
197
453
886
1627
2687
3703
4334
4681
4459
4602
5298
6438
7542
8113
8252
8594
9040
9387
9773
10828
12120
13178
13707
13547
12551
10577
8537
8259
9451
9396
6768
2876
109
-335
-304
-1441
-3010
-4341
-5798
-7312
-8123
-8106
-7741
-7724
-7902
-7501
-6678
-6499
-6471
-5652
-3731
-1495
-219
119
462
1299
2534
4027
5569
6626
6649
6191
5839
6165
6678
6672
6183
5422
4524
3388
2138
1093
329
-412
-1236
-2153
-3326
-4538
-5605
-6154
-6079
-5755
-5813
-6253
-6581
-6476
-5938
-5098
-4197
-3336
-3071
-3655
-3850
-3139
-2053
-1127
-1030
-1765
-2291
-2428
-2631
-2668
-2420
-2616
-3311
-4058
-4863
-5340
-5406
-5675
-5925
-5955
-6269
-6832
-7244
-7165
-6662
-6110
-5799
-5641
-5341
-5031
-4373
-3392
-2403
-1466
-805
-370
112
583
1093
1880
2806
3605
4195
4380
4489
4896
5701
6752
7616
8300
8585
8883
9197
9621
10539
11738
12901
13727
13772
12761
10794
8859
8031
8674
8694
6815
3436
534
-769
-1212
-2147
-3448
-4715
-5914
-7322
-8466
-8745
-8537
-8308
-8194
-7811
-6952
-6556
-6535
-5815
-4072
-1921
-328
293
806
1455
2465
3849
5338
6538
6940
6532
6156
6200
6415
6434
5964
5375
4648
3479
2120
861
-84
-810
-1567
-2389
-3407
-4627
-5696
-6425
-6466
-6186
-6056
-6269
-6555
-6474
-6014
-5325
-4335
-3504
-2727
-2801
-3000
-2584
-2313
-1596
-615
-687
-1245
-1692
-2569
-3143
-2643
-2278
-3055
-3600
-4362
-5822
-6119
-5965
-6286
-6209
-6255
-6941
-7517
-7591
-7357
-6841
-6093
-5467
-5238
-4958
-4610
-4049
-2990
-1760
-553
71
389
551
834
1744
2855
3685
4099
4341
4379
4938
5683
6260
6915
7727
8447
9155
9597
9303
9697
10873
12176
13326
13845
13612
12732
11001
8943
8180
8478
8046
6228
3660
1160
-413
-1552
-2990
-3769
-4245
-5418
-6985
-8184
-8618
-8385
-8080
-7716
-6902
-6243
-6098
-5940
-5036
-3272
-1322
132
971
1811
2496
3177
4302
5710
6835
7337
7155
6733
6590
6418
6167
5955
5586
4731
3500
2072
740
-179
-978
-1682
-2478
-3358
-4491
-5568
-6262
-6382
-6058
-5783
-5691
-5735
-5740
-5472
-4857
-3870
-2842
-1821
-1393
-970
-1691
-3085
-2236
-426
438
463
-1116
-3551
-4002
-3005
-2777
-2830
-2807
-4673
-6582
-6467
-6449
-6462
-6169
-6557
-6898
-6883
-6978
-7456
-7474
-6274
-4936
-4185
-3758
-3732
-3810
-3134
-1489
307
1355
1619
1042
732
1806
3274
4188
4860
5011
4854
5162
5753
6260
6828
7904
9087
9360
9515
9593
9715
10789
12397
13417
14085
14521
12886
9582
7345
7583
8779
9015
6354
2431
-273
-1310
-2036
-2620
-3194
-4086
-5869
-7916
-8683
-8249
-7964
-7877
-7439
-6548
-5847
-5789
-5985
-4983
-2676
-521
925
1752
2037
2290
3088
4559
6484
7690
7571
6867
6297
6195
6261
6192
5946
5475
4428
2849
1254
133
-693
-1355
-1961
-2658
-3627
-5005
-6300
-6767
-6440
-5860
-5588
-5694
-5959
-5934
-5592
-4678
-3461
-2298
-1613
-1190
-1426
-2701
-2700
-1056
95
465
-242
-2359
-3746
-3430
-3121
-3164
-2764
-3726
-5817
-6625
-6759
-6911
-6514
-6498
-6766
-6923
-7208
-7582
-7726
-7005
-5633
-4715
-4235
-3945
-3948
-3624
-2457
-828
432
1229
1282
751
1005
2127
3206
4322
4943
4661
4622
4741
5086
6255
7525
8120
8386
8588
8920
9367
10202
10726
12020
13680
14654
14347
11863
8451
7105
8204
9727
9127
5819
1741
-926
-1860
-2107
-2240
-2793
-4407
-6593
-8280
-8793
-8377
-8136
-7968
-7132
-6239
-6037
-6272
-6370
-4935
-2320
-106
1200
1720
1760
1903
2996
4932
6987
7867
7538
6488
5979
5896
6026
6232
5969
5288
3939
2292
789
-253
-1054
-1545
-2040
-2795
-3898
-5460
-6615
-6921
-6326
-5598
-5382
-5568
-5969
-6038
-5438
-4416
-3021
-1888
-1219
-1667
-2173
-1772
-1565
-875
165
-131
-1000
-1565
-2868
-3758
-3106
-2902
-3670
-4019
-5050
-6708
-6920
-6795
-7001
-6541
-6566
-7259
-7697
-7725
-7375
-6699
-5770
-4848
-4380
-4132
-3798
-3295
-2219
-769
566
1252
1459
1295
1196
1967
3448
4471
5050
4815
4346
4557
5246
6188
7109
7553
7768
8437
8873
8845
9075
9889
11444
13017
13438
13148
11835
9318
7337
7367
8808
9105
6503
2274
-669
-1204
-1245
-1889
-2695
-3980
-5524
-7216
-8346
-7965
-7343
-7346
-7086
-6349
-5676
-5521
-5746
-5040
-2797
-428
1057
1479
1661
1919
2729
4306
6018
7316
7299
6373
5694
5683
5921
6025
5723
4982
4042
2625
1203
79
-751
-1328
-1876
-2571
-3478
-4716
-5939
-6559
-6268
-5492
-5124
-5180
-5584
-5689
-5285
-4385
-3179
-1994
-1280
-908
-903
-1822
-2085
-1159
-10
600
303
-1342
-3077
-3552
-3361
-3216
-2854
-3309
-4998
-6414
-7044
-7123
-6794
-6598
-6521
-6830
-7367
-7593
-7631
-7218
-6042
-4979
-4372
-3939
-3813
-3765
-3011
-1491
-18
1026
1544
1233
1026
1448
2357
3515
4316
4477
4326
4114
4232
4851
5720
6691
7479
7708
7655
7821
8366
9305
10453
11725
12208
12505
12687
11432
9341
7825
7763
8582
8275
5667
2095
-92
-646
-1138
-2015
-3068
-4267
-5791
-7287
-8064
-7673
-7294
-7327
-7228
-6751
-5947
-5757
-5651
-4588
-2705
-765
458
967
1442
2036
2948
4294
5737
6731
6694
6037
5637
5705
5835
5736
5263
4566
3566
2248
1031
42
-700
-1406
-2133
-2828
-3739
-4842
-5817
-6324
-6061
-5571
-5328
-5387
-5549
-5492
-5031
-4212
-3045
-1968
-1320
-983
-1513
-1963
-1546
-775
-76
317
-511
-1984
-2843
-3054
-3079
-2837
-3076
-4248
-5303
-5981
-6486
-6484
-6436
-6525
-6661
-6866
-7063
-7171
-7147
-6665
-5881
-5051
-4312
-4039
-3945
-3562
-2483
-1173
57
966
1166
1093
1103
1434
2408
3534
4233
4473
4364
4265
4460
4903
5748
6745
7429
7895
8142
8292
8597
9537
10342
11312
12347
13087
13155
11455
8575
6937
7678
8815
8101
5037
1599
-378
-1127
-1871
-2403
-2954
-4268
-6094
-7525
-8022
-7569
-7376
-7511
-6915
-5945
-5506
-5592
-5587
-4396
-2254
-326
886
1620
1936
2016
2912
4425
6082
7071
6762
5994
5626
5509
5463
5477
5156
4563
3392
1962
662
-376
-1163
-1802
-2318
-2898
-3861
-5018
-6075
-6491
-6110
-5504
-5122
-5076
-5350
-5382
-4957
-4013
-2812
-1615
-1314
-2077
-2307
-1723
-1089
-415
-136
-844
-1327
-1753
-2605
-2959
-2643
-2880
-3560
-4116
-4958
-5778
-6234
-6519
-6384
-6095
-6246
-6729
-7185
-7216
-6605
-5930
-5286
-4575
-4343
-4098
-3503
-2642
-1565
-414
316
862
1446
1510
1488
2032
2898
3756
4431
4454
4345
4546
4857
5506
6501
7265
7767
8114
8266
8537
9005
9657
10801
11868
12501
12879
12164
9538
7251
7038
8433
9104
6978
2794
-205
-820
-876
-1416
-2336
-3508
-5051
-6657
-7574
-7167
-6624
-6840
-6932
-6231
-5150
-4788
-5168
-4873
-3054
-820
707
1415
1725
1965
2482
3675
5378
6743
6860
6065
5433
5337
5499
5528
5194
4623
3811
2538
1267
247
-576
-1373
-2045
-2506
-3120
-4201
-5415
-6098
-5998
-5321
-4812
-4806
-4992
-5102
-4817
-4123
-2961
-1948
-1955
-2285
-2174
-1788
-1339
-969
-1054
-1294
-1305
-1602
-2324
-2665
-2795
-3291
-3634
-3895
-4451
-5109
-5708
-6134
-6136
-5913
-5975
-6444
-6750
-6659
-6339
-5855
-5365
-4865
-4484
-3998
-3257
-2610
-1832
-923
-101
741
1339
1444
1576
2087
2883
3746
4324
4496
4500
4743
5212
5981
6686
7377
7759
7780
8212
9104
9815
10061
10517
11334
12371
13239
12206
9356
7321
7136
8027
8034
5902
2537
36
-913
-1405
-2199
-2934
-4066
-5572
-7042
-7531
-7118
-6994
-7288
-7167
-6351
-5264
-4745
-4856
-4293
-2682
-840
609
1584
2137
2390
2838
3922
5448
6651
6732
6010
5469
5369
5466
5345
4841
4184
3336
2148
1079
87
-892
-1787
-2508
-3016
-3517
-4437
-5461
-6230
-6144
-5595
-5189
-5016
-5090
-4995
-4737
-4069
-2962
-2207
-2380
-2607
-2224
-1658
-1163
-1031
-1485
-1977
-1882
-1803
-2221
-2430
-2861
-3810
-4243
-4255
-4561
-5107
-5695
-6240
-6378
-6123
-6089
-6425
-6615
-6485
-6153
-5714
-5162
-4685
-4310
-3699
-2802
-1990
-1178
-423
174
963
1551
1856
2107
2551
3031
3570
3983
4399
4761
4929
5214
5951
6791
7479
7986
7983
8079
8905
9753
10153
10783
11560
12350
12533
10752
8061
6740
7165
7791
6894
4334
1522
-379
-1539
-2264
-2570
-3193
-4403
-5963
-7290
-7507
-7063
-7079
-6949
-6338
-5593
-4994
-4809
-4630
-3541
-1814
-179
1113
1967
2378
2549
3178
4420
5837
6624
6397
5783
5336
5038
4988
4826
4431
3765
2688
1417
281
-693
-1541
-2252
-2832
-3340
-4018
-4978
-5888
-6203
-5901
-5425
-4948
-4811
-4801
-4688
-4340
-3542
-2525
-2201
-2518
-2386
-1934
-1438
-1045
-1201
-1741
-1828
-1800
-2226
-2449
-2683
-3375
-3983
-4193
-4543
-4917
-5387
-6014
-6327
-6267
-6110
-6200
-6480
-6512
-6185
-5856
-5282
-4624
-4358
-4024
-3269
-2383
-1479
-612
-76
380
1067
1517
1897
2433
2845
3295
3704
4057
4501
4976
5389
5851
6547
7122
7616
8121
8246
8629
9412
9983
10374
11332
12232
12714
11851
9356
7143
7034
7924
7734
5675
2480
89
-936
-1420
-2072
-2831
-4117
-5605
-6763
-7162
-6765
-6504
-6835
-6757
-5872
-4945
-4382
-4148
-3581
-2277
-560
921
1952
2569
2795
3183
4275
5590
6564
6634
6062
5606
5412
5263
5093
4619
3903
3003
1871
860
-106
-1046
-2046
-2725
-3161
-3623
-4433
-5402
-5953
-5868
-5383
-4960
-4620
-4630
-4502
-4157
-3520
-2423
-1381
-1043
-1779
-2110
-1453
-682
-186
-224
-1135
-1771
-1890
-2167
-2502
-2579
-3101
-4043
-4619
-4957
-5277
-5758
-6227
-6364
-6275
-6154
-6232
-6644
-6880
-6256
-5557
-4964
-4202
-3834
-3727
-3142
-2091
-1069
-130
547
914
1378
1753
2122
2615
3158
3624
3869
3933
4142
4585
4917
5446
5924
6425
6982
7555
8033
8477
8799
9292
9962
10604
11463
12271
11800
9884
7813
6695
7087
7351
5831
3228
987
-432
-1304
-2171
-3005
-3752
-4825
-6163
-6786
-6785
-6782
-6809
-6724
-6063
-4953
-4323
-4244
-3771
-2755
-1260
318
1498
2274
2833
3036
3650
4772
5842
6314
6147
5741
5340
5087
4698
4324
3840
3030
2106
997
-131
-1055
-1963
-2726
-3185
-3569
-4242
-5091
-5745
-5892
-5559
-5118
-4745
-4470
-4309
-4050
-3573
-2785
-1828
-1179
-1289
-1795
-1645
-1023
-520
-457
-843
-1584
-2042
-2238
-2539
-2774
-3119
-3924
-4693
-5033
-5270
-5681
-5999
-6323
-6431
-6313
-6256
-6326
-6382
-6086
-5552
-4979
-4396
-3871
-3537
-3093
-2281
-1269
-319
401
765
1108
1564
1911
2342
2847
3067
3287
3594
3814
4135
4248
4307
5001
6164
6971
7167
7152
7324
7948
8822
9650
10568
11345
11806
11490
9744
7746
6995
7407
7721
6548
3729
1036
-175
-930
-1704
-2427
-3254
-4444
-5884
-6901
-6866
-6468
-6642
-6703
-6217
-5361
-4748
-4678
-4395
-3213
-1575
-129
983
1758
2175
2463
3117
4359
5673
6210
5861
5310
4953
4864
4739
4429
3994
3306
2214
1032
58
-832
-1720
-2405
-2896
-3355
-4010
-4941
-5680
-5920
-5564
-5114
-4712
-4492
-4450
-4227
-3737
-2905
-1910
-1023
-659
-956
-1542
-1767
-1218
-430
-100
-521
-1642
-2669
-3118
-3225
-3281
-3366
-3996
-4887
-5576
-5938
-6243
-6356
-6308
-6344
-6311
-6344
-6515
-6584
-6239
-5579
-4747
-4007
-3425
-3119
-2932
-2279
-1258
-161
786
1380
1535
1576
1595
2006
2712
3364
3612
3630
3743
4043
4424
4548
4723
5563
6536
7160
7336
7293
7619
8303
9280
10144
10820
11478
11326
9779
7790
6696
6948
7325
6153
3720
1418
124
-681
-1755
-2764
-3442
-4183
-5325
-6234
-6514
-6593
-6726
-6672
-6039
-4920
-4295
-4364
-4202
-3220
-1642
-106
993
1811
2366
2618
3130
4109
5211
5831
5672
5302
5002
4781
4426
3959
3599
3035
2175
1165
121
-736
-1677
-2536
-2972
-3239
-3711
-4498
-5272
-5549
-5349
-4944
-4486
-4170
-3964
-3791
-3410
-2684
-1806
-965
-384
-493
-1113
-1465
-1044
-289
4
-274
-1217
-2256
-2820
-2928
-3137
-3317
-3740
-4595
-5392
-5708
-5971
-6256
-6329
-6253
-6171
-6124
-6178
-6323
-6177
-5540
-4724
-3990
-3320
-2934
-2721
-2251
-1367
-287
657
1222
1483
1456
1467
1900
2427
3077
3513
3475
3382
3796
4264
4469
4761
5538
6235
6780
7134
7366
7916
8501
9073
9969
10881
11618
11461
9624
7607
6784
7096
7575
6724
4026
1172
-330
-931
-1327
-1908
-3034
-4328
-5603
-6484
-6554
-6213
-6312
-6447
-6100
-5337
-4529
-4263
-4148
-3355
-1777
-310
1025
1764
2060
2326
2852
3956
5244
5945
5660
5083
4635
4552
4501
4214
3759
3088
2016
970
115
-744
-1551
-2405
-3011
-3364
-3779
-4511
-5250
-5648
-5483
-4953
-4416
-4154
-4035
-3947
-3589
-2808
-1824
-880
-537
-1181
-1745
-1359
-626
-195
-243
-1059
-1894
-2175
-2428
-2788
-2965
-3444
-4273
-4822
-5125
-5344
-5744
-6261
-6392
-6276
-6107
-5962
-6149
-6223
-5883
-5304
-4671
-3821
-3318
-3200
-2814
-2033
-1003
-10
625
1062
1445
1560
1892
2274
2681
3195
3621
3601
3738
4040
4238
4654
5285
5714
6079
6731
7236
7432
7813
8298
8651
9244
10057
10907
10792
9042
6679
5688
6624
7679
6409
3295
418
-771
-859
-952
-1596
-2916
-4519
-5740
-6218
-5828
-5386
-5744
-6158
-5798
-4690
-3729
-3623
-3662
-2999
-1540
148
1416
2045
2110
2087
2615
3845
5182
5696
5228
4411
3953
3964
4104
3866
3230
2331
1374
559
-119
-936
-1789
-2611
-3059
-3237
-3553
-4206
-5038
-5349
-5070
-4410
-3778
-3621
-3624
-3590
-3188
-2285
-1267
-484
-761
-1710
-1953
-1310
-535
-325
-939
-1910
-2473
-2570
-2694
-2949
-3248
-4006
-4784
-5147
-5088
-5180
-5813
-6289
-6355
-6133
-5677
-5574
-5881
-5985
-5598
-4960
-4204
-3407
-3021
-3009
-2643
-1807
-768
186
655
991
1100
1289
1695
1965
2368
2887
3033
3102
3479
3708
3882
4429
5037
5489
6252
6897
7155
7375
7853
8309
8983
9800
10651
11061
10253
8234
6526
6232
6940
7224
5735
3063
601
-1075
-1766
-1527
-1609
-2823
-4526
-5966
-6496
-6117
-5852
-5956
-5755
-5280
-4718
-4183
-3923
-3398
-2457
-1266
211
1486
2068
2013
2098
2730
4076
5224
5513
5148
4520
3911
3743
3864
3751
3275
2279
1167
248
-486
-1314
-2001
-2612
-2977
-3283
-3876
-4490
-5027
-5230
-4993
-4403
-3840
-3491
-3471
-3487
-3071
-2269
-1263
-612
-787
-1725
-2062
-1392
-789
-795
-1084
-1805
-2535
-2547
-2711
-3301
-3588
-4060
-4819
-4986
-4887
-5194
-5861
-6351
-6348
-6076
-5605
-5388
-5597
-5805
-5436
-4753
-4007
-3140
-2643
-2571
-2196
-1307
-449
372
1039
1373
1500
1589
1765
2117
2568
3012
3177
3343
3726
3868
3898
4275
5015
5630
6067
6281
6377
6748
7317
7610
8264
9092
9418
9341
8289
6659
5903
5965
6257
6237
4983
2743
754
-683
-1448
-1197
-1124
-2071
-3382
-4778
-5499
-5381
-5215
-4865
-4319
-4120
-3987
-3822
-3640
-3096
-2126
-1094
81
1096
1377
1360
1500
1978
3018
4051
4363
4217
3674
2973
2742
2771
2852
2693
2023
1027
144
-682
-1359
-1767
-2090
-2351
-2681
-3258
-3827
-4208
-4437
-4164
-3587
-3106
-2867
-2985
-3085
-2826
-2283
-2070
-2226
-2377
-2244
-1833
-1638
-1988
-2634
-2850
-2854
-2705
-2550
-2904
-3541
-4242
-4611
-4517
-4252
-4233
-4741
-5323
-5551
-5423
-5164
-4922
-4790
-4712
-4554
-4241
-3747
-3350
-2948
-2501
-1924
-1043
-244
223
431
567
735
1174
1791
2249
2524
2610
2689
2930
3319
3799
4336
5025
5689
5742
5777
6232
6680
7177
7964
8100
8021
8292
8616
8683
8208
6761
5565
5450
5601
5155
3920
2438
1111
51
-993
-1575
-1941
-2453
-3170
-3848
-4312
-4494
-4659
-4791
-4288
-3562
-2996
-2824
-2708
-2370
-1650
-735
163
1096
1605
1734
1851
2172
2773
3326
3572
3430
3254
2997
2672
2385
2139
1790
1309
768
156
-445
-1124
-1773
-2200
-2344
-2476
-2823
-3260
-3627
-3709
-3487
-3150
-2803
-2613
-2441
-2465
-3019
-3420
-3130
-2581
-1957
-1602
-2059
-2839
-3197
-3156
-2884
-2326
-2205
-2806
-3458
-3839
-4009
-4195
-4152
-4082
-4260
-4400
-4529
-4885
-5179
-5003
-4673
-4176
-3557
-3325
-3440
-3425
-2986
-2303
-1422
-483
73
275
333
281
485
1059
1856
2393
2545
2494
2485
2650
3250
4053
4587
5074
5332
5326
5516
6106
6523
6999
7598
7797
7707
7671
7592
7486
7338
6775
6130
5407
4830
4314
3586
2681
1648
563
-219
-676
-1411
-2177
-2821
-3217
-3268
-3326
-3519
-3643
-3670
-3444
-2867
-2354
-1825
-1378
-1160
-783
-72
650
1267
1640
1789
2016
2386
2617
2697
2635
2583
2373
2229
1936
1573
1139
629
290
-51
-418
-896
-1412
-1904
-2125
-2310
-2370
-2515
-2699
-2744
-2702
-2551
-2407
-2144
-2235
-2792
-2988
-2601
-2254
-1911
-1967
-2607
-2748
-2672
-2762
-2716
-2500
-2766
-3110
-3288
-3471
-3539
-3659
-3885
-3984
-4046
-4080
-4096
-4385
-4449
-4152
-4019
-3834
-3501
-3421
-3378
-3129
-2764
-2200
-1517
-1128
-741
-328
79
497
659
748
1045
1415
1874
2213
2377
2481
2620
2908
3440
4200
4743
5115
5245
5242
5386
6030
6739
7099
6976
6768
6714
7436
8404
8324
6915
5439
4428
4398
5007
4947
3728
1896
132
-1087
-1100
-361
-642
-2069
-3171
-3572
-3451
-3192
-3178
-3276
-3076
-2564
-2070
-1617
-1259
-1113
-938
-244
968
1834
1935
1659
1457
1633
2361
3018
3052
2666
1977
1334
1215
1356
1143
790
163
-476
-806
-1096
-1601
-2056
-2271
-2349
-2255
-2187
-2400
-2816
-3043
-2857
-2340
-1908
-1768
-2064
-2464
-2541
-2189
-1722
-1437
-1588
-1884
-2112
-2216
-2372
-2296
-2491
-2764
-2757
-2849
-3061
-3317
-3765
-4142
-4055
-3773
-3594
-3609
-3931
-4275
-4253
-3884
-3333
-2923
-2777
-2619
-2483
-2203
-1666
-1076
-568
-68
285
509
576
488
433
598
1122
1710
2056
2006
1750
1777
2124
2947
3727
3971
3828
3600
3659
4153
4933
5291
5157
5092
5287
5828
6379
6718
6482
5560
4826
4879
5196
5282
5063
3987
2791
2243
1905
1595
1413
967
229
-286
-734
-1061
-1223
-1352
-1402
-1259
-1094
-1078
-1202
-1312
-1055
-590
-160
295
672
616
404
381
730
1317
1704
1697
1418
1028
637
466
609
804
603
134
-479
-843
-1070
-1292
-1422
-1454
-1632
-1887
-2101
-2312
-2392
-2347
-2402
-2436
-2224
-2110
-2182
-2292
-2251
-2088
-1845
-1742
-1729
-1704
-1765
-1868
-1956
-1891
-1824
-1974
-2257
-2496
-2668
-2796
-2821
-2863
-2995
-3052
-3192
-3265
-3259
-3297
-3236
-3056
-2906
-2730
-2532
-2418
-2292
-1970
-1621
-1168
-688
-366
-43
76
70
251
497
723
1080
1401
1628
1767
1775
1953
2352
2744
3090
3330
3382
3361
3527
3822
4259
4691
4679
4613
4750
4784
4884
5122
5339
5085
4574
4052
3940
4133
4211
3723
2762
2141
1964
1919
2043
1851
1188
422
-72
-352
-162
114
-71
-343
-435
-518
-535
-531
-411
67
290
230
269
404
553
637
587
677
983
988
701
564
496
360
275
255
237
95
-281
-668
-904
-1112
-1244
-1407
-1490
-1549
-1766
-2152
-2352
-2413
-2378
-2137
-2015
-2074
-2140
-2262
-2353
-2113
-1823
-1733
-1701
-1796
-1914
-1898
-1891
-1856
-1775
-1861
-2011
-2066
-2122
-2171
-2279
-2412
-2452
-2338
-2275
-2295
-2356
-2461
-2397
-2265
-2127
-1945
-1806
-1694
-1453
-1156
-814
-384
-127
-95
-38
106
385
833
1158
1397
1609
1725
1842
2054
2356
2651
2953
3230
3409
3547
3645
3739
3911
4157
4371
4390
4308
4113
4068
4118
4461
4616
4120
3572
3270
3165
3295
3392
3037
2577
2233
1827
1684
1636
1279
964
794
880
974
691
250
-28
-134
-76
345
461
278
52
-235
-280
173
563
611
647
489
293
280
441
596
511
349
306
237
142
113
-89
-489
-738
-775
-789
-725
-919
-1346
-1594
-1797
-1736
-1616
-1527
-1665
-2071
-2254
-2156
-1885
-1753
-1739
-1917
-2187
-2131
-1929
-1868
-1779
-1824
-2083
-2141
-2020
-1966
-2046
-2070
-2181
-2207
-2140
-2218
-2282
-2268
-2261
-2249
-2176
-2073
-2068
-2090
-2041
-1825
-1643
-1467
-1272
-1178
-994
-819
-713
-589
-386
-239
-189
6
200
469
701
834
961
1191
1483
1721
2000
2248
2452
2552
2541
2659
2842
3003
3221
3316
3257
3210
3148
3179
3486
3835
3893
3619
3048
2674
2733
2974
3182
2987
2582
2056
1508
1256
1376
1550
1463
1296
857
523
454
418
477
685
741
649
543
363
235
202
188
326
655
646
392
97
-124
-37
239
297
153
-54
-288
-485
-485
-365
-359
-595
-761
-842
-981
-1165
-1526
-1770
-1678
-1445
-1375
-1544
-1872
-2229
-2451
-2284
-1901
-1570
-1617
-1883
-2154
-2280
-2169
-1946
-1861
-1917
-1962
-2060
-2149
-2176
-2189
-2288
-2313
-2318
-2165
-2036
-2025
-2101
-2256
-2206
-1994
-1744
-1611
-1547
-1699
-1785
-1692
-1535
-1282
-1069
-916
-838
-817
-842
-880
-784
-594
-303
97
282
330
267
245
477
935
1371
1651
1728
1682
1644
1725
1980
2244
2330
2235
2057
1969
2135
2287
2460
2536
2525
2687
2876
2942
2753
2571
2433
2350
2687
2969
2762
2337
1837
1485
1465
1647
1681
1662
1332
960
779
801
801
745
619
512
470
373
387
406
220
83
151
212
214
189
81
-27
-49
20
-41
-102
-146
-225
-310
-407
-444
-570
-591
-646
-826
-1048
-1203
-1254
-1238
-1212
-1335
-1461
-1594
-1612
-1534
-1455
-1445
-1569
-1740
-1793
-1669
-1584
-1627
-1675
-1820
-1925
-1964
-1965
-1847
-1766
-1829
-1886
-1848
-1820
-1832
-1739
-1619
-1562
-1420
-1447
-1504
-1471
-1399
-1247
-1125
-1043
-957
-942
-873
-758
-696
-532
-494
-436
-405
-302
-236
-107
73
256
410
473
525
547
702
817
1039
1219
1333
1345
1344
1422
1455
1567
1620
1825
2029
2116
2085
2035
2077
2288
2508
2622
2678
2575
2546
2626
2724
2823
2788
2588
2428
2411
2342
2242
2076
1871
1637
1510
1597
1556
1501
1241
913
792
766
867
834
713
633
533
426
498
442
402
393
378
316
338
282
141
129
213
292
166
37
-67
-218
-318
-225
-219
-283
-453
-836
-1190
-1277
-1176
-1039
-1055
-1244
-1518
-1711
-1699
-1665
-1605
-1579
-1519
-1494
-1402
-1313
-1363
-1421
-1327
-1210
-1163
-1068
-1096
-1181
-1239
-1316
-1311
-1213
-1195
-1156
-1134
-1250
-1220
-1204
-1157
-984
-924
-824
-765
-772
-795
-765
-682
-571
-440
-312
-310
-301
-281
-193
10
148
315
486
567
689
863
850
943
1017
1093
1212
1273
1208
1154
1117
1076
1235
1291
1375
1318
1302
1314
1407
1611
1774
1907
1880
1788
1826
1865
1903
1937
1936
1966
1899
1746
1562
1378
1288
1218
1096
934
782
568
333
153
31
-51
-191
-419
-399
-308
-373
-382
-373
-466
-505
-510
-547
-441
-434
-647
-824
-783
-737
-718
-751
-906
-1008
-1065
-1103
-1122
-1178
-1330
-1411
-1582
-1518
-1384
-1546
-1780
-1951
-2040
-2001
-1796
-1717
-1831
-1933
-1991
-1920
-1748
-1658
-1596
-1602
-1570
-1488
-1377
-1266
-1204
-1184
-1236
-1094
-1077
-1050
-1005
-979
-962
-916
-875
-899
-858
-894
-839
-826
-732
-650
-691
-669
-637
-443
-248
-91
-61
-41
94
209
412
496
583
621
679
810
866
965
1045
1016
967
1043
1141
1165
1264
1277
1360
1391
1443
1405
1335
1358
1321
1397
1447
1465
1378
1365
1343
1225
1175
1181
1147
1038
1004
986
982
948
922
829
666
530
358
323
301
339
307
34
-158
-345
-450
-433
-385
-412
-454
-404
-499
-595
-536
-468
-456
-496
-528
-612
-635
-716
-829
-878
-976
-935
-893
-896
-993
-1202
-1382
-1311
-1201
-1188
-1091
-1162
-1326
-1429
-1461
-1390
-1271
-1163
-1143
-1115
-1185
-1200
-1170
-1196
-1184
-1122
-1035
-1059
-1052
-1042
-993
-894
-832
-706
-604
-563
-501
-466
-495
-424
-421
-429
-405
-346
-359
-386
-396
-383
-285
-194
-42
49
128
113
190
235
362
460
487
506
538
579
593
683
704
736
811
883
926
980
920
873
854
904
879
902
893
810
804
793
810
837
883
967
923
924
926
895
866
915
845
792
807
710
601
555
613
626
636
611
445
323
245
228
204
192
192
181
158
116
90
41
-53
-48
-62
-110
-81
-78
-95
-230
-381
-399
-404
-383
-317
-315
-324
-411
-493
-491
-442
-473
-509
-476
-492
-464
-459
-475
-516
-558
-613
-661
-675
-683
-606
-570
-616
-691
-681
-693
-648
-512
-423
-323
-283
-307
-323
-323
-302
-283
-214
-99
11
-13
-80
-93
-59
56
133
219
306
237
198
235
243
300
360
423
489
457
418
383
353
449
525
588
629
590
535
454
458
442
472
545
550
530
534
512
512
555
563
680
707
716
573
451
394
366
438
526
467
333
261
177
122
143
303
338
334
240
60
-68
-74
-66
-57
29
-45
-123
-209
-210
-179
-183
-114
-26
-5
78
76
-56
-100
-102
-134
-124
-66
-173
-270
-397
-490
-480
-423
-412
-436
-476
-568
-583
-544
-520
-471
-459
-489
-414
-320
-282
-326
-333
-303
-260
-191
-85
-77
-135
-148
-147
-105
-18
68
17
26
-1
-34
11
-2
1
-5
29
34
60
106
130
114
170
284
366
404
362
428
424
451
485
528
554
489
455
459
508
560
537
458
447
427
477
507
571
587
600
610
570
565
515
494
445
467
532
547
552
480
405
404
490
595
617
628
635
626
555
573
567
494
484
522
554
477
353
292
338
361
398
446
421
409
329
281
318
376
416
409
384
354
321
275
268
235
262
267
208
213
145
124
114
146
159
215
230
191
155
147
205
237
257
249
248
227
231
260
295
296
287
311
308
328
357
325
362
334
329
361
391
430
436
480
499
529
505
468
465
444
421
447
420
455
540
550
577
573
568
529
610
683
688
700
651
633
581
598
605
560
569
579
527
512
456
414
426
447
466
433
445
470
461
491
541
486
466
510
561
545
534
545
559
538
488
510
504
550
570
569
527
538
506
437
409
395
419
452
440
400
406
397
375
383
429
450
462
436
436
343
363
365
397
443
402
418
378
377
369
379
368
356
323
374
405
354
353
334
316
393
436
361
334
245
260
311
324
344
322
337
272
275
243
260
263
264
259
255
169
128
148
92
106
131
139
111
71
1
-71
2
32
67
32
-11
5
-13
40
72
91
123
171
189
225
250
252
226
244
188
189
256
259
242
243
141
75
102
148
208
215
233
208
191
169
159
167
196
192
184
185
253
305
268
298
316
356
325
313
310
323
295
340
302
309
284
202
168
159
188
144
142
131
125
93
70
43
49
62
95
168
223
203
194
192
212
232
226
245
295
285
263
207
196
191
197
227
215
267
240
212
211
181
138
149
84
132
127
18
14
18
15
-20
9
57
47
49
-11
-34
0
21
41
51
36
68
66
51
59
23
-52
-18
-4
-37
-34
-91
-133
-167
-136
-97
-95
-146
-147
-84
-53
-11
-27
-14
43
28
43
92
83
25
73
107
111
156
116
96
36
27
54
38
76
40
63
41
-19
18
29
29
52
53
78
33
-43
-45
-20
-16
2
-23
-43
-95
-126
-123
-115
-115
-154
-158
-202
-275
-296
-284
-298
-327
-374
-362
-312
-344
-357
-362
-361
-361
-356
-372
-436
-435
-437
-410
-385
-353
-391
-411
-384
-414
-399
-440
-464
-522
-537
-562
-547
-573
-614
-597
-612
-604
-555
-537
-583
-649
-704
-686
-703
-698
-686
-707
-682
-708
-711
-690
-682
-654
-669
-716
-714
-666
-637
-648
-664
-712
-716
-689
-721
-704
-761
-816
-746
-746
-750
-732
-714
-748
-777
-817
-764
-782
-804
-774
-817
-787
-811
-779
-772
-777
-736
-702
-724
-711
-665
-712
-718
-638
-563
-587
-582
-589
-574
-591
-676
-627
-653
-635
-610
-562
-547
-563
-565
-608
-508
-505
-480
-474
-543
-510
-533
-498
-476
-476
-498
-515
-495
-508
-473
-474
-495
-439
-440
-465
-474
-479
-431
-440
-488
-453
-472
-466
-453
-503
-516
-534
-457
-459
-448
-457
-437
-428
-443
-388
-382
-403
-446
-428
-443
-489
-527
-488
-516
-534
-534
-565
-583
-592
-577
-584
-534
-542
-545
-538
-536
-546
-548
-523
-533
-512
-535
-499
-500
-511
-522
-538
-507
-514
-484
-461
-433
-465
-436
-414
-414
-365
-340
-330
-360
-400
-438
-383
-373
-377
-365
-349
-374
-366
-308
-283
-213
-200
-178
-158
-147
-95
-62
-104
-88
-79
-99
-56
-42
-80
-69
-39
-32
-38
-7
35
52
42
53
110
91
107
86
70
98
120
143
139
140
84
118
109
140
184
180
142
160
141
78
168
123
86
79
71
50
41
64
5
-9
11
31
41
30
13
51
57
56
41
59
55
30
50
9
-17
-16
-52
-72
-84
-92
-112
-131
-160
-170
-198
-220
-251
-338
-300
-336
-317
-329
-321
-329
-317
-323
-331
-324
-332
-286
-338
-347
-361
-372
-366
-349
-354
-311
-285
-289
-311
-303
-298
-339
-383
-346
-325
-310
-302
-355
-380
-332
-343
-351
-314
-279
-233
-256
-248
-217
-228
-213
-230
-209
-166
-218
-175
-164
-181
-100
-120
-100
-61
-78
-110
-112
-93
-86
-53
-62
-14
-84
-110
-109
-165
-111
-89
-41
-89
-116
-79
-62
-42
10
23
4
39
52
75
71
100
87
68
59
68
22
1
-56
-55
-65
-75
-23
-30
-32
-34
-68
-81
-96
-91
-118
-69
-68
-79
-89
-118
-118
-140
-104
-116
-97
-131
-163
-136
-136
-140
-127
-150
-142
-146
-212
-260
-220
-207
-257
-297
-317
-306
-316
-278
-260
-292
-275
-291
-307
-313
-322
-354
-314
-298
-280
-300
-303
-328
-304
-301
-294
-245
-276
-241
-249
-290
-269
-282
-232
-160
-220
-212
-223
-266
-233
-209
-177
-125
-139
-154
-143
-97
-105
-113
-115
-99
-44
-40
-23
-1
-4
-23
-4
24
32
5
-5
47
42
21
42
58
32
57
58
75
57
21
59
46
67
50
64
50
32
-4
-15
5
-86
-58
-47
-98
-85
-129
-73
-58
-103
-108
-130
-85
-105
-106
-122
-134
-91
-113
-92
-78
-74
-91
-117
-104
-139
-119
-82
-149
-113
-127
-139
-115
-132
-134
-92
-56
-107
-67
-92
-141
-154
-132
-148
-88
-74
-132
-116
-139
-117
-125
-104
-90
-99
-113
-151
-148
-138
-121
-170
-208
-251
-209
-211
-198
-202
-175
-178
-206
-172
-181
-161
-202
-167
-187
-163
-169
-174
-162
-155
-113
-146
-125
-116
-134
-76
-79
-116
-95
-102
-127
-114
-71
-75
-81
-51
-78
-96
-110
-133
-114
-97
-43
-25
-57
-47
-38
-31
-38
-58
-15
34
-5
46
35
27
64
95
90
62
97
56
44
64
35
23
7
11
28
10
-5
18
39
38
3
9
22
69
3
64
72
14
65
53
93
72
88
64
85
77
51
68
49
40
81
67
21
28
-25
-36
10
-28
-59
-39
-77
-100
-96
-78
-81
-92
-65
-52
-17
-20
29
9
-12
22
20
45
25
31
37
31
60
63
45
47
4
-29
-8
-9
-7
11
-17
-58
-61
-29
-46
-60
-38
-42
-74
-72
-34
-40
-54
-77
-62
-54
-46
-24
13
62
36
11
15
-17
29
30
28
1
18
38
5
-14
-1
35
-31
-23
-12
25
10
-30
-1
-27
-32
-53
-19
-10
-17
-3
-31
-32
-31
17
1
5
-16
-32
-47
-49
-1
-34
-31
-71
-95
-81
-85
-96
-97
-131
-101
-118
-142
-123
-161
-175
-164
-120
-169
-174
-150
-198
-188
-196
-175
-184
-211
-178
-167
-170
-196
-215
-190
-217
-186
-162
-212
-192
-172
-192
-158
-135
-152
-163
-184
-152
-169
-210
-225
-169
-151
-197
-216
-193
-164
-198
-191
-164
-199
-168
-167
-173
-115
-105
-138
-154
-127
-163
-93
-125
-163
-131
-133
-170
-146
-134
-173
-129
-183
-159
-145
-200
-164
-133
-150
-164
-130
-89
-117
-94
-103
-128
-137
-96
-121
-103
-85
-57
-61
-78
-73
-54
-29
-23
4
9
-5
-7
-57
3
10
-36
-5
-54
-56
-39
-61
-45
-34
-20
-1
-79
-82
-50
-54
-59
-45
-63
-71
-37
-47
-72
-29
-50
-47
-17
-27
-57
-50
-38
-32
-27
-79
-76
-64
-74
-110
-129
-89
-102
-112
-71
-95
-62
-90
-83
-36
-59
-19
-33
-26
-81
-70
-74
-48
-47
-25
-24
-38
-45
-54
-7
-36
-81
-49
-41
-53
-19
-26
-38
-37
-7
-14
-8
-16
-37
-51
-47
-60
-77
-30
-1
1
-32
-19
-5
0
3
14
-31
-16
-27
-18
-10
-49
1
-35
-8
-32
19
54
18
12
41
34
36
63
39
35
44
28
50
41
-1
103
29
17
3
31
49
18
70
12
59
68
69
54
80
34
27
26
30
67
43
61
52
30
52
61
58
77
41
4
0
0
2
-7
-6
32
42
21
-13
-12
-39
-74
-36
-67
-105
-71
-63
-59
-83
-82
-108
-95
-103
-116
-120
-107
-134
-132
-130
-174
-97
-116
-110
-84
-112
-141
-147
-150
-137
-160
-190
-162
-199
-164
-138
-126
-101
-126
-141
-130
-108
-101
-75
-110
-166
-131
-106
-88
-91
-112
-87
-92
-79
-93
-73
-69
-53
-32
0
8
-11
55
56
55
54
41
51
33
47
42
59
74
84
51
64
46
89
122
100
106
77
99
95
112
168
136
155
159
143
148
137
134
113
106
109
90
112
133
107
85
55
62
53
81
89
102
100
73
71
80
97
71
78
52
60
36
75
92
33
47
15
32
7
23
42
64
73
42
36
43
46
50
65
36
18
42
48
11
52
2
10
4
-37
-7
-26
-37
-51
1
-15
-67
-67
-5
12
-48
-12
-6
22
10
-18
-18
2
26
-19
0
14
19
18
5
-24
-6
38
19
24
39
51
36
45
32
48
71
96
42
27
33
-16
16
44
51
25
40
55
81
86
53
29
42
41
53
50
24
25
98
59
76
90
68
109
68
94
111
126
101
106
127
115
140
156
187
154
179
170
151
192
156
119
129
164
161
161
120
138
151
159
224
207
155
173
149
148
156
178
172
182
144
105
131
123
127
121
157
133
168
156
150
180
174
165
153
156
139
127
125
175
127
134
148
163
182
165
151
151
151
135
109
123
121
67
99
85
29
105
127
102
124
118
112
113
131
110
130
165
140
129
118
125
116
101
128
153
151
189
138
146
149
147
173
140
147
135
122
193
164
153
158
168
156
146
162
185
197
181
204
190
167
147
160
167
180
162
184
151
126
166
132
155
182
210
197
158
121
121
161
142
161
142
149
115
127
163
126
165
141
89
99
57
125
157
118
150
132
89
108
123
88
117
106
121
153
131
159
118
94
105
150
122
120
99
143
113
102
144
131
119
99
116
101
106
110
113
95
123
109
91
98
141
104
135
106
78
47
65
79
74
102
85
96
95
99
97
110
89
77
76
41
62
64
40
63
72
78
48
70
89
108
77
86
85
78
86
96
101
113
93
77
127
117
109
72
51
23
64
46
18
29
-14
43
-6
11
39
14
3
14
49
0
1
28
29
44
-8
-18
17
7
6
42
50
37
42
57
60
80
24
18
-8
-8
31
66
28
-1
4
-3
10
-23
20
-18
-24
-23
-6
-37
-24
-25
-33
-40
-46
-1
7
-44
-39
3
-54
-25
-40
-28
-3
-66
-53
-40
-28
-52
-56
-36
-58
-49
-11
-45
-51
-51
-30
34
-26
-5
27
42
45
33
-12
21
95
20
19
4
28
19
-6
18
28
4
14
11
22
65
65
66
45
70
73
119
154
103
110
69
72
91
85
117
89
121
107
123
114
114
102
117
131
130
161
133
141
75
125
175
124
119
118
131
79
81
111
146
125
154
120
146
131
58
94
73
62
44
29
29
45
68
81
80
53
44
42
35
10
4
40
18
-20
13
-2
-2
-4
-20
29
55
7
-1
13
-4
48
44
49
61
58
60
58
31
55
28
15
5
18
-21
-20
-35
-34
11
31
43
32
-5
-53
-62
-65
1
-32
-39
15
-15
-39
9
-39
-53
-27
-39
-34
-16
-56
-43
-2
17
15
-7
-3
11
40
38
52
31
25
18
41
50
50
110
143
122
83
93
106
105
63
117
134
116
116
150
164
151
135
102
114
112
109
123
136
126
140
120
129
117
165
161
132
159
145
156
79
104
108
65
58
79
76
74
76
73
82
70
38
53
77
61
59
45
20
34
42
5
41
40
2
-13
-32
-26
-11
-31
-23
-18
-28
-26
-55
-25
-28
-36
-42
-46
-38
-93
-114
-80
-99
-156
-154
-133
-123
-170
-197
-164
-166
-167
-203
-167
-129
-179
-132
-171
-152
-153
-201
-177
-156
-167
-187
-120
-114
-133
-139
-142
-105
-124
-115
-134
-105
-79
-80
-81
-98
-114
-151
-129
-142
-116
-74
-77
-61
-70
-94
-93
-63
-59
-74
-78
-131
-104
-109
-89
-85
-98
-110
-46
-74
-56
-23
-55
-63
-70
-83
-64
-56
-80
-65
-109
-65
-81
-69
-69
-64
-12
-18
-34
-9
6
4
-29
-27
-1
-29
0
-1
5
3
14
-7
-2
-30
-8
-27
-19
0
-17
16
-25
28
13
-5
-12
-35
-66
-84
-83
-100
-104
-83
-113
-87
-70
-106
-111
-111
-112
-133
-133
-133
-127
-152
-131
-122
-101
-88
-111
-115
-151
-128
-107
-124
-112
-126
-142
-135
-109
-94
-126
-153
-129
-140
-135
-132
-153
-102
-141
-144
-146
-168
-162
-143
-159
-126
-144
-137
-146
-152
-124
-160
-136
-159
-182
-152
-168
-207
-148
-132
-131
-150
-184
-167
-139
-142
-119
-110
-110
-82
-69
-91
-92
-78
-65
-28
-36
-45
-39
-25
-4
-55
-11
-8
-20
3
23
29
7
25
25
11
17
-17
-9
-7
19
-4
-21
-24
-2
-21
-42
-13
-69
-54
-38
-43
-47
-45
-11
-8
-22
-19
-66
-72
-66
-54
-43
-28
-32
-61
-64
-59
-72
-101
-91
-96
-58
-37
-55
-46
-31
-93
-47
-27
-57
-28
-45
-49
-100
-78
-73
-76
-82
-53
-50
-56
-79
-30
-59
-51
8
-76
-61
-73
-72
-82
-118
-107
-110
-96
-83
-71
-61
-48
-83
-76
-100
-112
-111
-109
-78
-100
-84
-91
-85
-104
-167
-116
-100
-157
-126
-141
-160
-154
-153
-157
-156
-109
-89
-83
-142
-149
-150
-182
-155
-170
-200
-200
-172
-170
-129
-139
-114
-112
-145
-123
-83
-64
-83
-89
-118
-69
-84
-95
-104
-118
-87
-88
-84
-94
-93
-87
-143
-83
-64
-102
-74
-91
-59
-74
-60
-36
-38
-93
-88
-124
-85
-65
-114
-88
-121
-87
-121
-94
-86
-87
-92
-116
-129
-113
-134
-110
-104
-117
-132
-105
-69
-82
-74
-97
-95
-96
-101
-122
-111
-102
-93
-95
-122
-112
-88
-99
-99
-87
-93
-83
-104
-116
-134
-132
-99
-119
-123
-99
-103
-120
-95
-70
-87
-93
-116
-102
-116
-90
-119
-73
-90
-110
-97
-112
-106
-83
-69
-68
-71
-74
-98
-121
-65
-74
-64
-74
-45
-86
-67
-48
-53
-66
-85
-89
-69
-57
-74
-87
-64
-46
-30
-51
-116
-64
-69
-45
-58
-93
-67
-78
-96
-102
-71
-76
-81
-140
-134
-97
-149
-152
-151
-139
-128
-130
-116
-126
-139
-152
-131
-150
-134
-110
-110
-106
-102
-110
-124
-109
-120
-121
-120
-139
-154
-213
-168
-151
-173
-216
-201
-164
-190
-191
-148
-142
-126
-134
-183
-158
-126
-119
-144
-93
-97
-96
-99
-84
-72
-104
-124
-108
-112
-148
-106
-142
-140
-140
-90
-94
-118
-92
-126
-114
-109
-102
-90
-96
-131
-106
-116
-77
-61
-70
-46
-84
-71
-57
-131
-106
-104
-115
-110
-117
-102
-115
-73
-129
-131
-68
-93
-76
-84
-116
-64
-67
-70
-90
-76
-66
-103
-65
-73
-101
-69
-65
-70
-64
-44
-17
-24
-20
-24
-32
-52
-35
26
-3
-10
-14
-41
-21
-29
-11
-29
-53
-64
-27
-54
-63
-82
-59
-72
-90
-50
-41
-83
-46
-71
-82
-25
-86
-64
-54
-46
-63
-70
-111
-122
-127
-96
-112
-135
-129
-126
-110
-109
-112
-131
-101
-112
-102
-95
-164
-143
-157
-106
-91
-121
-106
-124
-114
-179
-159
-143
-132
-115
-127
-147
-134
-150
-139
-80
-103
-100
-95
-106
-52
-65
-101
-98
-98
-101
-106
-40
-24
-66
-29
-24
-41
-31
-44
-59
-40
-30
-87
-113
-98
-128
-96
-131
-70
-54
-93
-48
-60
-43
-71
-46
-81
-84
-86
-95
-69
-99
-54
-72
-82
-71
-79
-94
-57
-58
-59
-21
-15
-41
-50
-33
-40
-40
-22
-37
-51
-96
-87
-72
-87
-82
-76
-92
-79
-74
-74
-94
-80
-82
-80
-61
-83
-93
-58
-49
-139
-104
-91
-82
-126
-105
-106
-97
-99
-148
-146
-171
-107
-126
-133
-109
-84
-119
-97
-103
-136
-126
-181
-149
-151
-164
-134
-180
-177
-162
-174
-160
-155
-114
-143
-182
-174
-143
-161
-166
-177
-151
-156
-192
-132
-147
-123
-186
-180
-186
-156
-155
-166
-150
-173
-143
-207
-107
-115
-127
-117
-142
-109
-106
-98
-107
-111
-121
-115
-84
-92
-107
-134
-115
-144
-94
-51
-97
-62
-81
-94
-102
-100
-81
-67
-63
-101
-116
-91
-113
-146
-126
-148
-128
-108
-128
-122
-105
-93
-100
-84
-117
-117
-85
-50
-62
-63
-28
-49
-51
-21
-11
-35
-44
-20
-27
-1
18
17
6
0
0
4
-7
1
14
-11
-49
-8
-33
-85
-41
-17
0
10
-58
-88
-14
-44
-83
-67
-46
-80
-87
-61
-67
-109
-81
-89
-88
-44
-42
-50
-44
-48
-69
-46
-75
-88
-82
-103
-108
-112
-91
-62
-37
-47
-103
-82
-88
-56
-73
-65
-49
-45
-74
-53
-44
-15
-8
-67
-68
-49
-13
-18
-60
-21
-27
-65
-47
-34
-27
-50
-79
-130
-75
-96
-96
-80
-111
-111
-80
-106
-102
-126
-131
-92
-104
-135
-111
-85
-45
-35
-47
-43
-51
-26
-22
9
-22
-4
-26
0
15
-23
10
-29
-18
-35
-43
-13
-18
-56
-42
-39
-22
-17
22
10
-23
-19
-26
-27
-25
-55
-53
-29
-51
-26
-92
-54
-66
-95
-30
-46
-63
-59
-86
-59
-54
-94
-29
-40
-98
-82
-128
-93
-67
-114
-127
-134
-118
-108
-86
-80
-103
-100
-61
-106
-80
-91
-85
-42
-45
-56
-51
-62
-55
-104
-73
-15
-90
-59
-72
-66
-23
-32
-58
-88
-89
-64
-60
-74
-69
-60
-40
-43
-42
-40
-92
-59
-79
-99
-99
-111
-117
-115
-120
-86
-100
-135
-125
-79
-86
-57
-47
-90
-70
-132
-90
-84
-114
-50
-26
-64
-63
-69
-81
-77
-71
-75
-66
-62
-58
-74
-80
-50
-34
-48
-73
-23
-35
-14
1
-36
-23
-5
-14
17
33
30
37
31
50
17
27
27
11
12
-9
13
-16
-12
20
21
19
41
46
46
7
-36
-9
-22
-5
27
-7
-51
-23
-31
-22
-13
-48
-95
-77
-46
-44
-35
-69
-65
-32
-69
-55
-8
-31
-2
-22
-53
-80
-2
17
20
3
-28
-40
-69
-32
0
-22
-30
11
-8
-61
-48
0
0
-13
2
3
18
-3
-6
40
-42
-33
-40
-16
-25
-24
-9
-6
12
-21
-5
-40
-32
-21
-26
-37
-15
-7
-12
-1
-11
-12
29
-10
-30
14
-44
-18
-22
-2
5
-36
-33
-16
-19
-44
-21
-32
-21
-12
-28
-12
-7
-2
7
3
14
20
10
8
21
30
18
-9
-8
26
6
-7
2
0
22
34
10
20
-4
-19
25
14
-24
-18
-6
-29
-3
10
-12
-23
-10
13
23
-29
-21
2
-10
19
33
38
34
45
16
6
30
23
-4
6
-36
3
16
18
33
-12
-5
6
-7
-29
-8
-13
-9
11
23
48
-1
-7
28
33
1
9
-6
4
9
-13
9
-42
-1
19
-13
9
49
21
-5
-9
43
76
30
-11
18
-4
-10
33
9
33
55
44
38
52
25
14
32
64
58
22
41
20
26
28
24
58
56
11
58
35
34
40
-11
23
13
-23
-3
15
-19
1
4
-33
-7
-18
-43
-41
-53
-32
-13
-26
1
-7
9
-4
-55
-63
-36
-17
-23
-28
-17
31
-17
15
-14
2
-7
-21
-5
-29
-7
-41
-65
-20
-1
-27
-16
-22
-5
-30
-31
-80
-45
0
-36
-58
-92
-73
-65
-46
-74
-81
-90
-103
-127
-105
-48
-51
-76
-40
-14
-64
-34
-42
-88
-89
-76
-35
-27
-32
-22
3
-8
-15
11
23
-6
6
14
4
3
25
30
52
66
53
28
47
57
29
73
56
45
74
67
73
86
117
105
76
81
117
96
92
92
79
107
122
104
110
90
62
105
124
141
140
165
113
110
100
86
76
99
25
51
62
12
66
92
96
107
117
124
142
142
109
95
111
105
118
122
95
108
111
78
97
116
88
80
125
92
85
64
56
76
72
40
71
57
45
84
69
63
58
63
47
66
37
43
79
91
84
120
78
101
84
87
95
62
0
21
42
20
114
47
51
62
28
3
38
44
44
31
42
61
18
37
39
41
50
80
93
123
94
82
95
130
102
63
75
93
69
61
77
47
42
67
68
59
69
7
53
48
16
63
56
49
90
121
102
96
76
37
16
63
71
30
76
81
76
99
75
39
57
32
66
117
83
107
118
80
74
85
48
72
49
33
51
92
32
63
97
48
55
2
49
104
111
73
75
103
95
83
63
84
44
49
84
70
82
76
73
41
90
114
119
119
75
105
82
110
129
139
111
94
105
84
70
95
126
39
37
2
41
32
22
24
22
56
23
14
40
62
51
28
31
77
24
7
26
-18
-17
1
3
35
2
23
6
-40
-23
-8
2
-8
43
-1
27
15
27
-5
-16
27
26
1
-16
3
-35
-11
-10
-14
18
19
49
52
30
72
56
49
45
20
45
42
56
55
88
56
28
40
40
48
65
74
90
99
84
78
73
98
105
140
118
149
122
110
133
138
124
108
115
134
129
147
147
152
121
126
141
118
85
128
126
104
133
128
114
108
114
105
105
85
107
94
98
126
86
67
126
187
136
93
112
115
142
114
90
77
114
131
115
96
49
73
101
95
99
123
113
118
135
135
124
177
165
147
213
152
174
123
93
110
124
90
98
172
164
173
180
152
130
134
140
166
145
160
157
184
157
162
144
112
115
106
117
113
81
70
135
141
96
100
101
126
114
116
120
111
118
125
109
124
152
106
78
79
91
67
67
95
97
88
34
65
83
100
41
57
64
26
39
74
49
22
76
94
91
81
105
102
96
61
33
63
105
71
90
103
90
93
93
86
98
131
129
111
123
110
132
142
145
154
151
172
161
183
123
136
151
154
169
94
123
180
137
101
116
177
148
174
173
162
165
120
124
109
136
156
130
147
159
142
172
189
174
196
219
212
207
213
227
211
230
207
178
241
229
296
296
259
217
224
245
222
261
223
247
250
221
213
209
223
244
214
198
219
159
196
172
179
186
180
241
212
193
166
163
160
167
171
159
141
101
120
132
143
143
128
105
100
65
59
78
106
89
134
113
112
127
138
119
139
164
147
162
136
150
139
143
126
124
111
105
100
138
146
173
186
159
197
155
137
121
170
147
133
161
171
172
149
150
134
155
177
127
132
133
150
165
140
134
146
141
174
153
145
169
168
168
216
177
107
164
132
122
175
185
140
144
126
138
182
169
203
183
176
174
177
199
175
165
184
197
216
199
155
162
174
165
153
190
133
174
219
176
205
190
195
203
177
214
150
129
147
100
99
164
185
165
193
171
177
187
181
185
193
215
159
141
139
139
137
116
142
124
82
81
118
117
114
86
89
83
36
107
110
97
98
84
87
80
64
104
96
87
100
75
87
74
60
71
81
67
58
64
81
56
72
59
44
63
66
66
25
87
68
91
54
9
19
-2
15
-22
7
-6
15
22
-11
19
30
33
32
9
-4
44
36
23
46
48
29
30
50
34
65
72
59
53
55
54
96
80
80
102
140
175
126
149
123
143
152
124
108
85
74
58
74
75
120
133
111
146
144
146
110
166
179
167
178
193
236
198
178
191
215
198
165
180
204
190
169
158
169
139
179
182
162
186
161
157
120
149
139
102
146
117
110
141
107
131
137
100
85
113
116
115
140
132
122
123
120
91
146
145
160
165
128
89
86
98
44
83
101
59
109
110
104
127
124
103
91
70
61
72
54
87
70
85
57
82
72
20
49
58
67
36
80
45
50
80
61
110
95
69
52
81
128
124
109
110
132
138
86
93
113
121
156
139
132
130
141
144
100
151
158
128
115
117
105
153
148
151
121
149
133
99
111
87
78
51
53
71
92
82
99
157
155
149
182
135
140
186
142
172
192
169
186
194
172
167
216
147
168
134
116
158
125
159
199
231
196
192
201
178
187
184
241
220
219
251
217
212
172
181
214
248
205
230
215
238
233
175
168
156
150
164
158
141
135
112
126
167
177
166
141
124
136
103
108
105
62
65
83
112
144
94
78
101
75
118
85
53
61
39
105
53
40
84
55
33
78
81
91
42
32
68
40
50
56
60
38
87
61
50
69
95
50
51
41
102
92
77
141
91
50
82
112
114
135
101
124
99
70
95
93
96
112
120
97
107
138
87
106
116
71
81
98
83
102
104
88
63
72
120
115
114
72
44
57
57
13
33
42
35
38
55
15
24
57
17
22
20
35
39
36
46
29
6
9
-14
3
25
20
21
63
46
15
6
19
46
25
23
12
14
56
67
66
51
70
76
66
41
43
30
48
25
-13
13
27
16
25
-3
-1
42
21
20
10
-38
-21
-14
-8
-1
-36
-5
15
5
30
23
-5
-39
-27
-6
-30
