-75
-104
-109
-117
-111
-148
-149
-151
-99
-104
-138
-87
-96
-106
-70
-74
-78
-65
-54
-67
-67
-43
-50
-72
-82
-86
-111
-104
-60
-67
-87
-64
-84
-112
-118
-114
-87
-38
-63
-99
-78
-113
-81
-143
-115
-123
-133
-151
-156
-131
-118
-93
-134
-137
-150
-179
-172
-102
-79
-72
-55
-47
-69
-27
-74
-66
-99
-112
-114
-113
-75
-82
-89
-87
-59
-110
-120
-114
-98
-67
-79
-16
-31
-44
-49
-51
-44
-27
-26
-66
-67
-32
-36
-24
-20
2
-21
-24
-26
-9
-39
-69
-98
-72
-55
-36
-29
-50
-46
-82
-88
-99
-61
-88
-59
-121
-114
-89
-112
-85
-110
-84
-91
-63
-52
-14
16
-37
-68
-79
-80
-125
-107
-113
-84
-65
-93
-94
-105
-105
-114
-119
-70
-106
-92
-62
-62
-94
-79
-67
-89
-73
-96
-81
-76
-71
-95
-54
-42
-62
-31
-67
-63
-79
-55
-90
-65
-91
-90
-60
-68
-71
-124
-74
-84
-75
-87
-93
-81
-92
-110
-120
-117
-62
-61
-63
-19
-64
-95
-92
-82
-89
-94
-45
-26
-20
-57
-64
-54
-48
-43
-40
-92
-92
-71
-52
-48
-89
-28
-49
-33
-79
-39
-40
-48
-17
-73
-41
-62
-49
-34
-52
-58
-2
13
11
31
14
-33
-27
-24
-26
-51
-26
-27
-51
-26
-20
2
8
-1
-6
-3
-15
-12
28
-6
20
8
1
-2
-28
-29
-46
-32
-32
-56
-28
-4
-39
-41
-56
-50
-65
-26
-57
-82
-54
-14
-2
3
16
-4
-10
-3
8
-48
-42
-70
-65
-15
-19
-36
-33
-48
-48
-37
-65
-32
-82
-46
-47
-29
-11
-64
-116
-92
-60
-88
-29
-74
-76
-76
-68
-83
-109
-63
-74
-88
-64
-62
-66
-40
-97
-56
-43
-69
-38
-100
-97
-90
-91
-52
-59
-78
-45
-24
-13
-36
-9
3
2
-8
-4
13
-13
-8
-31
-60
-37
-43
-46
-11
-65
-73
-18
-77
-87
-87
-96
-85
-51
-36
-69
-36
-27
-31
-58
-77
-57
-25
-30
-64
-76
-32
-48
-23
-4
-14
-3
-37
-53
-81
-49
-36
-21
-75
-61
-82
-65
-29
-58
-49
-31
-23
-55
-39
-66
-84
-62
-73
-78
-64
-21
-27
-42
-58
-53
-64
-85
-55
-76
-42
-21
-35
-106
-64
-68
-115
-71
-71
-76
-62
-33
-54
-93
-98
-140
-140
-122
-147
-148
-87
-69
-69
-54
-56
-67
-82
-81
-62
-90
-76
-71
-70
-46
-90
-111
-134
-103
-115
-117
-73
-136
-101
-73
-63
-55
-48
-65
-39
-33
-38
-34
-11
13
7
-3
-26
-7
24
50
60
68
21
16
24
-16
-14
4
9
38
64
46
76
53
7
-5
-29
-45
-25
-16
0
-16
-23
-7
-14
-41
-16
-20
-54
-12
28
5
9
32
34
-23
-13
11
-2
7
4
4
-7
33
15
-5
20
33
31
48
34
-1
26
30
18
5
52
54
11
26
49
22
27
41
55
49
55
41
49
28
26
56
23
53
75
38
0
38
23
7
-11
5
-6
-13
11
60
43
51
75
58
76
87
40
18
24
-2
-39
10
-5
-21
30
4
-7
15
17
-20
-15
4
-14
-8
-24
-30
-15
-7
29
19
-16
-46
-74
-67
-10
-58
-41
-73
-71
-79
-90
-71
-103
-134
-107
-71
-96
-64
-73
-36
-75
-121
-82
-68
-90
-108
-169
-119
-89
-125
-117
-105
-111
-81
-59
-98
-71
-64
-96
-78
-91
-113
-108
-104
-125
-104
-65
-79
-103
-127
-95
-111
-108
-53
-27
-91
-77
-53
-76
-84
-77
-45
-58
-78
-92
-90
-90
-110
-98
-126
-61
-57
-67
-18
-65
-71
-61
-45
-93
-84
-62
-55
-80
-69
-53
-52
-78
-46
-56
-66
-28
-56
-43
-28
-44
18
-14
-18
-36
-38
-58
-59
2
-32
-20
0
52
13
4
-9
-5
-20
-24
-43
-36
2
-10
7
-13
-10
11
22
31
52
29
-16
13
-11
-9
26
22
8
6
-7
-25
-5
-29
-42
-4
17
16
55
61
54
37
21
0
6
-3
27
17
-17
-8
-17
11
31
21
30
30
-17
12
-28
2
1
-47
-27
-23
-43
-42
-27
-59
-71
-69
-97
-108
-57
-12
-16
-26
4
12
-16
-67
-49
-60
-32
-66
-106
-80
-96
-104
-67
-67
-69
-51
-79
-43
-104
-92
-74
-72
-112
-138
-142
-131
-136
-119
-116
-100
-129
-133
-119
-97
-104
-125
-74
-60
-38
-58
-56
-124
-96
-110
-142
-125
-94
-108
-143
-95
-129
-140
-125
-141
-136
-139
-141
-102
-114
-115
-50
-80
-58
-58
-59
-51
-54
-58
-125
-106
-105
-92
-83
-118
-81
-45
-33
-85
-91
-98
-103
-126
-122
-120
-91
-116
-103
-87
-100
-94
-110
-86
-107
-100
-131
-157
-81
-80
-84
-24
-58
-89
-53
-113
-105
-80
-124
-143
-174
-120
-142
-145
-132
-139
-165
-209
-181
-191
-197
-146
-180
-135
-73
-148
-116
-147
-140
-116
-136
-120
-129
-85
-123
-125
-110
-107
-113
-144
-154
-133
-168
-178
-108
-164
-137
-131
-155
-133
-106
-72
-125
-96
-61
-58
-100
-104
-114
-68
-90
-85
-127
-134
-92
-73
-95
-93
-114
-125
-105
-127
-82
-98
-92
-109
-80
-72
-59
-79
-64
-48
-79
-55
-52
-43
-64
-54
-50
8
9
7
16
-56
24
-11
-4
11
-2
25
-10
2
8
-34
-36
-14
-30
-62
-48
7
12
-24
-34
-27
-27
-44
-61
-65
-88
-43
-25
-31
-4
9
-30
-59
-42
-38
-70
-59
-43
-96
-46
-86
-40
-58
-53
-21
-32
-32
-63
-75
-91
-54
-58
-50
-109
-72
-56
-106
-44
-73
-80
-121
-98
-89
-99
-111
-75
-97
-113
-80
-114
-133
-106
-85
-83
-101
-86
-87
-126
-113
-138
-135
-132
-128
-127
-116
-117
-137
-153
-157
-88
-83
-75
-95
-122
-98
-132
-131
-129
-137
-167
-165
-129
-143
-174
-178
-154
-124
-126
-156
-236
-217
-203
-189
-172
-173
-153
-155
-170
-168
-159
-189
-178
-197
-227
-191
-207
-159
-170
-149
-175
-197
-185
-192
-177
-219
-176
-133
-124
-187
-140
-131
-201
-177
-154
-134
-175
-198
-166
-151
-153
-153
-123
-127
-141
-100
-108
-137
-139
-132
-139
-125
-122
-90
-67
-83
-109
-103
-82
-106
-91
-94
-111
-118
-121
-118
-110
-68
-50
-78
-71
-91
-46
-18
-45
-23
-10
-17
-40
-87
-68
-36
-30
-43
-39
-31
-37
-33
-33
-45
-79
-96
-95
-76
-116
-134
-124
-112
-138
-139
-63
-110
-101
-40
-89
-94
-81
-102
-128
-152
-143
-186
-150
-117
-97
-100
-76
-57
-116
-126
-129
-93
-112
-117
-131
-128
-88
-90
-107
-114
-105
-102
-91
-71
-95
-74
-94
-131
-94
-170
-139
-139
-109
-128
-139
-145
-127
-54
-103
-118
-107
-148
-178
-162
-147
-102
-118
-149
-141
-142
-161
-134
-125
-127
-72
-99
-108
-116
-89
-83
-84
-127
-114
-83
-103
-142
-126
-123
-144
-110
-136
-117
-95
-92
-82
-98
-112
-150
-138
-128
-110
-81
-67
-63
-53
-35
-65
-53
-64
-61
-43
-36
-72
-64
-64
-66
-88
-55
-27
-15
7
-53
-35
-63
-34
-36
-65
-52
-47
-41
-57
-72
-89
-105
-108
-79
-83
-99
-85
-72
-45
-56
-49
-49
-54
-46
-72
-53
-50
-45
-67
-35
-32
-31
20
-64
-66
-68
-83
-86
-83
-80
-113
-85
-83
-79
-107
-132
-91
-76
-95
-84
-96
-95
-115
-121
-104
-156
-142
-145
-117
-106
-129
-138
-116
-125
-99
-112
-94
-66
-77
-60
-67
-61
-60
-62
-36
-62
-122
-83
-140
-85
-47
-27
-16
-61
-91
-52
-78
-50
-38
-80
-52
-74
-41
-66
-57
-37
-64
-72
-109
-112
-55
-42
-90
-77
-70
-58
-21
-23
-50
-44
-53
-4
-14
-40
-25
-18
-22
10
3
-16
-13
-50
-41
-8
-87
-45
5
-18
-6
-32
9
22
8
11
-21
-55
-51
-25
-27
-19
-27
-42
12
-68
-69
-60
-47
-84
-105
-70
-93
-72
-91
-98
-99
-95
-86
-101
-50
-117
-123
-63
-73
-51
-75
-99
-76
-127
-105
-69
-105
-77
-95
-102
-124
-102
-101
-72
-76
-83
-99
-111
-89
-77
-53
-67
-87
-85
-15
-38
-36
-2
-41
13
-39
-112
-102
-74
-63
-85
-89
-71
-84
-75
-25
-74
-75
-48
-95
-78
-139
-130
-134
-158
-107
-74
-88
-89
-111
-106
-101
-126
-60
-86
-77
-108
-113
-150
-121
-123
-142
-115
-121
-77
-120
-96
-103
-64
-65
-75
-29
-47
-44
-70
-94
-105
-96
-92
-89
-88
-50
-57
-42
-32
-13
-3
-12
-19
-37
-35
-44
-15
-39
-49
-50
-63
-8
-12
-25
-35
-56
-73
-62
-48
-15
-55
-110
-69
-36
-52
-54
-17
-59
-83
-73
-78
-113
-128
-110
-101
-70
-116
-106
-90
-118
-93
-111
-55
-75
-145
-114
-86
-95
-52
-73
-85
-59
-75
-86
-94
-101
-147
-117
-114
-120
-107
-117
-117
-134
-110
-150
-138
-120
-124
-95
-132
-155
-178
-150
-162
-153
-186
-174
-169
-189
-96
-151
-145
-124
-123
-137
-81
-25
-80
-81
-121
-106
-134
-146
-142
-156
-151
-176
-170
-154
-133
-171
-114
-113
-121
-123
-102
-72
-106
-109
-98
-47
-79
-49
-39
-37
-46
-75
-54
-37
-28
-52
-70
-89
-50
-53
-100
-83
-94
-95
-55
-2
-14
-49
-67
-48
-44
-43
-43
-42
-60
-78
-75
-76
-36
-31
-28
-44
-88
-99
-100
-74
-49
-43
-89
-87
-67
-55
-45
-82
-74
-102
-139
-104
-125
-52
-65
-99
-62
-83
-70
-39
-27
-29
-39
-60
-55
-73
-78
-55
-41
-67
-84
-53
-60
-108
-108
-70
-99
-141
-113
-99
-93
-101
-100
-94
-82
-116
-127
-95
-75
-104
-149
-109
-105
-73
-71
-109
-89
-91
-65
-94
-116
-106
-142
-145
-130
-108
-92
-116
-123
-125
-130
-123
-120
-102
-113
-128
-131
-120
-110
-52
-48
-40
-15
-60
-44
-94
-146
-120
-128
-89
-24
-38
-36
-57
-80
-99
-100
-141
-118
-102
-113
-134
-78
-69
-68
-48
-83
-41
-80
-89
-111
-103
-79
-46
-72
-71
-46
-29
-20
-45
-39
-84
-54
-12
-46
-29
-26
-6
-37
-50
-33
9
-32
-61
-97
-60
-59
-33
-10
-17
-20
-7
43
-28
10
-61
-38
-33
-60
-78
-79
-49
-54
-83
-77
-119
-133
-69
-83
-88
-62
-50
-65
-61
-33
-11
-27
-13
-36
-64
-60
-55
-71
-70
-33
-14
14
21
14
-33
-32
-52
-63
-68
-20
1
4
-14
-3
15
-22
-8
-7
-51
-65
-23
-17
-8
-32
7
11
3
-29
-6
-41
-37
-22
-73
-80
-24
-21
-88
-39
-11
-26
-26
2
-29
-18
-58
-58
-45
-33
-44
-38
16
2
27
48
5
29
77
34
23
55
50
58
53
28
13
-32
-1
-30
-21
-24
11
52
43
57
-5
-16
20
-15
-2
-17
-5
11
37
62
65
96
111
111
78
66
64
62
37
8
36
48
27
60
40
53
26
-7
14
-27
-19
1
-31
34
16
9
83
30
48
20
44
36
30
25
13
91
64
62
75
24
-1
-28
-4
-16
-48
-39
15
-27
1
11
-49
-52
-42
-58
-24
-16
-77
-66
-49
-45
-8
-16
-6
10
-47
-23
-52
-64
-20
-69
-12
-33
-53
-25
-30
-22
-1
-31
-67
-86
-52
-36
15
44
-13
17
3
-37
-23
-32
-71
-67
-65
-36
-63
-55
-18
-2
-29
-21
-19
-16
-27
-39
-18
-18
-52
14
-12
-26
11
-9
-2
-31
-23
-37
0
15
-21
-14
13
-13
-6
-9
14
-17
-20
-10
-15
-11
4
-1
-15
-20
-10
-17
5
24
18
30
18
7
-25
16
14
13
-17
-3
-16
-23
-20
16
4
-11
-10
-31
5
36
44
20
9
42
66
39
31
26
37
35
46
17
20
32
31
69
42
28
30
68
59
77
62
52
43
31
36
-10
-3
-30
-1
-12
-29
-9
3
10
12
-18
7
11
-12
8
-16
-23
-59
-61
-63
-57
-52
-92
-66
-47
-58
-89
-71
-28
-60
-71
-26
-63
-98
-109
-76
-83
-122
-102
-120
-123
-100
-98
-100
-75
-77
-70
-83
-75
-107
-84
-102
-151
-127
-125
-123
-97
-69
-100
-118
-162
-156
-109
-61
-109
-71
-25
-52
-66
-105
-34
-88
-90
-81
-84
-62
-3
-2
-24
2
-38
-2
-32
-31
-20
-12
-28
-55
-30
-21
-3
-46
12
31
-11
-2
17
39
22
30
39
34
16
-1
12
41
46
50
41
35
33
27
30
27
28
-5
-15
44
41
21
-14
-19
-21
5
-11
6
9
33
35
44
50
40
49
20
32
21
34
36
45
9
26
2
22
21
10
39
47
49
-11
63
20
-27
4
12
-6
-18
16
76
47
25
55
-14
21
25
29
41
37
19
54
54
32
58
17
10
20
54
-29
-24
3
-36
-19
-37
-14
-3
-60
-20
-12
-39
-41
20
49
30
43
-8
-18
-8
-17
3
0
-34
-8
-24
21
10
18
17
15
-6
5
-22
-59
-58
-74
-17
-33
-53
-94
-102
-53
-68
-90
-78
-53
-47
-30
-28
-58
-22
-38
-32
-46
-45
-6
5
-27
-41
-49
-69
-74
-90
-52
-77
-87
-47
-51
-41
13
-32
-64
-42
-28
3
9
15
17
40
13
-1
-3
-4
-36
-19
-29
-6
1
-11
4
21
-19
-41
-40
-25
-33
-48
-13
-21
-17
15
-22
-45
-37
-22
-15
-55
-46
-69
10
14
4
15
26
-13
-63
-37
-76
-38
-38
-62
-67
-107
-73
-85
-82
-22
-61
-103
-113
-83
-73
-56
-117
-85
-97
-92
-55
-41
-28
-30
-69
-101
-85
-85
-24
-67
-41
-73
-42
-31
-71
-122
-140
-94
-126
-87
-88
-78
-97
-87
-74
-79
-99
-112
-127
-128
-118
-63
-79
-57
-29
-26
-40
-68
-66
-96
-96
-125
-91
-107
-95
-78
-95
-81
-61
-91
-89
-67
-125
-64
-71
-59
-68
-71
-109
-73
-55
-90
-99
-122
-31
-71
-49
-65
-55
-39
-13
-52
-80
-6
-58
-59
-48
-30
-49
-99
-74
-73
-94
-89
-101
-83
-88
-107
-116
-89
-44
-66
-73
-26
-40
-48
-59
-48
-58
-72
-79
-117
-115
-105
-96
-76
-51
-66
-28
-56
-112
-125
-144
-134
-150
-142
-97
-110
-92
-100
-143
-160
-123
-133
-134
-106
-69
-58
-89
-56
-64
-90
-85
-71
-99
-104
-54
-79
-88
-105
-152
-193
-194
-185
-199
-184
-166
-166
-146
-116
-98
-171
-153
-129
-120
-170
-136
-132
-139
-104
-125
-92
-92
-108
-84
-97
-156
-139
-132
-96
-133
-169
-153
-139
-148
-131
-145
-133
-150
-124
-155
-201
-172
-165
-148
-139
-164
-111
-139
-121
-113
-161
-136
-157
-113
-125
-125
-103
-87
-83
-55
-70
-111
-130
-113
-131
-163
-127
-84
-85
-45
-40
-22
-76
-113
-136
-142
-136
-153
-108
-68
-79
-29
-44
-103
-97
-95
-129
-131
-100
-120
-130
-78
-93
-77
-94
-80
-91
-144
-164
-159
-153
-138
-118
-154
-104
-106
-94
-94
-99
-130
-122
-134
-107
-127
-181
-157
-97
-84
-73
-101
-148
-166
-189
-208
-179
-161
-161
-131
-103
-108
-106
-116
-190
-165
-186
-186
-155
-129
-119
-130
-95
-92
-116
-145
-168
-197
-236
-220
-199
-191
-194
-154
-118
-145
-180
-187
-232
-202
-233
-201
-218
-195
-134
-162
-157
-180
-184
-222
-253
-226
-244
-237
-205
-230
-243
-222
-218
-184
-213
-187
-230
-241
-231
-262
-232
-259
-198
-168
-155
-194
-191
-195
-172
-178
-193
-230
-184
-156
-207
-106
-87
-105
-109
-154
-181
-179
-207
-209
-180
-184
-154
-149
-130
-187
-200
-179
-208
-231
-211
-222
-195
-150
-151
-117
-174
-158
-173
-174
-217
-227
-197
-180
-154
-122
-118
-146
-121
-117
-132
-174
-147
-162
-160
-157
-144
-124
-120
-119
-129
-134
-128
-152
-194
-164
-165
-152
-118
-128
-138
-141
-118
-134
-187
-158
-146
-206
-206
-195
-181
-177
-157
-166
-196
-187
-173
-200
-184
-139
-149
-145
-158
-160
-145
-108
-120
-154
-145
-147
-117
-137
-141
-89
-125
-119
-88
-138
-144
-186
-162
-148
-170
-139
-166
-132
-122
-128
-156
-153
-148
-179
-212
-218
-184
-174
-159
-152
-128
-134
-168
-156
-125
-179
-222
-179
-173
-165
-170
-151
-117
-137
-131
-165
-197
-161
-202
-173
-149
-176
-147
-201
-152
-167
-175
-165
-161
-173
-205
-181
-219
-218
-205
-185
-209
-190
-194
-185
-204
-240
-187
-212
-189
-163
-154
-173
-177
-165
-201
-147
-146
-150
-167
-191
-170
-128
-130
-142
-126
-144
-77
-82
-102
-150
-187
-164
-140
-113
-97
-53
-98
-105
-82
-96
-110
-120
-115
-114
-104
-126
-119
-137
-135
-137
-114
-112
-97
-72
-110
-87
-99
-104
-99
-111
-92
-122
-124
-65
-83
-132
-125
-112
-142
-157
-152
-176
-113
-158
-128
-132
-168
-186
-198
-132
-173
-126
-165
-143
-112
-133
-179
-153
-128
-141
-132
-168
-200
-158
-197
-208
-130
-159
-149
-119
-128
-106
-113
-144
-148
-150
-156
-187
-205
-160
-178
-110
-131
-115
-71
-158
-112
-165
-187
-145
-98
-115
-82
-68
-112
-96
-138
-112
-170
-160
-130
-163
-112
-136
-135
-84
-130
-92
-130
-109
-128
-164
-128
-132
-135
-141
-109
-101
-109
-131
-135
-152
-150
-216
-202
-166
-159
-160
-135
-118
-67
-105
-157
-192
-193
-204
-206
-171
-185
-122
-66
-91
-75
-76
-120
-172
-213
-221
-201
-166
-125
-110
-117
-94
-82
-104
-131
-170
-196
-222
-220
-192
-212
-148
-123
-101
-93
-130
-128
-159
-133
-164
-137
-120
-114
-82
-101
-129
-98
-166
-174
-137
-161
-169
-151
-155
-166
-126
-63
-118
-105
-105
-137
-121
-159
-89
-166
-140
-141
-102
-99
-121
-121
-154
-196
-214
-137
-160
-174
-106
-69
-96
-126
-126
-100
-126
-141
-128
-132
-139
-120
-103
-85
-79
-101
-96
-67
-125
-128
-90
-74
-85
-66
-26
-31
-15
-59
-86
-115
-165
-138
-152
-146
-131
-141
-98
-85
-104
-103
-119
-103
-98
-161
-132
-55
-69
-105
-91
-109
-57
-32
-82
-106
-106
-93
-102
-60
-70
-54
-34
-117
-113
-135
-124
-150
-128
-94
-131
-135
-124
-164
-163
-147
-162
-124
-178
-158
-125
-105
-97
-72
-67
-91
-48
-105
-119
-142
-133
-136
-131
-117
-115
-81
-116
-103
-77
-106
-121
-81
-71
-45
-67
-114
-64
-97
-86
-112
-113
-97
-134
-150
-111
-118
-143
-72
-111
-111
-93
-90
-73
-73
-70
-86
-141
-161
-183
-129
-118
-113
-88
-100
-71
-68
-89
-104
-105
-66
-86
-86
-124
-106
-45
-93
-91
-97
-116
-108
-88
-102
-91
-114
-86
-97
-143
-142
-169
-148
-154
-121
-140
-146
-139
-99
-134
-140
-104
-146
-125
-99
-112
-92
-84
-92
-113
-75
-124
-116
-143
-160
-148
-151
-120
-133
-119
-89
-100
-121
-99
-98
-81
-89
-100
-120
-99
-53
-86
-89
-64
-113
-111
-145
-121
-107
-94
-136
-139
-141
-153
-146
-151
-120
-147
-138
-177
-199
-177
-168
-162
-131
-160
-146
-94
-126
-168
-148
-141
-168
-135
-165
-163
-132
-142
-120
-130
-123
-123
-135
-130
-98
-103
-140
-109
-112
-85
-69
-92
-100
-107
-97
-87
-134
-142
-87
-86
-111
-94
-105
-139
-130
-103
-113
-105
-71
-114
-72
-67
-57
-67
-86
-67
-96
-112
-115
-109
-82
-118
-120
-104
-115
-134
-138
-80
-89
-71
-77
-76
-65
-98
-52
-65
-44
-63
-72
-54
-80
-100
-54
-38
-49
-23
-65
-71
-60
-59
-61
-1
-13
-25
-53
-78
-41
-57
-90
-94
-85
-96
-91
-81
-46
-58
-70
-61
-93
-110
-99
-118
-105
-101
-113
-108
-117
-111
-79
-97
-155
-86
-107
-82
-78
-131
-69
-77
-89
-69
-92
-75
-55
-68
-75
-93
-140
-130
-155
-126
-144
-150
-108
-102
-125
-163
-145
-127
-136
-118
-97
-99
-120
-127
-123
-167
-169
-161
-167
-186
-188
-195
-148
-145
-195
-191
-172
-166
-129
-152
-141
-137
-179
-174
-155
-150
-124
-164
-116
-120
-192
-173
-155
-139
-163
-113
-70
-99
-107
-154
-148
-115
-136
-110
-125
-119
-100
-83
-102
-103
-134
-158
-154
-163
-173
-132
-126
-115
-91
-85
-66
-61
-138
-169
-149
-168
-162
-152
-114
-108
-90
-58
-54
-47
-69
-44
-79
-64
-73
-73
-17
-43
-2
-50
-14
-35
-40
-47
-100
-51
-45
-14
33
-12
36
34
-37
-32
-22
-24
-93
-40
-27
-4
-22
1
9
-33
-57
-63
-37
-74
-51
-52
-1
5
-45
6
25
1
-33
-79
-102
-100
-114
-93
-87
-106
-53
-48
-52
-32
-53
-63
-91
-132
-123
-99
-82
-50
-109
-67
-95
-104
-82
-81
-109
-121
-30
-41
-37
-18
-78
-69
-36
-68
-68
-107
-81
-56
-108
-82
-51
-48
-10
-18
-37
-56
-104
-42
-55
-57
-33
-24
30
0
-11
-20
-56
-78
-117
-133
-113
-116
-95
-108
-80
-50
-23
-16
-10
-9
-54
-10
-17
-22
-59
-55
-24
-96
-74
-51
-56
-28
-58
-98
-65
-48
-62
-56
-44
-49
-60
-65
-58
-99
-95
-47
-54
-71
-28
-4
8
-40
-39
-66
-119
-108
-110
-114
-69
-75
-49
-52
-35
-49
-68
-92
-151
-140
-173
-157
-162
-136
-120
-112
-68
-59
-88
-83
-58
-122
-95
-119
-115
-128
-113
-149
-156
-150
-167
-149
-185
-154
-141
-147
-159
-133
-148
-174
-140
-129
-130
-169
-174
-151
-180
-190
-125
-146
-159
-163
-205
-196
-167
-183
-187
-172
-166
-173
-183
-183
-196
-176
-159
-174
-134
-151
-180
-218
-198
-197
-170
-138
-180
-184
-196
-158
-147
-158
-135
-148
-165
-165
-209
-204
-198
-170
-186
-177
-136
-174
-143
-160
-189
-170
-197
-164
-190
-154
-140
-139
-99
-104
-95
-64
-48
-41
-63
-75
-91
-105
-116
-112
-86
-88
-44
-38
-53
-45
-123
-110
-113
-100
-93
-97
-93
-78
-80
-96
-99
-171
-121
-125
-115
-125
-145
-76
-63
-78
-69
-109
-83
-101
-123
-124
-131
-89
-64
-28
-56
-50
-58
-54
-111
-116
-57
-51
-53
-82
-63
-26
-46
-56
-75
-79
-100
-95
-67
-80
-101
-69
-82
-120
-70
-77
-92
-118
-114
-134
-178
-114
-114
-97
-99
-95
-60
-102
-92
-143
-179
-168
-162
-182
-127
-95
-92
-54
-34
-55
-105
-89
-121
-107
-119
-139
-88
-90
-47
-74
-82
-91
-134
-139
-113
-123
-98
-73
-58
-54
-42
-10
-75
-61
-100
-124
-114
-149
-94
-45
-81
-97
-69
-95
-99
-102
-122
-138
-111
-110
-72
-49
-54
-3
-58
-58
-94
-89
-96
-82
-69
-74
-79
-85
-43
-37
-18
-13
-17
-42
-24
-55
-62
0
-16
-36
-9
16
-9
-18
-26
-20
-30
2
-12
12
53
32
37
29
-25
-24
-12
-71
-76
-91
-64
-25
-39
-19
-17
-31
-41
-77
-129
-120
-114
-89
-77
-71
-15
-14
-20
-39
-89
-85
-96
-133
-147
-106
-46
-40
-74
-92
-97
-101
-95
-117
-89
-74
-92
-85
-70
-91
-90
-126
-136
-112
-119
-140
-142
-78
-64
-71
-78
-40
-56
-107
-136
-144
-128
-122
-166
-109
-144
-123
-72
-107
-107
-99
-121
-132
-137
-166
-141
-134
-102
-73
-66
-104
-95
-129
-123
-102
-140
-169
-149
-129
-126
-126
-104
-79
-108
-98
-96
-90
-67
-75
-99
-99
-69
-72
-75
-66
-110
-86
-103
-103
-70
-120
-127
-101
-84
-85
-93
-65
-117
-137
-153
-159
-148
-116
-54
-85
-102
-99
-108
-84
-122
-143
-125
-135
-152
-149
-120
-89
-125
-105
-59
-87
-87
-111
-70
-113
-113
-75
-114
-159
-116
-96
-98
-135
-106
-75
-101
-96
-136
-82
-104
-115
-115
-131
-87
-98
-89
-80
-39
-47
-75
-64
-103
-89
-156
-116
-114
-130
-87
-79
-83
-112
-88
-98
-124
-69
-113
-128
-98
-151
-147
-212
-207
-154
-183
-158
-164
-141
-186
-235
-233
-176
-156
-202
-190
-209
-210
-224
-219
-256
-191
-168
-136
-130
-173
-179
-191
-156
-163
-182
-215
-200
-214
-238
-175
-129
-138
-138
-124
-133
-116
-178
-156
-174
-190
-157
-181
-165
-118
-116
-154
-138
-179
-162
-140
-185
-198
-227
-174
-187
-194
-170
-131
-163
-149
-173
-176
-169
-196
-190
-181
-183
-181
-169
-213
-209
-156
-151
-226
-236
-176
-213
-186
-173
-178
-166
-179
-201
-184
-171
-174
-156
-151
-102
-124
-117
-121
-144
-157
-171
-198
-184
-196
-221
-180
-170
-176
-153
-136
-136
-121
-112
-176
-185
-184
-185
-169
-154
-164
-158
-155
-147
-138
-167
-166
-175
-165
-139
-145
-142
-117
-101
-96
-104
-120
-134
-136
-163
-124
-138
-144
-117
-128
-141
-117
-143
-138
-113
-116
-99
-147
-87
-104
-86
-108
-117
-136
-142
-136
-148
-121
-169
-138
-129
-165
-148
-162
-133
-124
-208
-194
-180
-154
-159
-161
-177
-161
-184
-199
-185
-192
-192
-173
-129
-136
-126
-137
-155
-194
-190
-198
-201
-160
-150
-142
-152
-153
-183
-166
-172
-176
-169
-149
-146
-166
-136
-140
-163
-110
-105
-136
-107
-127
-115
-150
-118
-179
-202
-187
-172
-161
-164
-157
-161
-178
-188
-148
-171
-190
-176
-126
-154
-187
-183
-181
-178
-187
-190
-169
-150
-198
-186
-169
-181
-166
-188
-194
-199
-162
-147
-157
-152
-152
-156
-175
-205
-191
-179
-156
-162
-170
-169
-157
-160
-128
-133
-159
-144
-147
-167
-197
-224
-195
-184
-208
-207
-181
-189
-252
-192
-181
-174
-216
-226
-239
-244
-222
-182
-198
-210
-209
-206
-235
-259
-240
-240
-212
-225
-222
-222
-205
-177
-166
-195
-195
-206
-201
-183
-219
-204
-191
-192
-198
-204
-238
-231
-211
-218
-180
-192
-157
-163
-91
-148
-125
-596
-1186
-921
-93
209
-572
-1666
-1517
-603
-256
-615
-996
-882
-749
-1117
-1074
-414
-263
-558
-924
-614
-228
-350
-652
-385
51
157
-224
-555
-333
28
118
76
88
-31
-189
-377
-151
104
132
-175
-364
-347
-367
-533
-528
-313
-228
-654
-1747
-1759
-543
102
-385
-1460
-1927
-1166
-635
-692
-709
-740
-782
-1071
-1300
-578
-253
-572
-691
-532
-343
-532
-990
-758
-255
-134
-353
-866
-929
-679
-631
-541
-429
-561
-751
-1056
-949
-627
-649
-568
-649
-642
-709
-845
-706
-299
-11
12
-153
-328
-94
138
233
416
535
543
490
384
538
940
1118
1099
903
924
1010
873
960
1232
1386
1330
1144
1149
1298
1385
1310
1138
1074
970
883
837
835
763
533
325
225
195
132
10
-179
-201
-239
-363
-458
-647
-635
-518
-531
-643
-803
-982
-1005
-957
-891
-847
-1004
-1229
-1459
-1643
-1692
-1678
-1692
-1655
-1916
-2339
-2534
-2562
-2398
-2245
-2251
-2348
-2586
-2653
-2570
-2318
-2007
-1820
-1805
-1774
-1608
-1342
-943
-517
-83
261
425
542
815
1262
1766
2127
2429
2634
2594
2742
2953
3301
3675
3740
3600
3449
3364
3452
3690
3625
3304
2659
2069
2018
1930
1697
1166
557
209
-73
-530
-905
-1090
-1204
-1348
-1682
-1827
-1883
-2069
-2125
-1953
-1709
-1495
-1564
-1594
-1273
-931
-579
-375
-130
69
202
308
549
810
985
976
863
943
906
814
689
463
248
80
-207
-685
-1138
-1445
-1783
-2294
-2661
-2960
-3253
-3533
-3888
-4111
-4278
-4336
-4356
-4334
-4107
-3931
-3886
-3664
-3285
-2869
-2501
-2057
-1588
-1098
-675
-186
404
1020
1640
2075
2313
2670
3080
3529
3909
4226
4361
4400
4460
4543
4819
4894
4750
4657
4526
4383
4357
4213
3751
2954
2239
1979
1995
1625
764
-95
-558
-780
-1234
-1682
-1767
-1931
-2362
-2790
-2938
-2672
-2626
-2765
-2630
-2319
-2109
-2016
-1878
-1267
-583
-320
-275
-26
383
647
791
1072
1591
1741
1576
1370
1429
1604
1471
1282
1075
832
348
-332
-724
-771
-936
-1452
-1946
-2601
-3363
-3922
-4061
-3964
-4073
-4592
-5128
-5197
-5041
-4829
-4689
-4385
-4000
-3901
-3855
-3488
-2892
-2284
-1782
-1263
-777
-382
-52
397
1083
1886
2355
2491
2548
2844
3379
3857
4302
4520
4504
4291
4343
4701
4931
4956
4764
4486
4358
4426
4472
4370
3592
2718
2226
1983
1842
1315
504
-110
-526
-904
-1358
-1738
-1956
-2150
-2536
-2810
-2886
-2954
-2889
-2693
-2490
-2179
-2064
-2022
-1750
-1263
-692
-388
-127
126
391
689
1006
1279
1575
1709
1633
1504
1393
1295
1230
1101
948
609
84
-405
-809
-1133
-1482
-1859
-2408
-3163
-3725
-3984
-4134
-4320
-4766
-5017
-4859
-4755
-4859
-4976
-4919
-4491
-3999
-3679
-3321
-3080
-2835
-2363
-1753
-1058
-533
-319
-67
340
914
1479
1976
2339
2667
2838
2974
3249
3517
3891
4070
4200
4313
4433
4452
4513
4625
4704
4611
4401
4212
4193
4199
4104
3552
2864
2340
2023
1862
1564
895
256
-284
-837
-1095
-1416
-1504
-1633
-2108
-2564
-2676
-2690
-2487
-2399
-2347
-2116
-1986
-1874
-1641
-1267
-759
-308
-160
28
205
436
795
1095
1374
1486
1327
1213
1138
1036
1019
893
589
247
-260
-733
-1042
-1359
-1650
-2051
-2840
-3570
-3941
-4067
-4160
-4596
-4925
-4912
-4858
-4857
-5005
-4980
-4594
-4222
-3935
-3653
-3349
-2985
-2596
-2113
-1433
-888
-615
-398
-20
499
1095
1489
1872
2199
2397
2645
2860
3167
3554
3659
3807
3893
3939
4179
4333
4544
4693
4579
4454
4511
4550
4566
4506
4348
4179
3995
3458
2974
2504
2169
2067
1614
944
211
-554
-914
-891
-1047
-1366
-1950
-2543
-2595
-2548
-2427
-2429
-2642
-2604
-2346
-2067
-1756
-1545
-1460
-954
-418
-65
92
53
278
725
1084
1268
1298
1265
1109
851
741
770
692
354
-203
-840
-1142
-1431
-1859
-2076
-2670
-3499
-4146
-4551
-4627
-4636
-4833
-5097
-5309
-5437
-5432
-5124
-4572
-4188
-4091
-3973
-3699
-3310
-2777
-2205
-1616
-1140
-907
-629
-231
289
832
1250
1459
1712
1966
2190
2416
2688
3000
3150
3190
3206
3263
3409
3714
3922
3918
4053
4218
4236
4288
4323
4359
4491
4558
4414
4325
4129
3648
3144
2910
2735
2590
2086
1257
618
157
-229
-450
-697
-1064
-1558
-2096
-2383
-2344
-2298
-2378
-2486
-2492
-2386
-2362
-2166
-1788
-1435
-1081
-727
-531
-284
-18
262
685
996
1114
1041
987
1046
1155
1104
863
523
190
-118
-470
-839
-1224
-1662
-2060
-2610
-3551
-4237
-4406
-4463
-4467
-4724
-5333
-5669
-5682
-5473
-5039
-4638
-4483
-4432
-4381
-3938
-3244
-2793
-2334
-1933
-1641
-1209
-911
-495
50
454
738
828
960
1355
1873
2058
2044
2003
2284
2529
2805
2808
2700
2917
3243
3669
3881
3980
4145
4172
4405
4886
5188
5376
5330
5210
5453
5843
5795
5323
4507
4000
3976
3787
3189
2259
1226
785
448
-127
-836
-1549
-1954
-2239
-2677
-3101
-3433
-3626
-3571
-3497
-3367
-3152
-3082
-2940
-2468
-1933
-1357
-1055
-941
-542
65
573
1058
1316
1481
1672
1762
1821
1864
1764
1572
1235
846
498
-42
-573
-1102
-1628
-2204
-2886
-3712
-4440
-5184
-5667
-5665
-5544
-5718
-6229
-6804
-6721
-6074
-5431
-4972
-4851
-4772
-4488
-3984
-3261
-2461
-1976
-1703
-1447
-1108
-650
-111
334
788
1070
1086
1043
1224
1624
2100
2320
2246
2167
2100
1991
2050
2573
3256
3760
3574
3224
3141
3690
4594
5176
5451
5502
5544
5613
6213
6949
7651
7945
7198
6074
5115
4125
3919
4392
4715
3974
1631
-1044
-1717
-796
6
-600
-2479
-3917
-4559
-4933
-4716
-4066
-3591
-3652
-4435
-4786
-4226
-3425
-2690
-1866
-1033
-394
-533
-735
-65
1250
2499
3110
3002
2694
2536
2571
3101
3805
4025
3528
2580
1664
1116
766
536
230
-669
-2144
-3369
-3896
-4017
-4933
-6288
-6626
-6091
-5956
-6614
-7904
-8206
-7130
-6076
-5505
-5491
-5648
-5623
-5217
-4152
-2716
-2260
-2577
-2770
-2371
-1559
-993
-761
-479
-170
41
55
-104
72
462
701
868
1007
838
790
1000
1459
2110
2309
2454
2685
3148
4047
4864
5565
6181
6342
6643
7819
8866
9438
9590
9546
10144
10414
9019
6599
4917
5229
6830
6805
4180
459
-2094
-2145
-919
-683
-2175
-4530
-6506
-7198
-6880
-6078
-5557
-5914
-6451
-6611
-6194
-5421
-4546
-3498
-2083
-884
-419
-431
-97
1143
2948
4403
5070
4915
4332
4201
4686
5617
6264
5998
4926
3777
2937
2601
2431
1833
789
-379
-1545
-2763
-3872
-4991
-5536
-5616
-6611
-7791
-8220
-8286
-7798
-7586
-7844
-7432
-6771
-6291
-5875
-5571
-4787
-3898
-3416
-2674
-2038
-1950
-1764
-1479
-975
-297
-353
-597
-708
-741
-440
-297
-463
-437
-579
-957
-877
-809
-645
-589
-485
-98
264
439
677
1109
1878
2841
3814
4635
5096
5694
6400
7211
8418
9383
9785
10297
10750
11188
11498
10698
9060
6950
5623
6342
7404
6640
3232
-921
-2646
-1504
-644
-1586
-4055
-6368
-7304
-7637
-7466
-6697
-6363
-6810
-7354
-7247
-6179
-5117
-4452
-3247
-1697
-550
-143
-254
650
2580
4223
5239
5425
5081
4929
4940
5611
6610
6737
5922
4692
3665
3367
3038
2465
1925
845
-619
-2025
-3300
-4109
-4662
-5552
-5976
-6264
-7559
-9115
-9407
-8393
-6923
-6448
-7256
-7823
-7430
-6222
-4865
-3933
-3246
-3078
-3246
-2870
-1981
-1192
-809
-818
-827
-838
-1035
-1323
-1272
-920
-565
-697
-1277
-1697
-1922
-1783
-1464
-966
-809
-1167
-1457
-1129
-406
353
1015
1428
2003
2697
3483
4449
5497
6412
7090
7782
8535
9371
10263
11019
11733
12099
11934
11113
9872
8125
6677
6423
7069
7005
4648
417
-2523
-2521
-1185
-1124
-3318
-5952
-7530
-8032
-7980
-7434
-6712
-6620
-7219
-7640
-7097
-5798
-4626
-3540
-2275
-854
-121
-119
367
1917
3852
5189
5604
5350
5038
5017
5480
6295
6908
6460
5250
3990
3326
2942
2548
1937
1169
18
-1628
-3093
-3924
-4846
-5614
-6137
-6692
-6866
-7834
-9666
-9915
-8565
-7066
-6204
-6925
-7739
-7350
-6300
-4744
-3373
-2791
-2781
-3110
-2970
-1946
-1154
-866
-747
-958
-1022
-1427
-1900
-1818
-1343
-1103
-1116
-1595
-2295
-2515
-2516
-2103
-1474
-1177
-1522
-1882
-1609
-723
180
1005
1520
1933
2637
3374
4477
5844
6812
7443
8059
8645
9670
10730
11544
12300
12565
12413
11879
10943
9592
7711
6509
6712
7138
5889
2328
-1738
-3206
-2326
-1603
-2659
-5272
-7462
-8517
-8880
-8439
-7459
-6991
-7397
-8001
-7860
-6558
-5206
-4128
-2824
-1447
-250
180
306
1446
3408
4969
5898
6022
5713
5476
5570
6246
7014
7036
6177
4846
3639
3124
2609
2102
1504
508
-957
-2518
-3903
-4467
-5161
-6310
-6607
-6958
-7474
-8219
-9755
-9845
-8189
-6826
-6262
-6678
-7338
-6755
-5707
-4255
-2704
-2291
-2596
-2937
-2790
-1767
-869
-820
-813
-1204
-1498
-1756
-2128
-1874
-1455
-1461
-1689
-2075
-2589
-2781
-2710
-2173
-1456
-1365
-1593
-1725
-1380
-361
650
1415
2122
2576
3298
4209
5259
6687
7455
7922
8691
9406
10258
11117
11452
12259
13157
13025
11955
9967
7960
6948
6774
6992
6662
4145
212
-2946
-3605
-2353
-1864
-3650
-6542
-8619
-9167
-8768
-8207
-7561
-7201
-7587
-7818
-7394
-6172
-4666
-3296
-1934
-478
421
563
918
2241
4379
6000
6594
6364
5834
5638
5926
6576
7216
7023
5842
4329
3234
2624
2288
1668
886
-222
-1624
-3186
-4533
-5121
-5217
-5506
-6730
-7932
-8412
-8414
-8464
-8494
-8253
-7481
-6728
-6394
-6342
-5772
-4709
-3730
-3013
-2403
-2069
-2141
-2072
-1529
-810
-482
-770
-1234
-1647
-1691
-1678
-1764
-1862
-2082
-2360
-2667
-2758
-2642
-2520
-2562
-2353
-2172
-2035
-1716
-1280
-617
179
888
1423
2117
2897
3850
4911
5934
6858
7638
8151
9016
9995
10786
11556
11843
12171
12918
12863
11910
10187
7395
5729
6222
7200
6903
3565
-1552
-4144
-3563
-2145
-2056
-4660
-7548
-8985
-9484
-8891
-7888
-7271
-7272
-7875
-7968
-6757
-5531
-4404
-2922
-1426
104
729
549
1201
2976
4838
6369
6763
6389
5804
5350
5891
6879
7350
6741
5161
3632
2819
2250
1865
1325
300
-882
-2329
-3872
-4833
-5393
-5720
-5961
-6943
-8037
-8555
-8580
-8017
-7740
-7615
-7019
-6429
-5836
-5286
-4879
-3984
-3069
-2533
-2000
-1724
-1721
-1585
-1442
-942
-599
-999
-1523
-1977
-2140
-2078
-2234
-2454
-2631
-3006
-3232
-3233
-3120
-2873
-2703
-2577
-2342
-2012
-1690
-1166
-477
412
1200
1703
2341
3154
4445
5827
6781
7490
8070
8680
9576
10278
11053
12246
12860
13083
13120
12488
11444
10277
8129
6423
6296
6387
5766
2935
-1449
-4010
-3942
-2960
-3030
-5305
-8166
-9540
-9964
-9322
-8213
-7649
-7702
-8205
-8293
-6971
-5408
-4119
-2686
-1442
21
818
980
1742
3434
5291
6694
6991
6634
6227
5863
6368
7136
7483
6778
4924
3297
2742
2508
2057
1058
-461
-1590
-2586
-3886
-4964
-5782
-6102
-6105
-6527
-7703
-8987
-9309
-8180
-6887
-6437
-6584
-6990
-6521
-5255
-4086
-3154
-2614
-2568
-2425
-2029
-1445
-866
-963
-1173
-1093
-1215
-1606
-2075
-2435
-2498
-2491
-2659
-3095
-3743
-4017
-3881
-3499
-2944
-2810
-3138
-3324
-2921
-2116
-1156
-471
-78
369
1119
2277
3158
4066
4912
5787
6860
7661
8121
8750
9486
10517
11488
11584
11718
12164
12952
13471
12291
10045
8138
6231
5733
6132
5565
3883
306
-3733
-4873
-4156
-3444
-4088
-6862
-8963
-9469
-9706
-8904
-7835
-7370
-7051
-7392
-7162
-5674
-4335
-2872
-1282
-124
1282
1687
1705
2931
4727
6294
7236
6948
6474
6235
5970
6536
7112
6895
5965
4329
2939
2299
1558
971
334
-828
-2014
-3392
-4884
-5560
-5981
-6027
-5975
-6560
-7683
-8952
-9081
-7602
-6400
-5931
-5931
-6370
-5985
-4888
-3964
-2907
-2189
-2091
-2016
-2137
-1841
-1364
-1432
-1284
-1134
-1665
-2312
-2995
-3229
-2978
-2881
-2933
-3450
-4281
-4401
-4098
-3625
-2906
-2739
-3104
-3249
-2903
-1925
-778
11
480
832
1410
2245
3059
4048
5129
6031
6768
7332
7996
8732
9324
9942
10658
11191
11638
11936
12278
12899
12538
10635
8414
5936
4968
5690
5723
4325
1054
-3241
-5047
-4426
-3591
-3815
-6094
-8540
-9411
-9590
-8986
-7925
-7322
-6913
-7047
-7064
-5895
-4594
-3210
-1479
-64
1207
1860
1697
2439
4177
5868
7154
7266
6737
6298
5927
6237
6950
6999
6204
4723
3131
2303
1536
837
282
-658
-1707
-2904
-4586
-5616
-6079
-6295
-6181
-6397
-7102
-8060
-9111
-8630
-7063
-6068
-5636
-5915
-6234
-5434
-4308
-3285
-2362
-2051
-1961
-2067
-2095
-1586
-1390
-1489
-1510
-1738
-2179
-2787
-3272
-3396
-3230
-3250
-3405
-4059
-4575
-4485
-4221
-3580
-2988
-2951
-3172
-3196
-2684
-1679
-752
18
556
728
1138
2018
2964
4298
5349
5923
6482
6929
7399
8422
9246
10082
10526
10280
10424
10962
11964
12966
12914
10831
8344
6343
5262
5605
5802
4573
2155
-1321
-4122
-4558
-4037
-3589
-4529
-6890
-8506
-9178
-9091
-8195
-7115
-6413
-6109
-6375
-6192
-5068
-3542
-1638
-39
1111
1781
1878
2028
3522
5264
6758
7393
6929
6425
5936
5922
6434
6860
6561
5450
3746
2397
1183
399
459
306
-540
-2407
-4666
-5844
-6064
-5884
-5699
-5883
-6559
-7682
-9061
-9163
-7419
-5739
-5207
-5462
-6097
-6055
-5157
-3994
-2451
-1538
-1563
-2142
-2662
-2374
-1631
-1261
-1143
-1317
-2021
-2955
-3666
-3594
-3122
-2963
-3162
-3835
-4681
-4902
-4627
-3865
-2925
-2586
-2863
-3248
-3158
-2318
-1233
-221
530
948
1114
1455
2198
3433
4722
5757
6354
6768
7186
7605
8278
9151
9902
10404
10556
10621
11248
11843
12626
12188
10010
7799
5648
4708
5534
5444
3847
1162
-2639
-4538
-4210
-3655
-3490
-5178
-7580
-8558
-8773
-8351
-7171
-6540
-6101
-5889
-6091
-5268
-4144
-2779
-1023
315
1399
2008
1824
2544
4322
5757
7095
7149
6449
6021
5686
5986
6608
6651
5978
4630
3082
2215
1503
916
432
-612
-1661
-2869
-4182
-5063
-5871
-6254
-6248
-6343
-6528
-7281
-8534
-8563
-7448
-6110
-5237
-5316
-5665
-5540
-4751
-3560
-2435
-1933
-1868
-2254
-2513
-2091
-1651
-1582
-1694
-1847
-2221
-2740
-3346
-3511
-3485
-3458
-3455
-3953
-4415
-4522
-4280
-3729
-3118
-2890
-3077
-3253
-3001
-2104
-1185
-240
416
702
1031
1522
2542
3817
4844
5477
5948
6481
7179
8035
8768
9394
9969
10265
10572
11089
11509
11984
12567
11664
9674
7514
5518
5308
6008
5377
3465
476
-2829
-4024
-3867
-3308
-3349
-5327
-7482
-8542
-8651
-7740
-6809
-6435
-6008
-6011
-6020
-5198
-4163
-2457
-800
332
1225
1665
1773
2607
4122
5617
6836
6678
6146
5668
5500
5977
6380
6310
5630
4140
2701
1890
1233
874
272
-767
-1781
-2995
-4161
-5169
-5970
-6277
-6104
-5987
-6311
-7581
-8902
-8638
-7169
-5572
-5009
-5563
-6276
-5947
-4852
-3410
-2321
-2051
-2326
-2866
-2814
-2200
-1753
-1780
-1902
-2131
-2540
-3040
-3536
-3632
-3534
-3286
-3400
-3973
-4451
-4563
-4219
-3507
-2732
-2617
-2917
-3131
-2672
-1681
-618
241
622
814
1243
2046
3148
4444
5380
5886
6299
6978
7923
8692
9293
9723
10034
10282
10773
11477
11871
12141
12265
10887
9132
6978
4861
5069
5891
5235
2870
-1143
-4058
-4015
-3373
-3005
-4039
-6502
-8135
-8791
-8636
-7307
-6484
-6509
-6567
-6710
-5898
-4735
-3920
-2316
-743
422
1241
1247
1505
3005
4500
5889
6737
6285
5778
5193
5336
6142
6554
6124
5041
3565
2444
1883
1208
932
133
-1043
-2137
-3435
-4301
-5092
-6058
-6702
-6716
-6490
-6701
-8056
-8987
-8559
-7401
-6110
-5688
-5922
-6030
-5653
-4905
-3759
-2774
-2267
-2432
-2792
-2496
-2200
-2130
-2011
-1963
-2082
-2455
-3080
-3465
-3581
-3490
-3209
-3393
-3731
-3989
-4159
-3903
-3231
-2640
-2661
-2880
-2898
-2290
-1452
-489
320
730
976
1524
2463
3586
4794
5515
6103
6845
7643
8084
8557
9325
9870
10481
10696
10768
11284
11965
12689
12348
10143
7860
6040
5345
6077
5820
3929
1238
-2059
-3782
-3665
-3256
-3244
-4862
-7319
-8421
-8672
-8180
-7152
-6778
-6487
-6319
-6422
-5717
-4543
-3203
-1443
-270
611
1261
1321
2085
3570
5077
6388
6639
6068
5686
5555
5920
6517
6469
5924
4848
3415
2506
1817
1306
863
-18
-1085
-2251
-3652
-4332
-5158
-6311
-6837
-6860
-6510
-6750
-8217
-9027
-8513
-7566
-6284
-5805
-5969
-5754
-5653
-5014
-3611
-2529
-2043
-2445
-2888
-2500
-2276
-2248
-1877
-1823
-1967
-2395
-2999
-3313
-3377
-3349
-3164
-3270
-3526
-3698
-4067
-3686
-3047
-2579
-2497
-2569
-2388
-1844
-1265
-371
583
964
1356
1861
2647
3800
4755
5474
6231
6869
7665
8261
8643
9207
9484
9948
10787
11419
11585
11530
11568
11560
10186
8433
6827
5591
5537
5175
3631
1706
-960
-3170
-3779
-3710
-3601
-4677
-6842
-8080
-8316
-8048
-7217
-6799
-6574
-6392
-6367
-5678
-4437
-3240
-1800
-738
202
1147
1564
2188
3385
4616
5742
6320
6111
6022
5793
5841
6254
6463
6065
5139
3713
2762
2130
1556
1062
78
-1044
-2107
-3234
-3944
-4588
-5864
-6953
-7362
-7109
-6861
-7737
-8540
-8473
-8104
-7114
-6328
-5986
-5487
-5360
-5259
-4377
-3307
-2449
-2233
-2525
-2320
-2188
-2301
-2029
-1837
-1854
-2143
-2704
-3070
-3264
-3345
-3200
-3243
-3339
-3369
-3724
-3723
-3255
-2820
-2573
-2435
-2187
-1836
-1531
-950
-35
585
1213
1653
2111
3109
4096
5026
5992
6616
7037
7525
7895
8672
9404
9857
10105
10291
10724
11232
11799
12080
10596
8321
6778
5659
5703
5634
4194
2395
-149
-2668
-3576
-3596
-3320
-3839
-5976
-7783
-8244
-8203
-7446
-6832
-6531
-6122
-6215
-6060
-5044
-3752
-2197
-939
-110
884
1352
1755
2870
4294
5584
6335
6117
5853
5735
5777
6265
6548
6330
5518
4195
3078
2465
1810
1296
469
-576
-1627
-2791
-3794
-4232
-4848
-6162
-7274
-7776
-7452
-7238
-7551
-8145
-8599
-8166
-6966
-5909
-5252
-5054
-5299
-4944
-3908
-2647
-1971
-2210
-2362
-2313
-2226
-1878
-1564
-1678
-1886
-2259
-2577
-2861
-3097
-3164
-3231
-3056
-2968
-3121
-3502
-3471
-3188
-2786
-2432
-2337
-2146
-1907
-1449
-770
61
784
1313
1774
2536
3424
4446
5398
5925
6456
7096
7676
8578
9329
9594
9718
9807
10142
11117
12008
12448
11107
8459
6805
5968
6017
6247
4982
2869
484
-2447
-3710
-3497
-3028
-3255
-5461
-7752
-8348
-8364
-7891
-7010
-6606
-6162
-6262
-6609
-5715
-4274
-2537
-970
-163
632
1165
1306
2372
4113
5640
6702
6452
5969
5868
5855
6286
6813
6765
6105
4730
3322
2716
2139
1659
1061
-46
-1077
-2446
-3612
-4141
-4336
-4880
-6158
-7446
-8069
-7929
-7396
-6990
-7488
-7896
-7826
-7038
-5879
-4944
-4577
-4507
-4197
-3396
-2461
-2139
-2016
-2001
-2106
-1970
-1829
-1834
-2062
-2302
-2378
-2488
-2808
-3151
-3503
-3631
-3374
-3190
-3150
-3294
-3376
-3266
-2898
-2511
-2158
-1962
-1853
-1287
-671
145
900
1455
2060
2746
3654
4623
5242
5794
6609
7287
7917
8553
9022
9286
9688
10267
10923
11646
11963
11821
10188
8318
7272
6236
5991
5913
4672
2859
257
-2507
-3231
-2936
-2718
-3494
-5758
-7556
-7822
-7853
-7159
-6272
-6127
-6019
-6328
-6151
-4895
-3438
-2057
-790
69
925
1348
1698
3075
4569
5742
6504
6280
6038
5977
6001
6577
7038
6687
5848
4456
3313
2792
2194
1792
1162
8
-1228
-2462
-3437
-3716
-3919
-4459
-5327
-6946
-8028
-7926
-7370
-6396
-6177
-7119
-7803
-7418
-6263
-4724
-4003
-3850
-4021
-4087
-3276
-2457
-2034
-1851
-2003
-2250
-2282
-2397
-2508
-2661
-2724
-2569
-2871
-3371
-3713
-3872
-3711
-3265
-2999
-3139
-3317
-3472
-3036
-2470
-1928
-1483
-1484
-1363
-878
-117
836
1648
2038
2519
3262
4250
5229
5800
6195
6883
7446
8187
8805
9024
9384
9743
10277
11165
11548
11927
11339
9219
7622
6377
5782
6234
5648
3855
1697
-1209
-2704
-2763
-2603
-2522
-4085
-6431
-7339
-7614
-7155
-6209
-5919
-5652
-5693
-6044
-5270
-4089
-2658
-1091
-274
496
1130
1363
2202
3682
4986
6134
6198
5820
5689
5655
6023
6578
6661
6193
5051
3683
2971
2411
2035
1478
436
-637
-1746
-2819
-3317
-3668
-4056
-4529
-6056
-8032
-8361
-7381
-6010
-5778
-7259
-8492
-8092
-6511
-4779
-4112
-4323
-4536
-4645
-3887
-2598
-1887
-1944
-2424
-2537
-2186
-2173
-2389
-2547
-2566
-2327
-2470
-3125
-3544
-3798
-3630
-3079
-2719
-2793
-3307
-3692
-3330
-2526
-1888
-1532
-1624
-1713
-1358
-610
382
1381
1864
2244
2750
3441
4617
5287
5847
6701
7591
8132
8349
8654
9168
9900
10518
10923
11232
11775
11696
9874
8242
7355
6667
6390
5677
4307
2763
323
-1878
-2512
-2384
-2224
-3435
-5720
-6928
-7084
-6951
-6497
-6072
-5865
-5753
-6051
-5609
-4387
-3050
-1844
-995
-127
733
1234
1785
3126
4410
5546
5973
5828
5835
5743
5910
6277
6495
6220
5400
4140
3341
2790
2317
1806
930
-75
-1124
-2256
-2930
-3370
-3811
-4183
-5151
-6818
-8074
-8097
-7101
-6050
-6409
-7583
-8294
-7659
-6092
-4801
-4243
-4244
-4449
-4328
-3620
-2697
-2062
-2082
-2416
-2416
-2393
-2489
-2573
-2589
-2533
-2452
-2741
-3267
-3653
-3732
-3365
-2946
-2685
-2822
-3228
-3363
-2964
-2389
-1879
-1683
-1721
-1488
-893
-110
808
1402
1942
2540
3260
4352
5149
5560
6147
6883
7731
8490
8929
9172
9289
9716
10445
11344
11997
12254
11067
9003
7843
7144
6685
6524
5578
3909
2033
-499
-2128
-2297
-2093
-2176
-3782
-6099
-7062
-7190
-6920
-6024
-5597
-5538
-5679
-6005
-5288
-3921
-2493
-1230
-459
199
859
1212
2065
3501
4788
5755
5917
5615
5581
5579
5901
6478
6519
5967
4930
3757
3115
2662
2236
1707
748
-296
-1503
-2517
-3048
-3286
-3754
-3939
-5102
-7461
-8538
-8088
-6614
-5350
-6269
-8035
-8452
-7647
-5671
-4331
-4108
-4147
-4626
-4626
-3441
-2411
-1967
-2139
-2519
-2359
-2331
-2607
-2609
-2613
-2398
-2292
-2828
-3301
-3679
-3770
-3256
-2627
-2477
-2684
-3334
-3366
-2902
-2300
-1675
-1491
-1500
-1292
-875
-93
958
1686
2307
2835
3451
4223
4795
5489
6534
7426
7911
8200
8286
8723
9456
10191
10856
11055
11211
11391
10727
9268
8233
7107
6418
6068
5204
3898
2012
-433
-2004
-2288
-2078
-2308
-4062
-6071
-6844
-6821
-6406
-5936
-5861
-5782
-5830
-5760
-4922
-3683
-2505
-1512
-835
86
891
1337
2113
3332
4493
5359
5555
5443
5490
5496
5788
6102
6153
5689
4649
3620
3041
2659
2191
1450
478
-456
-1451
-2382
-2983
-3343
-3861
-4162
-5037
-7236
-8523
-8146
-6858
-5661
-6215
-8078
-8682
-7985
-6132
-4481
-4133
-4177
-4632
-4920
-3825
-2510
-2058
-2106
-2564
-2652
-2596
-2828
-2764
-2725
-2519
-2326
-2777
-3323
-3727
-3871
-3446
-2674
-2354
-2581
-3208
-3433
-2989
-2321
-1603
-1226
-1157
-1104
-846
-160
1005
1872
2425
2843
3399
4324
5084
5711
6384
7063
7708
8265
8543
8940
9460
9864
10364
10829
11429
11644
10125
8101
6993
6535
6710
6405
4734
2817
893
-1090
-1884
-2103
-2109
-2744
-4871
-6411
-6698
-6665
-6277
-5978
-5800
-5435
-5644
-5674
-4789
-3504
-2083
-1117
-578
225
769
1240
2378
3666
4812
5394
5149
5144
5275
5432
5871
6114
5981
5369
4235
3417
2943
2455
2055
1249
240
-654
-1715
-2493
-2946
-3385
-3858
-4300
-5513
-7350
-8037
-7684
-7074
-6433
-6653
-7611
-7856
-7417
-6223
-5072
-4397
-4075
-4357
-4455
-3697
-2879
-2617
-2308
-2214
-2368
-2676
-2994
-2884
-2754
-2547
-2461
-2879
-3375
-3709
-3824
-3409
-2750
-2541
-2673
-2989
-3050
-2803
-2312
-1700
-1258
-1119
-936
-555
151
1138
1781
2361
3002
3748
4656
5301
5753
6416
7132
7792
8409
8737
8844
9205
9769
10543
11122
11524
11228
9497
7852
7200
6927
6696
5736
4060
2631
921
-777
-1784
-2271
-2238
-2908
-4689
-5998
-6435
-6598
-6195
-5682
-5222
-5001
-5436
-5390
-4466
-3048
-1607
-831
-253
394
827
1425
2665
3952
5011
5315
5210
5302
5411
5587
5910
6047
5896
5256
4150
3407
2956
2516
1990
1212
216
-791
-1915
-2556
-2924
-3308
-3838
-4323
-5380
-7204
-7896
-7314
-6832
-6493
-6768
-7649
-7656
-7116
-6095
-5085
-4546
-4123
-4213
-4413
-3597
-2782
-2689
-2459
-2249
-2360
-2714
-3054
-2906
-2759
-2737
-2650
-2974
-3437
-3642
-3678
-3280
-2721
-2489
-2550
-2849
-2859
-2533
-2059
-1571
-1086
-968
-815
-383
383
1378
2073
2607
3107
3634
4507
5435
6096
6685
7064
7508
8286
8778
9176
9554
9886
10406
10849
11292
11044
9305
7676
7131
6915
6774
5466
3582
2260
774
-685
-1618
-2167
-2255
-3166
-4986
-5915
-6039
-6031
-5815
-5720
-5334
-4959
-5297
-5130
-4220
-2814
-1513
-831
-316
452
949
1640
2811
3934
4880
5098
4922
5176
5371
5624
5865
5750
5469
4777
3829
3301
2838
2273
1707
782
-146
-1024
-2060
-2647
-3064
-3495
-4055
-4528
-5767
-7604
-8303
-7665
-6615
-6039
-6724
-7897
-8032
-7305
-5766
-4644
-4227
-4152
-4492
-4585
-3634
-2681
-2355
-2403
-2662
-2708
-2972
-3180
-3002
-2852
-2671
-2703
-3086
-3572
-3838
-3793
-3218
-2555
-2369
-2520
-3025
-3016
-2557
-1892
-1181
-855
-861
-749
-378
525
1645
2418
2936
3302
3731
4612
5498
6309
7102
7395
7525
7970
8505
9300
9832
9987
10206
10412
10919
10698
9129
7658
6945
6554
6412
5258
3502
2103
525
-819
-1616
-2103
-2317
-3484
-5164
-5860
-5891
-5690
-5545
-5659
-5386
-5061
-5074
-4692
-3764
-2578
-1467
-920
-312
608
1169
1915
2862
3898
4745
4932
4883
5084
5358
5641
5753
5589
5301
4593
3653
3126
2726
2248
1523
488
-330
-1168
-2076
-2638
-3079
-3655
-4171
-5645
-7374
-7785
-7637
-7041
-6449
-7078
-7980
-8285
-7703
-6303
-5269
-4823
-4755
-5080
-4786
-3809
-3147
-2765
-2617
-2688
-2799
-2994
-2980
-2921
-2908
-2685
-2668
-3024
-3395
-3718
-3739
-3251
-2799
-2611
-2755
-3052
-3052
-2788
-2230
-1626
-1364
-1276
-1134
-800
27
901
1635
2311
2858
3516
4242
4883
5685
6407
6898
7479
7972
8221
8628
9041
9702
10530
10850
10865
10459
9217
8033
7655
7368
6833
5343
3490
2279
1390
229
-1091
-2169
-2550
-3118
-4388
-5495
-5871
-5906
-5876
-5785
-5487
-5251
-5351
-5216
-4391
-3026
-1991
-1422
-959
-174
679
1535
2416
3394
4118
4411
4546
4848
5207
5316
5404
5432
5230
4698
3901
3285
2788
2266
1571
780
-3
-905
-1890
-2684
-3106
-3439
-3961
-4650
-5308
-5915
-6993
-9286
-9630
-7403
-5774
-5861
-7302
-8896
-8394
-6535
-4382
-3169
-3682
-4446
-5065
-4953
-3082
-1557
-1916
-2890
-3350
-3323
-3398
-3485
-3007
-2634
-2798
-2966
-3525
-3922
-3849
-3367
-2482
-1721
-1885
-2743
-3484
-3104
-1862
-724
-177
-326
-580
-467
349
1605
2819
3577
3851
4062
4580
5443
6200
6937
7560
7798
8242
8727
9117
9288
9624
10140
10850
10758
9446
7688
6851
6706
6485
5551
3954
2452
1216
-115
-1413
-2107
-2338
-2785
-4049
-5323
-5925
-6056
-5939
-5527
-5154
-4816
-4970
-5133
-4660
-3345
-1941
-1009
-581
-102
445
1149
2125
3275
4260
4557
4463
4467
4747
5034
5230
5202
5006
4526
3827
3061
2516
2048
1544
823
-83
-1059
-1982
-2758
-3202
-3593
-4094
-4788
-5254
-7542
-9968
-8990
-6409
-5220
-6106
-8648
-9728
-8367
-5866
-3767
-3699
-4552
-5167
-5629
-4598
-2288
-1625
-2530
-3311
-3214
-2844
-3188
-3211
-2648
-2591
-2582
-2922
-3587
-3969
-3869
-3217
-2109
-1785
-2302
-3267
-3812
-2947
-1650
-761
-626
-851
-1100
-726
235
1679
2670
2998
3272
3693
4527
5313
6018
6756
7468
7829
8098
8396
8727
9241
9857
10588
10857
10788
9915
8274
7549
7668
7530
6717
4645
2607
1829
1218
178
-1029
-2228
-2754
-3343
-4556
-5265
-5583
-5683
-5507
-5480
-5199
-4932
-5055
-4872
-3816
-2441
-1336
-1060
-942
-77
921
1991
2964
3661
4159
4305
4455
4975
5348
5428
5357
5042
4877
4438
3714
3175
2636
2150
1503
569
-283
-1199
-2079
-2656
-3110
-3701
-4200
-5025
-5136
-6660
-9882
-9726
-6886
-5215
-5301
-7578
-9595
-8681
-6437
-3768
-3066
-4026
-4617
-5426
-5214
-2562
-1146
-2011
-3006
-3313
-2883
-3058
-3203
-2560
-2406
-2458
-2572
-3274
-3791
-3690
-3222
-2079
-1247
-1630
-2614
-3600
-3025
-1513
-508
-185
-348
-811
-671
198
1664
3215
3495
3445
3617
4272
5398
6157
6876
7674
7790
7837
8233
8775
9536
10061
10213
10620
10703
9553
8106
7103
7314
7417
6171
4239
2684
1605
905
-360
-1372
-1686
-2352
-3631
-4894
-5364
-5078
-5006
-5360
-5251
-4975
-4779
-4752
-4433
-3185
-1920
-1272
-880
-336
423
1199
1987
2989
3962
4259
4267
4405
4894
5330
5362
5237
5094
4683
4131
3499
2949
2607
1949
1249
468
-388
-1370
-2174
-2820
-3891
-4780
-5265
-5677
-6102
-6909
-7498
-7368
-7153
-7095
-7138
-7065
-6499
-5904
-5546
-4972
-4564
-4193
-3892
-3568
-3031
-2770
-2937
-2861
-2602
-2421
-2478
-2695
-2720
-2805
-2904
-2916
-2858
-2992
-3076
-3223
-3139
-2879
-2782
-2581
-2390
-2271
-2087
-1918
-1720
-1259
-736
-214
329
889
1524
2093
2758
3614
4288
4841
5570
6030
6411
6849
7293
7756
8279
8786
9038
9228
9545
9828
10264
9959
8628
7267
6852
6904
6268
4692
2968
1993
1397
330
-1064
-2109
-2516
-3027
-3949
-4721
-4940
-5045
-5377
-5329
-4867
-4379
-4350
-4310
-3762
-2611
-1630
-1032
-492
166
836
1427
2255
3145
3787
4015
4178
4471
4886
4913
4855
4670
4541
4102
3513
2879
2358
1806
1119
466
-238
-1054
-2015
-2778
-3306
-3592
-3957
-4513
-5189
-5491
-5910
-7838
-8978
-7544
-5772
-5267
-6113
-7714
-7924
-6663
-4655
-3262
-3474
-3994
-4530
-4860
-3621
-1917
-1882
-2801
-3458
-3369
-3277
-3525
-3155
-2751
-2757
-2789
-3249
-3582
-3564
-3226
-2450
-1627
-1492
-2030
-2800
-2778
-1658
-493
275
353
49
28
517
1590
3009
3944
4257
4151
4305
5125
6037
6690
7454
7889
7877
7892
8211
8828
9687
10125
10429
9972
8439
7399
7016
7143
7087
5579
3417
2203
1591
1139
-150
-1536
-1965
-2474
-3549
-4422
-4860
-4875
-4932
-5136
-4781
-4361
-4456
-4632
-4238
-2967
-1514
-990
-804
-355
412
1259
2130
3044
3855
3942
3870
4126
4594
5032
5019
4718
4593
4342
3684
3149
2652
2262
1578
767
110
-644
-1537
-2329
-2812
-3608
-4565
-5343
-5761
-6181
-6576
-6950
-7157
-7139
-7050
-7009
-6755
-6177
-5628
-5356
-5067
-4561
-4094
-3790
-3456
-3014
-2742
-2719
-2823
-2732
-2579
-2564
-2621
-2690
-2759
-2889
-3037
-3061
-2933
-2888
-2945
-2972
-2864
-2662
-2468
-2225
-2100
-1982
-1743
-1465
-1173
-606
-56
449
1015
1505
2029
2797
3483
4193
4784
5351
5909
6363
6716
7161
7573
8085
8488
8875
9124
9484
9799
10198
9971
8714
7383
6885
7089
6660
5008
3016
2020
1653
1276
-169
-1614
-2403
-2869
-3509
-4081
-4444
-4527
-4931
-5202
-4778
-4259
-4073
-4051
-3690
-2660
-1637
-1180
-814
-183
662
1468
2154
2802
3367
3480
3777
4140
4655
4781
4505
4167
4106
3998
3548
2991
2384
1780
1015
275
-282
-918
-1727
-2460
-2967
-3345
-3845
-4437
-5005
-5156
-5647
-6425
-7372
-7721
-6991
-5920
-5593
-5960
-6557
-6649
-5803
-4602
-3617
-3505
-3876
-4146
-3917
-3308
-2607
-2538
-2910
-3164
-3316
-3345
-3301
-3196
-3015
-2952
-3051
-3131
-3293
-3274
-2917
-2395
-1855
-1813
-2009
-2081
-1945
-1342
-678
-58
335
549
743
1194
1934
2920
3657
4025
4506
4997
5501
5995
6564
7196
7666
7829
7977
8341
8878
9530
9771
9975
9477
8178
7106
6895
7104
6624
4781
2893
2030
1723
1239
-228
-1553
-2009
-2609
-3458
-4102
-4472
-4497
-4742
-4924
-4530
-4250
-4152
-4109
-3725
-2530
-1484
-1087
-841
-287
451
1445
2170
2860
3373
3507
3687
4008
4384
4533
4408
4106
4012
3660
3211
2670
2112
1663
972
277
-428
-1157
-1936
-2456
-3129
-4261
-5258
-5947
-6015
-6029
-6232
-6850
-7571
-7794
-7171
-6369
-5831
-5607
-5732
-5729
-5215
-4338
-3655
-3414
-3326
-3220
-3261
-3059
-2765
-2643
-2532
-2550
-2560
-2670
-2964
-3085
-3049
-2860
-2730
-2759
-2975
-3034
-2840
-2481
-2081
-1890
-1830
-1869
-1784
-1406
-786
-165
384
823
1307
1803
2455
3188
3879
4574
5151
5729
6082
6335
6691
7333
7952
8283
8608
8729
8895
9146
9414
9614
9025
7847
6959
6767
6729
5829
3686
2116
2001
1895
1016
-695
-2019
-2375
-2758
-3347
-3695
-3901
-4198
-4790
-4988
-4272
-3526
-3498
-3542
-2977
-2012
-1312
-1080
-546
325
1122
1664
2126
2761
3209
3366
3620
4204
4510
4411
3999
3762
3709
3413
2982
2509
1953
1293
469
-190
-579
-1149
-1968
-2667
-3363
-4128
-5051
-6353
-6782
-6238
-5802
-6034
-6818
-7613
-7474
-6677
-5466
-4707
-4803
-5117
-5174
-4744
-3716
-2872
-2710
-2986
-3246
-3068
-2874
-2757
-2518
-2364
-2420
-2595
-2912
-3065
-3127
-2992
-2543
-2223
-2263
-2497
-2678
-2445
-1934
-1464
-1189
-1206
-1275
-1054
-423
403
1182
1622
1929
2292
2902
3677
4507
5162
5642
6106
6455
6960
7433
7745
8006
8477
9000
9467
9557
9512
9377
8714
7768
7154
7227
7208
5898
3675
1944
1602
1979
1353
-292
-1864
-2722
-3124
-3412
-3720
-3797
-4218
-4843
-4989
-4470
-3914
-3713
-3681
-3036
-1955
-1356
-1180
-885
-21
984
1748
2272
2742
2965
3097
3384
4044
4616
4432
3926
3635
3473
3308
2954
2557
2005
1235
405
-201
-633
-1270
-1993
-2675
-3293
-4036
-5027
-6330
-6904
-6288
-5660
-5855
-6646
-7560
-7739
-6888
-5547
-4578
-4611
-5077
-5269
-4882
-3896
-2899
-2611
-2794
-3086
-3194
-3030
-2907
-2658
-2413
-2436
-2581
-2850
-3173
-3269
-3001
-2558
-2109
-2147
-2457
-2704
-2531
-2026
-1525
-1247
-1223
-1238
-1017
-524
210
1047
1685
2075
2423
2932
3621
4410
5105
5621
6019
6311
6822
7267
7481
7857
8268
8628
8942
9047
9208
9376
8576
7302
6609
6777
6983
5965
3467
1923
1617
1655
1243
-307
-1719
-2411
-3118
-3494
-3453
-3663
-4068
-4691
-4772
-4024
-3742
-3768
-3510
-2914
-1888
-1319
-1150
-642
40
680
1494
2156
2729
2878
2798
3181
3758
4140
4121
3765
3566
3347
2903
2587
2291
1689
1067
291
-264
-699
-1379
-2074
-2727
-3352
-4174
-4979
-5965
-6295
-5870
-5747
-6090
-6653
-7177
-7074
-6412
-5524
-4916
-4977
-5012
-4890
-4522
-3771
-3115
-3022
-3053
-3087
-2925
-2846
-2840
-2677
-2547
-2552
-2679
-2915
-3129
-3148
-3073
-2766
-2486
-2417
-2495
-2613
-2437
-2016
-1711
-1452
-1377
-1278
-843
-268
384
964
1427
1873
2500
3155
3729
4261
4804
5490
5974
6279
6604
6965
7276
7666
8000
8387
8680
9015
9199
9072
8391
7271
6519
6608
6847
5951
3995
2130
1443
1514
1256
106
-1312
-2420
-3052
-3398
-3378
-3479
-3852
-4482
-4667
-4281
-3726
-3551
-3407
-2876
-2067
-1338
-932
-635
-44
661
1376
2142
2667
2828
2800
3075
3537
4106
4140
3842
3388
3140
2940
2618
2253
1733
1025
446
-236
-803
-1258
-1961
-2535
-3120
-3783
-4544
-5168
-5931
-6382
-6022
-5641
-5791
-6277
-6784
-6689
-6015
-5121
-4525
-4457
-4547
-4484
-4194
-3507
-2818
-2653
-2848
-3035
-3008
-2979
-2949
-2779
-2607
-2675
-2790
-2980
-3162
-3187
-2996
-2615
-2256
-2226
-2353
-2414
-2191
-1729
-1338
-1079
-887
-689
-320
161
764
1494
2022
2612
3140
3564
4105
4785
5358
5872
6224
6653
7158
7486
7744
8141
8543
8913
8997
9138
9245
8525
7345
6485
6424
6642
5604
3704
2213
1618
1565
987
-494
-1674
-2435
-2886
-3099
-3499
-3727
-4102
-4543
-4384
-3849
-3565
-3422
-3355
-2831
-1940
-1293
-769
-417
80
838
1533
2211
2708
2913
3064
3333
3748
4083
3969
3650
3430
3239
3066
2717
2149
1498
842
306
-116
-627
-1252
-1998
-2641
-3014
-3262
-3662
-4291
-5020
-5212
-5475
-6116
-6024
-5485
-5269
-5364
-5659
-5754
-5377
-4810
-4085
-3799
-3883
-3771
-3869
-3693
-2955
-2643
-2831
-3105
-3222
-3148
-3219
-3183
-2981
-2961
-3064
-3167
-3233
-3105
-2891
-2600
-2153
-1784
-1604
-1615
-1754
-1402
-769
-261
207
446
621
891
1380
2149
2915
3460
3861
4115
4465
5019
5410
5948
6649
6908
7062
7080
7174
7653
8215
8642
8933
8423
7286
6303
5992
6576
6597
5173
3087
1719
1516
1699
996
-253
-1322
-2103
-2536
-2954
-3276
-3307
-3562
-3843
-3781
-3445
-3186
-3278
-3224
-2381
-1316
-757
-737
-657
-43
829
1589
2253
2638
2705
2656
2773
3315
3737
3708
3336
3050
2831
2633
2278
1830
1396
784
228
-354
-838
-1365
-1954
-2418
-2653
-2864
-3414
-4199
-4869
-4834
-5084
-5425
-4973
-4542
-4788
-5289
-5580
-5210
-4463
-3893
-3620
-3914
-4023
-3863
-3743
-3256
-2562
-2585
-3096
-3412
-3192
-2990
-3060
-3005
-2914
-3127
-3332
-3436
-3284
-2975
-2733
-2488
-2179
-1968
-1854
-1734
-1570
-1017
-554
-205
34
231
599
966
1470
2123
2605
2981
3227
3672
4219
4819
5400
5699
5841
5965
6230
6675
7165
7479
7654
7735
7813
8022
7856
7183
6403
5990
6052
5841
4578
2993
2005
1732
1615
987
-29
-1019
-2057
-2710
-2842
-2688
-2615
-3147
-3857
-3954
-3514
-3032
-2655
-2502
-2067
-1734
-1501
-1023
-324
370
920
1286
1780
2208
2256
2385
2723
3143
3412
3209
2918
2743
2500
2279
2020
1809
1418
687
-24
-481
-883
-1278
-1700
-2164
-2516
-3072
-3815
-4282
-4503
-4954
-5161
-4722
-4564
-5002
-5506
-5598
-5118
-4437
-3960
-3909
-4145
-4068
-3862
-3648
-3018
-2501
-2703
-3044
-3008
-2847
-2808
-2816
-2624
-2528
-2685
-2844
-2935
-2839
-2624
-2305
-2025
-1844
-1769
-1759
-1568
-1247
-815
-515
-291
-72
109
430
912
1463
2027
2323
2540
2914
3486
4066
4385
4865
5490
5897
6040
6067
6083
6332
6866
7517
7764
7559
7321
7338
7119
6722
6365
6085
5885
5409
4183
2915
2037
1947
1794
873
-36
-828
-1605
-2098
-2335
-2420
-2361
-2804
-3240
-3373
-3108
-2658
-2376
-2213
-1714
-1389
-1226
-965
-493
264
858
1141
1563
1884
1898
2063
2249
2656
2877
2656
2445
2286
2095
1844
1551
1347
1030
358
-216
-710
-1014
-1304
-1779
-2113
-2743
-3722
-4537
-4423
-3853
-3783
-4511
-5483
-5693
-5252
-4651
-4187
-4083
-4302
-4559
-4593
-3984
-3176
-2970
-3166
-3315
-3182
-2948
-2913
-2809
-2601
-2567
-2598
-2726
-2820
-2804
-2849
-2632
-2261
-2120
-2183
-2379
-2259
-1756
-1271
-957
-878
-993
-992
-755
-187
482
978
1158
1268
1613
2047
2538
3029
3571
4005
4308
4499
4808
5101
5429
5846
6011
6173
6398
6434
6457
6673
6979
7290
7139
6323
5472
4931
5152
5414
4901
3403
1813
971
1056
1487
1046
-171
-1577
-2322
-2326
-2183
-2114
-2327
-2776
-3121
-3194
-2866
-2418
-2168
-2097
-1760
-1270
-877
-841
-660
-21
767
1213
1404
1440
1520
1550
1775
2218
2541
2351
1802
1401
1282
1334
1084
745
304
-167
-779
-1271
-1569
-1792
-2257
-2766
-3046
-3457
-3742
-4294
-5135
-4865
-4144
-4079
-4822
-5471
-5453
-4830
-4228
-3697
-3804
-4287
-4257
-4123
-3675
-2928
-2784
-3192
-3370
-3208
-2923
-2939
-2906
-2678
-2697
-2786
-2724
-2697
-2621
-2522
-2270
-1866
-1709
-1694
-1732
-1591
-1007
-666
-556
-394
-252
-10
331
838
1377
1738
1982
2283
2649
3197
3582
3796
4225
4605
4843
5057
5363
5641
5729
5721
5910
6214
6549
6738
6754
6555
6007
5336
4944
5137
5391
4811
3475
2122
1301
1327
1459
1089
311
-839
-1870
-2222
-2064
-1786
-1997
-2621
-2904
-2862
-2676
-2423
-2307
-2099
-1622
-1316
-1049
-890
-645
-217
278
888
1320
1306
1140
1172
1393
1825
2058
2048
1709
1202
939
803
784
755
326
-299
-795
-1256
-1671
-1884
-2298
-2941
-3404
-3476
-3549
-4018
-4539
-4896
-4839
-4560
-4447
-4578
-4779
-4654
-4469
-4168
-3732
-3557
-3653
-3780
-3598
-3247
-2972
-2897
-2904
-2860
-2818
-2713
-2612
-2539
-2531
-2568
-2447
-2280
-2171
-2140
-2012
-1790
-1492
-1254
-1084
-984
-913
-795
-578
-152
208
484
733
1020
1338
1740
2005
2406
2841
3290
3560
3684
3955
4368
4788
5077
5261
5224
5333
5504
5734
5401
5042
4904
4793
5387
5755
4981
3718
2790
2816
3293
3203
2579
1387
197
-26
16
74
34
-783
-1642
-1807
-1587
-1408
-1548
-1701
-1555
-1431
-1307
-1211
-1158
-963
-689
-379
163
353
152
-37
174
856
1268
1198
980
762
545
613
718
851
693
155
-158
-333
-466
-732
-1110
-1271
-1442
-1781
-2111
-2395
-2754
-3010
-3124
-2991
-3060
-3499
-3881
-4057
-3825
-3578
-3507
-3579
-3685
-3726
-3652
-3453
-3168
-3056
-3150
-3134
-3058
-3035
-3014
-2961
-2806
-2645
-2705
-2735
-2792
-2821
-2709
-2456
-2256
-2126
-2018
-2006
-1847
-1513
-1143
-882
-695
-627
-564
-447
-141
194
556
816
1048
1313
1535
1798
2086
2497
2910
3083
3181
3384
3627
3863
4082
4140
4292
4469
4636
4734
4781
4851
4962
5099
5302
5290
4749
4152
3918
4015
4152
3836
3095
2370
1876
1728
1481
1207
766
283
-232
-498
-698
-893
-1222
-1395
-1280
-1207
-1232
-1436
-1590
-1542
-1144
-701
-453
-551
-676
-596
-292
191
553
552
424
231
228
432
656
615
435
125
-37
-181
-303
-360
-603
-885
-1245
-1485
-1741
-2078
-2482
-2728
-2760
-2809
-3129
-3461
-3651
-3764
-3679
-3565
-3532
-3544
-3656
-3715
-3631
-3329
-3134
-3133
-2989
-2899
-2937
-2926
-2794
-2572
-2372
-2373
-2384
-2358
-2413
-2337
-2120
-1936
-1820
-1830
-1885
-1730
-1480
-1198
-969
-907
-872
-835
-719
-477
-116
216
499
642
848
1135
1502
1957
2338
2546
2672
2890
3204
3536
3804
3922
3986
4152
4296
4464
4562
4605
4640
4706
4859
4995
5176
4893
4214
3698
3685
3956
3766
3068
2315
1894
1708
1488
1238
1037
628
-9
-466
-520
-527
-757
-1047
-1036
-1003
-1152
-1367
-1274
-961
-807
-807
-736
-575
-553
-637
-514
-140
177
110
-62
-57
-24
-160
-219
-52
-64
-331
-736
-989
-1042
-1159
-1400
-1646
-1802
-2066
-2446
-2676
-2613
-2577
-2853
-3099
-3183
-3179
-3232
-3257
-3227
-3191
-3099
-3052
-2929
-2815
-2763
-2791
-2692
-2448
-2291
-2315
-2397
-2380
-2313
-2176
-2057
-2021
-2083
-2137
-2080
-1930
-1715
-1624
-1595
-1419
-1269
-1073
-989
-935
-780
-625
-512
-281
-61
205
517
700
917
1102
1414
1713
2043
2342
2620
2801
2937
3127
3369
3654
3791
3818
3768
3808
3924
4043
4195
4433
4616
4527
4333
3876
3528
3536
3579
3549
3309
2786
2138
1589
1492
1462
1344
1043
562
72
-171
-288
-392
-353
-416
-559
-775
-957
-1002
-958
-879
-615
-445
-398
-548
-735
-648
-370
-57
88
22
-204
-486
-566
-349
-182
-94
-404
-790
-1094
-1283
-1312
-1365
-1508
-1740
-2004
-2330
-2494
-2643
-2730
-2815
-2895
-2956
-3070
-3227
-3358
-3337
-3201
-2918
-2812
-2866
-3010
-3087
-2883
-2627
-2416
-2281
-2332
-2456
-2429
-2261
-2107
-2026
-2028
-2013
-2042
-2023
-1946
-1816
-1576
-1415
-1190
-1093
-1084
-1114
-1149
-970
-654
-414
-260
-134
-22
149
390
795
1146
1410
1600
1689
1838
1996
2276
2569
2829
3012
3052
2936
2789
2969
3271
3485
3529
3357
3012
2946
3243
3561
3795
3578
2958
2351
2275
2480
2678
2641
2251
1713
1305
1161
1149
1094
958
706
347
140
79
-3
-60
-121
-125
-110
-184
-295
-437
-509
-426
-209
-105
-175
-463
-633
-561
-352
-172
-191
-305
-637
-833
-890
-771
-661
-779
-1090
-1459
-1641
-1698
-1696
-1777
-2025
-2229
-2397
-2481
-2555
-2632
-2692
-2772
-2839
-2940
-3022
-3045
-3026
-2970
-2819
-2718
-2771
-2809
-2842
-2787
-2604
-2402
-2295
-2355
-2435
-2491
-2365
-2197
-2033
-1937
-1956
-1961
-1959
-1815
-1594
-1397
-1223
-1171
-1133
-1090
-978
-767
-638
-452
-257
-38
115
211
344
637
929
1258
1534
1665
1748
1815
2006
2274
2487
2568
2650
2711
2742
2809
2784
2602
2606
2692
2854
2822
2699
2577
2448
2556
2779
2856
2774
2399
2027
2009
2051
2130
2162
1852
1561
1406
1240
1322
1313
1258
1160
941
802
694
607
566
494
486
424
265
177
13
-207
-140
-31
76
-50
-402
-544
-506
-308
-169
-293
-507
-780
-986
-957
-784
-830
-1111
-1353
-1490
-1579
-1677
-1780
-1848
-1915
-2018
-2172
-2287
-2267
-2224
-2245
-2176
-2218
-2386
-2492
-2434
-2323
-2321
-2231
-2160
-2187
-2174
-2175
-2119
-1988
-1894
-1815
-1790
-1781
-1722
-1546
-1402
-1240
-1063
-1031
-1002
-958
-887
-805
-646
-519
-471
-399
-389
-302
-76
127
276
389
483
585
815
989
1251
1404
1508
1569
1709
1949
2019
2132
2127
2212
2340
2525
2650
2736
2631
2524
2522
2670
2800
2796
2684
2487
2383
2408
2529
2693
2719
2563
2280
2066
2053
2122
2140
2016
1904
1718
1618
1545
1502
1505
1334
1125
1010
985
896
877
831
660
480
372
284
225
202
67
7
-92
-199
-313
-412
-352
-431
-607
-730
-779
-799
-904
-1003
-1047
-1135
-1141
-1125
-1159
-1189
-1352
-1495
-1593
-1538
-1510
-1635
-1699
-1755
-1783
-1783
-1758
-1721
-1761
-1894
-1933
-1891
-1833
-1748
-1766
-1773
-1709
-1596
-1566
-1491
-1424
-1367
-1303
-1179
-1035
-945
-905
-940
-904
-848
-698
-527
-459
-371
-323
-259
-96
76
180
294
399
550
681
810
912
1047
1214
1299
1407
1413
1563
1660
1718
1861
1895
1985
2010
2044
2133
2161
2188
2221
2153
2167
2262
2211
2139
2032
1938
1936
1933
1993
1955
1873
1837
1798
1718
1739
1710
1677
1560
1490
1360
1224
1218
1174
1182
1049
980
855
775
714
701
752
688
554
439
347
267
191
111
46
-85
-276
-287
-300
-379
-389
-424
-509
-638
-706
-828
-915
-947
-999
-1019
-1042
-1121
-1285
-1359
-1426
-1439
-1513
-1573
-1615
-1647
-1610
-1574
-1569
-1666
-1700
-1708
-1714
-1725
-1656
-1633
-1607
-1616
-1508
-1390
-1390
-1324
-1308
-1169
-1128
-1040
-995
-948
-913
-866
-826
-796
-778
-850
-808
-716
-597
-560
-511
-502
-396
-196
-25
69
210
292
367
524
639
766
801
876
911
1007
1109
1157
1191
1286
1349
1399
1448
1503
1537
1504
1545
1606
1694
1606
1510
1452
1325
1292
1290
1341
1339
1240
1059
950
1001
1073
1073
996
869
762
777
776
836
812
739
656
586
611
681
677
613
530
500
460
390
414
416
344
248
182
142
88
25
-60
-104
-107
-178
-306
-359
-392
-411
-460
-515
-608
-698
-776
-831
-829
-875
-970
-1069
-1156
-1199
-1238
-1237
-1222
-1229
-1242
-1264
-1253
-1271
-1322
-1362
-1292
-1270
-1276
-1267
-1302
-1335
-1302
-1249
-1190
-1111
-1124
-1138
-1084
-1011
-895
-843
-724
-724
-804
-763
-711
-583
-533
-517
-471
-496
-442
-391
-280
-186
-89
5
143
173
243
341
425
567
631
718
830
864
864
880
957
1030
1131
1132
1116
1101
1038
1130
1243
1290
1301
1286
1184
1124
1160
1229
1264
1370
1351
1284
1193
1121
1081
1185
1324
1373
1257
1041
934
986
1063
1118
1127
1026
951
896
888
796
878
867
833
770
718
603
471
514
537
495
433
453
361
208
171
229
242
297
239
161
77
26
83
112
140
81
57
-44
-94
-128
-178
-155
-132
-145
-208
-327
-385
-395
-302
-231
-199
-238
-408
-490
-456
-360
-255
-252
-351
-430
-476
-464
-335
-235
-205
-159
-103
-105
-104
-86
-83
-15
102
168
190
138
97
81
177
256
358
360
246
221
232
302
379
452
440
424
402
416
386
407
483
555
550
603
583
593
654
686
773
802
813
748
713
732
837
901
944
855
691
638
603
655
687
702
669
622
571
650
680
714
739
672
650
555
509
479
472
523
440
391
366
303
299
250
271
284
331
307
208
156
98
139
202
269
264
164
-13
-38
44
51
101
118
49
-73
-173
-173
-76
12
-6
-123
-172
-160
-101
-14
16
-99
-127
-166
-187
-180
-236
-219
-190
-165
-124
-141
-180
-229
-294
-221
-193
-199
-203
-242
-335
-369
-313
-213
-177
-206
-226
-201
-217
-232
-184
-128
-71
-63
-53
-46
-90
-123
-102
-6
68
60
-16
-72
-86
-65
28
64
54
31
64
130
175
87
115
202
248
232
229
178
154
202
186
248
260
199
134
71
128
225
243
296
329
289
290
408
418
431
435
350
300
294
299
278
225
249
142
54
136
171
109
72
75
106
43
12
57
26
51
64
39
-31
-75
-48
-28
-101
-199
-206
-242
-207
-209
-166
-226
-205
-235
-259
-190
-233
-304
-390
-411
-461
-415
-422
-464
-501
-536
-527
-528
-507
-402
-417
-470
-473
-484
-484
-420
-376
-415
-408
-383
-356
-390
-396
-447
-413
-406
-396
-327
-306
-344
-345
-366
-372
-303
-257
-219
-315
-334
-286
-198
-151
-112
-109
-137
-94
6
62
91
135
88
52
91
150
190
192
164
117
152
195
233
273
274
245
288
302
351
361
338
274
257
267
326
349
309
251
169
131
146
152
142
183
169
176
127
137
111
75
71
96
136
106
107
67
4
14
80
35
-18
4
-18
-50
-27
-56
-27
-92
-131
-74
-97
-138
-175
-138
-173
-189
-183
-164
-166
-240
-244
-208
-178
-207
-211
-228
-256
-252
-249
-185
-202
-175
-188
-221
-190
-148
-177
-233
-256
-225
-210
-241
-242
-268
-274
-231
-200
-165
-171
-181
-202
-223
-241
-168
-175
-197
-204
-182
-198
-143
-96
-125
-57
-49
2
-13
-71
-44
-13
31
61
70
54
113
98
61
97
137
173
231
240
210
234
187
185
229
262
293
230
192
195
141
122
238
279
241
234
173
126
65
138
224
214
231
206
207
158
167
170
118
93
70
148
171
112
56
27
1
41
112
128
12
-77
-106
-138
-86
-114
-147
-217
-278
-248
-188
-204
-230
-249
-244
-288
-321
-250
-346
-361
-344
-347
-356
-359
-360
-399
-440
-512
-492
-345
-361
-383
-437
-472
-549
-541
-458
-439
-480
-496
-476
-535
-512
-444
-423
-429
-504
-555
-549
-492
-420
-434
-438
-468
-449
-394
-368
-391
-350
-354
-328
-329
-321
-332
-354
-357
-354
-328
-301
-290
-265
-262
-253
-166
-122
-120
-136
-154
-151
-162
-184
-144
-92
-68
-66
-60
-34
-17
-14
50
80
36
-11
8
-26
29
79
88
102
120
103
20
26
68
42
90
126
135
112
63
46
15
37
83
137
131
77
43
-33
-9
-9
42
51
48
69
38
46
-22
-4
20
20
-17
-21
-79
-128
-153
-195
-169
-123
-32
-55
-88
-127
-183
-189
-188
-168
-233
-285
-286
-270
-273
-267
-293
-262
-311
-286
-293
-306
-348
-401
-381
-414
-406
-377
-369
-397
-393
-393
-404
-370
-419
-438
-468
-513
-485
-491
-488
-510
-451
-478
-456
-411
-421
-409
-439
-436
-408
-390
-381
-401
-422
-439
-424
-375
-345
-327
-375
-338
-327
-296
-270
-209
-197
-220
-199
-171
-139
-131
-83
-91
-140
-82
-131
-130
-77
-112
-64
-76
-71
-109
-137
-114
-43
-43
-35
-43
-72
-97
-98
-84
-124
-90
-129
-109
-92
-101
-138
-155
-116
-134
-141
-110
-98
-138
-154
-194
-220
-163
-148
-160
-205
-156
-194
-302
-305
-302
-282
-297
-269
-332
-338
-336
-335
-300
-278
-289
-288
-327
-354
-274
-273
-277
-284
-283
-295
-350
-351
-325
-358
-335
-348
-355
-319
-319
-356
-415
-408
-371
-351
-352
-353
-420
-400
-365
-385
-354
-341
-372
-389
-398
-376
-381
-381
-333
-332
-330
-329
-334
-348
-364
-358
-282
-277
-244
-221
-281
-274
-248
-228
-192
-123
-121
-139
-156
-152
-91
-92
-76
-65
-70
-48
-59
-24
-9
-49
-52
-45
-22
29
54
42
55
19
-4
1
-35
19
-43
-48
-17
-14
-18
-51
-49
-83
-91
-52
-52
-48
-57
-58
-35
-10
-8
2
17
6
7
2
-40
-35
-77
-101
-75
-106
-85
-104
-119
-144
-145
-133
-109
-126
-135
-153
-213
-246
-285
-226
-240
-238
-246
-272
-324
-333
-332
-370
-352
-346
-411
-472
-492
-517
-469
-453
-441
-436
-422
-413
-465
-395
-394
-419
-391
-416
-395
-394
-436
-430
-414
-386
-351
-370
-308
-343
-283
-266
-294
-200
-225
-188
-166
-197
-222
-233
-197
-178
-199
-162
-164
-161
-165
-173
-146
-104
-56
-54
-87
-56
-55
-88
-51
-37
-21
0
7
8
-68
-27
-21
21
94
62
104
133
139
139
122
130
138
122
153
122
112
120
65
28
67
60
40
59
-1
-20
2
24
15
56
110
87
48
28
45
45
25
-15
-6
9
-41
-42
-22
-48
-83
-108
-100
-98
-100
-131
-120
-149
-152
-135
-132
-209
-193
-158
-232
-233
-274
-259
-220
-279
-247
-230
-254
-213
-253
-232
-260
-261
-222
-239
-224
-213
-193
-208
-203
-212
-227
-261
-301
-280
-308
-284
-250
-245
-198
-254
-253
-301
-277
-266
-275
-244
-220
-143
-129
-138
-130
-144
-102
-61
-100
-97
-107
-80
-104
-95
-53
-66
-26
-54
-77
-100
-104
-81
-75
-45
-41
-20
-39
-21
-37
-89
-48
-42
-34
2
-40
-42
-6
-30
18
-46
-47
-50
-48
-25
-73
-47
-52
-5
-49
-36
-69
-79
-124
-212
-234
-256
-251
-201
-199
-163
-163
-182
-195
-218
-227
-247
-234
-271
-252
-234
-219
-242
-212
-275
-263
-262
-337
-332
-339
-283
-258
-316
-339
-319
-335
-374
-353
-365
-440
-456
-415
-476
-495
-494
-504
-546
-551
-560
-573
-557
-564
-533
-545
-538
-529
-499
-502
-536
-546
-616
-651
-612
-602
-584
-565
-546
-520
-504
-543
-555
-570
-580
-611
-607
-548
-540
-574
-552
-505
-512
-525
-491
-444
-488
-452
-408
-434
-420
-402
-384
-350
-360
-345
-339
-341
-338
-351
-295
-341
-315
-274
-309
-277
-311
-299
-247
-247
-242
-245
-208
-211
-187
-178
-187
-182
-206
-211
-211
-207
-172
-187
-162
-155
-182
-132
-154
-82
-119
-133
-128
-171
-196
-234
-171
-206
-174
-181
-230
-230
-258
-245
-230
-227
-255
-254
-276
-300
-287
-246
-249
-276
-289
-280
-259
-285
-334
-352
-345
-322
-350
-381
-401
-384
-369
-353
-345
-386
-308
-359
-299
-311
-340
-311
-363
-345
-344
-358
-341
-321
-337
-285
-305
-315
-290
-297
-282
-279
-319
-298
-303
-289
-268
-287
-276
-279
-258
-295
-295
-257
-243
-218
-196
-215
-252
-232
-195
-190
-233
-234
-211
-219
-163
-201
-188
-189
-193
-171
-151
-133
-135
-62
-70
-52
-44
-65
-16
-55
-47
8
-12
-26
17
22
0
28
65
59
0
54
67
73
107
89
74
26
37
49
40
-18
19
-19
-58
9
-17
-25
-41
-22
-11
-29
-47
-64
-70
-71
-82
-78
-73
-54
-84
-39
-86
-96
-91
-95
-119
-152
-130
-134
-84
-69
-117
-164
-180
-167
-163
-179
-181
-201
-210
-279
-215
-234
-297
-286
-243
-204
-273
-270
-252
-257
-286
-268
-282
-313
-310
-293
-271
-247
-249
-267
-241
-232
-232
-215
-214
-218
-250
-243
-222
-227
-166
-184
-143
-160
-190
-184
-180
-162
-172
-182
-181
-173
-180
-143
-113
-104
-133
-117
-61
-80
-103
-72
-115
-119
-115
-92
-89
-106
-51
-41
-29
-9
1
-32
-28
-22
-17
-38
3
0
4
10
-7
-5
-5
9
31
31
36
47
25
8
-2
-21
13
11
-5
-9
19
9
24
18
5
-14
-23
-10
-33
-12
-8
12
-73
-58
-87
-102
-73
-121
-132
-134
-84
-123
-150
-141
-95
-133
-136
-174
-155
-153
-182
-176
-180
-145
-194
-178
-213
-172
-204
-239
-206
-183
-190
-208
-218
-178
-165
-160
-144
-145
-148
-170
-149
-149
-124
-123
-101
-97
-103
-126
-141
-135
-151
-137
-176
-119
-119
-80
-78
-89
-80
-93
-99
-106
-154
-107
-114
-90
-94
-71
-21
-9
-20
-61
-61
-64
-27
-37
6
-35
3
23
-5
18
27
45
40
32
47
53
73
56
95
93
92
124
75
65
34
20
26
65
33
54
73
92
82
90
115
76
87
73
86
89
43
21
-26
1
12
-37
-43
-92
-94
-104
-108
-98
-60
-87
-120
-98
-96
-91
-87
-120
-167
-134
-113
-128
-112
-115
-142
-140
-189
-191
-182
-173
-148
-158
-134
-129
-156
-154
-178
-202
-229
-229
-218
-194
-198
-196
-192
-174
-166
-166
-166
-212
-210
-159
-131
-110
-144
-137
-133
-144
-138
-189
-176
-197
-160
-133
-114
-122
-101
-84
-52
-87
-107
-71
-46
-17
-24
-23
-15
25
-27
3
27
-8
-7
18
4
-7
38
73
96
93
87
25
27
14
31
63
-1
9
-3
-13
38
5
-6
-15
-1
26
-8
4
-18
15
39
17
-19
48
34
5
23
-28
-30
-9
4
18
9
10
8
-17
19
59
11
-14
6
-15
12
51
19
31
5
-15
-21
-39
-19
-51
-32
-67
-57
-55
-49
-69
-59
-95
-115
-139
-156
-133
-118
-145
-143
-103
-113
-114
-133
-136
-127
-133
-101
-144
-138
-109
-116
-106
-117
-145
-137
-129
-131
-160
-143
-107
-97
-62
-94
-95
-88
-77
-69
-51
-12
-25
-13
-41
-65
-49
-7
-13
-1
-8
-26
-64
-24
-19
-6
49
42
88
45
66
-5
-10
4
15
-22
24
14
1
43
52
53
62
61
41
38
79
89
75
99
82
70
54
32
-7
42
59
62
82
42
60
67
60
51
47
39
13
31
36
6
15
19
13
-15
-14
-46
-23
-16
-50
-92
-31
9
-42
-39
-50
-65
-105
-97
-152
-158
-188
-199
-181
-205
-191
-179
-176
-220
-181
-161
-116
-142
-135
-103
-107
-130
-100
-127
-159
-187
-173
-158
-221
-170
-208
-178
-193
-172
-161
-196
-164
-165
-169
-152
-151
-178
-126
-98
-116
-118
-125
-146
-136
-144
-153
-143
-159
-127
-93
-50
-45
-61
-39
-75
-25
-87
-65
-27
-45
-47
-54
9
19
7
-1
6
10
47
62
83
103
82
60
39
61
74
63
70
109
88
66
76
91
96
107
110
116
97
69
87
71
98
93
87
122
99
101
98
23
11
14
3
43
48
39
44
28
38
30
16
-7
18
38
7
-11
-55
8
-13
-25
7
-12
-2
-9
-22
-23
-5
-17
-56
-34
-14
7
-13
-18
-37
-52
-44
-37
-29
-3
-56
-78
-63
-92
-62
-63
-75
-101
-87
-53
-83
-100
-83
-109
-132
-81
-92
-78
-74
-38
-35
-62
-31
-30
-3
-13
-10
-12
-37
-36
-45
-8
-27
-29
-27
30
-6
12
35
29
26
60
63
35
71
39
54
69
54
86
77
56
79
45
97
58
29
29
16
14
1
35
55
65
71
99
95
73
83
92
91
97
83
73
105
77
45
98
140
133
114
162
98
120
107
95
98
79
50
59
95
104
130
99
85
72
54
11
19
59
69
75
54
49
72
73
92
96
96
34
19
10
36
21
15
33
15
12
-44
18
-41
-47
-16
-21
-10
-3
2
-26
8
6
24
10
29
52
27
30
23
12
-2
-41
30
40
11
-3
26
22
48
48
31
3
35
27
12
40
1
42
26
89
45
45
38
16
29
12
60
10
40
67
31
62
52
46
87
99
57
78
134
131
129
99
73
79
66
70
57
74
108
96
106
137
131
144
94
139
144
136
155
73
113
87
73
90
16
58
74
51
65
93
98
71
42
41
67
76
53
19
32
10
-6
25
24
22
1
-21
-34
-10
-18
15
9
21
2
-50
-23
-29
-9
0
-3
-12
-41
-18
5
-35
-22
-15
-35
-8
-7
-54
-28
-14
-8
-46
-59
-50
-69
-87
-93
-64
-28
-28
-23
-32
-27
-47
-89
-95
-79
-40
-65
-71
-78
-50
-29
-46
-41
-77
-9
-33
-40
-31
-41
-12
-35
-30
-13
-45
-40
-27
5
-41
-49
-11
-22
-34
-24
-28
-35
-2
18
22
-26
-11
-10
41
20
0
4
-34
-52
-41
-53
-66
-78
-11
12
12
21
2
-5
-26
-23
-22
-20
-5
-14
-12
40
12
-43
9
-2
-52
-44
-30
6
5
0
43
55
-27
11
23
-54
20
-33
-16
30
-6
-18
-21
-30
-17
-4
-1
18
-32
11
5
-27
20
4
-29
-10
-41
-46
-6
-33
6
17
-30
-16
-14
-42
-40
-25
-7
6
-26
-1
-12
-22
-15
7
31
-16
-35
-41
-11
-39
-62
-29
-21
10
-29
-9
25
24
9
30
28
13
39
-4
-19
3
27
7
6
19
32
41
58
39
38
48
41
60
37
14
-18
-1
23
17
0
35
35
18
94
76
67
60
59
49
70
59
32
0
-9
47
3
26
44
1
48
65
36
48
22
7
-14
-31
-22
-18
-57
-56
-67
-64
-68
-55
-50
-77
-103
-57
-43
-78
-84
-74
-98
-122
-137
-147
-144
-104
-96
-84
-52
-84
-85
-81
-71
-121
-93
-97
-82
-88
-84
-66
-111
-99
-166
-151
-108
-143
-163
-109
-123
-141
-168
-165
-163
-137
-128
-132
-130
-126
-84
-85
-102
-104
-97
-93
-110
-97
-44
-59
-100
-55
-79
-38
-58
-88
-60
-43
-67
-46
-19
-22
2
-46
-14
-46
-30
-15
-40
-5
-38
-35
-26
-7
41
41
20
42
83
37
25
31
21
-14
19
6
9
62
48
61
34
43
26
27
-22
0
12
33
3
1
23
-36
-1
-33
1
20
26
-4
-3
58
55
40
19
29
-5
25
-1
-43
-15
-23
9
-17
-27
-7
-12
-38
-45
-72
-46
-15
1
10
-51
-47
-35
-50
-65
-68
-70
-49
-65
-31
-29
-19
-38
-23
-17
-13
1
-38
-41
-48
-2
-37
-17
-34
-79
-67
-86
-36
-67
-61
-64
-76
-48
-53
-4
-10
-31
-46
-36
-41
-53
-29
-44
-30
-50
-66
-64
-56
-52
-42
-38
-14
2
-53
-39
-42
-39
-66
-72
-74
-48
-37
-65
-35
-75
-69
-14
49
69
80
88
27
35
-1
-6
-3
-47
-23
1
38
-14
-20
4
2
-3
7
28
75
72
86
117
97
52
79
94
87
54
57
55
13
35
44
28
47
49
14
40
21
35
24
0
-17
-16
29
-8
3
1
-52
-44
-85
-62
-79
-102
-65
-72
-32
-17
-66
-74
-43
-92
-96
-87
-84
-102
-93
-118
-137
-130
-129
-104
-84
-59
-77
-84
-90
-88
-70
-48
-32
-72
-69
-73
-98
-59
-100
-123
-89
-72
-98
-109
-71
-101
-107
-89
-119
-105
-119
-97
-74
-98
-113
-103
-79
-98
-80
-116
-129
-117
-111
-89
-72
-63
-58
-50
-4
-18
-37
-3
16
-16
-16
-4
-44
3
-8
13
73
94
58
26
42
58
62
52
4
3
-7
47
7
-10
-7
18
22
25
37
-32
-33
1
-7
-15
21
-6
-28
-30
-6
-42
-28
-51
-49
-32
-27
-55
-91
-60
-98
-34
-34
-83
-58
-85
-93
-71
-98
-91
-131
-102
-124
-141
-122
-130
-117
-111
-92
-93
-87
-55
-34
-99
-84
-54
-139
-117
-157
-170
-128
-134
-122
-116
-119
-148
-120
-153
-131
-157
-161
-158
-182
-145
-134
-120
-120
-137
-117
-131
-139
-140
-115
-140
-147
-140
-101
-89
-168
-91
-89
-111
-125
-84
-79
-110
-93
-65
-85
-81
-83
-114
-45
-86
-60
1
-6
9
-35
4
-37
-19
26
-27
12
-23
-18
-11
20
10
-19
-29
-31
-19
-28
10
39
46
51
36
21
30
13
15
23
-15
39
27
52
66
53
79
48
66
49
30
53
34
70
75
61
81
36
23
36
66
30
22
31
25
22
36
53
27
23
42
48
44
30
16
9
38
36
36
37
-11
1
13
8
-25
15
-24
-3
2
-1
-12
-9
-38
-62
-28
-41
-42
-5
26
-47
-33
-56
-29
-33
-44
2
8
2
-14
-38
-10
-36
-45
-24
7
-18
9
13
-39
-35
14
24
33
53
34
40
16
18
12
14
-6
49
57
37
57
65
42
6
43
12
-22
0
20
7
4
6
-24
-24
-6
-15
37
-3
2
65
50
50
43
42
65
91
84
117
122
97
122
104
88
145
132
178
180
81
97
116
121
120
114
130
99
60
102
82
73
93
84
131
91
115
101
123
88
66
87
48
102
59
59
80
119
78
47
83
63
42
14
44
37
57
55
46
82
71
61
40
54
70
26
31
2
-19
-33
-71
-41
32
6
-1
6
22
63
33
36
32
24
37
2
7
20
44
46
55
8
7
50
60
68
64
56
58
59
36
26
8
-30
16
23
27
59
64
44
34
22
2
46
45
47
45
70
74
79
41
85
94
96
63
54
74
106
139
154
158
104
125
78
120
109
64
82
50
95
108
118
119
138
114
79
97
127
67
77
104
116
120
82
101
101
81
88
99
30
64
26
25
62
66
51
22
59
17
40
6
38
33
50
28
-26
19
21
19
15
46
32
11
4
46
30
55
40
51
69
54
93
63
103
97
90
65
76
83
52
105
106
131
130
101
132
154
83
68
69
65
37
9
36
36
45
52
62
72
92
64
95
119
109
85
80
100
89
79
130
142
83
132
143
164
150
123
110
115
100
128
145
132
133
157
146
151
164
126
139
147
100
59
91
91
65
143
166
172
200
186
185
115
65
54
121
92
134
146
140
137
133
120
61
87
117
82
88
125
129
177
158
133
96
102
90
116
111
118
130
101
77
59
90
37
40
99
61
33
49
72
53
64
73
62
69
56
11
31
42
49
67
52
47
79
52
38
57
55
60
50
66
77
66
51
80
92
89
42
44
76
106
124
97
75
46
71
93
50
61
66
99
87
122
92
78
83
81
96
84
81
96
118
109
101
135
127
141
176
159
178
174
171
193
156
140
152
135
171
153
172
191
167
141
138
161
119
137
69
96
170
103
97
164
158
137
148
147
138
122
95
52
115
134
153
162
174
187
194
159
155
177
156
129
156
166
130
167
151
138
167
184
150
154
109
145
155
118
139
138
122
126
120
95
104
116
87
104
130
107
100
60
65
24
67
72
49
39
63
59
83
87
51
42
85
72
90
96
28
-13
12
46
63
68
56
88
79
64
50
73
77
99
131
70
45
90
88
79
100
112
126
137
132
158
139
144
147
109
140
116
183
156
131
147
138
128
158
172
168
182
147
131
112
100
91
65
52
96
115
123
133
169
184
164
142
137
136
168
170
171
172
178
163
112
110
79
81
101
115
132
69
92
123
117
126
125
102
82
74
59
82
129
83
72
61
46
28
29
29
70
16
20
94
16
46
45
81
43
-2
52
-5
-10
13
11
11
9
-2
26
10
34
36
21
11
37
51
15
30
10
38
23
26
2
-39
-15
-33
-41
-17
-2
22
5
-9
1
-20
3
-37
6
33
37
73
3
6
14
45
34
39
69
81
105
69
123
107
91
84
80
95
61
74
74
59
95
103
120
94
106
152
181
165
156
126
108
143
99
107
122
146
77
72
51
-14
24
96
76
53
97
88
68
42
66
55
39
20
17
70
37
28
-10
-18
-32
-24
-37
-53
-17
31
11
-12
31
42
90
35
56
37
55
67
21
12
-14
6
12
17
31
49
96
30
55
68
35
35
59
36
34
47
55
39
21
-6
-5
41
8
20
64
24
52
79
86
79
57
78
53
36
64
85
30
9
22
12
15
-7
40
63
67
65
20
64
62
77
44
48
74
59
65
39
45
56
77
63
106
130
140
156
187
121
124
100
91
142
105
109
86
71
111
34
80
117
86
92
79
99
115
103
71
103
107
88
97
103
98
54
106
112
117
85
67
117
99
23
47
120
18
19
53
40
12
44
41
25
46
8
-5
4
2
20
48
24
-4
61
85
43
52
17
70
57
82
72
78
51
58
83
48
73
24
68
38
15
16
17
18
-18
11
-20
-40
0
-15
4
19
-39
-34
-37
-16
14
-34
-21
-20
-18
-11
-32
24
-28
-31
-29
-23
-48
-25
46
-20
9
22
