-64
-55
-78
-64
-77
-43
-68
-68
-47
-46
-97
-75
2
11
19
-37
-7
-2
16
18
6
31
27
-22
11
5
-34
-46
-52
-36
-54
-39
-38
-54
-77
-65
-63
-67
-79
-77
-55
-45
-103
-131
-73
-50
-41
-64
-45
-13
-29
-64
-86
-57
-21
-21
-84
-83
-66
-55
-42
-76
-87
-117
-118
-120
-106
-90
-109
-117
-164
-145
-124
-167
-205
-148
-204
-211
-128
-194
-205
-239
-192
-192
-202
-210
-232
-207
-176
-176
-173
-200
-176
-194
-196
-161
-200
-176
-179
-182
-162
-147
-170
-162
-164
-177
-162
-159
-157
-177
-180
-195
-166
-154
-152
-170
-177
-120
-157
-174
-124
-136
-132
-157
-136
-109
-152
-108
-100
-115
-108
-111
-105
-89
-73
-68
-61
-74
-78
-93
-80
-109
-73
-74
-18
-12
-18
5
-52
-44
-51
-35
-17
-27
-22
-57
-29
-13
-58
-11
-14
-49
-76
-67
-46
-45
-42
-58
-41
-30
-50
-51
-85
-102
-106
-123
-112
-82
-113
-113
-122
-99
-85
-105
-64
-102
-77
-66
-84
-71
-71
-77
-146
-173
-130
-83
-138
-135
-129
-124
-138
-133
-166
-189
-202
-166
-187
-180
-193
-213
-173
-190
-178
-231
-180
-170
-190
-206
-175
-232
-241
-248
-277
-236
-229
-251
-303
-256
-272
-274
-245
-245
-242
-221
-207
-224
-242
-264
-232
-215
-206
-213
-177
-187
-227
-209
-195
-178
-157
-180
-175
-144
-160
-127
-131
-165
-144
-123
-154
-140
-145
-151
-165
-148
-147
-159
-164
-142
-145
-108
-122
-159
-166
-144
-137
-148
-86
-87
-113
-107
-83
-97
-98
-101
-94
-96
-67
-105
-89
-59
-48
-22
-72
-23
-21
-54
-43
-61
-53
-24
-36
-69
-40
-56
-82
-106
-101
-99
-128
-121
-138
-104
-93
-130
-130
-123
-122
-156
-135
-122
-184
-165
-132
-178
-128
-152
-159
-141
-194
-170
-188
-169
-163
-153
-158
-181
-198
-187
-194
-169
-145
-146
-143
-141
-153
-158
-149
-179
-165
-170
-144
-123
-129
-121
-91
-124
-121
-116
-119
-170
-193
-156
-209
-170
-153
-144
-130
-149
-144
-174
-164
-180
-179
-157
-149
-129
-170
-173
-130
-98
-123
-159
-100
-142
-185
-153
-129
-162
-193
-145
-120
-166
-147
-145
-134
-83
-97
-46
-77
-100
-42
-33
-24
-43
-63
-55
-54
-41
-38
-20
-45
-11
-24
-80
-55
-41
-69
-57
-60
-69
-66
-69
-67
-53
-54
-53
-25
-45
-78
-98
-60
-122
-115
-85
-73
-94
-110
-115
-97
-77
-99
-117
-192
-176
-129
-123
-91
-95
-97
-108
-100
-124
-132
-143
-105
-89
-136
-84
-77
-62
-79
-99
-104
-99
-120
-101
-81
-111
-104
-121
-78
-56
-85
-48
-120
-113
-135
-109
-85
-159
-133
-125
-138
-117
-159
-161
-182
-201
-193
-145
-152
-151
-114
-135
-144
-146
-140
-114
-148
-152
-102
-123
-134
-129
-110
-100
-161
-155
-171
-142
-132
-151
-150
-124
-122
-132
-119
-136
-115
-141
-124
-125
-113
-128
-134
-120
-70
-98
-114
-98
-132
-128
-92
-110
-128
-105
-104
-86
-87
-101
-118
-109
-99
-129
-105
-115
-113
-90
-101
-80
-94
-108
-99
-82
-33
-87
-95
-116
-121
-112
-118
-123
-136
-72
-99
-88
-108
-121
-129
-126
-118
-103
-98
-90
-107
-122
-89
-151
-127
-132
-124
-98
-109
-98
-70
-65
-95
-114
-101
-121
-124
-83
-105
-107
-100
-101
-103
-87
-79
-49
-97
-124
-95
-52
-52
-72
-90
-77
-76
-87
-87
-80
-67
-20
-41
-74
-26
-46
-36
-31
-43
-89
-62
-67
-68
-40
-76
-82
-28
-49
-60
-9
-44
-43
-47
-55
-46
-44
-52
-75
-73
-81
-129
-114
-94
-100
-64
-91
-110
-95
-113
-68
-53
-64
-66
-70
-72
-89
-62
-34
-39
-44
-38
-31
-18
-50
-30
-60
-68
-46
-104
-64
-72
-107
-73
-92
-122
-81
-102
-92
-72
-52
-96
-92
-69
-112
-117
-137
-124
-90
-112
-132
-118
-85
-97
-56
-67
-77
-40
-47
-25
-7
-13
-13
-7
-50
-24
-2
-32
7
15
0
-21
-11
-30
-54
3
-22
-12
-18
4
1
5
13
-29
-6
4
-20
-20
46
41
17
53
58
60
26
10
-9
-1
55
44
55
65
23
37
32
6
14
-17
-19
-35
-28
-65
-40
25
-47
-37
-9
-55
-9
-34
-42
-107
-35
-4
-61
-12
-43
-85
-72
-24
-52
-82
-59
-46
-47
-33
-20
-66
-10
-29
-85
-42
-35
-6
-30
-77
-65
-33
-58
-51
-89
-82
-85
-68
-68
-48
-61
-75
-60
-55
-66
-81
-86
-102
-62
-54
-103
-102
-78
-79
-71
-60
-79
-68
-53
-24
-53
-86
-62
-81
-85
-93
-76
-66
-58
-81
-42
-57
-92
-64
-109
-58
-41
-57
-46
-54
-49
-69
-41
-35
-33
-32
-41
-7
-19
-27
-6
-6
2
-13
4
-6
0
2
16
4
-24
-13
34
39
-9
5
38
-22
35
56
44
80
96
115
99
98
82
99
51
70
98
109
65
45
38
40
48
14
18
31
62
81
58
79
98
64
13
6
9
20
3
22
48
86
127
57
74
85
71
113
90
51
42
25
46
48
42
35
51
12
46
17
-9
5
5
9
49
61
50
-14
-5
42
76
71
16
36
-3
23
-10
-12
-18
-9
0
1
-8
-16
-16
-55
3
-15
-19
-36
-44
-31
-37
3
-21
-2
18
18
-6
-22
-39
-8
-45
-62
-7
-28
12
-25
-10
27
23
6
-17
-62
-21
16
18
28
60
56
41
48
22
0
32
39
4
38
30
34
44
22
42
43
79
60
28
55
41
82
52
66
45
41
54
43
39
78
82
43
53
92
74
36
49
50
25
55
39
17
25
20
58
81
68
57
81
68
25
79
88
29
58
36
68
38
55
55
30
94
62
77
79
108
66
84
86
80
56
43
61
91
80
89
97
98
83
72
67
102
80
49
82
79
110
104
138
89
92
97
50
77
85
40
60
54
36
59
42
44
14
20
45
7
50
45
43
84
27
30
75
20
41
33
34
44
15
20
50
6
30
69
55
38
59
49
46
88
43
28
20
46
26
3
49
15
40
72
30
60
10
-2
11
-19
25
13
23
20
26
0
10
-15
-1
56
37
87
39
36
81
55
85
65
60
35
18
19
41
55
73
87
54
67
76
68
93
62
78
67
45
35
28
41
37
65
20
38
54
60
40
66
27
39
39
10
42
0
-12
-8
-18
20
-13
26
65
36
44
35
50
36
24
49
75
62
53
58
66
61
90
57
75
87
60
58
43
97
65
62
43
35
26
42
42
31
54
55
83
45
82
97
98
60
31
37
10
26
48
64
60
41
66
25
46
69
8
38
18
38
19
31
59
-12
-1
-10
6
45
8
-16
27
1
-6
18
15
37
40
8
21
7
12
30
9
46
26
7
23
21
5
52
45
16
58
42
12
34
26
17
4
12
15
63
67
28
50
62
64
97
129
89
48
46
59
87
53
33
69
44
66
109
124
95
108
113
125
99
96
96
83
119
75
53
81
97
96
90
106
114
101
142
103
125
115
114
122
122
131
136
155
98
84
116
107
89
99
88
80
62
53
73
58
69
53
96
77
46
37
18
52
68
62
60
75
11
40
63
14
40
27
49
69
79
-12
41
55
0
68
8
32
69
83
41
49
42
3
48
36
49
19
42
68
28
33
31
49
60
37
34
31
63
70
66
90
64
114
84
104
91
81
86
17
82
77
105
92
56
95
96
87
70
65
111
114
91
96
89
88
104
109
124
133
105
40
57
38
46
71
94
84
72
95
90
127
87
105
144
138
111
107
110
77
167
85
86
139
101
107
142
125
111
142
102
169
151
124
140
155
161
187
204
212
216
189
193
197
200
177
192
162
181
182
230
233
164
207
181
166
175
176
202
184
192
179
177
187
180
216
229
162
206
200
217
198
194
197
165
154
189
189
173
156
126
155
160
114
136
142
142
194
163
151
122
162
150
146
134
160
149
145
156
154
122
137
166
90
99
125
114
106
55
32
38
28
23
36
24
31
27
52
54
32
63
108
104
113
111
97
107
123
121
121
128
87
152
133
110
119
105
110
115
110
78
98
92
73
77
99
115
113
126
95
112
110
83
93
76
86
106
70
37
85
75
75
46
48
116
116
91
104
115
99
96
68
83
108
69
92
115
137
160
157
141
149
147
157
166
129
142
146
144
138
150
164
204
209
194
248
222
191
222
234
224
232
247
245
260
232
225
186
206
211
231
177
170
205
148
221
145
136
132
148
200
182
215
226
236
218
225
227
197
213
214
202
204
225
214
194
176
184
212
184
159
146
169
161
204
191
186
175
190
188
170
180
173
215
210
180
176
141
145
179
143
191
193
174
164
162
145
165
144
130
102
58
124
114
75
97
111
108
118
103
123
133
106
82
111
132
96
93
51
79
135
111
92
97
123
94
124
132
126
103
72
97
86
87
115
83
118
82
85
94
97
72
58
113
127
103
60
120
72
100
107
123
140
111
118
108
142
140
185
181
146
140
137
176
170
161
153
151
180
160
164
150
168
155
161
158
159
142
147
162
168
199
236
221
214
214
208
185
176
171
180
202
148
127
130
180
152
132
187
178
170
203
211
199
181
207
183
184
194
225
247
202
200
184
230
215
194
226
191
190
210
210
226
207
197
239
221
177
194
166
181
162
185
168
190
173
120
157
133
184
158
140
192
175
167
167
146
134
113
154
156
160
148
151
166
173
183
169
156
173
192
183
156
130
150
137
151
184
150
145
132
152
124
108
82
97
109
115
101
85
119
81
94
102
128
147
168
162
112
168
136
135
132
153
108
114
139
120
154
144
154
162
200
177
206
199
143
190
175
166
191
194
240
231
221
236
223
197
177
189
133
192
163
135
145
145
163
196
175
162
166
182
217
170
202
176
217
212
182
192
208
170
187
184
159
123
140
159
142
146
132
123
148
162
143
127
156
166
114
131
128
110
126
86
75
92
72
118
114
98
91
86
70
89
95
68
75
69
68
79
74
53
54
105
95
90
101
100
104
102
123
104
118
99
98
109
84
65
103
137
93
127
114
126
163
138
114
126
124
127
140
153
134
125
170
183
162
125
131
142
114
75
107
116
134
150
126
90
111
115
116
126
75
58
17
65
87
49
84
70
78
104
93
120
106
45
80
114
102
51
86
75
57
110
52
118
97
92
114
122
120
112
118
103
156
123
124
146
117
119
130
108
109
116
164
98
107
147
74
116
89
66
102
103
98
109
121
86
92
72
53
79
80
57
105
92
101
79
75
64
17
56
3
66
67
43
55
45
28
23
59
32
2
57
34
32
48
43
56
-1
5
30
63
20
13
13
-1
7
-12
-14
-17
-4
-7
-32
-22
-10
-24
-6
-16
-20
-53
-66
-75
-50
1
-4
25
9
-13
53
35
30
28
-19
-28
15
-23
-9
69
71
75
31
70
34
44
42
54
55
87
101
58
104
59
47
32
15
18
49
48
15
16
33
82
37
45
98
96
66
57
87
60
55
83
99
99
81
100
83
63
75
98
118
63
10
90
120
73
110
115
161
138
123
117
141
141
97
110
148
164
138
127
97
154
144
134
141
130
138
121
124
128
108
91
91
101
118
120
124
118
133
129
158
159
97
118
108
79
139
126
96
92
81
83
79
67
100
70
88
88
63
112
73
63
67
50
102
59
76
78
20
20
21
32
65
25
35
65
64
40
65
46
14
-9
-22
-26
-27
7
-11
-4
2
44
11
-21
17
12
22
0
-23
-15
-6
-2
-8
52
8
13
-3
-33
-25
-6
29
-37
-18
2
4
12
16
-26
5
38
18
22
4
8
-20
-11
3
-13
25
25
29
55
55
21
3
16
69
66
45
77
101
54
54
32
-6
4
-15
-14
-4
-15
-1
-4
35
44
39
52
51
20
-2
35
28
68
3
52
72
0
32
73
32
2
42
28
54
61
65
86
33
62
80
51
44
30
14
67
58
37
38
17
22
40
46
55
4
16
99
28
68
58
68
62
42
14
41
40
18
37
44
41
40
69
28
34
22
-4
18
-34
-28
-9
-30
-32
-1
10
-25
-14
-28
6
-2
4
-11
-12
-44
-60
-40
-69
-46
-25
-25
-32
-74
-68
-73
-77
-84
-92
-58
-118
-81
-83
-74
-26
-50
-88
-90
-44
-74
-80
-75
-58
-73
-102
-113
-98
-104
-107
-56
-77
-102
-101
-94
-127
-115
-117
-110
-122
-123
-110
-90
-121
-130
-104
-93
-59
-137
-119
-129
-94
-78
-96
-92
-58
-46
-108
-46
-50
-53
-27
-56
-37
-65
-97
-38
-54
-58
-50
-26
-44
-69
-79
-93
-55
-22
-53
-72
-42
-66
-58
-76
-63
-58
-92
-47
-18
-73
-39
-72
-61
-54
-80
-16
-50
-52
-59
-14
-11
-24
-20
-24
-5
-41
-36
-27
-13
-24
-12
5
-55
-38
-31
-36
-90
-102
-24
-57
-68
-86
-71
-88
-126
-60
-59
-74
-127
-117
-112
-103
-52
-61
-75
-106
-104
-77
-107
-60
-59
-62
-36
-49
-27
-31
-13
-4
-55
-53
-22
-34
-4
-11
19
9
-3
3
-4
15
-39
-26
-4
-56
-40
-35
16
-3
23
40
23
21
21
53
6
-4
18
68
60
44
33
24
67
47
29
24
-40
-21
13
-2
11
24
29
27
22
25
-5
11
45
51
67
52
83
88
57
94
51
27
48
51
82
58
36
-5
21
50
35
59
67
42
34
63
10
36
36
24
46
57
18
74
74
8
22
59
33
40
43
28
52
6
38
90
54
47
60
76
55
82
78
99
60
52
91
46
86
120
80
79
33
61
70
58
42
56
29
13
45
35
-7
-21
-43
-19
-16
-42
-21
-50
-46
-6
-8
-22
-38
-17
-3
-39
18
-32
15
13
12
-5
-4
18
1
15
-5
10
8
59
34
15
67
63
56
57
65
26
3
28
48
43
-1
22
90
50
73
75
48
40
37
32
61
82
72
95
80
78
35
27
72
61
54
25
44
33
49
59
50
52
35
48
18
29
47
69
52
70
62
65
67
62
79
63
71
76
35
24
17
-11
20
58
54
57
81
71
54
73
69
14
25
26
15
16
2
3
-3
7
-1
10
-15
-16
-55
-26
-42
-49
-53
-92
-67
-82
-70
-47
-62
-44
-69
-109
-55
-43
-52
-36
-15
-33
-13
-69
-30
-72
-52
-71
-100
-101
-89
-54
-128
-125
-106
-101
-106
-84
-120
-94
-82
-114
-84
-71
-91
-120
-147
-133
-110
-104
-63
-51
-66
-77
-97
-95
-76
-63
-71
-112
-101
-53
-111
-75
-59
-108
-95
-80
-82
-55
-65
-89
-75
-119
-106
-113
-106
-112
-95
-126
-132
-112
-141
-94
-112
-128
-135
-121
-135
-106
-127
-103
-122
-109
-93
-92
-107
-111
-150
-132
-142
-118
-118
-117
-42
-109
-123
-108
-95
-105
-75
-51
-44
-27
-45
-68
-50
-41
-98
-65
-31
-22
8
-59
-68
-44
-11
24
3
3
15
-52
-23
-25
-40
-36
-35
-47
-32
-47
-45
-23
-77
-48
-55
-26
-69
-85
-85
-86
-98
-82
-106
-103
-55
-29
-55
-69
-27
-73
-62
-67
-67
-24
-60
-73
-66
-76
-74
-76
-105
-82
-93
-107
-99
-125
-117
-109
-112
-142
-144
-123
-96
-105
-113
-124
-108
-137
-125
-62
-107
-93
-110
-131
-112
-108
-138
-119
-140
-158
-96
-146
-113
-103
-127
-134
-126
-92
-110
-101
-124
-144
-107
-101
-124
-97
-123
-121
-109
-109
-128
-136
-164
-168
-110
-88
-119
-133
-100
-92
-105
-125
-88
-76
-129
-118
-68
-87
-81
-87
-65
-61
-84
-80
-77
-81
-95
-88
-113
-71
-50
-77
-42
-9
22
-5
20
48
28
42
24
69
47
32
69
41
37
45
62
68
64
7
36
71
52
38
22
50
50
63
94
76
34
64
70
84
52
65
56
75
98
98
108
103
124
100
123
129
103
98
81
72
75
100
124
127
151
97
66
97
34
72
76
104
103
67
57
47
78
37
36
44
75
56
79
85
64
67
51
75
67
22
29
28
34
63
70
48
39
53
10
31
15
-26
-3
30
27
12
2
30
-32
-9
23
7
-10
-29
-19
13
23
-29
-8
7
3
-48
-68
-62
-63
-75
-58
-73
-46
-18
-62
-18
27
-26
-14
-33
-71
-31
-47
-31
-71
-69
-60
-38
-57
-48
-34
-65
-62
-32
-9
-52
14
18
0
-2
-27
46
11
-7
0
-32
-26
3
18
7
41
30
67
38
72
104
29
75
87
43
110
22
21
35
25
30
39
33
29
24
13
30
-3
39
41
77
65
38
29
62
56
52
55
59
81
61
60
33
34
14
7
-20
-36
-9
-50
-62
-22
-17
-10
-21
-25
-48
-52
-55
-79
-51
-68
-78
-66
-53
-39
-41
-96
-86
-101
-88
-90
-99
-83
-106
-91
-88
-107
-111
-113
-111
-126
-125
-98
-90
-110
-118
-97
-94
-131
-126
-155
-107
-89
-99
-135
-141
-133
-121
-93
-131
-128
-137
-104
-138
-133
-131
-112
-101
-156
-102
-69
-71
-77
-70
-86
-41
-50
-18
-31
-57
-36
-41
-34
-71
-59
-38
-23
-50
-14
-23
-8
23
55
-5
12
45
14
30
3
5
28
17
22
37
30
61
31
29
35
54
29
18
44
26
55
45
104
85
47
43
91
49
24
62
38
62
80
45
50
66
17
62
36
-7
12
8
-57
3
-65
-43
39
31
41
16
-3
-5
0
1
-21
-20
6
-21
-8
6
2
-6
-21
-23
-17
-48
-40
-71
-86
-23
-11
-6
-48
-94
-13
-29
-41
-36
-42
-66
-75
-46
-37
-54
-69
-79
-62
-122
-86
-32
-36
-30
-49
-48
-72
-21
-15
-3
-26
7
21
15
-11
-22
-20
-41
3
17
12
26
15
35
11
-18
20
-21
13
29
28
39
35
48
49
66
91
76
60
116
59
55
55
28
78
59
35
67
59
40
60
17
41
42
24
66
7
15
64
69
75
52
51
101
102
67
39
97
106
119
92
84
123
131
146
143
149
143
157
187
129
103
83
95
134
117
104
153
127
102
134
127
161
131
132
105
137
121
90
124
92
85
101
106
85
84
131
128
122
82
116
159
140
158
130
109
109
129
87
121
101
142
167
146
145
145
118
78
74
64
115
76
92
75
52
87
30
27
27
57
59
47
33
33
72
62
65
51
39
29
21
-6
-21
2
1
-12
8
3
-13
-8
-6
-59
-44
-31
-60
-39
-38
7
-43
-26
-20
-9
-17
-21
3
1
-16
6
34
-14
9
-3
25
30
41
-11
7
-1
29
-28
-67
-13
-51
-17
-23
-8
-7
12
10
-9
1
18
46
-29
25
0
0
52
19
21
2
45
49
40
79
61
79
51
38
34
83
75
49
65
90
81
49
122
136
98
66
69
105
123
96
128
108
120
114
111
98
100
93
51
107
103
153
122
130
129
145
162
137
126
148
155
111
111
123
130
80
67
101
63
57
82
102
101
52
74
111
119
93
83
80
66
74
59
71
95
102
101
84
68
66
81
54
58
22
14
32
-3
18
37
31
8
12
22
12
16
-4
42
26
-39
-4
9
44
-18
8
-4
-17
-4
-2
-18
-38
-19
-14
-11
-21
-14
7
-3
-32
-90
-48
1
0
-24
2
20
-13
-20
-25
-6
-2
24
-11
-30
-16
7
8
5
37
55
49
66
30
40
29
-13
34
13
53
42
73
50
-1
51
57
49
41
71
14
-4
43
50
69
75
88
116
105
125
91
84
90
99
102
73
69
102
80
79
92
110
105
80
117
137
147
132
157
151
110
153
162
123
146
130
139
129
147
166
126
153
151
131
142
143
167
171
143
137
106
76
118
117
97
75
72
60
76
57
69
23
59
68
94
49
31
40
58
116
87
138
116
90
81
88
81
62
78
76
128
87
58
80
18
65
28
-20
63
42
61
77
87
78
78
107
102
90
117
138
114
98
106
110
98
90
122
117
81
104
93
109
126
120
123
115
144
144
129
145
124
118
119
125
114
112
102
114
102
109
129
132
114
136
148
107
96
109
139
135
164
123
128
127
117
107
128
109
126
149
117
96
107
91
75
72
108
85
84
95
42
52
40
61
40
58
61
42
30
30
63
52
95
102
68
86
56
49
29
20
37
7
20
2
-46
-61
-17
-35
-36
-35
-37
-7
-49
-73
-74
-91
-91
-46
-29
-58
-88
-73
-100
-96
-74
-50
-94
-101
-82
-105
-107
-91
-79
-106
-103
-92
-99
-82
-77
-93
-109
-71
-86
-114
-111
-59
-73
-92
-89
-121
-85
-94
-139
-162
-168
-125
-103
-115
-99
-99
-83
-100
-98
-40
-43
22
1
-53
-13
-48
-35
-47
-48
-72
-91
-84
-172
-168
-89
-133
-121
-167
-137
-127
-208
-191
-160
-123
-56
-90
-161
-130
-75
-65
-119
-112
-59
-9
0
-73
-97
-110
-98
-55
-86
-53
-52
-38
-1
39
0
-12
86
42
-7
81
155
153
160
142
103
72
52
26
108
149
118
100
76
17
57
60
64
83
70
96
37
45
127
128
66
177
183
105
137
117
63
43
92
124
32
42
107
17
-62
-43
-35
-15
-83
31
49
-123
-37
44
-2
23
-9
-93
-23
-16
-6
135
108
26
111
73
-28
22
17
64
114
67
47
-30
-99
-70
-56
-53
-78
-43
-98
-45
14
-34
11
-55
-12
32
-83
-40
17
-40
54
52
13
64
72
-17
-66
44
70
54
29
-1
29
33
107
167
125
80
84
-20
-43
-48
-120
-135
-129
-89
-39
-164
-216
-141
-170
-136
-134
-200
-158
-81
-40
-108
-104
-22
0
14
18
67
133
149
50
72
119
169
81
73
136
173
180
66
69
59
117
217
213
201
126
-34
-77
-91
-37
97
172
84
-35
-15
-32
-22
-25
-49
27
-23
-39
-44
-110
-130
-74
-31
-122
-84
0
11
-19
-29
-94
-37
21
20
69
91
149
121
83
101
189
142
147
155
85
157
143
124
188
154
117
84
53
16
19
39
-1
90
55
-27
94
69
62
19
-106
79
104
1
-18
-32
3
-94
-109
-11
7
-34
23
64
-15
-31
3
23
28
33
-3
8
80
136
184
69
-5
31
29
25
19
132
195
123
-19
-9
84
98
131
93
-58
-64
5
3
54
18
51
170
213
156
16
0
151
166
92
160
216
196
168
195
227
211
194
137
165
293
301
232
237
184
239
322
230
241
239
209
293
306
241
200
14
32
184
202
130
80
12
-58
4
34
48
55
35
41
-93
-107
-79
-1
46
64
53
-6
-23
-3
45
-37
-121
-16
-3
-93
2
-47
-38
70
109
100
120
103
2
13
67
126
136
86
91
97
50
119
204
119
104
163
121
67
122
112
76
45
-16
8
-58
-70
-25
-137
-158
-133
-59
-39
-60
-134
-64
7
-1
92
108
29
20
45
-21
-44
-90
-42
11
-8
-59
-193
-311
-188
-111
-99
-61
-106
-206
-255
-317
-286
-197
-193
-156
-169
-277
-263
-169
-202
-215
-246
-175
-134
-218
-287
-271
-294
-160
-91
-118
-109
-84
-69
-66
27
5
-52
11
-13
48
16
64
178
37
24
33
35
35
7
-7
16
-20
-35
-15
-67
-112
-67
-87
-58
-45
15
56
-29
-107
-133
-107
-148
-145
-57
-59
-122
-33
-24
-80
-58
-56
-14
12
19
17
26
-28
-20
45
45
30
20
-91
-95
-33
-42
-2
81
146
2
-167
-198
-82
-5
5
117
154
79
-63
53
22
46
138
182
176
134
117
90
123
185
249
277
286
284
452
525
390
411
373
305
250
201
242
252
217
272
225
179
177
120
110
55
133
104
19
2
-50
-144
-201
-248
-225
-266
-258
-254
-229
-275
-358
-286
-308
-220
-206
-290
-253
-215
-166
-144
-204
-157
-137
-11
138
136
93
44
156
328
345
276
250
196
129
111
133
145
226
163
130
34
-132
-23
39
-88
-115
-161
-155
-71
-160
-215
-258
-210
-225
-242
-260
-292
-256
-278
-321
-316
-344
-332
-376
-372
-352
-311
-330
-301
-144
-97
-231
-293
-233
-253
-163
-136
-205
-113
-61
-23
100
71
-46
-116
-122
45
12
-58
30
-16
77
141
120
74
80
39
27
91
164
118
86
72
71
151
140
260
206
52
33
104
163
251
309
280
290
327
232
119
226
293
369
473
439
353
302
343
351
298
241
265
259
207
178
172
98
15
-7
120
119
-3
-14
6
-5
-18
-2
-93
-102
-37
10
104
195
157
160
186
185
162
104
151
161
94
119
149
145
212
176
192
197
91
67
118
164
175
78
121
266
206
188
121
160
122
84
207
220
209
233
229
256
196
165
189
106
51
68
154
171
140
159
202
202
221
235
302
263
111
114
154
196
240
320
349
332
265
304
352
483
588
599
538
452
416
434
470
396
286
243
333
325
316
366
281
216
156
34
73
170
159
202
180
130
135
114
148
173
226
248
198
124
125
90
153
191
118
124
148
53
-97
-198
-199
-235
-183
-128
-253
-258
-293
-366
-316
-430
-472
-392
-436
-435
-365
-414
-479
-491
-570
-446
-500
-582
-549
-622
-582
-514
-558
-515
-485
-542
-546
-508
-400
-429
-516
-450
-445
-542
-594
-492
-467
-536
-459
-392
-354
-367
-315
-295
-311
-328
-298
-283
-355
-276
-263
-318
-339
-343
-419
-378
-294
-270
-264
-395
-400
-362
-442
-453
-398
-424
-468
-468
-453
-349
-300
-286
-293
-270
-327
-301
-194
-202
-241
-250
-249
-182
-77
-25
-19
-69
-25
65
28
-79
-91
-56
-12
13
-43
-95
-65
-1
-9
0
3
25
76
49
25
82
154
146
126
81
103
189
151
144
194
22
-65
47
86
125
109
50
-48
-68
-51
-119
-139
-55
19
-6
-81
-44
-43
-111
-191
-244
-197
-148
-184
-177
-190
-217
-273
-407
-396
-448
-850
-1307
-1764
-2110
-2627
-3392
-3962
-4559
-5020
-5464
-6008
-6287
-6360
-6226
-6184
-5909
-5525
-5043
-4581
-4314
-3929
-3843
-3597
-3297
-3083
-2866
-2620
-1927
-1259
-444
456
1590
2915
4169
5540
6824
8118
9385
10410
11157
11739
12102
12091
11806
11183
10560
9876
8941
7838
6521
5349
4291
3287
2302
1252
321
-625
-1640
-2567
-3537
-4451
-5507
-6658
-7519
-8252
-8752
-9160
-9454
-9547
-9419
-8895
-8147
-7365
-6422
-5395
-4258
-3062
-1987
-962
-78
602
1209
1758
2283
2688
2951
3096
3106
3145
3120
3127
2794
2015
1239
453
-354
-1544
-3071
-4704
-6350
-7624
-8896
-10035
-10990
-11694
-11972
-12117
-11757
-11007
-10094
-9031
-7698
-6088
-4254
-2361
-470
1179
2724
4530
6398
8156
9670
11271
12897
14560
16180
17849
19606
20941
21294
20776
20580
20429
19675
17493
14393
11690
9202
6760
3550
159
-2409
-4494
-6446
-8462
-9541
-10015
-10796
-12054
-12980
-12702
-12309
-12590
-13413
-13868
-13759
-13522
-12972
-12511
-11837
-10911
-9453
-7609
-5578
-3032
-623
1663
3612
5581
7920
9816
11110
11736
11996
12268
12598
12746
12032
10972
10263
10012
9641
8767
7977
7392
6673
5644
4660
3990
3064
1534
-676
-2782
-4595
-6786
-9369
-12168
-14824
-16974
-18803
-20318
-21661
-22424
-22353
-21967
-21216
-20065
-18145
-16171
-14333
-12381
-10325
-7919
-6013
-4331
-2719
-1206
666
2617
4347
5802
7449
9454
11525
13509
15509
17656
19615
21195
22705
24002
24978
25767
26023
26054
25627
24731
23181
20364
17575
14822
12167
8408
3819
193
-2880
-5411
-8426
-11148
-12943
-14403
-15340
-16584
-17106
-16922
-16734
-16855
-17585
-17422
-16454
-15717
-15611
-15454
-14192
-12455
-10714
-9090
-6795
-4220
-1663
1176
3918
6772
9257
11237
12869
14128
15326
16136
16323
15818
15067
14490
13692
12674
11444
10088
8899
7818
6935
5761
4279
2757
653
-1830
-4489
-7050
-9694
-12948
-16819
-20302
-23003
-25205
-26885
-28397
-29150
-28824
-27627
-25764
-23602
-20990
-18144
-15332
-12498
-9677
-6761
-4485
-2590
-939
650
2505
4277
5981
7383
8904
11014
13588
15956
18236
20507
22657
24783
26404
27910
28960
29304
29228
28797
27828
26441
23993
20582
17076
13611
10462
6448
1658
-2483
-5508
-7807
-10693
-13516
-15302
-16275
-17363
-18794
-19309
-19163
-19218
-19833
-20720
-20529
-19423
-18492
-18222
-17795
-16372
-14058
-11621
-9576
-7061
-4036
-879
1909
4536
7808
10781
12577
13797
14911
16245
17105
17124
16543
15858
15208
14545
13811
12544
11222
9978
8626
7364
6107
4465
2098
-1069
-4261
-6976
-10281
-14021
-17961
-21833
-24841
-27536
-29269
-30306
-30846
-30346
-29158
-27117
-24533
-21527
-18423
-15643
-12809
-10028
-7098
-4556
-2738
-1166
409
2257
4228
6034
7612
9509
11791
14251
16975
19398
21880
24076
25781
27523
28982
30091
30560
30465
30298
29877
28624
26612
24255
21031
17823
14634
10825
6848
2587
-1271
-4790
-7910
-10508
-13076
-15203
-17372
-18562
-19276
-19911
-20130
-20567
-20664
-20780
-20489
-19558
-18721
-17934
-17049
-15592
-13651
-11400
-8961
-6563
-3855
-1109
2036
5119
7775
10303
12439
14284
15756
16879
17871
18248
17944
17215
16652
15915
14903
13705
12233
10784
9220
7685
6191
4396
2073
-746
-3950
-6941
-10037
-13637
-17674
-21652
-24870
-27314
-29209
-30851
-31797
-31662
-30611
-28713
-26441
-23699
-20650
-17683
-14856
-11850
-8767
-6061
-3957
-2216
-459
1537
3431
5248
6935
8559
10711
13163
15667
18054
20336
22657
24598
26224
27829
29025
29858
30114
30008
29804
29391
28684
26955
24806
22036
18708
15643
12004
8464
4307
91
-3576
-7099
-9760
-12471
-15239
-17504
-18972
-19537
-20361
-20976
-21129
-21107
-20999
-21006
-20187
-18949
-17802
-17001
-16081
-14352
-12144
-9683
-7473
-5310
-2845
123
3312
5928
8447
10930
13065
14765
15943
17261
18201
18248
17751
17047
16400
15549
14408
12891
11224
9660
8254
6845
5046
2893
482
-2314
-5322
-8778
-11934
-15432
-19302
-23133
-26604
-28788
-30638
-31795
-32259
-32239
-30766
-28566
-25935
-23140
-20247
-16836
-13726
-10583
-7746
-5054
-2665
-1033
570
2204
4159
5901
7571
9212
11056
13437
15831
18188
20237
22191
24210
25977
27557
28698
29554
30100
29947
29611
29198
28786
27609
25498
23215
20167
17310
14444
11042
7415
2939
-837
-4187
-7251
-9824
-12783
-15203
-17355
-18779
-19582
-20432
-20712
-20938
-21016
-20884
-20308
-19094
-17782
-16830
-16164
-14752
-12743
-10574
-8373
-6552
-4203
-1668
1102
4013
6411
9020
11250
13061
14594
16048
17426
17981
17981
17323
16749
16370
15448
14160
12464
10765
9061
7522
5717
3458
1251
-1827
-5064
-8075
-11042
-14010
-18033
-21719
-25095
-27578
-28997
-30538
-31478
-31900
-31198
-29511
-27601
-25167
-22648
-19931
-17161
-14336
-11077
-8124
-5627
-3732
-1756
149
2194
4334
6115
7699
9237
11626
14042
16017
18013
19844
21607
23135
24488
25852
26752
27125
27076
26993
26962
26661
26317
25621
24528
22694
20891
18478
15987
13469
10232
6766
2236
-1187
-4116
-7327
-10513
-14272
-16449
-18110
-19634
-20664
-21343
-21092
-20959
-20731
-20041
-18884
-17075
-15780
-15035
-14338
-12717
-10458
-8855
-7495
-6279
-4005
-1599
571
2736
5152
8007
10027
11725
13456
15285
17058
17697
17530
17166
16876
16591
15242
13365
11479
9971
8332
6160
3987
1790
-275
-3091
-6410
-9331
-11597
-14326
-17793
-21576
-24544
-26423
-27957
-29336
-30927
-31525
-30870
-29284
-27532
-25802
-23358
-20465
-17660
-14883
-11866
-8437
-5606
-3582
-1726
359
2769
4910
6654
7871
9402
11414
13764
15818
17295
19053
20782
22369
23556
24557
25700
26233
26186
26337
26225
26288
25968
25481
25002
23972
22972
21247
18926
16218
13566
10618
6952
2632
-1232
-4454
-7710
-10999
-14207
-16293
-17919
-19244
-20140
-20584
-20403
-19708
-19055
-18364
-17442
-16085
-14468
-13657
-12718
-11610
-9932
-8233
-7084
-5742
-3843
-1676
676
2985
5233
7868
10231
12176
13807
15345
16886
17695
17729
17278
16701
16068
15013
13157
11136
9235
7637
5806
3752
1487
-654
-3093
-6013
-8526
-11211
-13895
-17239
-20675
-23486
-25918
-27544
-29149
-30584
-31174
-30885
-29548
-28050
-26099
-23635
-20945
-18067
-15252
-11968
-8856
-6202
-3958
-1840
424
2527
4532
6120
7500
8924
10748
12914
14476
15751
17140
18556
20022
20946
22031
22958
23294
23496
23464
23831
23651
23582
23301
22812
22648
22311
22030
20690
18455
16224
14116
11702
8455
4383
415
-3055
-6470
-9542
-12475
-15119
-16930
-18283
-19207
-19396
-19133
-18226
-17372
-16969
-15875
-14345
-12617
-11586
-11112
-10257
-9034
-7752
-6455
-5225
-3888
-2283
-384
1746
3814
6140
8560
10529
12046
13421
15190
16567
16815
16508
15855
15242
14335
12709
10922
9038
7079
5239
3234
1225
-763
-2890
-5350
-8135
-10591
-12899
-15522
-18496
-21762
-24187
-25998
-27577
-28836
-29856
-29904
-29150
-27792
-26035
-23858
-21340
-18645
-16052
-13371
-10446
-7721
-5338
-3367
-1612
355
2145
3764
5186
6359
7912
9639
11378
12816
14088
15584
16824
18026
19051
19722
20309
20446
20573
20886
20874
21232
21432
21769
22436
22937
23893
24354
24349
23841
22343
20366
18091
15353
12286
7804
3124
-1044
-4809
-7851
-11186
-14120
-16011
-17042
-17187
-17242
-16827
-15763
-14610
-13824
-13036
-11988
-10614
-9785
-9754
-9911
-9609
-8729
-7804
-7422
-6733
-5271
-3227
-859
1241
3887
6693
9225
11460
13290
15319
16867
17417
17203
16379
15542
14614
13032
10943
8713
6777
5212
3698
2251
1025
-150
-1588
-2989
-5315
-7179
-9176
-12038
-14953
-18980
-21690
-24152
-26983
-28778
-30992
-31623
-31241
-30522
-28621
-26620
-23858
-20487
-17378
-14471
-11218
-8181
-5672
-3868
-2565
-675
677
1503
2443
3026
4268
5355
6867
8467
9623
11367
13071
14768
16165
17295
18483
19013
18890
18750
19036
19158
18732
18567
18520
18866
19468
20348
21518
21710
21860
21232
20237
19152
17099
14811
10836
6600
2747
-768
-3831
-8085
-11466
-13750
-15332
-16164
-16926
-16483
-15560
-14659
-13710
-12651
-11064
-9635
-8753
-8818
-9058
-8737
-8191
-7580
-7915
-7800
-6768
-5309
-3414
-1702
970
3718
6163
8612
10867
13483
15468
16593
16917
16582
16329
15661
14302
12217
9910
8025
6165
4405
2582
1352
26
-1506
-3406
-5769
-6932
-8968
-11414
-14554
-17949
-19964
-22798
-24838
-26846
-28964
-29396
-29652
-28744
-27442
-25789
-23077
-20448
-17873
-14925
-11560
-8528
-6040
-4212
-2234
129
1489
3035
4091
4982
6258
7423
9190
10360
11705
13456
14759
16058
16964
18059
19010
18887
18931
19137
19541
19525
19087
18969
18911
19557
20022
20984
21808
22468
23410
23256
22525
21283
19942
18362
14989
10562
6449
2789
-579
-4557
-8659
-11493
-13574
-14763
-15705
-16205
-15767
-14599
-13595
-12910
-12022
-10450
-8702
-8517
-8966
-8988
-8156
-7463
-7804
-8177
-7699
-6500
-5005
-3439
-1360
1290
4008
6612
8850
11095
13570
15451
16293
16125
15946
15838
15147
13304
11157
9182
7526
5813
3794
2227
1055
-254
-1579
-3345
-5777
-6849
-9026
-11575
-14834
-18591
-20379
-23512
-25908
-28251
-30623
-30499
-31023
-30341
-29022
-27492
-24689
-22121
-19552
-16553
-13320
-10339
-7956
-6104
-4103
-1657
-273
1024
1951
2898
4577
5366
7007
8294
9496
11324
12236
13606
14558
15576
16705
16691
16728
16843
17092
17302
17052
16984
17328
17784
18563
19489
20319
21502
22449
23057
22994
21977
21361
19934
17678
14092
9515
5805
1544
-2501
-6531
-10479
-13136
-15078
-16276
-17057
-17499
-16948
-15922
-15115
-14317
-12874
-11129
-9605
-9289
-9426
-8843
-8252
-7803
-7836
-7915
-7046
-6081
-4464
-2791
-827
2011
4577
7201
9640
12182
14826
16434
16875
16827
16676
16357
15156
13245
11131
9107
7234
5453
3570
1983
899
-265
-1397
-2815
-5293
-6668
-8688
-11332
-14188
-18030
-20108
-23325
-26178
-27948
-30453
-30914
-31409
-30940
-29417
-28007
-25318
-22580
-19837
-17015
-13770
-10546
-7922
-5971
-4298
-2051
-798
171
1242
1975
3412
4118
5504
7111
8337
10262
11549
13027
14177
15023
16039
16184
16018
15832
15867
15946
15569
15326
15299
15804
16383
17418
18729
19576
21596
22796
23905
23515
21907
21550
19544
17408
13385
8866
5372
1243
-1859
-6001
-9237
-11203
-12488
-13072
-14135
-14007
-13068
-12229
-12481
-13226
-12837
-12436
-12305
-13068
-13720
-12490
-10879
-8361
-6590
-4674
-2008
-167
1624
2440
3909
5910
7686
9339
10733
13020
15186
16566
16692
16389
16519
15989
14763
12881
10892
9240
7397
5680
3991
2706
1990
848
-546
-2802
-4616
-5960
-8442
-11579
-15371
-18528
-21270
-24486
-27312
-29742
-31401
-32195
-32545
-32065
-30944
-28992
-26502
-24151
-21693
-18564
-15206
-12348
-10214
-8584
-6529
-4808
-3493
-2408
-1721
-618
507
1680
3031
4359
6075
7813
9211
10583
11881
13325
14279
14644
14933
15493
16015
16145
15976
15842
16446
16967
17728
18621
19384
20584
21540
22224
21890
20461
19764
19039
17870
15513
11717
8598
5451
2559
-361
-3836
-6524
-8975
-10683
-12166
-12978
-12753
-12315
-11627
-11452
-10674
-9384
-8166
-7929
-8784
-9212
-9398
-9706
-10343
-11355
-11544
-11207
-10213
-8830
-7045
-4185
-1049
2109
5065
8239
11636
14183
15249
14923
14231
13178
11702
9761
7768
6182
4543
3204
1893
864
148
-534
-1425
-2571
-4633
-6294
-7977
-10885
-13463
-17159
-20013
-22278
-25104
-26935
-29451
-31093
-31937
-32535
-31588
-30322
-28106
-25340
-22566
-19532
-16142
-12783
-9895
-7425
-5394
-3029
-1030
198
1584
2511
3825
4984
6152
7915
9146
10657
11950
13062
14296
15185
16515
17305
17795
18125
18579
19053
19283
19359
19457
19962
19920
20591
21122
21830
23092
23716
24771
24513
23924
23694
22301
20764
17563
14090
11282
7894
4849
1445
-1660
-3790
-5780
-7149
-8096
-8672
-8738
-8187
-7844
-7514
-6409
-5495
-4885
-5413
-5804
-5412
-5264
-5047
-5724
-5812
-5276
-4879
-3985
-3417
-2120
-341
905
1978
2919
4170
5555
6336
6646
6933
7613
8212
8244
7242
6037
4658
2933
1472
-194
-1463
-2696
-4176
-5496
-6759
-8042
-9319
-11417
-13995
-16303
-18545
-20407
-22696
-25088
-26698
-27912
-28200
-28224
-27795
-26589
-25111
-23174
-20826
-18293
-15419
-12775
-10465
-8175
-5901
-3545
-1482
100
1254
2508
3700
5154
6345
7278
8410
9344
10467
11479
12356
13313
13964
14404
15030
15636
16613
17399
17901
18498
19226
20059
20637
21033
21361
22078
22768
23613
24169
23719
22994
21607
20297
18913
16783
14142
10768
7552
4564
1864
-751
-3209
-5414
-7301
-8876
-9996
-10088
-9744
-9660
-10218
-10728
-10276
-9263
-8859
-8816
-8894
-8584
-8026
-7710
-7662
-7645
-7196
-6661
-6063
-5014
-3286
-1360
566
2160
3694
5687
7411
8516
8884
8909
8974
8860
8309
7346
6180
5087
4098
3118
2305
1670
952
-126
-2041
-3768
-5127
-7007
-9261
-12462
-14961
-16934
-19035
-20449
-22339
-23551
-24061
-24133
-23352
-22492
-21122
-19252
-17302
-15493
-12945
-10023
-7142
-4923
-3195
-959
1052
2567
3846
4468
5085
5705
6440
7479
7936
8618
9214
9893
10516
10996
11745
12101
12119
11963
12224
12681
12882
12987
13124
13484
14023
14987
16065
17066
17981
18912
20028
21047
21202
20779
20220
19517
19015
17099
14258
11334
8006
5183
2047
-1534
-4649
-7544
-10058
-12697
-15116
-16413
-16963
-17320
-17678
-17311
-15997
-14224
-13016
-12509
-12134
-11630
-10754
-10644
-10906
-10835
-10081
-8294
-6304
-3954
-1492
-134
97
-77
731
2475
3973
5375
6994
9293
11898
14106
15305
15511
14605
12708
10435
7790
5374
3461
1797
249
-1418
-2988
-4231
-5607
-7778
-10245
-12976
-15587
-17958
-20749
-23037
-25043
-26623
-27197
-27399
-26932
-25869
-24389
-22422
-20342
-18025
-15416
-12804
-10511
-8636
-6760
-4858
-3177
-2014
-1050
-79
947
2066
3133
4354
5447
6734
8190
9429
10756
11954
13098
13971
14255
14661
14930
15150
15167
15140
15391
15590
15940
16331
17161
18036
19132
20643
22073
23619
23620
22840
21683
20145
19016
16008
12375
8951
5249
2448
-1008
-4273
-7042
-9723
-11457
-13159
-14249
-14297
-14021
-14082
-14300
-14124
-13932
-14083
-15068
-15201
-13263
-10215
-6737
-4205
-2144
-1172
-2875
-7601
-13188
-15396
-13153
-7924
-1926
3541
8696
13127
15894
16772
16365
15454
14458
13386
11968
10734
9533
8399
7501
6419
5561
4601
3448
2193
697
-727
-2017
-3537
-5683
-8104
-10691
-13056
-15349
-17994
-20244
-22355
-23858
-24565
-24940
-24635
-23832
-22623
-20854
-18897
-16829
-14469
-12214
-10330
-8659
-7054
-5473
-4120
-3325
-2692
-2076
-1331
-436
321
1274
2355
3598
4995
6336
7911
9363
10579
11699
12393
13146
13796
13986
14213
14276
14568
15378
15987
16751
17626
18462
19476
20581
21659
22757
22420
21426
20678
19099
17846
14870
11092
7643
3443
301
-3230
-7336
-10883
-13884
-15347
-16066
-15841
-14382
-11713
-9192
-7765
-8233
-10925
-13535
-15569
-14894
-10023
-3920
-520
-1052
-2291
-2267
-1729
-709
-849
-1773
-2411
-2558
-1907
-697
2104
5398
7847
9151
9643
9941
9986
9856
8929
7802
6358
4811
3745
2504
1740
1167
524
-96
-1175
-2220
-3142
-4344
-6407
-9038
-11782
-14585
-17038
-19953
-22779
-25206
-27373
-28470
-29155
-29220
-28630
-27575
-25882
-24000
-21723
-19228
-16503
-14238
-12327
-10424
-8536
-6655
-5422
-4492
-3525
-2472
-1072
269
1643
3003
4388
6051
7624
9163
10638
11865
12782
13348
13892
14443
14691
14664
14175
13803
13866
13896
14220
15011
16221
18194
20303
22115
23682
24921
25288
24462
23334
21643
19894
16515
12340
8778
5500
3774
1621
-1100
-3269
-5972
-7811
-9717
-11142
-10928
-10353
-10241
-11292
-12252
-12521
-11301
-9342
-8471
-8925
-10099
-10375
-10724
-12343
-13464
-13161
-10416
-7097
-3930
-626
2275
5031
6895
8773
10542
11467
11670
11171
10765
10547
10152
9264
8361
7715
7338
7143
6891
6639
6045
5087
3901
2314
647
-757
-2638
-4975
-8088
-11170
-14172
-17167
-19949
-23237
-25697
-27659
-28864
-29099
-29139
-28229
-26796
-24930
-22684
-20103
-17432
-14660
-12222
-10351
-8385
-6602
-5076
-3931
-3459
-2729
-1892
-914
213
1212
2532
3925
5450
6908
8348
9710
10769
11523
11909
12262
12725
13243
13446
13829
14331
14943
15935
16573
17429
18221
18912
19994
20924
22217
23342
24024
23522
22087
21226
20564
20348
17971
14692
11871
8944
7143
4022
443
-2630
-5485
-6940
-8691
-9603
-9747
-9876
-10427
-11936
-12695
-11990
-8738
-5739
-5237
-5879
-6928
-7572
-8198
-8807
-8975
-9135
-8844
-8549
-7328
-5354
-3414
-1287
280
2466
4735
6509
7551
7626
7740
7854
7722
6926
5918
4704
3388
2206
908
-199
-1254
-2235
-3128
-4321
-5317
-5845
-6550
-7882
-10047
-12315
-14240
-16282
-18438
-20910
-23072
-24616
-25573
-25709
-25505
-24772
-23393
-21610
-19581
-17210
-14547
-11846
-9629
-7979
-6278
-4425
-2865
-1776
-1216
-642
219
1174
2290
3180
4143
5359
6588
7909
9052
10118
11115
11710
12088
12563
13293
13966
14218
14384
14734
15215
15998
16867
17523
18324
19092
20179
21241
22297
23575
24680
25950
25543
24750
23441
21642
21013
18130
15974
14150
11764
9913
5959
3227
868
-1917
-4878
-9440
-12049
-10449
-6802
-6249
-9614
-14048
-18058
-19607
-19781
-17833
-13369
-8989
-6618
-7017
-7807
-8239
-7999
-6595
-5379
-3444
-1471
464
2273
3462
5221
7013
8704
9686
10380
11071
11613
11762
10891
9971
8801
7777
7116
6290
5932
5612
5171
5024
4522
4017
3492
2359
846
-1817
-4429
-7141
-10143
-13177
-16782
-19774
-22311
-24175
-25177
-25729
-25405
-24444
-22789
-20713
-18402
-15913
-13319
-11095
-9459
-7651
-6150
-5004
-4329
-4164
-3666
-3087
-2370
-1549
-664
495
1714
3237
4835
6412
7751
9017
10216
10971
11765
12499
13205
13651
13827
14181
14346
14614
14602
14676
14941
15217
15930
16719
18188
20004
21796
23557
24452
24668
24222
23157
20538
17423
15355
10984
7294
4491
297
-3587
-7931
-10787
-10375
-7592
-5411
-6895
-11381
-15121
-15143
-12496
-9373
-6298
-5409
-7497
-10892
-13641
-14760
-15303
-14684
-13069
-11122
-8747
-6483
-3847
-1163
1398
3521
5074
6771
8226
9052
9105
8695
8410
8333
7936
7064
6202
5259
4357
3684
3031
2701
2425
2037
1703
1048
435
-228
-1401
-3275
-5631
-8017
-10193
-12520
-15270
-17836
-20077
-21745
-22896
-23515
-23679
-23338
-22364
-21033
-19224
-17126
-14946
-12762
-10993
-9397
-7777
-6283
-5018
-4422
-4005
-3370
-2599
-1752
-882
94
1134
2263
3471
4713
5875
6871
7877
8589
9239
9941
10806
11632
12037
12693
13366
14214
14700
14508
14696
15261
16280
17528
18095
18838
19542
20402
21415
21730
21868
20673
18990
16583
14142
12495
10079
7093
2318
-5144
-9416
-7428
-4105
-4675
-11691
-16824
-15791
-12191
-8944
-8701
-9532
-8878
-7411
-7050
-7346
-7995
-8276
-7896
-7277
-5503
-3515
-2594
-3564
-5686
-6907
-6996
-6045
-4610
-2661
18
2802
5104
6668
8015
9312
10520
10934
10479
9717
8445
7143
5805
4364
3280
2209
1144
206
-868
-1863
-2694
-4326
-6346
-8759
-11231
-13328
-15940
-18688
-21156
-23210
-24497
-25281
-25557
-25215
-24514
-23134
-21363
-19413
-17256
-15061
-13025
-11342
-9815
-8111
-6562
-5452
-4764
-4124
-3264
-2338
-1488
-596
377
1442
2711
4087
5496
6827
8095
9378
10585
11608
12679
13781
14566
15178
15774
16613
17466
18160
18769
19216
19656
20095
20828
21980
23233
24387
25330
24955
23410
23106
22882
22268
20398
17103
13435
8578
4258
-917
-3253
-551
1322
495
-4073
-6629
-7154
-12130
-17244
-17972
-16322
-14212
-11931
-10450
-9321
-7528
-5610
-4518
-4742
-5457
-5801
-5630
-4655
-3412
-1821
-66
1604
3260
4874
6860
8668
9943
10349
10159
9987
9556
8741
7265
5613
3812
2085
510
-1061
-2303
-3259
-4171
-4538
-4776
-5156
-5074
-6049
-7290
-9078
-11368
-12904
-15248
-17367
-19446
-21469
-22421
-23176
-23281
-22941
-22368
-21193
-19581
-17826
-16002
-13987
-12111
-10338
-8920
-7606
-5982
-4932
-4089
-3543
-2918
-1896
-1188
-294
405
1134
2196
3298
4469
5610
6662
7742
8776
9658
10640
11673
12596
13351
13807
14368
15241
15828
16478
17071
17459
17862
17510
16875
16181
15182
14597
13382
12039
11597
11887
12412
11041
9295
8409
8356
8192
5069
-176
-5614
-11292
-13662
-13193
-11759
-9202
-6957
-5542
-5323
-5677
-5950
-6302
-7715
-10123
-12107
-13164
-13330
-13414
-12799
-11047
-9145
-7210
-5553
-3667
-1382
1133
3715
6110
8363
10134
10881
10660
9867
9297
9014
8675
8156
7588
6933
6060
5434
4580
3844
3205
2293
1704
1090
259
-220
-1273
-2771
-4379
-6670
-8254
-10317
-12661
-14750
-17021
-18352
-19408
-20065
-20271
-20182
-19602
-18458
-17023
-15496
-13609
-11886
-10184
-8801
-7536
-6069
-5046
-4378
-3902
-3458
-2634
-1804
-897
100
1117
2463
3760
5180
6601
7829
9094
10150
10985
11891
12801
13505
13949
14115
14521
15104
15625
16112
16335
16689
16682
16549
16884
17012
17573
17986
18285
18255
17504
17533
16966
14926
11354
8491
5511
2353
-758
-4599
-8047
-11108
-12894
-13068
-12171
-9774
-7052
-5556
-5319
-6400
-7111
-7764
-9026
-10964
-12797
-13678
-13966
-13998
-14109
-13915
-13206
-12249
-10840
-9192
-7095
-4826
-2502
-75
2267
4887
6969
8345
8871
8889
8843
8344
7246
5682
3920
2309
877
-222
-1104
-1649
-2192
-2699
-2825
-3219
-3552
-4292
-5492
-6997
-9067
-10970
-12991
-15239
-17648
-19882
-21490
-22725
-23278
-23506
-23257
-22550
-21367
-19547
-17662
-15778
-13801
-11843
-10083
-8570
-7010
-5724
-4640
-3942
-3361
-2442
-1562
-665
202
1122
2158
3192
4409
5528
6580
7614
8557
9676
10321
11152
11833
12437
12961
13554
14467
15098
15638
15788
15929
16055
16030
16282
16173
15889
15765
15260
14759
13405
12444
12502
12913
11708
9443
8406
6371
4032
1105
-3607
-9466
-13899
-13543
-11695
-12154
-12817
-12738
-13626
-16157
-20159
-23216
-20116
-12296
-6076
-2053
-765
-2691
-5681
-9405
-11956
-11809
-9602
-5822
-1734
2132
5424
7796
9658
11395
13174
14585
15438
15736
15859
15995
15730
15101
13792
12400
10765
9147
7691
6188
5030
3818
2509
1546
403
-889
-2277
-4429
-6555
-9100
-11548
-13797
-16549
-18944
-21127
-22649
-23352
-23802
-23624
-22888
-21830
-20252
-18250
-16221
-14087
-12110
-10318
-8610
-7182
-5789
-4554
-3746
-3028
-2452
-1568
-469
458
1447
2394
3628
4941
6157
7325
8150
8866
9507
10163
10595
11281
11981
12608
13334
13941
14973
15984
16785
17709
18488
19387
20207
20507
20757
20853
21180
21952
22478
22480
21883
20607
19005
17961
16063
12665
9014
4426
-1134
-8921
-14473
-16727
-19288
-20787
-19900
-13084
-2356
5875
9672
10242
10551
9131
5100
902
-2713
-5170
-6189
-5918
-5187
-4970
-5062
-5014
-5119
-4814
-3530
-1912
-604
1084
2810
4824
6841
7955
8505
8412
8142
7631
6706
5584
4279
3141
2118
1332
725
289
-106
-641
-883
-1414
-2119
-2944
-4583
-6307
-8570
-10913
-13079
-15712
-17940
-20175
-21910
-23016
-23678
-23671
-23330
-22510
-21335
-19619
-17886
-15999
-14200
-12495
-10849
-9601
-8238
-6991
-5972
-5014
-4223
-3141
-1942
-768
515
1614
2798
3974
5283
6561
7528
8494
9173
9742
10067
10282
10688
10742
11050
11257
11581
12290
12684
13501
14211
15070
15892
16351
17470
18885
20379
22356
23962
24501
23683
22415
22473
21496
19666
17259
12676
5991
-683
-6280
-8964
-4155
2538
4686
3411
-155
-3117
-3848
-3547
-2266
-2071
-5160
-10917
-16611
-20866
-23278
-23508
-22343
-20570
-18595
-16759
-14733
-12541
-10247
-7961
-5759
-3480
-1549
385
2376
4494
6466
7566
8127
8228
8194
7962
7409
6865
6133
5567
5020
4672
4357
3881
3351
2522
1759
650
-510
-2058
-4107
-6204
-8813
-10925
-13223
-15545
-17510
-19608
-20757
-21638
-21917
-21652
-21290
-20390
-19258
-17666
-16072
-14459
-12946
-11519
-10170
-9228
-7921
-6822
-5857
-4834
-3895
-2500
-1153
319
1787
3114
4751
6336
7978
9553
10756
11801
12513
13078
13604
14158
14792
15562
16293
17142
18044
18550
18925
18920
19169
19655
19672
20270
21132
21504
22600
24971
28088
30121
31207
31103
30325
28780
25940
23024
19765
15556
9599
2508
-4930
-11611
-15728
-17118
-16892
-16596
-16935
-17152
-17483
-17461
-16479
-14717
-12363
-10138
-8510
-7212
-6618
-6779
-7484
-8200
-8547
-7915
-6631
-5317
-3772
-2384
-706
746
2182
3711
5216
6747
7775
8532
9100
9589
9714
9371
8592
7524
6217
5057
4169
3390
2977
2431
1745
1176
436
-631
-1826
-3742
-5944
-8304
-10997
-13226
-15866
-18288
-20334
-22184
-23153
-23764
-23845
-23509
-22849
-21779
-20289
-18682
-17133
-15594
-14209
-12931
-11828
-10739
-9529
-8491
-7548
-6499
-5246
-3664
-2263
-765
690
2078
3529
4724
5896
6712
7227
7674
7990
8153
8332
8723
9068
9376
10213
11064
12530
13755
15064
16589
17408
18776
19459
20137
20845
21541
23414
25119
26456
26058
24551
24038
22179
19166
16305
13301
10509
6416
1512
-2291
-4404
-4533
-3916
-2444
-1390
-2169
-5399
-9960
-13532
-16277
-16887
-16374
-14803
-13008
-12403
-11834
-11785
-11702
-11731
-11783
-11352
-10836
-9791
-8545
-7000
-5135
-3426
-1550
124
1779
3111
3736
3944
3784
3666
3247
2763
2282
1639
1316
678
409
83
-478
-889
-2039
-2791
-4131
-5707
-7313
-9570
-11422
-13938
-16140
-18100
-20190
-21618
-22996
-23743
-24086
-23918
-23231
-22304
-21178
-19994
-18319
-16903
-15521
-14159
-13071
-11841
-11044
-10073
-8894
-7929
-6826
-5748
-4280
-2770
-1275
350
1775
3140
4213
5299
6306
6919
7363
7501
7657
7762
7937
8250
8707
9269
9868
10835
11808
12556
13357
13934
14838
15994
16844
17666
18117
19622
21890
23985
25109
25632
25427
25126
25100
23341
21056
16518
12365
10065
7846
6249
3060
-775
-5298
-9850
-12322
-13000
-11659
-11832
-14930
-18435
-18695
-15726
-12656
-10050
-8196
-6829
-6470
-6421
-5750
-4934
-3280
-1189
485
1942
2439
2982
3104
3059
3267
3371
4252
4874
5457
6012
6272
6430
6023
5720
5108
4659
4277
3897
3903
3363
3045
2419
1625
805
-542
-1955
-3807
-6092
-8359
-10685
-12688
-14594
-16199
-17256
-17955
-18084
-17774
-17145
-16402
-15467
-14307
-12995
-11764
-10659
-9506
-8642
-7787
-6996
-6133
-5084
-4311
-3312
-2284
-1176
67
1258
2463
3487
4383
5312
6048
6599
6935
7118
7198
6995
6787
6710
6791
6974
7300
7988
8916
10098
11234
12649
13958
15318
16957
18507
20385
22366
24906
27000
27318
27210
26654
24515
23514
22158
20368
18219
15265
13506
11030
9155
7556
5541
3441
698
-2037
-5224
-7615
-9361
-10899
-12051
-13565
-14165
-14683
-15034
-15480
-15751
-15117
-14230
-13027
-11900
-10887
-9338
-7789
-6187
-4620
-3327
-1751
-560
728
1923
3099
4157
4834
5261
5306
5469
5198
4891
4428
3711
3392
2820
2640
2052
1303
559
-648
-1844
-3348
-4866
-6559
-8595
-10548
-12469
-14280
-15730
-17165
-18288
-19250
-19845
-19908
-19595
-19042
-18212
-17152
-16029
-14553
-13290
-11907
-10757
-9891
-8892
-8092
-7151
-6324
-5423
-4336
-3232
-1974
-620
742
2016
3105
4068
4989
5754
6306
6768
7097
7447
7872
8306
8921
9600
10487
11438
12369
13396
14215
15129
15869
16432
16799
16909
17036
16665
16441
16033
15730
15881
15833
15844
15961
15380
14680
13692
12892
12537
10905
10235
9926
9336
9248
7765
5539
2042
-3494
-9458
-13856
-14897
-13769
-11265
-8450
-6877
-7489
-9196
-10512
-11296
-11416
-11139
-10530
-9635
-8674
-7882
-6839
-5758
-4252
-3045
-1819
-533
542
1582
2047
2271
2328
2607
2914
3269
3544
3600
3823
3769
3708
3518
3200
2664
1637
552
-453
-1569
-2920
-4455
-6082
-7582
-9390
-11485
-13869
-16559
-18955
-20637
-21528
-21665
-21253
-20300
-19031
-17743
-16207
-14623
-13039
-11839
-10911
-9848
-8946
-7984
-7066
-6054
-5124
-4165
-3005
-1744
-430
725
1803
2807
3694
4399
5058
5505
5703
5840
6075
6525
7119
7747
8435
9223
10031
11096
12250
13262
14381
15339
16524
17590
18677
19605
20438
21518
22453
22742
22681
22306
21450
20538
18781
15498
12242
10893
9783
7067
3190
-2451
-7625
-10142
-11891
-11795
-10078
-7619
-4893
-2739
-2361
-4505
-7650
-9882
-10956
-11970
-12272
-11319
-10032
-8467
-6916
-5722
-4278
-3148
-1852
-573
420
1463
2238
3245
4108
5064
6074
6924
7704
8242
8850
8996
8954
8618
8071
7514
6584
5724
4651
3395
1956
553
-894
-2723
-4598
-6385
-8089
-9901
-11813
-13309
-14524
-15530
-16061
-16549
-16562
-16284
-15851
-15170
-14536
-13752
-12883
-12031
-11476
-10840
-10193
-9570
-9077
-8786
-8030
-7195
-6414
-5352
-4233
-3004
-1831
-641
523
1442
2221
2845
3447
3815
3999
4266
4425
4466
4667
5147
5775
6403
7122
8065
9162
10045
11146
12103
13002
13531
13961
14192
14299
14784
14956
15096
14519
14425
14096
12876
12428
11920
11095
9914
7491
5431
3124
222
-2432
-4775
-5364
-3989
-653
2632
1963
-1017
-3732
-5960
-7994
-9335
-10301
-11635
-12582
-13581
-14079
-14251
-13893
-12967
-11817
-10229
-8566
-6814
-4935
-3279
-1703
-263
914
1991
2603
2817
2772
2696
2684
2532
2320
2010
1859
1593
1486
1370
916
398
-509
-1341
-2507
-4013
-5620
-7460
-9418
-11431
-13368
-14970
-16444
-17764
-18594
-19196
-19333
-19112
-18584
-17847
-17128
-16235
-15130
-14177
-13254
-12438
-11702
-10880
-10265
-9474
-8498
-7610
-6541
-5348
-3923
-2491
-1105
389
1598
2703
3573
4309
4913
5107
5184
5071
5000
4917
4812
4848
4949
5156
5461
6020
6796
7512
8506
9568
10794
12005
12928
13999
15177
16435
17588
18893
20292
20580
19590
16590
14021
12686
10825
8219
5883
5033
2713
466
-483
-2197
-3760
-5262
-6647
-7699
-8704
-9650
-10671
-11142
-11530
-12161
-12717
-12899
-12452
-11649
-10548
-9374
-8116
-6952
-6002
-4840
-3927
-3113
-2420
-1897
-1272
-930
-633
-383
-368
-273
-342
-159
89
213
406
639
943
1088
1359
1415
1221
856
290
-143
-756
-1781
-2898
-4506
-6276
-8174
-10278
-12132
-14005
-15470
-16532
-17023
-17016
-16756
-16088
-15289
-14390
-13376
-12352
-11420
-10686
-10018
-9423
-8854
-8277
-7819
-7196
-6498
-5648
-4618
-3414
-2032
-721
679
1990
3248
4431
5406
6218
6783
7242
7518
7766
7957
8165
8589
9057
9723
10455
11319
12240
13109
14213
15119
16035
16792
17387
18153
18629
18790
18663
18172
18033
17833
16708
15589
14539
12285
10551
9481
8161
7092
5376
3841
2023
330
-823
-2659
-4543
-6777
-8935
-10671
-11814
-12262
-12525
-12639
-12872
-12865
-12872
-12910
-12833
-12808
-12326
-11657
-10749
-9648
-8537
-7301
-6276
-5095
-3864
-2935
-1957
-1365
-967
-596
-467
-240
-98
-71
-66
-81
-29
25
9
-205
-443
-1080
-1917
-2763
-3954
-5278
-7194
-9342
-11404
-13382
-14990
-16398
-17442
-18180
-18394
-17999
-17181
-16044
-14677
-13018
-11416
-9946
-8549
-7267
-6355
-5854
-5461
-5071
-4583
-4061
-3465
-2595
-1562
-337
1166
2707
4221
5547
6777
7856
8746
9440
9813
9983
9838
9819
9901
10033
10265
10507
11127
11963
12977
14239
15542
17023
18367
19540
20294
20730
21231
22000
23665
25044
25910
26998
26497
25155
23808
21928
20230
17680
15654
13154
10944
8683
6062
3841
1831
611
-991
-2241
-3414
-4731
-5815
-7068
-8238
-9303
-9932
-10411
-10676
-10679
-10658
-10355
-10122
-9708
-8862
-7983
-6868
-5568
-4177
-2606
-1306
47
954
1714
2200
2376
2426
2272
2259
2124
2280
2382
2505
2625
2692
2743
2454
2094
1422
353
-758
-2080
-3826
-5668
-7550
-9267
-11061
-12943
-14378
-15589
-16520
-17096
-17348
-17251
-16815
-16189
-15295
-14355
-13408
-12335
-11431
-10672
-10064
-9405
-8803
-8350
-7836
-7174
-6365
-5459
-4410
-3177
-1863
-576
756
2081
3288
4333
5156
5793
6255
6513
6751
6988
7045
7235
7637
8236
8858
9463
10345
11254
12019
12794
13605
14568
15380
16294
17257
18650
19870
20185
20404
20398
19661
18490
17307
15035
12637
11282
9674
7524
5941
3831
1189
-380
-2261
-4226
-5871
-7937
-9829
-10929
-11273
-11738
-11605
-11012
-10779
-10710
-10906
-11048
-11262
-11358
-11264
-11088
-10472
-9642
-8615
-7333
-6084
-4811
-3483
-2218
-1102
-81
812
1407
1695
1783
1793
1638
1241
782
449
203
-24
-142
-125
-184
-446
-811
-1390
-1948
-3047
-4409
-5701
-7365
-8741
-10365
-11884
-13026
-14269
-14886
-15290
-15501
-15302
-14959
-14264
-13563
-12816
-11837
-10860
-10108
-9458
-8713
-7963
-7180
-6564
-5839
-4843
-3919
-2841
-1564
-278
959
2205
3466
4596
5404
6047
6527
6642
6626
6546
6519
6452
6288
6397
6667
6979
7377
7992
8912
9683
10618
11755
12836
13915
14892
16024
17051
17768
18375
18980
19196
18905
18251
17051
15544
14011
12629
11144
9360
6799
4678
3185
1004
-853
-1841
-3004
-4720
-5835
-6083
-6267
-7029
-8101
-9143
-9949
-10647
-10969
-10744
-10438
-10084
-9641
-8996
-8231
-7123
-5844
-4480
-3175
-2060
-1200
-540
-285
-232
-152
-134
-244
-323
-259
-151
-72
65
369
598
764
964
1203
1302
1210
1014
587
-44
-1045
-2052
-3160
-4655
-6152
-7801
-9098
-10327
-11483
-12158
-12780
-13036
-12899
-12484
-11895
-11231
-10506
-9799
-9070
-8627
-8037
-7559
-7372
-7155
-6961
-6534
-6033
-5439
-4522
-3533
-2348
-993
501
1991
3208
4401
5419
6197
6591
6676
6686
6420
6133
5965
5953
6037
6145
6558
7159
8000
8861
9886
10689
11447
12257
13060
13783
14995
16296
17801
18367
19441
20580
19112
16840
15851
15242
11609
9953
8717
7152
7647
7426
7247
6019
3713
1039
-2627
-6518
-10043
-12436
-12713
-11043
-9553
-8699
-7874
-7139
-6948
-7758
-9044
-9883
-9769
-8523
-6606
-4488
-2660
-1161
-255
260
538
362
195
-211
-453
-556
-592
-445
-413
-151
111
378
617
836
1179
1319
1464
1434
1201
770
84
-718
-1838
-3120
-4732
-6224
-7678
-9237
-10536
-11852
-12831
-13608
-14222
-14332
-14533
-14331
-13960
-13575
-13005
-12457
-11748
-11154
-10583
-10132
-9474
-8851
-8277
-7541
-6928
-6060
-5158
-4139
-2987
-1851
-659
395
1460
2355
3111
3679
3946
4115
4093
4050
3971
3803
3607
3453
3589
3802
4361
5146
5939
6846
7627
8468
9266
9952
10578
11152
11560
11828
12548
13465
13526
12780
11151
9639
8937
8544
8132
6753
5261
3749
2254
1062
-799
-2433
-3270
-4384
-5451
-6361
-7203
-7905
-8753
-9539
-10481
-11368
-12063
-12707
-13162
-13405
-13245
-12964
-12532
-11890
-11098
-9827
-8322
-6252
-3809
-1205
1582
4216
6507
8002
8535
8289
7831
7425
7375
7804
8089
7917
7384
6868
6563
6261
5834
5157
4172
3214
2133
898
-562
-1944
-3068
-4265
-5415
-6529
-7339
-8106
-8618
-8905
-9157
-9150
-9077
-8798
-8483
-8057
-7452
-6794
-6160
-5607
-4817
-3935
-3160
-2516
-1923
-1362
-997
-559
-7
600
1324
2058
2987
3758
4400
5017
5461
5701
5700
5832
5861
5761
5659
5592
5851
6173
6666
7306
8065
8913
9855
11041
12272
13546
14859
15983
17040
18084
19953
21662
21865
21340
22332
21602
18472
18461
17734
17161
17431
16582
14962
12908
10686
9013
8050
7000
5514
3094
468
-2203
-4983
-7273
-8969
-10413
-11510
-12012
-11671
-10455
-9040
-7619
-6398
-5810
-5816
-5941
-5692
-5127
-4322
-3491
-2706
-2139
-1825
-1556
-1311
-1236
-1123
-995
-922
-1062
-1285
-1494
-1876
-2250
-2485
-2624
-2622
-2596
-2643
-2797
-3336
-4056
-4794
-6017
-7342
-8697
-9886
-10845
-12010
-12873
-13500
-13970
-14218
-14418
-14418
-14326
-14135
-13816
-13504
-13136
-12640
-12097
-11644
-11158
-10598
-9912
-9287
-8724
-8083
-7325
-6489
-5562
-4503
-3413
-2317
-1166
-34
1020
2049
2938
3735
4286
4534
4750
4872
4800
4689
4708
4721
4802
5022
5372
5823
6350
6956
7663
8559
9498
10263
10796
11396
12046
12285
12088
12120
12908
13548
13688
12054
10970
11210
9868
8676
7110
5509
4839
3517
2890
2487
1317
365
-332
-381
-333
-829
-1616
-2764
-3825
-4320
-3739
-2096
-259
685
193
-1566
-3917
-5718
-6455
-6457
-6456
-6756
-7275
-7740
-7663
-7016
-5872
-4462
-3222
-2082
-1144
-377
172
596
877
902
861
747
510
239
-218
-637
-1219
-1890
-2480
-3029
-3804
-4691
-5455
-6257
-6835
-7673
-8251
-8798
-9321
-9427
-9633
-9577
-9453
-9278
-8961
-8742
-8406
-8105
-7781
-7651
-7575
-7375
-7142
-6940
-6746
-6427
-6019
-5635
-5007
-4295
-3470
-2629
-1753
-761
62
853
1516
2078
2295
2390
2466
2298
2090
1758
1485
1319
1251
1419
1673
2172
2660
3358
4159
4871
5593
6176
6735
7071
7449
7758
7989
8060
7904
7835
7817
8179
8295
8093
7900
7868
8464
8628
8312
7659
6425
5318
3832
2299
1488
695
-403
-995
-1376
-2316
-2836
-3248
-3907
-4438
-4628
-4604
-4711
-4533
-4247
-4177
-4045
-4083
-4056
-3960
-3863
-3755
-3686
-3438
-3130
-2653
-2180
-1680
-1119
-704
-323
-40
128
175
221
138
-21
-149
-440
-737
-1190
-1580
-1812
-1714
-1654
-1612
-1139
-591
143
491
542
543
127
-193
-907
-1680
-2425
-3277
-3942
-4663
-5104
-5436
-5505
-5559
-5499
-5101
-4634
-3936
-3360
-2619
-1803
-1030
-167
562
1332
1971
2503
3088
3615
4089
4478
4819
4993
5093
5225
5265
5157
4908
4642
4516
4484
4482
4630
4886
5195
5598
6059
6518
7000
7204
7371
7487
7537
7677
7730
7682
7292
6977
6853
6713
6623
6139
5597
5100
4622
4200
3684
3189
2598
2262
1955
2140
2117
1384
700
142
-718
-1981
-3062
-4275
-5049
-5234
-5217
-5274
-5348
-5270
-5250
-5132
-4805
-4486
-4015
-3557
-3126
-2418
-1784
-1065
-387
211
686
1008
1398
1609
1712
1672
1602
1424
1091
785
345
13
-524
-1015
-1570
-2174
-2736
-3275
-3803
-4666
-5417
-6219
-6904
-7448
-8188
-8739
-9274
-9618
-9781
-9966
-9931
-9946
-9886
-9752
-9527
-9277
-8968
-8715
-8554
-8315
-8019
-7565
-7171
-6853
-6522
-6076
-5527
-4942
-4286
-3629
-2933
-2276
-1567
-866
-268
238
615
866
1109
1412
1670
1836
2008
2268
2620
3196
3783
4426
4999
5670
6221
6766
7254
7512
7750
7695
7645
7611
7568
7638
7438
7307
7170
7090
7035
6788
6493
5990
5504
4868
4133
3416
2537
1700
841
216
-246
-523
-497
-536
-557
-567
-239
15
112
52
51
254
481
566
706
887
975
1273
1551
1943
2169
2138
1976
2131
2313
2383
2422
2364
2286
1963
1541
1014
495
57
-462
-876
-1097
-1038
-1088
-1093
-932
-963
-1281
-1893
-2887
-3969
-5079
-6212
-6943
-7316
-7364
-7308
-7175
-6943
-6744
-6460
-6165
-5955
-5795
-5512
-5317
-5114
-4967
-4830
-4682
-4718
-4782
-4721
-4556
-4502
-4334
-4112
-3751
-3362
-2929
-2310
-1794
-1348
-813
-249
138
397
634
802
864
800
810
834
772
771
963
1280
1593
2140
2689
3220
3779
4331
4909
5269
5494
5635
5717
5671
5488
5413
5405
5272
5129
5138
5194
5123
5007
4756
4367
3813
3166
2429
1434
414
-571
-1559
-2498
-3430
-3958
-4398
-4730
-4960
-4907
-4637
-4496
-4208
-3967
-3614
-3302
-2953
-2537
-2263
-1943
-1566
-1019
-371
432
1455
2330
3038
3568
4132
4704
4926
5093
5222
5244
5197
4883
4468
3920
3483
3158
2941
2738
2427
2188
1921
1631
1287
850
549
134
-391
-983
-1594
-2382
-3159
-3778
-4328
-4825
-5263
-5475
-5526
-5542
-5436
-5236
-5069
-4928
-4853
-4757
-4698
-4697
-4632
-4520
-4454
-4297
-4043
-3782
-3529
-3231
-2868
-2460
-2085
-1771
-1417
-1142
-1002
-880
-799
-822
-987
-1150
-1322
-1468
-1666
-1861
-1947
-2009
-1907
-1614
-1203
-783
-213
466
1121
1782
2461
3128
3628
4018
4377
4721
4974
5200
5492
5613
5785
5846
5975
5999
5823
5502
5108
4637
3926
3242
2495
1669
835
-1
-630
-1260
-1803
-2312
-2647
-2832
-3062
-3219
-3366
-3447
-3500
-3551
-3469
-3369
-3229
-3115
-3075
-2842
-2377
-1705
-1205
-828
-451
-68
549
958
1028
1153
1254
1286
1233
1298
1469
1525
1484
1590
1511
1261
1079
1005
1060
1059
1024
911
575
209
-122
-424
-783
-1126
-1485
-1834
-2114
-2386
-2523
-2557
-2598
-2571
-2513
-2407
-2350
-2293
-2208
-2250
-2233
-2196
-2200
-2235
-2288
-2166
-2082
-2015
-1926
-1721
-1521
-1467
-1379
-1321
-1279
-1284
-1325
-1329
-1424
-1523
-1536
-1464
-1418
-1371
-1181
-953
-730
-434
9
373
667
1004
1405
1768
2057
2356
2653
2858
3015
3178
3397
3563
3725
3933
4136
4249
4386
4545
4531
4337
4137
4006
3713
3432
2998
2584
2165
1657
1254
838
365
-126
-461
-790
-1050
-1331
-1552
-1824
-2230
-2491
-2788
-3087
-3515
-3797
-3947
-4091
-4079
-3926
-3684
-3392
-3009
-2524
-2071
-1673
-1296
-960
-739
-588
-440
-276
-134
-126
-56
91
190
320
450
500
396
222
189
-8
-347
-651
-954
-1313
-1623
-1810
-2028
-2171
-2312
-2366
-2371
-2411
-2402
-2364
-2279
-2289
-2238
-2096
-2015
-1899
-1671
-1342
-1073
-780
-432
-151
146
407
675
897
973
1058
1107
1152
1164
1176
1211
1267
1341
1390
1464
1569
1595
1689
1742
1723
1829
1957
2109
2232
2355
2518
2681
2892
2985
3034
3088
3085
3033
3011
3031
2934
2851
2849
2761
2700
2588
2509
2388
2196
2051
1875
1774
1616
1455
1294
1256
1245
1295
1299
1278
1355
1397
1477
1501
1557
1577
1602
1597
1630
1621
1660
1603
1618
1673
1661
1721
1690
1744
1712
1712
1725
1663
1541
1449
1359
1213
1052
924
810
678
531
444
333
227
189
95
28
-13
7
11
37
145
228
394
515
666
849
1067
1254
1493
1762
2036
2333
2507
2749
3000
3231
3445
3736
4006
4300
4559
4882
5135
5416
5664
5817
5929
5984
5984
5886
5770
5533
5346
5085
4942
4826
4753
4787
4854
5001
5132
5214
5255
5208
5040
4852
4529
4084
3546
2902
2306
1732
1117
668
250
7
-34
33
177
454
836
1162
1427
1609
1754
1795
1762
1562
1391
1185
1000
805
627
488
366
272
167
42
-47
-153
-288
-390
-505
-604
-665
-744
-698
-496
-319
-72
156
415
664
880
1010
1103
1081
1023
909
740
588
429
285
103
-6
-112
-154
-255
-384
-502
-621
-616
-576
-600
-525
-443
-358
-168
-29
189
385
628
891
1160
1495
1761
1997
2190
2360
2503
2593
2660
2775
2866
2905
2937
3006
3053
3079
3097
3089
3041
2966
2924
2835
2656
2542
2362
2123
1932
1695
1509
1289
1080
911
770
701
540
499
388
283
193
98
-43
-204
-356
-587
-762
-873
-1007
-1088
-1161
-1221
-1271
-1227
-1185
-1169
-1176
-1206
-1144
-1139
-1167
-1162
-1129
-1090
-1071
-1065
-960
-874
-770
-718
-641
-559
-481
-438
-411
-427
-497
-454
-500
-567
-599
-617
-627
-659
-653
-683
-699
-686
-676
-643
-612
-603
-566
-530
-546
-506
-460
-399
-408
-317
-207
-136
-39
-17
63
155
217
298
376
435
502
590
679
718
765
824
876
852
932
1039
1027
1149
1212
1304
1376
1421
1466
1574
1620
1612
1683
1676
1697
1704
1654
1671
1592
1565
1528
1461
1443
1420
1310
1302
1258
1210
1227
1203
1208
1099
1080
1006
925
801
650
519
405
259
95
-77
-178
-282
-446
-554
-687
-775
-887
-944
-1012
-1091
-1130
-1203
-1178
-1192
-1155
-1093
-1014
-963
-853
-763
-701
-653
-610
-602
-624
-641
-659
-663
-685
-627
-618
-600
-523
-441
-374
-299
-225
-115
-76
32
100
178
251
329
417
528
613
727
882
1027
1190
1346
1503
1620
1743
1880
2048
2073
2186
2251
2308
2376
2456
2480
2460
2509
2494
2488
2443
2389
2351
2300
2219
2161
2103
1993
1902
1786
1678
1601
1524
1414
1326
1192
1071
979
826
673
550
378
176
31
-153
-295
-496
-669
-772
-906
-1075
-1257
-1384
-1541
-1687
-1823
-1930
-1988
-2055
-2113
-2135
-2145
-2127
-2085
-2070
-1997
-1957
-1837
-1769
-1731
-1674
-1604
-1530
-1470
-1408
-1350
-1244
-1174
-1074
-1012
-918
-774
-722
-653
-570
-510
-451
-388
-341
-329
-262
-205
-176
-70
-13
62
162
196
311
433
489
597
696
812
952
1055
1200
1275
1362
1493
1609
1664
1745
1835
1867
1913
1903
1942
1960
1954
1947
1856
1782
1774
1697
1656
1620
1528
1490
1437
1325
1271
1199
1077
978
860
799
691
548
455
335
245
145
44
-53
-103
-180
-297
-409
-518
-563
-671
-784
-898
-1051
-1084
-1173
-1233
-1315
-1339
-1344
-1331
-1271
-1288
-1222
-1180
-1209
-1224
-1161
-1124
-1112
-1083
-1043
-1017
-991
-921
-867
-864
-816
-718
-704
-695
-679
-631
-665
-707
-756
-761
-741
-771
-790
-825
-775
-751
-740
-752
-699
-623
-622
-567
-487
-425
-351
-225
-192
-56
66
146
245
379
522
599
683
748
828
866
903
966
990
1015
1104
1095
1096
1173
1251
1259
1261
1239
1235
1202
1153
1056
986
879
780
729
610
480
411
331
226
156
101
-14
-97
-175
-258
-259
-331
-389
-436
-510
-549
-576
-580
-597
-568
-572
-630
-562
-510
-474
-465
-437
-454
-398
-406
-444
-443
-487
-473
-543
-561
-503
-513
-536
-545
-561
-560
-608
-627
-656
-676
-716
-744
-739
-710
-645
-610
-505
-451
-340
-271
-191
-102
13
115
140
230
321
377
462
534
568
608
612
653
679
672
694
677
597
552
555
437
341
319
255
183
141
105
59
46
51
-13
-4
34
35
79
83
155
224
319
382
428
510
627
669
741
836
903
983
1081
1075
1112
1194
1253
1286
1252
1313
1341
1368
1367
1321
1314
1319
1257
1275
1182
1144
1060
994
980
957
975
957
949
958
991
976
974
978
971
1050
1021
971
1018
1014
1055
1023
1096
1146
1153
1170
1207
1228
1207
1229
1200
1105
1098
1073
973
944
924
860
834
803
768
763
746
673
657
605
528
452
381
336
273
201
171
154
136
42
37
46
7
-17
-26
-65
-129
-151
-195
-199
-189
-221
-254
-233
-214
-243
-258
-288
-250
-245
-264
-295
-314
-364
-378
-377
-413
-439
-443
-409
-374
-357
-343
-295
-260
-203
-219
-181
-212
-195
-172
-159
-120
-127
-153
-104
-101
-102
-59
-20
-31
-13
-31
-21
26
9
31
3
-24
-15
0
-9
-40
-28
-39
-26
-46
-75
-58
-129
-134
-94
-125
-126
-124
-130
-111
-120
-118
-174
-154
-124
-112
-89
-66
-95
-75
-86
-91
-40
-53
-52
-46
-9
18
60
47
26
31
51
27
44
78
45
90
55
24
65
52
8
32
2
-53
-1
-15
-62
-95
-104
-124
-141
-204
-200
-200
-234
-261
-278
-299
-307
-371
-427
-395
-433
-449
-445
-482
-501
-490
-550
-546
-558
-589
-582
-625
-602
-625
-617
-637
-696
-707
-713
-667
-673
-676
-660
-703
-703
-701
-696
-654
-625
-602
-549
-531
-520
-426
-369
-393
-324
-306
-251
-202
-197
-159
-151
-39
0
41
37
109
175
221
256
283
335
321
350
371
435
433
452
486
518
520
570
580
558
578
612
647
630
681
658
652
642
677
672
724
734
761
763
737
815
816
807
792
813
849
854
852
915
916
895
898
956
968
929
928
915
965
931
911
941
870
904
915
899
877
844
846
847
840
817
804
782
781
765
774
772
762
754
736
777
778
721
774
771
744
781
758
792
797
767
749
755
737
693
693
690
707
754
741
711
712
727
737
708
703
725
693
766
780
709
700
709
685
692
726
736
703
743
738
711
704
695
705
626
635
641
643
663
641
658
670
631
644
610
613
618
604
610
621
616
568
575
572
561
535
530
522
526
512
513
521
460
486
436
474
460
392
355
355
326
307
321
313
273
200
243
207
188
149
157
113
75
69
63
61
17
-15
-6
-27
-45
-60
-42
-39
-87
-112
-127
-103
-142
-183
-205
-196
-246
-234
-256
-221
-252
-280
-305
-313
-280
-277
-290
-344
-338
-304
-315
-334
-303
-315
-344
-330
-341
-340
-290
-309
-290
-317
-270
-279
-335
-292
-293
-304
-320
-331
-299
-336
-285
-246
-274
-263
-247
-222
-257
-242
-250
-223
-238
-245
-238
-277
-288
-234
-286
-307
-262
-297
-328
-349
-351
-343
-374
-384
-396
-431
-425
-424
-453
-444
-440
-412
-430
-417
-419
-407
-401
-425
-389
-412
-380
-375
-374
-380
-371
-387
-378
-369
-325
-345
-347
-333
-309
-249
-251
-244
-219
-219
-244
-209
-207
-204
-166
-192
-185
-185
-185
-146
-198
-236
-234
-165
-152
-168
-171
-153
-136
-130
-105
-133
-120
-115
-147
-153
-126
-140
-121
-149
-135
-93
-82
-67
-92
-70
-87
-97
-120
-116
-83
-104
-67
-91
-105
-85
-94
-130
-110
-62
-74
-85
-71
-96
-96
-68
-46
-27
-65
-24
-23
29
7
5
-1
-11
8
17
35
-2
28
38
62
16
2
55
40
36
54
34
38
11
-2
8
54
67
-7
-21
22
-17
45
70
92
71
73
70
90
126
89
112
120
135
116
146
152
176
164
202
192
175
190
197
227
235
252
212
235
248
286
278
276
282
256
257
284
300
257
260
245
233
232
212
196
223
243
232
213
229
257
199
187
171
178
190
112
113
109
94
78
70
13
-1
12
3
-30
-25
-9
-1
-7
-23
-9
-51
-27
-33
-36
-41
-48
-69
-90
-91
-86
-76
-100
-61
-56
-54
-31
-67
0
8
-33
-8
1
12
-30
-7
1
-34
16
23
42
23
36
-7
35
33
58
82
18
29
22
27
-18
12
3
36
63
20
55
40
48
44
57
76
79
119
138
132
138
193
174
199
189
193
255
243
256
264
309
310
281
318
308
297
267
272
341
357
341
310
356
352
356
386
355
348
318
325
347
348
345
363
379
355
321
370
366
327
305
264
219
244
265
202
195
161
132
100
94
63
58
79
42
50
28
9
19
-1
-10
1
7
-16
-37
-53
-47
-75
-45
-48
-92
-75
-107
-95
-78
-97
-112
-99
-138
-83
-89
-138
-72
-66
-24
-70
-84
-28
-21
-70
-54
-63
-74
-75
-80
-93
-58
-25
-30
-5
-39
-23
-14
-42
-8
-17
2
-4
-28
6
-57
-17
-1
-33
-29
-14
5
28
27
26
19
70
120
128
164
141
128
132
189
190
157
177
174
214
185
214
244
256
241
246
238
252
285
254
243
226
257
222
235
210
211
220
222
247
237
172
187
186
145
164
157
162
146
131
109
93
43
69
47
22
31
26
8
0
-47
-57
-63
-69
-65
-75
-96
-87
-68
-94
-156
-141
-139
-186
-163
-180
-198
-191
-176
-205
-207
-213
-244
-211
-219
-212
-222
-237
-264
-249
-237
-245
-215
-233
-227
-220
-231
-258
-215
-208
-198
-220
-195
-208
-201
-192
-222
-197
-234
-242
-266
-242
-258
-209
-199
-217
-172
-184
-176
-212
-187
-187
-164
-144
-149
-134
-123
-97
-108
-104
-108
-93
-59
-46
-75
-32
-24
-17
-14
-44
-2
17
35
32
16
-1
-5
73
56
47
44
55
91
63
108
119
58
109
79
59
49
35
37
54
109
85
56
80
75
33
36
-14
35
48
3
-23
-42
-60
-92
-66
-99
-68
-92
-166
-157
-114
-119
-124
-129
-141
-125
-123
-120
-110
-121
-148
-177
-176
-174
-191
-147
-173
-163
-151
-154
-107
-140
-179
-116
-75
-104
-111
-111
-94
-67
-57
-58
-87
-117
-77
-29
-71
-22
-3
-19
25
52
51
40
58
76
67
56
87
80
52
124
88
57
75
85
114
102
120
173
158
176
168
171
225
199
204
266
227
263
285
276
293
246
320
334
333
306
313
363
382
352
348
347
344
321
379
382
374
393
385
366
360
362
341
382
328
356
367
357
374
336
304
349
337
311
296
263
259
227
268
251
236
226
222
219
261
255
253
258
228
217
194
220
224
223
219
209
220
236
220
219
223
216
235
239
218
193
205
206
216
223
229
232
221
207
198
220
222
208
246
268
250
250
280
275
264
256
255
247
247
258
273
299
295
300
267
314
344
362
360
344
372
357
378
369
346
359
356
360
391
424
437
427
430
439
474
451
460
443
421
469
444
438
501
505
496
508
550
558
571
578
547
545
554
546
568
589
581
593
581
563
575
589
551
564
549
547
573
554
527
530
570
551
555
558
541
554
542
509
505
498
493
491
478
511
482
460
430
439
420
426
408
383
373
374
350
350
376
341
326
282
348
336
285
270
271
278
276
287
253
221
243
244
232
255
217
197
180
180
174
170
208
177
166
195
196
209
177
132
103
100
139
128
130
110
117
129
135
146
112
64
66
56
56
113
90
85
92
61
58
82
119
72
82
65
32
56
52
84
75
44
70
34
50
73
1
43
11
28
65
38
19
22
3
26
-4
-4
-28
-19
-29
-40
-9
-18
-44
-85
-25
-72
-94
-106
-113
-100
-104
-112
-154
-116
-131
-156
-142
-184
-187
-202
-171
-179
-214
-193
-239
-236
-213
-226
-256
-240
-242
-272
-255
-286
-273
-303
-319
-323
-322
-323
-310
-296
-319
-332
-327
-303
-307
-309
-288
-302
-294
-324
-287
-286
-303
-307
-298
-289
-281
-225
-206
-227
-230
-210
-208
-205
-147
-156
-171
-168
-135
-129
-169
-180
-132
-106
-113
-90
-100
-105
-103
-71
-97
-51
-63
-100
-63
-71
-48
-94
-83
-35
-11
-48
-66
-22
6
-14
-7
2
29
59
42
57
82
114
89
126
84
55
86
104
118
125
142
125
179
164
155
145
120
104
115
118
117
155
83
95
155
161
188
181
136
76
129
125
123
105
136
132
136
155
105
132
144
116
148
164
128
113
70
117
112
113
105
104
80
64
103
99
108
117
112
76
38
80
78
127
92
77
90
79
129
52
70
106
66
68
69
40
33
54
41
51
84
83
116
98
96
106
82
80
98
94
125
86
52
89
74
90
57
106
82
77
137
95
100
64
45
76
110
112
144
122
120
139
143
139
169
166
169
184
164
169
135
154
186
169
217
182
175
163
173
224
192
199
223
214
262
250
213
229
227
241
246
225
256
252
234
238
252
276
292
232
265
254
228
263
266
261
217
237
237
269
238
253
218
209
250
208
177
188
157
169
192
169
174
155
133
216
185
167
150
144
167
179
145
107
148
129
124
112
130
147
115
133
144
182
121
116
148
89
158
129
131
155
135
150
124
99
115
144
139
140
136
132
182
138
132
121
123
104
102
97
119
101
129
133
107
85
119
130
78
130
129
126
118
131
116
135
194
142
188
174
144
180
166
181
181
207
216
247
250
217
233
281
238
265
260
254
301
317
303
287
309
306
315
339
343
291
298
280
308
317
315
321
312
308
246
276
239
257
288
229
250
229
246
292
241
235
266
213
229
242
236
222
218
191
219
183
164
188
133
164
149
182
202
182
205
179
120
135
116
93
125
109
117
132
73
74
58
27
66
71
73
56
51
95
103
83
108
112
103
81
88
87
89
116
117
114
102
128
161
133
163
161
166
198
186
155
170
228
206
212
202
234
237
232
239
243
233
203
238
243
261
238
238
273
263
281
331
317
307
348
340
331
315
333
326
337
325
329
341
352
343
373
344
330
357
340
370
403
375
368
407
401
419
369
388
375
338
364
371
394
348
379
358
336
334
312
337
279
281
293
292
251
279
270
266
287
231
260
274
211
253
260
231
232
192
233
216
199
194
197
222
192
208
197
208
197
176
189
160
175
155
164
153
155
167
161
178
188
222
175
188
213
200
231
203
191
201
227
235
205
213
246
262
241
245
213
264
309
297
291
273
275
281
262
270
301
287
265
280
281
305
309
342
345
329
354
323
310
339
378
322
283
337
324
353
391
358
390
386
431
433
411
420
447
469
446
445
480
487
509
504
504
480
514
508
486
468
483
495
461
473
455
478
459
424
425
423
426
438
420
466
446
409
436
422
420
421
394
350
351
364
353
343
384
377
371
344
330
325
287
314
289
274
265
255
288
276
283
253
244
260
255
286
257
205
190
224
215
201
210
211
198
162
200
199
225
211
194
208
176
165
210
182
155
155
188
179
150
157
104
134
122
108
125
142
150
167
145
185
193
186
178
200
242
218
252
245
242
227
236
252
226
251
212
231
232
243
241
262
287
305
294
269
303
342
288
263
305
282
273
294
232
267
316
276
274
279
283
283
278
268
252
252
251
283
279
255
232
234
227
212
241
227
220
226
194
155
177
190
164
142
144
134
99
121
89
98
117
87
98
67
92
42
93
106
71
119
75
73
51
93
71
52
40
26
35
54
75
27
41
41
74
35
61
70
46
49
41
37
-7
41
2
25
38
48
55
41
49
31
27
33
50
60
104
95
97
94
78
80
81
37
45
69
56
66
104
67
76
127
113
121
147
134
105
103
111
155
135
93
109
72
74
122
125
119
93
65
78
107
93
52
66
87
41
73
55
63
88
72
90
70
58
52
34
49
50
59
57
68
31
60
42
59
80
43
59
32
32
55
69
30
19
40
76
60
54
24
27
30
23
-12
5
34
47
30
32
61
9
18
44
23
5
0
9
-5
15
-3
47
41
-3
-1
-14
-35
-56
-81
-60
-25
-50
-55
-42
-49
-68
-48
-42
-55
-52
-20
-29
-21
-57
-45
-15
-24
-66
-82
-48
-75
-58
-52
-44
-60
-85
-19
-35
-49
-47
-34
-52
-72
-87
-84
-36
-27
-72
-40
-8
-52
4
-75
-69
-41
-40
-48
-68
-43
-62
-66
-48
-36
-27
1
-8
-58
-91
-25
-47
-106
-73
-94
-52
-61
-64
-52
-75
-76
-48
-42
-74
-64
-53
-59
-92
-76
-61
-95
-103
-127
-123
-129
-129
-137
-115
-144
-158
-104
-166
-153
-175
-162
-187
-184
-169
-192
-168
-194
-208
-198
-198
-185
-160
-222
-242
-222
-232
-191
-215
-205
-168
-164
-175
-160
-170
-181
-175
-181
-179
-192
-162
-187
-209
-196
-190
-202
-221
-225
-236
-220
-219
-204
-219
-224
-237
-218
-217
-216
-213
-226
-193
-241
-204
-213
-229
-202
-246
-230
-239
-191
-185
-160
-166
-212
-247
-225
-201
-224
-201
-216
-201
-184
-193
-158
-159
-157
-144
-170
-166
-133
-125
-168
-192
-183
-156
-148
-162
-154
-162
-140
-153
-158
-138
-154
-125
-171
-160
-170
-171
-173
-222
-173
-191
-200
-204
-160
-205
-213
-211
-231
-233
-223
-243
-253
-236
-245
-209
-243
-237
-261
-265
-227
-254
-290
-297
-295
-289
-307
-280
-298
-297
-308
-320
-315
-340
-354
-349
-319
-321
-333
-291
-295
-322
-337
-348
-335
-352
-346
-348
-358
-356
-349
-330
-315
-334
-311
-328
-286
-249
-292
-277
-294
-269
-311
-321
-292
-283
-277
-315
-313
-287
-285
-269
-264
-267
-260
-275
-262
-238
-255
-246
-279
-257
-206
-215
-224
-202
-203
-207
-215
-209
-201
-225
-221
-216
-208
-232
-172
-163
-198
-166
-188
-195
-197
-202
-174
-140
-152
-204
-202
-154
-173
-183
-233
-208
-188
-209
-174
-184
-183
-233
-253
-218
-239
-221
-243
-260
-223
-233
-249
-234
-194
-229
-263
-223
-270
-277
-247
-248
-263
-282
-295
-269
-269
-227
-276
-301
-263
-287
-238
-271
-276
-306
-294
-299
-291
-285
-255
-326
-301
-296
-304
-301
-303
-268
-334
-303
-308
-291
-300
-260
-272
-284
-283
-216
-245
-248
-277
-276
-228
-241
-238
-251
-197
-178
-153
-162
-137
-155
-149
-141
-147
-109
-146
-122
-110
-115
-104
-133
-102
-91
-86
-85
-65
-65
-65
-43
-103
-77
-75
-61
-38
-38
-3
2
-3
24
10
-15
-3
-9
3
-5
-19
-2
15
26
18
5
-16
-21
-16
-55
-35
-38
-51
-55
-58
-51
-37
-84
-82
-20
-49
-43
-51
-33
-27
-70
-35
-29
-74
-45
-41
-53
-124
-108
-83
-68
-61
-102
-80
-115
-127
-130
-86
-72
-143
-114
-118
-110
-87
-90
-119
-90
-122
-144
-114
-120
-102
-83
-61
-83
-79
-86
-96
-58
-35
-63
-71
-47
-66
-97
-79
-70
-78
-92
-103
-62
-59
-73
-37
-40
-67
-30
-36
-47
-69
-25
35
-10
3
46
28
11
-32
-49
-5
-16
-7
13
26
25
48
42
56
68
58
76
63
54
25
15
43
64
67
80
76
92
99
95
119
97
98
140
155
128
157
141
126
166
149
158
114
146
151
118
102
133
150
123
122
157
140
89
106
120
102
115
139
161
167
144
119
113
98
106
118
123
137
148
133
129
116
90
102
88
83
95
129
128
81
127
117
106
127
98
128
151
136
135
147
131
127
115
142
121
108
146
109
111
131
115
114
114
140
151
160
151
181
165
169
142
141
171
158
201
219
214
220
191
165
188
207
180
196
191
215
233
169
192
161
213
216
235
238
227
211
212
219
183
213
211
174
173
206
182
189
178
161
189
191
151
139
147
159
164
152
143
138
150
182
175
169
154
154
124
96
126
118
126
90
99
113
104
111
92
104
73
78
62
97
57
67
93
52
61
80
72
66
30
55
45
72
92
18
61
21
60
62
18
38
1
8
14
29
28
11
-3
11
-2
21
22
-48
12
18
-24
-20
-32
-27
-60
-13
-3
25
2
2
1
-37
20
-6
-4
19
42
24
41
55
50
58
48
73
41
59
75
50
64
62
102
86
65
64
83
108
75
83
89
96
85
57
68
125
99
60
100
86
69
52
60
57
39
45
54
24
74
66
62
51
57
35
-12
43
46
37
62
106
55
27
4
0
-7
-18
22
-5
-11
-6
17
26
-24
1
16
6
28
-7
-40
-16
-59
-32
-18
-71
-35
-24
-61
-57
-52
-50
-79
-109
-90
-51
-55
-82
-91
-78
-78
-77
-81
-97
-83
-80
-108
-87
-111
-88
-123
-121
-62
-82
-104
-72
-55
-98
-79
-77
-80
-54
-108
-116
-80
-123
-88
-95
-70
-34
-71
-71
-33
-33
-4
9
-29
-49
-24
19
-2
29
-17
18
-7
30
18
-15
17
-52
-31
7
0
18
8
25
40
21
42
62
89
63
61
82
104
86
56
83
88
102
95
108
118
105
148
124
133
131
160
161
123
158
130
164
157
139
151
182
177
133
143
127
136
121
138
128
124
151
149
139
139
120
79
84
106
91
55
95
87
103
86
49
84
65
96
74
63
59
142
115
71
104
126
108
113
163
120
140
130
151
127
114
154
114
131
179
172
158
175
155
121
148
113
107
98
110
129
139
123
107
120
142
149
107
137
106
87
147
135
137
117
124
161
171
124
147
167
145
123
100
154
128
145
162
178
218
179
165
202
206
224
178
179
188
153
182
193
164
151
121
122
125
128
150
137
163
208
191
227
242
212
210
171
180
216
203
193
211
237
216
230
238
209
243
234
189
198
210
175
164
145
157
170
188
141
170
184
154
200
182
147
197
184
211
190
161
169
146
166
169
148
137
150
142
145
190
165
112
124
138
110
103
98
113
127
85
111
107
64
112
123
110
111
86
104
106
99
93
76
79
93
99
35
69
88
38
8
19
45
8
29
28
35
28
25
29
34
15
26
22
28
16
43
37
1
38
29
2
19
7
23
34
45
37
34
25
44
54
2
32
38
24
94
87
74
65
61
85
71
81
57
91
90
68
36
24
58
80
22
26
21
-1
6
29
-8
-11
31
12
16
2
48
-27
-16
12
-26
-23
-11
-3
-17
-30
-44
-31
-43
-10
-7
-44
-20
-3
-36
-64
-71
-63
-61
-51
-15
-35
-15
13
-13
-24
-19
-27
-7
-48
-23
-29
-80
-50
-33
-8
-46
-18
-12
-9
-20
8
-15
3
-3
-14
20
-22
13
0
26
67
75
30
57
71
96
68
69
71
102
55
-2
44
-4
27
24
18
11
12
7
5
1
3
-15
6
-39
-10
-11
-1
-2
-32
23
-56
-26
-18
-25
-75
-20
-81
-104
-72
-102
-49
-72
-56
-66
-81
-78
-122
-95
-81
-90
-110
-101
-88
-77
-40
-45
-36
-17
-31
-27
-34
-21
-23
-94
-65
-25
-33
-26
-64
-12
-11
-14
16
-3
-23
-33
-8
-14
19
21
13
0
21
58
23
51
26
12
54
69
71
82
68
67
94
75
82
92
49
74
76
69
59
25
76
57
12
72
37
55
88
103
108
71
118
87
72
48
58
96
90
108
90
133
81
45
94
98
75
37
75
93
97
63
47
20
23
46
37
-2
-20
-26
15
3
1
55
44
64
34
58
72
65
92
68
72
95
70
90
95
73
65
82
73
66
39
45
90
107
115
114
61
60
76
110
88
109
71
32
81
52
44
6
15
24
38
-22
-54
-17
-3
5
-13
-4
26
10
11
45
44
40
34
32
21
-5
37
40
63
1
-10
16
9
78
23
60
54
45
65
49
34
53
49
18
30
23
39
34
17
44
16
-3
-46
-73
-28
-55
-3
-20
-27
-5
-18
17
-18
-7
-22
-7
-17
-32
-22
-2
-8
6
25
3
18
17
42
0
31
22
27
55
19
33
-8
-12
21
48
-6
-1
21
-14
-2
-9
27
19
31
-4
-6
32
23
29
-6
0
-4
51
31
17
19
-7
-9
14
-20
-22
26
27
34
44
63
16
34
11
-18
-12
43
8
-14
2
-16
-11
-24
-19
-73
-74
-51
-44
-56
-35
-14
-10
-25
-9
9
-46
-63
-54
-54
-76
-37
-73
-46
-80
-98
-76
-91
-54
-32
-54
-52
-33
-6
3
-28
-13
-24
4
-71
-51
-59
-75
-51
-68
-62
-48
-78
-104
-75
-67
-60
-74
-92
-50
-55
-63
-51
-89
-66
-102
-75
-76
-94
-83
-79
-107
-112
-65
-87
-51
-63
-49
-57
-79
-40
-45
-89
-63
-65
-59
-38
-61
-25
-70
-82
-72
-34
-37
-38
-11
-11
-52
-60
-26
-6
-23
-23
