-9
-59
-70
-19
-43
-25
-31
-70
-33
-26
-28
-31
-75
-88
-38
-43
-42
-21
-60
-47
-16
-42
-46
-53
-27
-25
-61
-85
-55
-82
-70
-94
-125
-73
-122
-120
-78
-78
-64
-61
-79
-61
-87
-68
-38
-36
-69
-63
-68
-64
-37
-44
-59
-55
-67
-65
-56
-33
-25
-26
-61
-88
-66
-67
-79
-65
-35
-68
-57
-54
-69
-54
-60
-62
-59
-33
-45
-60
-10
-26
-51
-27
-23
-7
-56
-22
-19
-44
-5
-19
-41
-25
-35
-60
-63
-44
-62
-39
-20
-2
-36
-11
-32
-45
-65
-91
17
-43
-3
-39
-78
-73
-79
-39
-52
-14
11
6
24
31
-14
-4
11
-5
-9
34
0
-28
-25
21
-27
-79
-6
5
-11
-3
-9
1
2
-12
7
18
-1
-36
-1
-14
-31
-7
-3
-26
-11
-63
-69
-3
-9
-54
-70
-54
-20
-28
-32
-10
-9
-36
-21
-22
16
15
-8
4
-39
-38
-31
-44
-96
-53
-36
-69
-11
-41
-59
5
10
-25
-44
-56
-43
-46
-58
-75
-74
-59
-49
-62
-64
-60
-63
-47
-51
-70
-65
-55
-39
-69
-66
-11
-76
-84
-72
-61
-72
-67
11
13
10
6
48
10
-30
6
22
22
20
45
29
42
67
12
8
55
32
71
35
4
25
21
68
33
16
28
50
2
-9
44
62
49
16
56
44
51
32
12
7
-27
-6
-17
-17
16
-23
-11
34
27
0
39
25
-14
-31
-10
-1
-27
-63
-70
-37
-16
-63
-83
-39
-41
-33
-22
-20
-33
5
-44
-49
-20
-81
-50
-53
-107
-91
-63
-85
-87
-84
-63
-64
-115
-64
-92
-75
-63
-76
-61
-86
-84
-67
-56
-93
-108
-89
-90
-71
-50
-99
-111
-66
-51
-73
-59
-58
-85
-97
-55
-71
-29
-79
-123
-57
-41
-63
-101
-19
-37
-43
5
-22
-27
-10
1
9
39
23
-2
-31
-14
2
-16
31
34
45
103
54
53
60
63
61
65
88
53
80
88
77
94
123
112
82
104
85
82
77
43
63
63
17
50
81
33
63
52
61
32
54
78
35
49
40
114
76
62
114
128
93
72
66
88
104
101
109
81
86
113
101
107
85
80
46
86
63
49
67
37
22
-17
17
32
47
32
-16
8
29
-28
-24
-52
-38
-20
-28
-38
-61
-73
-96
-83
-47
-38
-63
-74
-31
-74
-62
-51
-52
-35
-70
-83
-31
-18
-38
-31
-44
-21
-48
-73
-70
-83
-84
-114
-100
-109
-108
-148
-141
-89
-84
-118
-157
-126
-92
-83
-124
-99
-92
-128
-97
-85
-152
-119
-119
-116
-157
-167
-126
-132
-117
-144
-146
-141
-141
-117
-113
-146
-140
-134
-104
-92
-118
-117
-121
-108
-85
-116
-114
-46
-72
-47
-68
-54
-29
-53
-46
-79
-82
-58
-36
-53
-18
-34
-70
-44
-45
-42
-22
-8
-6
11
-5
-20
17
6
-4
8
-1
-13
-26
-36
13
-10
-1
20
4
12
-22
-14
18
26
21
43
34
39
48
17
32
60
47
32
71
57
25
31
-21
37
71
34
50
4
36
37
14
39
60
36
41
45
88
77
22
30
40
32
19
35
50
69
35
9
-2
33
0
-11
41
8
-26
-31
-3
-21
26
31
8
11
-32
-34
13
21
19
10
-5
-7
-22
-4
9
-2
35
-15
29
-6
-14
-1
-9
8
-51
-18
-16
-4
0
-50
-1
-30
-56
-39
-13
-32
-41
-49
-52
-5
-13
5
-22
-8
1
17
-53
-33
5
-6
-19
14
24
-17
19
4
-2
-40
-22
31
11
-26
-28
-18
-7
-15
-43
11
34
-2
-25
-12
-16
-40
-31
-29
-38
17
-4
-52
-5
20
13
-38
27
25
5
-4
23
10
-20
9
-10
17
1
-31
-44
-37
-44
-48
-22
-10
-16
-14
-15
-13
-23
-7
3
-10
-30
9
-19
-17
-6
-5
-10
-36
6
-7
-11
19
24
28
78
59
-17
-34
-7
13
53
-9
-1
14
-8
3
10
-12
13
3
26
36
14
46
9
1
41
21
-19
20
-5
23
-4
-43
-38
20
8
-38
4
6
-2
1
-1
21
33
21
46
-5
5
-31
-17
4
-2
-3
-14
22
-3
-41
-1
10
-41
-20
-9
-2
0
29
34
31
18
-19
-44
-27
-46
-67
-4
-50
-53
-63
-85
-82
-85
-34
-31
-43
-61
-47
-48
-67
-76
-47
-43
-63
-29
-27
-53
-87
-62
-86
-146
-108
-37
-60
-63
-50
-34
-113
-88
-77
-105
-85
-91
-60
-82
-66
-47
-82
-97
-63
-101
-93
-74
-83
-97
-79
-87
-89
-87
-69
-47
-96
-121
-118
-109
-127
-139
-107
-112
-123
-105
-33
-62
-71
-50
-52
-52
-27
-46
-58
-62
-32
-21
-37
-28
-63
-39
-9
-38
-55
-53
-66
-36
-87
-99
-47
-100
-73
-51
-28
-32
-66
-27
-61
-11
-8
35
-26
-45
-10
-21
-21
7
8
15
6
-47
-22
-55
-5
-27
-46
-19
-67
1
-29
-53
-30
-58
-20
-24
-13
-54
-42
-47
-36
-47
-36
-10
-43
-14
-21
-23
-29
-59
-36
-6
-23
-62
-61
-66
-60
-93
-108
-105
-80
-87
-67
-99
-116
-49
-49
-88
-70
-26
-43
-48
-87
-90
-44
-55
-37
-68
-91
-13
-22
-21
-27
-46
-4
-8
-4
9
-6
6
51
15
0
31
-4
-7
2
9
44
31
16
-22
27
61
62
58
11
50
74
28
38
65
87
83
103
77
48
67
79
65
32
22
46
69
42
50
52
41
24
35
30
58
14
-5
31
15
33
80
81
37
11
3
-15
38
76
21
28
69
56
31
-14
7
55
49
62
18
-3
-2
43
6
27
28
41
56
4
-7
11
-10
-14
27
-24
-32
-33
-29
-9
-18
1
42
32
-21
18
-27
-18
1
13
-24
-51
-18
-10
-32
-7
14
14
12
8
34
-10
26
39
4
35
70
13
42
-24
4
58
36
56
-6
19
12
-9
1
34
14
7
51
26
-16
6
19
15
16
12
15
16
10
31
24
34
89
24
22
57
55
74
85
77
82
55
26
45
-2
1
21
45
82
57
60
70
49
52
62
110
60
82
86
83
74
78
34
-3
42
6
7
11
-5
23
39
-18
-13
-19
18
-41
-20
-11
-17
4
-19
-45
-71
0
-35
-54
-58
-74
-52
5
-50
-25
-22
-28
-16
-20
-26
-50
-9
-43
-30
-44
-48
-66
-48
-56
-59
-32
-23
-25
-29
-24
-84
-32
-25
-79
-53
-61
-32
-5
-40
-11
-21
-13
-4
-6
-12
-38
-45
-19
-52
-53
-22
0
-49
-9
-43
-58
-44
-48
-7
-17
27
14
3
-2
-16
-39
-6
7
29
28
3
-7
-17
3
-16
-7
-16
-35
-85
-59
-43
-60
-55
-73
-52
-58
-12
-52
-100
-87
-67
-62
-93
-87
-114
-85
-83
-44
-40
-82
-48
-50
-57
-36
-19
-64
-109
-64
-82
-112
-54
-39
-89
-66
-58
-64
-53
-89
-67
-75
-80
-52
-52
-82
-55
-68
-98
-72
-36
-88
-70
-66
-70
-31
-40
-43
-45
-73
-37
-48
-17
-17
-16
-18
-32
-27
-34
-12
-40
-4
40
15
15
30
19
-10
19
49
34
51
45
33
41
19
14
-11
-12
-4
22
58
32
48
-1
-1
20
0
8
27
22
32
2
5
19
27
9
-32
-43
-47
-40
-31
-23
1
6
1
12
-19
22
-3
-14
4
11
-20
-22
-1
-22
11
-47
-4
-10
-14
3
18
-17
-45
-42
-64
-45
-41
-22
-61
-50
-53
-63
-15
24
-30
-48
-64
-50
-73
-86
-62
-71
-37
-77
-57
-60
-59
-102
-107
-62
-74
-38
-92
-74
-23
-50
-21
-23
-42
-32
-42
-49
-68
-79
-34
-24
-53
-59
-25
-45
-48
-43
-82
-69
-52
-49
-46
-78
-61
-62
-41
-38
-67
-41
-68
-96
-111
-58
-63
-59
-49
-27
-42
-38
-74
-65
-70
-80
-41
-57
-17
-22
-30
-58
-79
-42
-70
-86
-41
-50
6
-24
-26
-52
-93
-4
-31
-30
-53
-15
-2
1
27
15
32
-26
-48
-54
-53
-31
-25
-8
-41
-53
-44
-39
-62
-39
-79
-62
-50
-119
-59
-59
-79
-77
-55
-62
-74
-111
-53
-76
-81
-59
-65
-75
-76
-67
-89
-37
-83
-82
-84
-59
-42
-67
-56
-82
-74
-48
-67
-56
-99
-74
-150
-149
-83
-105
-116
-187
-156
-153
-143
-131
-116
-99
-139
-118
-119
-158
-135
-141
-111
-72
-103
-100
-121
-173
-146
-112
-128
-138
-136
-126
-160
-140
-138
-134
-125
-153
-161
-127
-133
-130
-117
-138
-132
-120
-105
-143
-127
-118
-80
-91
-95
-112
-109
-111
-147
-124
-120
-137
-109
-116
-120
-88
-107
-78
-75
-95
-95
-139
-125
-131
-165
-157
-133
-151
-143
-128
-153
-127
-130
-144
-102
-107
-133
-108
-106
-132
-130
-127
-124
-152
-140
-129
-138
-127
-148
-132
-105
-109
-103
-152
-192
-139
-113
-131
-102
-115
-97
-113
-132
-139
-156
-132
-141
-171
-143
-154
-171
-151
-145
-154
-177
-142
-159
-169
-154
-166
-174
-201
-163
-209
-221
-175
-236
-228
-225
-232
-220
-222
-240
-229
-245
-220
-213
-243
-227
-235
-252
-232
-208
-252
-236
-255
-266
-251
-253
-245
-205
-229
-231
-211
-248
-193
-185
-243
-229
-258
-250
-218
-183
-198
-216
-199
-167
-179
-194
-175
-180
-196
-208
-184
-183
-197
-148
-175
-180
-147
-141
-82
-70
-72
-96
-107
-113
-129
-136
-104
-120
-85
-45
-118
-129
-119
-114
-63
-64
-77
-77
-104
-110
-138
-131
-141
-129
-153
-156
-90
-124
-163
-124
-148
-142
-167
-159
-132
-137
-172
-173
-170
-186
-133
-135
-184
-213
-173
-193
-155
-150
-205
-176
-148
-141
-164
-147
-189
-231
-210
-214
-198
-239
-225
-198
-231
-221
-201
-197
-153
-185
-248
-223
-195
-207
-202
-199
-230
-248
-226
-227
-239
-215
-223
-208
-228
-198
-195
-236
-243
-199
-217
-233
-217
-199
-184
-164
-157
-180
-178
-156
-157
-184
-191
-205
-175
-239
-174
-179
-184
-173
-159
-146
-152
-144
-180
-179
-144
-123
-160
-165
-147
-181
-191
-178
-212
-170
-138
-137
-151
-151
-140
-116
-151
-175
-145
-136
-162
-139
-126
-122
-111
-126
-128
-133
-134
-141
-104
-121
-132
-132
-126
-107
-84
-89
-100
-124
-113
-123
-126
-108
-111
-87
-73
-61
-83
-102
-104
-113
-107
-98
-108
-75
-42
-59
-74
-106
-79
-120
-131
-103
-124
-120
-108
-160
-138
-135
-118
-136
-179
-137
-166
-143
-152
-152
-160
-185
-178
-181
-146
-123
-137
-92
-119
-118
-116
-151
-105
-101
-114
-112
-141
-126
-117
-148
-133
-133
-150
-127
-105
-166
-163
-159
-125
-136
-139
-136
-183
-130
-155
-139
-81
-143
-99
-131
-180
-141
-154
-123
-128
-118
-141
-157
-159
-165
-163
-164
-119
-122
-152
-111
-113
-137
-168
-174
-154
-138
-172
-153
-137
-190
-180
-150
-143
-177
-185
-152
-180
-125
-101
-133
-89
-104
-144
-150
-109
-152
-127
-106
-115
-134
-125
-88
-114
-91
-108
-124
-139
-112
-88
-117
-70
-122
-105
-83
-128
-90
-97
-112
-143
-144
-146
-116
-94
-83
-93
-112
-94
-80
-115
-149
-81
-105
-51
-72
-59
-96
-132
-59
-72
-47
-73
-42
-68
-31
-51
-79
-49
-59
-56
-55
-68
-49
-52
-74
-87
-61
-61
-23
-63
-57
-11
-15
9
-24
-31
-35
-15
18
-27
-35
-22
-39
-47
-109
-84
-65
-53
-64
-88
-74
-79
-76
-61
-30
-48
-51
-44
-53
-92
-115
-110
-95
-101
-109
-83
-49
-74
-96
-55
-115
-68
-77
-146
-98
-121
-128
-142
-137
-120
-121
-126
-117
-128
-139
-80
-97
-86
-51
-75
-110
-109
-97
-109
-98
-99
-156
-125
-143
-151
-172
-167
-162
-144
-171
-156
-137
-136
-113
-102
-157
-154
-135
-172
-120
-102
-121
-107
-72
-102
-112
-119
-117
-98
-100
-118
-100
-116
-91
-113
-126
-116
-111
-103
-103
-104
-76
-52
-105
-51
-89
-53
-26
-54
-39
-19
-76
-70
-74
-63
-59
-66
-42
-51
-23
-31
6
-30
-47
1
10
43
54
52
-3
-20
16
-20
-5
12
20
30
0
-58
-45
-43
15
11
-39
-13
24
14
13
8
2
8
-12
15
-17
-85
-71
-3
-7
-42
-10
16
42
32
27
-14
-9
6
-14
1
-2
24
-2
-4
10
11
58
9
-45
-57
-31
7
-1
-19
-1
-23
-1
-16
-2
3
-7
-42
-60
-33
-43
-26
-50
-72
-58
-66
-91
-61
-35
-34
-49
-84
-73
-82
-66
-29
-64
-112
-96
-51
-55
-71
-57
-77
-64
-29
-30
-12
-36
-17
-24
-20
-59
-62
-32
-51
-67
-11
-13
-4
-56
-6
18
8
5
-30
28
-1
-7
-15
12
-33
-17
1
-23
-28
13
-7
-18
38
22
33
9
-1
38
23
7
10
14
50
50
94
70
52
37
24
31
36
43
5
20
37
11
34
31
10
39
55
19
40
49
49
51
28
30
33
39
-2
-17
-14
2
-13
-8
7
3
36
-17
15
41
23
14
27
-2
-12
3
23
-11
2
31
-2
-33
-49
-39
-17
-26
-52
-21
-41
-5
-46
-79
-26
-37
-48
1
-20
-55
-42
-33
-38
-51
-50
-14
-66
-97
-87
-119
-75
-71
-25
-65
-104
-92
-95
-59
-72
-92
-81
-112
-131
-114
-99
-77
-15
-44
-80
-78
-63
-71
-98
-75
-66
-103
-93
-76
-65
-44
-90
-143
-45
-18
-37
-58
-49
-23
-2
33
15
22
-28
-18
-9
31
8
-12
30
-35
-7
43
74
55
32
72
48
60
47
47
84
31
28
44
25
49
23
16
57
32
49
62
61
78
62
79
76
81
110
118
134
115
64
44
25
70
47
24
43
46
35
68
87
36
62
76
100
33
25
74
49
32
31
43
-3
-40
-33
-33
-15
-6
-14
-36
-56
-92
-111
-96
-112
-86
-93
-97
-111
-112
-105
-114
-95
-84
-82
-81
-60
-73
-91
-110
-141
-130
-135
-116
-109
-124
-92
-120
-73
-64
-76
-69
-111
-54
-54
-62
-81
-49
-63
-62
-84
-53
-75
-35
13
-58
-19
-61
-49
-12
-13
-5
-9
-47
-17
14
-19
-10
21
28
44
31
25
23
-4
-11
-34
-19
-28
11
10
-22
-33
4
6
19
44
53
25
10
45
48
28
53
19
16
49
59
75
121
98
87
53
19
91
67
108
61
16
70
79
113
93
98
105
83
44
69
56
52
16
60
73
41
89
81
59
83
75
95
67
54
115
89
88
103
67
69
89
122
113
106
96
97
115
97
140
76
90
99
57
92
84
86
93
99
95
85
85
93
93
77
99
84
95
90
96
74
70
54
29
66
51
88
104
137
127
92
95
70
72
84
92
83
81
76
40
46
62
27
59
54
49
80
71
88
62
47
44
72
82
61
24
13
14
13
24
34
62
45
64
30
65
44
41
42
43
27
21
49
55
65
61
79
52
106
61
98
85
80
95
64
92
116
117
97
127
104
115
119
150
135
99
170
109
94
119
119
105
117
121
100
129
121
107
103
167
118
109
157
97
129
146
133
155
104
113
93
141
168
141
124
45
128
99
105
81
112
120
90
88
108
137
78
106
115
92
64
52
64
83
67
33
53
76
68
125
78
43
38
57
83
88
97
79
89
61
65
45
10
7
5
-3
0
7
31
21
-5
20
28
28
17
47
24
32
33
53
67
29
19
-3
10
31
54
29
14
70
64
63
67
45
51
35
10
21
56
22
24
59
54
47
29
32
52
34
-3
7
27
5
19
4
39
-16
0
-7
-29
-4
-1
12
19
25
-31
-37
-45
5
7
-8
-49
24
69
14
29
35
35
39
52
12
72
39
38
49
25
74
23
30
15
23
37
49
26
18
65
12
61
50
23
44
44
53
30
105
105
121
91
91
127
99
91
139
134
77
123
105
110
117
91
87
81
90
59
78
62
126
122
105
128
78
65
79
64
79
112
104
126
118
105
80
121
112
100
70
82
121
102
68
41
77
88
96
85
78
85
87
94
137
113
78
96
96
80
91
88
64
80
121
123
114
95
49
101
102
79
68
83
66
63
103
65
113
133
116
131
108
123
138
134
128
119
146
99
112
139
125
114
140
122
137
139
98
138
112
106
107
88
80
92
86
117
136
151
87
90
88
100
100
53
84
72
108
124
108
125
119
117
105
147
125
99
89
73
110
106
110
110
170
157
161
155
150
178
188
167
160
147
125
147
155
171
195
133
145
124
190
178
153
206
181
168
179
165
155
148
155
145
122
115
88
137
145
143
149
135
125
113
143
109
109
149
138
157
119
120
148
114
125
135
101
140
101
86
81
95
104
81
65
51
71
39
55
77
79
95
113
86
103
79
122
101
77
77
85
128
98
117
76
123
125
150
124
81
77
98
112
101
104
91
167
85
118
107
61
78
53
85
89
104
77
133
139
100
94
98
122
127
88
84
78
106
150
91
79
79
98
100
95
124
100
92
103
88
75
107
146
149
70
95
129
138
160
135
141
136
158
127
134
156
140
156
139
148
142
170
181
155
156
177
170
194
221
187
214
222
222
196
215
191
159
179
174
213
203
206
203
205
188
172
194
148
156
163
164
182
118
103
127
109
114
132
112
78
98
66
40
23
28
53
42
26
16
50
56
50
76
88
43
25
20
-31
-6
34
-14
-45
23
32
-29
-34
-51
-21
-8
-17
24
-34
-19
-64
-41
-2
-7
-4
-6
-41
-62
-16
-11
-19
-41
-63
-34
-6
-63
-15
-33
-10
-12
-35
11
-3
14
8
20
38
16
48
71
58
55
26
13
34
36
71
55
24
79
94
88
93
61
78
42
52
37
36
59
106
107
120
128
137
124
119
99
57
105
106
115
127
155
115
135
157
180
182
147
156
144
111
144
143
107
163
148
129
140
150
163
168
202
203
163
139
136
149
153
137
149
172
155
176
147
133
209
194
166
168
151
184
131
130
174
135
134
142
162
162
191
197
159
152
141
116
145
148
178
174
160
141
134
197
166
223
198
169
161
152
176
158
204
163
160
165
167
186
168
199
173
157
206
197
193
204
193
215
185
214
213
210
201
175
199
204
193
160
174
198
225
197
219
178
174
178
149
160
180
190
197
175
193
170
170
192
176
208
167
173
179
181
186
177
166
145
124
173
173
142
130
150
158
190
198
170
150
138
128
145
183
155
53
95
93
93
105
90
96
65
39
68
72
64
25
2
36
42
58
51
40
22
57
31
1
4
5
-31
0
56
28
45
41
13
53
54
28
6
45
9
23
46
24
6
-15
1
14
-8
24
22
-22
15
15
30
16
29
42
20
29
25
56
35
-4
36
43
48
29
61
89
81
97
104
86
77
114
132
130
77
76
92
80
125
129
87
83
99
100
89
81
101
108
79
129
98
79
62
62
50
37
20
-11
44
31
45
68
29
35
57
53
25
54
45
-4
0
-11
2
-9
13
3
-12
12
-25
-10
4
-4
-24
-11
-29
4
-18
-27
1
-23
4
1
-24
-12
-12
39
50
50
30
17
22
15
9
-46
-1
-29
-58
-20
-2
-5
-12
-33
-35
-29
33
25
-11
-13
-19
-35
-23
-8
-9
-21
-35
-17
-49
-25
-44
-25
-13
-11
-21
-24
-1
-4
-11
-74
-37
-38
-46
-18
-34
-75
-55
-71
-98
-85
-66
-38
-68
-92
-87
-89
-112
-92
-100
-101
-69
-94
-93
-100
-105
-77
-84
-138
-121
-126
-117
-97
-77
-77
-96
-118
-106
-92
-135
-130
-114
-128
-141
-184
-165
-129
-173
-164
-187
-156
-131
-148
-155
-138
-142
-135
-106
-165
-189
-239
-217
-165
-180
-196
-185
-170
-157
-103
-127
-125
-137
-139
-143
-163
-144
-134
-101
-131
-159
-156
-119
-132
-136
-105
-67
-70
-73
-80
-55
-60
-49
-27
-55
-44
-54
-80
-58
-36
-26
-27
-33
8
11
-4
-7
1
10
18
33
58
11
-4
33
75
32
13
85
-6
-8
56
17
23
17
40
10
-7
42
62
54
52
69
52
59
30
28
45
61
36
70
93
34
23
16
10
15
24
40
70
31
50
49
47
53
19
20
9
23
-51
18
18
-9
-20
-67
-28
-16
-6
-16
-7
-60
-31
-46
-70
-40
-55
-30
-36
-45
-60
-59
-40
-80
-50
-57
-41
14
-35
-79
-23
-63
-67
-36
-98
-106
-119
-92
-102
-77
-79
-81
-107
-77
-64
-92
-67
-81
-137
-112
-91
-132
-78
-125
-117
-119
-112
-77
-57
-47
-40
-36
-74
-59
-121
-123
-76
-103
-69
-78
-90
-65
-45
-77
-97
-42
-59
-30
-73
-85
-52
-44
-59
-61
-11
-85
-68
-48
-68
-41
-2
-23
-62
-74
-40
-37
-32
10
-15
20
10
-25
21
-13
-30
-23
-35
-23
-33
-13
-7
-2
-13
-44
14
9
-29
-20
-1
37
-30
-40
-11
-52
-71
-15
-14
-28
-21
-48
-54
-61
-52
-15
-11
-27
0
43
-21
-18
-2
14
0
-10
-6
26
-21
-47
12
-20
21
34
11
-23
-72
-6
38
-17
-2
35
19
31
-4
-13
2
-11
-7
-48
-62
-93
-40
-54
-80
-46
-64
-59
-68
-79
-66
-64
-69
-66
-62
-48
-66
-77
-42
-31
-57
-59
-95
-42
-37
-34
-33
-62
-74
-65
-39
-51
-61
-88
-56
-39
-4
-39
-50
-37
-53
-54
-70
-54
-43
-44
-71
-71
-70
-81
-89
-72
-44
-45
-55
-90
-48
-120
-125
-68
-45
-76
-61
-34
-89
-47
-45
-47
-54
-44
-50
-51
-59
-34
-43
-58
-65
-76
-52
-38
-54
-46
-80
-74
-77
-90
-100
-94
-79
-71
-124
-94
-72
-77
-38
-76
-11
-52
-94
-86
-76
-78
-86
-86
-75
-78
-108
-95
-129
-142
-109
-118
-144
-127
-115
-161
-162
-134
-185
-186
-157
-109
-151
-151
-135
-189
-150
-112
-109
-139
-102
-76
-101
-92
-69
-109
-91
-102
-100
-70
-105
-80
-112
-130
-132
-113
-90
-109
-103
-156
-125
-58
-105
-88
-103
-96
-91
-102
-68
-59
-78
-74
-51
-8
-37
6
-25
-79
-31
-78
-37
-48
-57
-19
-46
-73
-61
3
-11
-38
-9
-39
-43
-10
-15
27
43
-15
11
26
17
-13
-21
-14
-17
-24
-24
-30
-40
-10
13
4
30
-30
-50
3
-66
-19
-57
-98
-65
-99
-84
-85
-128
-81
-137
-114
-116
-123
-97
-142
-110
-82
-118
-118
-106
-131
-100
-99
-74
-103
-122
-112
-134
-126
-114
-138
-111
-126
-120
-118
-116
-122
-159
-127
-109
-98
-123
-116
-129
-118
-132
-147
-145
-88
-105
-168
-103
-92
-77
-45
-72
-70
-68
-113
-123
-100
-109
-84
-85
-147
-97
-116
-135
-107
-103
-98
-91
-55
-44
-53
-66
-82
-96
-114
-74
-67
-65
-99
-61
-114
-110
-70
-86
-65
-76
-106
-121
-75
-92
-117
-118
-149
-104
-125
-118
-109
-130
-159
-108
-96
-79
-72
-126
-149
-167
-122
-113
-109
-93
-91
-115
-117
-84
-68
-79
-96
-73
-94
-97
-84
-61
-59
-46
-41
-45
-64
-61
-51
-74
-64
-42
-46
-9
-26
-30
-13
1
-1
-14
17
-16
-31
-37
-43
-60
-48
-35
-12
-5
-7
12
-20
-22
8
26
64
49
-9
-36
-28
11
-1
-6
17
0
-19
-3
23
-6
7
-3
1
-5
9
-22
-3
2
28
14
-26
-11
7
-8
-34
-34
-56
-59
-49
-69
-54
-83
-51
-42
-68
-43
-65
-65
-62
-54
-54
-33
-49
-90
-82
-101
-88
-84
-60
-55
-75
-9
-70
-54
-34
-90
-47
-109
-69
-88
-109
-124
-126
-85
-102
-118
-106
-100
-75
-85
-123
-122
-133
-131
-119
-69
-71
-97
-81
-119
-97
-92
-84
-62
-93
-99
-102
-93
-86
-103
-86
-57
-112
-96
-76
-72
-80
-72
-112
-125
-65
-86
-89
-66
-93
-77
-96
-118
-52
-69
-71
-76
-62
-102
-47
-21
-100
-67
-61
-4
-53
-8
-24
-69
0
-20
-19
1
-13
-54
-26
-53
-61
-35
8
-47
-24
21
23
-15
-29
-2
4
10
12
-5
-11
20
17
4
29
-24
-14
2
1
36
6
4
50
17
-18
36
26
-3
30
50
6
26
18
22
34
-10
-14
-31
-44
-13
18
16
-10
-19
29
4
-4
-17
-8
-17
-24
-69
-62
-79
-65
-91
-94
-117
-91
-70
-108
-97
-73
-60
-93
-68
-79
-78
-73
-68
-81
-91
-77
-70
-106
-101
-95
-58
-79
-43
-42
-102
-73
-51
-75
-65
-41
-59
-38
-41
-32
-58
-75
-33
-32
-10
-31
-63
-40
-74
-53
-3
-53
-17
-34
-50
-33
-27
-54
-58
-49
-18
-17
-70
-65
-81
-41
-9
-18
-4
5
9
43
12
6
-19
-12
10
-1
-12
16
13
17
-38
-11
-41
-39
-2
-57
-9
-42
-31
2
1
-6
-6
-12
-2
-1
16
13
-3
-11
-8
20
19
-3
-17
26
24
54
-1
10
-7
23
64
-17
67
47
52
96
113
86
82
92
104
116
82
104
88
93
93
91
108
81
60
39
19
44
46
43
65
55
59
27
82
65
36
63
85
63
24
72
49
45
45
39
78
78
46
84
74
100
74
71
79
77
76
69
62
76
66
43
83
66
79
90
85
100
96
51
44
57
87
102
60
56
52
8
36
72
86
56
89
45
66
100
79
88
91
79
98
112
111
96
100
94
54
101
90
52
114
63
47
123
78
107
67
34
39
82
47
25
52
36
40
32
27
53
70
7
14
77
67
77
72
-2
34
45
58
46
27
21
5
41
7
42
4
41
54
58
69
75
67
51
53
81
64
65
137
102
122
83
85
107
90
54
91
83
73
90
67
94
89
91
68
88
77
78
76
52
66
58
45
71
104
93
30
59
92
44
87
79
44
77
94
76
90
95
107
111
97
95
71
125
73
85
145
98
151
117
106
89
66
99
45
30
61
59
88
74
67
82
49
45
38
57
6
14
58
66
72
65
53
6
43
54
29
71
18
19
64
54
34
30
75
58
60
46
49
31
45
58
54
59
8
79
71
73
55
51
102
109
109
81
53
63
101
93
133
98
103
127
117
154
171
123
122
93
101
139
118
117
184
133
123
139
153
162
175
192
147
145
126
141
121
137
106
93
96
105
129
95
111
102
109
130
99
48
23
53
78
60
62
60
80
81
55
68
67
54
46
64
75
26
40
48
49
28
27
49
1
38
13
41
23
-1
-28
-8
26
-8
5
-40
-17
-26
-30
18
-23
-70
-75
-100
-100
-54
-28
-52
-70
-17
-51
-31
8
-18
-13
5
3
27
-7
-37
-17
-15
-31
-4
46
19
14
7
-27
15
9
-40
-16
-7
37
-26
-26
25
4
7
0
-14
-14
15
22
7
3
16
-4
2
14
11
31
40
45
83
41
68
76
61
70
73
85
126
94
140
179
127
148
152
175
156
139
119
175
159
94
138
116
125
169
136
134
159
149
178
123
117
143
146
171
127
144
153
142
170
187
171
176
130
118
138
120
120
125
131
92
101
122
80
91
92
110
92
108
100
116
135
79
129
116
91
114
91
97
108
109
110
114
116
83
104
110
69
112
92
108
87
78
88
51
58
64
58
43
33
31
48
30
31
38
28
68
32
20
58
39
44
48
10
8
-11
-1
-2
-33
27
-29
-46
6
-5
4
0
-3
0
-5
-9
-15
16
23
28
29
27
13
28
57
54
36
101
85
84
90
46
20
11
50
36
75
23
69
60
53
111
81
106
89
107
26
83
70
57
74
56
61
95
107
39
105
80
115
131
108
112
92
95
84
37
90
81
73
70
53
69
95
138
87
79
58
43
53
58
26
61
95
81
91
109
65
33
67
93
70
79
75
106
58
69
38
59
69
19
83
101
70
71
87
60
76
45
71
86
57
59
92
143
124
99
116
96
101
103
54
88
70
51
98
81
89
88
95
47
52
64
61
132
87
73
96
106
91
109
122
108
87
90
104
139
147
117
110
107
116
115
131
91
75
96
96
91
123
126
108
109
71
62
97
71
57
70
60
70
54
73
49
36
11
37
73
53
28
63
35
-10
26
71
39
6
21
8
-3
4
-14
-38
-32
-41
0
-35
-83
-96
-80
-125
-128
-161
-187
-211
-177
-182
-243
-195
-229
-182
-149
-222
-204
-159
-127
-102
-51
-60
-68
-36
-58
-102
-137
-77
-106
-160
-186
-236
-267
-330
-383
-453
-524
-591
-622
-706
-861
-1204
-2189
-2943
-3544
-4255
-5189
-6683
-7777
-8458
-8942
-9506
-9978
-10162
-9809
-9157
-8497
-7520
-6262
-5013
-3809
-2509
-1172
294
1473
2289
3057
3890
4719
5616
6036
6401
6953
7572
8524
9113
9585
10262
10921
11564
12003
12257
12339
12177
11636
10812
9883
8642
7118
5297
3215
1308
-418
-2223
-3978
-5599
-6878
-7718
-8327
-8764
-8887
-8885
-8593
-8130
-7603
-6964
-6442
-5951
-5495
-5026
-4574
-4139
-3752
-3504
-3220
-2678
-2032
-1309
-572
220
1202
2196
3360
4439
5321
6165
6821
7335
7695
7733
7497
7001
6221
5263
4242
3068
1745
363
-1033
-2253
-3366
-4378
-5308
-6131
-6809
-7240
-7644
-7904
-8161
-8385
-8561
-8725
-8882
-8978
-9060
-9194
-9277
-9195
-8971
-8672
-8152
-7622
-6832
-5895
-4800
-3480
-2156
-821
606
2043
3451
4739
5876
6870
7797
8538
9190
9739
10059
10362
10481
10626
10673
10799
10835
10841
10799
10722
10801
10567
10208
9629
9032
8275
7168
5873
4407
2836
1206
-516
-2325
-3924
-5444
-6724
-7831
-8666
-9190
-9434
-9443
-9309
-8848
-8210
-7386
-6610
-5762
-4890
-3962
-3056
-2331
-1575
-933
-234
310
855
1502
2044
2610
3163
3721
4298
4867
5346
5657
6012
6220
6283
6179
5771
5281
4536
3684
2597
1460
172
-1165
-2475
-3923
-5149
-6351
-7427
-8394
-9218
-9863
-10322
-10646
-10881
-11039
-11029
-10902
-10745
-10471
-10209
-9875
-9569
-9122
-8623
-8042
-7365
-6641
-5811
-4848
-3770
-2628
-1345
-64
1296
2682
4085
5490
6733
7860
9023
9957
10812
11494
12017
12414
12656
12895
12918
13005
12944
12845
12727
12541
12485
12264
12009
11576
10942
10166
9397
8427
7071
5543
3705
1981
179
-1703
-3621
-5533
-7246
-8699
-9794
-10695
-11306
-11670
-11730
-11393
-10766
-10028
-9024
-8036
-7003
-5840
-4683
-3556
-2537
-1666
-901
-101
683
1516
2271
2791
3450
4179
4978
5705
6410
6998
7615
8142
8459
8830
8895
8706
8266
7629
6879
6095
4935
3689
2289
911
-292
-1545
-2737
-4260
-5630
-6733
-7704
-8623
-9811
-10941
-11917
-12666
-13271
-13933
-14553
-14965
-15172
-15176
-14929
-14410
-13749
-12971
-12103
-10962
-9534
-8065
-6788
-5487
-4138
-2661
-1052
294
1463
2563
3745
4976
6133
7030
7949
8827
9568
10355
11088
11826
12318
12663
13091
13441
13813
13977
14112
13956
13774
13751
13546
13280
12591
11677
10800
9725
8510
7178
5381
3548
1671
-111
-1803
-3500
-5225
-6759
-8087
-9126
-9745
-10313
-10606
-10793
-10654
-10244
-9607
-8873
-8163
-7277
-6548
-5592
-4519
-3605
-2740
-1964
-1191
-163
759
1684
2520
3209
4064
4877
5722
6470
7061
7516
7863
7986
8090
8009
7619
6959
6143
5150
4007
2772
1222
-462
-2207
-3869
-5456
-7043
-8660
-10235
-11568
-12755
-13712
-14508
-15218
-15791
-16068
-16101
-15870
-15636
-15233
-14677
-14035
-13040
-11967
-10857
-9686
-8469
-7127
-5636
-4038
-2417
-775
872
2440
4144
5851
7296
8620
9859
11004
12025
12961
13694
14209
14672
15057
15462
15751
15863
15982
16009
16034
16084
16019
15951
15832
15822
15708
14974
13484
11718
10455
9217
7171
3908
441
-1973
-3722
-5959
-9107
-12064
-13510
-13991
-14859
-16093
-16363
-15382
-14200
-13748
-13185
-11417
-8959
-7316
-6963
-6331
-4423
-2004
-918
-1227
-1084
532
2373
3080
2915
3598
5349
6787
7310
7717
9092
10737
11311
10891
10853
11637
12142
11094
9028
7573
7082
6201
3959
1258
-614
-1754
-3329
-5589
-7733
-8941
-9976
-11633
-13421
-14745
-15172
-15782
-17102
-18449
-18833
-18304
-18098
-18536
-18924
-18095
-16483
-15236
-14586
-13615
-11848
-9757
-8041
-6708
-5010
-2902
-964
485
1705
3408
5330
6706
7474
8233
9588
11083
11930
12199
12553
13415
14293
14703
14636
14673
15231
15671
15770
15618
15697
16075
16359
16107
16027
16121
16059
15536
13760
12155
10786
9306
7195
3853
552
-2133
-4066
-6464
-9376
-12023
-13616
-14140
-14876
-15688
-15886
-15067
-14036
-13159
-12431
-10926
-8778
-7354
-6612
-5909
-4527
-2658
-1557
-1578
-1319
-285
1410
2364
2646
3380
4717
6387
7298
8067
9139
10472
11360
11359
11232
11576
11699
10939
9327
7580
6641
5533
3721
1306
-851
-2155
-3270
-4692
-6355
-7752
-10322
-11775
-12729
-14306
-15539
-18014
-19650
-20743
-21357
-21515
-22030
-22666
-22636
-21079
-19726
-17979
-16219
-14576
-12676
-10212
-7627
-5049
-3008
-1736
440
2304
3849
5805
7085
7888
8895
9968
11906
12962
13274
14103
14868
15918
16667
17611
18047
18129
18420
18743
19183
19228
18691
18403
17878
17292
17370
16478
15350
13507
11383
10014
8163
5995
3316
-51
-3194
-5446
-7231
-9415
-12237
-14560
-15632
-15958
-16320
-16694
-16373
-15767
-14950
-13685
-12325
-10496
-8777
-7699
-6593
-5432
-3441
-1407
-738
-603
250
1954
3710
4531
5007
5954
7277
8595
9486
10407
11199
11809
12046
11771
11728
11897
11308
9795
7805
6369
5623
4066
1842
-603
-2356
-3607
-4786
-7227
-10189
-11433
-13076
-14321
-16470
-18907
-19922
-21012
-21961
-23019
-23380
-23222
-22452
-22027
-21389
-19520
-17365
-15455
-13975
-12224
-9855
-6822
-4974
-3419
-1605
247
2579
4448
5419
6970
8479
10008
11648
12067
13445
14596
15510
15896
16214
17222
17641
17906
17426
17516
17926
18022
17799
17370
16938
17163
17446
17045
16555
15391
14623
13090
11300
9548
7205
4411
923
-2124
-4705
-7061
-9891
-12616
-14828
-16041
-16564
-16997
-17079
-17045
-16035
-14853
-13432
-11910
-10241
-8514
-7404
-6199
-4750
-3102
-1861
-1284
-826
276
1538
2772
3652
4319
5474
6759
8235
9354
10459
11520
12219
12719
13022
13290
13241
12350
10908
9554
8165
6831
4856
2519
370
-1469
-2857
-4426
-5982
-8197
-10393
-11722
-12964
-14167
-16056
-18171
-19695
-20734
-21371
-21981
-22817
-23329
-22985
-22217
-20993
-19496
-17941
-16354
-14520
-12219
-9530
-6934
-5015
-3169
-1111
1002
3244
5068
6277
7421
8580
10209
11787
12477
13145
13824
14678
15440
16056
16428
16538
16617
16634
16983
17336
17376
17225
17161
17148
17491
17932
17814
17429
16593
15712
14550
12531
10704
8206
5245
1743
-1679
-4351
-7046
-9685
-12907
-15344
-16659
-16966
-17283
-17932
-18094
-17109
-15345
-14072
-12833
-11592
-9731
-8159
-7190
-6210
-4799
-3405
-2683
-2463
-1952
-465
1095
2198
2496
3500
5339
7358
8776
9464
10635
11938
12945
13156
13143
13033
12646
11419
9723
8123
6724
5128
2685
139
-1841
-2968
-4185
-5885
-7540
-9547
-11422
-12134
-13532
-15039
-17067
-19281
-20466
-21730
-22401
-23253
-24133
-24720
-24271
-23011
-21657
-20000
-18443
-16500
-14088
-11123
-8168
-5512
-3578
-1475
1162
3373
5313
6757
7665
8725
9755
10984
12363
12684
13150
13666
14501
15504
16072
16677
16718
16947
17667
18232
18768
18608
18438
18777
18837
19265
19323
18852
18387
17386
16398
14817
12650
10615
8195
5225
1775
-1477
-3936
-6441
-9218
-12094
-14342
-15228
-15521
-16049
-16681
-16736
-15621
-13922
-13051
-12118
-11013
-9178
-7531
-6874
-5824
-4513
-2972
-2114
-1865
-1056
555
2222
3229
3626
4823
6832
8679
9785
10135
11143
12498
13251
13116
12624
12317
11967
10679
8849
7136
5671
4257
1948
-446
-2264
-3346
-4875
-7093
-9691
-11263
-12233
-13824
-15815
-18249
-19543
-20527
-21641
-22927
-23913
-23999
-23832
-23449
-22999
-21717
-19764
-17844
-16271
-14251
-11611
-8636
-6110
-4379
-2351
143
2562
4431
5574
6647
8299
9686
10877
11606
12296
13405
14097
14657
14927
15251
15589
15608
15404
15374
15438
15458
15077
14439
14328
14328
14670
14510
14361
14676
15208
15609
15131
14485
13383
12600
11433
9458
7052
4315
2031
-492
-3031
-5652
-7801
-9581
-11196
-12065
-12726
-12733
-12312
-11860
-11200
-10219
-8979
-7471
-6244
-5589
-4757
-3696
-2784
-2087
-1786
-1553
-951
-327
497
1185
1908
2954
4059
5322
6368
7696
8971
9791
10415
10708
11101
11205
10653
9595
8365
7026
5718
4028
2089
187
-1560
-2937
-4274
-5927
-8101
-9832
-11342
-12775
-14591
-16614
-18375
-20041
-21240
-22311
-23012
-23637
-23731
-23225
-22476
-21042
-19264
-17305
-15377
-13153
-10622
-7749
-5312
-3281
-1176
827
2872
4606
5932
7057
8043
9064
10402
11403
12279
12981
13731
14400
14792
15582
15897
16097
16149
16203
16599
16809
16796
16822
17080
17584
18186
18783
19016
19439
19836
19628
18944
17455
16403
15145
12865
9592
5928
2986
-31
-3005
-6754
-10137
-12375
-13849
-14872
-16190
-16936
-16619
-15559
-14798
-14022
-12736
-10940
-9461
-8687
-8027
-6652
-5251
-4392
-4145
-4072
-2975
-1641
-516
68
860
2593
4532
6205
7440
8924
10781
12117
12870
13433
13834
14099
13549
12117
10741
9353
7885
5857
3264
943
-688
-2133
-3838
-5622
-7116
-8128
-9653
-11308
-12710
-13996
-15535
-17610
-19537
-21163
-22330
-23348
-24672
-25660
-25846
-24928
-23588
-22527
-21001
-18629
-15821
-12878
-10092
-7415
-4584
-2139
99
2158
3817
5402
6554
7256
7834
8478
9456
10082
10172
10582
11315
12238
12837
13043
13580
13987
14718
15308
15550
15872
15982
16405
16656
16956
17361
17869
18270
18489
19231
19135
18624
17307
16192
15510
13433
10794
7049
4170
1686
-1249
-4583
-8379
-10690
-12299
-13580
-15157
-16213
-16119
-15376
-15058
-14832
-13671
-11976
-10375
-9933
-9549
-8300
-6646
-5676
-5527
-5622
-4678
-3052
-1909
-1064
-429
1537
3559
5200
6661
8223
10483
11937
12735
13269
14011
14641
14393
13014
11613
10555
9294
7581
4953
2630
1014
-315
-1992
-3680
-5045
-5707
-7048
-9599
-11119
-12585
-13745
-16090
-19201
-21255
-22826
-23460
-24885
-26367
-27056
-26314
-24488
-23374
-21974
-19553
-16579
-13595
-10771
-8101
-4808
-2205
-382
1487
3192
4945
6490
6976
7109
7900
8968
10286
10407
10370
11096
12152
13137
13217
13713
14092
14580
15033
14940
15290
15649
15657
15833
15741
16134
17210
17740
18200
18879
19289
19510
18796
17681
17297
15998
13714
10177
6949
4612
1779
-1526
-5927
-9167
-11015
-12581
-14155
-15903
-16452
-15585
-14819
-14673
-13795
-12332
-10361
-9412
-9228
-8084
-6380
-4898
-4628
-4802
-4180
-2565
-1244
-591
-313
1202
3431
5303
6788
7915
10030
11747
12728
13279
13816
14491
14404
13132
11542
10405
9156
7593
4894
2304
436
-907
-2481
-4496
-6160
-7265
-8694
-11050
-12381
-13736
-14956
-17047
-19770
-21284
-22495
-22904
-24170
-25464
-25873
-24865
-22881
-21764
-20483
-18304
-15339
-12500
-9840
-7468
-4777
-2563
-960
896
2445
4007
5379
5833
6093
6873
7943
9175
9161
9254
10266
11465
12679
13024
13536
14107
14630
15233
15460
15766
16125
16309
16774
16949
17354
18367
18704
19469
20222
21230
21644
20799
19610
19010
18359
16104
12793
8798
6052
3373
83
-4007
-7964
-10118
-11813
-13227
-15143
-15902
-15082
-14239
-13974
-13645
-12102
-9982
-8568
-8618
-8086
-6789
-5193
-4641
-5283
-5429
-4473
-2975
-2355
-2120
-1346
741
2686
4165
5579
7623
10002
11402
12291
12979
14107
14658
13996
12462
11000
9966
8559
6217
3243
1057
-616
-2118
-4093
-5885
-7050
-7702
-9361
-11754
-12812
-13978
-15270
-17698
-20547
-22288
-23509
-24581
-26357
-27974
-28550
-27564
-26103
-25357
-23944
-21350
-18383
-15364
-12507
-9590
-6181
-3586
-1475
773
2732
4639
6157
6566
6861
7578
8510
9420
9284
9248
10220
11297
11930
12129
12582
13166
13674
14365
14845
15180
15714
15791
16292
16463
16901
17921
18250
18939
19683
20882
20924
19868
18638
17959
16942
14107
10448
6638
4053
1380
-1845
-5812
-9237
-10840
-12251
-13732
-15650
-16057
-15167
-14413
-14387
-13866
-12088
-10145
-9005
-9048
-8128
-6534
-4773
-4342
-4656
-4235
-2692
-820
-144
366
1721
4185
6174
7668
9022
10991
13026
13964
14459
14812
15553
15691
14602
12771
11262
10134
8584
6118
3151
1174
-348
-1768
-3818
-5571
-6745
-7866
-9906
-12143
-13053
-14633
-16211
-19108
-21550
-22772
-23963
-24884
-26842
-27928
-27811
-26317
-24970
-24297
-22616
-19871
-16939
-14196
-11512
-8798
-5849
-3691
-1731
301
2120
3838
4971
5229
5816
6898
8057
8871
8435
8911
10056
11077
11464
11304
11822
12135
12819
13083
13404
13566
13971
14301
14407
14962
14966
16156
16345
16756
18162
18727
19195
18103
17184
16977
15624
13092
9219
5752
3247
552
-2538
-6428
-9541
-10964
-12258
-13678
-15139
-15425
-14623
-14015
-14082
-13057
-11077
-9478
-8299
-8336
-7329
-5661
-4462
-3939
-4490
-4072
-2506
-1147
-355
-11
1414
3673
5360
6848
8320
10326
12304
13104
13786
14504
15146
15352
14203
12460
11213
10014
8451
6012
3103
1291
-174
-1725
-3562
-5218
-6113
-7276
-9511
-11343
-12360
-13690
-15475
-18393
-20653
-21944
-22946
-23974
-25869
-26931
-26625
-25098
-23655
-22935
-21071
-18152
-15262
-12485
-9913
-7093
-4189
-2316
-425
1632
3316
4945
5814
6010
6534
7587
8701
9171
8765
9193
10429
11543
12098
11979
12542
13040
13545
14149
14332
14499
14785
14886
15393
15518
15912
16816
16944
17806
18647
19735
19816
18655
18153
17837
16926
14365
10967
7763
5305
2650
-535
-4267
-7406
-8889
-10468
-12054
-13593
-13583
-12608
-12208
-12206
-11312
-9504
-7904
-7237
-7482
-6544
-5265
-3851
-3729
-4259
-3721
-2513
-1077
-793
-442
865
2964
4480
5622
6981
9026
10795
11458
12033
12598
13539
13437
12239
10578
9228
8206
6654
4245
1560
-106
-1441
-2803
-4964
-6962
-8386
-9690
-11003
-13060
-14753
-16347
-17915
-19631
-21447
-22715
-23713
-24666
-25695
-26137
-25696
-24601
-23611
-22656
-21062
-18585
-15709
-13187
-10947
-8616
-5840
-3189
-1011
796
2512
4219
5585
6690
7508
8497
9275
9653
9779
10044
10672
11153
11338
11210
11623
12175
12899
13246
13327
13797
14245
15068
15662
16138
16852
17701
18665
19706
20638
20993
20738
19695
19037
18303
16502
13682
9809
6879
4210
1660
-1619
-5385
-7740
-9129
-10081
-11455
-12186
-12152
-11506
-10993
-10411
-9228
-7721
-6246
-6103
-5887
-4979
-3795
-3074
-3494
-3917
-3316
-1958
-817
-150
465
2289
4208
6055
7684
9279
11377
12644
13501
13918
14402
14647
13930
12280
10532
9162
7667
5744
2986
670
-1075
-2336
-3685
-5351
-6569
-7699
-8959
-10834
-12050
-13224
-14910
-17178
-19914
-21548
-22972
-24194
-25855
-27649
-28131
-27555
-26188
-25226
-24114
-21933
-19130
-16147
-13336
-10601
-7752
-5241
-3094
-929
1040
2752
4056
4746
5330
6220
7287
8197
8250
8298
9266
10283
11154
11311
11434
12081
12453
13167
13512
13665
13984
13998
14267
14434
14772
15160
15729
16071
16833
18148
18439
18047
16544
16064
15577
13972
11648
8063
5895
3702
1236
-2033
-5539
-7676
-9063
-10258
-11910
-12457
-12117
-11066
-10836
-10510
-9189
-7409
-5961
-5965
-5705
-4730
-3213
-2624
-3042
-3618
-3007
-1608
-837
-404
-105
1806
3571
4969
6247
7633
9695
10820
11411
11702
12434
12863
12397
10768
9160
8025
6798
5007
2166
-26
-1647
-2910
-4612
-6400
-7676
-9189
-11109
-12774
-14053
-15475
-17131
-19704
-21908
-23456
-24444
-25353
-26973
-28262
-28347
-27042
-25770
-24761
-23305
-21010
-18123
-15203
-12383
-9656
-7048
-4840
-2539
-421
1506
3269
4383
4969
5621
6747
7983
8689
8537
8878
9824
10906
11576
11607
11791
12112
12716
13219
13345
13564
13493
13789
14327
14723
15680
16823
17631
18852
20333
21830
22453
21460
20261
19612
19223
17772
14899
11595
8643
6390
3988
495
-3051
-5211
-6702
-8065
-9855
-10777
-10161
-9951
-10145
-10319
-9345
-7418
-6413
-6589
-6495
-5475
-3922
-3158
-3951
-4420
-3823
-2395
-1565
-1626
-1032
621
2488
3832
5045
6968
9079
10346
11010
11553
12527
13376
12812
11449
9871
8914
8078
6073
3427
1133
-289
-1469
-3147
-5204
-7089
-8471
-9480
-11122
-12721
-14419
-15961
-17567
-19621
-21010
-22188
-23169
-24493
-25445
-25632
-25048
-23967
-23275
-22241
-20498
-17911
-15078
-12605
-10468
-7931
-5144
-2668
-552
1191
2903
4448
5560
6389
7240
7808
8196
8159
8147
8605
9170
9847
9695
9763
10211
10962
11550
11704
12053
12533
13307
13985
14823
15397
16153
17183
17942
18815
19725
20122
19514
18152
17585
18188
17928
16079
12953
10332
7872
5265
2011
-2870
-6298
-8213
-9636
-11215
-12858
-13455
-13319
-13152
-13316
-12807
-11643
-10554
-10282
-10403
-9765
-8370
-7239
-7416
-7998
-7721
-6389
-5224
-4718
-4560
-3343
-1295
524
2089
3522
5542
7301
8305
9037
9871
10772
10883
9813
8355
7323
6478
5180
2912
440
-1264
-2284
-3415
-5055
-6460
-7338
-8392
-9847
-11806
-13071
-14220
-16299
-18703
-21410
-22841
-24023
-25578
-27183
-28725
-28497
-27446
-26287
-25368
-23903
-21161
-18019
-15301
-12709
-9822
-7026
-4507
-2624
-698
1286
2872
3896
4396
4965
6072
6951
7300
7319
7475
8702
9741
10313
10523
10852
11842
12549
12959
13313
13541
13944
14115
14089
14486
14730
15293
15534
15646
16378
16994
17341
16899
16872
18029
19089
19005
16572
13613
11811
9632
6320
2851
-1136
-3939
-5253
-6662
-8364
-10073
-10390
-10583
-11197
-11641
-10867
-9356
-8195
-8212
-8361
-7370
-6114
-5185
-5691
-6084
-5586
-4310
-3464
-3540
-3324
-2304
-701
445
1604
2995
4971
6365
7126
8004
8954
10031
10031
9229
8048
7445
6844
5496
3286
1099
-263
-1299
-2639
-4699
-6748
-8268
-9190
-10805
-12292
-13946
-15413
-16654
-18493
-19520
-20759
-21618
-22615
-23660
-23863
-23606
-22807
-22193
-21637
-20453
-18217
-15849
-13493
-11702
-9506
-6721
-4308
-1922
-17
1862
3662
5176
6519
7778
8721
9344
9642
9630
10066
10452
10883
10739
10444
10853
11533
12308
12657
12959
13408
14232
14826
15584
16192
16871
18298
19155
20242
20980
21596
21670
20304
19151
18818
18400
16931
13855
10570
8321
6167
3842
-474
-5005
-7288
-8699
-9569
-11168
-12230
-11962
-11538
-11694
-11764
-11003
-9796
-9225
-9889
-10040
-9204
-7906
-7555
-8390
-8688
-7550
-5876
-4828
-4566
-3936
-1876
212
1853
3010
4516
6555
7786
8617
9316
10315
11042
10542
9233
8060
7378
6590
4760
2211
293
-829
-1643
-3106
-4795
-6169
-7029
-8200
-10324
-11462
-12957
-14482
-16556
-19397
-20781
-22207
-23295
-24844
-26696
-26839
-26167
-24798
-23865
-23063
-20640
-17585
-14714
-11860
-9473
-6476
-3752
-1822
357
2064
3784
5061
5488
5870
6561
7126
7609
7298
6963
7739
8482
9188
9064
9263
10298
11031
11801
12144
12281
12875
13115
13396
13910
14221
14913
15386
15796
16597
17594
18271
17764
16708
16382
16314
15546
14067
11870
10481
8830
6420
3918
303
-2285
-4085
-5864
-7651
-9145
-9599
-9743
-10181
-10740
-10150
-8877
-7763
-7818
-7964
-7052
-5668
-4630
-4984
-5414
-5013
-3754
-2755
-2483
-2261
-1089
680
1941
3143
4490
6472
8065
8877
9678
10735
11856
12041
11176
9977
9377
8814
7571
5356
3109
1650
435
-1048
-3569
-5859
-7283
-8679
-10363
-12327
-14182
-15384
-16848
-18465
-19646
-20684
-21098
-21691
-22226
-22286
-21645
-20250
-19260
-18372
-16877
-14471
-11733
-9486
-7652
-5274
-2679
-288
1834
3442
5183
6693
7872
8764
9317
9792
10215
10108
9810
9614
9750
9952
9409
9049
9174
9962
10748
11293
11871
12590
13635
14350
15306
15866
16582
17681
18171
19013
19263
19447
19072
17742
17489
17138
16368
14336
10923
8640
6913
5049
2429
-1651
-4986
-7233
-8688
-10121
-12171
-12831
-12656
-12420
-12457
-12217
-11050
-9985
-9674
-9942
-9428
-8292
-7370
-7616
-8477
-8177
-7023
-5706
-5131
-5200
-4219
-2398
-852
488
1468
3155
4882
5765
6584
7211
8167
8252
7110
5839
4773
4109
3006
836
-1406
-2977
-3894
-4831
-6359
-7791
-8630
-9667
-10923
-11575
-12504
-13461
-15127
-17230
-18113
-19017
-19601
-20629
-22164
-22437
-21875
-20307
-19287
-18707
-16880
-14515
-11695
-9004
-6736
-4102
-1855
201
2535
4488
6287
7629
8333
8903
9616
10357
10823
10449
9832
10248
10809
11373
11316
11018
11520
11828
12557
12951
12974
13406
13403
14001
14700
15014
15835
16145
16395
16963
17639
18580
18393
17371
16791
16818
16638
15204
12118
9126
7130
4811
2330
-1327
-4950
-7439
-9399
-11153
-13169
-14137
-14369
-14697
-15175
-14984
-13841
-12534
-12376
-12849
-12487
-11408
-9950
-9853
-10450
-10454
-9495
-8182
-7506
-7200
-6334
-4466
-2871
-1431
36
2011
3931
4828
5546
6460
7685
8345
7737
6542
5647
5173
4432
2688
416
-1155
-2319
-3295
-4849
-6806
-8616
-9844
-10968
-12530
-13975
-15756
-17127
-18865
-20371
-21301
-22356
-23175
-24317
-24762
-24427
-23805
-22753
-22028
-21167
-19325
-17050
-14507
-12430
-10636
-8101
-5611
-3188
-1038
810
2543
4014
5222
6346
7420
8053
8411
8458
8729
9313
9878
10244
10108
10343
11137
11922
12423
12663
12902
13672
14412
15301
16244
16782
17730
18429
19376
20474
21296
22010
21594
20971
20825
21284
21217
19185
16169
13233
10938
9338
7012
3662
840
-1109
-2413
-4301
-6555
-7609
-8109
-8543
-9154
-9121
-8110
-7206
-7201
-7560
-7151
-5954
-5062
-5624
-6454
-6434
-5358
-4150
-3901
-3895
-2941
-1169
501
1733
3058
4893
6537
7589
8431
9426
10618
10917
10239
9244
8584
8304
7299
5348
3202
1768
954
-129
-2320
-4503
-5775
-6964
-8289
-10184
-12007
-13336
-14901
-16461
-18105
-19371
-20199
-21279
-22220
-22903
-22753
-21816
-21253
-20869
-19826
-17903
-15455
-13543
-11953
-9921
-7527
-5051
-3015
-1319
410
2136
3498
4572
5379
6105
6827
6925
6791
6943
7554
8067
7845
7836
8221
9160
10017
10270
10580
11112
11836
12395
13069
13497
14258
15232
15870
16687
17553
18853
19874
19335
18654
18355
18142
17678
15004
11497
8846
6862
5193
2172
-1652
-4965
-7245
-8611
-10649
-12392
-12657
-12071
-11579
-11551
-10826
-9157
-7728
-7155
-6692
-6274
-5606
-5409
-6849
-8567
-9239
-8678
-7785
-7993
-8275
-7338
-5766
-4144
-3167
-1827
550
2804
5164
7290
9597
12041
13057
13008
12261
11569
11259
9950
7575
5211
3594
2824
1530
-997
-3287
-4517
-5625
-6967
-9015
-10996
-12187
-13702
-14977
-16411
-17485
-17826
-18384
-18608
-18756
-18143
-16737
-16075
-15577
-14540
-12708
-10327
-8747
-7638
-5822
-3799
-1655
122
1329
2731
4088
5365
6252
6731
7128
7555
7532
7251
7249
7608
8036
7791
7620
8004
8638
9428
9594
9730
10433
11139
12009
12725
13273
14213
15159
16091
17011
17899
19140
19924
19472
18651
18570
18684
18016
15678
12340
9337
7263
5316
2431
-1373
-4532
-6213
-7431
-9130
-11111
-11920
-12018
-12269
-12623
-12466
-11384
-10515
-10334
-10233
-9495
-8061
-6983
-7164
-7581
-7260
-6031
-4780
-4696
-4742
-3788
-2173
-544
647
2082
4281
6317
7784
9076
10223
11538
12044
11458
10735
10100
9804
8843
6904
5014
3789
3225
2075
-212
-2666
-4229
-5525
-7252
-9233
-11310
-12593
-13946
-15466
-16796
-18144
-18907
-19643
-20455
-20866
-20911
-19992
-19562
-19461
-18541
-16889
-14641
-12892
-11548
-9558
-7160
-4756
-2594
-880
827
2638
4289
5592
6396
7038
7737
7947
7731
7769
7932
8170
8006
7846
8410
9110
9952
10443
10644
11488
12391
13267
14016
14135
15048
16025
16887
17915
18433
19615
20205
19306
18262
17592
17678
17297
15084
12172
9679
7799
5447
991
-2858
-5618
-7687
-8943
-11160
-13108
-13864
-14114
-14226
-14455
-13761
-11994
-10614
-10046
-9510
-8405
-6379
-4949
-5010
-5332
-5126
-4035
-3246
-3715
-3888
-3043
-1391
168
858
2062
3784
5284
6451
7125
8128
9276
9379
8792
7986
7474
7296
6161
4085
2011
553
-198
-1651
-3879
-5855
-7548
-8320
-9551
-11402
-12842
-14593
-15599
-16838
-18121
-18617
-19498
-20074
-20677
-20701
-19826
-19007
-18260
-17628
-16495
-14469
-12174
-10281
-8813
-7273
-5035
-2651
-828
683
2085
3553
5035
6130
6994
7742
7991
8252
8225
8258
8715
8739
8608
8483
8698
9550
10177
10333
10498
10808
11795
12731
13133
14009
14370
15099
16095
16264
17056
17429
17374
16916
16402
17195
18261
18328
17309
15109
13639
12932
10874
7274
2949
-106
-2113
-3871
-5888
-7487
-8043
-7914
-7975
-8747
-7920
-6804
-7116
-7367
-7562
-7334
-6505
-6268
-6843
-7400
-6910
-5959
-5775
-6162
-6422
-5334
-3524
-2310
-1110
242
2037
3734
4852
6104
7490
8512
8501
7668
6767
6356
5757
4437
2445
838
201
-650
-2571
-4424
-5927
-7059
-8252
-10411
-11973
-13465
-14735
-15917
-17791
-18773
-19592
-19995
-20604
-21659
-21503
-20636
-19914
-19502
-19002
-17488
-15249
-13620
-12041
-10314
-8290
-5836
-3735
-1873
-40
1818
3718
5200
5966
7011
7976
8481
8558
8339
8961
9323
9492
9571
9593
10349
11169
11762
12421
12972
13996
14981
15453
16079
16539
17404
18296
18659
19235
20215
20834
20832
20597
20619
21300
21136
19688
17438
15653
14832
13688
12159
9420
7023
6114
5235
3375
1150
-94
-628
-1131
-2061
-2339
-2135
-2178
-3098
-4523
-4998
-4758
-4918
-6205
-7850
-8807
-8617
-8759
-9545
-10132
-9628
-8070
-6905
-5515
-3820
-1762
194
1445
2504
3781
4965
5443
5163
4542
4498
4382
3715
2283
906
353
-160
-1651
-3350
-4653
-5889
-7040
-9293
-11161
-12809
-14574
-15997
-18327
-19931
-21110
-21880
-22527
-23807
-24093
-23513
-22781
-22202
-21646
-20306
-18142
-16391
-14625
-12720
-10665
-8174
-6073
-4248
-2362
-469
1425
2904
3783
4766
5846
6406
6663
6479
6810
7415
7410
7585
7559
7957
8660
9078
9844
10335
11195
12294
12943
13885
14708
15786
16910
17379
17948
18714
19179
18624
17862
17588
17734
17555
16033
13836
11661
10183
8749
6455
3414
877
-474
-1817
-4117
-6363
-7576
-8527
-9742
-11220
-11697
-11039
-10482
-10225
-9900
-8874
-7275
-6209
-6437
-7264
-7546
-6732
-5612
-4951
-4172
-2559
-494
1109
2262
3689
5662
7556
9053
10297
11711
12834
13056
12471
11243
10056
8863
6895
4375
2024
267
-1211
-3160
-5602
-7635
-8890
-10519
-12397
-14338
-15954
-16926
-18278
-19566
-20824
-21535
-21686
-22095
-22294
-22306
-21504
-20231
-19406
-18477
-16926
-14930
-12830
-11195
-9521
-7298
-5015
-2918
-1097
603
2447
4300
5632
6581
7350
8226
9156
9367
9426
9635
9916
10158
9947
9837
10044
10389
10732
10900
11352
12031
12812
13631
14348
15035
15931
16780
17564
18212
18742
18897
18028
17292
16842
16613
15760
13492
10712
8619
7189
5271
2343
-1205
-4122
-5944
-7289
-8951
-10366
-10947
-10862
-10731
-10505
-9450
-7882
-7030
-6795
-6705
-6274
-5389
-5208
-5763
-6176
-5960
-5153
-4716
-4904
-4681
-3585
-2099
-823
229
1711
3262
4452
5253
5839
6716
7158
6713
5827
4862
4350
3774
2479
722
-739
-1714
-2803
-4313
-5944
-7303
-8455
-9887
-11371
-12602
-13711
-14697
-16029
-17275
-18006
-18289
-18586
-19178
-19495
-19246
-18431
-17638
-17026
-16160
-14817
-13168
-11559
-10106
-8569
-6776
-5046
-3441
-1918
-336
1206
2463
3323
4107
5049
5795
6190
6224
6208
6356
6602
6453
6130
6005
6140
6422
6507
6661
7236
7970
8775
9504
10257
11114
12255
13438
14643
16082
17251
17839
17283
16559
16307
15916
15204
13081
10487
8243
6029
3993
1166
-1318
-2422
-2830
-3280
-4081
-4768
-4893
-5058
-5478
-5946
-5917
-5260
-5287
-5899
-6459
-6613
-6687
-7594
-9061
-9975
-9562
-8117
-6469
-5173
-3686
-1717
186
1876
3236
4900
6631
7648
8067
8179
8389
8376
7623
6451
5518
4883
4387
3348
1934
869
-131
-1318
-3011
-4855
-6509
-8105
-9962
-11834
-13439
-14710
-15809
-17286
-18519
-19315
-19562
-19716
-20235
-20428
-20015
-19023
-18070
-17296
-16318
-14772
-12981
-11253
-9629
-7894
-5886
-4013
-2235
-529
1299
3124
4511
5524
6500
7622
8539
8975
8911
8925
9155
9269
9206
8890
8707
8839
9155
9475
9843
10364
11033
11660
12211
13010
13944
14730
15463
15930
16592
17418
17529
16845
15413
14545
14192
13857
13088
11308
10098
9865
9880
9618
8911
7694
5249
2411
-426
-3218
-5735
-7796
-9442
-10582
-10349
-8622
-6223
-4766
-4454
-4702
-5021
-5828
-7247
-8366
-8113
-6506
-4592
-3008
-1840
-212
1711
3306
4665
5962
7459
8619
9303
9655
10064
10230
9621
8175
6559
5317
4139
2815
945
-663
-1834
-2914
-4284
-5977
-7429
-8609
-10037
-11774
-13282
-14584
-15751
-17136
-18644
-19838
-20529
-20932
-21534
-22193
-22384
-21904
-21233
-20697
-20192
-19144
-17619
-16183
-14764
-13274
-11524
-9736
-8055
-6397
-4683
-2887
-1229
24
1001
2035
3074
3767
3914
3833
3956
4364
4540
4445
4547
4866
5408
5828
6016
6437
6989
7524
8096
8612
9426
10403
11626
12503
13156
14156
15133
16299
17289
17929
18859
19720
19341
17940
16253
14596
13650
12968
11888
9631
6615
3713
-376
-7438
-14820
-16167
-13146
-10762
-10429
-12600
-15628
-17307
-16653
-14240
-10849
-7070
-3435
-1062
-148
278
501
780
796
576
533
1005
1640
2297
3262
4456
5858
7079
8216
9312
10349
10878
10725
10356
9850
9556
9031
7986
6772
5716
4682
3464
1941
233
-1250
-2851
-4645
-6454
-8083
-9567
-11169
-12802
-14206
-15163
-15816
-16588
-17217
-17575
-17544
-17038
-16587
-16120
-15291
-14160
-12830
-11563
-10218
-8692
-7057
-5473
-4027
-2430
-811
634
1854
2855
3849
4750
5280
5471
5436
5444
5627
5836
5750
5721
5838
6072
6379
6705
7444
8351
9245
9930
10514
10908
10963
10719
10535
10854
11717
12548
12820
13526
13884
13215
12643
12281
11955
11345
10664
8627
5659
3918
1643
-920
-2969
-4506
-6203
-8241
-9472
-9371
-7926
-5952
-4249
-3243
-2140
-1085
-870
-678
258
1462
2406
2614
2178
1829
1981
2620
2899
2783
2432
2344
2476
2498
2900
3557
4577
5492
6242
6949
7433
7571
7149
6536
5906
5419
4758
3806
2556
1400
368
-998
-2693
-4621
-6181
-7701
-9233
-10977
-12610
-13690
-14725
-15585
-16542
-17251
-17612
-17925
-18242
-18528
-18378
-18042
-17604
-17129
-16485
-15395
-14066
-12777
-11547
-10157
-8532
-6784
-5254
-3836
-2321
-842
475
1664
2593
3446
4233
4781
5124
5437
5906
6280
6644
7089
7529
8104
8593
9167
9817
10414
10990
11319
11406
11520
11966
13169
14806
15088
15545
16947
17550
18440
18842
18142
17434
16801
16211
14827
13329
11587
9610
7903
6066
4358
2230
73
-2088
-4151
-6062
-8005
-9313
-10003
-10411
-10640
-10749
-10860
-10974
-11265
-11525
-11205
-10478
-9651
-8994
-8573
-8175
-7690
-7435
-7288
-7079
-6767
-6052
-5322
-4510
-3524
-2398
-1151
-93
1075
2187
3277
4223
4780
5358
5786
6137
6327
6041
5609
5184
4540
3797
2929
1970
933
-87
-1007
-1986
-2930
-4143
-5474
-6510
-7684
-8679
-9745
-10846
-11798
-12482
-12919
-13354
-13681
-13908
-13697
-13082
-12172
-11053
-9733
-8388
-6835
-5234
-3697
-2191
-813
327
1304
2213
2996
3692
4125
4353
4601
4892
5162
5434
5617
5924
6395
6842
7446
8033
8700
9392
10004
10330
10394
10826
11499
12227
13695
16307
16831
15341
15823
17387
17857
18139
18810
18985
17643
16172
15157
13367
11459
9791
7961
5696
3063
31
-2750
-5162
-7388
-9243
-10966
-11895
-12059
-11755
-10811
-9345
-7697
-6064
-4867
-4167
-3458
-2934
-2539
-2432
-2643
-2838
-2958
-3025
-3150
-3035
-2563
-2004
-1316
-659
-5
734
1340
1716
1994
2239
2531
2659
2624
2595
2555
2527
2263
1846
1305
729
86
-694
-1555
-2468
-3307
-4295
-5448
-6502
-7459
-8418
-9508
-10724
-11755
-12646
-13452
-14267
-15176
-15820
-16296
-16434
-16515
-16498
-16065
-15418
-14475
-13391
-12122
-10598
-9068
-7599
-6112
-4663
-3308
-2177
-1365
-758
-195
333
706
942
1084
1449
2098
2739
3414
4154
5052
6080
7075
8155
9131
9949
10728
11350
11693
11859
12424
13419
15474
17226
17226
17414
17486
17788
18390
18117
17457
16689
15667
14971
13754
12242
10863
8890
7066
5134
3027
978
-1039
-2791
-4387
-5723
-6791
-7664
-8174
-8432
-8276
-7883
-7158
-6164
-5075
-4089
-3185
-2219
-1411
-832
-518
-438
-426
-511
-749
-974
-1330
-1604
-1842
-2109
-2258
-2263
-2029
-1597
-982
-77
1039
2206
3260
4093
4808
5267
5432
5364
5002
4487
3865
3144
2326
1338
315
-613
-1487
-2363
-3093
-3766
-4516
-5278
-5793
-6407
-6910
-7534
-8287
-8829
-9489
-9937
-10479
-10980
-11346
-11575
-11417
-11376
-10981
-10410
-9699
-8769
-7819
-6678
-5514
-4470
-3371
-2267
-1273
-362
291
635
919
1129
1413
1808
2216
2793
3734
4814
5713
6513
7228
7948
8427
9078
9662
10515
10834
10794
10996
12194
14822
15205
17403
17146
14891
14033
12332
11038
10083
9830
9971
9424
8395
8270
7447
6147
5178
4327
3479
2496
1398
429
-782
-2086
-3477
-4926
-6003
-6570
-6962
-7134
-7184
-7324
-7464
-7460
-7175
-6431
-5294
-4322
-3545
-3241
-3298
-3480
-3665
-3731
-3673
-3341
-2782
-2047
-1140
-185
890
1900
2846
3686
4269
4664
4739
4571
4305
4025
3591
3167
2639
2082
1523
904
255
-545
-1370
-2343
-3173
-3987
-4731
-5458
-6111
-6689
-7156
-7437
-7658
-7772
-7820
-7878
-8009
-8088
-8050
-8160
-8399
-8787
-9125
-9374
-9665
-9972
-10287
-10454
-10487
-10330
-9942
-9425
-8683
-7789
-6929
-6174
-5283
-4317
-3522
-2936
-2398
-1835
-1420
-1237
-1287
-1267
-1280
-1148
-988
-827
-565
-260
351
936
1621
2299
2958
3478
3870
4117
4041
3905
3772
3630
3604
4148
4080
3597
4127
5172
6257
8297
10689
11111
9741
7487
5787
4357
2898
2587
4781
9585
13841
15299
13328
9697
6912
5285
4063
2237
293
-1287
-2479
-3081
-3588
-3721
-3487
-3482
-3412
-3311
-3213
-3014
-2865
-2809
-2650
-2255
-1720
-1208
-848
-498
-69
334
692
1001
1337
1729
2034
2270
2349
2416
2437
2386
2197
2021
1839
1507
1133
704
468
258
27
-167
-441
-684
-925
-1119
-1301
-1592
-1928
-2277
-2633
-3061
-3438
-3799
-4158
-4477
-4702
-4829
-4863
-4864
-4897
-4759
-4619
-4388
-4098
-3965
-3887
-3866
-3775
-3747
-3749
-3896
-4044
-4162
-4307
-4426
-4548
-4661
-4683
-4653
-4598
-4470
-4322
-4237
-4249
-4228
-4258
-4207
-4256
-4262
-4264
-4345
-4431
-4554
-4697
-4879
-5078
-5278
-5298
-5333
-5308
-5229
-5041
-4854
-4600
-4205
-3785
-3278
-2728
-2056
-1427
-814
-111
688
1680
2697
3680
4479
4949
5120
5329
5544
5602
5670
5696
5728
5853
6078
6339
6605
7016
7486
7740
7926
8270
8512
8703
8563
8254
8007
7972
8258
8243
7806
7587
7132
6207
5032
3856
3141
2235
1641
1319
966
791
741
577
160
-253
-485
-673
-916
-1035
-1181
-1150
-1003
-877
-743
-728
-776
-1138
-1769
-2356
-2838
-3365
-3834
-4172
-4482
-4661
-4768
-4791
-4696
-4509
-4289
-4030
-3739
-3541
-3303
-3105
-2978
-2807
-2652
-2501
-2343
-2194
-2097
-2128
-2150
-2266
-2376
-2543
-2707
-2915
-3173
-3427
-3616
-3723
-3743
-3728
-3710
-3530
-3385
-3118
-2821
-2486
-2067
-1601
-1146
-732
-340
30
452
811
997
1067
1211
1279
1107
893
792
760
700
672
695
765
936
976
1062
1077
1034
899
786
640
410
176
60
212
376
267
-317
-983
-1448
-1560
-1226
-627
280
1178
1784
1968
2031
2057
1667
1246
976
826
829
776
617
540
436
281
166
138
70
-145
-430
-754
-1117
-1449
-1742
-2016
-2252
-2513
-2787
-3079
-3281
-3370
-3376
-3371
-3387
-3406
-3397
-3482
-3547
-3604
-3795
-3996
-4247
-4429
-4484
-4401
-4320
-4241
-4143
-3984
-3800
-3564
-3368
-3158
-3024
-2776
-2399
-2133
-1842
-1588
-1341
-969
-628
-256
102
387
646
865
1107
1216
1230
1268
1299
1411
1630
1859
2104
2497
2914
3296
3857
4643
5281
5735
6244
6521
6775
6707
6036
4725
3150
1765
494
-557
-1371
-1940
-2361
-2712
-3125
-3548
-3792
-3869
-3618
-3324
-2988
-2529
-1997
-1414
-796
-281
183
613
914
1184
1388
1515
1471
1439
1252
1111
868
601
236
-167
-456
-768
-981
-1181
-1307
-1411
-1458
-1535
-1539
-1552
-1675
-1686
-1782
-1926
-2089
-2240
-2407
-2558
-2699
-2748
-2784
-2831
-2801
-2794
-2795
-2739
-2680
-2650
-2589
-2603
-2577
-2525
-2420
-2343
-2207
-2049
-1825
-1570
-1364
-1079
-801
-590
-463
-466
-453
-374
-452
-423
-301
-69
184
401
586
778
966
966
1104
1190
1299
1383
1395
1266
1164
1084
947
819
698
569
512
459
473
557
638
660
447
210
97
6
-104
-96
-6
259
453
582
698
743
734
675
484
275
159
-78
-150
-143
-81
85
333
519
560
625
630
626
575
438
303
235
312
349
409
470
537
559
437
274
103
12
-36
25
176
375
579
788
942
1138
1226
1239
1233
1128
1010
878
771
684
712
758
839
802
675
567
514
440
252
52
-100
-248
-320
-309
-384
-392
-375
-311
-213
-164
-88
-97
-138
-230
-333
-408
-454
-250
-67
113
205
177
93
-117
-276
-429
-419
-363
-321
-328
-441
-405
-356
-283
-211
-111
-12
57
52
120
151
69
-56
-199
-290
-395
-460
-437
-332
-267
-147
-41
23
94
165
242
338
498
644
716
735
689
668
681
692
677
554
468
407
273
205
213
203
221
241
313
424
612
847
1050
1224
1255
1206
1065
934
755
602
299
73
-100
-347
-503
-657
-719
-741
-772
-833
-937
-984
-986
-1077
-1099
-1107
-1029
-946
-904
-772
-698
-506
-334
-199
-22
125
271
389
492
573
601
636
693
696
746
852
941
1043
1126
1150
1221
1316
1309
1374
1418
1394
1375
1326
1266
1272
1211
1137
1031
973
917
857
838
799
694
637
624
615
594
580
585
599
573
577
528
527
464
327
250
115
-13
-111
-179
-232
-213
-235
-257
-246
-337
-391
-451
-554
-618
-699
-736
-771
-801
-834
-827
-774
-816
-800
-805
-809
-790
-781
-784
-804
-747
-735
-673
-584
-506
-466
-422
-401
-381
-270
-189
-128
-63
-66
-78
-49
-101
-182
-239
-319
-384
-500
-565
-630
-663
-650
-626
-554
-560
-490
-429
-349
-248
-201
-153
-75
-12
0
-39
-109
-84
-105
-140
-126
-32
93
193
270
273
382
422
413
422
406
361
340
297
247
214
183
208
186
217
251
244
204
160
74
-28
-109
-193
-215
-211
-300
-374
-417
-481
-525
-577
-591
-590
-588
-642
-734
-807
-851
-915
-925
-1022
-1146
-1230
-1304
-1404
-1412
-1420
-1441
-1437
-1487
-1473
-1454
-1461
-1419
-1405
-1401
-1439
-1418
-1418
-1502
-1548
-1459
-1444
-1470
-1398
-1306
-1235
-1103
-966
-803
-604
-447
-345
-218
-135
-129
-97
-209
-272
-285
-333
-357
-300
-291
-344
-304
-362
-457
-398
-401
-405
-340
-373
-331
-293
-288
-273
-316
-312
-260
-277
-278
-185
-157
-183
-177
-124
-90
-98
-100
-60
-20
50
98
105
187
249
301
391
379
434
426
340
391
398
409
391
402
355
397
369
340
385
381
436
490
564
589
653
676
677
660
612
668
747
777
851
899
964
998
1018
1119
1173
1229
1248
1289
1266
1197
1170
1082
1083
1000
967
834
728
667
618
522
434
394
305
240
168
116
58
33
43
43
54
83
160
187
190
284
334
406
425
496
536
521
532
562
609
570
563
507
522
520
487
487
414
481
451
349
298
214
179
109
39
-40
-156
-246
-296
-372
-435
-481
-517
-501
-529
-554
-580
-576
-526
-563
-561
-532
-524
-517
-490
-497
-490
-436
-447
-452
-409
-362
-322
-310
-218
-219
-187
-188
-231
-192
-195
-245
-295
-332
-357
-377
-396
-423
-435
-479
-507
-518
-573
-592
-572
-573
-633
-616
-605
-599
-532
-540
-445
-396
-289
-182
-110
2
138
261
332
459
496
512
486
457
364
286
129
-31
-189
-314
-442
-542
-611
-652
-729
-786
-766
-796
-798
-737
-720
-750
-756
-770
-774
-840
-823
-815
-797
-766
-709
-690
-678
-635
-622
-585
-515
-472
-483
-457
-405
-393
-455
-415
-409
-438
-450
-448
-473
-460
-465
-491
-539
-547
-536
-559
-538
-542
-509
-567
-544
-534
-531
-479
-460
-394
-321
-323
-278
-189
-144
-88
-67
-62
-62
-38
-52
-28
14
1
20
18
21
63
97
119
168
205
238
269
352
389
386
419
473
553
488
460
452
438
422
367
357
298
268
248
224
151
131
101
98
76
-2
-49
-78
-116
-133
-161
-191
-194
-222
-250
-312
-314
-343
-402
-385
-393
-432
-427
-423
-434
-421
-466
-453
-462
-487
-454
-449
-429
-413
-396
-434
-421
-366
-302
-249
-184
-99
-25
62
94
87
159
169
168
138
134
114
94
92
47
34
73
44
20
31
-4
18
-53
-11
-4
-3
-39
-51
2
6
21
23
73
56
59
115
130
132
133
120
198
229
254
292
330
344
343
331
312
307
294
306
292
256
204
206
137
115
65
64
13
-29
-75
-97
-77
-134
-92
-127
-177
-189
-165
-141
-160
-121
-99
-45
-59
-18
-13
-45
50
67
71
133
140
143
195
258
217
241
286
235
231
224
218
187
134
102
57
29
22
-10
6
-52
-134
-190
-192
-183
-246
-270
-260
-248
-242
-285
-237
-227
-232
-251
-253
-239
-193
-190
-208
-167
-169
-194
-185
-111
-147
-134
-134
-133
-133
-110
-86
-64
-47
29
35
43
84
85
105
148
116
106
153
143
139
119
130
132
156
151
154
156
153
130
111
89
124
89
82
107
121
81
35
121
96
90
100
133
149
141
210
197
186
175
164
203
214
224
211
216
188
161
153
125
104
58
40
73
17
27
40
-37
-14
-48
-60
-58
-76
-74
-79
-87
-68
-63
-62
-77
-70
-70
-91
-56
-60
-26
-59
-33
-58
-38
-28
-54
-68
-46
-43
-48
-22
-53
-58
-41
-79
-69
-77
-79
-52
-90
-81
-62
-109
-81
-155
-115
-96
-129
-112
-99
-118
-142
-64
-106
-53
-60
-63
-92
-88
-73
-39
-44
-15
-7
12
56
48
78
91
89
143
167
130
189
174
165
191
182
203
223
190
229
204
186
210
193
196
218
203
165
174
202
158
168
157
116
183
165
189
244
229
189
209
198
175
192
211
204
223
248
250
281
302
317
323
325
355
292
345
358
354
374
357
370
353
362
389
351
320
345
339
352
346
317
357
331
344
309
265
253
259
233
196
210
166
136
122
128
136
146
139
191
145
129
174
165
182
179
183
181
208
163
182
210
224
257
257
280
270
296
285
312
308
315
314
299
335
293
302
294
272
267
249
246
231
245
227
259
247
252
273
309
291
192
236
201
188
198
189
175
168
179
191
213
231
237
250
248
205
231
234
239
251
243
258
196
224
245
255
281
264
266
275
261
225
301
338
328
334
305
345
304
305
351
338
353
379
360
356
367
362
394
437
417
403
452
437
498
481
464
446
441
458
407
421
428
416
380
393
355
335
347
318
297
271
255
224
268
261
252
249
232
243
234
216
212
185
160
180
186
205
167
188
225
166
215
224
241
255
242
301
264
267
287
269
318
297
340
369
342
362
337
325
365
349
359
347
382
334
317
323
297
292
219
209
194
208
176
154
146
146
132
115
127
98
40
39
86
106
51
-3
68
58
87
72
62
154
157
164
161
211
198
223
254
286
286
291
330
330
397
375
425
456
402
436
495
479
509
486
533
536
525
575
566
572
562
606
544
558
558
529
549
528
502
454
456
452
411
389
360
328
316
302
267
283
326
256
228
221
176
191
183
181
180
204
239
167
197
190
191
163
181
218
199
242
261
292
312
345
322
373
338
331
325
363
407
377
433
369
413
405
366
399
420
439
439
415
414
415
384
425
391
388
381
379
378
340
354
330
329
338
287
338
350
346
299
272
266
247
227
221
250
213
222
237
193
192
192
191
227
227
205
237
261
210
247
257
246
267
242
261
231
254
240
236
295
291
293
277
328
364
335
274
335
358
381
414
371
374
371
391
382
394
362
379
412
385
374
347
336
336
370
318
329
357
355
361
357
365
304
316
330
323
315
350
328
327
326
318
350
334
346
366
332
319
348
353
338
352
385
375
405
434
445
475
408
455
458
475
522
483
471
504
523
454
479
484
456
512
510
523
556
535
529
535
520
523
483
490
500
490
478
460
482
466
449
457
448
466
473
440
487
489
491
498
484
492
504
492
524
488
501
521
520
523
527
545
538
565
542
594
588
570
597
622
642
629
656
663
637
648
623
669
640
627
622
623
618
635
643
616
611
587
583
518
539
544
531
505
502
503
461
431
383
369
360
355
369
391
385
339
335
372
363
400
365
367
390
362
372
341
341
313
327
337
347
368
310
342
364
298
307
314
331
332
347
337
370
403
382
416
377
392
418
381
411
435
481
458
453
404
454
447
454
469
463
460
441
448
416
466
449
483
467
477
451
443
486
472
483
439
484
548
506
489
488
503
506
504
503
548
539
523
538
518
557
606
602
553
564
592
577
613
637
638
641
649
625
644
714
652
682
681
711
690
704
708
672
669
652
657
657
662
602
632
620
570
551
571
570
534
565
554
495
508
528
530
513
501
505
513
510
465
505
480
443
465
441
440
415
379
382
395
367
386
382
367
388
397
326
330
329
388
402
348
366
352
383
350
368
390
427
390
377
402
376
380
385
400
386
386
379
370
421
421
365
344
349
340
323
301
294
339
325
332
332
327
337
314
359
335
337
353
332
363
367
340
320
337
383
416
383
407
366
380
423
402
381
398
423
476
453
401
467
476
474
470
504
517
500
511
514
508
504
519
485
523
503
536
535
492
514
512
539
512
535
515
484
501
462
479
448
387
435
420
419
405
413
433
406
421
417
400
411
401
387
395
426
405
408
358
354
374
366
339
342
349
320
322
335
348
364
369
343
350
303
339
350
387
368
379
368
357
369
339
352
350
369
344
333
351
363
338
324
279
289
272
292
280
287
302
284
346
291
285
288
319
331
287
332
294
319
332
325
338
357
305
306
404
408
387
409
437
389
423
385
365
427
438
457
422
451
498
520
514
491
544
549
526
541
544
540
563
550
534
552
563
528
583
570
553
504
569
603
551
559
487
511
510
486
515
526
516
509
511
522
484
490
504
500
476
488
498
471
506
502
493
458
481
457
448
455
482
432
439
469
469
437
454
463
423
434
425
445
448
430
456
430
466
433
395
416
416
448
425
407
377
391
392
368
312
345
338
323
318
299
345
336
280
271
258
245
279
314
306
230
265
262
254
278
258
258
264
267
301
275
281
277
254
288
262
264
266
280
287
265
260
258
254
302
312
278
310
305
295
350
341
341
327
293
351
343
334
347
349
377
330
323
326
355
387
328
306
315
361
332
319
333
334
328
309
303
291
306
256
309
312
320
315
310
348
329
336
337
383
326
337
380
365
354
322
332
348
371
393
358
360
354
313
354
333
357
362
379
379
366
418
402
426
426
396
407
419
444
426
448
424
412
406
414
403
382
377
386
401
358
355
335
386
402
358
374
382
387
372
377
340
330
341
330
321
283
294
334
350
343
366
344
332
361
347
316
319
415
391
341
364
380
365
365
403
418
407
399
422
382
411
408
427
421
405
448
435
439
449
457
478
456
452
428
461
455
431
434
433
422
406
368
377
376
335
356
340
353
331
328
374
345
312
299
339
350
307
337
347
330
298
289
299
323
321
314
301
291
294
294
333
321
346
346
326
314
330
338
311
301
328
320
340
386
361
363
368
320
330
353
350
389
384
401
386
350
354
368
353
361
406
382
396
381
351
351
384
386
452
392
384
360
336
371
377
379
371
399
416
432
436
452
446
452
434
428
439
460
490
471
464
459
439
421
464
454
485
458
476
503
481
513
458
458
421
432
428
445
467
474
503
523
499
433
436
402
381
401
406
387
402
423
407
393
394
366
361
394
341
344
376
384
371
365
367
370
371
384
337
342
343
393
408
367
317
333
355
319
321
308
344
302
299
320
314
314
349
373
366
336
332
366
344
338
328
304
323
339
288
260
260
276
287
272
295
270
273
295
261
318
317
292
318
312
262
233
290
261
297
283
292
278
304
309
257
269
289
282
330
372
329
315
344
364
330
341
340
341
336
309
305
300
330
324
299
293
320
352
347
324
329
348
342
355
387
343
372
368
358
357
339
339
337
321
325
354
326
311
331
324
307
320
283
271
306
245
257
298
266
273
283
305
252
256
248
263
276
277
267
208
232
234
265
245
213
249
223
218
226
254
242
209
216
261
245
256
208
203
247
218
186
266
244
206
195
220
234
202
209
188
203
170
194
183
166
165
188
164
164
142
171
230
181
170
182
198
163
181
203
219
222
223
229
214
267
253
208
249
212
249
231
210
237
250
228
247
260
252
247
288
287
301
316
345
322
322
348
360
384
346
346
362
356
353
345
351
385
330
293
318
324
321
365
335
338
370
337
352
332
322
342
288
296
323
301
323
301
305
329
312
297
299
290
302
282
278
327
339
305
297
285
279
287
249
282
289
250
240
261
265
257
257
283
268
327
289
272
313
262
286
281
279
270
277
286
275
218
231
225
218
248
230
234
211
212
191
179
190
143
164
237
195
178
201
160
148
181
181
177
203
141
138
149
179
139
129
184
126
170
141
123
150
153
152
141
149
127
155
188
182
171
155
151
153
145
166
127
154
163
167
179
155
165
133
188
124
153
159
137
166
172
177
174
199
161
182
194
189
158
166
211
187
202
214
225
235
211
247
258
239
237
253
236
212
209
205
193
179
215
220
193
174
202
211
182
215
246
226
219
236
228
219
224
207
215
243
225
262
247
220
221
220
164
161
184
220
261
236
193
229
204
185
185
175
170
153
170
150
111
75
158
117
116
126
112
78
104
127
100
94
85
130
66
59
72
79
23
30
35
46
63
68
56
84
77
48
58
60
68
55
72
55
56
44
33
17
46
45
83
53
52
26
65
55
23
14
21
72
40
36
16
62
52
-13
7
15
30
63
70
43
7
17
78
48
38
65
43
60
59
39
40
37
55
22
12
28
-15
-28
5
18
5
4
67
38
25
17
42
-1
36
68
32
66
40
12
-9
56
52
22
38
36
41
16
49
20
20
55
31
17
24
14
-24
9
-14
-5
31
37
44
42
50
24
57
38
22
29
-6
8
4
36
22
32
48
50
55
62
57
41
29
40
26
-13
6
1
28
16
26
4
-2
1
42
29
11
33
-11
-34
-51
3
15
-8
24
41
50
92
65
56
48
59
45
69
82
55
53
99
73
80
64
43
59
69
87
83
89
80
59
48
71
55
89
73
96
96
41
90
61
53
28
57
73
73
89
123
102
100
84
72
87
47
79
60
72
87
89
75
33
72
44
20
49
49
69
91
101
96
74
80
88
68
85
43
52
64
50
89
45
82
57
30
61
72
78
106
101
64
63
80
120
98
70
72
65
56
86
69
40
78
87
42
75
83
58
88
73
93
109
95
66
89
85
89
139
117
110
122
109
112
94
77
113
127
124
119
91
113
88
93
93
94
80
71
50
54
59
36
76
57
39
62
90
123
95
93
91
42
57
74
70
92
50
53
50
57
69
80
95
99
111
105
65
67
91
69
77
55
65
74
103
57
99
121
84
99
105
85
38
61
66
28
53
72
70
44
53
31
28
56
49
76
34
62
21
8
2
-15
-1
76
27
-11
23
7
4
-6
6
-20
16
-23
-13
-37
-15
4
-15
-19
-11
11
3
-12
-3
12
17
24
19
7
34
0
-24
28
-2
26
5
-13
9
-5
-21
-10
42
10
1
12
11
64
33
57
79
26
28
68
86
37
73
31
28
40
47
36
45
69
41
50
31
-5
-22
-2
2
14
10
37
21
34
9
19
17
28
65
-10
22
2
-20
-1
-17
48
38
-17
10
0
-34
-21
-7
4
-27
-7
-3
-14
-3
1
10
17
5
-1
26
37
3
30
8
-41
11
7
7
-7
16
7
24
16
-65
-24
-24
-14
-23
-33
-8
-16
-36
-11
-21
-48
-45
-18
-30
-29
-15
-39
-19
-36
-50
-26
-26
-36
-20
5
-71
-83
-15
-18
-64
-69
-39
-44
-38
-29
-41
-24
-45
-4
-44
-68
-10
-40
-22
-49
-37
-5
-1
-16
20
43
-14
-14
1
-5
-23
-32
10
30
20
39
35
22
9
23
62
70
61
72
83
90
92
48
85
96
80
83
92
59
94
80
94
114
70
71
74
81
75
73
50
47
72
74
45
43
33
24
44
-10
-5
42
52
40
16
47
33
39
34
9
23
35
19
13
29
7
35
25
51
35
30
12
0
28
36
16
45
63
25
25
18
48
43
29
-5
31
45
21
51
46
12
-16
-28
13
18
1
-16
-16
-2
-20
-1
26
51
12
12
54
41
36
-14
-17
15
8
-7
-3
14
1
-7
4
58
40
42
68
78
59
43
63
25
34
54
60
63
45
69
63
63
65
53
24
49
23
39
48
22
62
49
36
71
79
66
78
67
48
67
123
66
112
119
88
69
82
79
55
82
72
59
86
89
59
113
99
61
87
53
91
78
76
102
83
54
75
96
64
86
70
103
111
94
131
110
93
134
130
117
86
90
64
40
80
123
140
134
166
113
119
117
130
89
82
129
98
144
144
157
89
109
151
86
113
96
126
129
164
120
119
101
117
87
125
154
84
114
126
148
110
125
120
123
110
90
86
83
92
85
79
77
90
61
47
79
49
20
52
-1
-15
20
-21
-8
-45
-47
-22
-10
12
6
15
2
-22
-5
-14
2
21
-14
44
-16
-13
12
-25
-9
-46
-35
-44
-28
-43
12
-11
-24
-24
-43
23
-22
-66
-5
-6
-26
1
-11
-29
-19
-6
10
7
21
21
-24
-12
-14
17
4
-40
-24
-56
-76
-24
5
-3
-4
-27
-13
1
0
-6
16
71
56
53
49
39
16
30
41
29
78
86
70
41
22
20
57
48
23
80
50
24
27
27
63
84
121
90
90
124
80
110
98
126
118
109
126
100
81
103
128
111
157
109
102
117
128
107
99
108
103
81
113
96
108
136
109
146
136
129
149
154
158
147
133
119
123
114
142
144
176
185
153
125
103
154
126
112
133
134
182
181
163
146
143
148
109
131
140
117
119
109
144
145
94
101
132
106
110
140
103
127
135
125
141
176
124
109
143
105
84
83
84
102
109
96
119
106
103
102
67
70
71
41
72
90
72
41
55
73
34
48
75
57
25
34
50
67
13
48
68
77
60
2
38
48
44
34
46
40
13
40
27
-16
3
12
-5
23
26
37
32
32
4
-28
33
16
-13
11
-8
7
-12
-22
1
9
7
-7
3
-6
46
16
3
-13
-4
7
22
10
-22
-8
17
36
3
31
19
21
51
87
103
113
75
69
102
73
77
95
85
33
37
76
106
88
65
86
100
105
68
60
108
113
94
110
114
44
61
65
58
38
111
85
71
102
123
134
83
72
65
100
114
97
110
100
58
75
99
80
70
58
32
58
62
67
58
53
37
3
32
65
42
33
47
59
26
23
19
9
11
-14
11
16
43
14
23
24
15
-6
16
23
17
48
23
72
29
34
34
7
44
65
64
52
72
28
20
30
9
65
64
55
41
34
43
44
30
58
60
-14
40
16
63
57
40
50
43
-1
12
19
-15
39
15
-6
-6
-34
-51
-19
-5
-14
-7
-12
24
-7
0
-26
6
18
14
40
15
11
-58
-33
5
-16
-22
4
15
40
34
14
-9
-9
-26
12
-39
-21
10
-55
-26
-57
-59
-72
-112
-64
-48
-65
-50
-54
-39
-40
-24
-37
-27
-74
-60
-53
-56
-3
-35
-55
-29
-36
-67
-60
-56
-39
-67
-61
-64
-53
-20
-56
-14
-28
-49
-32
-58
-50
-68
-45
-54
-67
-46
-34
9
-11
-29
-21
-73
-66
-46
-67
-27
-19
-16
-32
-55
-44
-32
-42
-21
-57
-86
-50
-80
-43
-76
-44
-37
-39
-23
-43
-35
-60
-42
-71
-77
-67
-50
-13
0
23
14
-22
18
10
14
24
16
7
19
-16
-24
30
65
37
28
20
4
30
13
62
62
60
61
62
40
27
60
54
31
44
26
35
28
-12
29
18
34
56
0
32
-7
-21
41
42
15
40
51
23
-16
26
10
-16
6
-23
-6
32
9
19
21
-5
-20
-3
12
5
28
-9
59
64
47
-1
3
-5
-20
55
37
38
32
-21
-1
19
4
27
-1
15
30
25
-7
-26
-39
-64
-41
-33
-10
24
9
-3
-1
-38
-32
-26
-55
-53
-14
-33
-20
11
1
15
13
-19
6
-9
11
-4
-30
0
-16
-24
-37
-27
-16
30
21
-1
-20
-54
-19
20
-15
-43
-23
-29
-24
-12
-42
-1
61
31
22
32
-25
-28
-4
36
11
4
30
1
17
49
16
10
30
1
39
9
-9
-10
37
34
-4
10
28
50
61
21
-7
0
-25
-27
-56
16
13
18
11
2
33
48
44
63
29
37
38
-10
11
-32
-29
-21
8
-37
-41
7
4
17
-1
-5
-29
-2
40
-10
13
30
0
-7
4
25
-39
8
12
-25
-34
-22
-17
-41
-4
9
-1
-33
-18
-7
-41
-21
11
-2
10
-17
-7
21
-16
-1
12
-25
-43
29
0
-15
-23
-2
-29
-16
-15
-44
10
-12
-51
-38
0
-16
-22
-12
-46
-16
-23
-71
-58
-68
-54
-116
-74
-60
-81
-82
-73
-56
-71
-86
-37
-50
-75
-76
-77
-40
-92
-95
-67
-45
-32
-98
-74
-49
-26
-17
-59
-59
-10
-44
-72
-75
-59
-64
-100
-65
-90
-103
-110
-102
-74
-30
-94
-79
-59
-75
-14
-67
-95
-108
-70
-27
-62
-23
-13
0
-41
-33
-17
-50
-38
7
-14
-37
14
-9
5
-45
-40
-60
-23
-14
-35
0
3
-44
-56
-46
-58
-69
-67
-23
-13
-32
-61
-50
-35
-33
-48
-26
-85
-49
-71
-36
-69
-58
-33
-27
-41
-75
-37
-57
-54
-43
-15
-46
-27
-40
-69
-90
-59
-32
-44
-6
-27
-53
-77
-52
-64
-66
-28
-64
-91
-69
-67
-78
-73
-103
-52
-51
-100
-93
-64
-90
-61
-56
-58
-25
-62
-42
-94
-82
-16
-63
-63
-96
-64
-60
-72
-86
-73
-34
-71
-79
-110
-106
-70
-72
-90
-47
-86
-60
-61
-65
-88
-87
-36
-79
-68
-89
-106
-81
-90
-89
-77
-106
-94
-124
-128
-97
-78
-108
-93
-117
-97
-89
-116
-104
-97
-74
-72
-85
-72
-51
-80
-73
-98
-70
-22
-47
-87
-57
-65
-83
-85
-62
-70
-63
-62
-85
-81
-97
-75
-53
-26
-49
-59
-71
-52
-105
-49
-32
-75
-63
-39
-37
-41
-70
-59
10
-61
-79
-76
-38
-66
-109
-61
-75
-68
-80
-37
-37
-67
-75
-72
-65
-90
-108
-101
-71
-76
-64
-81
-72
-104
-135
-114
-107
-76
-91
-114
-87
-93
-115
-107
-129
-109
-107
-107
-75
-60
-63
-74
-99
-102
-119
-108
-121
-102
-136
-131
-113
-137
-113
-123
-81
-104
-93
-100
-153
-144
-152
-103
-92
-114
-99
-106
-96
-106
-91
-95
-67
-100
-112
-87
-85
-100
-85
-57
-71
-61
-71
-66
-103
-73
-61
-128
-115
-121
-106
-76
-51
-47
-70
-85
-67
-55
-101
-104
-70
-70
-83
-57
-66
-44
-79
-110
-75
-100
-57
-69
-68
-73
-49
-19
-39
-81
-53
-51
-77
-61
-100
-56
-90
-107
-109
-105
-59
-80
-110
-129
-131
-125
-118
-89
-89
-101
-108
-104
-102
-141
-127
-142
-168
-131
-152
-149
-198
-222
-183
-188
-178
-174
-226
-208
-221
-202
-219
-249
-224
-189
-208
-205
-221
-214
-182
-214
-193
-203
-193
-170
-167
-140
-175
-140
-116
-140
-150
-199
-169
-116
-107
-131
-159
-153
-111
-161
-179
-160
-135
-142
-141
-126
-75
-74
-117
-120
-130
-122
-105
-120
-153
-104
-103
-101
-89
-133
-135
-114
-105
-109
-97
-70
-64
-105
-84
-87
-65
-105
-91
-97
-72
-15
-24
-46
-79
-48
-15
-47
-32
-1
-10
-31
-24
12
-65
-65
-38
-41
-33
-82
-91
-15
-14
-39
-52
-28
-43
-58
-55
-76
-58
-53
-43
-36
-88
-67
-117
-99
-54
-93
-74
-70
-86
-136
-113
-148
-105
-123
-121
-81
-109
-69
-80
-120
-68
-96
-71
-112
-95
-51
-59
-36
-68
-59
-40
-43
-71
-78
-59
-61
-23
-34
-38
-47
-34
-45
-36
-27
-56
-38
-64
-32
1
-23
-30
-18
-34
9
-39
-45
-44
-61
-55
-15
-61
-40
-38
-75
-74
-51
-84
-52
-34
-62
-69
-78
-35
-88
-73
-39
-63
-49
-31
-76
-58
-38
-31
-51
-58
-32
-63
-59
-69
-64
-46
-83
-88
-92
-91
-89
-97
-36
-65
-88
-98
-100
-85
-67
-78
-120
-113
-69
-63
-97
-90
-109
-114
-97
-41
-57
-55
-28
-57
-73
-106
-109
-69
-81
-62
-80
-98
-84
-110
-86
-50
-48
-50
-64
-99
-81
-53
-71
-63
-65
-39
-22
-61
-60
-54
-81
-81
-48
-51
-34
-49
-60
-83
-73
-58
-48
-24
-30
-27
-35
-51
-47
-53
-48
-26
-44
-38
-62
-33
-36
10
-23
-47
-49
-4
-10
-33
-1
15
-18
-58
-20
-66
-51
-38
-34
-50
-49
-56
-81
-47
-42
-54
-35
-48
-81
-61
-58
-73
-56
-47
-70
-100
-41
-36
-108
-118
-84
-99
-136
-164
-145
-163
-175
-151
-158
-146
-98
-156
-181
-152
-165
-184
-191
-169
-157
-218
-216
-206
-211
-192
-230
-234
-178
-158
-161
-141
-144
-185
-212
-190
-175
-185
-185
-164
-192
-168
-199
-196
-164
-187
-213
-184
-201
-213
-202
-210
-175
-194
-174
-164
-178
-151
-138
-150
-145
-134
-181
-170
-108
-163
-187
-172
-150
-162
-161
-152
-143
-108
-172
-146
-140
-80
-82
-148
-165
-125
-95
-143
-136
-142
-117
-116
-63
-109
-73
-68
-121
-85
-122
-119
-89
-56
-80
-104
-115
-98
-93
-89
-57
-99
-80
-80
-76
-74
-77
-61
-93
-68
-49
-52
-37
-107
-58
-60
-115
-104
-97
-49
-50
-41
-80
-82
-78
-90
-90
-86
-88
-103
-119
-84
-85
-94
-96
-92
-62
-98
-67
-42
-78
-66
-74
-110
-101
-74
-56
-78
-43
-47
-98
-80
-69
-92
-64
-34
-105
-101
-64
-81
-115
-103
