64
103
70
64
49
27
51
73
81
108
93
110
66
106
107
82
119
95
60
77
80
83
76
60
52
43
24
34
69
91
57
8
51
-2
30
37
24
39
40
92
54
38
8
44
66
57
50
13
-1
20
40
40
28
24
9
48
27
15
43
31
39
67
96
68
82
57
55
77
91
90
106
82
98
122
97
117
102
76
117
120
109
122
107
165
128
109
115
175
198
128
188
133
108
148
121
152
145
177
199
177
203
174
165
192
140
173
183
165
187
197
220
182
182
208
199
205
239
189
188
180
159
158
168
194
185
176
195
173
134
177
164
164
177
195
238
204
208
192
140
140
138
139
171
148
122
107
80
101
106
77
61
69
89
67
63
62
73
34
31
23
13
23
47
31
-2
6
-13
18
26
1
7
22
-2
41
99
58
61
58
45
51
42
22
28
4
3
-13
-9
-33
-35
-7
-72
-40
2
-35
-34
-17
-32
-24
-28
-44
-16
-33
-26
-24
-51
-22
-60
-53
-23
2
-9
-41
-42
-2
-13
-2
50
11
19
16
53
29
60
79
53
55
49
84
86
96
138
121
91
98
122
139
125
131
142
141
174
159
151
186
163
171
175
190
191
170
187
203
185
179
176
196
173
211
221
202
235
198
197
239
249
259
244
212
245
215
207
251
228
221
211
229
195
179
199
219
167
218
195
219
209
208
232
221
257
228
244
205
201
240
237
220
212
229
210
216
208
232
220
214
226
220
200
160
179
207
205
175
145
147
158
163
128
125
136
191
140
148
161
176
214
207
211
186
166
194
180
143
173
179
166
171
183
119
132
131
128
136
131
126
140
133
104
142
126
145
187
145
145
146
135
144
147
113
125
135
103
86
129
87
72
136
121
117
130
132
88
68
110
102
112
99
112
86
52
75
50
75
74
77
74
60
18
10
44
19
60
18
46
73
47
42
-10
37
3
55
31
48
46
-12
25
74
9
-9
51
14
0
68
54
48
54
24
47
65
99
89
101
96
125
133
110
89
80
37
72
99
82
103
115
100
120
82
98
139
113
83
66
126
61
89
69
42
43
64
56
37
38
19
17
0
38
24
20
-18
-50
-18
7
-27
-13
15
-9
3
-4
17
68
55
79
97
114
117
107
138
136
98
112
102
91
77
65
108
115
109
140
129
90
95
68
83
59
31
38
11
59
45
83
49
19
15
27
23
39
3
-13
42
48
34
-6
21
41
46
28
36
9
-4
15
59
65
64
84
55
50
11
22
84
70
66
53
89
63
44
64
91
81
79
129
83
99
89
68
68
47
95
40
25
54
55
72
66
73
106
104
107
104
71
117
101
75
101
97
98
119
97
95
100
90
116
138
113
116
98
127
166
151
161
178
160
133
143
112
172
136
141
153
135
169
133
116
117
146
130
96
127
107
87
54
14
61
53
71
45
41
28
42
3
5
2
17
-5
-27
5
4
-2
-39
-52
-34
-37
-55
-23
-20
-34
-65
-52
-68
-100
-76
-22
-64
-69
-49
-93
-60
-72
-51
-105
-131
-63
-102
-51
-60
-99
-51
-87
-89
-77
-65
-68
-106
-92
-81
-77
-82
-74
-99
-104
-73
-77
-78
-53
-65
-97
-78
-65
-33
-42
-51
-10
-23
-26
-10
-16
8
-13
1
33
17
37
38
82
93
102
62
105
113
107
94
67
59
73
90
81
109
107
95
68
120
104
64
71
63
45
73
59
39
70
77
92
111
91
48
72
103
99
88
66
59
54
36
80
57
32
52
38
42
46
-1
-7
-22
-3
18
5
-7
-8
-13
-79
-46
-38
-20
-20
-62
-45
-79
-88
-27
-52
-50
-45
-25
-71
-90
-111
-147
-102
-109
-107
-99
-134
-124
-108
-120
-94
-135
-128
-109
-125
-118
-91
-112
-121
-115
-94
-103
-141
-110
-92
-79
-112
-107
-63
-85
-35
-84
-85
-85
-93
-44
-51
-39
-59
-84
-99
-112
-112
-70
-57
-68
-80
-66
-44
-66
-84
-68
-78
-72
-64
-87
-74
-50
-55
-80
-81
-57
-36
-64
-48
-50
-81
-7
-48
-40
-11
-19
-34
6
-16
-15
57
5
7
-9
13
5
-1
34
0
2
30
27
-8
4
-16
-36
-32
-32
-27
-63
-62
-43
-35
-31
-51
-56
-32
-85
-48
-56
-88
-50
-22
-27
-38
-47
-70
-59
-57
-51
-54
-26
-5
-7
-28
-56
-36
-39
7
-4
-19
-33
-36
-44
-59
-35
-26
7
-6
-25
-34
-49
9
10
-6
7
-7
-23
-53
-29
-18
-15
-31
-43
-43
-32
-53
-35
-7
-45
-34
-52
-74
-22
-32
-16
-14
-9
2
-20
-31
-47
-17
-34
-75
-53
-68
-59
-49
-82
-65
-61
-69
-94
-36
-52
-38
-41
-46
-34
-5
-21
-28
-19
-36
-56
-70
-10
-22
-29
-3
-52
-12
-45
-3
-25
-57
-30
-44
4
3
-41
-19
7
-15
20
-3
33
-15
16
-36
-30
-6
-19
12
-44
-11
-33
-21
-67
-56
-20
-19
0
-24
-27
-51
-54
4
16
-22
-13
13
-3
2
-47
-54
-6
8
-23
-36
-25
-43
-36
-60
-38
-3
-16
-52
-32
-50
-74
-46
-71
-86
-55
-37
-35
-31
-40
-65
-39
-83
-79
-70
-84
-59
-74
-68
-57
-29
-54
-71
-52
-53
-29
-35
-42
-25
-8
-50
-69
-12
5
-1
-27
-4
-13
-30
-40
-52
-41
-54
-77
-38
-63
-57
-17
-110
-102
-81
-99
-73
-64
-72
-79
-86
-101
-130
-95
-112
-114
-118
-102
-150
-154
-139
-144
-119
-129
-147
-160
-167
-163
-96
-77
-90
-109
-70
-63
-84
-64
-55
-76
-59
-102
-76
-53
-90
-94
-66
-82
-94
-74
-131
-99
-123
-130
-54
-97
-96
-142
-126
-137
-99
-72
-114
-84
-115
-153
-108
-141
-132
-82
-120
-114
-97
-120
-138
-82
-91
-131
-117
-97
-97
-100
-150
-147
-119
-108
-114
-89
-76
-66
-80
-55
-67
-93
-77
-116
-88
-137
-152
-115
-83
-101
-102
-41
-104
-81
-70
-102
-76
-61
-105
-79
-94
-113
-67
-57
-91
-81
-95
-97
-75
-101
-65
-133
-103
-92
-100
-123
-114
-69
-118
-111
-124
-122
-89
-117
-151
-191
-186
-207
-188
-200
-197
-152
-149
-128
-147
-159
-167
-163
-161
-176
-179
-138
-133
-135
-164
-193
-136
-174
-150
-159
-180
-196
-227
-177
-176
-170
-146
-127
-186
-184
-184
-165
-160
-164
-160
-153
-171
-181
-184
-210
-182
-190
-161
-177
-154
-160
-185
-156
-126
-155
-175
-166
-175
-176
-191
-156
-131
-128
-153
-124
-131
-122
-79
-68
-114
-83
-44
-66
-100
-68
-49
-57
-88
-71
-63
-72
-35
-27
10
1
26
0
-23
-18
-2
16
2
12
-28
-49
-80
-69
-24
-62
-43
-43
-70
-75
-48
-39
-46
-64
-33
-24
-5
-26
-7
10
-32
-38
-74
-19
-65
-31
-55
-41
-16
-37
-10
-48
-26
-12
-6
-10
18
9
-21
-12
-36
-28
-64
-50
-9
-15
-30
-30
-52
-90
-87
-128
-92
-49
-85
-112
-87
-106
-78
-89
-66
-58
-91
-58
-63
-78
-125
-96
-109
-135
-130
-121
-101
-87
-119
-131
-121
-126
-86
-62
-84
-107
-103
-71
-120
-127
-133
-116
-111
-119
-75
-52
-87
-91
-55
-59
-94
-68
-94
-82
-110
-136
-107
-107
-93
-122
-48
-71
-81
-96
-69
-62
-72
-58
-34
-58
-94
-52
-69
-46
-64
-29
-76
-66
-71
-81
-28
-58
-53
-48
-30
-14
3
-22
-12
-30
-19
25
-3
23
35
-18
11
11
-18
-4
31
15
17
-6
-15
8
20
-13
-5
0
-26
-12
-24
-10
-2
25
-20
7
16
-5
-33
-7
-1
-36
-16
3
0
-5
-11
-2
-2
2
-32
9
-17
-48
-20
-13
-23
-42
-41
-64
-35
-85
-60
-76
-60
-61
-55
-34
-63
-56
-86
-95
-64
-81
-46
-83
-95
-94
-91
-84
-101
-89
-98
-93
-70
-94
-106
-99
-115
-106
-94
-76
-121
-91
-94
-130
-126
-128
-81
-100
-111
-98
-123
-135
-155
-172
-119
-129
-148
-148
-145
-148
-130
-121
-147
-129
-176
-185
-171
-163
-181
-181
-152
-176
-140
-144
-159
-143
-163
-142
-167
-158
-88
-94
-102
-100
-125
-148
-103
-115
-105
-97
-126
-146
-113
-107
-119
-97
-116
-108
-101
-131
-121
-93
-132
-121
-111
-147
-134
-101
-152
-141
-108
-108
-124
-141
-125
-111
-117
-146
-145
-118
-137
-114
-156
-139
-121
-112
-97
-119
-113
-80
-65
-47
-52
-72
-82
-70
-50
-75
-68
-69
-86
-42
-49
-79
-72
-33
-92
-104
-56
-68
-69
-73
-76
-68
-87
-90
-70
-60
-38
-44
-61
-79
-53
-50
-47
-25
-5
-27
-7
27
8
-7
-8
18
-24
-56
-12
-19
-41
-34
-26
18
14
35
13
21
10
21
27
8
41
1
13
27
46
11
-32
25
9
0
29
-11
1
-10
-7
0
-25
-26
-20
-58
-32
-62
-36
-8
-34
-46
-44
-23
-59
-1
-7
-14
-32
-30
-52
-78
-44
-30
-56
-62
-60
-67
-62
-98
-105
-89
-115
-121
-112
-107
-96
-97
-46
-36
-78
-47
-33
-39
-22
-48
-71
-65
-53
-61
-55
-80
-25
-55
-40
-26
-8
-13
-62
-32
-49
-54
-51
-90
-32
-57
-57
8
-26
-55
-31
-81
-51
15
11
-3
-40
-21
-34
-39
-12
-29
-9
-36
-31
16
-23
-7
-24
7
32
6
11
16
-28
-23
-9
9
1
-18
2
0
9
6
13
-21
-8
14
-27
22
21
67
42
29
63
71
54
39
56
76
28
35
14
23
83
54
47
28
14
19
-15
-37
-9
17
16
-17
6
-8
4
-29
-43
-27
-26
-23
-13
-33
-12
10
19
-2
-17
9
-57
-21
-31
-22
-1
-10
17
-12
-13
20
15
-8
23
-30
9
31
3
20
-4
23
8
-6
-22
7
-1
-30
14
-16
-49
11
14
48
14
31
27
27
39
32
31
4
4
6
30
33
48
39
55
31
13
50
61
60
21
43
45
38
56
-2
-29
42
45
48
16
80
52
18
47
1
33
14
51
53
66
60
56
46
79
38
37
53
66
98
82
88
101
129
130
126
87
73
34
43
64
96
88
42
64
64
83
57
25
38
5
-26
-13
34
38
36
37
-7
27
50
46
34
45
16
42
77
55
56
7
8
32
32
45
17
29
68
46
23
4
30
67
42
-30
-18
37
34
58
56
2
35
84
31
42
55
21
35
26
36
41
13
-17
24
38
12
40
-6
-21
-5
33
52
20
11
6
29
40
43
22
18
35
23
27
21
16
26
19
64
78
30
21
32
29
-12
11
48
47
57
6
34
38
64
28
21
-7
2
-9
1
20
29
26
40
48
39
66
24
66
57
56
3
1
53
38
10
32
34
25
41
45
65
71
70
106
107
108
112
87
76
106
98
84
133
66
76
59
74
102
80
49
75
107
50
59
69
66
67
101
81
69
23
73
58
44
41
44
79
37
27
39
31
49
53
27
57
73
69
58
28
86
81
48
54
44
57
61
38
39
37
8
1
-6
9
-7
30
-3
-16
-20
-64
-75
-54
-18
-15
-37
-22
-36
-35
-41
-51
-55
-62
-69
-59
-47
-85
-64
-106
-97
-20
-55
-14
-40
-43
-24
-56
-23
-17
-39
-58
-43
-64
-53
-15
-14
-10
-32
-29
1
7
-14
-34
-27
-14
14
-5
-11
2
20
13
-12
-2
18
11
2
-13
6
41
40
8
-16
-8
8
27
9
22
20
32
23
-6
22
58
36
49
52
13
3
-3
36
56
47
-26
23
41
26
36
15
15
18
38
5
49
22
37
38
27
65
69
-1
3
65
18
15
9
70
54
24
49
26
52
74
67
58
37
51
28
27
41
46
47
28
14
27
74
45
75
71
77
62
92
71
53
84
59
36
34
106
65
89
100
54
48
72
88
71
54
85
57
45
73
37
94
68
37
86
68
41
75
58
20
30
16
60
19
21
59
63
69
60
54
64
63
44
47
68
70
103
99
61
78
47
56
87
64
104
108
82
87
106
105
66
71
44
41
62
47
66
58
119
123
84
103
117
149
151
164
145
145
163
144
122
115
135
95
99
134
149
100
130
138
91
128
148
166
171
118
137
174
119
112
140
69
77
81
88
142
120
122
94
104
96
63
39
58
62
34
21
43
53
21
56
49
53
88
81
54
97
70
64
110
87
115
83
68
81
131
125
116
115
102
143
148
155
126
106
85
111
116
93
98
61
130
152
80
113
110
104
91
104
86
104
102
79
61
64
95
72
88
90
129
84
73
56
76
70
20
68
51
57
83
70
109
126
86
104
72
48
86
106
98
57
68
58
41
23
46
115
92
60
103
106
84
88
118
92
108
48
29
64
50
73
84
111
59
84
104
46
65
91
81
104
105
60
62
23
29
49
32
76
65
46
48
34
53
32
47
36
48
50
33
32
54
66
58
55
94
103
18
25
34
72
73
100
103
96
110
87
84
103
107
106
102
99
101
145
139
71
85
82
91
74
69
65
61
59
29
58
55
47
51
26
60
50
38
66
73
54
7
37
44
33
18
65
60
49
50
14
19
-1
-31
2
43
35
12
-12
9
19
-20
-14
-12
-16
-35
-40
-16
-8
9
1
3
-20
-25
10
4
-33
-29
-37
-24
27
-13
-8
-30
-44
-35
19
13
-9
-2
-19
-4
33
37
12
7
30
27
42
6
21
44
35
47
59
59
50
43
47
59
62
54
36
48
46
49
31
51
41
47
42
16
103
112
71
121
129
122
116
97
135
136
106
81
137
144
141
132
116
137
85
84
106
103
97
111
101
105
81
108
111
106
109
91
110
149
164
123
134
100
93
95
133
148
106
112
127
151
184
170
143
176
140
137
168
123
122
133
104
151
184
115
115
131
112
129
165
138
157
131
158
183
99
122
108
139
136
163
142
131
164
188
161
152
157
153
161
141
128
131
167
144
173
158
189
208
178
157
133
174
195
166
193
160
130
134
150
138
138
160
147
166
142
138
139
148
140
143
138
174
149
134
189
189
123
105
142
160
129
173
166
147
155
198
185
176
154
175
229
185
184
125
225
209
175
217
180
215
156
178
183
157
171
156
145
145
144
145
162
156
168
173
169
167
164
142
149
154
201
210
162
189
199
217
192
213
242
245
222
180
217
184
212
202
160
189
184
191
215
164
156
211
194
168
165
186
141
116
168
132
157
157
136
181
190
146
173
196
163
153
158
175
173
154
152
167
176
194
187
172
171
157
181
176
145
161
149
166
173
215
192
164
182
183
192
149
159
183
205
182
195
204
174
186
178
172
142
140
94
110
109
36
101
73
99
85
99
88
80
117
84
73
85
42
107
88
77
86
39
85
74
56
57
87
58
64
92
67
73
91
70
99
136
90
98
112
94
127
129
104
97
100
105
129
112
123
92
108
164
140
142
136
141
164
160
144
157
113
113
149
182
175
134
149
144
130
103
113
98
79
48
67
104
117
137
111
90
112
124
102
111
112
122
140
118
99
96
116
122
111
118
62
103
142
121
135
125
145
145
133
147
103
108
109
85
90
105
108
131
118
100
128
107
120
102
52
52
58
69
39
20
16
22
10
23
58
2
-2
26
-4
-3
-9
20
32
22
36
-2
0
30
37
40
38
10
19
37
15
17
21
49
50
-6
20
-23
-25
-42
0
19
-7
14
11
-2
-5
42
35
44
24
34
32
49
36
21
24
20
48
18
47
11
2
-4
22
69
24
8
10
68
48
19
52
69
55
44
-1
27
37
56
70
45
10
22
40
36
85
7
39
43
20
70
-2
44
10
4
48
32
10
57
46
36
52
22
14
42
32
4
37
20
33
62
50
55
57
6
25
-1
-38
-3
-54
-36
26
-7
-23
-5
6
-9
24
11
6
33
-12
43
14
20
26
45
30
34
13
-2
-4
-3
-17
4
7
21
9
-9
36
-2
20
22
-13
20
10
-2
-15
-16
20
9
18
15
10
19
-1
5
-39
-34
-41
-48
-35
-75
-46
-87
-47
3
-73
-45
-46
-42
-44
-69
-28
-17
24
4
4
-17
-19
10
-24
-40
-9
-25
-44
-34
-30
-34
-44
-34
-14
-3
-40
-18
-11
-13
8
22
11
27
-8
-34
-2
-54
-11
-7
-7
-17
7
-7
26
79
51
58
54
17
0
31
-18
-13
-21
-16
10
14
-9
-33
-38
-26
-10
-20
-2
-23
-19
-12
-33
-2
-40
-11
0
4
-20
8
3
-10
-6
-36
38
21
5
-35
-27
-63
-41
-15
-34
-32
-41
-17
-48
-17
-13
-79
-66
-7
-9
-52
-38
-17
-27
-10
-52
-19
-23
-57
-18
-35
-35
-37
-11
-49
-32
-51
-44
-45
-47
-48
-57
-71
-32
-39
-55
-17
-40
-20
-24
-52
-71
-51
-63
-44
-61
-44
-38
-74
-60
-94
-71
-99
-122
-127
-123
-114
-119
-74
-113
-116
-131
-117
-109
-111
-134
-122
-101
-133
-75
-90
-92
-81
-70
-81
-57
-89
-74
-62
-70
-44
-64
-71
-76
-64
-74
-99
-39
-75
-91
-105
-67
-76
-80
-112
-87
-87
-141
-135
-130
-67
-120
-115
-107
-59
-112
-97
-90
-97
-71
-86
-72
-62
-68
-75
-86
-94
-85
-97
-60
-44
-83
-59
-69
-62
-46
-1
-30
-24
-15
-2
-28
-43
-25
-2
-20
-12
2
-37
3
-28
-7
12
24
16
-1
-9
-40
-53
-27
-17
-74
-56
-73
-115
-91
-128
-124
-77
-82
-69
-36
-39
-48
-20
-15
-9
-65
-32
-38
-53
-42
-70
-79
-98
-99
-95
-31
-102
-103
-51
-96
-105
-124
-151
-145
-130
-111
-136
-147
-155
-166
-128
-163
-156
-141
-172
-172
-136
-193
-193
-170
-183
-137
-176
-142
-179
-179
-170
-191
-144
-156
-192
-198
-172
-177
-186
-147
-164
-126
-192
-150
-169
-179
-148
-154
-127
-161
-111
-99
-154
-99
-88
-152
-166
-176
-168
-154
-128
-118
-137
-170
-153
-152
-195
-186
-191
-152
-173
-173
-137
-146
-167
-158
-150
-169
-137
-114
-113
-85
-57
-67
-73
-95
-62
-108
-118
-50
-89
-71
-50
-70
-34
-43
11
-11
17
-25
-30
-22
-18
8
-25
-18
-36
-43
-9
-13
-5
14
19
5
37
51
-46
-13
-9
-18
-15
-22
-18
-55
4
-1
-30
-43
-18
-20
-49
-49
-50
-60
-78
-46
-93
-91
-88
-63
-54
-72
-29
-30
-53
-51
-15
-42
-73
-58
-40
-46
-74
-78
-97
-79
-86
-94
-79
-102
-83
-115
-155
-152
-144
-90
-133
-151
-140
-129
-140
-146
-110
-101
-174
-140
-125
-123
-98
-170
-162
-108
-110
-107
-100
-107
-106
-125
-132
-140
-128
-155
-130
-103
-108
-122
-102
-75
-90
-75
-108
-98
-82
-93
-89
-68
-92
-129
-128
-97
-139
-115
-129
-146
-55
-18
-53
-80
-115
-78
-42
-65
-12
-36
-75
-38
-40
-53
-53
-68
-41
-39
-64
-54
-61
-82
-60
-52
-51
-65
-36
-45
-57
-32
-34
-25
-69
-57
-82
-49
-81
-103
-85
-87
-52
-42
-47
-55
1
-46
-90
-77
-86
-93
-74
-35
-61
-107
-83
-104
-137
-145
-114
-161
-107
-87
-97
-95
-110
-113
-135
-110
-178
-126
-113
-94
-86
-55
-32
-53
-54
-71
-67
-78
-57
-46
-82
-94
-43
-32
-38
-45
-59
-84
-57
-83
-68
-73
-28
-41
-71
-25
-57
19
-14
-20
-18
-36
14
-25
-1
-43
-2
-2
-43
18
-1
-2
-43
-60
-44
-28
-18
-34
-57
-45
-49
-71
-44
-10
5
-37
-59
-13
-6
-36
-46
-51
-39
21
-38
-47
-29
-25
27
-37
-33
23
-11
-43
-35
-7
6
-23
-12
-14
13
-17
17
43
-13
-36
-38
-20
-34
-46
-45
-50
-23
-13
-44
-30
-39
-55
-74
-60
-85
-60
-91
-103
-72
-95
-61
-54
-108
-70
-86
-115
-113
-129
-102
-120
-100
-103
-102
-130
-118
-132
-115
-100
-123
-103
-89
-97
-99
-111
-119
-100
-120
-139
-129
-115
-118
-106
-112
-114
-143
-164
-136
-134
-154
-128
-89
-100
-117
-127
-102
-132
-129
-96
-140
-152
-161
-147
-108
-79
-99
-116
-97
-108
-116
-114
-131
-83
-102
-98
-69
-121
-133
-132
-148
-152
-140
-117
-124
-167
-154
-138
-181
-178
-149
-182
-113
-83
-109
-158
-165
-173
-157
-155
-168
-194
-220
-240
-236
-185
-163
-175
-173
-160
-174
-149
-174
-149
-139
-166
-157
-136
-158
-149
-143
-139
-128
-108
-94
-130
-112
-111
-117
-128
-133
-97
-75
-59
-94
-65
-73
-59
-88
-84
-67
-28
-41
-61
-81
-53
-35
-72
-15
-48
-60
-71
-61
-55
-50
-48
-54
-101
-90
-61
-87
-82
-80
-72
-67
-61
-105
-105
-54
-75
-81
-83
-85
-128
-107
-84
-92
-88
-151
-110
-105
-110
-115
-124
-87
-68
-88
-106
-118
-92
-107
-143
-129
-119
-163
-140
-147
-134
-160
-148
-53
-88
-113
-137
-118
-120
-190
-173
-196
-129
-173
-168
-163
-205
-165
-175
-176
-191
-194
-164
-150
-181
-200
-181
-151
-157
-167
-182
-153
-180
-196
-174
-162
-165
-164
-177
-161
-173
-154
-104
-109
-106
-112
-127
-129
-126
-115
-115
-136
-143
-147
-129
-125
-144
-142
-124
-114
-118
-142
-149
-114
-61
-85
-68
-82
-96
-82
-99
-118
-98
-128
-131
-84
-90
-85
-96
-128
-91
-79
-104
-68
-75
-96
-82
-81
-92
-63
-73
-72
-64
-70
-88
-68
-91
-53
-27
-10
-18
-34
7
12
-10
-29
-45
-38
-22
-56
-17
-25
16
-4
-28
-5
-13
-37
18
24
39
17
-35
16
26
-1
-2
-11
-22
-61
-32
0
-7
-27
-26
-50
-37
3
5
-23
-8
-40
-11
-22
-38
-21
-38
-24
-45
-1
-52
-51
-24
-29
-41
-24
-44
-29
1
14
-38
-45
6
-24
-31
-63
-32
-31
-56
-26
-10
-17
-21
-9
23
-5
-14
-18
-36
-12
-34
12
-4
-15
5
-24
10
18
13
-8
5
-27
-7
-46
-68
-12
6
-26
-21
-14
-43
-56
-14
-3
-29
-21
-16
-40
-45
-57
-70
-57
-41
-24
-32
-47
-76
-77
-59
-56
-85
-79
-60
-23
-60
-35
-39
-20
-39
-30
-47
-32
-9
-31
-30
-3
43
10
29
-2
-24
-9
16
-16
-49
7
4
-9
-2
-23
-19
-4
15
45
37
20
44
43
28
29
78
52
39
7
15
32
-20
7
-16
-2
0
-48
-49
-30
-43
-16
-22
-65
-109
-50
-79
-56
-31
-71
-92
-97
-85
-83
-84
-91
-52
-50
-35
-70
-62
-55
-33
-19
-51
-50
-36
-15
-28
-34
-21
-53
-16
-27
-60
-20
-35
-16
-34
-82
-28
-47
-52
-24
-56
-38
-41
-1
-20
-49
-53
-49
-19
-23
-25
-27
2
7
-11
4
-21
-33
7
-30
33
-6
-18
26
16
44
3
-4
-13
-17
-1
-20
13
24
-11
25
51
39
60
29
29
41
24
66
25
20
-11
-4
18
33
33
53
74
52
47
82
81
100
112
100
67
91
92
64
89
53
59
110
102
116
85
91
90
86
101
97
97
67
129
85
106
124
132
100
88
66
65
79
59
68
89
79
31
27
40
64
84
44
55
82
77
85
33
51
37
1
21
29
50
17
36
37
24
33
3
-8
6
-7
5
55
12
-2
12
33
15
15
45
40
35
44
-16
-11
-6
-31
9
-38
-3
-41
4
16
32
-27
-66
14
-24
-4
-18
-33
-26
-44
-36
-40
-39
-63
-80
-54
-33
-47
-25
-14
-11
-18
17
33
9
25
43
31
20
59
39
29
29
38
6
26
58
3
14
0
-20
-30
5
-13
10
5
2
-4
15
65
54
32
44
66
63
71
82
78
13
58
54
59
79
73
67
90
75
43
58
73
98
91
73
59
65
82
80
94
91
67
47
105
85
49
76
80
57
62
71
77
120
100
69
105
106
125
142
108
104
133
167
210
139
140
157
106
105
85
106
98
120
141
74
102
141
122
131
93
80
93
105
117
70
88
79
58
99
99
72
34
72
15
45
61
21
65
64
48
24
52
3
12
51
6
38
3
18
18
-17
-2
-13
28
26
10
3
48
44
31
18
-13
21
13
10
52
48
28
43
30
57
30
-1
12
43
82
41
17
3
12
-14
34
50
52
65
32
26
-16
60
47
69
82
59
107
99
97
93
121
103
121
117
133
150
133
120
101
126
104
73
111
88
72
87
100
130
92
112
147
158
144
119
124
156
134
117
147
154
166
134
130
104
75
163
147
125
134
155
102
90
126
100
96
62
118
119
100
111
75
51
88
58
43
86
84
122
103
81
53
29
45
89
83
86
61
72
112
95
84
71
97
66
43
5
15
30
-5
0
57
23
16
65
42
8
40
31
45
-12
-3
14
-2
5
-19
-26
-27
-16
-44
-30
-40
-3
-11
-55
-30
5
12
-7
7
-17
3
23
-6
32
35
38
40
33
24
-9
4
0
2
14
23
14
-15
29
14
10
11
29
-5
16
35
18
7
22
48
32
39
60
76
86
59
78
100
81
69
49
51
72
71
87
96
36
40
52
61
60
67
74
63
37
80
65
54
55
90
149
96
79
104
121
105
118
122
136
128
129
93
70
91
93
105
80
142
71
77
117
58
98
68
105
65
60
74
53
71
58
34
70
63
44
61
32
47
74
57
31
48
44
56
50
69
74
84
29
61
51
19
45
38
26
1
28
-3
21
-17
-29
24
-13
19
-8
18
8
44
3
-12
-46
-66
-13
-40
-9
-12
-29
9
39
17
29
13
23
60
39
44
34
7
-18
1
33
53
45
32
79
54
58
12
30
45
39
43
50
78
57
25
35
36
-22
10
0
-17
-8
-15
-30
-61
-44
-35
-51
-31
-4
-48
-2
-45
-66
-47
-40
-45
-61
-89
-69
-40
-62
-80
-74
-90
-73
-6
-55
-46
-54
-39
-48
-41
-51
-38
-43
-57
-23
-46
-86
-74
-20
-48
-53
-34
-86
-85
-68
-49
-61
-46
-53
-61
-53
-75
-60
-58
-48
-59
-28
-35
-50
-36
-33
-22
-54
-38
-27
-27
-73
-8
-45
-27
20
-12
-3
-49
-28
-39
-36
-41
-42
-55
-28
-57
-43
-40
-60
-20
-40
-64
-80
-22
-16
-54
-81
-61
-75
-99
-78
-84
-109
-103
-47
-52
-35
-49
-112
-75
-58
-78
-4
-83
-51
-69
-119
-106
-113
-51
-123
-73
-57
-82
-70
-67
-65
-44
-64
-39
-46
-61
-51
-49
-30
-61
-72
-28
-56
-76
-48
-46
-55
-27
-13
-58
-52
-43
-17
-34
-40
-37
-28
-14
-9
-4
-35
-34
-63
-64
-45
-11
-10
-32
-48
-45
-18
-37
11
6
-29
-17
-13
-24
-18
-63
-69
-38
-61
-33
-25
-41
-31
13
13
7
-18
-47
-14
-31
-19
-31
-63
-94
-106
-79
-51
-9
-18
-51
-65
-67
-72
-45
8
-7
-30
-12
6
-39
-7
-31
-63
-17
-30
-30
-23
-9
-16
8
-8
9
-33
-11
-26
-41
32
-15
-18
6
-10
27
70
62
36
8
7
9
9
6
12
-5
-13
7
-28
-16
2
3
-5
22
15
-3
-6
3
13
-24
-50
0
8
-19
6
5
6
-11
15
48
25
1
33
-7
38
55
63
88
75
70
36
49
38
33
49
71
76
48
38
54
47
50
59
93
62
72
93
86
98
95
88
107
88
44
40
66
91
92
64
99
77
88
77
74
66
92
52
30
75
66
107
48
37
52
43
66
62
50
42
71
64
63
70
106
78
85
104
54
74
52
59
97
68
71
87
81
128
118
128
121
98
66
70
81
36
70
57
79
88
33
80
75
49
22
27
8
35
44
59
40
25
70
23
16
39
61
24
22
-3
25
35
2
8
23
-4
6
-18
-15
-16
-25
-58
-101
-41
-62
-64
-77
-64
-72
-70
-44
-80
-37
-9
-52
-76
-45
-55
-79
-84
-28
-28
-29
-28
-23
-53
-42
-13
-27
-34
-84
-66
-53
-64
-72
-68
-46
-10
-57
-41
-51
-89
-77
-69
-57
-94
-78
-37
-49
-54
-59
-67
-16
-62
-51
-67
-97
-124
-84
-75
-85
-66
-61
-87
-66
-75
-62
-40
-53
-62
-88
-70
-107
-130
-106
-72
-125
-102
-97
-79
-112
-93
-104
-114
-75
-118
-70
-77
-85
-110
-77
-76
-86
-49
-80
-76
-91
-114
-103
-111
-73
-90
-60
-16
-32
-27
-88
-77
-42
-52
-61
-45
6
-56
-87
-25
-75
-50
-37
-99
-56
-19
-7
-56
-23
-64
-78
-40
-40
-23
-5
9
-16
13
-42
-21
-3
-16
4
-10
7
19
27
-37
-45
-13
-28
-18
-48
-35
-10
-22
30
23
12
-39
-10
-2
1
3
2
27
-12
24
-7
5
45
34
7
23
-24
1
11
15
-18
-19
34
-1
10
49
10
-17
5
10
15
-18
-37
-61
-16
-38
-25
29
24
-39
14
18
-8
28
-12
12
-53
2
-50
-28
-6
-38
-34
-100
-56
-54
-73
-84
-77
-58
-45
-50
-65
-26
-57
-48
-39
-74
-25
-87
-65
-24
-59
-22
-1
-12
-37
-44
-81
-57
-70
-70
-48
-73
-35
-62
-64
-72
-82
-133
-95
-77
-89
-50
-87
-67
-81
-72
-46
-57
-94
-40
-7
-30
-53
-48
-44
-15
-26
-64
-22
-16
-24
-46
-35
-21
-47
-34
1
-15
-39
-58
-20
-29
-61
-41
-19
-23
-52
-30
-30
-43
-59
-33
-24
-77
-29
-8
-78
-49
-22
-35
-22
-35
-41
-72
-29
-42
-2
31
15
32
14
3
-8
2
2
-16
-27
-3
-19
-7
9
-38
-54
-26
-1
10
2
-24
-19
-23
-45
-11
-3
-12
-29
-20
-34
-59
-30
-20
-46
-15
-16
-10
-35
-41
-53
-78
-62
-68
15
-9
-42
-20
-38
-41
-23
-41
-37
-17
-8
-38
-64
-37
-32
-51
-38
-75
-88
-39
-45
-48
-26
-34
-51
-30
-60
-34
-53
-44
-51
-48
-3
-24
-6
-35
-36
-19
-29
-26
-31
-15
-11
-49
-39
-6
-30
-27
-18
-66
-51
-44
-39
-16
-22
-30
0
-40
-65
-43
-33
-19
-15
-25
-43
-47
-58
-27
-28
-36
-46
-56
6
-28
-42
3
7
4
24
20
23
33
34
33
-5
-19
-20
-18
-27
-40
-26
-39
-6
-4
17
-13
-12
-12
-65
-45
-39
-45
-62
-78
-88
-87
-129
-126
-97
-35
-56
-32
-37
-40
12
-25
18
-14
-4
-22
-48
-12
16
33
31
-24
-73
-50
-76
-71
-71
-51
-80
-51
-68
-76
-49
-47
-60
-50
-67
-31
-64
-127
-20
-65
-90
-82
-80
-67
-88
-66
-62
-126
-80
-71
-27
-40
-31
-84
-91
-72
-114
-83
-107
-34
-87
-93
-59
-91
-34
-45
-44
-12
-40
-16
-19
-47
-49
-27
1
14
-36
-7
-13
-26
-33
-51
-28
-17
-40
-74
-33
-47
-41
-25
-65
-84
-37
-26
-28
-40
-24
-71
-45
-32
-19
-54
-52
-58
-32
-50
-82
-69
-81
-56
-93
-96
-95
-100
-111
-79
-149
-112
-80
-116
-83
-105
-128
-100
-112
-102
-124
-160
-206
-229
-174
-190
-195
-228
-248
-315
-334
-324
-380
-422
-437
-509
-567
-605
-749
-800
-1420
-2151
-2507
-3030
-4082
-5902
-7448
-8399
-9286
-10514
-11816
-12688
-12662
-12054
-11516
-10790
-9683
-8088
-6316
-4673
-3037
-1389
64
1105
2012
2981
3944
4781
5217
5639
6569
7750
8858
9573
10465
11645
13058
14265
14972
15694
16383
16771
16305
15120
13670
11996
9669
6591
3260
292
-2408
-5188
-7925
-10211
-11482
-12034
-12561
-12793
-12432
-11471
-10302
-9439
-8504
-7328
-6160
-5120
-4317
-3362
-2176
-917
258
1462
3006
4767
6611
8053
9318
10614
11718
12355
12297
11770
10951
9749
8035
5877
3626
1487
-677
-2824
-4819
-6373
-7428
-8247
-8890
-9204
-9128
-8874
-8554
-8362
-8046
-7567
-7206
-6868
-6552
-6163
-5486
-4709
-3944
-2940
-1770
-382
948
2107
3293
4383
5170
5572
5527
5253
4723
3761
2505
1088
-322
-1636
-2977
-4158
-5211
-5911
-6232
-6482
-6480
-6338
-5945
-5594
-5219
-4782
-4427
-3963
-3655
-3365
-2972
-2508
-1959
-1385
-590
197
1165
2233
3054
4055
4916
5652
6204
6225
6052
5956
5443
4766
3929
2800
2255
1516
821
452
-103
-78
90
-41
263
632
822
1233
1194
1273
1617
1457
1448
1455
1440
1964
2331
2619
3330
4095
5115
5997
6297
6598
6854
6854
6440
5396
4208
3009
1585
86
-1415
-2785
-3727
-4648
-5287
-5513
-5518
-5223
-4994
-4773
-4264
-3637
-3276
-3028
-3013
-2854
-2488
-2366
-2217
-2085
-1780
-1161
-655
-17
686
1399
2159
2740
3116
3353
3381
2960
2385
1533
532
-505
-1802
-3087
-4265
-5235
-6139
-6936
-7549
-7996
-8244
-8528
-8605
-8589
-8524
-8392
-8291
-8079
-7783
-7282
-6799
-6116
-5270
-4319
-3053
-1791
-446
1064
2655
4218
5636
6955
8177
9209
10105
10832
11438
11988
12420
12794
13129
13547
14007
14611
15131
15741
16530
16725
16679
16008
14949
13613
10864
7575
4075
320
-3005
-7057
-11173
-13795
-15701
-16919
-17671
-18027
-16616
-14604
-12879
-10699
-8520
-5869
-3515
-2182
-816
782
1980
2653
3022
3671
4858
5989
6799
7854
9125
10605
11984
12600
13159
13320
12851
11978
10321
8270
5931
3174
338
-2507
-5178
-7277
-9056
-10420
-11248
-11554
-11156
-10325
-9546
-8667
-7516
-6151
-4980
-4229
-3591
-2838
-2056
-1491
-924
-236
810
1953
3000
4290
5709
7185
8297
8994
9098
8022
6050
3647
1383
-1450
-5228
-9405
-12890
-15027
-16462
-17796
-18711
-18572
-17139
-15048
-13037
-11085
-9189
-7494
-6095
-5128
-4433
-4118
-4246
-4558
-4655
-4087
-2976
-1853
-700
966
3554
6410
8909
10829
12280
13768
14864
15195
14803
13858
12671
11443
10149
9049
8138
7575
7314
7469
8348
9428
10151
10479
10419
10226
9648
8015
5715
2849
-167
-3099
-6060
-8800
-10930
-12454
-13334
-13325
-12413
-10791
-8969
-7098
-4940
-2738
-624
957
1822
2349
2649
2705
2574
2286
1875
1831
2080
2687
3579
4593
5782
6950
7923
8794
9293
9171
8398
6993
5218
3166
773
-1922
-4604
-7070
-9029
-10517
-11650
-12237
-12376
-11960
-11138
-10148
-9067
-8063
-7165
-6536
-6019
-5732
-5667
-5773
-6042
-6216
-6215
-5986
-5720
-5275
-4605
-3683
-2666
-1682
-946
-482
-274
-285
-580
-1180
-2139
-3368
-4461
-5490
-6121
-6405
-6400
-5847
-4765
-3209
-1157
984
3196
5425
7605
9645
11545
13007
14099
14997
15663
16300
16752
17234
17697
18367
19157
19947
20453
20620
19829
17978
15847
13416
10556
6299
617
-4410
-8327
-11767
-15460
-19470
-21687
-21754
-21292
-20645
-19410
-16986
-13753
-11286
-9068
-6148
-3195
-1194
-374
361
2174
3963
4755
4981
5742
7651
9815
11262
12390
13894
15383
16446
16729
16420
15729
14147
11728
8867
5877
2820
-584
-4225
-7414
-9881
-11445
-12515
-13316
-13739
-13444
-12266
-10792
-9439
-8542
-7539
-6205
-5013
-4251
-4131
-4528
-4733
-4454
-4106
-3967
-4345
-4416
-3592
-2604
-1570
-890
-665
-124
350
483
273
-610
-1784
-3131
-4698
-5990
-7451
-9202
-10594
-11621
-11944
-11715
-11338
-10738
-9764
-8171
-6049
-3806
-1879
-48
1892
3957
5843
7399
8664
9798
10900
12081
13300
14446
15684
16750
17952
19392
20805
22325
23445
24538
25284
25288
24165
21179
17942
14569
10774
5884
-1006
-7064
-11042
-14504
-18013
-21964
-24132
-23190
-22017
-21295
-19860
-17228
-13464
-11077
-9811
-7290
-4282
-2277
-1930
-1837
-56
2474
3895
4242
5488
8183
11353
13586
14831
16804
18686
19766
19761
18778
17888
16112
12909
9265
5657
2508
-880
-4810
-8260
-10640
-11912
-12597
-13345
-13791
-13498
-12447
-11099
-10038
-9394
-8872
-7982
-7089
-6561
-6581
-6800
-6641
-6468
-5953
-5430
-5197
-4442
-3708
-2612
-1206
-548
152
484
416
670
120
-836
-2037
-3845
-5329
-6603
-7988
-9427
-10804
-11640
-11581
-11176
-10652
-9606
-8339
-6688
-4483
-2335
-184
1928
3800
5925
7771
9410
11063
12238
13477
14841
16104
17620
18930
20051
21423
22896
24446
26004
26940
27267
26583
23791
20842
17841
14110
9273
1885
-4980
-9376
-13203
-17251
-22097
-25611
-25340
-24252
-23747
-22704
-20641
-16909
-13868
-12352
-9688
-6369
-3961
-3241
-3256
-1447
1572
3239
3360
4209
6970
10697
13389
14589
16539
18966
20665
21364
20707
20132
18862
15909
12367
8753
5523
2007
-2449
-6687
-9581
-11269
-12442
-13789
-14913
-14929
-13978
-12606
-11614
-11107
-10587
-9614
-8904
-9069
-9308
-9594
-9414
-9521
-10023
-9745
-8820
-7559
-6465
-5529
-3928
-1802
-192
655
1006
1429
1627
888
-562
-2249
-3895
-5638
-7389
-9118
-10328
-10884
-11010
-10708
-9831
-8285
-6235
-4123
-2181
242
2717
5016
6728
8039
9546
10839
11946
12865
13650
14784
16225
17609
19204
20894
22972
25177
27254
28551
29327
28091
25343
22746
19178
15085
8588
537
-5588
-10321
-14805
-19481
-24314
-26183
-25431
-24966
-23951
-22202
-19110
-15340
-13344
-11417
-8201
-5465
-4100
-4401
-4159
-1872
292
898
1143
2967
6305
10023
12393
14533
17602
20216
22014
22480
22313
21983
20037
16620
12839
9238
5834
1562
-3316
-7233
-9736
-11315
-12579
-13840
-14350
-13876
-12729
-11450
-10601
-10134
-9599
-9608
-10026
-10453
-10970
-11408
-12412
-13518
-13444
-12376
-11014
-9746
-8793
-6668
-3796
-1361
360
1114
1782
2301
1782
632
-1049
-3130
-5290
-7488
-9203
-10291
-10779
-10834
-10360
-9076
-6756
-3809
-1269
987
3445
6135
8594
10155
11118
12098
12941
13841
14728
15388
16444
17734
18960
20289
22319
24698
27094
28435
28356
27316
25500
23173
19791
14865
7980
918
-5172
-10324
-15084
-20266
-24630
-26474
-26430
-25385
-24063
-22192
-19125
-15897
-13111
-10216
-7391
-5130
-3936
-3757
-2908
-1076
233
817
1274
3009
6182
9353
11930
14291
16935
19560
21606
22470
22509
21677
19639
16639
13064
9413
5586
1032
-3617
-7445
-10016
-11672
-13156
-14373
-14780
-14087
-12714
-11331
-10520
-9790
-9537
-9730
-9889
-10490
-10980
-12091
-13692
-14518
-14474
-13567
-12570
-11961
-10647
-8241
-5475
-2902
-1291
-343
665
1107
829
-65
-1807
-3670
-5775
-7769
-9090
-9969
-10448
-10473
-9773
-8116
-5468
-2828
-535
1849
4310
7011
9139
10343
11284
11938
12721
13570
14051
14691
15508
16591
17995
19729
21857
24037
25961
27170
27960
27628
25748
23029
19070
14622
9230
2317
-4179
-9959
-14904
-18856
-22893
-25477
-25494
-24711
-23121
-21168
-18769
-15146
-12141
-9919
-7574
-5700
-4080
-3199
-2952
-2307
-1103
52
1117
2558
4727
7884
10942
13458
16113
18514
20524
21646
21420
20611
18881
16184
12739
8640
4557
605
-3438
-7173
-10152
-12204
-13285
-13939
-14221
-13772
-12772
-11510
-10392
-9929
-10086
-10531
-11099
-11708
-12835
-14420
-15777
-16694
-16634
-15842
-14905
-13457
-11524
-8967
-6007
-3317
-1196
267
1186
1623
1434
464
-1148
-3344
-5590
-7452
-8836
-9681
-10097
-9907
-8878
-7066
-4763
-2192
273
2660
5006
7102
8945
10332
11100
11855
12540
13375
14502
15600
17210
19156
21426
23723
26036
29044
31230
32227
32249
30541
28519
25368
20232
13685
5766
-1407
-7276
-13333
-18911
-23625
-26496
-26713
-26122
-24886
-22630
-19925
-16628
-13593
-11191
-8495
-6554
-5689
-5453
-5152
-4124
-2909
-2098
-1382
610
3668
7354
10915
13870
17216
20350
22879
24471
24669
24094
22328
19330
15671
11599
7368
2843
-1931
-6166
-9160
-11120
-12451
-13548
-14059
-13549
-12388
-11199
-10398
-9879
-9579
-9248
-9204
-9440
-9783
-10071
-10508
-11396
-11204
-10241
-8975
-7691
-7236
-5837
-3720
-1957
-596
-607
-882
-537
-1067
-2232
-3850
-5921
-7327
-9078
-10654
-11270
-11931
-12145
-11864
-11332
-9837
-7864
-6213
-4773
-3333
-1456
773
2343
3342
4515
5833
7434
8968
10310
11983
13649
15596
17880
20153
22716
24911
26494
28163
30048
31882
32335
30701
27590
24423
21188
16738
10285
2462
-4425
-9478
-13845
-18326
-22488
-25036
-25343
-24840
-23846
-22024
-19723
-17246
-15489
-13719
-11021
-8663
-7410
-7179
-6741
-4754
-2310
-436
871
2756
5984
9780
13100
15719
18234
20484
22014
22601
22408
21578
19651
16416
12603
9001
5676
2097
-2103
-5982
-8678
-10183
-11135
-12325
-13350
-13522
-12965
-12318
-11973
-11886
-11849
-11811
-11813
-11762
-11858
-12111
-12086
-12088
-11537
-10415
-9276
-8026
-6969
-5480
-3529
-2025
-1016
-416
-323
-227
-513
-1454
-2741
-4479
-5924
-7246
-8673
-9610
-10233
-10736
-10646
-9989
-8817
-7367
-6035
-4481
-2686
-814
1085
2846
4116
5444
6906
8405
9907
11161
12690
14397
16332
18496
20541
22739
25103
27364
29792
31749
32503
31877
29292
26580
23775
19361
13322
5430
-1855
-7032
-12035
-17241
-22140
-25408
-25938
-25508
-24923
-23304
-20887
-18198
-15729
-13803
-11325
-8699
-7439
-7220
-6834
-5302
-2997
-1417
-478
1324
4462
8360
11972
14651
17486
20290
22390
23597
23627
23022
21528
18604
14894
11109
7492
3704
-742
-5029
-8071
-9843
-11075
-12371
-13416
-13631
-12909
-12117
-11696
-11596
-11507
-11312
-11326
-11627
-12210
-12712
-12907
-12950
-12712
-11893
-10738
-9378
-7917
-6144
-4026
-2211
-725
180
552
824
683
-286
-1798
-3539
-5149
-6715
-8313
-9557
-10361
-10766
-10569
-9791
-8693
-7272
-5642
-4000
-2313
-488
1228
2847
3957
5032
6360
7598
8804
10059
11324
13178
15232
17265
19625
21779
24161
26614
28547
30660
32331
32367
30990
27983
24922
21912
16889
9983
2279
-4292
-8818
-13353
-18588
-22720
-24687
-24456
-23653
-23032
-21230
-18524
-16063
-14159
-12345
-9969
-7827
-7139
-7324
-6642
-4736
-2570
-1261
-286
2068
5774
9652
12856
15373
18185
20874
22508
23093
22762
21764
19805
16515
12614
9041
5592
1716
-2552
-6310
-8602
-9858
-11004
-12230
-13025
-12815
-11960
-11433
-11365
-11419
-11385
-11503
-12119
-12823
-13201
-13294
-13639
-13946
-13526
-12140
-10260
-8785
-7388
-5421
-2957
-750
503
975
1467
1666
1118
-156
-1847
-3439
-5083
-6859
-8378
-9334
-9799
-9843
-9743
-9054
-7599
-5854
-4251
-2983
-1508
255
1926
3074
3770
4617
5734
6802
7844
8985
10541
12342
14163
16288
18535
21211
23696
25809
27881
29876
31919
32333
30335
27360
24457
21555
17282
10261
2591
-3497
-8147
-12329
-17424
-21854
-23510
-23528
-23141
-22529
-21008
-18180
-15815
-14611
-12980
-10498
-8277
-7497
-7943
-7528
-5270
-2918
-1572
-621
1519
5463
9402
12372
15044
17909
20623
22337
22712
22575
21921
19984
16756
12804
9291
6158
2497
-1869
-5737
-8138
-9203
-10253
-11688
-12555
-12440
-11732
-11317
-11385
-11483
-11445
-11637
-12195
-12863
-13420
-13615
-13888
-14297
-13920
-12753
-11236
-9820
-8546
-6580
-4263
-2307
-996
-379
26
357
-47
-1234
-2763
-4310
-5803
-7503
-9085
-9983
-10448
-10648
-10419
-9754
-8410
-6778
-5249
-3884
-2430
-629
910
2086
2872
3797
5015
5998
7010
8012
9409
11143
12764
14530
16577
18743
21109
23126
24984
27064
28890
30116
29176
26628
23802
20954
17597
12076
4760
-1903
-7048
-11133
-15527
-20389
-23383
-24041
-23666
-23065
-22084
-19936
-17213
-15425
-13947
-11863
-9508
-7977
-7826
-7835
-6475
-4116
-2262
-1102
387
3319
7392
10816
13484
16156
18787
21052
22006
21996
21590
20242
17687
14143
10441
7187
3865
-119
-4201
-7264
-8873
-9866
-11093
-12281
-12667
-12181
-11591
-11397
-11446
-11511
-11434
-11934
-12855
-13314
-13585
-13736
-14271
-14563
-13514
-11813
-10074
-8598
-7040
-4637
-2001
-212
749
1249
1678
1626
563
-1009
-2603
-4375
-6229
-8126
-9576
-10193
-10454
-10522
-10264
-9256
-7449
-5730
-4457
-3309
-1831
-118
1176
1811
2302
3191
4093
5033
5935
7077
8708
10635
12496
14511
16940
19334
21769
23641
25580
27870
29559
29742
27795
24884
22121
19537
15255
8631
1520
-4238
-8210
-12282
-17074
-20956
-22633
-22667
-22311
-21789
-20287
-17962
-16081
-14938
-13411
-11235
-9173
-8628
-8991
-8213
-6046
-3613
-2110
-975
1453
5263
9157
12231
14861
17561
20005
21550
21926
21753
20980
19073
15949
12269
9086
6123
2597
-1394
-4927
-6964
-8001
-9086
-10447
-11373
-11332
-10903
-10734
-10994
-11320
-11415
-11886
-13127
-13993
-14237
-14352
-14837
-15655
-15149
-13439
-11520
-9983
-8884
-6911
-4153
-1956
-731
-281
127
523
-154
-1538
-2907
-4417
-6084
-7872
-9387
-9921
-10067
-10137
-10016
-9402
-7735
-5732
-4293
-3393
-2122
-403
1194
2143
2699
3649
4705
5750
6939
8117
9907
11759
13449
15458
17722
20370
22533
24309
26057
28021
30238
30948
29357
26656
23680
21205
17691
11740
4416
-2477
-7013
-10578
-14766
-19348
-22359
-22672
-21766
-20773
-19404
-17505
-15131
-13045
-11456
-9261
-7131
-5858
-5691
-5945
-4476
-1943
-137
913
2039
5081
9226
12578
15220
17354
19604
21561
22359
22174
21187
19519
16599
12845
9160
5835
2677
-1322
-5351
-7973
-9199
-9765
-10760
-11805
-11902
-11227
-10293
-9949
-10094
-10116
-10537
-11270
-11858
-12451
-12685
-13367
-14239
-13884
-12556
-10586
-9065
-8039
-6091
-3447
-1025
465
835
937
1016
408
-812
-2594
-4723
-6627
-8552
-10191
-11059
-11367
-11496
-11480
-10846
-9154
-7121
-5649
-4630
-3498
-2002
-386
549
915
1326
1965
3139
4260
5299
6708
8374
10343
12419
14705
17123
19439
21458
23158
25072
26719
28203
27578
24736
21950
18955
16257
11694
4475
-2032
-7152
-10967
-14463
-19249
-22711
-23613
-23803
-23301
-22658
-21276
-18802
-17572
-16765
-14915
-12823
-11042
-10865
-11301
-9990
-7525
-5327
-3834
-2423
225
4344
8060
10947
13743
16255
18652
19891
19963
19923
18905
16644
13472
9895
7162
4502
999
-2661
-5633
-7174
-7853
-8940
-10187
-10903
-10867
-10490
-10538
-10903
-11080
-11428
-12514
-13278
-13581
-13468
-13343
-14021
-13863
-12477
-10463
-8285
-7200
-5983
-3649
-1512
-51
457
397
515
-45
-1114
-2285
-3820
-5171
-6610
-8073
-8715
-8741
-8473
-8353
-8104
-6891
-5005
-3333
-2405
-1550
-238
1295
2530
3178
3898
4826
5984
7374
8621
10261
12094
13977
15870
17902
20207
22455
24180
25540
27028
28571
29878
30063
28023
25005
22143
19351
15961
9986
3235
-2262
-6557
-10022
-14247
-18262
-20082
-20609
-20588
-20012
-19066
-16890
-15013
-14102
-12461
-10294
-7936
-6635
-6773
-5936
-3559
-1056
819
2160
4200
7568
11087
13833
16182
18339
20196
21394
21285
20856
20028
18011
14980
11305
8099
5452
2233
-1508
-4878
-7131
-8253
-9314
-10584
-11545
-11943
-11709
-11587
-11738
-11900
-12066
-12804
-13595
-13726
-13622
-13495
-14052
-14244
-13097
-11315
-9371
-8114
-7063
-5047
-2723
-1006
-141
0
191
-24
-988
-2036
-3485
-5127
-6788
-8524
-9572
-9865
-9978
-10101
-10164
-9196
-7317
-5536
-4320
-3290
-1895
-169
1371
2254
3032
3949
5075
6487
7713
9157
10829
12660
14604
16609
18861
21190
23205
24760
26248
27874
29379
30322
29774
27076
23946
21036
18000
13811
7144
397
-4719
-8729
-12198
-16462
-20071
-21285
-21491
-21068
-20271
-18977
-16708
-15092
-14184
-12323
-9971
-7998
-7277
-7302
-5968
-3311
-843
884
2389
4868
8492
11970
14577
16808
18816
20422
21231
20859
20244
19036
16500
13203
9585
6602
3965
579
-2995
-5909
-7652
-8406
-9356
-10514
-11247
-11308
-10980
-10916
-11186
-11313
-11948
-13034
-13482
-13604
-13394
-13450
-13979
-13538
-12065
-9909
-7933
-6882
-5440
-3127
-1110
239
761
659
487
-306
-1402
-2618
-4368
-6057
-7761
-9208
-9716
-9759
-9720
-9707
-9285
-7724
-5643
-4113
-3009
-1901
-501
1068
2369
3261
4185
5090
6322
7852
9399
11386
13282
15170
17231
19590
22240
24292
25878
27366
28967
30584
31565
31132
28623
25440
22376
19191
14896
8352
1503
-4121
-8566
-12375
-16636
-20420
-22123
-22567
-22432
-21562
-20291
-18154
-16420
-15399
-13413
-11023
-8945
-7897
-7786
-6295
-3722
-1270
723
2344
4864
8346
11771
14550
16830
18804
20325
21003
20598
19859
18490
15841
12433
8734
5549
2747
-588
-4135
-7072
-8912
-9709
-10580
-11681
-12325
-12462
-12181
-12028
-12229
-12399
-12927
-14032
-14561
-14686
-14560
-14567
-15317
-14999
-13501
-11491
-9372
-8264
-6962
-4605
-2401
-835
-191
-279
-208
-872
-2014
-3107
-4820
-6547
-8328
-9997
-10641
-10773
-10790
-10741
-10498
-9053
-6876
-5063
-3870
-2775
-1289
435
1868
2757
3590
4544
5651
7049
8583
10391
12244
14002
15925
18364
21079
23308
24908
26248
27949
29784
31138
31320
29686
26684
23788
20882
17355
12076
4963
-1181
-5891
-9674
-13418
-17771
-20648
-21481
-21561
-20973
-19920
-18374
-16555
-15421
-14001
-11653
-9470
-8097
-7848
-7253
-5037
-2441
-271
1327
3202
6246
9799
12890
15318
17429
19131
20270
20556
20054
19131
17136
14034
10456
7083
4254
1181
-2575
-6035
-8529
-9748
-10624
-11913
-13014
-13522
-13444
-13251
-13239
-13464
-13593
-14560
-15472
-15526
-15564
-15317
-15871
-16076
-14852
-13030
-10618
-8868
-7695
-5444
-2757
-866
366
612
674
397
-885
-1972
-3485
-5601
-7419
-9303
-10523
-10805
-10856
-10732
-10600
-9556
-7370
-5261
-3964
-2925
-1539
68
1503
2265
2912
3625
4551
5856
7144
8669
10639
12677
14764
16968
19426
22003
23921
25341
26826
28292
29606
29958
28432
25212
21963
18834
15317
10191
3186
-2917
-7690
-11577
-15235
-19284
-22012
-22913
-23167
-22675
-21670
-20207
-18280
-17213
-16067
-13888
-11769
-10104
-9610
-9058
-6714
-3825
-1342
743
2939
6165
9897
13220
15908
18125
19951
21150
21423
20858
19955
18086
15168
11716
8345
5606
2777
-623
-3790
-6201
-7528
-8278
-9364
-10413
-10982
-11056
-10934
-11169
-11539
-11956
-12998
-13779
-13947
-13898
-13644
-13821
-13598
-12284
-10370
-8091
-6352
-5010
-2980
-817
734
1691
1762
1562
953
-214
-1354
-2928
-4762
-6375
-8044
-9098
-9325
-9456
-9408
-9258
-8313
-6458
-4780
-3674
-2760
-1662
-347
946
1801
2521
3323
4336
5811
7415
9153
11279
13308
15463
17979
20399
22783
24522
25840
27401
28738
29968
30440
29075
26312
23088
20152
16900
11983
5420
-936
-5813
-9668
-13528
-17799
-21040
-22516
-22901
-22804
-22206
-20930
-19253
-17946
-16700
-14382
-11703
-9773
-8689
-7602
-5169
-2027
633
2791
4846
7758
11355
14525
17063
19088
20922
22185
22543
22166
21307
19614
16885
13519
10161
7297
4326
844
-2561
-5151
-6736
-7761
-8916
-10150
-10805
-10897
-10781
-10827
-11019
-11477
-12446
-12928
-13031
-12936
-12856
-13294
-13010
-11885
-9992
-7720
-6229
-4708
-2532
-324
1536
2574
2830
2794
2047
1012
-99
-1936
-3916
-5924
-7831
-8926
-9493
-9709
-9836
-9734
-8572
-6621
-4900
-3691
-2595
-1428
-3
1267
2019
2608
3051
3951
5169
6362
8038
9738
11684
13948
16330
19073
21439
23206
24999
26681
28171
29531
29586
28363
25646
22194
19338
15541
10516
4188
-2261
-6878
-10694
-14455
-18112
-21052
-22111
-21923
-21523
-20663
-19248
-17603
-16194
-15072
-13329
-11160
-9837
-9279
-8525
-6650
-3996
-1626
227
2392
5430
8921
12160
14648
16691
18532
19633
19962
19448
18296
16544
13671
10381
7240
4288
1427
-1763
-4818
-7045
-8332
-9224
-10137
-11176
-11678
-11629
-11609
-11823
-12375
-13473
-14209
-14567
-15050
-15069
-15385
-15294
-14442
-13230
-10995
-8829
-7010
-4774
-2637
-564
1457
2289
2445
2073
1243
574
-1029
-3020
-4751
-6650
-8003
-8749
-9202
-9164
-8940
-8166
-6585
-4880
-3333
-1942
-791
294
1600
2550
3306
3789
4338
5588
6785
8298
10357
12297
14677
17201
19748
22548
24838
26747
28499
29840
31185
32153
31526
29416
26168
23128
20143
15994
10317
4033
-1017
-4965
-8425
-12153
-15601
-17422
-17970
-18079
-17832
-17032
-15638
-14612
-14005
-12844
-11016
-9372
-8621
-8265
-6940
-4466
-1883
212
2135
4672
8026
11334
13948
16010
17773
19140
19550
19154
18228
16762
14369
11078
7769
4759
1990
-1134
-4443
-7215
-9040
-10117
-11215
-12527
-13447
-13840
-14003
-14328
-14735
-15678
-16806
-17491
-17962
-17991
-18131
-18399
-17970
-16930
-14933
-12429
-10572
-8587
-6210
-3871
-1434
22
683
852
355
-136
-1058
-2649
-4310
-6076
-7617
-8444
-8929
-8899
-8757
-8409
-7190
-5388
-3667
-2272
-1206
-194
1072
2154
2978
3424
3676
4533
5766
7124
8777
10667
12712
15103
17713
20422
23007
24869
26565
28254
29639
31061
31050
29441
26650
23358
20675
16873
11697
5685
-96
-4564
-8355
-11995
-15464
-18002
-19299
-19394
-19113
-18374
-17080
-16013
-15013
-13878
-12101
-10122
-9064
-8479
-7476
-5409
-2771
-465
1545
3848
6901
10285
13381
15848
17768
19425
20328
20509
20165
19121
17268
14373
11263
8457
5725
2863
-262
-3207
-5273
-6583
-7664
-8840
-9969
-10625
-10858
-11345
-12325
-13182
-14091
-15118
-16184
-17200
-17453
-17405
-17148
-16274
-14992
-12777
-9971
-7532
-5274
-2911
-528
1475
2247
2267
2084
1266
-83
-1852
-3796
-5517
-7134
-8409
-9213
-9471
-9073
-8266
-7257
-5917
-4161
-2484
-1224
-422
288
1213
1728
2033
2341
2907
3944
5292
6934
8862
11245
13863
16510
19117
21589
24119
25813
27162
28283
29228
29734
28465
26199
22846
19928
16855
12507
7424
1555
-2964
-6496
-10065
-13460
-16408
-18221
-18889
-19243
-19142
-18240
-17452
-16666
-15846
-14676
-12668
-11103
-10144
-9092
-7416
-4543
-1752
440
2841
5644
8939
12027
14571
16563
18257
19368
19684
19544
18757
17487
15390
12542
9878
7363
4970
2311
-703
-3010
-4554
-5818
-7072
-8441
-9492
-10125
-10540
-11224
-12632
-13483
-14187
-14982
-15496
-16231
-16011
-15590
-15022
-13534
-11975
-9743
-7226
-5333
-3266
-1050
818
2151
2112
1919
1820
771
-553
-2266
-4016
-5374
-6717
-7615
-8115
-8362
-7867
-6998
-6021
-4646
-3085
-1777
-797
17
1076
2187
2665
2993
3620
4599
6027
7438
9037
11103
13409
16084
18533
20709
23066
25117
26612
27654
28596
29630
29186
27472
24788
21511
19002
15118
10296
5017
-601
-4187
-7762
-11610
-14674
-17139
-18186
-18566
-19002
-18156
-17115
-16502
-15392
-14441
-12725
-10792
-9856
-8760
-7445
-5334
-2481
-324
1693
4219
7221
10323
12918
15062
16927
18443
18987
19075
18625
17507
15909
13287
10559
8043
5481
2966
57
-2663
-4459
-5901
-7178
-8480
-9687
-10379
-10905
-11447
-11973
-13317
-14624
-15229
-15923
-16249
-16979
-17414
-16857
-15972
-14144
-12071
-10273
-7925
-5326
-3042
-839
706
1631
1918
1296
805
-118
-1922
-3746
-5663
-7222
-8093
-8783
-9040
-9007
-8609
-7101
-5332
-3790
-2457
-1223
-106
960
1748
2293
2730
2764
3416
4549
5832
7562
9398
11554
14137
17041
19955
22537
24426
26338
28150
29317
30430
29919
28485
26262
22837
20252
16302
11663
6808
1275
-2597
-6057
-9269
-11901
-14477
-15865
-15870
-15847
-15497
-14872
-14474
-13475
-12760
-11766
-10191
-9533
-8742
-7617
-5942
-3441
-1145
1067
3398
6155
9279
12163
14363
15968
17368
18017
18160
17657
16319
14660
12112
9442
6988
4326
1956
-658
-3133
-4919
-6306
-7345
-8413
-9714
-10505
-11271
-12446
-13466
-14846
-16030
-17195
-18609
-19211
-19512
-19221
-18398
-17356
-15437
-12887
-10101
-7407
-4957
-2630
-459
1006
1650
1719
1139
214
-1150
-2893
-4383
-5851
-7062
-7895
-8393
-8104
-7373
-6394
-5216
-3832
-2375
-1073
-123
446
1093
1368
1601
1820
2032
2949
4101
5466
7346
9626
12282
15125
17738
20355
22796
24767
26429
27519
28299
28729
27640
26057
23708
20617
17879
13751
9578
5271
765
-2696
-6209
-9261
-11571
-13643
-15200
-15782
-16139
-15955
-15759
-15707
-14837
-14122
-13113
-11953
-11090
-9698
-8188
-6203
-3810
-1544
890
3479
6163
8738
11175
13142
14610
15675
16014
16112
15537
14267
12767
10625
8536
6395
4098
1916
-395
-2400
-4000
-5540
-6849
-8051
-9228
-10157
-11330
-12748
-14071
-15236
-16342
-17411
-18686
-19196
-18831
-18195
-17046
-15662
-13537
-10759
-7961
-5314
-2847
-747
1117
2240
2508
2560
1941
814
-591
-2226
-3407
-4503
-5551
-6123
-6458
-6038
-5140
-4188
-3108
-2048
-930
77
538
854
1112
1129
1213
1320
1833
2788
3910
5480
7541
10043
12844
15614
18116
20502
22702
24578
25945
26694
27192
27176
25956
24279
21890
19056
16249
12285
8531
4549
500
-2460
-5939
-8840
-10986
-12908
-13991
-14786
-15377
-15131
-14960
-14686
-13840
-13208
-11967
-10701
-9727
-8034
-6377
-4333
-1959
30
2407
4977
7444
9780
11735
13375
14740
15641
15840
15761
15113
13878
12481
10497
8590
6561
4370
2287
113
-1777
-3285
-4833
-6300
-7580
-8958
-10352
-11779
-13293
-14430
-15580
-17059
-18036
-18559
-18325
-17588
-16880
-15532
-13482
-11018
-8354
-6009
-3850
-1568
25
1101
1718
1660
1358
344
-918
-2023
-3300
-4349
-5224
-5995
-6181
-5891
-5378
-4683
-3942
-2911
-1854
-1213
-852
-633
-490
-395
-475
-486
-75
633
1756
3252
5068
7422
9952
12364
14811
17170
19206
20887
21983
22778
23419
23576
23035
21667
20088
17957
15481
12613
9035
5822
2176
-1341
-4588
-7978
-10418
-12730
-14938
-16449
-17337
-17738
-17799
-17913
-17454
-16502
-15583
-14142
-12956
-11573
-9643
-7960
-5859
-3813
-1808
534
2557
4579
6533
8333
9801
10781
11410
11741
11760
11227
10305
8996
7402
5781
3862
1822
-197
-2211
-4140
-5931
-7631
-8966
-10322
-12093
-13653
-15025
-15915
-16880
-18037
-18868
-19241
-18807
-18053
-17107
-15878
-14101
-11784
-9427
-7001
-4726
-2651
-996
165
1065
1514
1406
784
-214
-1200
-1967
-2816
-3747
-4546
-4966
-4780
-4347
-3864
-3122
-2230
-1335
-541
108
647
980
1162
1230
1505
2071
2911
3884
5114
6966
9240
11681
14078
16392
18691
20716
22304
23513
24246
24732
24758
24523
23797
22318
20902
18933
16656
14055
10987
8068
4817
1433
-1828
-4910
-7705
-10167
-12625
-14548
-15718
-16511
-16807
-17025
-16552
-15487
-14456
-12932
-11342
-9579
-7702
-5830
-3776
-1725
288
2155
3936
5599
7162
8632
9721
10557
11174
11453
11637
11254
10527
9522
7935
6297
4457
2494
439
-1856
-3962
-5832
-7463
-8697
-10401
-11834
-12441
-13079
-13286
-13838
-14109
-13795
-13699
-13020
-12306
-11512
-10138
-8721
-7184
-5371
-3534
-1581
-46
1077
2475
3466
3911
4025
3700
3296
2791
2067
1186
163
-717
-1337
-2020
-2763
-3035
-3104
-3312
-3571
-3687
-3570
-3471
-3509
-3359
-3058
-2566
-1818
-1013
-45
1304
3100
4994
6801
8813
10974
13025
14659
15943
17182
17986
18285
18415
18255
18109
17627
16333
15140
13767
12253
10558
7927
5449
3285
844
-1594
-4208
-6446
-7984
-9674
-11052
-11647
-11917
-11695
-11409
-10918
-9760
-8577
-7347
-6078
-5073
-3758
-2225
-1040
77
1145
2221
3556
4568
5488
6538
7347
8044
8594
8730
8843
8636
7981
7229
6122
4997
3745
2179
858
-544
-1872
-3089
-4435
-5582
-6647
-7672
-8461
-9355
-10365
-10913
-11466
-11750
-11922
-11998
-11436
-10826
-9755
-8416
-6982
-5225
-3579
-2142
-659
488
1144
1458
1224
808
120
-964
-2045
-3335
-4475
-5294
-5887
-5925
-5692
-5126
-4247
-3325
-2465
-1718
-1105
-746
-447
-255
-197
-64
-120
50
496
1068
2005
3137
4380
5806
7277
8801
10136
11101
11949
12493
12691
12680
12392
11971
11544
11085
10658
9932
9148
8522
7677
6682
5311
3639
1967
208
-1665
-3652
-5760
-7411
-8737
-9963
-10652
-10878
-10820
-10253
-9595
-8512
-6969
-5662
-4225
-2703
-1331
34
974
1598
2268
2505
2804
3004
3037
3170
3343
3493
3861
4216
4592
5118
5328
5430
5273
4794
4228
3355
2604
2343
2859
4407
5826
5911
3842
520
-2091
-3827
-5164
-6098
-7233
-9036
-10583
-11489
-11578
-11144
-10525
-9205
-7337
-5289
-3307
-1734
-537
67
111
-165
-584
-907
-1197
-1522
-2009
-2498
-2977
-3468
-4056
-4695
-5182
-5518
-5495
-5171
-4829
-4387
-3949
-3657
-3422
-3450
-3540
-3636
-3747
-3598
-3213
-2660
-1885
-1011
-131
1056
2147
3155
3979
4572
5156
5495
5531
5391
5242
5115
4961
4880
4841
4597
4417
4176
3981
3575
2728
1658
393
-921
-2475
-4174
-5804
-7289
-8418
-9377
-9907
-9861
-9654
-8952
-8130
-6940
-5548
-4413
-3216
-2137
-1215
-430
181
722
1324
1695
2304
3082
3816
4791
5695
6716
7792
8632
9404
9835
9976
9803
9026
7879
6392
4797
3627
2960
2931
3145
2291
31
-3146
-6871
-9989
-11712
-12171
-11578
-10507
-9087
-7192
-4989
-2762
-1250
-758
-973
-1266
-1077
-288
612
1367
1963
2260
2474
2451
2080
1143
-769
-3576
-6911
-10180
-12528
-13665
-13933
-13579
-12870
-11994
-11096
-10255
-9351
-8564
-7801
-7223
-6892
-6548
-6156
-5661
-5161
-4604
-3747
-2702
-1533
-213
1140
2450
3677
4623
5349
5820
5907
5863
5579
5111
4676
4364
4271
4165
3948
3773
3773
3665
3518
3095
2095
1276
93
-1024
-2228
-3740
-4774
-5778
-6340
-6513
-6495
-6061
-5347
-4520
-3402
-2104
-962
214
1030
1811
2693
3303
3851
4162
4525
5191
5935
6697
7607
8622
9717
10833
11937
12906
13788
14273
14490
13966
12523
10185
6968
3747
832
-1145
-2020
-2673
-3847
-5497
-7181
-8546
-9453
-9909
-9774
-9360
-8685
-7631
-6760
-5905
-5386
-5217
-5222
-5568
-5928
-6482
-7078
-7394
-7715
-8037
-8410
-8841
-9384
-9947
-10431
-10729
-11007
-11322
-11425
-11561
-11598
-11533
-11374
-11141
-11126
-11104
-10769
-10414
-10044
-9588
-9208
-8765
-8230
-7754
-7319
-6933
-6441
-5668
-4909
-4044
-3141
-2355
-1456
-633
108
767
1227
1617
1846
2090
2395
2650
2960
3369
3801
4063
4216
4250
4316
4210
3599
2873
1963
1109
321
-815
-1661
-2221
-2680
-2730
-2730
-2345
-1690
-1136
-488
132
748
1343
1571
1588
1675
1500
1460
1279
1027
1025
1007
1217
1494
1708
2053
2428
2609
2601
2467
2226
1877
1399
931
660
607
834
1252
1988
3319
5190
7234
9170
10577
11030
10422
8832
6643
4254
1869
-302
-2002
-3001
-3247
-3054
-2556
-1894
-1411
-1361
-2039
-3471
-5340
-7091
-8720
-10125
-11002
-11435
-11304
-10714
-9952
-8999
-7989
-6906
-5666
-4412
-3237
-2149
-1165
-373
243
679
1048
1524
2169
2927
3302
2910
1471
-869
-3377
-5320
-6140
-5916
-5039
-3874
-2640
-1666
-906
-430
-263
-211
-304
-341
-334
-463
-473
-437
-458
-488
-684
-860
-1129
-1579
-2236
-2898
-3466
-4103
-4620
-5109
-5404
-5450
-5387
-5117
-4723
-4149
-3517
-2930
-2410
-1892
-1508
-1261
-1149
-1199
-1254
-1382
-1488
-1586
-1665
-1573
-1305
-1108
-812
-486
-184
154
258
274
227
-75
-449
-843
-1393
-1999
-2558
-2985
-3316
-3576
-3697
-3659
-3636
-3486
-3281
-3230
-3134
-3162
-3309
-3399
-3584
-3785
-3961
-4106
-4142
-4145
-4132
-4063
-3931
-3770
-3602
-3463
-3184
-2973
-2791
-2629
-2426
-2145
-1899
-1573
-1210
-776
-365
162
703
1121
1530
1826
2023
2170
2117
1867
1550
1326
1402
1755
2302
2833
3265
3737
4215
4768
5442
6165
6816
7348
7610
7486
7131
6397
5563
4794
4071
3570
3332
3281
3509
3826
4167
4555
4725
4699
4561
4271
3819
3150
2305
1583
813
141
-410
-884
-1161
-1323
-1304
-1218
-1080
-966
-902
-918
-957
-971
-1081
-1285
-1449
-1574
-1476
-1335
-1118
-716
-322
222
762
1251
1659
1978
2088
2151
2105
1973
1772
1473
1266
1010
835
730
753
872
1143
1647
2400
3230
4057
4748
5024
4878
4334
3514
2603
1754
1050
529
181
-48
-174
-213
-306
-404
-467
-634
-866
-1143
-1383
-1533
-1544
-1488
-1384
-1133
-756
-290
220
791
1338
1862
2167
2284
2255
2083
1661
1164
648
160
-62
-23
202
645
1208
1820
2374
2777
3045
3098
3057
2785
2465
2070
1597
1103
598
136
-193
-400
-613
-737
-861
-800
-669
-598
-522
-530
-604
-676
-722
-896
-1088
-1337
-1481
-1547
-1585
-1448
-1387
-1275
-1032
-797
-570
-398
-328
-286
-291
-363
-371
-515
-588
-685
-721
-680
-562
-399
-233
-30
102
254
462
602
693
713
756
819
836
843
778
643
542
439
517
819
1205
1560
1707
1804
1798
1698
1507
1227
991
882
934
1055
1103
1122
1073
836
371
-305
-1202
-2144
-3069
-3862
-4535
-5132
-5618
-5977
-6154
-6135
-5915
-5552
-4970
-4309
-3497
-2667
-1963
-1388
-956
-638
-467
-435
-455
-538
-684
-843
-1032
-1160
-1229
-1244
-1208
-1115
-951
-715
-487
-258
-112
-24
107
173
183
147
113
116
172
248
336
550
824
1045
1261
1499
1675
1725
1742
1674
1608
1449
1305
1185
949
869
783
729
744
738
767
755
743
699
596
479
351
197
79
-36
-141
-199
-271
-248
-170
-119
-18
26
22
44
-1
-72
-173
-306
-389
-411
-415
-369
-180
28
339
732
1063
1479
1790
2041
2248
2293
2377
2356
2194
2112
2053
1988
2140
2257
2492
2706
2789
2720
2426
1870
1012
36
-835
-1513
-1922
-2057
-2035
-1850
-1627
-1367
-1149
-1033
-940
-957
-835
-654
-362
34
559
1175
1740
2258
2659
3023
3191
3304
3284
3241
3135
2854
2609
2381
2209
1955
1670
1418
1123
940
733
631
610
600
753
958
1215
1506
1817
2194
2547
2926
3263
3486
3690
3746
3817
3836
3800
3744
3578
3473
3312
3229
3186
3218
3251
3366
3505
3731
3938
4108
4255
4343
4380
4381
4303
4134
3979
3799
3625
3442
3260
3029
2870
2642
2323
2072
1773
1372
950
549
101
-297
-685
-1029
-1284
-1498
-1555
-1507
-1489
-1298
-1154
-971
-755
-644
-533
-446
-462
-543
-600
-716
-750
-878
-983
-1039
-1058
-1094
-1120
-1182
-1165
-1282
-1377
-1459
-1674
-1764
-1920
-2039
-2074
-2076
-2032
-1950
-1798
-1643
-1336
-1069
-861
-617
-451
-296
-149
-88
-39
-8
19
46
28
73
111
134
227
298
402
491
576
676
814
962
1016
1129
1232
1271
1284
1206
1106
934
575
72
-622
-1386
-2166
-2959
-3744
-4476
-5140
-5759
-6329
-6828
-7197
-7380
-7263
-6930
-6419
-5815
-5202
-4671
-4311
-4008
-3808
-3660
-3529
-3363
-3103
-2814
-2488
-2226
-1913
-1620
-1280
-1018
-754
-476
-208
108
365
694
1065
1416
1744
2070
2236
2237
1905
1179
180
-1141
-2564
-3815
-4713
-5094
-4850
-4063
-2946
-1692
-536
557
1494
2179
2690
2966
3124
3102
3008
2851
2660
2439
2270
2080
1927
1838
1736
1673
1672
1688
1760
1826
1941
2024
2020
2044
1892
1745
1551
1366
1154
941
834
779
865
1010
1306
1621
2071
2505
2909
3278
3461
3498
3426
3407
3295
3139
2917
2785
2750
2581
2458
2351
2288
2240
2188
2226
2187
2196
2199
2134
2151
2126
2060
2083
2037
2010
2081
2165
2243
2424
2574
2732
2917
3002
3016
2985
2971
2884
2754
2591
2446
2280
2073
1914
1701
1482
1234
905
692
387
117
-207
-539
-836
-1171
-1421
-1669
-1894
-2015
-2142
-2262
-2327
-2355
-2332
-2357
-2392
-2377
-2361
-2341
-2313
-2283
-2233
-2119
-2009
-1838
-1642
-1512
-1385
-1191
-1108
-1047
-1019
-987
-924
-890
-843
-794
-654
-520
-338
-156
81
369
610
817
989
1162
1255
1354
1354
1333
1262
1184
1091
1018
947
856
784
636
547
391
231
45
-110
-319
-464
-610
-775
-877
-1042
-1099
-1130
-1183
-1223
-1179
-1206
-1206
-1182
-1197
-1191
-1261
-1311
-1364
-1403
-1480
-1565
-1681
-1744
-1880
-2032
-2232
-2512
-2867
-3352
-3945
-4592
-5315
-6096
-6828
-7590
-8176
-8686
-9059
-9249
-9313
-9175
-8938
-8615
-8207
-7736
-7279
-6848
-6365
-5980
-5617
-5319
-4960
-4548
-4116
-3634
-3078
-2521
-1942
-1361
-802
-230
218
767
1183
1531
1761
1962
2111
2150
2228
2213
2200
2217
2252
2368
2512
2730
2901
3088
3212
3251
3250
3185
3120
3034
2905
2845
2696
2548
2481
2329
2141
1925
1663
1266
710
13
-733
-1548
-2300
-2959
-3442
-3711
-3772
-3713
-3522
-3200
-2872
-2540
-2270
-1955
-1678
-1368
-1029
-716
-502
-272
-56
151
331
443
580
690
748
845
898
958
1045
1012
1064
1094
1123
1203
1221
1220
1269
1308
1409
1494
1544
1666
1678
1773
1838
1918
1947
1904
1917
1834
1883
1849
1777
1792
1787
1811
1856
1912
1974
1997
2036
2083
2033
2017
1975
1890
1811
1693
1629
1552
1539
1495
1541
1590
1536
1601
1590
1617
1607
1563
1508
1457
1428
1420
1394
1379
1442
1475
1517
1584
1630
1674
1718
1776
1774
1740
1757
1681
1664
1592
1573
1519
1476
1444
1423
1417
1252
1194
1030
913
754
603
424
297
194
73
-38
-200
-274
-365
-466
-603
-710
-823
-958
-1070
-1176
-1273
-1396
-1473
-1549
-1604
-1661
-1696
-1769
-1860
-1993
-2102
-2255
-2435
-2597
-2830
-3002
-3225
-3447
-3624
-3839
-4092
-4341
-4668
-4989
-5396
-5837
-6260
-6685
-7014
-7286
-7458
-7559
-7461
-7237
-6940
-6609
-6241
-5920
-5613
-5352
-5125
-4925
-4787
-4729
-4717
-4766
-4867
-5005
-5225
-5547
-5879
-6277
-6698
-7017
-7320
-7440
-7428
-7284
-6957
-6531
-6067
-5625
-5191
-4811
-4424
-4112
-3783
-3481
-3222
-2924
-2713
-2470
-2249
-2030
-1840
-1708
-1542
-1319
-1094
-927
-705
-506
-310
-85
115
336
547
758
972
1169
1401
1631
1826
2069
2279
2496
2698
2928
3086
3238
3419
3538
3602
3697
3820
3912
3996
4055
4086
4168
4200
4190
4174
4129
4068
3954
3828
3706
3563
3478
3366
3314
3247
3223
3279
3274
3304
3416
3524
3592
3695
3792
3891
4008
4173
4314
4433
4591
4727
4813
4931
5010
5093
5157
5205
5200
5188
5156
5090
5015
4921
4832
4745
4730
4601
4523
4484
4429
4356
4265
4228
4151
4076
4018
3950
3845
3768
3654
3603
3545
3468
3356
3280
3238
3178
3120
3042
2971
2946
2850
2829
2810
2811
2825
2787
2831
2836
2825
2785
2812
2785
2746
2768
2787
2750
2717
2735
2711
2737
2798
2828
2791
2789
2785
2821
2761
2692
2664
2558
2491
2388
2287
2221
2122
2084
2015
1909
1773
1680
1536
1325
1192
989
815
594
371
136
-69
-321
-576
-855
-1126
-1363
-1641
-1968
-2285
-2676
-3063
-3452
-3909
-4319
-4759
-5211
-5638
-6152
-6676
-7073
-7499
-7957
-8321
-8560
-8707
-8815
-8851
-8776
-8584
-8404
-8096
-7743
-7414
-7032
-6657
-6215
-5841
-5473
-5103
-4754
-4447
-4129
-3871
-3594
-3326
-3098
-2849
-2658
-2431
-2224
-2072
-1932
-1780
-1670
-1559
-1457
-1298
-1166
-1032
-919
-751
-604
-445
-263
-134
74
288
491
638
789
958
1142
1263
1437
1599
1774
1947
2030
2253
2362
2456
2645
2726
2845
2969
3065
3168
3242
3317
3406
3441
3477
3476
3490
3512
3446
3393
3328
3267
3225
3124
3024
2966
2914
2849
2747
2702
2685
2614
2561
2526
2470
2438
2393
2381
2448
2468
2503
2530
2548
2580
2599
2654
2628
2631
2669
2663
2633
2612
2628
2578
2574
2543
2561
2552
2532
2561
2505
2513
2547
2508
2489
2507
2510
2505
2583
2613
2659
2759
2822
2862
2959
3031
3055
3102
3097
3158
3228
3207
3187
3254
3368
3412
3468
3517
3567
3652
3724
3765
3750
3768
3776
3781
3796
3885
3910
3903
3937
3992
4003
4013
4045
4043
4075
4066
4107
4075
4048
4001
3946
3933
3871
3925
3890
3830
3787
3702
3663
3581
3560
3499
3421
3347
3291
3237
3172
3126
3042
3003
2974
2911
2837
2722
2678
2610
2524
2458
2386
2258
2162
2135
2056
1983
1926
1844
1795
1719
1659
1623
1546
1518
1431
1447
1424
1403
1393
1337
1345
1291
1291
1216
1126
1098
1014
947
868
769
704
655
533
462
393
341
276
166
122
30
-100
-180
-267
-334
-386
-472
-494
-587
-621
-662
-742
-832
-944
-1061
-1187
-1314
-1481
-1629
-1773
-1923
-2102
-2227
-2287
-2356
-2415
-2498
-2469
-2447
-2399
-2310
-2245
-2107
-2060
-1952
-1838
-1787
-1666
-1559
-1439
-1325
-1204
-1059
-984
-906
-798
-658
-533
-391
-249
-132
-22
114
220
339
468
564
674
806
865
974
1116
1238
1361
1472
1610
1705
1824
1924
2022
2134
2253
2346
2443
2543
2573
2620
2723
2814
2824
2867
2888
2916
2944
2985
2998
3014
3040
2999
3032
3063
3054
3044
3082
3127
3141
3150
3180
3194
3261
3293
3330
3346
3392
3427
3441
3527
3562
3598
3661
3750
3788
3857
3891
3905
3946
3975
3974
3950
3991
4013
4033
3993
3999
3981
3958
4004
3987
3950
3926
3885
3854
3840
3795
3790
3739
3691
3626
3560
3547
3483
3475
3454
3366
3323
3307
3248
3218
3171
3139
3114
3056
3029
3005
2958
2928
2918
2905
2915
2869
2807
2819
2830
2849
2823
2808
2802
2773
2791
2740
2748
2742
2731
2724
2750
2743
2727
2769
2755
2753
2698
2696
2672
2695
2666
2652
2672
2608
2648
2616
2624
2657
2646
2645
2627
2614
2629
2641
2631
2662
2660
2642
2637
2654
2639
2660
2641
2657
2654
2652
2643
2625
2659
2727
2653
2624
2655
2661
2690
2683
2690
2715
2740
2702
2663
2668
2731
2725
2704
2723
2733
2726
2695
2680
2701
2660
2712
2684
2666
2693
2678
2648
2620
2599
2560
2582
2533
2558
2556
2521
2475
2455
2451
2377
2403
2383
2359
2317
2311
2301
2296
2289
2268
2318
2286
2294
2302
2272
2298
2267
2284
2273
2229
2235
2242
2253
2252
2261
2240
2260
2280
2253
2236
2205
2204
2187
2185
2206
2197
2203
2218
2226
2210
2157
2180
2195
2151
2111
2127
2117
2070
2063
2039
2017
2041
2050
2034
2037
2046
2029
1970
1983
2008
1942
1952
1975
1971
1931
1948
1923
1905
1956
1935
1899
1888
1907
1840
1854
1880
1852
1872
1894
1890
1897
1953
1916
1894
1955
1929
1916
1921
1914
1915
1923
1940
1893
1949
1927
1913
1945
1998
2038
1992
2004
2003
1992
1994
1983
1954
1937
1926
1938
1894
1940
1931
1845
1881
1823
1810
1796
1754
1781
1762
1775
1763
1777
1807
1727
1747
1771
1782
1782
1771
1747
1737
1738
1775
1754
1760
1755
1755
1763
1778
1761
1769
1774
1739
1720
1768
1784
1752
1727
1742
1755
1763
1772
1756
1760
1770
1797
1800
1787
1773
1742
1751
1760
1758
1778
1773
1774
1806
1810
1763
1804
1803
1812
1810
1800
1759
1816
1815
1816
1836
1823
1797
1767
1811
1838
1788
1797
1844
1821
1845
1848
1884
1870
1865
1866
1843
1850
1858
1881
1884
1895
1833
1852
1847
1867
1857
1870
1849
1825
1846
1863
1875
1823
1823
1834
1834
1834
1817
1816
1817
1787
1763
1726
1741
1705
1670
1672
1656
1644
1634
1629
1643
1629
1604
1587
1557
1537
1507
1525
1480
1425
1438
1420
1381
1392
1379
1331
1393
1376
1322
1356
1296
1308
1322
1292
1272
1257
1215
1243
1228
1196
1238
1215
1230
1205
1187
1156
1117
1116
1142
1064
1038
1045
1017
1015
948
955
927
913
915
878
858
837
818
787
740
773
711
719
738
712
717
646
665
681
670
618
617
598
557
548
522
534
521
492
471
434
449
470
444
458
455
426
443
476
456
460
468
477
486
464
493
447
462
428
439
425
422
406
413
459
434
428
399
383
388
417
323
307
323
338
309
275
256
281
257
265
304
269
220
238
197
183
176
191
181
164
199
209
174
194
198
152
173
199
215
203
180
198
203
200
208
203
177
176
173
165
198
216
205
199
213
241
204
194
223
197
205
205
212
197
188
199
213
184
197
129
121
140
125
138
109
131
63
97
139
101
87
113
90
80
83
85
86
80
86
52
49
48
36
22
89
42
36
35
41
58
54
40
37
62
38
57
58
88
40
78
72
82
125
121
105
138
143
104
145
88
92
123
124
143
96
90
78
67
75
47
38
45
42
45
36
9
1
-16
-21
-54
-48
-72
-76
-130
-130
-86
-95
-97
-142
-141
-116
-147
-188
-197
-230
-241
-242
-284
-284
-273
-315
-334
-366
-394
-434
-494
-505
-523
-575
-588
-599
-660
-698
-724
-730
-749
-777
-804
-842
-840
-831
-846
-866
-881
-885
-909
-919
-909
-922
-939
-899
-914
-875
-846
-900
-872
-852
-830
-862
-883
-846
-836
-760
-775
-765
-743
-711
-743
-753
-752
-789
-760
-766
-764
-741
-718
-716
-717
-710
-685
-672
-652
-705
-684
-644
-664
-633
-615
-611
-602
-591
-600
-554
-504
-554
-568
-580
-568
-512
-503
-518
-531
-535
-526
-544
-533
-542
-529
-520
-547
-535
-531
-553
-550
-554
-553
-521
-557
-560
-561
-585
-560
-535
-529
-535
-513
-531
-512
-539
-548
-508
-524
-513
-538
-534
-530
-523
-487
-491
-501
-504
-469
-499
-504
-503
-528
-499
-525
-563
-519
-486
-483
-497
-494
-521
-565
-565
-528
-581
-554
-531
-576
-649
-618
-604
-603
-575
-591
-597
-629
-597
-602
-615
-616
-622
-617
-632
-640
-629
-653
-649
-644
-605
-633
-637
-643
-635
-619
-645
-633
-634
-635
-660
-619
-652
-622
-626
-639
-573
-578
-590
-550
-519
-524
-507
-481
-484
-518
-484
-483
-514
-452
-466
-478
-451
-437
-471
-456
-487
-498
-481
-502
-484
-481
-524
-514
-496
-509
-538
-543
-512
-563
-504
-524
-552
-557
-559
-533
-570
-569
-537
-555
-571
-564
-553
-557
-587
-567
-534
-530
-549
-593
-542
-580
-546
-533
-523
-516
-558
-511
-537
-544
-555
-565
-563
-531
-502
-521
-513
-516
-491
-521
-516
-522
-557
-584
-558
-531
-571
-592
-592
-581
-603
-644
-636
-603
-591
-569
-616
-642
-596
-641
-643
-640
-644
-673
-671
-681
-699
-686
-669
-703
-715
-698
-696
-650
-663
-685
-672
-647
-676
-639
-675
-661
-660
-686
-681
-619
-562
-600
-576
-612
-595
-587
-600
-586
-559
-522
-590
-570
-578
-604
-588
-583
-593
-603
-614
-590
-578
-567
-568
-601
-590
-600
-602
-607
-630
-613
-638
-607
-584
-616
-633
-603
-601
-627
-610
-640
-606
-585
-568
-582
-583
-609
-628
-611
-602
-574
-559
-574
-537
-520
-516
-487
-555
-575
-516
-504
-511
-523
-516
-506
-501
-476
-510
-493
-514
-507
-539
-535
-503
-535
-519
-511
-536
-546
-523
-542
-549
-542
-538
-553
-543
-573
-555
-554
-549
-568
-578
-558
-567
-571
-595
-600
-606
-594
-579
-581
-590
-604
-605
-625
-618
-574
-596
-575
-611
-573
-589
-628
-589
-623
-608
-633
-654
-632
-668
-641
-643
-632
-611
-638
-668
-622
-613
-592
-628
-668
-666
-674
-627
-673
-661
-665
-666
-695
-677
-658
-699
-675
-686
-691
-686
-667
-675
-719
-717
-718
-757
-708
-736
-739
-735
-777
-780
-790
-762
-751
-721
-719
-738
-719
-726
-746
-729
-720
-705
-724
-728
-716
-655
-632
-686
-669
-688
-673
-644
-646
-662
-649
-625
-666
-627
-626
-635
-645
-659
-637
-591
-621
-579
-611
-634
-631
-609
-567
-658
-697
-658
-622
-660
-658
-674
-664
-659
-724
-693
-654
-662
-687
-695
-663
-674
-707
-666
-672
-694
-687
-675
-714
-687
-666
-691
-679
-657
-641
-684
-637
-663
-681
-652
-657
-624
-647
-605
-627
-608
-609
-662
-633
-661
-650
-644
-638
-648
-668
-668
-643
-636
-631
-630
-674
-654
-649
-662
-674
-671
-642
-677
-665
-658
-686
-669
-665
-678
-659
-700
-653
-661
-660
-628
-639
-616
-612
-683
-621
-619
-639
-607
-627
-607
-597
-618
-593
-593
-607
-650
-642
-590
-618
-597
-581
-597
-602
-604
-616
-603
-601
-606
-606
-595
-600
-628
-635
-623
-613
-632
-662
-675
-684
-651
-610
-637
-618
-637
-702
-703
-685
-710
-662
-665
-695
-699
-693
-690
-696
-711
-732
-750
-767
-746
-739
-775
-778
-790
-806
-809
-825
-802
-809
-841
-797
-795
-783
-794
-807
-788
-819
-810
-800
-815
-846
-847
-877
-872
-814
-832
-868
-807
-859
-827
-828
-885
-845
-889
-882
-875
-874
-865
-875
-857
-841
-827
-893
-865
-826
-818
-816
-880
-836
-844
-837
-846
-862
-895
-869
-857
-854
-825
-858
-817
-829
-861
-830
-851
-837
-840
-832
-815
-845
-771
-777
-774
-772
-738
-771
-784
-739
-742
-735
-743
-742
-745
-749
-763
-749
-725
-717
-698
-718
-715
-726
-712
-705
-718
-700
-678
-714
-749
-709
-740
-774
-765
-756
-751
-775
-765
-744
-763
-741
-746
-733
-746
-747
-737
-760
-751
-748
-761
-780
-772
-798
-829
-806
-786
-793
-793
-799
-808
-806
-766
-772
-801
-783
-791
-745
-744
-759
-737
-774
-757
-767
-771
-764
-742
-733
-759
-734
-745
-734
-771
-789
-812
-810
-817
-789
-809
-818
-792
-804
-811
-825
-808
-845
-828
-792
-804
-801
-792
-800
-807
-801
-795
-807
-827
-822
-799
-816
-827
-816
-833
-828
-828
-843
-809
-814
-843
-830
-816
-837
-797
-795
-832
-822
-801
-776
-802
-803
-779
-759
-767
-767
-747
-737
-746
-738
-752
-735
-757
-743
-737
-735
-710
-740
-701
-749
-792
-785
-808
-769
-786
-806
-820
-836
-822
-813
-788
-823
-841
-874
-826
-811
-834
-839
-851
-821
-825
-806
-798
-844
-830
-808
-801
-793
-812
-810
-830
-818
-855
-861
-817
-815
-795
-818
-814
-825
-834
-811
-836
-805
-852
-843
-812
-811
-804
-815
-824
-862
-798
-815
-838
-830
-832
-789
-851
-870
-841
-844
-834
-888
-882
-838
-831
-817
-854
-819
-828
-808
-804
-822
-796
-788
-804
-828
-775
-738
-746
-720
-745
-757
-732
-743
-712
-749
-727
-745
-677
-675
-697
-668
-687
-681
-666
-669
-666
-641
-649
-627
-630
-649
-644
-623
-638
-645
-623
-638
-675
-672
-656
-640
-638
-618
-643
-643
-619
-630
-589
-639
-685
-706
-708
-702
-727
-698
-700
-675
-633
-657
-669
-672
-670
-646
-639
-657
-647
-648
-664
-642
-657
-675
-668
-684
-689
-701
-646
-664
-670
-660
-688
-676
-673
-625
-670
-670
-649
-633
-649
-682
-661
-707
-674
-673
-681
-678
-669
-668
-665
-662
-684
-697
-708
-734
-700
-693
-740
-727
-742
-701
-723
-737
-727
-766
-765
-752
-756
-773
-760
-742
-756
-760
-803
-771
-834
-775
-774
-774
-750
-797
-790
-788
-779
-778
-755
-783
-762
-760
-790
-767
-780
-753
-742
-761
-776
-759
-760
-752
-766
-775
-749
-749
-760
-761
-762
-748
-736
-734
-746
-741
-730
-732
-740
-758
-742
-749
-726
-745
-729
-706
-731
-747
-747
-755
-761
-786
-764
-768
-770
-745
-778
-740
-733
-745
-727
-712
-697
-731
-741
-712
-714
-708
-698
-704
-686
-706
-715
-702
-699
-691
-728
-716
-716
-694
-685
-680
-713
-689
-686
-711
-723
-733
-728
-722
-754
-726
-717
-734
-749
-748
-692
-739
-712
-669
-694
-670
-694
-735
-691
-695
-704
-674
-673
-660
-655
-697
-679
-683
-712
-707
-718
-716
-699
-694
-665
-669
-665
-670
-657
-654
-683
-669
-657
-638
-640
-610
-615
-643
-619
-647
-653
-668
-673
-644
-634
-619
-667
-643
-646
-630
-613
-650
-621
-639
-645
-651
-645
-619
-623
-647
-659
-678
-684
-668
-699
-717
-723
-695
-692
-701
-696
-697
-733
-759
-771
-782
-786
-781
-755
-735
-744
-765
-769
-773
-774
-738
-770
-718
-735
-739
-728
-731
-743
-732
-684
-734
-725
-771
-750
-712
-720
-704
-735
-755
-718
-720
-733
-756
-739
-745
-754
-725
-729
-753
-750
-733
-746
-741
-725
-737
-773
-721
-707
-747
-677
-719
-711
-672
-724
-692
-708
-674
-635
-664
-664
-680
-681
-655
-638
-651
-647
-632
-649
-644
-618
-604
-592
-630
-636
-595
-594
-606
-612
-623
-633
-614
-632
-635
-587
-587
-603
-560
-622
-639
-616
-624
-620
-642
-620
-603
-625
-604
-596
-583
-558
-583
-598
-585
-568
-575
-585
-588
-579
-602
-577
-621
-617
-588
-640
-631
-641
-611
-604
-603
-632
-605
-575
-569
-571
-583
-598
-594
-584
-566
-524
-505
-545
-541
-521
-556
-540
-553
-536
-550
-563
-553
-556
-552
-577
-573
-605
-591
-554
-562
-571
-540
-577
-603
-572
-567
-559
-619
-597
-605
-609
-585
-649
-629
-619
-616
-651
-643
-635
-624
-598
-563
-568
-538
-530
-566
-546
-563
-538
-568
-562
-605
-592
-549
-568
-556
-550
-544
-537
-532
-525
-505
-513
-506
-524
-499
-519
-474
-496
-518
-483
-517
-493
-467
-454
-482
-463
-487
-479
-460
-447
-473
-455
-464
-443
-462
-468
-447
-485
-482
-476
-513
-501
-457
-509
-508
-504
-471
-458
-490
-440
-493
-492
-483
-494
-496
-533
-501
-522
-541
-536
-529
-514
-479
-493
-504
-481
-457
-487
-513
-483
-501
-512
-480
-483
-495
-466
-476
-469
-484
-502
-516
-480
-479
-471
-463
-480
-497
-486
-494
-505
-480
-521
-508
-509
-532
-528
-517
-520
-515
-485
-446
-471
-492
-471
-443
-483
-470
-448
-451
-431
-433
-435
-463
-443
-469
-478
-481
-464
-447
-456
-461
-444
-447
-459
-451
-451
-440
-459
-444
-429
-439
-451
-426
-439
-421
-453
-441
-427
-445
-420
-434
-431
-412
-404
-445
-435
-425
-460
-454
-434
-450
-417
-417
-458
-437
-426
-460
-432
-422
-399
-439
-464
-441
-449
-446
-457
-448
-441
-449
-493
-461
-464
-455
-479
-459
-467
-474
-447
-507
-502
-501
-531
-535
-503
-455
-488
-471
-488
-520
-481
-513
-462
-505
-512
-474
-472
-483
-476
-461
-453
-470
-453
-487
-488
-451
-489
-469
-463
-487
-466
-501
-486
-468
-503
-470
-484
-489
-482
-489
-499
-479
-455
-470
-519
-495
-510
-506
-490
-540
-481
-488
-462
-439
-454
-425
-400
-447
-474
-453
-476
-473
-434
-483
-444
-435
-430
-400
-437
-457
-444
-404
-422
-437
-450
-434
-412
-410
-410
-409
-418
-394
-373
-390
-376
-384
-388
-383
-350
-352
-372
-351
-329
-361
-393
-355
-322
-338
-330
-318
-339
-358
-353
-360
-337
-369
-375
-315
-322
-271
-311
-323
-264
-300
-287
-313
-288
-254
-308
-303
-327
-312
-287
-301
-301
-290
-289
-321
-311
-303
-291
-261
-275
-289
-364
-284
-294
-347
-335
-345
-335
-334
-337
-304
-305
-313
-321
-323
-344
-363
-349
-351
-342
-355
-318
-330
-358
-344
-369
-396
-369
-339
-361
-363
-370
-372
-373
-363
-327
-370
-346
-315
-360
-381
-368
-314
-323
-320
-319
-324
-323
-330
-313
-320
-305
-302
-305
-299
-280
-301
-310
-298
-324
-324
-359
-378
-343
-375
-338
-347
-385
-371
-346
-376
-376
-345
-360
-370
-380
-368
-373
-360
-385
-397
-373
-365
-351
-354
-350
-341
-334
-329
-354
-334
-360
-363
-398
-367
-343
-347
-351
-368
-382
-388
-335
-346
-334
-362
-316
-333
-317
-335
-317
-313
-346
-325
-356
-354
-331
-319
-293
-270
-275
-277
-279
-276
-277
-295
-287
-244
-288
-258
-258
-257
-224
-258
-216
-235
-219
-212
-230
-186
-207
-202
-230
-192
-194
-212
-197
-205
-130
-151
-161
-162
-155
-144
-153
-140
-139
-181
-196
-168
-180
-189
-185
-181
-145
-164
-165
-162
-197
-194
-162
-178
-203
-209
-194
-170
-207
-211
-209
-239
-191
-218
-210
-204
-193
-209
-252
-263
-267
-239
-195
-197
-199
-201
-219
-209
-212
-203
-229
-218
-194
-213
-227
-238
-221
-232
-243
-246
-245
-238
-233
-199
-224
-239
-221
-239
-231
-244
-250
-266
-299
-276
-256
-304
-294
-259
-251
-286
-277
-251
-263
-276
-293
-288
-293
-254
-223
-241
-268
-295
-281
-262
-293
-271
-264
-297
-294
-320
-307
-295
-310
-314
-314
-304
-328
-327
-327
-325
-309
-312
-314
-321
-305
-300
-339
-310
-330
-309
-293
-324
-302
-296
-278
-252
-280
-296
-258
-267
-280
-268
-263
-293
-260
-249
-233
-246
-255
-249
-253
-233
-273
-263
-292
-224
-216
-238
-244
-225
-199
-219
-215
-219
-217
-221
-210
-217
-207
-195
-222
-228
-226
-273
-281
-241
-240
-227
-222
-214
-215
-259
-240
-228
-262
-237
-206
-210
-233
-209
-190
-164
-189
-176
-140
-153
-190
-185
-174
-208
-176
-187
-165
-181
-173
-167
-165
-153
-163
-174
-195
-197
-187
-188
-198
-182
-190
-203
-190
-172
-177
-200
-178
-169
-181
-140
-152
-193
-187
-201
-194
-165
-187
-207
-264
-201
-161
-184
-207
-250
-225
-211
-211
-244
-224
-227
-215
-179
-153
-154
-184
-181
-184
-185
-181
-141
-142
-144
-139
-148
-154
-169
-163
-197
-183
-159
-152
-140
-156
-135
-154
-151
-148
-135
-126
-182
-157
-165
-138
-141
-136
-150
-166
-132
-157
-130
-142
-160
-172
-155
-111
-165
-148
-164
-156
-146
-157
-133
-141
-132
-132
-140
-125
-158
-134
-136
-132
-142
-166
-138
-189
-167
-153
-149
-132
-146
-165
-180
-183
-202
-184
-172
-171
-202
-189
-162
-229
-183
-160
-146
-150
-163
-165
-161
-184
-172
-220
-149
-155
-215
-213
-221
-144
-184
-185
-204
-203
-173
-149
-159
-218
-209
-192
-192
-151
-142
-174
-170
-133
-114
-75
-81
-117
-112
-116
-139
-131
-107
-99
-150
-104
-75
-83
-76
-72
-46
-78
-83
-103
-99
-76
-80
-43
-74
-54
-60
-58
-74
-73
-48
-54
-22
-53
-57
-79
-70
-72
-108
-96
-54
-32
-70
-11
-35
-37
0
-9
-20
-61
-74
-46
-38
-71
-74
-62
-72
-46
-34
-80
-67
-66
-29
-18
-53
-59
-32
-56
-40
-37
-50
-48
-70
-76
-45
-80
-60
-37
-63
-46
-17
-31
-17
-5
-18
-13
-32
-7
-6
-1
-3
8
15
51
36
64
46
29
21
-9
-11
-32
-5
-28
-19
9
5
-42
-17
11
19
16
-22
-36
22
31
-1
9
-17
-19
-21
-15
-29
-36
-65
-27
-76
-71
-58
-46
-52
-99
-43
-85
-57
-78
-89
-103
-103
-119
-102
-112
-104
-101
-139
-143
-121
-90
-134
-109
-104
-130
-154
-125
-129
-127
-110
-141
-149
-141
-172
-214
-180
-167
-208
-200
-178
-150
-173
-198
-169
-144
-176
-186
-164
-215
-179
-178
-190
-181
-174
-186
-180
-162
-161
-154
-168
-179
-156
-127
-158
-144
-159
-175
-139
-136
-162
-149
-162
-134
-159
-148
-115
-112
-84
-98
-111
-82
-102
-57
-64
-66
-28
-68
-62
-47
-37
-112
-96
-51
-97
-90
-86
-85
-80
-70
-58
-43
-71
-70
-82
-104
-81
-68
-37
-62
-98
-70
-37
-41
-63
-39
-45
-38
-21
-26
-50
-97
-47
-44
-36
-21
-46
-12
-3
4
-33
-36
-16
27
-45
-6
5
-20
-1
-11
-25
-24
-48
-55
-18
-29
15
-10
-3
-15
-4
-38
-59
2
-8
-17
-36
-57
-48
-45
-70
-87
-88
-49
-64
-45
-76
-56
-91
-84
-66
-50
-86
-73
-71
-122
-89
-44
-66
-77
-56
-69
-58
-60
-42
-62
-46
-50
-62
-34
-33
-68
-68
-62
-60
-81
-78
-86
-69
-113
-69
-117
-81
-51
-111
-88
-91
-80
-83
-96
-114
-85
-99
-85
-81
-79
-52
-68
-91
-89
-72
-95
-99
-109
-112
-125
-114
-114
-109
-84
-93
-83
-82
-54
-45
-63
-108
-127
-93
-122
-97
-113
-105
-138
-167
-84
-72
-84
-120
-78
-35
-74
-88
-36
-44
-58
-82
-50
-63
-65
-62
-105
-83
-63
-88
-64
-50
-74
-50
-56
-46
-43
-71
-57
-91
-56
-54
-46
-52
-79
12
1
-81
-77
-67
-41
-58
-64
-34
-44
-42
-35
-19
-53
-49
-19
-25
-42
-16
-26
-18
-5
-33
-56
-32
-35
-1
4
-22
-12
-39
-59
-79
-52
-38
-55
-44
12
-18
-18
-8
-17
20
1
-8
20
23
40
20
7
44
14
42
8
-11
15
27
-8
13
35
2
-3
-18
-25
0
-17
-37
2
-8
-30
-22
4
24
31
0
35
67
19
0
36
45
9
0
-18
-8
-20
6
-17
-33
-5
-15
-40
-9
12
1
-7
-61
-60
-48
-38
-30
-45
-59
-45
-36
-41
-39
-29
-73
-82
-56
-49
-36
-54
-65
-42
-83
-89
-69
-102
-74
-94
-100
-89
-127
-130
-125
-124
-115
-91
-106
-115
-122
-95
-126
-112
-105
-116
-93
-126
-103
-130
-82
-71
-107
-94
-81
-128
-121
-65
-80
-118
-147
-124
-117
-90
-93
-84
-50
-52
-47
-43
-47
-3
-57
-60
-34
-40
-43
-33
-43
-22
-23
-10
-41
-13
-1
-102
-29
-3
-25
-27
-5
-5
-8
5
-16
-18
4
3
44
35
33
43
16
23
34
-21
-2
11
25
21
16
20
27
36
34
-14
-18
-9
-25
7
10
-6
-16
-16
-31
-34
13
5
-3
-25
-10
-27
1
10
-51
-19
-44
-32
-18
-19
-17
-14
17
-7
-25
-53
-63
-51
-38
-73
-64
-78
-58
-49
-95
-58
-32
-55
-67
-54
-85
-42
-47
-86
-67
-73
-67
-27
-50
-45
-64
-46
-17
-52
-88
-50
-73
-100
-69
-78
-62
-23
-30
-15
-26
-30
-58
-45
-34
-65
-53
-87
-61
-49
-43
-36
-39
-26
-13
-25
1
13
-22
-32
-16
-47
-44
-31
-53
-59
-45
-4
-21
-32
-65
-57
-51
-25
-52
-32
-3
-44
-41
-49
-33
-33
-31
-29
-3
-14
8
10
10
-27
-33
-17
13
7
-24
-20
-46
-85
-34
-26
-61
-19
-37
-47
-31
-31
-52
-49
-55
-40
-91
-106
-40
-91
-77
-101
-118
-143
-112
-87
-73
-99
-127
-95
-116
-75
-81
-97
-57
-73
-72
-91
-73
-64
-75
-53
-52
-39
-19
-59
-34
-3
-47
-36
-11
-46
-35
-26
-57
-70
-57
-45
-49
-35
-53
-89
-86
-66
-63
-47
-92
-63
-89
-85
-40
-59
-29
-56
-91
-71
-88
-75
-68
-86
-67
-79
-75
-58
-37
-61
-62
-49
-55
-66
-65
-42
-40
-74
-46
-16
-4
14
-9
-7
-11
-22
-2
-32
-29
-31
-25
4
-16
2
2
25
15
47
20
-6
-28
-4
16
-20
-5
42
20
11
3
23
6
5
-11
-12
8
-32
-22
-37
-4
-22
14
17
30
8
21
54
13
28
-19
-17
-5
4
-5
7
22
38
-2
-6
21
3
10
16
20
20
21
32
51
68
42
18
-2
14
13
-12
25
22
-46
-7
-30
2
38
15
52
18
51
28
9
16
37
12
