133
131
97
97
152
74
84
86
91
112
87
62
53
67
43
58
60
48
11
42
13
-17
6
-1
27
66
51
32
40
24
0
-49
-59
-4
-19
-34
-27
-47
-16
-45
-26
-2
-28
-10
-36
-58
-3
-26
-15
-15
-9
-31
-42
4
-4
-21
-12
14
-35
-18
-8
15
-22
-38
-32
-40
-17
-35
-17
-19
-31
1
4
-43
4
-4
5
19
15
28
18
7
18
45
-7
-2
10
-18
0
-4
-17
-1
-53
-35
2
11
-38
-5
35
-47
-8
-20
-39
-11
-41
-33
-44
-37
1
27
32
41
42
38
51
69
50
32
60
41
32
60
26
49
50
-1
43
37
26
56
106
69
23
45
34
34
20
45
67
52
35
25
55
57
36
3
29
16
-5
12
60
42
21
61
49
5
-18
9
27
9
42
47
55
39
62
47
52
-17
-15
13
-2
18
-29
-59
-20
-54
-52
-38
-31
-6
-34
-51
-12
-17
-40
5
-5
-3
5
6
-5
15
52
24
6
22
6
22
7
16
-9
-42
-25
-11
-9
-26
5
-19
1
9
-38
-3
-35
-9
-22
2
63
31
14
-20
-7
16
-35
9
13
-11
36
-15
-4
-29
-14
-30
-24
-32
-22
-5
0
31
12
30
17
12
25
51
32
21
23
49
58
64
69
60
100
44
74
105
36
49
84
76
116
118
129
120
150
163
170
193
144
129
166
173
136
111
117
143
127
133
140
147
144
115
104
132
129
131
152
155
119
125
175
167
167
176
184
153
193
167
178
162
152
199
217
253
213
202
180
189
232
202
224
187
195
198
174
200
189
194
172
206
229
228
215
223
210
221
233
176
206
235
201
222
238
173
212
213
171
125
88
164
140
141
183
148
158
163
166
181
187
203
213
204
229
229
188
194
168
138
151
168
189
210
183
222
194
151
153
186
181
152
155
111
80
67
83
82
69
65
52
35
49
14
2
47
34
38
49
86
81
96
105
115
115
76
64
91
94
77
73
50
85
129
95
93
105
88
106
94
84
70
75
116
74
80
61
88
132
87
134
142
101
111
111
101
143
99
70
78
69
45
70
96
43
56
71
80
97
106
111
134
128
165
135
109
143
147
118
142
113
125
167
167
137
126
153
151
154
156
150
122
159
167
105
94
98
125
118
87
92
72
110
84
96
73
73
67
80
81
73
73
41
86
90
77
63
44
43
41
39
58
35
12
58
55
37
17
2
44
41
61
70
29
43
-3
-7
-6
21
22
28
5
52
63
60
119
31
56
67
43
70
40
37
7
20
17
-22
8
-10
37
20
3
44
27
23
2
-19
-1
-14
-19
-18
27
-3
18
91
90
71
103
116
96
84
93
104
81
81
29
16
38
60
89
137
134
140
175
180
147
143
144
135
102
126
161
148
187
158
166
168
127
131
134
127
154
132
111
143
161
142
147
133
143
157
168
198
184
228
205
196
189
195
179
193
189
179
190
219
236
232
257
269
293
275
259
282
290
294
249
277
290
326
334
308
312
286
298
282
256
242
289
269
261
293
252
236
237
227
239
249
214
194
209
214
222
225
244
257
248
282
269
266
221
240
253
261
276
251
271
212
248
231
221
246
213
266
282
236
226
257
264
240
236
214
192
207
171
175
174
153
220
196
201
186
160
209
224
216
231
204
184
183
209
204
211
234
212
196
197
214
205
226
204
238
256
269
271
254
258
258
238
248
222
214
298
262
262
267
270
290
263
251
243
252
277
260
261
272
264
301
302
269
292
297
293
312
297
316
285
320
308
295
323
294
303
298
310
310
308
295
296
308
346
309
271
296
326
306
302
321
330
331
344
351
350
325
315
335
342
363
388
386
360
380
368
351
386
320
265
301
262
329
323
285
284
267
245
273
304
307
312
287
287
286
295
301
262
250
285
248
290
248
256
271
273
257
262
246
248
211
201
231
232
234
177
191
188
189
241
244
179
218
190
153
188
233
230
230
231
228
248
254
239
225
252
252
231
247
245
226
205
219
200
161
193
215
204
198
248
223
238
283
224
244
226
242
250
177
224
231
224
238
220
243
227
256
206
225
242
227
230
234
239
237
235
237
244
243
276
231
269
254
214
230
254
277
259
240
253
256
223
233
249
277
262
262
232
194
197
174
170
205
248
240
227
200
186
234
254
211
242
262
255
257
196
258
230
222
231
247
236
210
231
201
254
284
239
241
252
247
248
234
241
256
241
225
230
236
241
207
247
228
230
193
167
207
210
226
191
194
195
210
195
201
219
221
212
161
160
163
180
177
190
202
214
206
169
194
182
174
198
216
239
277
228
243
228
242
214
244
251
257
262
244
249
282
267
272
249
237
272
260
289
289
276
284
283
261
244
264
281
294
288
301
308
312
319
255
327
302
309
325
331
329
321
300
326
362
336
324
326
334
317
337
310
327
311
314
300
314
288
296
298
260
274
228
232
241
245
264
305
312
294
296
301
290
297
303
283
264
283
283
254
251
254
247
265
245
257
274
275
275
234
250
241
220
266
265
258
250
230
224
222
227
228
247
230
233
264
279
283
277
276
274
284
232
202
215
233
227
232
180
204
180
166
170
181
193
206
215
171
179
198
221
156
177
179
135
163
134
185
160
151
202
198
165
152
148
136
199
170
166
186
211
192
153
139
138
159
155
159
154
175
214
188
224
209
155
152
201
210
156
184
174
203
195
156
172
201
214
219
222
208
214
236
223
227
263
228
200
233
201
227
245
244
267
263
292
282
289
269
243
283
320
301
310
304
302
282
254
305
275
293
288
255
285
304
317
283
264
244
262
271
237
253
251
253
248
252
253
236
272
269
267
222
262
246
258
268
286
315
293
326
256
299
292
289
275
283
319
283
288
310
317
263
258
214
217
263
235
292
245
236
306
325
320
280
282
267
242
303
322
280
271
290
265
274
288
256
208
200
217
210
244
260
259
254
243
198
192
205
225
220
246
222
225
269
293
301
247
297
292
266
307
278
263
285
313
269
234
248
248
207
205
247
207
234
254
235
217
201
181
196
193
196
177
197
210
165
210
211
256
240
189
215
189
216
230
237
207
194
243
275
245
231
248
181
223
209
233
260
250
256
243
254
273
288
285
246
202
267
212
222
251
256
270
284
260
280
285
236
313
300
291
290
300
256
285
324
276
308
263
310
259
309
294
287
297
239
274
255
232
247
286
281
319
308
329
302
297
280
259
265
267
253
244
249
267
264
266
287
306
284
237
232
230
244
206
229
219
197
206
252
263
263
295
289
284
260
251
246
218
254
246
238
208
216
260
194
203
212
253
262
243
225
226
208
185
220
222
186
223
219
183
195
162
172
170
187
170
172
177
152
160
184
147
157
172
160
134
114
95
106
107
114
111
41
76
69
84
81
77
110
53
49
24
32
47
10
37
8
22
33
34
30
39
28
20
54
52
18
-15
-8
6
35
47
27
34
67
66
76
34
46
33
46
79
69
46
74
66
36
67
52
40
74
98
61
18
66
66
60
57
24
86
77
86
87
70
101
70
84
51
76
85
76
79
65
56
92
84
60
111
96
107
105
79
84
90
78
82
64
72
85
71
56
96
77
77
111
77
110
100
106
49
60
56
60
58
81
87
46
40
64
31
50
73
1
16
43
63
68
51
49
48
24
35
46
21
1
13
30
16
20
32
16
38
15
22
24
51
52
42
51
24
19
59
54
19
38
39
70
58
60
41
29
17
25
22
5
70
45
35
-27
-20
58
60
91
23
79
49
44
57
18
42
24
16
11
19
18
56
3
10
-5
-8
16
-3
61
56
7
-2
-3
20
29
-8
44
17
9
1
39
11
31
52
2
14
-29
2
2
42
11
6
9
5
-5
-8
-22
6
18
26
9
16
60
26
34
12
16
28
35
62
26
12
24
27
7
-20
-18
29
31
28
19
-25
-15
-47
-37
-2
-44
-11
-65
-69
-49
-84
-64
-64
-59
-62
-24
-20
-20
-23
-36
-7
-5
-25
-36
0
-34
-20
-12
-27
4
6
-25
-25
-6
20
19
1
22
21
5
5
17
14
-22
-63
-22
-50
-55
-52
-32
-29
-43
0
-29
-32
-44
-14
-20
-31
-19
-30
-14
-23
-27
-45
-70
-44
-33
-63
-30
-54
-85
-66
-74
-56
-87
-97
-84
-92
-95
-109
-102
-104
-132
-104
-99
-117
-65
-106
-116
-115
-95
-67
-104
-115
-111
-102
-105
-123
-70
-94
-78
-70
-81
-45
-23
-65
-81
-86
-50
-93
-121
-92
-119
-110
-89
-106
-129
-125
-141
-123
-113
-150
-163
-143
-151
-130
-155
-154
-125
-158
-190
-179
-212
-183
-174
-178
-175
-189
-195
-214
-216
-194
-228
-244
-215
-241
-226
-178
-201
-195
-190
-189
-200
-180
-169
-185
-186
-215
-198
-250
-253
-224
-240
-248
-247
-243
-256
-255
-262
-224
-293
-262
-251
-297
-276
-267
-218
-244
-266
-281
-263
-244
-265
-271
-300
-287
-303
-280
-232
-280
-264
-252
-280
-285
-315
-294
-292
-278
-311
-265
-269
-288
-280
-318
-290
-318
-266
-286
-306
-288
-297
-278
-280
-279
-266
-276
-271
-279
-285
-277
-275
-269
-313
-302
-273
-296
-250
-252
-248
-295
-244
-210
-262
-207
-217
-185
-241
-248
-183
-196
-185
-210
-209
-174
-188
-165
-174
-199
-185
-180
-170
-170
-188
-180
-130
-170
-133
-143
-176
-127
-124
-133
-100
-121
-121
-113
-139
-112
-129
-134
-136
-135
-157
-134
-137
-148
-141
-89
-47
-45
-51
-68
-71
-73
-72
-56
-91
-83
-77
-88
-79
-78
-26
-80
-91
-54
-54
-47
-50
-65
-76
-49
-21
-73
-97
-47
-64
-75
-98
-98
-94
-90
-106
-97
-107
-105
-116
-126
-103
-96
-120
-90
-103
-130
-122
-129
-99
-109
-65
-79
-103
-75
-82
-82
-98
-84
-114
-89
-114
-123
-110
-113
-48
-48
-61
-63
-109
-94
-106
-92
-78
-93
-92
-76
-77
-99
-102
-117
-116
-130
-114
-107
-127
-91
-103
-97
-100
-113
-103
-141
-95
-108
-89
-76
-79
-54
-63
-92
-118
-98
-102
-62
-79
-36
-33
-48
-48
-63
-76
-54
-37
-49
-51
-85
-75
-70
-59
-26
-77
-73
-51
-71
-84
-109
-85
-82
-99
-95
-114
-68
-17
-25
-9
-13
-24
31
22
6
-29
-19
35
24
42
7
-12
20
31
26
66
34
-16
7
36
7
4
-14
-30
-8
6
-14
-22
-20
-24
-5
-4
-26
0
22
-2
5
-16
-41
-55
-43
-7
-46
-92
-52
-36
-39
-78
-79
-52
-93
-84
-67
-106
-109
-74
-85
-110
-65
-140
-116
-84
-156
-139
-95
-84
-60
-34
-83
-146
-150
-116
-141
-144
-128
-169
-154
-129
-190
-147
-114
-139
-132
-142
-157
-136
-112
-119
-117
-116
-127
-111
-51
-61
-102
-118
-78
-81
-89
-65
-108
-89
-82
-116
-98
-146
-133
-116
-120
-97
-126
-121
-119
-167
-148
-90
-75
-81
-87
-83
-104
-77
-76
-64
-103
-76
-66
-47
-56
-60
-25
-46
-41
-44
-29
-27
-44
-26
-14
-16
-19
-41
-59
-82
-70
-43
-80
-67
-53
-42
-42
-73
-34
16
-27
-68
-102
-36
-27
-66
-35
-45
-12
-27
-21
-13
-49
-57
-57
-42
-21
-15
-30
-4
-29
7
-63
-53
-50
-19
2
-32
-4
-42
-7
-26
-54
-68
-67
-41
-50
-76
-90
-62
-51
-86
-53
-37
-76
-40
-44
-69
-39
-15
-46
-68
14
1
-48
-69
-52
-68
-73
-81
-88
-106
-65
-62
-120
-119
-78
-57
-58
-109
-135
-60
-50
-69
-90
-66
-63
-77
-57
-82
-110
-82
-89
-98
-86
-78
-42
-50
-71
-82
-63
-77
-50
-73
-72
-62
-59
-59
-44
-86
-69
-93
-93
-9
-24
-19
-1
2
-25
-7
-8
-45
-11
-39
-22
16
42
-20
-27
0
-35
-4
-5
-5
-25
-30
1
17
-34
-32
-13
16
-14
-10
19
-8
43
42
33
17
58
19
48
8
-6
35
15
55
42
112
99
95
129
124
119
85
81
81
90
99
109
104
95
99
86
114
133
103
123
149
108
112
112
121
123
106
97
91
95
67
78
101
94
56
36
87
102
114
104
105
116
104
111
117
45
13
45
46
47
58
73
70
55
78
107
88
72
122
107
151
133
129
145
170
144
58
127
99
122
112
103
135
157
134
87
105
94
51
136
97
78
126
97
148
148
115
116
148
118
102
122
144
157
94
159
161
148
151
122
116
134
176
123
131
133
118
141
154
133
160
163
193
166
144
93
124
163
107
106
119
139
133
193
164
198
219
217
167
171
189
168
203
216
232
217
167
153
162
178
184
156
189
181
155
175
174
188
180
183
186
178
189
215
214
176
230
218
209
197
164
201
176
165
177
230
222
222
199
195
221
180
141
148
195
184
139
170
200
180
175
181
191
201
199
214
224
180
179
181
156
150
159
163
141
153
180
155
170
133
119
101
101
72
106
101
93
111
80
95
67
88
119
108
123
129
85
102
76
61
58
64
84
41
53
71
39
24
-9
26
52
27
5
23
-9
-22
2
6
9
-14
-4
-4
49
23
99
60
1
36
26
24
-30
-3
26
38
26
55
58
70
74
59
75
49
55
75
68
40
60
49
85
73
85
51
24
95
114
110
104
105
93
104
127
145
87
69
69
58
48
81
66
71
115
108
107
132
113
101
85
120
125
68
121
78
133
109
104
153
121
159
135
146
166
163
185
150
136
136
129
168
184
162
166
151
138
131
120
122
110
100
103
70
70
102
103
118
124
101
101
88
68
64
68
79
69
61
94
94
53
83
80
41
71
35
43
30
18
22
13
-13
6
43
64
56
22
57
56
43
11
48
54
15
57
17
42
98
68
45
35
17
16
5
7
-14
-6
-19
-26
-13
-7
-11
-27
8
50
43
49
7
24
56
24
4
-15
49
26
51
99
95
150
127
139
99
73
82
85
116
105
106
126
126
105
107
92
109
117
101
108
100
121
128
160
172
154
169
131
144
103
93
157
116
120
143
120
162
122
117
129
113
116
138
155
170
175
149
167
150
96
119
142
134
142
126
132
121
141
143
106
128
107
97
103
139
139
115
125
134
78
141
146
82
140
165
172
161
157
136
114
149
89
103
122
105
102
87
91
113
121
80
110
94
90
83
107
114
53
70
108
76
82
79
86
24
-1
52
65
35
29
46
39
46
70
87
44
34
71
40
47
77
66
44
24
36
34
30
64
47
46
32
53
55
53
66
50
42
7
36
20
-6
68
35
31
58
35
19
14
7
5
38
38
77
77
78
94
98
82
100
84
36
86
88
51
30
83
80
87
101
78
91
90
96
103
106
119
70
105
118
112
133
115
101
136
107
66
99
73
111
106
87
95
166
114
113
128
133
161
114
136
121
171
187
157
150
115
126
125
130
121
129
153
135
121
128
89
43
103
86
86
76
66
49
43
42
28
32
81
81
57
57
88
95
24
73
93
67
29
24
14
-11
44
33
-9
47
47
49
62
57
37
59
33
28
53
50
58
42
63
55
71
72
67
56
97
61
36
103
124
114
102
91
79
74
86
55
55
69
58
61
72
21
85
79
47
111
83
43
69
63
67
62
86
128
83
51
-4
39
40
27
58
70
76
45
39
76
51
53
102
77
91
82
105
92
134
115
95
94
86
105
50
88
87
133
148
133
145
170
163
158
155
164
179
119
110
164
142
116
103
154
156
134
119
132
189
177
142
167
149
111
113
138
128
84
75
66
120
110
93
58
65
81
78
97
75
48
100
56
8
42
79
82
51
42
36
21
35
59
60
64
73
48
42
74
66
58
56
30
44
45
29
37
28
44
69
47
10
40
6
-1
5
-13
19
50
7
-28
-29
-43
-20
17
0
51
10
3
25
34
50
-9
6
-6
0
28
-10
-8
-28
-13
19
5
-43
-34
-39
-4
16
-6
-28
-59
-19
-47
-4
-35
-63
-60
-44
-26
-59
-46
-18
0
-12
28
16
5
11
4
29
-14
4
-4
-26
-52
-7
46
-30
2
-32
-28
-39
-37
-11
-9
-42
-31
-17
6
-10
-41
4
20
6
-23
-16
-12
6
-41
-14
7
-19
8
-17
20
19
18
-41
-12
-19
-18
9
-3
-33
13
22
-5
-15
-38
23
19
-4
3
4
25
19
29
27
8
57
47
20
5
-48
-39
-12
11
16
26
49
-17
-15
-20
-10
7
20
41
23
-19
24
13
14
28
-2
4
-2
10
19
25
14
13
-18
5
-29
-32
-22
15
-13
10
12
2
-2
-18
-20
-16
6
-77
-9
13
-5
20
-42
-51
-31
-35
-57
-45
-89
-93
-88
-58
-70
-116
-69
-51
-46
-74
-109
-94
-64
-76
-52
-54
-60
-46
-61
-26
-60
-21
-47
-57
-33
-61
9
-47
-42
-54
4
0
-20
-49
-66
-23
-6
-28
-10
-11
-27
-27
-24
-29
-36
-50
-71
-40
-35
-3
7
-33
-13
-11
10
20
14
-11
25
26
44
77
16
69
48
97
83
90
115
117
117
126
123
85
88
67
64
25
51
30
27
78
39
59
83
86
109
89
79
93
90
83
90
110
90
115
73
65
67
83
114
101
105
98
128
143
118
134
143
130
107
118
106
100
122
92
86
81
72
44
66
71
115
103
108
125
55
74
56
71
63
57
91
87
63
61
102
102
118
57
117
90
78
91
74
96
104
129
115
132
95
107
109
132
93
125
152
87
135
96
112
132
143
111
127
126
98
151
112
117
108
110
100
87
96
89
93
96
65
74
108
63
83
128
107
82
129
116
147
128
141
141
102
122
110
145
122
148
155
150
164
135
172
166
139
128
114
127
112
145
132
136
142
119
109
138
134
117
111
86
107
109
76
79
87
78
102
60
42
40
55
50
1
14
36
52
0
23
16
12
36
22
40
52
58
53
83
101
80
74
49
68
73
25
17
35
25
-14
-22
-13
5
-11
25
55
35
-14
11
-4
-29
18
-26
-90
-59
2
-25
-37
-22
-22
-49
-65
-42
-44
-85
-45
-56
-85
-94
-119
-78
-121
-123
-116
-98
-78
-92
-62
-94
-85
-57
-40
-75
-57
-39
-52
-80
-49
-45
-40
-31
-60
-22
-72
-35
-32
-51
-67
-50
-31
-34
-39
-74
-41
-51
-62
-81
-42
-36
-65
-69
-59
-26
-49
-53
-62
-29
-16
-36
-11
-49
-21
-57
-57
-47
-37
-32
-12
-26
-28
-36
-55
-20
-22
-37
-52
-73
-64
4
-49
-29
6
-39
-21
-46
-16
-25
-64
-63
-42
-37
-66
-22
-31
-39
-69
-20
-9
-34
-42
-19
-40
-18
-49
-87
-75
-118
-77
-43
-58
-51
-64
-86
-25
-48
-86
-61
-50
-44
-58
-54
-37
-5
-76
-43
-8
-4
20
8
-17
-29
-3
-47
-5
-3
-20
-16
0
6
-47
-50
10
-16
-43
10
15
-34
-31
-9
-44
-50
-27
-59
-32
-46
-26
-25
-56
-28
-75
-23
-12
-21
21
-19
-27
-35
-12
3
-10
1
11
-13
-1
25
27
14
12
72
76
61
83
68
74
66
58
79
99
64
52
75
31
41
62
52
64
34
3
13
50
36
49
70
92
99
61
71
74
98
92
95
11
31
65
51
61
37
68
31
45
10
50
65
48
48
57
53
46
67
43
30
13
57
69
58
89
85
86
54
92
120
81
129
85
85
83
56
92
77
92
76
48
62
74
86
87
63
-6
62
79
42
46
22
90
77
44
72
92
38
61
54
74
86
71
92
69
105
80
68
66
74
63
23
70
50
62
71
73
66
46
51
67
79
55
57
30
-5
29
23
29
24
28
3
-5
31
-8
5
30
29
18
-45
11
12
19
43
20
15
32
55
71
78
-6
25
-5
-6
76
57
64
-2
19
109
91
88
94
59
32
-6
17
38
21
53
27
27
66
37
37
71
63
58
85
69
57
71
75
71
89
86
102
52
18
45
18
73
52
20
37
44
93
37
48
65
82
65
37
50
48
27
-7
18
14
33
13
-3
-12
-4
15
10
12
10
44
29
13
49
45
50
3
9
26
-2
17
-22
14
45
14
38
47
45
16
-1
-56
-41
-44
-66
-12
-44
-69
-67
-102
-90
-49
-53
-45
-83
-50
-117
-127
-102
-87
-75
-88
-83
-101
-88
-79
-112
-74
-73
-98
-88
-96
-96
-91
-74
-108
-103
-73
-82
-87
-93
-88
-114
-88
-56
-121
-127
-103
-97
-84
-102
-59
-74
-80
-136
-141
-102
-140
-137
-142
-142
-90
-47
-114
-117
-140
-123
-106
-145
-147
-141
-153
-162
-149
-131
-135
-193
-145
-168
-157
-181
-147
-140
-143
-100
-134
-139
-110
-159
-159
-109
-159
-119
-128
-126
-106
-117
-155
-153
-150
-173
-193
-193
-201
-191
-184
-156
-137
-182
-200
-170
-172
-184
-186
-199
-166
-201
-181
-192
-166
-174
-197
-188
-217
-186
-211
-205
-195
-229
-215
-263
-209
-233
-235
-190
-202
-206
-249
-240
-257
-233
-214
-190
-239
-197
-188
-207
-205
-245
-251
-235
-234
-257
-260
-279
-309
-291
-242
-261
-233
-246
-245
-217
-260
-269
-276
-267
-305
-289
-330
-323
-305
-286
-285
-272
-262
-301
-314
-307
-336
-333
-333
-320
-321
-348
-306
-382
-419
-396
-427
-414
-407
-398
-370
-396
-397
-416
-413
-387
-412
-401
-435
-470
-482
-482
-459
-492
-506
-481
-466
-449
-472
-485
-517
-525
-503
-505
-533
-551
-505
-543
-531
-527
-572
-589
-585
-539
-582
-596
-591
-543
-542
-595
-580
-668
-664
-665
-682
-669
-686
-721
-706
-665
-701
-735
-818
-825
-814
-848
-864
-865
-891
-918
-935
-971
-957
-953
-959
-960
-1012
-1006
-1042
-1093
-1130
-1141
-1165
-1185
-1172
-1200
-1221
-1273
-1247
-1257
-1289
-1333
-1361
-1395
-1438
-1430
-1464
-1529
-1551
-1546
-1611
-1608
-1635
-1682
-1698
-1724
-1774
-1831
-1824
-1852
-1897
-1954
-2006
-1989
-2035
-2054
-2080
-2129
-2180
-2200
-2214
-2312
-2254
-2265
-2329
-2380
-2391
-2446
-2487
-2470
-2570
-2650
-2687
-2741
-2779
-2866
-2880
-2950
-3008
-3037
-3094
-3121
-3188
-3263
-3347
-3344
-3412
-3508
-3561
-3597
-3637
-3685
-3696
-3761
-3767
-3786
-3809
-3803
-3769
-3761
-3769
-3693
-3643
-3579
-3513
-3453
-3361
-3283
-3204
-3111
-2976
-2903
-2799
-2730
-2656
-2565
-2455
-2399
-2339
-2238
-2184
-2098
-2007
-1942
-1863
-1779
-1735
-1627
-1525
-1473
-1381
-1369
-1315
-1310
-1351
-1318
-1461
-1605
-1739
-1969
-2148
-2410
-2713
-2956
-3254
-3515
-3791
-4060
-4358
-4607
-4883
-5124
-5349
-5592
-5808
-6019
-6199
-6431
-6574
-6753
-6879
-7013
-7094
-7187
-7263
-7254
-7276
-7344
-7363
-7327
-7359
-7394
-7409
-7458
-7506
-7636
-7700
-7762
-7838
-7938
-8056
-8043
-8152
-8170
-8217
-8261
-8308
-8327
-8352
-8345
-8258
-8284
-8287
-8257
-8244
-8229
-8202
-8178
-8135
-8095
-8113
-8106
-8058
-8072
-8006
-8030
-8065
-8036
-8033
-8001
-8013
-7992
-7990
-7983
-8006
-7999
-8022
-7998
-7967
-7980
-7973
-8020
-8042
-8008
-8049
-8081
-8106
-8204
-8276
-8353
-8381
-8474
-8519
-8588
-8661
-8711
-8757
-8816
-8875
-8940
-8987
-9024
-9081
-9142
-9206
-9212
-9303
-9343
-9312
-9381
-9390
-9387
-9369
-9295
-9271
-9241
-9181
-9129
-9091
-8994
-8920
-8899
-8723
-8697
-8600
-8511
-8475
-8388
-8309
-8197
-8142
-8078
-7997
-7852
-7744
-7664
-7511
-7291
-7147
-6926
-6756
-6540
-6346
-6179
-5969
-5838
-5745
-5652
-5584
-5591
-5656
-5698
-5731
-5825
-5903
-5980
-6085
-6091
-6176
-6269
-6218
-6210
-6109
-6029
-5847
-5624
-5360
-5104
-4814
-4464
-4168
-3780
-3386
-2977
-2602
-2202
-1829
-1425
-1056
-738
-366
-83
161
381
546
699
803
899
928
1005
1041
1056
1094
1100
1119
1153
1199
1241
1265
1296
1369
1411
1426
1446
1518
1536
1576
1606
1660
1718
1711
1716
1764
1718
1719
1750
1730
1706
1716
1739
1710
1673
1690
1659
1599
1507
1387
1282
1160
955
741
567
294
-6
-368
-762
-1196
-1622
-2079
-2530
-3002
-3548
-4012
-4494
-4937
-5307
-5682
-6010
-6287
-6518
-6705
-6802
-6882
-6933
-6951
-7025
-7068
-7117
-7174
-7211
-7295
-7317
-7382
-7426
-7416
-7434
-7389
-7372
-7269
-7171
-7059
-6914
-6826
-6717
-6552
-6431
-6351
-6246
-6131
-6088
-5983
-5966
-5944
-5897
-5854
-5878
-5908
-5826
-5848
-5865
-5854
-5868
-5923
-5866
-5850
-5748
-5695
-5567
-5487
-5332
-5159
-5022
-4813
-4688
-4508
-4355
-4155
-3972
-3762
-3602
-3402
-3144
-2946
-2733
-2557
-2331
-2153
-1971
-1813
-1624
-1497
-1453
-1366
-1333
-1218
-1162
-1120
-1083
-1025
-962
-948
-901
-818
-750
-763
-729
-684
-659
-595
-564
-540
-455
-391
-331
-266
-224
-181
-161
-170
-206
-253
-326
-383
-437
-468
-531
-527
-498
-531
-555
-595
-586
-680
-708
-746
-814
-814
-840
-852
-821
-795
-763
-647
-531
-393
-269
-57
182
330
565
826
1065
1275
1548
1746
1986
2187
2384
2543
2734
2976
3142
3398
3568
3846
4107
4293
4589
4861
5171
5494
5758
6062
6323
6547
6665
6640
6571
6351
6035
5678
5312
4897
4526
4164
3808
3503
3250
3022
2835
2773
2676
2688
2673
2682
2808
2772
2862
2902
2978
3097
3169
3263
3311
3401
3524
3599
3662
3766
3807
3864
3916
3958
4041
4079
4106
4174
4176
4246
4257
4304
4280
4295
4351
4355
4385
4375
4384
4386
4412
4425
4469
4474
4506
4497
4554
4658
4631
4660
4683
4662
4725
4765
4742
4744
4687
4649
4683
4707
4705
4705
4692
4731
4709
4714
4680
4623
4645
4569
4527
4529
4435
4382
4375
4314
4310
4238
4218
4268
4234
4216
4145
4139
4142
4069
4037
4028
3993
3951
3919
3928
3937
3915
3930
3947
3971
3944
3943
3971
3960
3876
3856
3867
3798
3785
3828
3803
3835
3833
3823
3898
3847
3934
3965
4035
4052
4070
4093
4109
4125
4134
4249
4316
4349
4400
4497
4594
4683
4774
4846
4888
4966
5005
5005
5087
5167
5217
5259
5335
5407
5488
5602
5745
5819
5945
6076
6147
6260
6426
6511
6632
6771
6856
6941
7030
7095
7198
7267
7353
7455
7503
7573
7616
7696
7764
7796
7858
7838
7891
7943
7944
7940
7980
8034
7942
7931
7897
7852
7843
7805
7732
7702
7629
7560
7471
7434
7433
7397
7354
7276
7252
7216
7138
7044
6960
6884
6805
6735
6650
6545
6492
6436
6425
6328
6342
6355
6359
6362
6371
6440
6463
6499
6503
6512
6471
6477
6498
6531
6578
6614
6733
6784
6792
6818
6853
6892
6932
6983
6982
6958
6934
6899
6906
6854
6841
6848
6807
6797
6780
6774
6792
6729
6703
6654
6619
6593
6541
6525
6532
6546
6505
6481
6445
6477
6473
6460
6505
6516
6537
6577
6586
6561
6570
6570
6574
6584
6606
6640
6626
6629
6657
6672
6688
6651
6596
6603
6577
6534
6514
6511
6484
6437
6443
6371
6360
6344
6311
6308
6351
6374
6302
6324
6315
6317
6314
6365
6369
6418
6444
6380
6365
6357
6326
6382
6393
6363
6363
6375
6335
6258
6267
6262
6253
6226
6193
6169
6144
6112
6065
6069
6065
6026
6022
5988
6000
5975
5981
5981
5935
5917
5876
5889
5896
5923
5908
5958
5966
5957
5991
5941
5936
5920
5906
5920
5910
5864
5820
5833
5794
5772
5784
5727
5718
5674
5631
5593
5597
5607
5575
5525
5525
5518
5509
5512
5489
5481
5428
5431
5426
5384
5379
5376
5434
5381
5353
5403
5350
5334
5331
5349
5348
5298
5328
5286
5255
5288
5219
5213
5190
5129
5144
5108
5070
5077
5083
5040
5014
5042
5007
5007
5002
4951
4945
4924
4906
4864
4897
4881
4913
4850
4810
4830
4781
4786
4785
4764
4775
4791
4791
4783
4740
4736
4724
4715
4683
4679
4624
4616
4587
4573
4582
4536
4547
4509
4522
4460
4420
4455
4445
4407
4446
4418
4414
4410
4371
4382
4352
4344
4365
4362
4321
4324
4289
4242
4251
4244
4255
4231
4223
4165
4172
4184
4126
4161
4122
4102
4084
4072
4066
4037
3993
4011
4010
3981
3958
3993
3937
3935
3914
3908
3894
3922
3909
3846
3859
3828
3836
3794
3795
3801
3815
3823
3777
3721
3740
3684
3712
3689
3688
3689
3661
3677
3662
3628
3621
3614
3576
3595
3558
3539
3516
3523
3476
3451
3485
3480
3481
3467
3408
3386
3343
3338
3380
3371
3349
3321
3337
3295
3337
3322
3309
3269
3260
3230
3212
3230
3192
3181
3162
3155
3179
3192
3163
3131
3131
3125
3111
3117
3075
3106
3070
3075
3115
3100
3067
3049
2999
3025
2973
2963
2972
2937
2944
2946
2935
2944
2941
2881
2862
2834
2880
2849
2852
2861
2850
2857
2840
2814
2801
2782
2774
2741
2753
2764
2780
2745
2740
2755
2697
2746
2711
2654
2662
2624
2622
2579
2564
2626
2602
2606
2582
2604
2593
2570
2534
2571
2590
2549
2524
2545
2539
2559
2546
2511
2510
2468
2457
2457
2489
2472
2465
2469
2434
2475
2452
2407
2422
2432
2407
2344
2339
2380
2361
2321
2273
2298
2281
2284
2240
2261
2300
2253
2216
2253
2243
2172
2182
2138
2144
2133
2102
2129
2153
2138
2206
2167
2142
2136
2105
2119
2035
2013
2070
2016
1975
1975
1983
1955
1975
1992
1973
1952
1945
1947
1877
1840
1911
1880
1820
1858
1845
1825
1843
1773
1827
1840
1816
1786
1743
1806
1771
1718
1722
1732
1692
1689
1683
1689
1667
1688
1688
1646
1632
1635
1629
1639
1636
1605
1657
1639
1570
1515
1572
1563
1574
1613
1586
1536
1571
1546
1506
1567
1526
1509
1485
1491
1494
1450
1489
1506
1483
1497
1437
1440
1440
1400
1417
1397
1401
1375
1349
1339
1348
1274
1230
1265
1223
1245
1230
1205
1255
1205
1225
1218
1199
1198
1188
1198
1230
1250
1196
1237
1226
1195
1200
1211
1195
1176
1123
1124
1150
1109
1096
1104
1083
1099
1071
1083
1090
1037
1084
1048
1057
1017
963
999
958
920
930
898
897
944
901
914
868
885
860
838
848
834
848
823
792
778
780
777
779
742
763
727
772
771
739
767
686
726
760
713
732
688
667
654
649
644
629
650
638
602
571
593
582
555
583
556
568
528
551
608
598
536
536
543
494
567
576
556
535
543
533
506
526
495
479
488
466
421
398
360
365
399
328
367
344
341
331
372
429
373
352
343
429
366
345
366
338
386
361
381
394
418
419
415
422
411
349
333
308
271
309
263
280
294
261
178
182
175
180
242
246
245
323
356
435
454
454
488
510
577
570
650
654
570
666
696
688
710
736
726
711
775
810
857
853
814
873
879
885
957
938
973
995
989
980
928
854
873
823
757
679
615
573
488
483
421
401
413
410
382
354
371
352
362
321
255
240
270
235
207
190
183
195
171
179
123
151
134
146
167
119
102
105
42
-14
-53
-111
-157
-167
-220
-241
-255
-256
-250
-220
-272
-274
-272
-310
-301
-340
-355
-406
-451
-509
-514
-514
-494
-495
-473
-375
-299
-285
-314
-222
-266
-270
-264
-325
-362
-466
-530
-560
-582
-614
-635
-587
-550
-543
-536
-533
-517
-498
-530
-533
-525
-583
-626
-629
-700
-764
-839
-856
-880
-885
-889
-931
-924
-993
-1009
-1028
-1067
-1138
-1249
-1340
-1393
-1573
-1602
-1740
-1863
-1889
-1957
-1973
-1974
-1900
-1856
-1630
-1323
-1123
-708
-302
52
684
1185
1824
2524
3239
4079
4952
5893
6784
7427
7701
8035
8133
7531
6614
5527
4428
3112
1293
-205
-1393
-2675
-3593
-4458
-4887
-5005
-5255
-5097
-5001
-4913
-4688
-4483
-4528
-4579
-4448
-4198
-4127
-4023
-3390
-2625
-1945
-1075
-3
1172
2275
3298
4299
4859
5292
5671
5578
5144
4626
4047
3308
2342
1477
877
137
-491
-976
-1346
-1684
-1927
-2155
-2460
-2811
-3149
-3412
-3948
-4368
-4564
-4791
-4910
-4903
-4566
-4066
-3575
-2777
-1915
-1056
-119
724
1455
2016
2486
2834
2885
2760
2678
2488
2159
1804
1556
1332
1108
857
657
559
364
159
-148
-538
-933
-1422
-1952
-2532
-3117
-3527
-3878
-4179
-4253
-4168
-3957
-3655
-3202
-2713
-2097
-1524
-1009
-580
-151
227
462
660
740
812
912
942
904
993
1112
1201
1248
1316
1294
1225
1118
852
543
160
-223
-816
-1323
-1805
-2292
-2697
-3043
-3230
-3230
-3225
-3125
-2962
-2769
-2372
-2115
-1829
-1591
-1406
-1203
-1044
-943
-809
-648
-547
-361
-141
98
292
525
768
934
1049
1120
1118
946
772
520
176
-210
-619
-1042
-1347
-1664
-1971
-2194
-2312
-2364
-2409
-2391
-2366
-2262
-2232
-2145
-2069
-2027
-2010
-1957
-1872
-1789
-1652
-1498
-1301
-1077
-812
-553
-281
-20
193
381
482
515
557
488
311
163
-41
-295
-488
-723
-940
-1132
-1267
-1351
-1500
-1581
-1629
-1705
-1785
-1845
-1940
-2010
-2080
-2200
-2261
-2290
-2315
-2237
-2190
-2060
-1917
-1760
-1541
-1370
-1106
-943
-774
-676
-666
-608
-681
-750
-877
-998
-1137
-1296
-1471
-1635
-1767
-1974
-2687
-3471
-4088
-4833
-5458
-6470
-7455
-7862
-8169
-8299
-8149
-8319
-7881
-7114
-6682
-5773
-5386
-5101
-4345
-4073
-3734
-3130
-2998
-2431
-1908
-1400
-272
425
1305
2332
3064
4339
5240
5734
6421
6820
7346
7974
8061
8369
8804
8887
9449
9416
9071
8761
7842
6908
5686
3933
2322
442
-1463
-2958
-4562
-5897
-7095
-8224
-8657
-8808
-9046
-8954
-8818
-8390
-7733
-7347
-6753
-6153
-5571
-4659
-3883
-3090
-1961
-1025
82
1312
2387
3628
4564
5313
6020
6450
6689
6593
6025
5325
4469
3460
2388
990
-345
-1491
-2695
-3767
-4617
-5425
-5998
-6619
-7118
-7250
-7524
-7613
-7738
-7821
-7683
-7462
-7224
-6900
-6559
-5909
-5122
-4414
-3600
-2808
-2226
-1503
-999
-801
-543
-962
-1348
-1761
-2569
-3197
-4082
-5092
-5739
-6488
-6979
-7349
-7748
-7809
-7700
-7463
-7124
-6700
-6137
-5509
-4791
-3886
-2944
-2061
-975
194
1402
2910
4292
5758
7395
8964
10739
12401
13802
15325
16745
18116
19256
19607
19430
18899
18076
16621
13659
10068
6543
3242
-166
-4726
-8943
-11677
-13767
-15739
-17394
-18238
-17765
-17158
-16814
-15603
-13941
-12381
-11217
-10243
-8683
-6823
-5434
-4345
-3028
-1136
1179
3237
5107
7016
9095
11261
12804
13677
14271
14328
13931
12808
10944
9097
6973
4273
1433
-1140
-3171
-4895
-7024
-8768
-9637
-10028
-10396
-10980
-11317
-11143
-10911
-10792
-10749
-10581
-9999
-9382
-8691
-7551
-6205
-4564
-2775
-1071
1003
3261
5253
6849
7982
9025
9891
10096
9535
8614
7608
6494
4952
3205
1493
53
-1425
-2832
-4306
-5302
-7259
-10410
-11594
-13758
-15420
-17273
-21086
-22285
-22595
-23712
-23436
-23651
-22886
-20061
-18131
-15233
-12492
-9676
-6452
-4030
-1446
897
2640
3925
4561
5189
6660
7299
7091
7440
7553
8366
9374
8941
9014
9242
9173
9701
9145
8760
8818
8549
8550
8694
9414
10028
9867
9628
9222
9066
8518
6358
4105
1920
-365
-2417
-5064
-7793
-9315
-10349
-11234
-11282
-10945
-10194
-8852
-7877
-6527
-4728
-3470
-2498
-2101
-1541
-681
-218
-44
-209
157
1279
2135
2943
3828
4806
6104
7007
7345
7597
7471
6712
5590
4134
2467
837
-1297
-3524
-5154
-6474
-7361
-8229
-8982
-9048
-8588
-8055
-7767
-7606
-7181
-6959
-6909
-7103
-7443
-7671
-8033
-8352
-8386
-8028
-7548
-7013
-6492
-5640
-4424
-3595
-3460
-3425
-3594
-3894
-4584
-6242
-7921
-9235
-10662
-11930
-13237
-14186
-14248
-14153
-13748
-12885
-11751
-10334
-8999
-7652
-6030
-4429
-2970
-1907
-901
482
1983
3342
4535
5866
7591
9798
11900
14121
16614
19120
21914
24341
26679
28884
30268
31818
32365
31968
30524
26448
21845
17297
11755
5871
-1789
-9661
-14656
-18876
-22763
-26227
-28907
-28707
-27329
-26283
-24483
-22097
-19268
-16730
-14924
-12543
-9657
-7757
-6507
-5063
-2466
1248
3858
6043
9025
12516
16602
19541
21158
22759
23632
23680
22593
20071
17214
13631
9094
4568
227
-3616
-7168
-10856
-13763
-15354
-15953
-16300
-16927
-17312
-16664
-15681
-15021
-14757
-14751
-13996
-12929
-12088
-10801
-9188
-6993
-4457
-1975
1159
4665
7560
9945
10972
10416
10885
9600
6914
3642
-1930
-5864
-9175
-13915
-17530
-21209
-23839
-24122
-24982
-24682
-23887
-23236
-21524
-20207
-18562
-16710
-15769
-14667
-13352
-11674
-9035
-6903
-4999
-2051
1182
4969
8892
11367
13968
16745
18665
20689
21398
21617
22126
22078
22276
22729
23278
23814
24355
25287
26814
28803
29666
28407
25873
22127
18455
13968
6884
-1817
-10403
-16547
-20881
-25450
-29639
-32264
-32249
-30221
-27582
-24136
-20084
-15682
-11552
-7946
-4263
-1101
759
1095
1462
2842
4421
5461
5782
6839
9581
12787
15508
17438
19111
20867
21746
21489
19933
17324
13785
9065
3976
-780
-5445
-10069
-14577
-18001
-19489
-19655
-19513
-19204
-18180
-16214
-13568
-11490
-10221
-9175
-8230
-7279
-6652
-6203
-5534
-4756
-3756
-2287
-1643
-585
831
788
1278
858
-528
-1367
-3564
-6400
-8488
-11459
-13761
-15881
-18427
-19327
-19935
-20064
-19664
-19184
-17819
-16167
-14658
-12740
-11136
-9254
-7093
-5488
-3462
-1370
509
2765
4941
6954
9569
11719
13702
15807
17361
19366
20974
22311
23755
25157
26586
27792
28870
29569
30314
31171
30848
29113
25558
20585
16335
11338
4764
-3273
-11770
-17444
-21422
-25662
-29528
-32168
-32023
-30174
-28305
-25656
-22169
-18084
-14323
-11212
-7843
-4368
-1877
-707
492
2500
5126
7318
8485
10252
13091
16338
19010
20421
21679
22813
22903
22012
19693
16731
13167
7711
2377
-2326
-6595
-10568
-15684
-19380
-20307
-20352
-20131
-20443
-20216
-17744
-15241
-13677
-12536
-11554
-10112
-8772
-8081
-7022
-5443
-4053
-2650
-1316
-570
1375
2370
1697
1822
540
-608
-1592
-4974
-7773
-10022
-12959
-14899
-17541
-19516
-19956
-20626
-20686
-20384
-19401
-17793
-16688
-15336
-13513
-11548
-9354
-7596
-6067
-3777
-1254
1019
3359
5379
7794
10702
12893
15081
17039
18815
20967
22386
23724
25241
26652
27787
28194
29172
30193
31477
32373
32509
31815
27561
22637
17683
12548
7070
-2598
-12295
-17665
-21490
-24238
-28444
-32422
-31159
-28674
-26095
-23410
-20661
-15824
-11701
-9324
-6391
-3240
-736
146
27
1529
4619
6883
7634
8749
11303
15586
18738
19755
21014
21869
22759
22144
19179
16428
12888
8231
3265
-2061
-6074
-9550
-13818
-17146
-18854
-18646
-17827
-17876
-17705
-16157
-13783
-11780
-10888
-10565
-9547
-8214
-7457
-6606
-5619
-4074
-2112
-519
1878
4932
7066
7492
7951
8088
8022
6874
2520
-1723
-4942
-8698
-12225
-16865
-20988
-22257
-23499
-23778
-23286
-22422
-20148
-18357
-16458
-14024
-11930
-10166
-9372
-8824
-7138
-5189
-3826
-2993
-1831
854
4137
6598
8496
10580
12899
15328
16610
17064
17708
17489
17401
17180
16754
17085
17091
17240
18029
19917
22123
24113
25918
27069
27585
25103
21119
17348
12890
7198
-1810
-11495
-17155
-21004
-24808
-28909
-32223
-29922
-25769
-22682
-19352
-15590
-10112
-5533
-3458
-1269
1076
2463
2047
607
917
2798
4122
4138
5033
8125
12603
16293
17724
19406
21413
22605
22153
19134
15880
12313
7294
1663
-3960
-8333
-11812
-15769
-18756
-19623
-18592
-16973
-16191
-15164
-12776
-9878
-7885
-7289
-7206
-6646
-5910
-5943
-6283
-5864
-4971
-3444
-2786
-2124
575
2122
3159
3022
1803
2091
1016
-2192
-5568
-9290
-11919
-14235
-17937
-20273
-21281
-21468
-20914
-20429
-18809
-16223
-14184
-12351
-10520
-8497
-6229
-5174
-4758
-3590
-2200
-559
677
1296
3387
5977
8113
10258
11547
13679
15856
16748
17913
18524
19033
20158
20024
20341
21445
21700
23336
24594
25785
28414
29455
28664
26161
21831
18530
14989
8222
-598
-9656
-15979
-19570
-23991
-29151
-31989
-31301
-28132
-25069
-22440
-18099
-13249
-9368
-6214
-3448
-286
1740
1275
924
2126
4265
6074
6084
6877
10182
14268
17620
19339
20568
22439
23443
22630
20412
17227
13423
8496
2604
-2620
-6842
-11070
-15305
-18861
-20231
-19344
-18472
-18017
-17200
-15274
-12317
-10189
-9380
-8748
-8079
-7181
-6595
-6379
-5574
-4465
-3301
-2945
-1666
638
2019
2529
1643
1060
1329
34
-2902
-6429
-9667
-11508
-14023
-17130
-19291
-20421
-20348
-20245
-19687
-18111
-16239
-14521
-12981
-11173
-8819
-6661
-5544
-4724
-3296
-1118
918
2023
3037
5114
7640
10284
11874
13025
15109
16665
17956
18841
19093
20156
20712
20655
21572
22282
23636
24365
24837
26453
28953
31181
29171
23808
19745
17061
14494
7266
-4830
-13183
-17471
-19917
-23831
-30135
-32092
-29021
-26037
-23282
-20362
-15725
-10494
-8078
-6132
-2367
1497
2584
854
-173
2496
6150
7011
6386
7260
11377
16540
18868
19770
21201
22712
23467
21601
18707
16142
11839
6097
-60
-4757
-7751
-11657
-16636
-19976
-20102
-18314
-17203
-17506
-16963
-14323
-11331
-9652
-9252
-8920
-7861
-7124
-6988
-6233
-5019
-3514
-2976
-3453
-1182
1268
2203
1912
-220
-460
324
-1565
-4942
-8631
-11400
-12395
-14776
-17543
-18901
-19594
-19466
-19174
-18385
-16353
-14678
-13732
-12486
-10654
-7817
-5737
-5403
-4811
-2864
-202
2041
2995
4039
6553
9210
11411
12988
14262
15967
17063
17895
18896
19843
20642
20821
20700
21630
23189
24208
24811
25096
26691
29202
30770
27216
22357
18416
15334
12729
3543
-7285
-14064
-18297
-20829
-25335
-31371
-30826
-28098
-25691
-22562
-19699
-14043
-9449
-7952
-5477
-1592
1634
2477
357
300
3499
6457
7179
6933
8627
13235
17744
19278
20644
22161
23319
23428
20617
18024
15302
10303
4441
-1706
-6057
-8695
-13015
-17542
-20090
-19842
-17850
-17117
-17288
-16064
-13466
-10965
-9555
-9318
-8629
-7726
-7354
-7136
-6245
-4913
-3273
-3499
-3325
-580
1296
2594
1411
-647
-1
-268
-2458
-5771
-10104
-11967
-13486
-16466
-18455
-20103
-20426
-20159
-20120
-18720
-16578
-15126
-14056
-12881
-10703
-7719
-6171
-5838
-5012
-2915
-64
1891
2563
4085
6600
9217
11499
12755
14456
16187
17048
18279
18921
19958
20861
20673
21160
22044
23455
24544
24705
25258
27117
29025
30731
27686
22840
19377
15623
12939
5069
-5666
-13011
-17775
-20917
-24490
-30270
-31304
-28846
-26578
-23085
-20061
-15398
-10697
-8406
-6095
-2115
891
2088
898
339
3136
6282
7416
7564
8892
12665
17477
19552
20859
22344
23105
23465
21307
18431
15688
10889
5102
-793
-5556
-8475
-12363
-16912
-19702
-19958
-18362
-17246
-17229
-16480
-14156
-11680
-9973
-9452
-9065
-8153
-7938
-8084
-7417
-6626
-5554
-5035
-4706
-2422
-244
911
1030
189
652
873
-1102
-3891
-7266
-9709
-11638
-14760
-17374
-19153
-20208
-20389
-20362
-19547
-17720
-16009
-14654
-13009
-10890
-8196
-6317
-5610
-4485
-2655
-423
1311
2112
3588
5876
8141
10252
11888
13501
15369
16883
18024
19117
20018
20673
21084
21178
22104
23045
23626
24318
24656
26171
27594
29277
29040
24964
21129
17125
14127
9704
53
-9257
-15385
-19457
-21774
-26880
-31404
-30350
-28036
-24659
-21687
-18741
-13513
-9734
-7574
-4370
-1186
1538
1821
624
1728
4702
7315
7932
8418
10584
15153
19055
20450
21780
22687
23534
23082
20214
17442
13802
8632
3049
-2736
-6628
-9901
-14232
-17980
-19993
-19457
-17876
-17303
-17147
-15800
-13329
-10976
-9801
-9419
-8855
-8285
-8201
-8046
-7382
-6583
-5871
-5839
-5037
-2848
-914
19
-397
-757
88
-15
-1674
-4470
-7364
-9148
-11314
-13904
-16272
-18065
-18891
-19360
-19216
-18282
-16747
-15251
-13992
-12167
-9609
-6952
-5179
-4197
-2852
-678
1556
2994
3930
5363
7458
9604
11474
12864
14565
16159
17383
19067
20044
21256
22082
22345
23264
24519
25152
25684
26060
26668
28461
29717
29210
25414
21651
17824
15073
10517
1258
-7347
-13805
-17699
-20756
-25986
-30361
-30039
-28510
-25543
-23099
-20114
-15267
-11924
-9349
-6228
-2720
106
793
88
1448
4458
7072
7997
8566
10750
14955
18698
20253
21589
22620
23474
23096
20700
18184
14724
9855
4415
-1093
-5148
-8565
-12971
-16869
-19313
-19303
-18250
-18018
-18021
-17086
-14906
-12753
-11519
-11033
-10372
-10104
-9993
-9745
-9370
-8738
-8349
-8389
-7287
-5170
-3127
-1882
-1970
-1443
-253
71
-991
-3366
-5799
-7610
-9922
-12546
-15138
-17512
-18784
-19676
-19910
-19148
-17876
-16445
-15019
-12990
-10246
-7374
-5564
-4324
-2910
-807
1308
2530
3230
4341
6176
8251
10042
11571
13558
15543
17408
19215
20926
22556
23690
24440
24893
25860
27019
26786
26892
27111
28065
29923
26214
21865
18483
14699
13025
5378
-4623
-10629
-15810
-18798
-22977
-29744
-30491
-29209
-28182
-25710
-24007
-19312
-14537
-12610
-9883
-5763
-1869
649
359
661
3814
7423
8843
9327
10620
13920
18504
19973
20985
22556
23259
23912
21875
19085
17203
13035
7993
2378
-2705
-5652
-9674
-14317
-17857
-19333
-18658
-18242
-18691
-18563
-16722
-14500
-12903
-11966
-11292
-10363
-9803
-9530
-8792
-7783
-6926
-6417
-5934
-4148
-1839
-490
-342
-688
-50
598
-390
-2587
-5424
-7537
-9434
-12030
-14631
-17058
-18532
-19340
-19866
-19492
-18453
-17069
-15927
-14532
-12257
-9607
-7262
-6082
-4901
-2945
-623
1331
2511
3697
5553
7940
10147
11842
13709
15591
17650
19010
20293
21677
22642
23607
23502
24200
24871
25477
25769
25658
26382
27901
28876
25462
21525
17896
14976
12157
4028
-5309
-11758
-16592
-19649
-24404
-30261
-30809
-29355
-27442
-24987
-22538
-17553
-12834
-10634
-7653
-3553
-149
1989
1259
1672
4610
7406
8824
9055
10337
13943
18104
19950
20984
22444
23575
23935
22024
19221
16896
12662
7375
1632
-3437
-6598
-10742
-15281
-18668
-19847
-18905
-18331
-18584
-18072
-16006
-13531
-11879
-11067
-10625
-10081
-9548
-9549
-9287
-8876
-8662
-8397
-7881
-6356
-4017
-2625
-2099
-1541
-639
618
187
-1782
-4068
-6192
-8049
-10695
-13760
-16401
-18267
-19391
-19993
-19805
-18857
-17382
-15726
-13834
-11048
-8090
-5735
-4126
-2972
-1042
1048
2361
3271
4013
5388
7420
9091
10770
12531
14420
16699
18506
20264
22138
23442
24295
24901
25219
26184
26500
26173
26502
26566
28253
26567
21899
18555
14692
12741
7487
-2370
-9452
-14551
-18168
-21498
-28196
-31383
-30132
-29253
-27314
-25995
-22698
-17353
-14527
-12343
-8735
-4677
-1217
-546
-636
1728
5441
7948
8396
9361
11843
16330
19222
19750
21236
22442
23350
22570
19642
17557
14610
9942
4683
-878
-4469
-7841
-12358
-16471
-18944
-18871
-18254
-18497
-18787
-17625
-15129
-13101
-11988
-11282
-10425
-9551
-9159
-8742
-7904
-7056
-6564
-6307
-5279
-3253
-1525
-856
-1020
-729
346
317
-1164
-3466
-5744
-7307
-9475
-12137
-14700
-16783
-17886
-18735
-19027
-18478
-17431
-16098
-14895
-12975
-10215
-7589
-5729
-4542
-2831
-519
1623
3039
3871
5322
7318
9476
11300
12850
14454
16340
18185
19853
21241
22398
23643
24240
24991
25809
26263
26382
26518
26663
27914
28633
25315
21328
17360
14227
11947
4535
-4874
-11281
-16214
-18832
-23059
-29157
-30245
-29073
-27409
-25052
-23258
-18852
-14140
-11986
-9200
-5490
-1702
943
723
892
3804
7271
9061
9482
10445
13738
18124
20089
20884
22185
23114
23652
21909
18971
16730
12980
7950
2282
-2899
-6062
-9727
-14368
-18066
-19668
-19034
-18355
-18774
-18782
-17126
-14627
-12827
-11901
-11375
-10840
-10101
-9994
-9816
-9211
-8836
-8480
-8212
-6928
-4452
-2692
-2025
-1665
-782
682
805
-752
-2967
-5132
-6871
-9158
-12151
-14974
-17020
-18335
-19128
-19290
-18491
-17132
-15715
-14061
-11600
-8480
-5910
-4137
-2987
-1353
940
2544
3584
4211
5362
7416
9215
11037
12742
14567
16707
18499
20465
22449
23545
24512
24736
25385
26560
26490
26201
26003
26327
27921
26760
21925
18512
14957
12799
8496
-1080
-8436
-13551
-17253
-20525
-26560
-30457
-29411
-28401
-26848
-25294
-22286
-16961
-13669
-11888
-8523
-4035
-548
679
274
2142
5984
8630
9266
9802
11965
16107
19320
19878
20967
22342
23145
22615
19843
17410
15143
10695
5328
-144
-4244
-7210
-11559
-16008
-18869
-19273
-18610
-18709
-19263
-18492
-16040
-13962
-12768
-11910
-11116
-10116
-9674
-9739
-9027
-8425
-8062
-7970
-7575
-5718
-3539
-2492
-2326
-1904
-627
434
-444
-2465
-4599
-6347
-8216
-10995
-14058
-16474
-18147
-19305
-19975
-19776
-18702
-17204
-15785
-13954
-11009
-7980
-5641
-4209
-2852
-658
1537
2984
3700
4573
6217
8166
10065
11348
13004
15165
17005
19052
20401
21986
23493
24178
25015
25382
25802
26383
26095
25920
26316
27162
27041
23149
19062
15623
13134
9981
1715
-6591
-12302
-15962
-18421
-23627
-28804
-28813
-27421
-25462
-23787
-21876
-16850
-12997
-10759
-7960
-4244
-314
1487
1090
2130
5301
8625
9879
9965
11494
15110
19058
20198
20838
21978
22922
23100
20774
18065
15740
11862
6904
1381
-3137
-6065
-9914
-14250
-17550
-18511
-17659
-17340
-17887
-17630
-15597
-13184
-11666
-10975
-10302
-9574
-8907
-8890
-8589
-7943
-7722
-7445
-7279
-5952
-3617
-2239
-1896
-1596
-623
769
567
-1153
-3187
-4993
-6630
-8864
-11650
-14280
-16015
-17138
-17816
-17901
-17098
-15628
-14246
-12620
-10030
-6923
-4321
-2658
-1252
590
2870
4462
5263
6069
7255
9150
10900
12251
13575
15439
17367
19163
20570
22047
23343
24033
24752
25185
25590
25963
25409
25414
25834
26261
27478
24765
20869
18149
14820
12765
7023
-1726
-7735
-12593
-15824
-18876
-24588
-26797
-25874
-24681
-22248
-20503
-17097
-12530
-10004
-7548
-3991
-529
2014
2321
2439
4421
7557
9448
9937
10863
12987
16967
19517
20221
21491
22332
22820
22001
19213
17052
13964
9175
4208
-934
-4461
-7762
-12029
-15830
-17924
-17934
-17289
-17302
-17515
-16406
-14142
-12266
-11168
-10426
-10116
-9494
-9418
-9384
-8750
-8744
-8641
-8533
-7904
-5827
-3990
-3274
-2699
-2025
-567
160
-800
-2468
-4478
-6121
-7931
-10476
-13156
-15389
-16922
-17811
-18218
-17737
-16634
-15272
-13824
-11697
-8739
-5987
-3888
-2548
-952
1122
2876
4108
4695
5465
7019
8726
10218
11816
13182
14875
16710
18290
20089
21370
22284
22841
23403
24425
24608
24862
24418
24288
25336
25662
26500
24146
20251
17591
14312
11740
6471
-1933
-8331
-13169
-16679
-19433
-24663
-27256
-26515
-25336
-22877
-20807
-17774
-13555
-10964
-8399
-4871
-1731
891
1348
1700
3458
6419
8823
9453
10473
12567
16302
19243
20121
21306
22162
22341
21764
19258
16875
13817
9089
4286
-681
-4313
-7496
-11447
-15096
-17273
-17352
-16635
-16486
-16609
-15709
-13698
-11811
-10632
-9877
-9137
-8206
-8194
-8079
-7438
-6653
-5982
-6158
-5977
-4515
-2771
-1814
-1870
-2252
-1452
-1016
-1763
-3406
-5468
-6974
-8654
-10823
-12861
-14681
-15966
-16772
-17434
-17110
-16156
-14778
-13612
-12319
-10015
-7220
-4758
-3208
-1757
363
2569
4308
5491
6453
8022
9618
11267
12514
13445
14813
16110
17331
18279
19315
20306
20825
21474
22043
22786
23924
24010
24420
25096
25709
27337
27980
25405
22112
18741
15567
13235
6628
-1525
-7812
-12848
-15365
-18828
-23842
-25476
-24569
-22814
-20319
-18715
-15147
-11121
-9036
-6939
-4118
-1366
668
638
218
2281
5075
7209
8166
9020
11846
16158
18866
20123
21322
22220
22787
21530
18880
16425
13146
8335
3225
-1760
-5184
-8153
-12096
-15409
-17205
-16986
-15956
-15873
-16017
-14942
-13095
-11576
-10827
-10474
-9788
-8955
-8941
-9030
-8553
-7623
-6681
-6582
-6344
-4979
-3090
-2094
-2098
-2327
-1879
-1324
-2125
-3878
-5774
-7291
-8729
-10732
-13033
-14528
-15536
-16437
-17102
-17127
-16112
-14849
-13900
-12841
-10964
-8529
-6243
-4816
-3593
-1718
372
2099
3208
4206
5683
7373
8554
9696
10888
12369
13689
14577
15651
17026
18027
18830
19330
20106
21280
21942
22138
22545
23158
24196
25184
25650
25397
22263
19195
15794
12768
9305
1834
-5627
-11288
-14867
-17317
-21447
-25637
-25735
-24333
-21992
-19926
-17941
-14028
-10789
-8576
-6327
-3556
-887
478
162
944
3360
6407
8046
8694
10502
13947
17899
19740
20754
21780
22477
22365
20518
17699
15072
11132
6279
1365
-3020
-5893
-9260
-12796
-15502
-16416
-15568
-15036
-15092
-14827
-13455
-11526
-10361
-9837
-9469
-8683
-8040
-8527
-8216
-7637
-6884
-6288
-6529
-5606
-3711
-2216
-1476
-1496
-1319
-139
-175
-1338
-3168
-4958
-6233
-8242
-10625
-12655
-14179
-15296
-16136
-16640
-16054
-14856
-13564
-12497
-10972
-8674
-6178
-4187
-3151
-1666
283
1955
3204
3950
5000
6645
7910
9326
10435
11793
13567
14736
15809
17186
18441
19604
20262
20425
21450
22401
22757
23023
22968
23511
24765
25528
25743
22958
19479
16841
13825
11054
4553
-3391
-9189
-13559
-16212
-19755
-24566
-25910
-24949
-23285
-21023
-19288
-15708
-12059
-9941
-7611
-4674
-1692
144
-66
165
2265
5205
7185
7685
8960
11865
15834
18319
19290
20597
21546
21792
20604
17948
15720
12398
7584
2755
-1991
-5143
-8290
-12253
-15397
-17095
-16671
-15877
-15960
-15844
-14747
-12816
-11270
-10615
-10054
-9501
-9158
-9242
-9120
-8381
-7805
-7660
-7847
-7116
-5211
-3451
-2786
-2954
-2610
-1476
-979
-1927
-3670
-5478
-6900
-8625
-10845
-12994
-14825
-16288
-17414
-18030
-17689
-16826
-16107
-15386
-14166
-11877
-9409
-7814
-6790
-5414
-3428
-1531
-291
526
1687
3285
4727
6134
7413
8948
10722
12007
13297
14798
16339
17629
18475
19107
20025
21145
21769
22069
22480
22852
23672
24536
25217
23926
20436
17310
14147
11774
7127
-699
-7295
-12117
-14992
-17624
-22358
-25141
-24503
-23131
-20868
-19174
-16459
-12395
-9779
-7827
-5173
-2221
340
1017
801
2335
5106
7816
8940
9764
12040
15794
19029
20369
21488
22585
23045
22408
20168
17693
15012
10660
5884
987
-2871
-5625
-9254
-12723
-14987
-15407
-14592
-14381
-14540
-13910
-12435
-10767
-9968
-9526
-9258
-9186
-9038
-9245
-8936
-8502
-8538
-8405
-7790
-6326
-4243
-3201
-2826
-2112
-1199
-206
-498
-1965
-3663
-5277
-6866
-8869
-11260
-13358
-14872
-16006
-16567
-16492
-15734
-14726
-13674
-12344
-10204
-7736
-5787
-4436
-3242
-1604
179
1561
2286
3125
4347
5816
7489
8882
10330
12256
13844
15512
17133
18629
20139
20814
21415
21954
22593
23007
22968
22748
22972
23778
24589
24467
21598
18542
15896
13276
10161
3792
-3407
-8732
-12868
-15932
-19861
-24049
-25013
-24489
-23228
-21335
-19061
-15466
-12171
-10026
-7490
-4182
-1252
469
586
1215
3573
6182
7647
8372
9777
12660
15962
17927
19098
20437
21356
21327
20056
17904
15787
12501
7804
3096
-1216
-4473
-7779
-11741
-14765
-16257
-16285
-15916
-16208
-15994
-14775
-13145
-11928
-11252
-10636
-10445
-10147
-10339
-10431
-9805
-9799
-9857
-9494
-8575
-6481
-4844
-4127
-3148
-2094
-804
-108
-937
-2256
-3579
-5215
-6997
-9281
-11624
-13329
-14891
-16016
-16365
-16025
-15087
-14091
-12982
-11128
-8660
-6456
-4773
-3439
-1904
-80
1350
2278
3171
4210
5839
7483
8751
10500
12223
14287
16280
17657
19599
21011
22019
23257
23482
23905
24519
24016
24241
24234
24139
25213
25048
22753
19984
16882
14311
11988
6251
-714
-6365
-10799
-13488
-17100
-21874
-23655
-23153
-22142
-20296
-18657
-15509
-11660
-9426
-7049
-3817
-947
1485
2067
2097
4326
6880
8678
9563
10230
12753
16215
18231
19387
20549
21555
22015
21072
18957
16913
14122
9868
5357
786
-2733
-5772
-9687
-13183
-15102
-15529
-15164
-15364
-15652
-14588
-13005
-11658
-10721
-10436
-10131
-9525
-9594
-9596
-9504
-9611
-9249
-8952
-8267
-6509
-4930
-3796
-2733
-1794
-442
430
25
-1137
-2625
-4122
-5688
-8031
-10691
-12760
-14434
-15564
-16280
-16449
-15861
-14886
-13741
-12039
-9831
-7684
-5802
-4290
-2821
-1138
332
1376
2294
3117
4418
6104
7783
9526
11375
13330
15484
17640
19521
21142
22422
23418
24028
24426
24575
24405
24062
23939
23856
24269
23483
20389
17322
14329
11966
8725
2201
-4479
-9245
-12942
-16013
-20353
-24240
-24976
-24459
-23414
-22028
-19875
-16359
-13094
-10933
-8209
-4747
-1583
304
703
1874
4557
7189
8420
9117
10649
13498
16467
17944
18927
20201
20991
20993
19641
17550
15676
12472
8188
3727
-307
-3368
-6822
-10788
-13940
-15382
-15604
-15804
-16409
-16394
-15299
-13713
-12688
-11914
-11524
-11084
-10403
-10868
-10676
-10192
-10121
-9619
-9343
-8299
-6054
-4561
-3425
-2292
-1343
262
909
204
-936
-2346
-3743
-5477
-8086
-10354
-12127
-13792
-14929
-15546
-15305
-14628
-13810
-12876
-11223
-9087
-7154
-5482
-4319
-2959
-1124
346
1396
2320
3448
5273
6989
8553
10547
12546
14635
16776
18639
20428
22067
23160
23899
24630
24949
25036
24875
24399
24463
24788
24632
22924
19764
16623
14178
11222
6660
198
-5975
-10258
-13684
-17211
-21380
-23980
-24297
-23503
-22328
-20565
-17756
-14494
-11839
-9435
-6313
-2915
-256
752
1606
3439
6084
8253
9301
10355
12580
15554
17979
19433
20607
21841
22331
21788
20367
18567
16186
12559
8156
3978
451
-2789
-6474
-10184
-12624
-13686
-13907
-14381
-14817
-14401
-13373
-12126
-11313
-10735
-10392
-10162
-10064
-9991
-9659
-9576
-9474
-9239
-8611
-7116
-5425
-4243
-3236
-2191
-847
194
201
-457
-1652
-2966
-4479
-6472
-8699
-10863
-12733
-14148
-15200
-15611
-15392
-14955
-14392
-13312
-11582
-9751
-8240
-6948
-5553
-4021
-2428
-1168
-71
925
2244
3887
5557
7249
9032
11010
13005
14776
16527
18358
19671
20526
21223
21743
22302
22512
22324
21965
21853
22167
22724
22466
20256
17456
14796
12437
9594
4392
-1779
-7054
-10992
-13993
-17484
-21156
-22805
-22655
-21772
-20289
-18166
-15200
-12202
-9939
-7545
-4422
-1588
249
773
1437
3354
5664
7131
7931
9117
11387
14257
16179
17473
18780
19759
19968
19263
17827
16147
13488
9650
5517
1690
-1373
-4512
-8067
-11227
-13012
-13505
-13662
-14005
-14132
-13376
-12202
-11285
-10509
-10047
-9940
-9739
-10036
-10162
-10008
-10107
-9957
-9766
-9066
-7375
-5696
-4505
-3408
-2253
-877
1
-115
-883
-2011
-3358
-4981
-7056
-9303
-11214
-12872
-14198
-14910
-14982
-14488
-13877
-13163
-11910
-10196
-8524
-7129
-6048
-4930
-3561
-2337
-1284
-361
618
2108
3689
5294
7181
9114
11262
13032
14746
16653
18228
19593
20291
20799
21229
21537
21765
21490
21335
21580
21600
22210
21918
20333
18349
15476
13337
10520
5813
474
-4903
-9006
-12043
-15632
-18858
-20625
-21072
-20093
-18776
-16868
-14085
-11351
-8961
-6577
-4007
-1381
266
849
1502
2858
4641
5939
6849
7978
10068
12638
14730
16489
17853
19001
19702
19325
18309
16866
14421
11292
7505
3852
743
-2495
-5696
-8682
-10602
-11369
-11739
-12044
-12175
-11760
-10781
-9935
-9291
-9229
-9405
-9356
-9790
-10060
-10405
-10580
-10418
-10256
-9480
-8030
-6474
-4910
-3492
-2218
-802
202
445
-132
-1212
-2525
-4006
-5970
-8128
-10047
-11590
-12740
-13452
-13510
-13176
-12452
-11571
-10328
-8856
-7430
-5985
-4996
-4117
-3028
-1936
-950
-164
771
2108
3542
5199
6919
8852
10862
12847
14728
16403
18140
19360
20186
20810
21083
21408
21288
20922
20595
20543
20711
21067
20769
19430
17853
15517
13659
11041
6826
2103
-2952
-7097
-10353
-14021
-17357
-19454
-20519
-19946
-18957
-17360
-14949
-12508
-10138
-7588
-4970
-2587
-695
13
913
2232
3675
4918
5631
6606
8405
10575
12528
14260
15583
16794
17552
17551
16885
15722
13635
10823
7499
4112
1130
-2057
-5294
-8255
-10301
-11405
-12013
-12540
-12726
-12345
-11563
-10718
-10246
-10196
-10227
-10305
-10814
-11177
-11533
-11687
-11523
-11351
-10446
-8918
-7260
-5513
-3967
-2488
-853
281
687
302
-541
-1659
-3112
-5005
-7014
-8814
-10472
-11599
-12342
-12508
-12174
-11576
-10780
-9695
-8373
-6942
-5754
-4938
-4095
-3127
-2156
-1339
-699
-25
1194
2576
4079
5838
7576
9654
11738
13728
15665
17442
18639
19567
20170
20449
20813
20634
20065
19609
19499
19554
19905
18802
17430
15841
13732
12059
8843
4734
499
-3913
-7554
-10887
-14575
-17228
-19025
-20045
-19809
-19002
-17232
-15150
-13176
-11004
-8310
-5819
-3586
-2146
-1175
154
1613
3040
3910
4907
6140
7932
9734
11263
12975
14285
15236
15812
15704
15328
14199
12019
9482
6480
3686
856
-2414
-5506
-8133
-9890
-11001
-11983
-12597
-12743
-12470
-11929
-11466
-11269
-11189
-11149
-11358
-11793
-12020
-12140
-12095
-11916
-11519
-10420
-8838
-7214
-5570
-4057
-2450
-866
6
278
3
-620
-1586
-3002
-4669
-6281
-7771
-9015
-9981
-10445
-10390
-9959
-9336
-8518
-7413
-6222
-4945
-3975
-3175
-2283
-1305
-513
125
863
1847
3146
4315
5700
7348
9197
11118
12943
14767
16574
18094
19187
19934
20468
20979
21095
20705
20251
19809
19770
19682
19656
18831
17574
16180
14088
12485
9665
6048
2302
-1868
-5233
-8288
-11596
-14070
-15924
-17123
-16819
-16184
-14819
-13130
-11370
-9316
-6927
-4801
-2858
-1396
-568
659
1817
3066
4017
4966
6003
7548
9204
10752
12379
13460
14360
15013
15000
14623
13623
11634
9551
6810
4218
1704
-1247
-3802
-6203
-7962
-9033
-9855
-10348
-10547
-10527
-9988
-9776
-9864
-9923
-10260
-10507
-10982
-11534
-11732
-11709
-11472
-10836
-9960
-8476
-6672
-5053
-3480
-2011
-668
322
582
204
-404
-1400
-2672
-4129
-5699
-7065
-8084
-8846
-9219
-9237
-8928
-8174
-7455
-6712
-5770
-4774
-3907
-3245
-2565
-1850
-1120
-543
176
1048
2045
3301
4766
6410
8202
10022
11826
13702
15313
16806
17939
18516
19026
19244
19166
18822
18196
17762
17527
17250
17282
16822
15775
14966
13220
11731
9722
6593
3669
-74
-3584
-6566
-9592
-12072
-13964
-15454
-15630
-15156
-14102
-12411
-10817
-8878
-6677
-4472
-2656
-1127
-5
1148
2036
2880
3841
4661
5512
6562
8062
9482
11040
12300
13215
14039
14370
14325
13809
12343
10547
8434
5957
3555
946
-1394
-3575
-5417
-6719
-7550
-8035
-8270
-8298
-8171
-8197
-8317
-8347
-8641
-9071
-9932
-10471
-10646
-10744
-10476
-10144
-9438
-8111
-6555
-5016
-3631
-2464
-1315
-646
-541
-729
-1431
-2520
-3850
-5297
-6581
-7716
-8816
-9574
-10000
-9987
-9587
-9048
-8541
-8001
-7204
-6392
-5722
-5266
-4690
-4117
-3695
-3191
-2534
-1728
-760
375
1731
3373
5049
6947
8765
10313
11920
13332
14535
15392
15892
16338
16416
16309
15858
15294
14439
13647
12791
12158
10922
9339
7988
6096
4792
2634
-78
-2670
-5640
-8158
-10452
-12980
-14545
-15497
-16052
-15573
-14912
-13185
-11364
-9778
-8000
-6189
-4565
-3175
-2447
-2162
-1648
-1382
-889
-696
-339
425
1540
2837
4168
5633
7025
8137
8863
9223
9098
8603
7273
5620
3516
1516
-495
-2753
-4819
-6602
-7810
-8509
-9028
-9301
-9201
-9211
-9208
-9464
-9482
-9643
-10140
-10854
-11636
-11738
-11650
-11532
-11249
-10657
-9390
-7646
-6103
-4616
-3268
-2001
-994
-584
-508
-817
-1527
-2548
-3669
-4748
-5564
-6345
-7053
-7475
-7496
-6936
-6394
-5912
-5400
-4655
-3867
-3287
-2832
-2428
-1920
-1442
-1015
-348
540
1467
2589
3745
5112
6836
8525
10031
11409
12674
14067
15157
15635
15902
16061
15995
15805
15302
14843
14568
14335
14288
14296
14599
14297
13639
13260
11969
10890
9084
6144
3868
1025
-1701
-3966
-6803
-8467
-9383
-10424
-10249
-9689
-8849
-7315
-6164
-4806
-3129
-2100
-1089
-398
-215
236
554
665
951
1262
1908
2919
3852
4829
5966
6956
7524
7992
7893
7426
6762
5168
3593
1820
-189
-1754
-3694
-5310
-6378
-7635
-8140
-8566
-8705
-8415
-8729
-8997
-9039
-9034
-9146
-9608
-10301
-10610
-10508
-10402
-10133
-9744
-9084
-7888
-6682
-5536
-4275
-3290
-2465
-2003
-1976
-2023
-2390
-3287
-4372
-5448
-6394
-7053
-7943
-8734
-9177
-9266
-9017
-8883
-8833
-8568
-8192
-7849
-7442
-7026
-6465
-5893
-5328
-4619
-3580
-2320
-1049
275
1647
3224
4950
6471
7899
9088
10269
11309
11925
12467
12779
12921
12883
12618
12432
12324
12097
11893
11819
11947
12213
12321
11558
10741
9911
8724
7425
5031
2516
336
-1963
-4188
-6406
-8218
-9339
-9933
-10261
-9904
-8900
-7727
-6517
-5393
-4091
-2454
-1390
-872
-536
-162
368
691
788
1029
1586
2306
3244
4059
4975
5989
6627
7029
7219
7096
6754
5834
4418
3118
1744
531
-849
-2339
-3341
-3899
-4216
-4396
-4661
-4802
-4568
-4524
-4746
-5009
-5331
-5714
-6245
-6933
-7198
-7189
-7224
-7070
-6719
-5998
-4888
-3907
-3186
-2442
-1761
-1200
-1032
-1354
-1751
-2291
-3074
-3938
-4818
-5578
-6140
-6620
-6886
-6927
-6682
-6295
-6007
-5796
-5415
-4838
-4444
-4163
-3798
-3326
-2790
-2263
-1720
-1007
-205
686
1601
2586
3635
4750
5750
6551
7344
8104
8796
9245
9468
9590
9654
9477
9271
9013
8685
8434
8179
8071
7910
7966
8114
8337
8248
7818
7528
7112
6505
5478
4120
2695
1444
140
-1089
-2159
-3038
-3300
-3494
-3364
-2801
-2190
-1372
-714
-140
720
1195
1417
1554
1402
1471
1316
1205
1208
1153
1403
1858
2276
2772
3217
3547
3840
3834
3656
3312
2703
1808
822
-219
-1174
-2088
-3033
-3868
-4411
-4745
-4981
-5147
-5339
-5399
-5647
-5876
-6107
-6436
-6766
-7355
-7771
-7821
-7912
-7765
-7609
-7331
-6557
-5837
-5074
-4416
-3875
-3414
-3147
-3125
-3202
-3542
-4023
-4513
-5176
-5637
-6020
-6284
-6466
-6535
-6322
-5892
-5492
-5209
-4833
-4353
-3933
-3549
-3159
-2875
-2490
-2156
-1773
-1167
-672
29
813
1622
2715
3821
4912
5905
6693
7598
8365
8850
8990
8992
8823
8580
8289
7782
7285
6893
6677
6519
6638
6814
7130
7504
7832
8377
8634
8687
8568
8297
7981
7198
5996
4723
3393
2249
1143
54
-670
-1076
-1208
-1062
-854
-482
-45
158
265
367
411
284
46
-222
-301
-257
-147
120
525
1080
1826
2574
3223
3865
4375
4642
4751
4537
4178
3698
2893
2102
1217
419
-116
-959
-1459
-1790
-2101
-2207
-2616
-2966
-3135
-3483
-3848
-4439
-5141
-5536
-5957
-6327
-6622
-6675
-6455
-6133
-5704
-5183
-4532
-3922
-3433
-3114
-2919
-2758
-2793
-3025
-3390
-3682
-3826
-3988
-4194
-4227
-4063
-3800
-3507
-3178
-2807
-2349
-1921
-1613
-1302
-1082
-801
-589
-497
-268
43
425
787
1308
1986
2842
3850
4740
5737
6700
7566
8285
8710
8920
8964
8744
8381
7877
7283
6749
6281
5893
5719
5655
5561
5541
5508
5653
5862
5609
5211
4842
4354
3997
3446
2506
1917
1504
1121
1012
748
713
1035
1021
1256
1534
1673
1913
1619
1429
1450
1275
1053
668
280
340
437
586
770
994
1412
1846
2206
2387
2534
2349
2000
1505
912
246
-592
-1558
-2456
-3093
-3687
-4163
-4716
-5130
-5282
-5396
-5514
-5686
-5937
-6145
-6386
-6717
-6918
-7151
-7290
-7391
-7368
-7062
-6618
-6138
-5808
-5340
-4793
-4248
-3831
-3643
-3585
-3524
-3570
-3582
-3723
-3883
-3862
-3908
-3803
-3553
-3256
-2880
-2539
-2176
-1688
-1235
-855
-684
-570
-371
-241
-190
-214
-181
-35
296
715
1216
1793
2431
3097
3762
4390
4878
5247
5344
5310
5211
5093
4886
4589
4207
3970
3977
3979
4026
4104
4317
4602
4852
5047
5133
5128
4974
4663
4247
3906
3544
3080
2671
2369
2300
2375
2318
2392
2536
2678
2879
2857
2737
2596
2235
1697
1168
604
168
-224
-682
-800
-772
-588
-305
-131
208
604
979
1217
1291
1283
1277
1138
875
543
148
-172
-502
-932
-1247
-1522
-1906
-2196
-2537
-2814
-3058
-3351
-3598
-3876
-4060
-4144
-4297
-4458
-4698
-4881
-5070
-5315
-5535
-5762
-5884
-5965
-5970
-5884
-5777
-5647
-5509
-5451
-5294
-5050
-4800
-4544
-4242
-3878
-3369
-2886
-2435
-1907
-1498
-1062
-677
-376
-145
-63
-15
10
-1
34
34
56
156
356
662
1011
1420
1884
2369
2771
3115
3396
3558
3672
3691
3599
3494
3357
3251
3220
3187
3296
3431
3579
3846
4094
4380
4673
4870
5029
5137
5133
5061
4819
4529
4055
3519
2978
2333
1767
1130
498
-84
-613
-1052
-1366
-1716
-2023
-2244
-2458
-2587
-2768
-2938
-3001
-3055
-3037
-2984
-2951
-2783
-2553
-2328
-1992
-1728
-1423
-1124
-889
-677
-599
-540
-528
-602
-671
-792
-970
-1128
-1241
-1286
-1271
-1220
-1222
-1190
-1097
-1026
-978
-1071
-1194
-1341
-1563
-1820
-2097
-2393
-2751
-3054
-3339
-3536
-3672
-3804
-3986
-4120
-4256
-4440
-4692
-5013
-5370
-5861
-6300
-6701
-7125
-7520
-7814
-7973
-8020
-7952
-7731
-7504
-7213
-6868
-6544
-6213
-5915
-5723
-5582
-5418
-5276
-5058
-4815
-4498
-4072
-3616
-3021
-2394
-1783
-1195
-659
-200
192
500
691
778
774
762
712
786
831
927
1110
1311
1589
1817
2008
2086
2094
1949
1700
1371
946
418
-160
-723
-1182
-1675
-2038
-2323
-2466
-2541
-2544
-2467
-2391
-2366
-2377
-2478
-2606
-2844
-3232
-3652
-4006
-4276
-4534
-4674
-4753
-4693
-4654
-4617
-4494
-4373
-4324
-4357
-4495
-4652
-4796
-4987
-5139
-5302
-5417
-5448
-5477
-5463
-5423
-5326
-5280
-5183
-5115
-5046
-4870
-4800
-4707
-4561
-4412
-4193
-3975
-3720
-3469
-3174
-2884
-2584
-2285
-2063
-1806
-1567
-1351
-1139
-937
-795
-608
-433
-307
-159
-49
4
93
169
196
215
174
119
105
60
-18
-29
-80
-164
-234
-284
-320
-446
-554
-631
-809
-977
-1098
-1297
-1467
-1665
-1819
-1857
-1892
-1840
-1710
-1514
-1289
-985
-640
-257
108
512
936
1404
1885
2294
2708
3051
3410
3601
3692
3700
3595
3530
3339
3036
2832
2611
2403
2222
2169
2183
2177
2329
2494
2665
2858
3051
3165
3245
3330
3349
3346
3278
3132
2993
2836
2735
2681
2602
2593
2643
2676
2681
2785
2833
2809
2801
2719
2667
2567
2431
2302
2110
1985
1895
1787
1728
1690
1627
1604
1537
1471
1373
1197
1012
843
626
474
370
171
59
-11
-82
-49
-44
-17
40
79
112
120
94
68
54
-28
-26
-32
-30
79
96
153
258
315
360
379
389
365
292
216
126
-55
-156
-265
-405
-438
-490
-535
-520
-508
-481
-424
-376
-314
-205
-103
-35
58
99
127
141
131
80
-10
-150
-345
-535
-775
-1055
-1335
-1666
-1959
-2208
-2392
-2625
-2875
-3021
-3227
-3382
-3614
-3870
-4087
-4330
-4568
-4741
-4874
-4961
-4931
-4882
-4695
-4400
-4100
-3658
-3299
-2908
-2511
-2193
-1868
-1586
-1306
-1080
-828
-602
-355
-107
134
359
573
818
1039
1258
1440
1611
1784
1931
2089
2113
2165
2208
2232
2260
2293
2265
2308
2421
2418
2524
2605
2675
2707
2752
2801
2794
2807
2744
2705
2610
2544
2483
2380
2230
2052
1946
1821
1703
1533
1413
1269
1094
959
817
689
525
385
282
238
202
158
140
123
134
206
198
205
195
225
287
313
352
420
421
479
596
662
746
780
846
857
880
820
764
695
582
524
446
411
421
490
576
674
837
1067
1270
1488
1691
1908
2104
2282
2351
2284
2154
1888
1542
1070
503
-106
-850
-1507
-2106
-2627
-2949
-3147
-3177
-2946
-2607
-2172
-1647
-1157
-630
-160
217
562
898
1145
1393
1634
1834
2069
2281
2447
2607
2785
2904
3066
3182
3216
3340
3402
3424
3420
3445
3436
3417
3383
3346
3353
3319
3324
3312
3328
3336
3355
3438
3498
3586
3617
3616
3682
3715
3734
3747
3732
3680
3640
3615
3526
3482
3451
3413
3390
3325
3223
3174
3096
2943
2795
2631
2426
2300
2111
1916
1764
1544
1505
1412
1301
1257
1186
1124
1077
1055
1058
1010
920
908
867
852
842
800
752
718
696
657
632
531
423
356
287
207
95
46
-51
-123
-160
-243
-259
-333
-423
-527
-637
-794
-916
-1138
-1317
-1471
-1616
-1724
-1865
-1984
-2065
-2100
-2168
-2158
-2112
-2022
-1949
-1743
-1476
-1226
-924
-621
-282
44
405
680
876
1107
1238
1384
1498
1613
1704
1812
1946
2030
2129
2267
2381
2440
2562
2655
2723
2719
2730
2753
2676
2593
2534
2472
2408
2365
2302
2293
2302
2305
2275
2166
2092
2013
1929
1864
1707
1560
1423
1276
1110
954
864
746
646
548
472
403
272
159
31
-99
-238
-330
-419
-560
-591
-685
-772
-780
-822
-870
-899
-945
-994
-1050
-1072
-1086
-1083
-1051
-1021
-942
-858
-744
-592
-419
-280
-131
28
209
392
574
756
920
1092
1287
1443
1595
1718
1847
1925
2002
2070
2150
2133
2127
2146
2100
2125
2102
2022
1937
1858
1726
1646
1454
1291
1179
1028
882
713
539
389
222
42
-126
-285
-447
-631
-800
-980
-1141
-1305
-1453
-1580
-1737
-1861
-2021
-2080
-2144
-2299
-2337
-2424
-2501
-2574
-2657
-2729
-2805
-2911
-2957
-2981
-3030
-3040
-3043
-3045
-2995
-2949
-2920
-2879
-2847
-2847
-2867
-2846
-2834
-2857
-2882
-2867
-2900
-2907
-2965
-2968
-2992
-3033
-3087
-3172
-3235
-3345
-3452
-3604
-3725
-3898
-4050
-4169
-4284
-4355
-4419
-4465
-4494
-4540
-4590
-4599
-4629
-4629
-4581
-4493
-4428
-4332
-4293
-4203
-4099
-4000
-3887
-3754
-3632
-3516
-3386
-3282
-3169
-3105
-3055
-2987
-2971
-2897
-2832
-2819
-2741
-2729
-2678
-2613
-2571
-2540
-2483
-2398
-2368
-2321
-2278
-2220
-2157
-2110
-2063
-2023
-1911
-1862
-1819
-1747
-1726
-1645
-1588
-1540
-1550
-1499
-1489
-1486
-1454
-1423
-1364
-1322
-1196
-1074
-954
-847
-684
-534
-375
-201
-24
128
264
379
502
634
748
865
979
1065
1108
1218
1260
1328
1361
1424
1438
1445
1473
1466
1497
1461
1499
1505
1514
1509
1534
1545
1520
1623
1614
1636
1616
1608
1599
1548
1501
1414
1379
1289
1222
1133
1073
1036
963
827
733
669
578
506
438
401
334
266
166
84
27
-72
-61
-145
-191
-198
-277
-325
-426
-503
-561
-621
-661
-678
-702
-713
-688
-660
-591
-518
-457
-352
-210
-66
63
210
336
482
572
683
744
812
921
1022
1086
1166
1216
1275
1329
1368
1429
1402
1433
1383
1398
1376
1395
1381
1346
1337
1270
1240
1177
1143
1084
1059
1009
940
897
862
825
808
786
774
743
748
751
757
757
758
750
707
664
650
656
657
599
612
618
582
578
570
529
459
453
427
350
253
165
126
45
-12
-28
-105
-116
-121
-146
-138
-115
-56
11
63
150
246
275
300
368
427
444
473
551
605
683
760
822
862
888
920
895
878
808
766
711
629
509
354
232
114
15
-145
-183
-280
-328
-309
-320
-283
-269
-214
-137
-65
2
39
69
67
101
134
150
148
170
196
194
192
196
240
242
270
245
214
237
249
237
215
183
159
120
123
145
72
80
85
46
59
73
74
106
106
69
70
45
39
67
39
9
6
22
18
49
80
148
182
238
267
318
355
388
469
506
481
508
506
481
490
441
465
482
531
534
519
520
520
502
456
457
430
403
410
428
426
412
469
539
575
636
731
814
903
929
1030
1090
1167
1265
1325
1398
1492
1558
1644
1745
1805
1913
2038
2096
2188
2209
2222
2278
2253
2246
2318
2287
2257
2280
2254
2210
2207
2201
2149
2167
2180
2157
2196
2170
2134
2159
2150
2155
2168
2165
2151
2175
2184
2184
2212
2139
2085
2105
2041
1972
1941
1883
1866
1818
1765
1758
1706
1670
1620
1492
1439
1359
1243
1164
1026
893
769
654
560
473
378
263
177
36
-91
-202
-338
-447
-529
-573
-601
-577
-611
-635
-705
-733
-749
-811
-814
-848
-856
-892
-938
-924
-955
-997
-1002
-1015
-982
-941
-963
-995
-988
-1027
-1030
-1101
-1127
-1135
-1156
-1163
-1198
-1199
-1211
-1207
-1180
-1155
-1117
-1101
-1071
-1018
-973
-921
-898
-856
-765
-687
-659
-606
-520
-466
-448
-377
-349
-327
-286
-286
-200
-134
-111
-50
8
40
110
208
310
397
451
530
567
596
648
666
708
815
916
988
1084
1175
1247
1311
1379
1428
1549
1630
1683
1733
1771
1818
1916
1955
2060
2135
2155
2265
2297
2338
2406
2457
2506
2552
2634
2699
2681
2702
2777
2816
2836
2883
2954
2975
2982
3000
2994
3062
3060
3093
3106
3095
3138
3134
3165
3124
3130
3171
3182
3195
3204
3191
3232
3232
3202
3241
3243
3213
3239
3262
3267
3287
3243
3203
3240
3214
3211
3177
3068
3097
3068
3023
2999
2962
2942
2926
2906
2852
2826
2794
2787
2701
2669
2659
2632
2622
2642
2688
2701
2761
2759
2773
2842
2928
2951
2966
3023
3085
3121
3164
3203
3226
3311
3371
3385
3467
3518
3579
3659
3732
3815
3840
3919
3936
3969
4027
4043
4078
4144
4157
4120
4134
4143
4137
4119
4101
4097
4087
4051
4051
4066
4062
4035
4030
4001
3965
3948
3916
3894
3857
3856
3841
3798
3728
3697
3645
3602
3616
3568
3565
3579
3524
3506
3473
3436
3467
3426
3425
3444
3412
3373
3390
3358
3301
3294
3258
3235
3234
3207
3185
3183
3174
3200
3247
3266
3244
3246
3220
3272
3349
3364
3393
3366
3337
3300
3337
3344
3342
3367
3329
3360
3337
3331
3285
3324
3300
3287
3301
3216
3168
3113
3120
3098
3109
3091
3096
3094
3016
3007
3044
3044
3002
2944
2925
2944
2922
2877
2816
2768
2775
2773
2780
2781
2772
2741
2711
2705
2674
2636
2589
2573
2579
2537
2500
2486
2459
2460
2461
2430
2473
2468
2418
2427
2417
2447
2426
2399
2419
2436
2444
2455
2404
2408
2420
2384
2361
2359
2381
2376
2342
2378
2449
2455
2434
2406
2423
2415
2408
2408
2420
2419
2445
2427
2432
2424
2426
2412
2389
2437
2428
2430
2421
2404
2394
2355
2304
2304
2298
2292
2283
2295
2287
2283
2264
2226
2230
2248
2261
2247
2269
2254
2196
2191
2194
2107
2117
2109
2057
2047
2020
1988
1991
1969
1950
1926
1892
1886
1879
1824
1838
1813
1808
1780
1756
1801
1758
1770
1754
1803
1806
1817
1874
1848
1843
1874
1852
1806
1837
1807
1817
1754
1769
1772
1733
1724
1692
1699
1686
1682
1612
1619
1617
1609
1645
1645
1598
1622
1629
1616
1653
1642
1659
1693
1728
1698
1719
1743
1714
1682
1671
1639
1589
1625
1580
1561
1565
1593
1551
1580
1611
1599
1646
1689
1701
1714
1749
1715
1712
1679
1711
1676
1657
1659
1612
1669
1725
1711
1740
1788
1769
1762
1772
1742
1730
1748
1724
1701
1704
1702
1673
1676
1709
1744
1733
1751
1751
1704
1740
1704
1702
1680
1722
1666
1656
1693
1660
1622
1610
1604
1530
1532
1577
1512
1488
1442
1387
1384
1368
1326
1299
1290
1227
1217
1189
1171
1215
1186
1184
1211
1172
1184
1163
1131
1151
1121
1113
1157
1097
1088
1073
1030
1058
1014
1032
1043
1000
995
989
958
992
967
965
945
910
906
898
927
911
899
898
906
925
905
915
911
889
900
888
835
848
839
858
832
817
836
821
859
832
837
844
866
837
809
832
805
839
854
821
853
850
858
918
937
969
917
952
953
928
929
896
881
821
844
839
795
806
799
770
840
823
846
849
800
787
797
762
796
786
750
785
790
788
800
794
789
790
760
790
695
681
693
694
669
634
654
617
632
598
599
609
590
593
539
558
511
527
497
503
478
458
496
412
460
444
463
386
418
423
376
355
364
366
340
375
332
330
285
318
334
356
336
322
319
365
331
361
360
373
384
360
382
408
383
371
384
338
351
371
377
311
343
309
345
319
377
423
399
443
390
428
396
446
457
438
429
443
470
448
441
458
497
485
503
480
497
461
441
421
438
419
427
449
414
429
371
416
378
387
423
451
442
429
390
391
415
404
376
368
405
363
363
348
367
313
346
335
322
317
275
285
251
239
207
201
170
158
124
138
138
139
119
106
107
60
61
66
56
52
19
-27
-43
-55
-69
-81
-88
-99
-128
-126
-110
-87
-125
-94
-112
-125
-103
-85
-103
-109
-102
-151
-136
-149
-131
-128
-124
-142
-128
-96
-118
-122
-106
-90
-112
-131
-175
-174
-167
-161
-207
-209
-215
-241
-231
-191
-195
-194
-234
-210
-174
-178
-165
-156
-123
-161
-110
-124
-118
-99
-131
-71
-49
-50
-68
-68
-96
-101
-118
-129
-150
-145
-140
-107
-72
-112
-86
-93
-125
-137
-141
-136
-118
-126
-126
-147
-133
-124
-126
-137
-118
-125
-148
-152
-179
-162
-208
-210
-223
-258
-281
-294
-273
-263
-291
-251
-273
-297
-318
-340
-337
-358
-347
-375
-376
-408
-430
-426
-466
-444
-421
-448
-465
-477
-499
-492
-488
-532
-536
-513
-547
-480
-463
-467
-512
-475
-476
-511
-520
-553
-533
-528
-541
-598
-566
-552
-535
-572
-600
-609
-623
-602
-588
-589
-577
-563
-541
-590
-561
-566
-607
-610
-622
-588
-601
-601
-634
-711
-676
-687
-674
-637
-649
-599
-600
-569
-566
-572
-586
-592
-583
-583
-585
-570
-546
-579
-593
-608
-558
-568
-556
-549
-552
-529
-512
-483
-515
-531
-534
-537
-541
-537
-502
-510
-495
-537
-515
-538
-556
-572
-560
-564
-621
-583
-600
-607
-624
-608
-599
-619
-626
-623
-636
-604
-617
-644
-650
-644
-611
-566
-610
-616
-613
-642
-643
-652
-680
-708
-732
-750
-776
-829
-836
-851
-852
-887
-901
-908
-947
-948
-910
-909
-915
-916
-912
-894
-914
-887
-873
-971
-943
-910
-888
-861
-890
-878
-912
-905
-873
-872
-871
-880
-863
-866
-895
-940
-957
-964
-1017
-1008
-1019
-982
-939
-975
-937
-946
-953
-944
-933
-887
-891
-901
-890
-884
-888
-895
-888
-870
-887
-880
-872
-886
-868
-853
-847
-886
-877
-842
-848
-854
-837
-834
-817
-852
-822
-814
-821
-806
-830
-797
-789
-826
-844
-846
-847
-839
-853
-823
-805
-847
-800
-835
-845
-840
-842
-832
-810
-820
-833
-827
-849
-834
-857
-844
-846
-888
-862
-838
-841
-846
-876
-845
-822
-819
-815
-810
-800
-791
-784
-771
-759
-748
-744
-817
-814
-810
-813
-847
-883
-876
-900
-925
-947
-931
-933
-917
-909
-910
-907
-931
-932
-916
-950
-957
-936
-953
-951
-953
-945
-968
-995
-970
-983
-993
-1000
-1000
-1037
-1026
-977
-973
-973
-995
-983
-946
-950
-969
-958
-984
-922
-938
-972
-992
-1006
-984
-994
-971
-995
-956
-962
-929
-910
-984
-923
-963
-992
-948
-911
-918
-906
-878
-903
-835
-859
-847
-814
-844
-858
-835
-850
-848
-888
-861
-842
-907
-896
-902
-885
-883
-865
-864
-871
-839
-895
-900
-883
-862
-882
-876
-889
-881
-894
-916
-909
-914
-869
-870
-898
-833
-838
-854
-817
-852
-823
-828
-823
-829
-867
-865
-862
-905
-920
-927
-926
-926
-939
-900
-927
-903
-949
-930
-926
-929
-953
-970
-966
-989
-975
-994
-1011
-994
-1009
-1000
-962
-969
-950
-1010
-979
-966
-989
-950
-955
-967
-1011
-970
-1018
-1019
-1008
-981
-949
-943
-950
-1011
-978
-969
-974
-984
-992
-1006
-1027
-1006
-968
-1007
-987
-956
-975
-967
-939
-905
-926
-923
-937
-903
-900
-909
-888
-929
-921
-904
-918
-938
-932
-967
-936
-952
-944
-968
-970
-973
-993
-922
-926
-940
-919
-954
-951
-934
-937
-943
-960
-985
-994
-978
-980
-987
-928
-963
-977
-951
-954
-963
-997
-984
-982
-957
-954
-958
-989
-973
-965
-981
-984
-929
-930
-968
-952
-944
-937
-920
-959
-986
-981
-966
-910
-942
-958
-948
-954
-967
-944
-966
-1011
-1015
-1011
-983
-1040
-1017
-1018
-978
-976
-1026
-1006
-1023
-1052
-1072
-1080
-1100
-1069
-1073
-1070
-1055
-1062
-1065
-1060
-1096
-1092
-1094
-1102
-1074
-1086
-1108
-1137
-1138
-1132
-1103
-1127
-1109
-1094
-1095
-1058
-1083
-1067
-1059
-1047
-1036
-1051
-1051
-1073
-1083
-1113
-1083
-1063
-1078
-1055
-1017
-957
-1006
-1011
-979
-1007
-965
-960
-943
-932
-939
-947
-933
-957
-973
-960
-976
-1007
-990
-1005
-989
-989
-994
-967
-986
-983
-970
-963
-949
-943
-961
-951
-986
-966
-950
-957
-953
-1007
-1012
-1007
-1050
-1074
-1011
-996
-1015
-1015
-989
-969
-963
-993
-1000
-968
-998
-955
-967
-960
-958
-972
-1012
-1006
-1044
-1106
-1008
-1025
-1074
-998
-1014
-981
-963
-1058
-1101
-1063
-1022
-1083
-1120
-1065
-1103
-1057
-991
-1041
-976
-955
-980
-948
-987
-993
-983
-1044
-1007
-941
-897
-927
-964
-941
-933
-934
-941
-966
-916
-988
-1006
-963
-977
-931
-925
-868
-911
-854
-802
-855
-887
-889
-887
-882
-910
-935
-903
-904
-887
-884
-838
-808
-818
-834
-797
-800
-782
-795
-814
-760
-771
-743
-759
-787
-764
-793
-829
-820
-796
-810
-827
-817
-814
-826
-773
-775
-790
-769
-723
-716
-733
-662
-734
-749
-743
-779
-732
-728
-752
-755
-785
-790
-793
-774
-753
-731
-766
-786
-746
-767
-744
-772
-785
-758
-811
-794
-780
-792
-774
-776
-780
-782
-787
-799
-774
-791
-794
-816
-785
-784
-800
-802
-862
-857
-833
-880
-858
-888
-900
-893
-910
-876
-882
-878
-886
-864
-873
-882
-878
-856
-857
-871
-871
-852
-853
-865
-880
-863
-810
-847
-856
-830
-827
-839
-804
-789
-773
-760
-759
-769
-797
-753
-804
-813
-804
-817
-843
-879
-846
-863
-836
-779
-781
-778
-781
-776
-768
-806
-769
-705
-707
-671
-683
-684
-693
-719
-698
-697
-689
-737
-743
-758
-760
-734
-736
-726
-693
-716
-729
-738
-755
-729
-779
-765
-715
-716
-734
-752
-735
-756
-749
-735
-726
-739
-719
-721
-723
-719
-706
-721
-717
-711
-695
-709
-767
-746
-741
-764
-758
-746
-719
-736
-753
-776
-796
-761
-773
-757
-767
-767
-750
-798
-774
-761
-807
-791
-815
-816
-840
-867
-843
-864
-858
-802
-829
-816
-800
-825
-800
-787
-797
-791
-812
-770
-777
-742
-757
-732
-731
-735
-763
-780
-755
-789
-773
-808
-781
-759
-708
-696
-713
-752
-738
-734
-749
-767
-767
-769
-793
-777
-715
-696
-665
-648
-659
-641
-653
-651
-636
-656
-651
-654
-637
-634
-630
-613
-628
-569
-572
-547
-504
-526
-488
-511
-519
-506
-504
-531
-524
-512
-542
-506
-455
-454
-486
-521
-527
-506
-494
-521
-503
-513
-503
-480
-499
-524
-486
-555
-566
-566
-597
-589
-576
-577
-604
-656
-647
-608
-626
-571
-602
-616
-563
-577
-588
-608
-596
-617
-581
-534
-584
-621
-638
-623
-598
-625
-584
-594
-551
-542
-570
-564
-580
-605
-553
-557
-610
-559
-545
-537
-528
-537
-515
-518
-554
-488
-507
-493
-497
-541
-525
-557
-563
-592
-566
-558
-562
-500
-510
-521
-514
-461
-477
-509
-471
-478
-510
-492
-498
-464
-472
-478
-436
-418
-460
-486
-464
-471
-469
-446
-454
-475
-455
-453
-418
-420
-419
-380
-381
-417
-395
-372
-382
-398
-420
-394
-394
-393
-388
-341
-345
-369
-390
-400
-443
-434
-402
-435
-395
-382
-380
-373
-354
-347
-348
-348
-375
-425
-418
-427
-451
-406
-425
-440
-414
-398
-424
-427
-432
-472
-410
-434
-428
-402
-458
-433
-442
-466
-460
-454
-429
-428
-405
-367
-371
-378
-388
-364
-387
-405
-394
-398
-386
-382
-400
-392
-346
-345
-358
-393
-390
-396
-376
-379
-390
-391
-412
-376
-370
-357
-415
-375
-372
-373
-350
-335
-333
-336
-287
-298
-291
-296
-318
-317
-344
-349
-331
-337
-344
-363
-374
-345
-343
-340
-319
-326
-359
-364
-350
-302
-325
-342
-326
-337
-349
-339
-340
-382
-416
-396
-380
-405
-383
-401
-381
-410
-404
-362
-383
-399
-400
-415
-383
-382
-408
-367
-367
-370
-373
-362
-382
-346
-345
-378
-307
-345
-344
-348
-376
-390
-368
-330
-334
-354
-404
-391
-418
-409
-407
-398
-390
-438
-365
-405
-393
-389
-426
-405
-394
-370
-381
-394
-399
-435
-415
-436
-432
-432
-453
-424
-446
-439
-430
-452
-480
-457
-490
-537
-461
-462
-468
-463
-475
-470
-455
-432
-493
-509
-497
-460
-427
-411
-375
-353
-403
-388
-391
-395
-400
-411
-362
-407
-387
-383
-373
-338
-360
-371
-341
-332
-374
-354
-367
-377
-323
-365
-381
-347
-372
-348
-331
-326
-302
-309
-268
-301
-331
-310
-345
-311
-324
-345
-342
-331
-287
-273
-303
-310
-301
-331
-350
-336
-338
-336
-311
-336
-308
-288
-294
-350
-359
-343
-345
-360
-349
-397
-407
-404
-389
-407
-384
-392
-404
-370
-392
-362
-347
-344
-337
-348
-369
-343
-365
-364
-379
-383
-391
-381
-352
-320
-325
-276
-318
-279
-287
-290
-282
-307
-296
-283
-322
-304
-279
-321
-284
-280
-287
-287
-299
-268
-266
-321
-297
-267
-287
-287
-256
-309
-316
-330
-324
-275
-264
-262
-297
-250
-265
-289
-275
-313
-252
-237
-251
-246
-232
-221
-211
-192
-184
-144
-160
-147
-138
-133
-107
-137
-118
-97
-75
-87
-81
-65
-63
-49
-51
-41
-50
-47
-62
-91
-89
-79
-82
-82
-72
-112
-112
-118
-136
-147
-122
-121
-108
-120
-141
-136
-117
-95
-118
-102
-106
-68
-115
-126
-130
-159
-188
-184
-202
-230
-207
-218
-161
-118
-190
-171
-148
-130
-127
-128
-103
-135
-162
-145
-178
-183
-177
-220
-192
-214
-192
-174
-184
-208
-243
-254
-238
-203
-232
-257
-251
-248
-266
-237
-227
-240
-231
-263
-246
-268
-261
-215
-194
-215
-194
-152
-179
-163
-191
-259
-261
-260
-240
-234
-203
-196
-184
-158
-159
-148
-148
-180
-172
-163
-164
-156
-148
-150
-141
-147
-169
-141
-154
-127
-121
-125
-125
-135
-125
-104
-79
-74
-45
-94
-128
-159
-180
-153
-166
-162
-179
-194
-195
-179
-204
-175
-172
-165
-167
-179
-162
-151
-181
-164
-131
-131
-158
-172
-142
-160
-180
-223
-246
-271
-276
-253
-258
-258
-251
-247
-220
-212
-214
-169
-218
-221
-208
-250
-303
-295
-278
-256
-189
-248
-272
-314
-336
-353
-340
-332
-344
-305
-314
-309
-327
-302
-306
-298
-346
-339
-315
-347
-376
-382
-350
-349
-325
-334
-393
-389
-388
-392
-384
-351
-326
-341
-353
-320
-370
-382
-362
-334
-338
-362
-307
-288
-305
-311
-307
-336
-346
-399
-362
-322
-393
-406
-390
-368
-383
-348
-358
-333
-346
-328
-316
-359
-322
-337
-362
-370
-375
-366
-402
-386
-418
-430
-333
-329
-356
-307
-285
-280
-301
-299
-333
-347
-359
-298
-293
-360
-321
-383
-382
-424
-402
-391
-409
-386
-404
-403
-376
-369
-378
-375
-362
-370
-376
-386
-417
-451
-411
-406
-395
-375
-367
-341
-321
-336
-344
-321
-353
-354
-376
-386
-393
-362
-374
-379
-382
-388
-384
-366
-404
-384
-357
-399
-318
-366
-359
-335
-325
-372
-350
-366
-347
-342
-376
-357
-393
-368
-359
-343
-313
-311
-296
-274
-267
-240
-223
-255
-283
-282
-302
-274
-303
-296
-337
-301
-250
-246
-268
-272
-226
-226
-163
-141
-156
-177
-168
-166
-153
-194
-173
-195
-218
-198
-200
-215
-233
-231
-245
-227
-230
-225
-207
-219
-189
-188
-224
-150
-157
-168
-187
-196
-184
-207
-237
-243
-194
-207
-247
-209
-267
-262
-227
-311
-307
-291
-317
-313
-332
-311
-311
-295
-293
-279
-247
-288
-306
-277
-267
-253
-257
-271
-280
-315
-262
-282
-314
-281
-251
-283
-274
-258
-279
-263
-230
-230
-220
-186
-184
-250
-268
-272
-279
-295
-280
-239
-284
-305
-330
-329
-307
-299
-316
-296
-252
-282
-293
-283
-284
-290
-267
-269
-267
-262
-227
-246
-208
-199
-230
-190
-174
-150
-154
-189
-173
-180
-159
-176
-206
-195
-220
-189
-160
-189
-218
-219
-216
-224
-252
-231
-236
-230
-260
-230
-223
-221
-225
-215
-222
-274
-270
-292
-244
-243
-281
-252
-249
-250
-247
-224
-290
-280
-269
-279
-255
-291
-300
-327
-345
-304
-290
-282
-307
-313
-302
-310
-296
-289
-312
-325
-313
-318
-279
-286
-300
-321
-300
-331
-363
-327
-340
-337
-389
-390
-369
-354
-353
-370
-357
-364
-381
-375
-367
-370
-342
-336
-320
-340
-383
-349
-390
-379
-351
-326
-330
-341
-377
-380
-381
-414
-407
-379
-395
-415
-376
-385
-406
-386
-358
-369
-372
-376
-377
-363
-380
-381
-292
-304
-306
-335
-353
-360
-352
-321
-312
-350
-321
-302
-362
-327
-310
-335
-314
-324
-280
-242
-267
-327
-347
-348
-378
-365
-346
-364
-352
-316
-333
-279
-248
-278
-248
-237
-201
-196
-205
-205
-199
-205
-208
-169
-182
-194
-231
-218
-250
-308
-282
-278
-305
-294
-309
-277
-322
-338
-289
-308
-278
-278
-281
-319
-350
-330
-337
-331
-342
-307
-316
-314
-302
-312
-284
-273
-260
-261
-293
-315
-298
-336
-376
-361
-353
-346
-356
-320
-314
-275
-247
-271
-227
-237
-215
-233
-256
-247
-233
-248
-275
-288
-300
-323
-274
-296
-306
-311
-330
-308
-312
-303
-283
-283
-296
-274
-328
-283
-289
-283
-286
-270
-279
-310
-276
-298
-282
-265
-243
-257
-254
-244
-286
-286
-229
-235
-271
-258
-268
-262
-260
-265
-250
-245
-243
-238
-218
-229
-227
-204
-224
-222
-196
-174
-158
-160
-185
-180
-158
-190
-179
-208
-221
-193
-211
-186
-182
-176
-173
-170
-197
-164
-138
-169
-152
-163
-194
-202
-202
-182
-205
-184
-171
-190
-167
-167
-145
-133
-132
-122
-130
-148
-165
-215
-228
-199
-190
-153
-172
-174
-186
-197
-188
-170
-177
-218
-247
-187
-200
-216
-179
-189
-199
-191
-166
-196
-183
-211
-198
-187
-199
-192
-172
-163
-217
-191
-175
-208
-210
-172
-184
-173
-157
-168
-183
-176
-204
-155
-147
-161
-148
-163
-135
-174
-183
-173
-163
-171
-122
-99
-66
-27
-65
-78
-89
-84
-130
-116
-143
-132
-104
-142
-142
-133
-113
-111
-143
-133
-116
-127
-118
-101
-119
-143
-115
-108
-124
-127
-110
-112
-105
-116
-105
-105
-111
-91
-69
-99
-88
-111
-71
-47
-63
-42
-70
-47
-52
-64
-23
-24
-28
-41
-28
-21
-68
-44
-34
-71
-66
-63
-81
-85
-95
-100
-130
-140
-124
-110
-128
-123
-84
-91
-81
-71
-94
-106
-94
-111
-118
-127
-130
-87
-110
-134
-122
-154
-140
-73
-97
-109
-141
-170
-158
-177
-160
-177
-162
-126
-102
-101
-75
-76
-57
-98
-120
-110
-94
-93
-128
-113
-106
-124
-102
-105
-126
-142
-170
-162
-167
-174
-164
-167
-192
-179
-180
-164
-157
-213
-180
-183
-198
-139
-115
-120
-126
-112
-57
-39
-45
-60
-67
-117
-129
-151
-150
-157
-159
-107
-121
-71
-77
-87
-79
-75
-73
-66
-90
-125
-106
-97
-63
-67
-25
-44
-62
-58
-59
-69
-52
-51
-81
-67
-113
-96
-63
-117
-108
-94
-113
-127
-152
-138
-148
-156
