-7
3
-26
-25
3
-27
-35
-34
-78
-73
-66
-81
-60
-62
-95
-39
-31
-57
-45
-29
-54
-52
-52
-68
-31
-44
-59
-47
-62
-72
-53
-14
-57
-37
-22
-48
-46
-55
-13
-11
3
-20
-37
-69
-61
-67
-11
-18
-51
-27
-33
16
-47
-51
-17
-19
-24
-20
-24
-40
-27
3
-34
-22
-32
-92
-55
-81
-70
-14
-62
-64
-46
-52
-34
-29
-20
-10
-7
-13
-12
-36
-25
-23
-51
-66
-66
-47
-64
-66
-69
-82
-62
-62
-14
-12
-66
-27
-34
-35
3
4
-25
-14
-44
-39
-37
10
-9
-10
-30
-64
-78
-46
-10
-95
-51
-18
-18
-1
-56
-23
17
-34
-17
-51
-38
-44
-60
-68
-61
-14
-48
-77
-32
-10
-34
20
-27
-59
-46
-46
12
6
-18
-21
2
-32
-18
-30
-34
-5
-33
10
27
-10
18
10
-3
40
69
70
54
23
26
54
79
48
36
29
19
-4
13
9
16
27
23
50
18
17
38
11
6
1
5
35
19
28
19
-17
-11
-47
-51
-33
-65
-31
-24
-12
-75
-42
-17
-40
-11
-78
-35
-35
-30
-4
-12
-18
-14
-40
-54
-13
-51
-56
-48
-57
-80
-33
-44
-80
-62
-38
-91
-69
-31
-43
-13
0
-52
-7
-66
-74
-52
-74
-64
-45
-32
-98
-62
-99
-73
-49
-12
-39
-78
-9
-86
-97
-56
-34
-84
-56
-70
-56
-46
-76
-73
-73
-95
-94
-141
-126
-83
-153
-126
-145
-114
-96
-112
-105
-142
-117
-66
-61
-136
-132
-96
-117
-107
-167
-139
-129
-196
-170
-145
-171
-139
-133
-123
-110
-138
-99
-132
-105
-137
-178
-145
-165
-126
-76
-82
-77
-71
-96
-99
-80
-67
-91
-103
-85
-86
-98
-129
-121
-120
-84
-85
-42
-142
-108
-120
-109
-50
-92
-74
-62
-30
-34
-38
-62
-10
11
12
-35
-71
-34
-27
-44
-23
-53
-82
-17
-16
-31
2
-19
-36
-48
-69
-77
-29
-36
-48
-47
-74
-27
-71
-64
-39
-23
-12
-21
-19
12
-4
-66
-9
12
-46
-32
-21
6
-7
-9
-33
-38
-2
-74
-1
-34
-27
-34
-50
5
-1
1
25
17
23
28
7
30
-31
-20
20
-13
-6
-9
9
54
21
0
-30
-49
-38
-31
-47
-24
-104
-92
-85
-75
-87
-111
-84
-83
-57
-95
-104
-90
-69
-92
-75
-39
-57
-57
-49
-76
-60
-47
-75
-65
-39
-35
-32
-59
-53
-81
-68
-72
-80
-66
-77
-87
-87
-96
-47
-68
-65
-47
-87
-85
-85
-72
-84
-91
-82
-57
-92
-31
-79
-69
-52
-59
-75
-65
-106
-93
-84
-97
-71
-101
-58
-84
-115
-99
-79
-165
-122
-107
-118
-124
-155
-73
-86
-109
-101
-79
-70
-66
-58
-70
-104
-77
-103
-91
-65
-62
-36
-82
-40
-113
-66
-64
-103
-53
-94
-89
-99
-131
-127
-117
-133
-122
-104
-102
-145
-88
-98
-96
-75
-106
-121
-125
-100
-108
-115
-112
-86
-86
-97
-101
-95
-93
-69
-92
-93
-85
-61
-108
-107
-77
-116
-76
-53
-41
-42
-27
-58
-51
-33
-38
-2
-20
-12
-41
-62
-56
-65
-11
-23
-73
-9
-61
-72
-76
-115
-65
-57
-47
-33
-28
-69
-45
-48
-72
-57
-47
-38
-54
-90
-31
-44
-81
-6
-31
-52
-80
-58
-51
-115
-76
-78
-87
-73
-59
-81
-61
-22
-61
-70
-64
-61
-51
-83
-52
-100
-91
-58
-77
-114
-118
-107
-107
-111
-98
-71
-119
-128
-158
-134
-135
-140
-142
-128
-105
-81
-101
-113
-94
-112
-106
-100
-117
-109
-105
-103
-122
-104
-92
-139
-105
-105
-133
-116
-125
-128
-168
-157
-147
-143
-166
-147
-135
-169
-153
-145
-125
-151
-116
-140
-178
-152
-180
-186
-215
-185
-174
-181
-205
-219
-186
-208
-175
-173
-232
-228
-151
-142
-155
-174
-150
-124
-122
-153
-157
-113
-137
-145
-142
-117
-104
-130
-113
-63
-80
-84
-136
-131
-106
-122
-76
-79
-102
-121
-112
-99
-72
-105
-166
-153
-135
-137
-149
-125
-115
-87
-81
-99
-96
-75
-37
-61
-65
-67
-59
-80
-35
-82
-97
-67
-115
-81
-86
-71
-88
-110
-109
-118
-102
-119
-49
-73
-114
-37
-75
-58
-34
-107
-89
-83
-79
-91
-121
-83
-59
-112
-98
-51
-52
-27
-62
-100
-72
-75
-96
-65
-118
-116
-131
-132
-117
-129
-109
-142
-143
-128
-140
-132
-114
-115
-128
-140
-166
-161
-145
-176
-130
-132
-116
-124
-90
-87
-108
-66
-90
-79
-72
-62
-59
-100
-99
-96
-112
-96
-67
-86
-104
-89
-97
-96
-60
-26
-40
-52
-37
-83
-113
-112
-80
-80
-139
-76
-75
-80
-50
-26
-82
-68
-87
-89
-43
-94
-74
-69
-74
-114
-127
-132
-131
-127
-151
-128
-126
-117
-142
-126
-149
-162
-116
-149
-111
-128
-117
-93
-93
-100
-96
-66
-81
-129
-100
-123
-110
-81
-88
-103
-134
-116
-102
-115
-78
-70
-102
-109
-118
-102
-112
-115
-115
-98
-98
-85
-58
-102
-140
-116
-109
-134
-125
-129
-179
-149
-142
-190
-197
-206
-188
-153
-154
-170
-168
-156
-188
-187
-132
-144
-168
-130
-126
-102
-126
-159
-125
-127
-102
-121
-102
-87
-127
-127
-85
-99
-151
-155
-132
-125
-81
-111
-114
-95
-104
-60
-130
-145
-132
-135
-120
-129
-123
-89
-103
-83
-109
-101
-83
-93
-105
-139
-126
-96
-90
-130
-114
-87
-100
-70
-97
-86
-102
-52
-73
-68
-87
-141
-98
-116
-134
-116
-70
-87
-47
-82
-99
-56
-81
-87
-62
-80
-76
-85
-132
-98
-94
-118
-148
-134
-89
-106
-91
-115
-130
-127
-153
-123
-140
-145
-126
-151
-137
-127
-129
-110
-117
-142
-154
-127
-141
-101
-121
-155
-120
-111
-126
-159
-125
-118
-121
-125
-135
-119
-130
-114
-128
-146
-89
-124
-134
-85
-111
-84
-30
-96
-116
-91
-67
-96
-92
-55
-77
-74
-40
-55
-96
-64
-50
-43
-71
-41
-77
-77
-71
-115
-52
-51
-54
-60
-38
-85
-27
-25
-49
-46
-47
-43
-10
34
3
-11
-44
-33
-3
-24
9
-37
-40
-16
-61
-87
-27
1
-46
-42
-54
-53
-37
-33
-72
-60
-69
-46
-16
-91
-93
-14
-28
-27
-57
-40
-30
-76
4
-58
-64
-115
-107
-18
-57
-85
-47
-14
-55
-36
-70
-62
-52
-16
-32
-62
-65
-58
-97
-101
-67
-55
-64
-39
-43
-45
-28
-10
-10
-77
-37
-59
-10
-23
-45
-45
-5
-4
10
0
-7
13
-19
-51
-61
-37
-56
-18
-41
-41
-23
-48
-19
-24
-11
7
3
-27
-24
46
-2
-3
-25
15
52
-6
18
-10
-17
-35
-38
-41
-69
-35
-44
-23
-17
-44
-9
-13
42
44
50
14
24
21
13
25
8
58
26
25
55
-18
-19
-6
-25
0
-7
-8
39
-15
27
16
-49
1
-50
44
27
-48
47
-8
-12
18
-52
-18
11
-35
9
-25
-29
-4
-103
-37
2
-72
9
15
-22
17
-15
28
8
-20
-45
-18
51
30
-42
-23
-6
-36
-5
-15
-37
15
-42
-52
0
-6
14
-42
-30
-16
-20
0
-15
4
17
-13
23
19
-16
-10
-71
-18
-10
14
8
-46
-18
9
4
1
51
70
39
-26
11
19
-52
18
42
-9
3
15
27
33
18
42
63
-3
42
23
40
81
48
93
51
79
95
84
94
53
48
101
75
99
55
18
58
29
95
29
31
73
-13
19
71
81
80
114
94
121
107
85
122
84
87
107
78
60
105
79
36
126
107
122
83
79
93
147
114
93
145
86
115
88
93
109
90
113
131
81
138
134
83
104
86
82
123
79
114
179
129
94
146
67
69
79
92
137
85
117
73
100
125
92
91
100
36
66
91
66
30
36
94
101
18
32
129
7
15
109
68
48
80
50
74
26
1
68
2
9
37
25
19
41
52
9
50
30
24
67
15
55
110
54
33
93
16
-24
80
-11
28
46
-27
20
-12
-8
98
32
-29
58
29
46
68
35
54
29
14
5
-2
42
42
63
15
35
112
32
-16
50
-23
16
65
-26
66
-16
-1
110
34
18
17
-31
58
127
70
77
64
78
22
-34
30
71
58
35
59
98
-9
8
28
-5
66
81
13
35
13
-31
45
67
45
6
-10
-29
-3
48
22
-4
69
51
56
37
45
36
13
40
-31
36
22
32
25
36
15
5
102
98
118
75
73
87
77
67
95
41
84
128
62
51
117
55
42
103
54
114
45
63
164
44
60
98
75
124
117
78
121
32
61
101
26
101
87
55
96
72
84
84
34
85
19
85
144
64
50
92
124
113
117
132
139
138
183
121
128
209
96
96
114
88
133
53
86
162
98
87
120
79
111
114
100
100
124
143
69
67
87
45
-14
33
-34
-37
-41
-52
-65
-2
3
-6
-11
-33
-61
-28
45
15
65
28
26
-6
-13
3
0
3
41
28
6
2
-15
18
33
20
49
69
38
48
17
-36
31
42
46
29
-12
29
-3
-18
111
50
30
74
60
38
49
39
48
28
31
61
70
62
19
35
33
26
62
112
106
91
55
97
109
37
68
64
96
120
42
27
128
139
93
31
73
140
70
32
82
115
85
46
58
47
152
141
142
217
171
143
182
187
165
167
161
135
99
140
152
89
70
77
30
33
58
71
66
78
121
94
49
69
51
82
82
65
80
110
107
73
111
135
88
103
79
125
119
78
122
61
67
77
76
118
119
88
106
116
93
149
75
102
125
118
109
93
84
107
99
66
82
57
83
52
49
60
66
43
88
82
50
75
119
112
34
83
95
78
125
91
113
110
59
93
82
56
36
38
77
65
83
69
80
63
93
88
101
143
52
48
123
94
36
89
116
111
78
79
71
59
95
55
59
59
48
110
75
52
100
83
92
57
72
89
27
39
-1
49
7
3
49
31
61
53
13
36
52
60
56
-4
68
127
98
83
86
60
40
36
58
59
70
41
72
43
73
117
107
96
69
91
91
80
69
65
94
122
87
90
104
101
111
140
123
135
102
53
-6
54
98
3
-1
50
62
21
25
88
85
-7
35
40
66
14
13
92
28
9
29
63
58
74
68
65
86
-16
46
32
12
55
35
64
63
96
107
17
73
110
72
71
95
163
139
107
145
177
172
166
100
157
113
110
129
113
167
141
105
170
148
90
148
121
121
113
74
128
136
54
98
67
56
86
68
64
67
45
91
134
130
67
69
90
91
97
101
118
136
162
125
133
157
162
126
115
83
105
100
68
55
99
98
39
57
105
119
88
60
90
99
82
88
108
102
67
70
81
90
49
56
106
29
51
66
14
68
29
37
51
57
79
102
86
75
111
109
155
131
155
148
115
81
111
162
122
147
165
119
149
122
105
149
133
109
144
159
164
134
104
131
84
129
167
115
149
179
130
85
97
104
95
32
89
87
68
103
74
124
96
104
138
110
80
109
153
122
130
110
107
129
124
122
157
129
188
165
127
145
108
194
167
64
161
122
82
133
123
146
152
138
127
163
139
161
147
76
95
115
90
87
67
133
77
44
51
48
97
-9
27
66
46
49
84
79
42
83
94
80
92
96
122
113
128
73
113
98
98
123
139
135
114
113
69
105
120
79
66
132
111
90
118
112
100
103
134
140
141
183
158
145
147
94
87
96
117
69
80
59
81
122
82
126
169
48
41
73
54
65
105
107
97
113
121
124
65
131
115
95
133
108
140
130
44
86
68
59
69
44
18
86
107
126
74
33
84
59
44
52
73
53
26
29
41
30
17
30
40
26
4
44
45
38
69
71
64
58
72
90
82
93
22
38
64
64
24
19
74
69
54
46
48
44
77
45
116
43
-3
7
32
110
75
53
29
48
62
14
47
78
32
97
94
76
85
65
57
68
50
55
98
60
52
83
78
90
72
69
77
42
20
3
29
29
16
13
32
64
44
45
71
58
7
53
63
54
44
10
36
96
85
70
49
114
99
68
75
102
70
67
70
66
126
137
118
101
122
105
145
129
109
130
121
82
134
116
95
95
105
139
79
60
97
57
60
78
80
71
120
80
76
109
80
63
60
107
50
96
98
61
52
55
51
66
87
91
78
83
104
84
88
45
70
97
63
83
77
91
104
84
93
81
29
51
80
69
37
62
49
53
66
43
42
1
50
21
30
49
57
5
4
-10
-46
-30
-23
5
-28
-27
-27
37
36
13
21
29
0
12
42
41
30
-12
-18
-5
-41
8
-11
-10
-8
5
-36
-11
56
31
41
17
19
27
73
10
46
17
-5
19
-1
-7
21
-6
-54
-25
16
-2
-24
4
-21
-20
-49
-28
-25
21
13
3
-7
-24
-32
-36
-18
-14
-6
-13
-38
-23
-18
-50
-1
-32
10
22
-26
6
-5
-1
-4
38
22
32
35
21
24
-19
37
59
-38
-37
-8
-24
-59
-24
9
-23
-43
13
47
10
40
29
-16
-19
-14
-15
-22
-51
-16
-17
-52
-28
-20
-28
-44
0
-43
-8
23
-32
21
-39
-12
19
-13
-16
16
-22
-35
7
31
10
8
42
-9
10
42
20
1
-5
7
-5
-1
17
64
20
-11
6
1
51
-8
-32
-8
6
-27
-50
-89
-42
-55
-23
-13
-85
-54
-70
-80
-41
-45
-28
-39
-80
-58
-65
-82
-61
-37
-41
-85
-82
-26
-47
-39
-17
-41
-60
-35
-37
-47
-51
-57
-93
-84
-65
-82
-43
-58
-68
-61
-56
-69
-46
-62
-87
-99
-84
-59
-57
-69
-45
-61
-63
-56
-76
-51
-77
-79
-54
-47
-26
-40
-78
-61
-25
-79
-78
-69
-64
-61
-92
-115
-52
-43
-67
-65
-35
-38
-52
-67
-72
-47
-46
-56
16
-13
1
4
-45
15
23
-25
-33
-24
-15
-15
-45
-7
-4
-39
-35
0
3
-5
-51
-4
-28
-30
-29
-36
-5
-48
-48
-54
-65
-47
-56
-64
-64
-70
-35
-29
-79
-36
-16
-65
-38
12
-23
-27
-23
-56
39
-14
-7
-53
-49
29
11
38
9
10
-1
-16
-48
-7
27
-10
-8
-9
-3
-4
-19
-16
29
12
7
-8
25
-1
-5
24
11
33
10
-24
9
21
-17
1
55
21
-29
-11
-34
-6
40
56
71
48
24
44
26
36
42
48
45
73
23
35
89
6
50
24
21
56
75
9
-17
23
8
12
39
42
23
46
-7
29
44
6
0
7
29
9
19
15
26
29
-13
38
13
7
9
17
3
-6
23
30
1
-4
-23
-13
13
10
30
40
45
34
67
43
19
46
12
6
-6
26
32
10
13
11
20
-17
-32
-25
-19
-28
-4
-2
-4
34
34
8
-17
21
-38
-44
6
20
19
49
8
40
59
34
45
48
63
44
9
19
36
43
88
8
48
67
52
61
40
4
16
-13
30
34
19
23
38
33
41
41
-8
11
-3
6
-26
-20
-37
-5
4
-19
-9
8
-7
-3
40
39
-9
9
19
-33
15
-2
-9
10
-6
-2
-4
-11
22
-8
-6
20
10
4
45
22
19
52
14
0
13
52
35
21
42
37
9
-49
-13
-11
-26
-15
23
-30
-14
-25
-27
-1
-15
24
40
49
-22
44
50
11
24
-17
-14
25
52
51
13
-38
-5
-18
1
32
1
31
8
16
17
-21
-4
32
-11
20
-21
-22
17
-5
5
15
-1
15
-28
-7
37
-16
-35
-25
-42
2
-12
-68
-32
-27
-40
-29
-28
-11
22
-5
-9
-104
-24
5
-56
12
41
-43
-20
9
-14
18
-25
-5
-37
-39
14
16
1
5
-1
-22
-14
-49
-17
-11
-14
-41
-89
-73
-33
-28
-51
-48
-22
-15
26
-8
29
16
-24
-28
-16
-22
-30
0
15
-4
-48
-44
-41
-47
-84
-79
-61
-63
-58
-37
-56
-10
2
-14
-2
-10
-4
4
14
13
1
-39
-10
-55
-51
-14
-54
-69
-28
-65
-107
-67
-59
-33
1
7
-7
-40
-35
-65
-20
0
-36
-36
-60
-15
-25
-25
14
20
3
3
-31
-29
31
6
11
15
25
64
23
21
46
-13
15
-25
-33
35
24
-15
-45
32
-7
8
-21
-47
-54
-62
-25
-58
-64
-74
-41
-48
-41
-32
-62
-52
-35
-41
-6
-29
-45
-17
-16
-20
-20
19
-14
29
61
-1
22
26
48
76
48
45
10
-12
64
41
5
27
10
43
45
44
52
22
73
62
43
97
33
46
60
23
15
34
18
42
37
-40
-24
-4
1
-8
-32
-20
-24
-45
-35
-40
-62
-64
-17
-4
-13
-38
-5
-16
-23
20
4
-1
18
-2
-39
1
-45
-34
-25
-45
-9
9
-50
-20
-31
-63
-8
-3
3
12
23
-6
24
7
-8
46
7
42
24
-48
-1
-11
-26
-37
-29
-31
-12
-34
-25
-35
-30
-54
-87
-39
-15
-24
-19
-14
-11
7
-19
-11
19
-13
17
44
4
42
12
31
37
23
21
-44
0
-22
26
-10
-30
1
22
34
-18
-3
12
17
24
44
14
6
17
28
5
15
8
-26
11
-31
-6
6
-15
-33
26
24
-13
-4
11
0
-1
9
-10
-8
-55
33
1
7
34
-38
-43
-33
-31
1
-20
11
-23
-10
8
-6
-54
-45
-39
-13
33
-11
-7
26
21
65
26
34
49
-3
10
-22
-22
-1
-16
13
3
5
27
10
56
66
6
-1
15
23
21
16
32
6
-6
41
29
0
-3
17
19
11
25
-23
24
2
-3
24
9
-9
0
15
20
-3
-10
-28
-48
-22
-52
-53
-25
-43
-62
-76
-91
-69
-37
-59
-83
-139
-87
-67
-75
-68
-108
-37
-74
-50
-22
-72
-36
-6
-36
-47
-26
-12
-33
-71
-44
-25
-5
34
-29
18
32
-19
0
18
-42
-16
9
-18
-23
-12
0
9
-13
-16
-17
-2
-51
-44
-50
-28
-7
-42
-23
-65
-34
-8
10
1
-9
-15
-16
-17
6
-37
-48
-48
-39
-3
-34
-31
7
-10
6
-30
-38
-26
-59
-55
-71
-77
-24
-37
-46
-19
-27
-46
7
-27
-51
-45
-42
-16
-42
-36
-66
-28
-29
7
-9
-3
8
-32
20
9
-16
1
16
-21
-7
-22
10
-10
-3
-26
10
37
-18
17
15
20
33
-7
-52
-4
31
-12
7
6
-13
27
-28
-2
-23
-37
62
50
14
37
-10
1
1
-25
-13
-32
-4
25
-14
10
10
-4
-13
-4
33
22
-42
-49
5
20
12
-8
4
23
19
5
32
-9
5
6
16
3
28
52
16
29
19
17
30
-3
31
22
-8
18
-21
-17
21
-2
21
15
13
27
-8
24
25
-11
-11
9
42
34
-17
-9
8
57
51
27
36
52
61
-6
-28
-30
5
9
-13
0
12
22
29
9
17
47
68
64
61
26
33
32
34
26
30
52
49
8
12
16
24
-4
-55
-23
-21
-17
5
4
-18
30
-8
-32
28
-10
-27
-26
-69
-56
-51
-71
-24
-30
-17
7
43
5
22
0
-31
9
-46
-35
-29
-13
-5
-18
20
19
-17
13
9
-43
-41
8
-37
-18
-20
-23
-22
-14
16
-4
-19
38
7
-16
20
44
-3
-7
-19
-43
-30
-44
-49
-57
-27
-39
-24
-3
-12
-23
-14
-29
-28
-92
-38
-30
-32
-54
-35
-53
-62
-50
-50
-43
-77
-58
-123
-68
-110
-90
-66
-83
-70
-77
-23
-22
-72
-50
-48
-93
-46
-67
-47
-48
-57
-13
-45
-90
-20
-40
-59
-42
-23
-33
-24
1
-39
-27
-49
-31
-22
-29
-24
-29
-23
-53
-40
2
-47
-19
1
-33
-10
-3
5
1
-25
-40
13
-36
-44
-29
-85
-36
-59
-53
-71
-56
-51
-54
-37
-42
-56
-72
-78
-96
-51
-44
-66
-47
-55
-63
-61
-69
-35
-40
-25
-29
-13
26
27
-14
20
7
-16
-28
-20
32
21
-4
-31
-22
-34
-38
-32
-28
-35
-11
-41
4
5
27
13
-17
1
-23
2
18
5
7
58
51
25
31
7
23
6
-12
29
13
26
0
0
20
-8
24
22
40
17
-10
27
9
-5
26
-18
22
-9
-33
-7
25
20
-26
-1
23
-10
-12
9
-21
32
16
-21
1
-28
-22
-13
-34
-44
-40
-27
-5
-48
-26
-64
-45
-66
-85
-53
-70
-64
-49
-18
-56
-22
-6
-2
-33
-49
-30
-16
11
-60
-44
-20
-64
-28
-5
-32
-7
14
-16
-38
-45
-20
-53
-79
-85
-42
-35
-24
-34
-17
-2
-16
0
-45
-3
-28
-56
-20
-23
-28
-88
-67
-69
-39
-24
-80
-31
-11
-51
-32
-15
-49
-45
30
25
-11
-12
-12
-40
-42
-29
-30
-28
24
8
0
17
21
23
15
-29
-22
38
-4
16
32
4
16
-17
15
28
5
-2
-8
-18
3
-32
-58
-21
-37
-39
-31
-62
-36
-58
-98
-57
-94
-88
-39
-21
-22
-34
1
-37
-24
20
-23
-19
-6
9
-34
-55
-50
-28
-55
-19
-53
-60
-30
-31
-79
-69
-60
-50
-21
-70
4
-13
-37
-45
-54
-49
-41
-67
-45
-56
-62
-69
-81
-66
-79
-73
-89
-58
-67
-81
-50
-80
-101
-47
-66
-97
-27
-65
-122
-61
-123
-69
-99
-102
-59
-95
-78
-75
-42
-70
-60
-43
-18
-73
-44
-6
-47
-55
-50
-53
-49
-44
-48
-48
-69
-51
-28
-61
-49
-63
-59
-96
-97
-64
-85
-87
-84
-59
-70
-58
-96
-98
-68
-71
-84
-57
-80
-62
-43
-34
-45
-38
-76
-23
-1
-59
-11
-48
-77
-39
-53
-57
-81
-81
-24
-25
-37
1
-43
-11
-38
-54
-8
-26
0
-54
-41
-47
-33
-103
-80
-85
-126
-80
-123
-91
-98
-77
-63
-69
-46
-33
-54
-53
-36
-86
-58
-46
-70
-57
-65
-114
-104
-96
-97
-102
-113
-78
-94
-105
-68
-80
-86
-102
-100
-63
-102
-107
-124
-122
-95
-118
-135
-154
-119
-99
-73
-61
-96
-62
-47
-55
-53
-108
-70
-98
-120
-129
-139
-111
-144
-105
-102
-124
-133
-115
-167
-153
-174
-156
-149
-151
-141
-152
-150
-145
-142
-137
-128
-127
-124
-114
-103
-140
-130
-137
-171
-135
-149
-139
-117
-87
-71
-100
-140
-132
-86
-113
-130
-98
-126
-95
-83
-115
-105
-94
-76
-95
-104
-82
-103
-86
-108
-129
-118
-81
-87
-114
-96
-71
-70
-118
-125
-74
-103
-126
-131
-144
-86
-111
-101
-92
-117
-131
-101
-104
-134
-117
-120
-90
-95
-82
-79
-82
-59
-72
-34
-79
-61
-71
-76
-89
-100
-88
-88
-41
-48
-79
-64
-79
-66
-62
-43
0
-28
-36
-38
3
-43
-56
-53
-42
-26
-35
-63
-52
-45
-34
-19
-21
-44
-33
16
26
29
29
12
22
15
-4
27
-4
13
34
10
28
4
-38
8
-4
-28
3
30
42
-4
-11
-33
-44
-46
-73
-46
-36
-17
-32
-96
-84
-74
-62
1
-45
-33
-38
-24
-17
-40
-76
-29
7
-25
-12
23
-6
-43
27
35
44
40
18
-13
32
1
-20
21
-3
-10
12
-3
-28
-38
-2
-20
-40
9
3
12
27
36
6
16
6
-19
7
21
-9
-32
-51
-24
-18
-43
-48
-71
-53
-77
-95
-56
-33
-15
-28
-63
-68
-67
-62
-66
-66
-101
-81
-88
-71
-65
-57
-46
-75
-67
-44
-75
-69
-75
-71
-101
-82
-57
-82
-88
-114
-103
-102
-98
-86
-82
-66
-96
-79
-90
-53
-72
-82
-24
-39
-56
-71
-43
-89
-56
-56
-109
-64
-65
-52
-33
-67
-66
-60
-6
-25
-68
-38
-34
-42
-51
-74
-91
-51
-62
-71
-46
-38
-38
-122
-91
-66
-105
-79
-72
-86
-88
-101
-110
-67
-92
-113
-91
-78
-70
-80
-81
-96
-105
-61
-59
-93
-76
-61
-91
-93
-85
-100
-79
-137
-99
-76
-98
-77
-99
-100
-128
-123
-70
-80
-110
-102
-117
-107
-99
-109
-85
-52
-84
-124
-90
-56
-95
-56
-79
-117
-99
-54
-87
-115
-80
-122
-80
-119
-105
-95
-131
-116
-129
-120
-74
-84
-89
-56
-85
-68
-54
-81
-48
-68
-67
-62
-67
-45
-39
-11
-63
-22
-21
-4
11
-76
-78
-35
-103
-98
-73
-110
-90
-111
-99
-84
-128
-133
-104
-102
-85
-115
-76
-81
-99
-101
-94
-75
-97
-97
-132
-103
-113
-111
-85
-149
-126
-73
-66
-92
-119
-76
-66
-95
-98
-85
-81
-102
-54
-67
-98
-76
-62
-54
-43
-24
-9
-39
-18
-8
7
-24
-24
-19
3
-3
-56
-45
-34
-46
-55
-68
-102
-57
-47
-62
-37
-24
-70
-80
-58
-54
-9
-28
-55
-19
-30
-22
-17
-28
18
-9
-39
-33
-62
-38
-12
-47
-33
-5
11
23
-23
5
22
43
27
51
63
41
15
31
76
17
33
47
6
51
41
18
-32
-45
34
19
-39
-12
22
-31
-6
-34
-54
-21
-14
-29
-4
-3
4
-9
-18
14
33
52
7
44
38
16
37
42
54
56
22
18
46
43
61
56
8
17
76
57
46
49
37
55
108
29
54
56
58
88
54
43
19
51
41
61
50
41
93
90
39
49
93
56
35
66
27
33
51
55
100
32
5
40
26
47
91
75
97
81
74
92
68
108
98
80
114
113
89
77
90
95
87
107
92
122
112
127
149
123
142
131
110
110
110
69
46
35
64
55
64
83
34
43
88
40
21
36
21
63
50
45
89
62
76
57
33
63
33
4
7
25
9
21
9
-34
8
8
-2
-62
-31
-17
-63
-51
-42
-41
-50
-10
-3
-16
-25
-6
28
27
51
36
43
34
2
-14
-3
-20
-42
-23
3
-2
10
5
21
38
-3
-37
-23
-34
-64
3
-5
-72
-67
-39
-26
-59
-48
8
-50
-49
-48
-51
-84
-88
-86
-72
-56
-64
-96
-91
-22
-63
-47
-11
-37
-41
-27
-4
10
5
14
-15
-17
-15
-48
-45
-22
-37
-12
-30
-23
-10
-23
-9
-63
-10
-12
-6
2
11
-11
-34
-23
-70
-74
-64
-49
-54
-30
-27
-65
-26
-26
-62
-15
-38
-63
-53
-30
30
-9
-13
-33
-23
44
-1
-5
16
18
-4
13
-6
46
-14
-18
7
-25
25
1
-11
-24
-17
-15
-22
-37
-61
-9
-10
-3
22
55
28
32
48
4
51
31
-11
10
9
-17
13
35
-16
20
-19
7
28
-12
39
35
100
24
6
23
1
-3
6
12
26
24
20
30
35
38
52
59
46
74
62
73
42
67
30
18
44
24
-23
43
70
67
35
0
28
43
28
32
52
27
37
30
24
55
63
36
-9
-7
19
-2
-10
3
-4
-6
-12
-26
-35
-47
18
6
-6
8
-10
-2
-35
-25
-46
-77
-58
-39
-15
-12
-3
-66
-87
-74
-100
-84
-14
-67
-91
-28
-52
-49
-20
-3
-56
-15
11
-46
-28
-30
-30
-13
-2
0
7
-37
-52
-15
15
2
-23
-48
-5
27
-14
19
54
42
47
48
10
41
17
-2
8
27
41
8
3
-28
-23
-24
-9
3
6
0
17
23
-1
0
25
8
-6
25
27
11
61
82
6
54
19
41
34
22
39
13
30
-11
40
-11
-6
-35
-62
-8
-8
-9
-23
-28
-38
-72
-35
-17
-5
18
-40
-28
22
14
26
-12
3
16
10
24
-10
-8
16
24
2
-6
32
12
2
-25
-53
-29
-12
-32
-17
20
-34
-45
-9
-17
-41
-48
-60
-26
-32
-64
-23
8
-28
-40
-37
10
-33
-11
-3
-60
-10
-23
-94
-30
-32
-33
3
-25
-21
-81
-93
-55
-41
-35
-54
-92
-77
-36
-23
-22
-3
-4
2
-18
-30
-12
-25
5
-21
-29
-38
-52
-28
-16
-8
3
-9
21
23
-5
3
7
11
-12
-28
17
21
-24
-17
-22
15
34
12
30
2
32
27
11
22
39
47
61
43
66
82
31
58
29
52
81
53
53
75
81
54
53
62
64
78
63
91
32
-8
63
73
7
30
39
41
66
44
77
75
58
73
55
78
54
56
95
69
55
50
69
42
9
45
57
74
102
56
64
101
46
39
77
55
76
55
113
50
22
61
63
44
6
37
3
48
32
37
127
101
70
71
63
70
59
57
49
79
38
50
43
50
76
56
34
48
64
44
59
86
100
52
57
70
64
56
56
58
57
58
50
48
53
55
12
49
64
77
46
35
29
11
0
5
28
20
34
13
29
37
14
4
11
31
18
-10
44
74
38
47
76
58
95
86
50
50
37
70
46
57
57
34
53
7
27
16
7
58
34
59
25
-17
14
33
62
35
33
23
24
60
9
42
55
49
15
18
13
57
64
28
23
35
110
54
77
76
113
94
51
79
73
68
49
51
47
60
32
15
35
7
25
43
46
65
51
55
23
45
5
-4
10
-23
3
-8
56
39
-20
-8
-21
13
90
78
50
41
-15
22
55
45
62
56
58
86
86
34
41
37
78
100
61
84
90
83
89
101
113
132
131
145
137
139
131
138
152
134
120
117
117
116
132
129
111
91
78
59
52
56
90
80
55
72
86
88
79
60
96
105
53
63
86
109
89
88
104
105
70
67
112
92
67
92
93
91
69
91
127
118
132
118
117
132
101
118
129
112
153
87
86
92
89
100
93
112
91
132
92
127
160
97
148
133
100
121
156
144
126
127
158
202
148
134
136
143
143
149
146
148
142
136
134
142
124
118
153
148
139
128
129
159
141
133
172
162
136
137
123
165
124
96
112
97
118
126
124
95
96
117
122
94
117
97
86
120
91
124
139
120
94
66
130
100
97
98
77
106
105
127
132
107
126
60
67
133
154
141
84
83
129
104
73
100
94
80
41
100
126
48
97
68
87
85
116
129
122
131
102
116
114
127
123
117
99
107
102
76
89
63
81
57
47
101
97
44
55
81
60
9
35
37
31
59
25
68
15
-17
5
13
-3
-2
3
-6
7
35
61
20
28
8
19
27
19
-11
-5
17
30
55
-8
49
67
42
75
65
35
7
16
4
-5
-19
-5
1
26
-3
-43
-14
34
13
-17
49
7
22
36
65
65
52
101
89
89
90
67
86
73
75
101
62
60
32
31
61
17
37
47
65
29
59
80
41
81
53
38
92
80
34
93
108
84
100
98
82
109
83
81
61
61
82
76
103
71
74
53
60
45
66
86
117
68
51
82
30
54
8
32
71
30
52
80
35
104
115
78
66
69
100
104
118
88
88
75
86
64
54
106
77
67
60
53
61
44
28
65
50
105
99
91
120
103
95
99
114
112
82
76
100
77
67
72
95
92
85
90
124
80
77
75
67
74
82
106
31
35
23
54
64
42
22
-3
24
17
15
-8
26
23
11
52
24
87
64
55
70
26
45
35
57
71
58
60
65
25
62
103
70
49
28
66
80
70
58
40
45
76
69
77
45
75
101
71
26
42
103
72
63
64
52
36
24
48
21
53
37
53
57
63
116
128
60
79
56
4
80
60
56
39
62
56
43
65
69
78
75
78
47
18
57
37
19
46
-11
36
19
-29
23
1
30
-23
-49
-77
-7
-22
-66
0
-10
5
-9
-19
17
9
6
-19
-10
-35
-28
-7
6
26
-53
-45
-81
-42
-2
-10
-7
-22
-75
-15
-8
-40
-17
-24
-28
14
11
-30
-9
-24
12
-16
-6
-3
-9
1
2
0
7
16
-6
54
72
12
34
34
60
68
17
29
24
12
19
27
-21
-17
-38
-20
-11
-41
-15
-32
-11
-10
-19
18
6
-11
7
4
16
-9
3
-8
-27
-42
-63
-26
-10
-16
-32
-1
-31
0
10
-25
12
29
7
-4
-1
-11
34
-8
-14
-19
-42
25
-2
8
30
-2
9
16
36
73
95
60
36
76
58
72
41
62
46
46
23
62
38
12
37
-19
-11
-16
-6
7
18
43
27
71
80
37
65
51
45
13
35
21
43
38
47
22
-12
70
-38
-17
12
30
27
22
50
50
117
116
92
96
88
69
74
49
57
29
73
73
78
78
6
85
63
45
42
59
74
103
67
96
117
139
138
108
92
76
145
89
90
74
86
86
80
101
123
151
168
119
80
137
137
132
139
156
137
142
111
127
108
118
54
78
53
46
120
52
59
85
70
138
150
161
138
120
118
56
83
104
121
85
104
110
96
55
93
120
101
126
98
131
115
128
105
114
142
118
87
75
105
98
111
91
87
71
62
30
68
87
101
76
70
110
78
105
127
108
68
139
106
121
108
78
134
85
70
87
60
114
123
81
98
85
80
134
109
115
148
146
106
89
95
70
97
79
101
95
109
96
98
76
58
69
100
96
137
157
90
130
108
128
127
99
78
78
118
125
102
91
112
113
87
103
139
102
133
154
134
95
130
125
112
124
121
81
81
81
55
109
87
82
120
113
105
129
75
136
123
89
149
106
97
91
145
141
127
132
114
121
113
102
110
134
123
94
94
113
90
108
69
74
82
95
87
69
111
89
52
134
112
94
101
89
77
120
118
87
123
119
103
84
81
109
110
67
90
86
115
89
93
104
91
68
92
65
80
104
58
82
75
113
103
95
117
88
71
101
96
88
109
125
100
59
105
78
82
71
61
61
75
82
101
73
9
65
50
79
93
22
2
-26
-6
33
29
30
26
30
47
56
52
45
69
65
73
55
39
62
82
104
77
75
70
27
27
42
74
53
69
58
19
40
79
92
40
52
59
57
67
64
31
53
36
41
20
-18
1
6
12
5
-19
-64
-28
-19
-39
-20
-40
-30
28
2
22
35
5
12
7
-5
-24
-6
15
-11
-29
-4
4
3
-34
-23
20
14
32
21
1
12
52
8
18
-21
-31
-4
-18
1
-14
20
-8
5
-1
-25
1
-15
10
25
28
-1
-16
-26
-40
-54
-48
-68
-36
1
-13
-9
-12
8
-25
10
2
11
18
15
10
28
25
25
26
3
9
18
51
56
39
2
2
18
24
44
45
52
73
32
43
72
40
49
57
45
48
67
54
72
46
43
48
59
28
41
50
34
55
30
68
75
43
64
60
69
74
66
93
64
43
31
0
50
61
48
32
61
3
60
41
3
55
37
46
50
35
35
27
5
14
-26
19
20
13
33
20
-13
-11
1
12
56
42
48
49
87
20
-21
43
48
22
-14
21
9
-9
7
48
36
19
39
36
59
33
17
55
20
46
24
46
41
13
9
48
47
-26
17
34
22
6
58
57
12
5
44
54
19
23
12
9
-15
19
53
-10
13
21
5
33
5
34
46
39
21
68
110
80
75
60
96
61
83
87
38
79
60
78
50
13
40
35
43
48
26
38
57
89
92
61
104
38
40
79
52
47
50
79
39
23
-2
14
32
5
15
10
44
78
104
76
43
62
50
39
40
32
19
27
-23
-3
17
18
1
-1
-9
-39
-22
-27
-1
20
60
77
12
78
72
70
58
75
70
53
55
12
2
-47
-88
-50
-46
-65
-20
-67
-51
-3
16
19
9
4
-44
-7
-10
-17
12
-12
-36
-41
-32
-56
-64
-66
-38
-16
-43
-25
-20
-40
-9
-12
-32
-2
7
-6
-40
-38
-44
-26
-48
-66
-92
-87
-77
-68
-59
-88
-81
-112
-42
-15
-35
-42
-46
-43
-40
-28
-63
-67
-7
-63
-68
-62
-123
-93
-97
-94
-75
-72
-38
-80
-68
-53
-40
-42
-55
-45
-32
-47
-27
-39
-61
-89
-49
-90
-102
-53
-63
-83
-34
-16
-62
-25
-24
-36
-15
-31
-40
-26
-31
-76
-48
-73
-94
-109
-143
-118
-140
-124
-126
-117
-85
-103
-60
-65
-18
-13
-45
-91
-50
-49
-82
-78
-94
-127
-151
-96
-145
-129
-135
-125
-125
-109
-79
-72
-105
-113
-76
-78
-51
-57
-104
-53
-89
-42
-31
-52
-78
-95
-76
-53
-80
-109
-39
-85
-72
-6
-35
-14
-17
-25
20
-3
-6
19
-27
-56
-28
-41
-99
-121
-75
-75
-56
-62
-74
-26
-43
-38
-54
-72
-62
-45
-49
-41
-57
-93
-86
-92
-93
-67
-102
-124
-115
-89
-45
-148
-99
-108
-118
-48
-98
-104
-103
-90
-58
-39
-89
-46
-82
-73
-66
-103
-109
-107
-55
-28
-59
-80
-36
-78
-24
-24
-50
-91
-112
-91
-118
-94
-83
-110
-124
-114
-78
-131
-116
-64
-89
-46
-53
-34
-55
-19
-42
-44
-43
-75
-57
-109
-74
-75
-92
-48
-91
-80
-54
-45
-76
-40
-40
-34
-33
-53
-27
-42
-38
7
-31
-11
-24
-2
18
-8
-29
-58
-25
-58
-60
-71
-53
-49
-70
-55
-51
-64
-44
-50
-70
-64
-70
-66
-42
-47
-81
-53
-81
-99
-55
-114
-81
-60
-61
-78
-98
-68
-76
-51
-45
-86
-88
-85
-104
-54
-54
-73
-83
-72
-38
-73
-89
-102
-95
-69
-71
-55
-27
-10
-14
-59
-21
-46
-86
-62
-55
-69
-32
-22
-70
-71
-84
-48
-40
-16
-15
-56
-41
-61
-100
-39
-34
-61
-51
-72
-97
-102
-81
-84
-62
-61
-72
-83
-80
-118
-108
-92
-88
-65
-40
-25
-46
-53
-21
17
-50
-50
-46
-75
-94
-75
-73
-113
-76
-50
-73
-102
-86
-101
-103
-61
-62
-63
-112
-111
-92
-81
-64
-70
-107
-133
-113
-101
-94
-113
-93
-96
-86
-87
-122
-84
-61
-59
-62
-59
-50
-50
-42
-42
-18
-25
-65
-100
-105
-73
-115
-103
-133
-104
-81
-112
-67
-103
-66
-63
-62
-61
-55
-28
-61
-30
-96
-91
-64
-71
-76
-130
-115
-169
-126
-111
-113
-129
-134
-101
-87
-68
-43
-49
-71
-59
-50
-47
-37
-31
-50
-87
-77
-101
-76
-91
-116
-92
-108
-121
-104
-56
-109
-91
-98
-69
-102
-108
-99
-117
-97
-150
-161
-136
-156
-166
-157
-185
-208
-192
-169
-163
-185
-168
-169
-165
-143
-114
-135
-126
-189
-149
-160
-180
-125
-147
-124
-171
-147
-168
-178
-164
-162
-179
-156
-107
-86
-73
-95
-84
-98
-100
-103
-118
-95
-129
-101
-91
-81
-53
-110
-127
-80
-67
-96
-76
-94
-110
-123
-63
-76
-90
-74
-97
-109
-110
-131
-133
-109
-128
-116
-129
-138
-115
-113
-110
-100
-85
-79
-66
-81
-100
-71
-115
-104
-101
-93
-124
-144
-119
-136
-126
-131
-117
-102
-66
-104
-110
-103
-48
-52
-62
-65
-58
-51
-75
-46
-64
-46
-56
-92
-110
-53
-68
-40
-22
-16
-31
-53
-30
-59
-64
-37
-36
-1
-21
-57
-45
-71
-78
-82
-132
-89
-81
-115
-82
-72
-79
-76
-50
-46
-43
-57
-78
-44
-54
-71
-70
-69
-89
-82
-64
-41
-88
-80
-88
-137
-69
-51
-52
-12
-5
-41
-27
-102
-90
-84
-73
-65
-84
-71
-98
-100
-102
-59
-103
-83
-69
-90
-77
-75
-49
-39
-40
-26
-60
-55
-25
-45
-56
-68
-54
-42
-14
-40
-45
-37
-45
-23
-36
-34
-42
-37
-46
-45
-21
-37
-45
-47
-52
-39
-61
-101
-55
-83
-98
-96
-100
-96
-96
-47
-66
-57
-45
-77
-71
-50
-16
-61
-56
-16
-64
-61
-32
-12
-59
-47
-64
-34
-39
-21
-12
-14
7
-40
-9
-8
-13
9
4
-6
-12
-44
5
3
-27
-56
-61
-77
-32
-51
-60
-31
-55
-24
-18
-35
15
32
24
16
2
-3
-42
33
10
19
11
29
-14
-43
-45
-89
-87
-71
-35
-30
-30
-15
-20
-8
-7
21
24
63
24
13
15
4
6
-8
-8
-40
-29
-13
-28
-45
-43
-39
-48
-66
-38
-5
-65
-53
-39
-47
-39
-44
-52
-45
-56
-94
-67
-78
-48
-98
-78
-24
-16
-19
24
19
1
52
49
5
44
34
9
12
-7
11
-39
-31
-16
-36
-27
-14
-46
-44
-9
-17
-34
-26
12
-30
-25
-2
5
7
13
25
-3
26
0
-60
-19
-62
-82
-26
-19
-60
-46
-43
-11
-18
-15
6
-29
6
-49
-73
-74
-40
-48
-64
-61
-53
-53
-97
-87
-125
-111
-68
-75
-83
-83
-48
-24
-53
-51
-42
-89
-73
-96
-80
-67
-61
-84
-73
-88
-60
-88
-62
-51
-57
-30
-25
-80
-1260
-1592
-1143
-1073
-676
-603
-721
271
983
746
1149
1387
705
188
88
144
-48
-464
-806
-591
-152
-191
-155
78
-325
-773
-502
-487
-645
-730
-822
-474
9
436
708
884
771
577
745
593
201
-244
-490
-778
-642
-437
-536
-416
-788
-1472
-1096
-2066
-3800
-3947
-5276
-5457
-3783
-3847
-3124
-763
-284
461
2425
2399
1481
1202
139
-968
-1274
-1950
-2928
-2610
-2428
-2579
-1446
-931
-1523
-1263
-1244
-1736
-1257
-1195
-1410
-1009
-545
-81
601
960
622
505
64
-381
-628
-1085
-1692
-1952
-1716
-1448
-653
8
-19
177
491
449
739
817
212
162
440
472
1038
1704
1659
1818
2353
2535
2910
3209
2787
2485
2591
2573
2962
3252
2824
2517
2413
1930
1513
913
-81
-736
-1205
-1294
-1032
-650
-418
-17
652
1356
1770
2042
1935
1547
1462
1290
1087
952
208
-484
-642
-884
-1023
-872
-1107
-1080
-501
-158
352
887
1190
1299
1789
2345
2419
2739
2771
2326
1999
1493
615
-155
-1007
-2084
-2713
-3021
-3295
-3274
-2965
-2626
-2079
-1375
-838
-394
-148
-179
-202
-258
-491
-801
-1083
-1607
-2101
-2541
-3083
-3513
-3901
-4262
-4416
-4349
-4260
-3913
-3404
-3053
-2492
-1993
-1669
-1346
-1088
-1080
-1133
-1126
-1362
-1437
-1492
-1580
-1510
-1352
-1212
-1021
-557
-238
217
968
1582
2306
3011
3615
4136
4540
4698
4690
4794
4885
5334
6116
6937
8172
9816
11203
12735
14148
14241
13335
9232
2688
-2952
-8508
-13071
-15831
-18063
-17831
-14118
-9562
-4046
1728
5422
7481
8848
9481
9166
7933
6066
4390
3955
4269
4664
5120
4638
2611
719
-1385
-4502
-7568
-10686
-12623
-12717
-11001
-7899
-4154
-293
3060
6399
9173
10353
9794
8177
5862
3454
1781
382
-707
-1315
-1608
-1469
-1033
-1090
-1936
-3165
-4468
-5445
-5649
-5261
-4497
-3037
-966
1429
4041
6109
6986
6865
6042
4642
3049
1151
-825
-2577
-3706
-4104
-3770
-3266
-2692
-3384
-4461
-4592
-5661
-6088
-5855
-6668
-6144
-4019
-2625
-674
1595
1983
1951
2122
1239
-198
-1560
-3478
-5349
-5718
-5737
-5695
-5035
-4547
-4514
-3671
-2977
-3060
-2762
-2802
-2760
-1966
-948
27
856
1536
1581
1853
1896
1455
771
246
-92
119
1280
2338
3570
4984
6017
6942
8043
8690
8850
9136
9452
9837
10945
12194
12486
12168
10814
6611
1079
-5220
-11470
-15375
-17835
-18884
-17156
-13258
-7680
-1050
4830
9075
11675
12228
11493
10205
8202
5433
3079
1948
1583
1975
2536
2354
1309
-410
-2704
-5036
-7540
-10184
-11651
-11414
-9512
-6353
-2251
1905
5278
8137
10061
10741
9812
7526
4581
1857
-376
-2095
-2810
-3033
-3051
-2432
-1761
-1462
-1725
-2587
-3598
-4353
-4571
-4171
-3164
-1774
126
2296
4401
5956
6567
6118
4829
2882
966
-1539
-5080
-7280
-9103
-10412
-9936
-9721
-9369
-7500
-5909
-4626
-2473
-1000
-682
89
935
1073
1099
1183
225
-736
-1261
-2464
-3560
-4473
-5998
-6869
-6577
-6430
-5685
-4431
-3334
-2010
-556
863
1765
2297
2383
2596
3048
3369
3608
3558
3593
3622
3831
4073
4377
4764
5335
6367
7931
9293
10796
12015
12746
13357
13169
11747
9364
5368
-490
-5615
-9877
-13172
-14588
-14982
-14020
-10537
-5957
-1591
2797
6162
7613
8490
8873
8437
7448
6074
4559
3970
3840
3352
3110
2266
416
-1610
-3330
-5335
-7383
-8915
-9636
-8844
-7002
-4350
-1288
1795
4224
6141
7699
7975
7074
5463
3487
1600
150
-901
-2180
-3332
-3993
-4183
-3811
-3294
-3258
-3304
-2692
-2125
-1285
88
855
1404
2195
2985
3555
3874
3464
2443
1323
-1056
-3036
-5106
-7786
-9088
-9880
-10379
-9020
-7593
-6364
-3704
-1855
-835
903
1369
847
770
236
-1005
-1503
-2183
-3486
-3799
-4093
-4954
-5206
-5034
-5626
-5344
-4356
-4062
-2928
-1557
-709
303
1667
2361
2867
3682
3687
3384
3366
3163
2742
3031
3258
3252
4217
5540
6637
8070
10289
11273
12188
13958
13765
13039
12632
9438
5716
1316
-5671
-10305
-12871
-15335
-15065
-13477
-11120
-6269
-1285
2818
6723
9024
9326
9221
9326
8338
6601
5510
4150
3276
3325
2609
1754
434
-2046
-4147
-5402
-7123
-8583
-8929
-8377
-6738
-4246
-1119
1696
3949
5587
6767
7461
7015
5507
3848
2280
641
-173
-668
-1304
-1498
-1661
-1678
-1578
-1823
-2537
-3133
-3308
-3330
-2649
-1608
-725
403
1731
2840
3676
3862
2588
873
-1373
-3866
-5370
-7023
-8092
-8182
-8293
-7067
-5088
-4093
-2787
-1837
-2155
-1742
-1438
-2026
-2067
-2257
-2780
-2591
-2018
-2245
-2653
-2970
-3808
-4437
-4452
-4747
-5032
-4408
-4040
-3110
-1411
-300
722
1731
2560
3335
3875
3804
3336
2883
2568
2667
2836
3206
3942
4707
6050
7676
9187
10520
11623
12286
12786
13312
12819
11322
9114
5883
1195
-3903
-8343
-12249
-14428
-15071
-14622
-12041
-7712
-3275
1420
5913
8613
10260
11012
10585
9551
7887
5798
4114
3087
1960
1162
546
-596
-2193
-3536
-4908
-6579
-7666
-8427
-8140
-6693
-4778
-2018
1048
3567
5562
7299
8007
7668
6560
4665
2736
813
-769
-1869
-2492
-2811
-2869
-2469
-2141
-2029
-2113
-2415
-2683
-2708
-2312
-1757
-898
36
1073
2219
2992
3317
2205
568
-1263
-3695
-5391
-6463
-7916
-8106
-7489
-6865
-5163
-3623
-2847
-2194
-2033
-1992
-2012
-2251
-2450
-2752
-2975
-2740
-2429
-2298
-2394
-2950
-3450
-3937
-4379
-4731
-4988
-4707
-4261
-3253
-1842
-676
421
1527
2422
3278
3725
3422
2914
2263
1799
2047
2407
2906
3871
4995
6527
8513
9971
10800
11602
11783
11877
12116
11822
10684
9198
6494
3500
199
-4284
-8074
-11303
-13549
-13744
-12527
-10157
-6278
-2050
2058
6105
9155
10693
11006
10472
9095
7349
5563
3730
2190
1005
59
-680
-1293
-2588
-4053
-5184
-6478
-7263
-7585
-7171
-6045
-4166
-1610
1191
3993
5944
7253
7833
7446
6244
4478
2567
469
-1153
-2191
-2788
-2860
-2799
-2679
-2354
-2154
-2346
-2430
-2677
-2868
-2491
-1897
-1130
33
937
1746
1719
545
-20
-1681
-3624
-4275
-6049
-7314
-6488
-6549
-6232
-4216
-3491
-3546
-2356
-2078
-2801
-2529
-2658
-3817
-3657
-3209
-3677
-2975
-2270
-2955
-2723
-2367
-3396
-3613
-3719
-4424
-4201
-3436
-2720
-1548
-59
939
2283
3764
4130
3886
3648
2667
1725
1743
1435
1279
2302
3388
4972
7471
9336
10230
11229
11562
11122
11267
10876
10237
9948
8911
7135
5569
2531
-1854
-5619
-9424
-12355
-13283
-13215
-11871
-8324
-4163
49
4805
8398
10034
10947
10901
9450
7751
5793
3454
1977
901
-32
-211
-563
-1593
-2684
-3505
-4858
-6167
-6755
-7083
-6551
-5024
-2940
-304
2587
4589
6144
7424
7475
6495
5053
3135
985
-592
-1798
-2536
-2734
-2735
-2462
-2091
-1809
-1937
-2112
-2367
-2714
-2693
-2399
-1731
-983
-101
383
298
336
-502
-1605
-2385
-3829
-5018
-5393
-5804
-5807
-5129
-4562
-4012
-3516
-2915
-2820
-3024
-2961
-3487
-3834
-3602
-3660
-3489
-2760
-2648
-2532
-2109
-2381
-2778
-3097
-3573
-4023
-4022
-3721
-3309
-2483
-1558
-561
719
1865
2740
3072
2914
2371
1829
1584
1616
1705
1985
2950
4049
5686
7754
9056
9945
11254
11885
11672
11783
10805
9613
9479
8368
6796
5771
3096
-1041
-4202
-7475
-10477
-11495
-12206
-12071
-9414
-5668
-1908
2702
6457
8435
10144
10903
10210
9134
7284
4519
2727
1501
165
-449
-1041
-2177
-3045
-3397
-4350
-5229
-5856
-6614
-6260
-4927
-3294
-1167
1332
3146
4735
6481
6936
6554
5476
3656
1889
300
-1141
-2259
-2832
-3312
-3216
-2661
-2214
-2095
-2012
-2037
-2280
-2005
-1813
-1701
-1140
-782
-766
-121
-41
-835
-1280
-2285
-3468
-3957
-4410
-5339
-5420
-5268
-5448
-4516
-3805
-3885
-3318
-3107
-3558
-3265
-3188
-3781
-3594
-3396
-3596
-3115
-2648
-2883
-2839
-2748
-3099
-3057
-3011
-3253
-3126
-2584
-2247
-1473
-383
369
1436
2357
2665
2643
2388
1854
1566
1453
1531
1945
2745
3935
5590
7671
9046
10017
11104
11320
11258
11347
10369
9571
9705
8674
7740
6963
5069
1557
-2225
-5650
-9543
-11752
-12342
-12895
-11015
-7372
-3808
1044
5508
7808
9735
10650
9872
8821
7163
4642
2696
1606
504
128
245
-524
-1481
-1883
-3092
-4489
-5143
-6449
-6780
-5597
-4412
-2360
422
2525
4180
6125
6853
6509
5750
4000
1879
235
-1019
-2249
-2684
-2638
-2826
-2291
-1707
-1552
-1636
-2069
-2574
-2716
-2658
-2447
-1952
-1681
-1449
-733
-326
-234
-467
-1383
-2399
-2916
-3770
-4636
-4793
-5393
-5524
-4813
-4444
-4029
-3508
-3675
-3746
-3449
-3498
-3610
-3434
-3451
-3447
-2922
-2434
-2502
-2374
-2575
-3018
-3036
-3108
-3341
-3152
-2819
-2504
-1439
-402
450
1479
2412
2892
2934
2783
2015
1454
1211
979
1481
2325
3247
4651
6400
8166
9612
10587
11154
11052
10658
10645
9896
9423
9729
9137
8429
7582
5186
1290
-2498
-6383
-10333
-12455
-13122
-13277
-10765
-6417
-2362
2529
6876
9126
10737
11163
10006
8420
6313
3570
1667
720
-216
-447
-363
-884
-1641
-2087
-3247
-4517
-5456
-6537
-6524
-5407
-3856
-1712
1031
3167
5057
6650
7155
6657
5346
3367
1223
-519
-1917
-3020
-3306
-3324
-3198
-2312
-1805
-1888
-1782
-2026
-2544
-2478
-2549
-2548
-2141
-1786
-1251
-495
-76
-200
-777
-1374
-2163
-3103
-3924
-4569
-5288
-5587
-5116
-4751
-4317
-3760
-3807
-3872
-3501
-3568
-3907
-3715
-3641
-3654
-2927
-2308
-2247
-1894
-1837
-2258
-2279
-2522
-2992
-3162
-3026
-2759
-1966
-856
85
1256
2495
3247
3485
3291
2305
1517
1297
819
1012
1846
2437
3731
5839
7463
8691
9746
9767
9812
10277
9740
9094
8964
8499
8606
9193
8147
6517
4418
155
-3572
-6512
-10123
-12064
-12362
-11944
-9001
-4549
-600
3519
7098
9067
10138
10435
9212
7087
5015
2653
990
421
-374
-923
-863
-1390
-2003
-2306
-3398
-4686
-5452
-6058
-5601
-4207
-2525
-535
1798
3852
5330
6485
6553
5486
3961
2242
294
-1159
-2344
-3395
-3435
-3301
-2892
-2081
-1719
-1775
-1784
-1925
-2110
-2120
-2227
-2231
-1870
-1463
-949
-385
-199
-572
-949
-1495
-2478
-3296
-4132
-5055
-5358
-5195
-5159
-4707
-4202
-4156
-3838
-3423
-3251
-3284
-3334
-3310
-3227
-2955
-2605
-2361
-2273
-2229
-2371
-2430
-2495
-2790
-2916
-2879
-2559
-1932
-1100
-33
1174
2207
3066
3400
3104
2516
1811
1482
1240
1303
2030
3060
4343
6183
7753
8765
9907
10225
9899
10050
9345
8359
8561
8535
8749
9503
8354
6694
5067
891
-3154
-6423
-10305
-12315
-12315
-11712
-8755
-4388
-492
3543
7307
9430
10166
10196
8821
6650
4759
2527
975
446
-350
-826
-421
-823
-1614
-2138
-3338
-4578
-5372
-5795
-5362
-4150
-2512
-619
1801
3870
5086
6048
6127
5052
3617
2020
205
-1208
-2381
-3113
-3090
-2726
-2397
-1773
-1384
-1500
-1602
-1802
-2039
-2268
-2324
-2311
-1932
-1408
-1212
-668
-366
-724
-977
-1417
-2187
-2917
-3601
-4266
-4617
-4492
-4360
-4263
-3663
-3508
-3686
-3374
-3386
-3670
-3583
-3564
-3435
-3019
-2590
-2240
-1901
-1763
-1907
-2108
-2298
-2718
-3053
-2989
-2826
-2342
-1521
-672
385
1642
2676
3318
3551
3043
2203
1697
1296
1030
1439
2080
2997
4520
6152
7657
8932
9468
9448
9426
9213
8804
8499
8209
8295
8952
8970
8292
6911
4464
780
-2830
-6313
-9687
-11442
-11856
-11105
-8195
-4213
-384
3669
7037
9018
10048
9819
8521
6669
4427
2251
858
90
-643
-788
-637
-952
-1387
-1957
-2925
-3951
-4779
-5315
-4904
-3849
-2415
-461
1777
3726
5089
6017
5963
5054
3561
1733
71
-1412
-2555
-3159
-3158
-2884
-2311
-1576
-1196
-1055
-1136
-1468
-1865
-2180
-2394
-2421
-2048
-1488
-959
-418
34
-120
-585
-1043
-2008
-2984
-3768
-4497
-4901
-4739
-4263
-3967
-3435
-2951
-2825
-2749
-2578
-2919
-3238
-3186
-3253
-3000
-2418
-2110
-1894
-1594
-1629
-1759
-1958
-2367
-2736
-2886
-2686
-2256
-1475
-565
432
1647
2695
3279
3280
2788
1866
1140
737
737
1279
2157
3343
4954
6552
7854
8932
9388
9120
8765
8308
7702
7655
7707
7627
8417
8969
8225
7203
5393
2198
-1492
-4930
-8268
-10497
-11060
-10583
-8567
-4856
-1039
2514
6063
8193
9061
9145
7948
6168
4229
2122
578
-64
-581
-833
-545
-519
-948
-1512
-2319
-3403
-4159
-4730
-4805
-3788
-2632
-1034
1139
2946
4162
4992
5046
4307
3182
1525
-58
-1327
-2343
-2936
-2870
-2507
-2073
-1486
-1027
-890
-1069
-1360
-1735
-2196
-2309
-2324
-2065
-1598
-1086
-602
-409
-351
-710
-1333
-1927
-2649
-3599
-3978
-4042
-4320
-3973
-3392
-3287
-2983
-2663
-2858
-3082
-3123
-3568
-3681
-3354
-3256
-2889
-2295
-2151
-2031
-1769
-2081
-2337
-2560
-2931
-3031
-2773
-2503
-1984
-1117
-507
272
1231
1974
2435
2637
2394
1848
1386
1035
1077
1398
2004
2878
4008
5151
6355
7059
7462
7662
7451
7464
7402
7208
7284
7343
7957
8905
9020
8379
6826
4319
1726
-1289
-4780
-7546
-9524
-10169
-9216
-7069
-3939
-671
2307
4882
6853
7682
7395
6240
4735
3120
1710
920
291
76
-141
-246
-134
-593
-1534
-2535
-3574
-4314
-4489
-4270
-3397
-2129
-813
956
2658
3702
4068
3904
3229
2131
896
-311
-1375
-2116
-2519
-2487
-1950
-1591
-1357
-1049
-1082
-1375
-1561
-1809
-2213
-2233
-2263
-1983
-1374
-997
-804
-535
-612
-984
-1300
-1832
-2590
-3161
-3566
-3861
-3818
-3663
-3490
-3331
-3128
-3036
-3077
-3194
-3371
-3542
-3589
-3391
-3110
-2766
-2386
-2134
-2008
-1836
-1853
-2084
-2302
-2550
-2773
-2710
-2497
-2180
-1757
-1218
-621
101
994
1689
1989
2083
1811
1478
1199
1038
1177
1469
2112
3077
4199
5166
5990
6653
6849
7297
7544
7235
7295
7238
6928
7225
7744
7721
7235
6115
4151
2150
-161
-3191
-5751
-7587
-8651
-8316
-6747
-4625
-2060
590
2741
4840
6234
6269
5750
4855
3511
2312
1480
574
-155
-537
-882
-979
-1040
-1793
-2576
-3080
-3578
-3791
-3509
-2855
-2102
-1086
276
1668
2712
3136
3107
2742
2077
1034
114
-801
-1747
-2213
-2375
-2251
-1968
-1836
-1898
-1762
-1794
-2025
-2073
-2090
-2249
-2150
-1703
-1312
-866
-530
-621
-750
-910
-1421
-1967
-2479
-3242
-3720
-3844
-3865
-3682
-3536
-3272
-3072
-2835
-2690
-2794
-2814
-3006
-3236
-3108
-2919
-2824
-2605
-2381
-2188
-1954
-1783
-1804
-1981
-2136
-2345
-2462
-2314
-2149
-1893
-1418
-783
-65
842
1618
1984
2129
1964
1470
1159
905
655
873
1458
2259
3371
4717
5777
6606
7282
7455
7319
7186
6759
6313
6007
5786
6024
6625
6687
6158
5197
3639
1516
-805
-3436
-5875
-7207
-7794
-7274
-5571
-3391
-1047
1310
3410
4916
5738
5595
4722
3629
2424
1185
335
-201
-790
-987
-957
-1005
-1040
-1523
-2143
-2570
-3002
-3254
-3007
-2541
-1897
-815
374
1489
2296
2548
2460
1976
1210
263
-668
-1481
-2060
-2337
-2232
-1945
-1686
-1339
-1282
-1277
-1379
-1651
-1937
-2248
-2346
-2307
-2010
-1636
-1273
-972
-827
-852
-1066
-1348
-1822
-2272
-2767
-3229
-3312
-3412
-3518
-3368
-3159
-3200
-3126
-3035
-3155
-3214
-3232
-3285
-3200
-2763
-2645
-2445
-2019
-1877
-1869
-1725
-1731
-1977
-2072
-2151
-2259
-2122
-1874
-1573
-1089
-428
262
1079
1756
1992
2059
1731
1175
899
638
471
982
1555
2440
3768
4837
5681
6352
6685
6575
6375
5912
5220
4866
4893
5163
5952
6461
6285
5933
4866
3185
1588
-832
-3561
-5464
-6732
-7127
-6212
-4817
-3171
-996
1151
2923
4294
4819
4261
3449
2612
1582
871
236
-440
-610
-574
-617
-430
-812
-1658
-2229
-2738
-3122
-3105
-2943
-2640
-1805
-747
353
1378
1919
1907
1594
1261
500
-330
-1056
-1892
-2237
-2242
-1971
-1630
-1476
-1432
-1366
-1286
-1444
-1662
-1996
-2357
-2451
-2341
-2029
-1590
-1322
-1193
-976
-1045
-1332
-1697
-2355
-3007
-3280
-3481
-3406
-3141
-3044
-2874
-2639
-2535
-2536
-2645
-2911
-3230
-3374
-3360
-3193
-2948
-2690
-2344
-1921
-1552
-1373
-1295
-1480
-1769
-1820
-1854
-1888
-1631
-1294
-870
-111
733
1359
1672
1615
1302
968
820
740
825
1256
1912
2805
4136
5142
5695
6189
6154
5864
5704
5246
4828
4744
4802
5236
6013
6280
5978
5290
4099
2553
899
-1177
-3248
-4732
-5630
-5584
-4639
-3297
-1910
-288
1387
2728
3687
3879
3414
2755
1976
1289
837
362
-257
-433
-421
-482
-530
-917
-1502
-2073
-2419
-2495
-2323
-2020
-1680
-999
-64
756
1367
1675
1374
906
453
-74
-688
-1279
-1834
-2031
-1896
-1708
-1468
-1267
-1235
-1298
-1272
-1297
-1441
-1671
-1904
-1853
-1583
-1409
-1147
-1234
-1406
-1408
-1749
-1941
-2153
-2745
-2938
-2876
-2941
-2627
-2288
-2333
-2197
-2125
-2273
-2388
-2603
-2976
-3202
-3114
-2996
-2821
-2449
-2188
-1935
-1534
-1308
-1280
-1224
-1387
-1442
-1366
-1190
-1003
-776
-370
38
506
901
1068
979
692
521
533
785
1101
1673
2444
3213
4252
5001
5305
5370
5329
4984
4774
4636
4369
4265
4704
5154
5878
6357
5741
4982
3922
2314
881
-875
-2747
-3776
-4225
-4055
-3095
-2019
-1004
242
1469
2370
2865
2855
2211
1660
1273
760
471
249
-160
-307
-162
-221
-414
-809
-1444
-1933
-2116
-2183
-2093
-1803
-1672
-1179
-274
274
693
858
610
323
-55
-559
-1142
-1622
-2058
-2149
-1828
-1618
-1288
-1067
-964
-1006
-1035
-1059
-1486
-1799
-1934
-2065
-1883
-1594
-1540
-1541
-1511
-1611
-1770
-1963
-2296
-2623
-2788
-2748
-2591
-2348
-2136
-2087
-1933
-1845
-1834
-1872
-2118
-2352
-2477
-2548
-2370
-2109
-1941
-1673
-1394
-1184
-981
-932
-944
-1073
-1038
-879
-667
-318
58
424
850
1187
1187
1169
1055
1023
1201
1554
2052
2766
3592
4475
5118
5567
5876
5802
5504
5194
4829
4373
4113
4116
4261
4384
4364
4019
3423
2676
1580
284
-958
-1903
-2593
-2706
-2252
-1630
-706
263
1050
1892
2293
2254
2078
1556
961
489
135
-101
-295
-360
-331
-299
-406
-638
-969
-1374
-1715
-1899
-1874
-1863
-1665
-1192
-733
-239
140
311
327
191
-128
-464
-831
-1203
-1485
-1589
-1528
-1474
-1365
-1403
-1468
-1499
-1668
-1563
-1635
-1826
-1762
-1744
-1563
-1368
-1345
-1347
-1513
-1764
-1813
-2021
-2407
-2427
-2646
-2745
-2406
-2254
-2141
-1906
-1749
-1727
-1614
-1529
-1651
-1777
-1788
-1886
-1812
-1503
-1478
-1364
-1142
-1083
-863
-665
-759
-701
-597
-546
-196
96
284
624
867
1022
1121
1207
1263
1514
1803
2161
2649
3209
3706
4270
4709
4816
4849
4852
4610
4317
4075
3855
3684
3777
3846
3613
3546
2984
2207
1575
695
-291
-944
-1521
-1794
-1426
-1007
-384
375
995
1553
2087
2206
1984
1654
1046
589
224
-217
-456
-580
-732
-723
-528
-480
-615
-676
-841
-990
-978
-1002
-1085
-990
-911
-691
-345
-248
-256
-433
-611
-812
-1034
-1256
-1433
-1614
-1762
-1685
-1519
-1368
-1322
-1349
-1359
-1380
-1396
-1464
-1665
-1818
-1911
-1971
-1861
-1766
-1811
-1784
-1822
-1879
-1873
-2042
-2150
-2297
-2446
-2387
-2210
-2000
-1831
-1607
-1451
-1333
-1175
-1104
-1263
-1421
-1491
-1603
-1487
-1348
-1229
-984
-765
-476
-136
57
189
280
253
297
298
270
241
246
384
638
1063
1530
1994
2519
3039
3503
4006
4399
4524
4530
4389
4063
3762
3477
3157
2991
3017
3095
3270
3257
3137
2764
2151
1597
1008
479
-69
-395
-519
-213
89
506
866
1086
1225
1241
1389
1267
1025
723
446
338
310
189
167
101
-132
-197
-242
-470
-645
-849
-1059
-1026
-928
-825
-736
-683
-608
-494
-468
-602
-839
-1120
-1361
-1469
-1479
-1511
-1470
-1326
-1193
-1023
-832
-892
-992
-1155
-1487
-1668
-1805
-1993
-2085
-2135
-2076
-1889
-1741
-1617
-1622
-1700
-1764
-1817
-1859
-1877
-1894
-1828
-1780
-1569
-1410
-1386
-1287
-1335
-1457
-1468
-1510
-1576
-1564
-1505
-1304
-1052
-782
-544
-344
-245
-171
-114
-143
-226
-338
-377
-462
-369
-256
-23
342
695
1124
1646
2085
2355
2608
2698
2664
2641
2640
2588
2505
2475
2450
2299
2361
2431
2468
2680
2700
2826
3102
3174
3142
2899
2356
1749
1410
838
356
190
-111
-243
-23
200
375
662
776
843
963
990
829
769
571
290
281
291
172
95
-52
-264
-206
-119
-323
-406
-508
-735
-719
-730
-734
-761
-733
-807
-843
-727
-751
-808
-877
-940
-1047
-1051
-1157
-1258
-1280
-1479
-1586
-1554
-1636
-1725
-1694
-1765
-1818
-1657
-1609
-1581
-1564
-1629
-1657
-1588
-1603
-1651
-1713
-1888
-2026
-2038
-1991
-2042
-1997
-1958
-1826
-1593
-1407
-1224
-1042
-996
-924
-779
-725
-780
-750
-734
-748
-604
-528
-543
-598
-697
-720
-634
-534
-360
-64
248
549
986
1351
1560
1703
1767
1798
1774
1687
1589
1497
1413
1287
1278
1228
1194
1319
1448
1645
2010
2417
2685
2910
3004
2978
2831
2547
2135
1676
1276
976
740
583
444
318
362
495
755
925
1133
1235
1184
1080
1018
831
552
307
43
-97
-151
-132
-72
-60
-104
-130
-204
-328
-527
-709
-871
-976
-938
-772
-711
-728
-732
-765
-781
-818
-921
-1045
-1162
-1215
-1237
-1199
-1160
-1241
-1241
-1306
-1294
-1297
-1374
-1424
-1489
-1581
-1608
-1540
-1573
-1632
-1616
-1609
-1596
-1467
-1430
-1446
-1447
-1376
-1354
-1292
-1241
-1267
-1317
-1289
-1236
-1201
-1115
-1089
-1018
-955
-790
-638
-497
-338
-243
-143
-220
-323
-460
-554
-611
-634
-485
-244
30
363
680
951
1158
1274
1325
1256
1145
942
759
587
507
483
610
753
997
1288
1639
1857
2023
2059
2008
1928
1817
1805
1823
1738
1724
1600
1466
1342
1108
864
685
571
480
652
729
832
1030
1009
974
931
721
489
307
62
8
33
74
221
352
464
452
454
256
7
-216
-477
-704
-793
-870
-844
-696
-615
-540
-484
-413
-461
-633
-885
-1121
-1276
-1445
-1473
-1506
-1394
-1212
-1041
-870
-764
-673
-742
-825
-874
-993
-1160
-1274
-1367
-1387
-1371
-1329
-1276
-1202
-1160
-1162
-1162
-1137
-1156
-1082
-1027
-968
-783
-645
-524
-446
-403
-450
-430
-438
-531
-546
-552
-551
-416
-378
-318
-108
-65
6
154
208
298
362
457
572
624
704
730
750
742
666
600
567
442
336
259
211
294
419
516
718
988
1217
1513
1719
1831
1852
1708
1440
1287
1040
729
543
334
237
331
427
517
729
860
1008
1148
1187
1115
993
846
691
548
497
389
319
327
338
392
373
312
212
137
16
-58
-81
-114
-142
-94
-41
-5
117
166
127
73
7
-98
-148
-235
-321
-306
-355
-309
-297
-307
-368
-430
-464
-535
-538
-568
-609
-572
-522
-455
-327
-309
-340
-320
-417
-460
-578
-697
-797
-825
-781
-728
-617
-540
-433
-403
-348
-351
-347
-324
-342
-355
-263
-272
-191
-52
-51
39
65
75
36
-8
-69
-50
-10
40
209
307
410
586
674
732
755
774
709
617
530
442
444
409
416
540
652
768
885
950
971
895
813
734
641
595
530
507
593
660
835
933
991
1074
1048
987
1003
888
750
629
554
451
417
371
405
521
534
592
656
687
635
645
637
590
614
599
550
512
473
444
357
276
212
106
16
-19
-17
39
167
259
299
364
402
378
417
339
292
202
111
20
-68
-58
-53
-32
-50
18
76
174
168
192
200
187
185
157
114
93
56
-11
11
23
-16
18
7
14
20
53
119
138
173
207
298
316
339
341
358
356
279
263
255
226
247
291
348
368
433
546
514
574
570
458
491
474
457
490
513
517
569
541
552
551
475
477
483
428
449
495
518
600
644
685
695
644
628
595
504
448
404
320
316
389
439
498
585
654
728
791
853
859
827
814
737
677
539
437
365
267
223
221
250
329
385
446
542
604
659
709
703
662
560
426
353
251
136
169
126
151
216
227
251
249
271
253
196
189
128
94
94
103
139
132
162
237
189
207
221
147
101
77
67
5
-13
-25
-17
30
68
185
231
266
268
220
271
219
188
166
106
156
136
133
145
199
237
182
150
143
164
99
43
111
167
210
331
400
426
453
474
489
493
450
388
363
344
343
319
264
220
156
173
203
243
255
281
333
330
394
426
433
497
523
465
453
404
329
301
321
334
349
373
364
400
406
387
387
385
395
421
452
496
489
493
500
482
418
341
299
224
186
190
183
185
193
190
265
261
268
266
207
216
150
101
128
140
140
193
180
188
168
163
127
64
17
-11
-8
-46
1
17
62
93
105
123
108
71
-4
-88
-120
-117
-91
-104
-14
59
129
180
242
261
251
200
141
122
54
11
-47
-60
-5
53
24
115
164
146
145
135
139
148
155
172
153
136
152
141
128
140
140
64
52
41
87
103
104
203
190
210
257
284
243
205
219
178
113
90
96
96
124
121
128
175
198
228
237
182
164
158
102
124
89
68
89
106
126
108
93
146
195
156
157
162
154
187
176
186
176
148
125
145
99
6
-15
-33
-21
-39
-52
-50
-74
-68
-72
-50
-16
-53
-60
-84
-66
-87
-53
-63
-54
-56
-90
-83
-132
-162
-187
-208
-286
-300
-293
-302
-227
-217
-201
-136
-146
-126
-117
-137
-140
-207
-248
-212
-235
-240
-274
-262
-197
-173
-150
-160
-160
-191
-181
-191
-160
-173
-140
-141
-117
-74
-67
-48
-55
-40
-104
-152
-128
-188
-209
-161
-141
-71
-71
11
12
-26
-33
-32
-15
-78
-80
-55
-15
-31
-41
1
-14
2
-4
-18
-14
-14
-41
-52
-54
-70
-46
-54
-10
-2
19
21
-43
-35
-43
-93
-121
-121
-155
-156
-153
-144
-139
-128
-112
-93
-77
-114
-86
-121
-157
-125
-114
-130
-168
-213
-222
-235
-248
-243
-270
-246
-251
-291
-287
-251
-246
-279
-262
-281
-285
-316
-240
-246
-290
-230
-237
-237
-253
-266
-283
-334
-373
-359
-391
-433
-469
-469
-476
-450
-411
-405
-410
-368
-319
-307
-309
-354
-352
-329
-307
-341
-321
-326
-312
-324
-277
-267
-292
-259
-279
-303
-312
-258
-318
-276
-312
-273
-219
-192
-205
-218
-247
-233
-195
-218
-173
-223
-184
-138
-132
-133
-158
-166
-144
-129
-164
-162
-188
-165
-133
-167
-144
-146
-123
-114
-157
-157
-154
-176
-191
-204
-204
-212
-236
-226
-214
-178
-159
-195
-158
-158
-214
-197
-196
-210
-136
-195
-187
-177
-197
-187
-196
-178
-204
-208
-177
-200
-201
-234
-234
-214
-240
-251
-268
-271
-251
-270
-301
-299
-306
-300
-317
-323
-300
-304
-344
-353
-351
-346
-391
-397
-351
-369
-360
-377
-422
-427
-455
-444
-458
-432
-432
-480
-487
-489
-462
-479
-447
-431
-420
-370
-414
-383
-386
-359
-339
-368
-396
-403
-395
-414
-418
-392
-359
-348
-369
-322
-344
-291
-247
-275
-257
-218
-214
-210
-196
-162
-139
-201
-140
-101
-123
-118
-177
-194
-178
-195
-208
-168
-177
-238
-179
-146
-192
-161
-136
-195
-162
-130
-196
-221
-201
-200
-198
-204
-184
-199
-190
-170
-155
-180
-179
-114
-160
-171
-200
-208
-163
-163
-167
-191
-207
-205
-189
-152
-171
-243
-245
-286
-274
-327
-320
-265
-323
-325
-314
-311
-334
-365
-307
-322
-345
-334
-361
-341
-304
-318
-295
-280
-309
-312
-287
-294
-324
-342
-367
-353
-340
-337
-365
-391
-374
-408
-381
-360
-400
-395
-381
-410
-446
-425
-444
-398
-397
-358
-331
-328
-313
-275
-244
-279
-279
-226
-273
-297
-264
-305
-244
-288
-277
-246
-295
-308
-256
-233
-244
-242
-214
-234
-271
-199
-198
-189
-158
-156
-121
-164
-172
-146
-147
-95
-102
-87
-61
-59
-81
-52
-32
-51
13
-62
-65
-51
-58
-37
-62
-70
-73
-93
-85
-136
-121
-120
-140
-114
-131
-61
-69
-81
-50
-72
-54
-51
-62
-92
-73
-38
-86
-78
-62
-103
-126
-105
-121
-177
-187
-192
-214
-248
-214
-219
-228
-241
-289
-271
-242
-240
-253
-243
-258
-266
-252
-268
-249
-276
-272
-274
-302
-280
-284
-251
-229
-235
-244
-213
-237
-251
-234
-248
-317
-244
-269
-302
-271
-307
-287
-267
-292
-283
-250
-258
-217
-206
-193
-153
-170
-169
-212
-165
-149
-173
-158
-128
-128
-115
-78
-136
-120
-105
-80
-76
-142
-128
-125
-96
-97
-72
-74
-87
-44
-73
-54
-29
-75
-52
37
-23
-1
15
27
-16
-38
-1
10
-5
-36
-36
-74
-25
-31
5
-17
-62
-12
-31
-13
-42
-85
-69
-74
-102
-60
-93
-70
-94
-81
-107
-93
-84
-94
-36
-97
-92
-115
-78
-107
-102
-146
-163
-111
-93
-137
-173
-201
-192
-165
-156
-146
-172
-98
-132
-159
-139
-172
-147
-204
-196
-186
-238
-177
-209
-248
-230
-213
-281
-297
-258
-217
-247
-259
-251
-262
-202
-257
-237
-201
-214
-263
-188
-227
-234
-251
-259
-269
-290
-258
-288
-299
-287
-273
-284
-260
-240
-246
-240
-218
-219
-228
-201
-182
-164
-184
-155
-142
-147
-92
-95
-113
-122
-139
-136
-100
-130
-111
-162
-137
-128
-170
-150
-101
-95
-95
-55
-39
-57
-41
-44
-46
-15
-32
-27
-42
-33
-50
-82
-80
-69
-73
-33
-59
-58
-54
-43
-123
-138
-160
-189
-223
-253
-161
-183
-146
-187
-224
-200
-176
-192
-166
-184
-230
-188
-225
-226
-197
-234
-238
-214
-229
-256
-229
-221
-211
-228
-270
-250
-271
-292
-263
-280
-291
-300
-281
-253
-304
-278
-283
-325
-340
-316
-371
-343
-300
-320
-271
-309
-327
-310
-337
-368
-342
-337
-335
-317
-331
-321
-323
-300
-296
-283
-298
-265
-320
-292
-267
-256
-268
-323
-282
-255
-268
-275
-291
-228
-218
-270
-196
-203
-200
-182
-172
-168
-156
-131
-85
-86
-102
-142
-170
-121
-151
-152
-148
-112
-132
-89
-132
-149
-105
-131
-121
-133
-131
-132
-101
-124
-101
-126
-86
-104
-127
-123
-152
-101
-113
-156
-177
-123
-161
-174
-134
-142
-163
-150
-143
-148
-150
-173
-137
-155
-133
-100
-171
-146
-125
-121
-139
-170
-168
-172
-179
-220
-168
-187
-229
-191
-187
-186
-187
-166
-169
-134
-132
-137
-132
-144
-163
-166
-183
-174
-138
-185
-165
-179
-188
-157
-162
-194
-166
-160
-162
-183
-222
-212
-226
-235
-238
-241
-234
-224
-234
-177
-176
-229
-205
-184
-196
-221
-200
-203
-217
-172
-214
-210
-184
-218
-190
-210
-195
-221
-182
-204
-195
-173
-166
-121
-139
-164
-153
-98
-129
-127
-98
-73
-82
-74
-141
-91
-75
-128
-60
-99
-99
-105
-60
-60
-83
-71
-70
-136
-140
-43
-81
-67
-31
-57
-69
-41
-94
-102
-61
-32
-59
-96
-45
-73
-105
-90
-55
-88
-97
-65
-40
-51
-89
-92
-90
-80
-105
-93
-80
-73
-100
-114
-113
-130
-156
-139
-146
-133
-119
-161
-146
-164
-116
-129
-162
-146
-166
-94
-61
-125
-53
-111
-122
-69
-85
-95
-120
-92
-145
-114
-121
-76
-101
-112
-83
-117
-87
-126
-129
-121
-159
-150
-111
-133
-116
-103
-106
-86
-78
-91
-102
-86
-107
-66
-64
-113
-110
-81
-82
-102
-65
-80
-88
-56
-58
-95
-64
-70
-115
-63
-83
-63
7
-29
-74
-49
-28
-45
-5
-34
12
-2
-76
0
1
-44
-34
-59
-50
-57
-85
-26
-42
-61
-61
-61
-42
-44
-48
6
-53
-28
-41
-70
-66
-58
-69
-67
-63
-93
-119
-96
-77
-118
-89
-136
-143
-88
-132
-136
-109
-116
-90
-111
-97
-62
-125
-108
-96
-81
-84
-103
-89
-96
-101
-130
-101
-142
-141
-125
-111
-136
-163
-145
-144
-161
-177
-172
-197
-165
-150
-185
-194
-194
-152
-165
-207
-165
-198
-197
-200
-218
-172
-153
-164
-137
-157
-165
-104
-144
-129
-130
-163
-113
-94
-121
-105
-80
-94
-61
-110
-118
-114
-116
-112
-134
-88
-96
-74
-87
-88
-34
-39
-31
-80
-96
-78
-97
-67
-62
-61
-63
-100
-67
-67
-27
5
-42
-16
-16
-14
-23
-15
-19
-36
-66
-60
-43
-53
-21
-77
-29
-3
-13
3
0
4
1
-1
-19
-14
-22
-37
-73
-45
-65
-31
-46
-52
-64
-72
-67
-59
-86
-112
-73
-118
-98
-100
-136
-88
-58
-81
-115
-153
-152
-175
-137
-173
-187
-130
-166
-105
-140
-144
-90
-85
-81
-110
-99
-73
-97
-84
-33
-61
-53
-89
-70
-57
-87
-80
-92
-84
-103
-123
-131
-95
-67
-56
-25
-62
-49
-9
-40
-29
-13
-47
-55
-80
-60
-65
-67
-61
-81
-27
-56
-9
-5
-21
0
-20
-20
-4
-28
-43
-58
-62
11
-2
23
12
9
-13
7
17
16
-8
-25
-6
-21
34
17
56
52
35
26
21
54
43
74
22
28
7
24
53
29
106
55
15
61
29
65
70
73
92
113
90
105
91
80
106
63
44
43
-16
34
14
-39
-8
-49
14
0
-11
-51
-38
-28
-85
-18
-13
-10
-3
5
-3
-19
-20
-3
-9
-29
-12
10
-39
8
22
11
28
15
28
55
29
3
56
19
-13
22
-24
-41
-22
-74
-1
11
-5
2
18
27
27
22
22
23
8
0
-7
44
8
8
-29
-16
34
8
13
-12
-16
27
28
39
49
33
0
11
12
27
48
58
86
35
26
69
48
27
17
42
64
59
52
49
10
32
55
10
18
53
48
49
72
70
43
40
48
-8
20
17
-22
19
11
36
58
40
44
-14
4
31
22
17
27
-2
-10
-16
-5
10
-35
-25
-54
-78
-25
-36
-40
-76
-48
-30
-2
4
-12
-23
-30
2
-27
-22
-46
-42
-29
-1
-22
14
-1
-32
-19
-52
-44
-96
-82
-78
-70
-54
-64
-12
-51
-19
-23
-79
-24
-41
1
-15
-5
-7
-43
-49
-25
-22
-11
9
-26
-30
-13
-7
-7
-7
31
24
-17
10
-9
2
3
-1
51
33
37
14
9
10
-16
3
-3
-8
24
22
22
51
33
13
73
29
57
70
45
71
54
63
42
54
40
11
47
6
11
4
25
42
12
14
41
57
50
43
29
23
87
40
41
58
55
74
69
33
38
64
49
51
53
56
54
86
47
51
53
23
42
45
33
55
20
22
12
15
3
-26
2
-31
-21
-14
-33
-13
-23
22
1
13
5
6
14
-17
12
7
38
38
-5
15
47
19
-7
0
36
56
55
55
37
74
74
47
89
40
48
44
68
78
26
31
38
73
74
82
84
74
69
90
118
142
131
88
99
110
155
116
117
119
136
114
120
88
116
144
80
121
121
127
130
127
151
98
134
130
130
144
98
46
37
27
10
53
82
67
71
71
55
61
46
49
77
62
61
59
42
48
70
32
21
35
43
54
19
63
32
10
25
12
26
20
9
27
1
-13
4
19
19
33
55
-9
36
42
49
74
30
29
37
1
59
56
60
45
44
49
55
104
93
48
75
68
52
57
61
72
51
75
54
45
29
54
29
5
46
50
69
28
85
53
32
79
52
127
82
87
72
89
89
74
96
89
58
50
73
61
57
67
60
49
31
45
37
-2
56
55
65
102
67
67
50
22
41
31
8
58
59
48
102
120
69
94
111
84
91
91
115
98
76
75
79
50
47
75
97
35
98
57
29
17
1
-4
6
21
-4
57
39
51
18
61
83
13
49
36
-3
33
24
-3
4
15
22
31
35
21
-13
-38
32
-4
-31
6
-14
6
-23
9
32
11
-19
-10
-33
-31
-27
-18
33
-26
-23
-21
1
-59
-29
-9
18
12
-41
-8
-10
-37
-6
-7
-55
-22
-39
-54
-35
26
12
-2
-8
-25
41
-13
-8
22
22
23
-20
-22
21
22
27
31
24
39
22
39
47
50
-10
16
42
31
19
43
45
14
-10
-29
28
-10
-12
13
16
8
0
-1
-8
26
14
-7
-5
-34
7
0
-40
-26
-27
-22
0
18
14
21
-55
-47
-15
-45
-14
-22
-31
-6
-36
5
9
-45
-44
-29
-28
-8
-11
-22
-41
-40
-25
-15
25
-8
-84
-14
28
37
27
27
54
7
53
28
36
60
34
27
38
21
-1
24
6
22
41
44
9
10
0
25
-10
16
34
20
34
6
23
31
5
0
0
-7
22
-11
-18
-18
-6
-7
19
46
36
-10
-26
12
24
27
19
9
-13
53
24
28
30
47
62
65
81
92
90
90
102
81
77
80
106
92
67
48
78
89
67
86
130
77
82
39
63
103
68
79
68
99
57
75
44
45
39
56
55
0
48
38
11
22
52
19
46
59
22
48
22
-23
6
15
48
49
61
72
74
48
69
10
-34
13
7
23
34
6
28
62
42
51
3
8
8
-6
3
27
14
34
60
61
77
37
63
50
41
27
66
48
2
46
65
69
72
43
21
12
21
35
6
21
16
45
51
76
77
80
119
121
93
87
94
65
70
79
62
77
109
103
94
101
94
41
90
124
96
121
88
117
94
115
103
103
101
84
122
117
106
58
82
99
99
63
120
76
85
93
83
97
52
76
76
87
84
66
86
79
60
78
88
110
81
142
81
111
142
94
105
84
94
83
74
76
50
39
64
10
46
65
55
55
25
77
48
49
18
-25
54
25
-1
8
19
21
40
60
36
34
20
40
67
80
88
94
73
70
95
93
85
61
121
128
103
84
91
128
121
72
70
41
45
27
20
34
68
53
51
40
44
21
53
56
44
75
67
121
100
117
101
98
110
119
122
97
98
66
138
151
139
159
161
165
165
170
203
152
139
165
97
106
142
127
109
149
154
130
136
179
184
137
133
146
170
185
158
151
206
203
192
221
225
182
170
201
161
131
159
111
141
136
98
103
156
139
145
180
133
172
134
167
157
161
152
159
174
142
120
120
137
55
63
132
95
91
90
52
96
80
116
117
50
84
94
67
109
110
110
107
90
99
77
93
105
113
78
91
109
113
113
120
117
94
138
103
117
125
119
170
117
133
154
144
163
119
149
137
151
185
180
139
143
158
169
194
184
207
206
219
224
183
211
196
154
163
173
204
168
192
202
164
220
201
161
169
167
170
185
180
190
164
152
170
212
222
176
202
199
191
211
193
202
193
205
206
160
203
153
161
173
160
179
155
190
178
186
158
139
148
145
167
138
188
163
165
232
208
188
147
140
196
166
143
162
167
145
138
136
153
170
167
162
166
210
165
185
219
156
199
221
186
186
172
199
216
154
153
181
181
188
158
179
158
149
147
112
166
125
155
135
158
148
152
185
135
131
142
176
144
167
104
122
143
142
122
124
123
124
147
142
180
168
209
175
133
158
165
195
177
129
171
152
190
160
140
152
148
170
211
216
202
200
200
222
174
207
164
199
194
180
248
206
216
180
172
193
172
180
181
188
163
148
145
138
211
161
160
187
158
167
133
197
179
114
150
131
90
120
120
107
114
154
116
122
148
127
126
121
69
101
158
147
154
164
173
179
133
139
174
127
136
186
163
145
151
103
139
119
147
128
100
121
126
137
133
125
99
143
126
144
137
132
155
119
176
146
130
156
117
120
93
144
121
87
96
107
114
59
88
53
20
33
87
96
78
99
87
95
65
75
94
69
59
66
62
94
95
79
95
104
99
89
124
99
84
105
80
81
80
56
92
95
81
83
82
30
64
41
68
138
124
86
42
134
135
66
69
125
87
110
99
93
82
84
61
71
79
77
105
67
87
84
70
48
88
46
38
85
25
54
40
41
35
32
49
85
88
86
84
46
91
84
85
74
77
64
99
96
90
100
75
72
64
106
58
64
68
47
68
43
62
91
91
94
79
79
109
88
89
68
22
69
91
70
50
53
66
76
66
55
86
94
85
104
59
79
106
92
101
146
133
108
101
93
119
93
77
102
135
117
103
128
127
114
106
130
110
136
161
163
168
142
176
199
197
205
181
191
156
158
159
163
148
156
149
149
106
72
115
153
80
57
69
61
100
107
116
117
82
101
126
103
114
98
65
50
83
116
113
62
62
72
117
110
90
136
84
106
126
121
147
130
82
137
70
84
74
82
118
117
140
176
171
152
123
127
121
101
123
131
154
112
147
135
106
83
69
86
110
101
84
109
105
75
101
130
84
121
105
165
174
123
125
87
137
149
71
89
62
61
48
50
54
24
48
14
48
36
39
47
31
41
51
21
49
52
47
94
95
66
68
86
72
76
79
86
104
112
102
52
88
90
75
106
126
76
110
113
115
120
86
111
86
11
47
58
59
83
54
91
72
101
132
119
105
91
129
117
96
112
103
75
87
81
78
79
122
115
85
116
72
48
83
102
64
45
48
47
59
37
54
75
59
51
33
10
59
26
27
47
36
12
1
37
5
43
58
45
49
45
84
45
61
94
60
102
43
61
91
54
60
58
81
71
83
99
86
24
36
73
108
91
104
97
22
50
82
72
72
22
55
18
28
58
63
104
89
86
102
87
62
39
49
66
44
90
54
44
71
63
74
32
69
71
35
61
37
17
45
59
45
18
34
41
19
27
54
54
23
44
49
88
70
50
77
80
44
79
53
54
43
37
63
21
87
66
61
80
74
92
36
50
72
49
61
7
8
-16
18
13
6
27
17
43
72
43
29
60
7
63
69
36
27
19
83
65
30
13
-15
22
41
15
27
41
13
4
8
25
-22
-16
-10
9
-12
-20
-14
-7
21
19
10
36
5
5
35
56
46
17
7
-8
13
9
12
-2
-13
-18
53
20
-5
48
30
62
23
36
50
-28
-17
48
42
54
51
57
58
41
3
19
19
2
33
33
42
43
50
66
56
36
69
43
53
74
54
82
64
93
52
91
134
90
114
94
74
79
121
109
90
92
73
118
128
87
83
97
95
130
106
67
87
118
85
122
122
107
124
79
60
112
118
114
108
127
112
99
83
87
77
89
113
106
111
128
107
123
160
124
102
89
146
114
144
170
130
140
107
125
101
117
118
114
103
146
175
122
184
162
117
112
144
131
124
165
154
135
116
159
130
125
166
123
156
138
143
175
147
149
156
188
146
114
117
85
110
141
158
166
160
120
78
91
101
103
120
134
122
110
125
123
83
117
111
101
165
155
158
176
174
172
129
121
167
103
117
104
100
102
66
94
107
112
144
111
107
155
115
127
111
119
156
165
101
125
132
125
121
91
130
146
138
108
88
96
97
129
137
87
109
141
100
108
96
79
108
72
91
120
110
97
96
76
76
121
120
68
94
153
112
69
76
80
59
100
67
70
85
62
84
74
80
136
90
78
83
100
89
83
61
57
81
82
21
59
28
19
59
49
11
48
23
-26
29
22
37
-1
12
0
-8
-6
19
-18
23
26
20
31
22
-5
-16
6
-35
-6
-8
10
27
50
48
2
12
24
32
-21
-2
42
23
15
-23
15
61
28
59
66
60
50
55
51
56
21
58
68
49
83
79
63
43
86
74
93
88
65
72
49
56
76
59
73
49
79
62
49
26
68
75
6
32
51
40
38
59
3
10
8
-10
12
-22
5
-1
10
36
12
36
1
28
25
2
20
19
31
38
2
25
42
54
25
3
33
15
22
29
36
45
52
91
77
75
50
-7
-6
-1
0
35
27
40
67
30
16
30
45
20
40
28
29
40
11
88
64
54
94
95
85
66
76
100
84
64
64
78
45
62
42
4
36
-8
-10
23
53
53
87
96
59
36
27
21
49
50
34
19
36
24
-15
60
58
82
47
51
57
90
70
68
44
78
121
43
130
80
44
76
96
88
43
63
35
73
87
21
59
58
60
82
76
67
92
105
90
71
77
96
82
74
64
49
72
44
3
52
43
47
79
29
44
36
39
56
64
93
55
86
60
50
88
16
33
46
52
76
62
57
69
67
64
10
35
62
80
62
39
123
95
68
53
95
60
45
80
83
67
51
83
102
94
78
80
103
105
120
105
64
134
71
97
107
91
148
90
78
95
145
108
109
76
90
72
58
120
97
102
98
83
65
76
40
62
79
26
91
106
94
78
75
82
88
71
25
75
39
45
62
55
75
70
62
69
66
66
119
125
86
102
153
107
35
68
103
76
56
71
103
78
98
77
85
171
115
134
115
155
157
144
165
143
116
146
146
134
93
78
155
126
142
109
86
96
142
133
145
137
119
137
117
121
122
124
142
108
113
117
98
78
83
82
66
87
81
117
96
59
76
60
63
88
101
90
82
91
71
48
56
52
51
74
53
44
62
56
59
25
42
70
36
64
88
98
69
56
55
35
44
9
52
44
68
53
34
68
26
70
59
91
61
89
73
62
89
74
68
58
94
90
81
57
58
37
64
76
46
21
26
65
94
81
103
79
69
58
96
76
57
75
45
99
2
18
67
31
25
-6
2
18
27
-6
13
11
9
50
-4
-28
-36
-13
23
31
-7
-24
-26
-11
-23
-28
9
3
19
8
12
-6
-7
30
51
34
54
61
29
31
-6
29
0
7
15
49
23
16
37
-35
29
38
29
21
-36
-59
-12
-42
-14
-13
-70
-62
-26
-60
-38
-11
-71
-27
-30
-57
7
-12
-7
-8
-4
-13
-11
-4
-57
-28
-8
-26
-20
-21
-13
-66
-41
8
15
11
1
-19
-28
7
-45
-31
-22
-33
-57
-45
-42
-101
-59
-31
-26
-36
-81
-37
-36
-65
-29
-15
21
-2
-6
-22
-15
-1
2
-1
-43
-5
16
-22
-28
-31
-12
7
1
-21
-76
-56
-12
-5
-18
-25
-55
-23
4
-8
-36
-41
-33
-28
-15
-12
-3
10
-22
-25
15
-36
-28
-29
-41
-16
-15
-10
32
-24
-63
-39
-56
-45
-96
-74
-57
-27
-7
-33
-41
-69
-88
-44
-39
-86
-55
-44
-8
-1
-9
-14
-17
1
-56
-55
-20
-19
-26
-39
-50
-61
-16
-57
-10
-4
-4
-21
-42
-12
-24
-38
11
-1
-17
2
18
44
29
-2
44
0
-8
19
21
16
-13
15
-19
-60
-64
-64
-51
-21
-22
-28
-52
-38
-51
-19
-53
-66
-22
-45
-21
-45
-39
-35
-63
-52
-51
-84
-90
-36
-28
-53
-50
-45
-33
-3
-15
-15
-14
-49
-20
6
-16
-29
-48
-52
-5
19
-45
-10
20
-45
2
-45
-47
-4
-36
-74
-66
-63
-59
-42
-51
-49
-39
12
5
-45
-30
-37
-69
-11
-38
-2
18
-9
60
59
28
44
34
11
3
-13
26
18
-32
16
6
-25
-22
-36
-37
-50
-9
-23
-49
-26
-59
-13
-3
-68
-40
-21
16
-1
20
26
-18
-11
-22
-41
-27
-44
-1
-18
-41
-28
-19
-67
-41
-18
-15
-8
-35
-42
-58
-15
-58
-31
-47
-29
-22
-44
-56
-30
-12
-28
-29
-36
1
-62
-8
18
-5
-41
-35
-35
-51
-76
-86
-74
-59
-12
-63
-36
-34
-29
5
8
0
13
-23
2
30
-13
-5
-39
0
34
13
-12
50
-3
25
37
19
30
