-53
-41
-66
-5
-11
-52
-25
-15
-6
-47
-29
-36
-9
-12
-47
-7
-19
-20
-19
2
6
53
45
11
44
38
50
26
44
104
102
99
94
55
74
56
-1
45
37
66
43
84
127
124
82
76
51
16
26
-19
7
33
31
49
51
87
65
17
20
-5
9
-10
-10
33
23
44
55
43
33
87
7
10
15
19
63
28
55
34
23
29
55
62
75
98
86
64
41
93
91
67
51
49
44
7
56
59
52
30
35
42
45
56
57
22
-31
-17
7
-26
-26
-18
11
28
16
33
21
43
-33
-39
-12
-47
-14
-3
9
33
5
-7
25
11
18
17
-12
0
14
-19
12
-22
-11
7
-6
45
12
77
47
38
36
-6
15
0
9
8
34
66
27
17
-27
39
-4
6
28
45
42
23
-14
-3
11
-2
-12
-8
22
-5
-40
-82
-15
-46
-52
-50
-27
-34
-86
-21
-72
-106
-60
-67
-117
-121
-66
-25
48
51
-17
-5
-21
-19
-50
4
56
17
49
50
-13
-16
-29
-124
-123
-104
-38
9
-38
-24
-5
-30
-64
-97
-92
-109
-82
-77
-41
-11
-17
-42
-59
-99
-110
-49
-99
-80
-27
-17
-32
-65
-43
-14
-69
-62
-63
-90
-39
-47
-52
-75
-55
-88
-68
-103
-118
-89
-72
-38
-53
-9
-42
-76
-93
-114
-104
-35
-29
-55
-38
-43
-17
-43
-43
-100
-96
-98
-75
-46
-29
-19
-65
-10
6
-27
0
-24
-19
12
-31
0
25
-26
-6
15
9
-38
-48
-45
-85
-60
-31
-21
14
-14
-44
-34
-22
-11
10
71
40
49
79
65
55
40
1
11
29
32
31
28
45
38
24
-17
20
29
44
40
103
45
13
82
56
45
27
37
64
85
63
87
39
41
62
31
36
46
51
11
77
77
42
50
25
25
28
61
47
28
30
52
42
41
39
14
15
19
3
11
18
-16
22
-9
13
19
-24
-67
-76
-80
-76
-94
-78
-69
-106
-86
-67
-56
-63
-48
-38
-41
-24
-57
-104
-76
-62
-11
-1
-5
-17
-7
0
57
54
43
68
25
92
26
24
59
26
54
47
45
47
40
62
24
17
76
74
65
75
54
72
51
65
56
26
28
17
71
43
29
34
41
82
71
64
50
24
77
88
61
90
107
86
102
126
119
110
120
202
188
124
134
91
135
151
117
148
103
114
152
156
139
113
125
157
164
141
192
145
148
140
114
129
123
156
92
82
94
101
99
120
121
74
103
82
61
68
46
62
83
83
64
101
93
88
125
60
125
118
123
139
85
109
113
119
44
88
103
21
67
72
44
11
25
49
20
23
30
65
93
69
66
16
29
29
37
52
26
57
118
95
55
101
90
56
65
74
99
34
59
114
83
94
64
81
92
79
37
40
48
74
71
52
32
13
21
28
27
3
43
29
-5
-15
59
31
40
61
37
34
-30
-11
2
-46
-15
10
-12
6
1
-33
5
-2
5
23
14
1
27
95
44
62
125
77
67
56
54
66
114
108
95
117
137
122
117
139
98
134
105
96
106
125
81
108
95
113
119
130
83
38
51
26
92
72
122
96
79
86
89
117
84
86
79
43
53
108
158
143
94
97
116
113
79
98
137
123
124
129
103
128
99
84
109
94
86
96
93
78
83
62
73
84
79
114
41
66
53
64
98
107
118
82
112
112
145
154
154
139
128
118
91
130
90
83
113
90
54
88
78
71
55
36
50
7
37
29
32
46
32
62
54
29
75
0
30
28
24
29
0
-20
-24
-5
-38
-19
12
26
23
23
3
-2
34
20
2
7
31
44
49
64
29
70
94
83
94
128
107
114
138
143
153
139
146
146
125
103
99
100
122
103
87
66
67
83
74
65
69
94
125
122
95
98
101
128
108
87
128
75
62
62
96
97
85
161
132
127
139
108
139
148
138
132
118
122
180
186
207
137
114
170
134
103
125
147
151
115
129
170
135
147
130
125
101
142
124
142
112
131
135
114
114
129
122
93
116
126
58
47
83
44
45
38
76
22
15
34
52
74
20
30
84
59
77
94
102
101
98
104
107
150
125
120
84
111
131
142
74
60
105
65
111
67
48
76
75
91
78
100
76
80
90
54
55
73
41
66
52
28
73
69
43
82
90
92
130
139
146
136
152
168
173
160
161
168
173
186
199
172
171
151
143
153
169
106
169
135
124
132
96
165
166
178
170
142
151
149
183
158
162
166
135
154
164
190
155
167
168
163
106
125
174
180
186
150
173
142
128
152
93
116
121
119
126
113
147
119
84
122
116
86
86
97
109
145
163
141
145
163
117
110
146
163
160
137
122
110
116
90
111
132
158
143
149
141
122
105
120
139
95
86
88
112
118
97
102
100
115
87
58
32
83
95
79
61
73
98
85
132
117
151
142
132
122
121
98
94
129
125
114
133
117
148
160
133
168
165
173
175
145
163
109
136
155
148
171
164
164
153
165
140
149
151
123
156
152
138
138
150
196
170
151
174
172
121
127
123
136
113
137
179
109
149
181
201
224
206
164
174
171
214
215
192
236
204
230
193
153
185
202
164
153
150
179
176
182
170
155
154
109
107
158
167
147
136
148
170
108
100
113
152
144
104
145
133
162
142
129
125
98
92
63
77
91
97
93
83
63
50
81
58
110
133
82
80
107
88
79
80
35
71
57
29
54
53
76
60
27
75
39
13
-6
-1
-2
1
39
31
61
38
27
-20
-29
29
21
46
1
21
13
22
-1
-10
-27
-8
-11
-39
18
-17
0
-38
-39
0
9
18
21
-6
-1
32
20
41
24
51
47
33
54
76
71
80
100
108
97
129
126
139
132
118
142
91
116
107
106
150
140
136
107
153
129
146
134
117
84
113
116
93
111
117
133
118
145
115
145
114
112
79
111
128
122
115
84
132
171
181
194
188
132
174
178
164
182
149
141
153
180
140
121
136
138
127
140
144
131
128
138
108
134
141
97
63
61
58
88
67
67
82
56
89
90
87
102
119
87
75
118
121
77
63
71
84
66
76
114
136
120
136
145
113
73
92
77
77
74
60
52
42
51
73
47
38
69
86
111
23
38
77
58
19
-3
16
6
28
19
29
35
46
93
56
16
65
81
50
33
90
76
64
90
88
91
78
84
77
133
108
137
141
128
165
113
113
153
137
128
135
121
110
108
178
135
131
127
113
121
98
164
114
119
144
119
147
141
144
148
172
165
132
92
138
116
114
171
135
113
134
155
104
127
131
126
136
158
165
115
97
116
113
118
118
117
139
115
117
74
24
42
45
51
79
98
79
79
111
115
95
104
49
38
61
92
132
103
121
72
72
88
106
132
100
121
101
94
113
104
114
129
134
102
99
124
139
122
128
93
70
77
55
64
52
60
78
65
42
51
33
10
1
-4
7
27
25
-10
5
24
54
24
21
21
28
31
6
25
94
79
54
70
55
91
83
95
149
115
126
143
97
90
124
137
108
134
111
75
73
101
89
86
107
65
112
72
63
56
69
54
74
112
47
51
43
39
65
111
94
63
69
109
95
50
99
72
73
84
66
88
60
26
45
27
27
61
45
10
9
-28
-6
37
-13
-3
33
2
39
26
14
17
-5
20
21
42
63
39
23
-4
-25
8
36
4
-21
-14
43
19
27
15
22
16
31
38
-5
19
-3
12
37
47
68
59
45
-24
-22
-13
2
30
28
20
14
-13
9
12
-6
8
-19
-37
-49
-41
-54
-26
-10
-21
-38
-32
-26
-33
-24
3
21
40
47
48
28
15
37
19
33
-19
-5
20
-12
12
-1
27
-21
10
-7
-28
9
-26
-19
-11
17
24
-19
-15
30
4
5
22
-1
6
7
1
5
1
8
30
22
-4
0
-17
-12
-18
-62
-38
-42
-51
-36
-21
-9
-32
-22
-6
-19
-44
-70
-87
-45
-42
-9
-35
10
-29
-58
-16
-16
-23
-60
-68
-54
-20
-38
-12
-37
-1
26
-22
-25
-33
-23
15
-6
-11
15
7
10
-14
12
21
34
18
7
24
18
22
-5
-24
7
25
-2
15
30
8
-13
15
29
-10
18
7
42
9
-32
55
21
-16
4
8
45
36
33
20
-2
-20
12
18
27
15
21
33
-9
7
11
16
47
-11
-7
0
-7
-33
-47
-4
-70
-75
-49
-50
-44
-49
-72
-43
-47
-45
-66
-82
-94
-67
-40
-45
-22
-39
-16
-17
-21
11
-22
-7
-27
35
32
10
39
26
29
16
44
36
80
69
78
83
29
75
47
42
29
46
28
17
8
19
6
-14
14
-30
-15
-46
4
42
13
-20
-31
23
-30
-38
-46
-59
-37
-3
43
-14
-9
-7
-20
-11
35
60
35
5
28
61
14
21
7
-12
7
-4
-30
16
21
29
-12
-10
12
-5
-12
-6
8
-3
-25
-25
14
-19
-15
-9
-23
-29
-6
10
13
5
-16
-23
-42
-13
2
3
-31
-8
-38
-11
-33
-49
5
-9
0
-41
-24
-61
-111
-72
-63
-59
-39
-42
-96
-66
-41
-28
2
-50
-26
-39
-64
-71
-68
-64
-66
-105
-95
-72
-68
-69
-97
-86
-100
-53
-44
-75
-43
-97
-96
-22
-13
-33
-8
-31
-74
-64
-65
-79
-61
-49
-43
-28
-25
-31
-16
-25
-21
-8
-1
9
44
-8
-41
5
20
15
-35
-55
-67
-46
-8
-33
-39
-21
-31
-50
-45
-5
-16
-24
-12
-14
-23
-39
-20
-6
14
-28
-32
8
-19
43
54
41
27
35
40
28
45
21
12
12
45
46
41
16
10
42
44
4
7
21
49
13
9
-17
-9
20
-26
9
-17
19
71
1
31
40
13
-4
-3
1
16
16
30
28
-21
-34
-30
11
-36
-85
-33
-60
-84
-43
-81
5
-26
-29
-11
-63
-58
-53
-61
-51
-40
-88
-97
-32
-34
2
-3
-37
-42
-17
3
0
-24
2
2
20
18
20
3
-67
-28
-27
-68
-71
-36
-17
20
-5
-37
-27
-7
-25
-21
14
38
6
-41
-47
-38
-47
-76
-62
-63
-68
-67
-78
-47
-58
-27
-3
-23
-41
-15
13
-11
-27
-9
16
-20
14
12
35
57
49
54
36
46
22
9
19
40
29
11
39
23
17
12
1
6
0
-12
-9
0
-41
-52
-15
14
-13
-1
-22
-28
-21
-12
3
-13
-19
15
-5
-8
31
8
38
39
36
43
23
23
37
59
21
19
53
39
23
18
12
51
4
13
13
20
-1
34
-2
-41
-10
-12
19
26
42
37
-19
-26
17
-23
12
-29
-53
-82
-33
-36
-60
-5
-20
-57
-44
6
-34
-43
-18
-33
-54
-29
-73
-89
-78
-62
-26
-48
-87
-109
-82
-79
-56
-22
-42
-44
-37
-40
-59
-72
-43
-63
-32
-47
-22
-17
-31
-11
-35
-2
-23
-32
-39
-46
-28
-24
-41
-57
-35
-82
-68
-72
-96
-76
-80
-83
-102
-80
-64
-79
-52
-66
-85
-74
-78
-117
-133
-88
-112
-72
-45
-85
-95
-56
-47
-70
-106
-120
-94
-66
-32
-48
-64
-54
-39
-17
-24
-10
-27
-107
-83
-56
-33
-62
-104
-106
-88
-65
-60
-59
-78
-95
-72
-65
-76
-45
-82
-84
-62
-56
-52
-81
-109
-134
-144
-120
-127
-127
-114
-110
-106
-89
-81
-111
-109
-81
-130
-143
-80
-132
-83
-96
-103
-67
-100
-112
-99
-104
-96
-82
-101
-127
-161
-125
-131
-173
-174
-150
-169
-153
-167
-170
-167
-173
-160
-155
-126
-136
-81
-83
-128
-98
-79
-73
-70
-96
-106
-48
-96
-77
-55
-67
-31
-55
-66
-69
-80
-88
-58
-75
-91
-81
-75
-76
-87
-70
-62
-67
-66
-44
-59
-59
-74
-75
-27
-39
-73
-45
-103
-89
-81
-72
-85
-81
-60
-94
-68
-52
-74
-92
-86
-59
-29
-13
-3
-21
-27
11
-18
1
11
19
-3
-19
-14
-31
13
-33
-30
-6
39
23
-36
-27
-14
-26
-3
-17
-32
-31
-51
-49
-48
-34
-19
-22
-60
-22
-12
13
-22
-10
2
-2
0
10
-70
-94
-61
-65
-6
-29
-30
-50
-37
-47
-63
-66
-81
-91
-85
-80
-54
-73
-103
-86
-110
-100
-86
-100
-106
-122
-66
-122
-118
-117
-112
-96
-131
-80
-123
-128
-95
-119
-128
-147
-138
-133
-153
-143
-155
-145
-152
-137
-112
-132
-127
-113
-92
-113
-127
-164
-137
-140
-146
-133
-160
-120
-95
-108
-110
-102
-124
-114
-172
-143
-144
-146
-134
-150
-127
-130
-101
-130
-104
-80
-88
-110
-111
-129
-107
-118
-106
-155
-122
-106
-101
-116
-89
-101
-105
-84
-76
-86
-122
-104
-113
-131
-149
-149
-193
-161
-117
-136
-119
-143
-186
-125
-109
-99
-79
-76
-99
-132
-136
-137
-118
-169
-125
-117
-150
-87
-140
-113
-132
-138
-95
-96
-87
-89
-95
-86
-113
-94
-104
-97
-82
-77
-79
-94
-95
-122
-110
-88
-87
-109
-83
-93
-122
-133
-132
-125
-120
-122
-107
-118
-149
-119
-93
-62
-98
-72
-71
-94
-68
-79
-45
-49
-38
-69
-56
-45
-43
-54
-84
-89
-66
-66
-76
-103
-124
-107
-106
-129
-149
-119
-125
-90
-104
-114
-98
-107
-114
-94
-104
-108
-115
-140
-140
-142
-139
-136
-102
-117
-142
-171
-145
-147
-154
-138
-151
-119
-111
-106
-123
-118
-96
-68
-133
-101
-108
-120
-86
-142
-115
-85
-143
-81
-84
-71
-50
-56
-69
-82
-64
-86
-76
-89
-26
-51
-63
-58
-78
-36
-52
-54
-54
-29
-23
-40
-59
-38
-71
-51
-36
-12
-28
-42
-5
-21
-15
16
17
16
20
48
33
-19
-28
-9
-39
-62
-31
-40
-63
-77
-43
-65
-64
-50
-89
-74
-66
-65
-85
-52
-61
-106
-104
-51
-64
-47
-45
-95
-84
-107
-58
-72
-71
-59
-72
-61
-46
-53
-78
-79
-45
-49
-45
-20
-49
-49
-37
-18
-34
-46
-95
-102
-47
-33
-28
-48
-103
-38
-58
-93
-106
-79
-45
-93
-78
-65
-87
-76
-82
-102
-89
-83
-133
-106
-103
-96
-98
-99
-61
-75
-90
-76
-58
-86
-79
-94
-58
-60
-49
-43
-70
-69
-91
-96
-72
-54
-71
-84
-121
-101
-85
-139
-101
-65
-119
-105
-103
-86
-96
-125
-116
-118
-93
-64
-51
-45
-68
-83
-15
-29
-77
-63
-51
-27
-46
-55
-54
-56
-55
-33
-51
-74
-60
-23
-47
-65
-21
-48
-87
-84
-61
-111
-99
-109
-110
-128
-141
-116
-142
-109
-90
-32
-94
-102
-82
-111
-93
-74
-58
-80
-30
-33
-48
-23
-31
-53
-65
-58
-72
-52
-39
-53
-97
-98
-63
-64
-56
-62
-84
-76
-34
-105
-53
-95
-116
-66
-83
-56
-86
-71
-97
-77
-109
-113
-92
-123
-102
-106
-95
-67
-86
-73
-104
-86
-70
-151
-113
-90
-79
-115
-110
-70
-73
-56
-79
-57
-72
-72
-65
-91
-66
-80
-69
-70
-72
-93
-66
-58
-68
-102
-93
-128
-120
-107
-163
-102
-120
-102
-113
-84
-104
-126
-99
-93
-107
-99
-58
-58
-89
-82
-64
-130
-86
-90
-87
-99
-101
-54
-69
-73
-57
-69
-51
-71
-103
-73
-80
-69
-59
-58
-91
-113
-140
-147
-96
-117
-102
-86
-123
-120
-110
-113
-100
-132
-186
-119
-134
-144
-121
-93
-112
-133
-104
-115
-87
-105
-127
-97
-90
-66
-80
-86
-59
-108
-101
-73
-68
-74
-64
-56
-89
-39
-39
-56
-45
-56
-66
-74
-54
-84
-90
-104
-93
-94
-97
-88
-117
-106
-128
-120
-81
-103
-149
-128
-134
-168
-164
-157
-151
-118
-135
-134
-139
-93
-122
-105
-110
-117
-120
-112
-112
-124
-65
-101
-89
-73
-105
-87
-64
-80
-126
-127
-108
-122
-121
-132
-116
-118
-150
-114
-140
-131
-126
-127
-100
-152
-117
-125
-90
-73
-82
-98
-130
-103
-115
-72
-114
-57
-70
-89
-65
-107
-98
-98
-74
-81
-74
-92
-91
-125
-110
-107
-123
-118
-145
-129
-139
-118
-134
-113
-104
-134
-111
-129
-141
-142
-82
-66
-57
-59
-65
-42
-94
-23
-60
-46
-68
-82
-81
-71
-58
-73
-66
-60
-11
-18
-53
-43
-24
-34
-21
-28
-52
-76
-84
-114
-105
-116
-131
-142
-160
-129
-161
-159
-136
-187
-154
-106
-114
-94
-98
-70
-78
-53
-82
-124
-76
-91
-57
-48
-84
-60
-84
-91
-32
-64
-69
-41
-9
12
-42
-22
-67
-37
-49
-42
-44
-81
-39
-71
-47
-34
-60
-110
-114
-100
-76
-66
-99
-71
-87
-130
-74
-64
-70
-83
-88
-124
-127
-104
-118
-103
-95
-100
-104
-80
-88
-85
-65
-47
-49
-68
-46
-41
-62
-90
-83
-88
-63
-85
-76
-76
-108
-102
-166
-152
-167
-163
-166
-112
-90
-122
-106
-98
-97
-140
-187
-141
-98
-155
-142
-129
-122
-65
-64
-79
-57
-70
-77
-10
-14
-11
-48
-40
-24
-41
1
-16
-30
-63
-24
-46
-69
-24
-60
-83
-89
-82
-81
-112
-91
-80
-94
-133
-134
-128
-124
-112
-108
-81
-76
-83
-69
-35
-69
-86
-99
-77
-83
-103
-124
-116
-93
-102
-80
-33
-40
-7
5
-59
-62
-50
-64
-52
-108
-98
-115
-128
-100
-135
-119
-102
-92
-90
-97
-88
-80
-75
-19
-64
-44
-30
-66
-31
-23
-26
-49
-51
9
-31
4
25
6
35
-2
17
12
-20
19
-23
20
-19
19
62
-33
-2
-45
2
-1
27
20
5
8
1
2
-28
8
-10
-14
-15
-25
-41
-87
-52
-18
-18
10
-28
-10
24
11
-21
19
53
38
27
16
17
14
1
25
9
24
46
39
27
10
56
47
27
5
-17
12
29
-1
-38
-27
-42
-77
-47
-74
-67
-47
-104
-79
-104
-102
-70
-101
-55
-44
-104
-45
-11
-59
5
-28
-60
26
24
17
19
45
34
29
43
10
-32
3
-11
-38
-8
-50
28
19
-8
-7
-27
-42
-72
-76
-48
-50
-72
-48
-67
-70
-59
-55
-59
-65
-56
-46
-74
-80
-43
-61
-19
-17
-54
-26
-40
-49
-35
-54
-77
-50
-44
-23
-6
-35
-54
-50
-48
-34
-61
-52
-52
-53
-56
-55
-25
-46
-19
-45
-69
-76
-63
-106
-112
-138
-112
-109
-114
-73
-118
-74
-81
-27
-43
-35
-22
-60
-26
-12
1
-7
0
-3
-2
13
3
51
80
81
77
57
35
31
38
68
60
36
14
-34
-6
29
8
-13
-37
-19
-13
-32
-63
-106
-71
-72
-46
-85
-85
-63
-90
-60
-43
-3
-49
-36
-21
-35
-52
-49
-39
-68
-7
-46
-42
-36
-40
-37
-66
-97
-124
-113
-95
-127
-131
-112
-122
-82
-66
-99
-130
-109
-100
-124
-151
-150
-166
-166
-170
-201
-180
-183
-128
-131
-166
-143
-166
-138
-113
-103
-75
-70
-16
-7
-19
-15
-29
-5
-47
-20
-2
-2
-17
-49
-18
7
-6
-24
-64
-75
-115
-106
-82
-116
-75
-84
-84
-116
-110
-99
-106
-69
-110
-59
-104
-78
-63
-78
-79
-5
-18
-46
-7
-61
20
-34
-33
9
-12
26
39
-24
-25
29
-13
-34
-63
-74
-87
-44
-9
-50
-68
-25
-29
-76
-83
-102
-66
-55
-47
-50
-35
10
-9
5
5
-31
-19
-38
-23
2
-21
3
-11
12
25
15
37
37
39
55
55
54
92
104
109
119
96
77
74
122
92
70
57
41
35
62
69
2
28
10
-2
-34
-27
-26
-28
-23
-18
-11
5
26
11
22
3
42
31
74
67
25
45
43
37
26
11
22
31
42
52
40
9
36
39
6
39
22
11
23
17
12
6
-49
-33
-47
-34
-20
-6
-32
-54
-69
-76
-28
-43
-38
-31
-19
39
12
67
33
15
6
44
76
51
20
38
60
91
100
78
107
66
102
98
100
107
65
64
68
73
98
56
34
25
57
96
62
57
86
68
34
67
-11
-5
12
-20
28
40
16
3
14
4
12
-9
-25
-7
37
12
29
37
68
44
101
98
70
88
93
126
120
134
54
64
71
89
48
58
62
48
15
24
25
24
49
11
5
40
24
42
30
31
-11
15
-9
-3
47
34
43
27
24
11
14
-27
-24
-29
15
52
59
44
13
19
-9
13
-8
25
13
5
-1
1
10
-24
-2
-28
-11
-25
-49
-70
-43
-38
-71
-83
-49
-40
-79
-61
-47
-27
-62
-23
-14
-28
9
1
34
25
47
49
42
61
58
58
88
84
68
76
44
50
84
112
96
110
142
76
65
107
120
115
88
95
91
89
53
77
92
57
50
63
64
58
87
68
99
72
72
89
117
120
136
131
123
117
73
104
64
111
104
165
182
143
131
127
96
91
120
107
102
70
71
57
23
44
52
-5
16
2
9
33
32
21
-2
3
-38
-19
-44
-11
-30
-34
-25
-9
-14
-4
-11
-26
-9
2
16
37
48
40
85
28
27
66
36
34
62
75
34
10
33
51
4
-4
-6
-48
-71
-56
-36
-28
-30
-59
-85
-92
-98
-89
-36
-37
-43
-85
-36
-22
-52
-46
-53
-3
-16
-10
3
45
66
69
68
26
49
13
30
68
42
37
90
91
73
45
40
8
5
-5
-22
9
63
9
-9
33
10
15
8
5
28
21
33
52
13
74
66
49
38
28
93
65
51
62
88
103
95
116
127
132
109
90
85
71
89
107
105
92
90
51
43
53
52
80
48
82
60
24
65
79
86
93
86
80
120
106
145
123
110
152
87
104
120
79
60
83
55
80
93
92
107
75
51
92
86
73
66
83
76
33
64
88
112
59
58
41
13
15
-3
14
25
63
52
-19
-9
8
0
27
38
18
54
77
49
48
32
81
89
64
117
123
83
121
128
115
127
88
104
109
89
141
158
126
148
137
97
119
145
125
83
71
86
106
96
71
79
83
63
72
126
89
95
91
110
113
95
96
81
129
104
139
109
93
126
100
94
75
92
106
122
80
104
108
84
100
137
132
119
141
111
100
116
81
57
49
87
70
39
83
83
95
82
95
103
125
68
49
75
68
58
46
62
21
96
54
39
70
54
64
53
86
63
86
65
84
101
101
145
124
110
104
109
74
92
104
75
54
-12
25
43
83
72
56
29
43
26
44
58
79
68
49
61
76
68
27
17
54
69
100
122
80
95
112
99
51
74
72
62
83
93
101
90
89
95
71
46
35
64
85
72
75
55
45
7
-6
-9
-25
5
-42
-10
0
-15
44
20
16
23
19
34
11
59
67
52
34
69
70
72
79
79
64
73
82
46
40
62
88
56
87
124
92
98
114
54
103
51
52
76
47
51
53
55
12
15
52
26
-3
4
18
47
55
67
69
93
83
47
26
70
91
55
70
80
75
60
27
63
53
87
92
63
43
26
47
24
66
88
90
95
30
32
21
3
-10
-36
6
-5
-44
-40
-61
-41
-25
-54
-80
-71
-41
-58
-62
-52
-37
-9
-26
-26
-10
-6
-7
8
9
6
18
40
-6
-14
45
-1
-5
27
36
-11
25
41
40
63
67
81
57
8
-21
-13
-32
-54
-42
-48
-25
-58
-80
-87
-97
-49
-78
-126
-99
-72
-73
-113
-142
-117
-174
-113
-192
-76
-329
-136
-2068
-4573
-4007
-2214
-1433
-2352
-4691
-6216
-5852
-4714
-4139
-4193
-3752
-4477
-5550
-4522
-3212
-3242
-2672
-2234
-1545
-463
-70
-887
-896
713
2334
2806
2940
2635
2015
2530
3668
4740
5420
5324
4606
4523
5123
5954
6335
6697
6818
6330
5558
4188
3445
3550
3950
3858
2895
1507
182
-1174
-1908
-2178
-2079
-1991
-2770
-4150
-5018
-5318
-5114
-4503
-3817
-3242
-3208
-3487
-3589
-3082
-1858
-470
398
1032
1257
1323
1547
2236
3280
4132
4566
4423
4007
3586
3407
3304
3430
3388
2836
2042
993
-29
-660
-1008
-1263
-1547
-2160
-3110
-4116
-4715
-4799
-4564
-4281
-4313
-4484
-4743
-4821
-4633
-4023
-3118
-2503
-2296
-2342
-2131
-1660
-1122
-690
-404
-18
369
417
182
-72
-130
17
287
169
-218
-895
-1519
-1772
-1647
-1547
-1605
-2068
-2222
-2285
-1953
-1679
-1370
-1017
-558
-24
527
1044
1655
2232
3053
4166
5175
5919
6531
7058
7848
8506
8584
8366
8184
7892
7822
7172
6430
5518
4601
3764
2620
1427
623
-326
-1408
-2689
-3792
-4325
-4744
-5424
-5869
-6017
-5994
-5993
-6058
-5617
-4812
-3995
-3399
-2753
-1889
-908
-86
894
1900
2870
3586
4043
4487
5040
5409
5610
5734
5617
5428
4908
4295
3803
3139
2423
1670
833
-60
-1024
-1992
-2830
-3490
-4109
-4738
-5360
-5802
-6148
-6390
-6377
-6364
-6093
-5806
-5534
-5134
-4667
-4110
-3456
-2907
-2385
-1852
-1450
-904
-542
-354
-146
10
170
214
61
-126
-318
-528
-783
-1197
-1555
-1874
-2205
-2302
-2350
-2302
-2343
-2392
-2098
-1633
-1249
-858
-334
483
1283
2160
2871
4014
5443
6921
7946
8996
10270
11021
12069
12334
11826
11690
11049
10528
10114
9465
8284
6284
3602
1741
1100
990
-471
-3575
-5774
-6453
-6887
-7641
-8823
-9063
-8534
-8886
-9339
-8730
-7448
-6516
-6134
-4924
-2626
-1095
-781
-386
1333
3748
5135
5481
6179
6946
7394
7401
7563
8418
8476
7455
6428
5905
5364
4277
2765
1953
1420
244
-1268
-2693
-3568
-4258
-5097
-5494
-5617
-6017
-6652
-7031
-6691
-5836
-5089
-4592
-3964
-3310
-2563
-1768
-720
394
1475
2331
2997
3409
3885
4080
658
-360
3046
5490
4435
580
-3284
-3579
-1754
-667
-2238
-3997
-5220
-8061
-9112
-6988
-6763
-7989
-8452
-8982
-8131
-7222
-7951
-8804
-7162
-4102
-2844
-3115
-2922
-3058
-1996
428
2318
3803
4171
3010
2765
4284
6096
7259
7029
6954
7239
7576
8048
8268
8973
9993
10572
10530
10609
9962
8574
7002
6383
6653
6773
5668
3792
1348
-129
-491
-885
-2479
-4471
-5423
-4718
-4459
-6524
-8707
-8390
-6336
-5151
-5480
-5729
-5075
-4453
-3920
-2633
-118
1490
1305
1173
2550
4363
5182
5023
5292
6552
7173
6622
5740
5436
5439
4963
4678
4389
3480
1865
-23
-759
-707
-1016
-2251
-3597
-4571
-5212
-5950
-7146
-7405
-7009
-6725
-6949
-7415
-7671
-7566
-6891
-5978
-5110
-4322
-4022
-4265
-4135
-3106
-2313
-1606
-1170
-1249
-1515
-1719
-1886
-1815
-1532
-1380
-1768
-2406
-3004
-3620
-3693
-3429
-3137
-2843
-2854
-2962
-2606
-2213
-1707
-873
51
1023
2068
2797
3593
4862
6570
7636
9249
10961
13117
14952
16437
17903
18033
16679
13550
11186
10839
11947
12828
11755
7181
1300
-2856
-3097
-958
-838
-4496
-8725
-10983
-11787
-12757
-13210
-11994
-10346
-10252
-11305
-11520
-10105
-8742
-7609
-4557
-423
1949
1039
-303
1297
5417
8678
10043
10532
10699
10074
8777
9068
10825
11977
10979
8734
7103
5639
3597
1630
1112
1447
689
-1845
-4911
-6909
-7943
-8120
-7494
-6644
-6763
-8350
-9989
-10046
-8370
-6311
-4693
-3528
-2710
-2520
-2196
-1282
660
2822
4781
5399
5863
3541
-924
-159
4177
6941
5588
717
-3864
-4207
-2542
-2490
-3951
-4049
-5759
-9227
-10185
-9906
-10535
-9504
-9182
-9315
-8263
-8575
-10636
-10651
-7350
-3696
-1927
-1733
-2712
-3204
-1221
1084
3563
6023
6380
5471
5344
5783
7078
8511
9657
10454
10973
11082
10207
10012
11158
12598
13934
14855
12974
10281
7594
6686
7321
8248
7198
4764
1348
-861
-3178
-4656
-4634
-3881
-3746
-5605
-9130
-11096
-10536
-8681
-7158
-6616
-5841
-5593
-6565
-6818
-4756
-1534
1382
2035
2054
2659
3445
3839
4763
6975
9387
9636
8073
6725
6332
6759
6969
6939
7124
6202
3599
965
-383
-217
-77
-790
-1860
-3229
-5068
-6737
-7303
-6446
-5225
-5063
-5458
-6127
-6457
-6264
-5440
-3816
-1724
-1306
-4508
-7091
-5163
-1466
495
-350
-3223
-4767
-3701
-2653
-2958
-2552
-2582
-4367
-5429
-5003
-5642
-6262
-6281
-6552
-5747
-4851
-6379
-8240
-7526
-5454
-3547
-2076
-1894
-2947
-3010
-1817
301
3137
4948
4402
4353
5417
7053
8808
10479
12027
14111
16087
17217
18221
19580
20885
18817
13928
10008
10563
13819
14875
10102
3430
-1329
-2629
-2817
-3269
-4334
-6415
-10295
-13468
-14675
-14127
-13238
-13392
-13424
-11846
-10682
-10929
-11506
-10119
-6158
-2026
549
1138
1129
1880
3710
6647
10248
12363
12213
11041
10205
10667
11629
12094
12025
11337
9809
7474
4882
2997
2022
1501
828
-674
-3066
-5815
-8383
-9298
-8633
-7739
-7617
-8784
-10210
-10907
-10316
-8633
-6504
-4694
-3585
-3242
-3026
-2102
-514
1674
3628
5218
1937
-1332
72
2946
4767
3921
-546
-3416
-2823
-2422
-3563
-4282
-4853
-7545
-9085
-8787
-9633
-10089
-10081
-11343
-10254
-8298
-9016
-10080
-9319
-7355
-4714
-2825
-2483
-2793
-1704
-55
1750
4476
5756
5633
6093
7315
8544
10328
11055
10918
11513
12616
14355
14877
15036
15207
16814
19341
20031
16118
8547
2032
3532
11195
15450
9402
-3145
-11160
-9024
-3572
-2297
-5306
-8804
-11260
-13828
-15065
-13728
-11105
-9841
-9630
-8555
-6610
-7007
-9150
-8439
-2758
4132
6885
4488
1585
1850
4858
8925
12378
13781
12371
9284
7389
7954
9807
10571
9687
8389
6850
4233
967
-1374
-1737
-750
-538
-2047
-5102
-8522
-10805
-10698
-8425
-6010
-5736
-7702
-9909
-10316
-8440
-5848
-3641
-2210
-2246
-2865
-2865
-2460
-1232
221
1239
1641
1289
-196
-2055
-2675
-1882
-1231
-1239
-2544
-5078
-7115
-7946
-7887
-7235
-6856
-7556
-8935
-9938
-10058
-9341
-8061
-6649
-5633
-4935
-4679
-4756
-4055
-2403
-152
2043
3421
3695
3337
3659
5450
8051
10279
11745
12172
12452
13630
15324
17199
18987
21230
22556
21901
18484
12443
7112
7409
12990
16915
12752
1301
-8526
-9644
-4392
-1370
-3704
-8510
-12490
-15637
-17284
-16607
-13787
-11615
-11170
-11467
-10964
-10757
-11141
-9931
-4980
1537
5026
3743
1007
1030
4528
9374
13269
15014
14079
11543
9517
9837
11970
13576
13255
11370
8945
5959
2866
751
353
1006
756
-1500
-5250
-8914
-11049
-11077
-9373
-7545
-7429
-9421
-11959
-12671
-10931
-7821
-5185
-3445
-2874
-2857
-3194
-2263
-2170
-2375
447
3000
3670
2342
-1802
-4581
-2861
-270
576
-583
-3071
-6631
-8645
-7888
-7248
-6952
-6713
-8923
-10419
-10075
-10456
-10285
-8660
-7022
-5199
-4368
-5361
-6292
-5028
-2089
1087
3830
4246
2905
2872
4457
7275
10900
12533
12187
12940
14309
15780
17790
18412
19460
22205
23699
21957
16422
10044
7565
10327
14798
14546
7226
-2095
-8143
-8096
-4404
-3359
-5981
-10263
-14793
-16918
-16831
-15784
-13910
-12496
-11650
-10820
-10961
-11359
-10947
-7929
-2436
2333
4201
3050
1414
2594
6376
10814
14284
14715
12902
10990
9944
10762
12442
13110
12473
10554
7920
4983
2276
796
549
502
-281
-2884
-6632
-9804
-11276
-10609
-8752
-7903
-8571
-10508
-12162
-11931
-10628
-8309
-5771
-4115
-3610
-4359
-5496
-5142
-3287
-298
1892
2073
586
-1841
-3196
-2414
-919
294
-156
-2363
-4843
-6769
-7488
-7069
-6385
-6129
-7001
-8735
-10187
-10757
-9861
-8013
-6193
-4951
-5096
-6054
-6330
-5103
-2290
645
2308
2556
2302
2911
4431
6626
9186
11177
12546
13218
13531
14553
16310
18767
20230
21613
22460
21138
17637
12813
9491
10166
13048
13479
8775
746
-5520
-7274
-5588
-4015
-5602
-9366
-13283
-16387
-17066
-16025
-14193
-12623
-12114
-11889
-11621
-11550
-10619
-8145
-3781
725
3002
2828
1994
2707
5789
9930
13086
14271
13224
11496
10648
11057
12480
13273
12773
11120
8556
5804
3404
1911
1246
921
-178
-2472
-5625
-8682
-10287
-10315
-9048
-8231
-8815
-10396
-11894
-12005
-10387
-8035
-5683
-4224
-3760
-3944
-6444
-6755
-3048
681
2714
1661
-2034
-3528
-2429
-1191
-574
-35
-873
-3624
-5550
-6066
-6747
-6324
-6136
-7312
-7468
-8140
-10325
-10973
-9671
-7530
-5364
-4933
-6043
-7139
-6314
-4353
-1431
1588
2499
1947
1953
2721
4780
7793
9712
11068
12398
13258
14087
15044
16396
18396
20447
21991
21469
18245
14515
12587
12307
12829
11920
9142
5077
501
-2968
-4792
-5070
-5049
-7174
-10402
-12905
-14779
-15354
-14707
-13667
-12111
-11402
-11691
-11872
-11035
-8576
-5490
-2503
37
1375
1979
2880
4519
7370
10344
12007
12581
12201
11613
11508
11763
12425
12776
11979
10104
7674
5461
3914
2773
1891
938
-853
-3259
-5821
-7846
-8488
-8423
-8311
-8549
-9269
-9975
-10261
-9742
-8405
-6896
-5396
-4301
-3527
-3165
-4777
-4605
-1767
1201
2818
821
-2626
-3131
-1507
139
401
-739
-2413
-4480
-5339
-5334
-5638
-5525
-6499
-7859
-7828
-8374
-9373
-9579
-8933
-7121
-5463
-5351
-6088
-6412
-5531
-3763
-1153
1437
2216
1887
1330
2109
5087
8187
9795
10499
10826
11797
13339
14712
16242
17935
19467
20273
20907
20759
19165
16486
13146
10833
11098
12258
10514
5220
-728
-4160
-4354
-3540
-4907
-7805
-10568
-12897
-14411
-14509
-13592
-12442
-12055
-11821
-11201
-10224
-9290
-7962
-5385
-1819
1084
2376
2572
3215
5289
8152
10801
12491
12822
12097
11389
11367
12044
12650
12274
11102
9491
7484
5473
3571
2214
1370
338
-1334
-3669
-6102
-7888
-8812
-8834
-8472
-8415
-8981
-9865
-10312
-9442
-8018
-6911
-5725
-4476
-3566
-2987
-3069
-2712
-992
880
1611
609
-366
-680
-588
-329
-603
-1467
-2212
-3441
-4773
-5455
-5980
-6591
-7234
-7839
-8222
-8773
-9317
-9536
-9002
-7739
-6738
-6199
-5832
-5626
-4892
-3577
-1750
375
1617
1995
2300
3379
5291
7282
8846
9995
11027
12036
13184
14444
15677
16612
17682
19516
21277
21170
18733
15182
12034
10079
9783
10374
10204
6720
216
-5673
-7414
-5564
-4508
-6676
-10372
-13190
-14898
-15471
-14795
-12961
-11307
-10874
-11081
-10762
-9642
-8014
-5812
-2485
1184
3287
3278
2834
3944
6998
10326
12541
13103
12340
11049
10294
10602
11611
12107
11207
9149
6733
4409
2470
1172
488
-101
-1514
-3896
-6701
-8790
-9667
-9478
-8834
-8487
-8931
-9949
-10735
-10352
-8649
-6991
-5618
-4420
-3675
-3306
-3129
-2930
-1539
495
1696
1342
-259
-1315
-1412
-951
-373
-922
-2436
-3947
-5466
-6259
-6560
-7008
-7746
-8663
-9350
-9739
-10336
-10460
-10147
-9300
-8070
-7199
-6863
-6569
-6056
-4958
-3041
-1015
563
1206
1664
2556
4137
5878
7282
8566
10005
10960
11947
13061
13966
14816
16030
17001
19012
20995
20471
17169
13231
10159
8643
8841
9865
9178
4901
-1823
-7385
-8325
-5752
-5001
-7522
-11016
-13713
-15161
-15722
-15076
-13065
-11197
-10663
-10834
-10836
-9920
-8327
-5853
-1993
1609
3163
2608
1952
3375
6626
9950
11982
12213
11268
9980
9080
9366
10464
10935
10202
8120
5497
3177
1152
-89
-511
-895
-2163
-4655
-7569
-9703
-10395
-9845
-8948
-8582
-8977
-10122
-11022
-10555
-8855
-6901
-5369
-4280
-3723
-3611
-3606
-3320
-1855
191
1465
823
-1010
-2178
-2309
-1711
-1143
-1712
-3068
-4562
-6195
-7248
-7531
-7680
-8149
-8828
-9373
-10023
-10696
-10718
-10274
-9055
-7593
-6817
-6586
-6323
-5830
-4738
-2833
-705
893
1647
1564
1905
3649
5863
7628
8640
8956
9746
10936
12134
13048
13998
15082
15966
17179
18706
19583
17544
14053
10484
8427
8370
9239
8691
5557
70
-4934
-7049
-6155
-4963
-6389
-9559
-11936
-13648
-14303
-13832
-12676
-11003
-9994
-9836
-9692
-9031
-7736
-5444
-2450
866
2875
3175
2959
3678
6198
9207
11296
12020
11415
10207
9559
9562
10265
10752
10080
8401
6160
3891
2026
777
114
-537
-1762
-3765
-6147
-8199
-9070
-8998
-8379
-7898
-8100
-8916
-9584
-9371
-7892
-6253
-5007
-3882
-3148
-2721
-2563
-2367
-1381
282
927
606
-28
-624
-1088
-1563
-1960
-2197
-2339
-3132
-4970
-6492
-7255
-7789
-7861
-7928
-8550
-9175
-9920
-10399
-9839
-8635
-7664
-7034
-6397
-5809
-4921
-4110
-3139
-1528
507
2046
2854
3219
3558
4698
6634
8492
9986
10585
10516
10814
11803
13468
14775
15520
16481
17473
18233
18092
15897
13454
11187
9147
8253
8199
7671
5016
-304
-4731
-5956
-5118
-4686
-6762
-9615
-11351
-12662
-13040
-12460
-11295
-9833
-9365
-9325
-8571
-7406
-5952
-4010
-1416
1601
3317
3496
3689
4897
7310
9791
11193
11719
11332
10446
9938
10014
10598
10738
9644
7843
5840
3978
2451
1128
146
-727
-2075
-3906
-5968
-7567
-8206
-8247
-7912
-7721
-7988
-8511
-8853
-8363
-7131
-5964
-4702
-3519
-2887
-2654
-2771
-2402
-1021
284
443
-46
-376
-732
-1232
-1812
-2331
-2463
-2567
-3604
-5123
-6243
-7144
-7609
-7586
-7687
-8119
-8655
-9418
-9734
-8939
-7790
-6885
-6112
-5446
-4947
-4224
-3337
-2278
-756
937
2114
2750
3297
3947
5172
6822
8253
9349
9825
10060
10635
11446
12720
14187
15500
16310
16045
16131
16797
16419
14420
10976
7574
6779
7739
7882
5150
133
-4189
-6126
-5930
-5175
-6157
-8352
-10614
-12466
-12695
-11609
-10621
-9843
-9257
-8492
-7425
-6576
-5658
-4164
-1544
1492
3520
4193
4340
4909
6597
9015
10927
11923
11450
10351
9704
9635
10032
10118
9246
7779
5911
4024
2388
964
-108
-962
-2060
-3467
-5232
-6974
-7969
-8273
-7834
-7216
-7236
-7626
-7929
-7706
-6944
-5908
-4280
-2847
-2195
-2448
-2755
-2237
-1398
-349
548
597
13
-990
-2292
-2634
-1986
-1765
-2517
-3821
-5206
-6496
-7075
-7068
-7145
-7200
-7523
-8462
-8858
-8510
-8043
-7186
-6087
-5061
-4334
-3738
-3541
-2972
-1429
261
1962
3266
3614
3651
4259
5562
7336
9129
9715
9533
9832
11093
12436
13482
14129
14874
15989
17150
17742
16757
14513
11845
9862
9136
9055
8478
6135
2308
-1531
-4034
-4463
-4055
-4988
-7396
-9551
-10934
-11465
-11338
-10662
-9816
-9008
-8453
-8187
-7561
-6263
-4495
-2298
164
2152
3071
3432
4131
5918
8294
10127
10979
10954
10389
9993
9968
10266
10429
9811
8438
6699
4983
3377
1908
782
-140
-1249
-2748
-4540
-6307
-7372
-7762
-7576
-7381
-7470
-7856
-8233
-8052
-7042
-5599
-4963
-4290
-3263
-2300
-2106
-2062
-1941
-1178
310
1068
396
-549
-1531
-2382
-2102
-1271
-1576
-2832
-4517
-6128
-6748
-6436
-6555
-7195
-7580
-8153
-8723
-8822
-8660
-8227
-7119
-6098
-5362
-4687
-4273
-3965
-3084
-1546
298
1865
2739
2890
3126
3968
5427
7115
8470
9041
9077
9165
9939
11534
12748
13462
13734
14578
15678
16721
16741
14979
12112
10245
9208
8997
8373
6508
3192
-160
-2586
-3577
-4045
-4863
-6628
-8724
-9800
-10470
-10865
-10713
-10361
-9656
-8705
-8073
-7443
-6596
-5232
-3202
-865
1125
2426
3122
3912
5288
7210
9027
10092
10424
10165
9818
9715
9766
9608
9194
8188
6792
5281
3561
2079
840
-240
-1337
-2562
-4112
-5647
-6875
-7500
-7536
-7400
-7363
-7551
-7796
-7636
-6964
-5864
-4570
-4350
-4212
-3164
-2383
-2094
-1443
-1132
-763
-53
-239
-1220
-1500
-1445
-1927
-2035
-1998
-3257
-4663
-5346
-6177
-6364
-6201
-7051
-8060
-8236
-8385
-8488
-8208
-7868
-7543
-6696
-5930
-5417
-4486
-3642
-2977
-1824
-530
516
1620
2256
2679
3610
4850
5814
6597
7378
8085
8817
9754
10453
10912
11927
12959
13823
14868
15794
16699
16270
13922
11113
9090
8311
8615
8301
6365
2702
-1417
-4156
-4728
-4137
-4329
-6304
-8730
-10583
-11505
-11280
-10559
-9542
-8435
-7980
-7796
-7337
-6404
-4739
-2359
215
2254
3161
3325
3765
5315
7628
9639
10643
10622
9776
9023
8888
9021
9330
9036
7844
6075
4144
2348
990
53
-690
-1479
-2796
-4646
-6497
-7659
-7887
-7502
-7037
-6902
-7344
-7784
-7802
-7043
-5636
-4018
-2909
-2169
-2844
-4032
-3265
-1548
44
1099
239
-1443
-2183
-2305
-2379
-1929
-1388
-2429
-4130
-5129
-6311
-7074
-6608
-6782
-7034
-7057
-8086
-9435
-9537
-8803
-7525
-6275
-5685
-5931
-5842
-5150
-4131
-2364
-804
-24
665
1421
2112
3099
3792
4460
5864
7386
8318
8408
8366
9016
10376
11782
12781
13480
13576
13584
14586
16202
16413
13927
10329
7765
7666
8409
7588
4875
1542
-1437
-3515
-4475
-4673
-5196
-6834
-8752
-9962
-10458
-10461
-10402
-9933
-8574
-7196
-6602
-6492
-6070
-4432
-2060
292
2274
3285
3695
4164
5402
7344
9094
9873
9712
9224
8875
8656
8305
7981
7557
6767
5533
3833
2055
531
-566
-1345
-1955
-2973
-4441
-6147
-7356
-7503
-7197
-6902
-6892
-7115
-7210
-7065
-6423
-5283
-4090
-2924
-2150
-1654
-1070
-2247
-2922
-1188
374
1039
400
-2034
-3418
-2862
-2426
-2748
-2875
-3560
-5834
-7278
-7234
-7693
-7471
-7215
-8406
-8651
-8496
-9403
-9531
-8439
-7191
-5988
-5319
-5376
-5279
-4260
-2868
-1504
222
1081
1228
1737
2257
3149
4565
5606
6424
7079
7353
7812
8369
9171
10563
11600
12233
12429
12739
13867
15408
16395
15134
11710
8762
7772
8201
8734
7126
3690
243
-2278
-3588
-3729
-4038
-5169
-7176
-8819
-9520
-9839
-9875
-9634
-8718
-7299
-6467
-6315
-6203
-5453
-3353
-721
1460
2778
3182
3183
4006
5807
7936
9391
9625
9162
8556
8209
8104
8149
7990
7437
6391
4939
3272
1600
405
-443
-1090
-1773
-3100
-4827
-6323
-7194
-7122
-6643
-6338
-6442
-6914
-7153
-6901
-6000
-4603
-3196
-2681
-2655
-2305
-1600
-793
-411
-293
-246
-422
-674
-1145
-1547
-1724
-2372
-3542
-4218
-4762
-5412
-6160
-6997
-7619
-7940
-8203
-8558
-8962
-8910
-8798
-8740
-8166
-7548
-6871
-6171
-5510
-4511
-3368
-2290
-1459
-756
84
965
1937
2962
3800
4289
4617
5004
5846
7017
7790
8190
8291
8541
9594
10737
11601
11960
12166
12568
14002
15461
14311
10716
7396
6551
7576
8315
6649
3292
-247
-2776
-4068
-3733
-3260
-4246
-6701
-8757
-9538
-9231
-8747
-8511
-7781
-6780
-6220
-6137
-5996
-4990
-2967
-666
1263
2437
2676
2672
3315
5034
7309
8712
8817
8094
7362
7119
7205
7425
7401
6873
5663
4094
2407
1055
123
-561
-1088
-1927
-3315
-4976
-6432
-7052
-6813
-6307
-6070
-6365
-6911
-7224
-6921
-5920
-4405
-3392
-3087
-2959
-2606
-2048
-1721
-1844
-1660
-933
-420
-895
-2198
-3229
-3565
-3282
-3077
-3661
-4784
-6091
-7273
-7620
-7231
-7104
-7557
-8293
-8888
-8868
-8593
-8276
-7864
-7112
-6175
-5496
-4880
-4293
-3453
-2304
-1053
29
860
1342
1707
2389
3324
4321
5088
5662
5938
6284
6935
7579
8309
9232
9821
10106
10599
11204
12157
13340
14406
14572
12637
9653
7670
7097
7769
7805
5981
3188
48
-2500
-3652
-3533
-3139
-4159
-6332
-8152
-9259
-9263
-8731
-8243
-7328
-6368
-6201
-6269
-6007
-4754
-2675
-533
1326
2412
2662
2841
3598
5384
7431
8634
8859
8205
7458
7263
7311
7598
7634
6933
5676
4036
2395
1156
317
-304
-895
-1915
-3327
-4897
-6244
-6708
-6589
-6160
-6047
-6347
-6775
-6972
-6508
-5461
-4071
-3092
-2905
-3089
-2824
-2300
-1857
-1241
-785
-560
-683
-1457
-2400
-2615
-2421
-2545
-2936
-3616
-4776
-5900
-6410
-6586
-6538
-6463
-7085
-7972
-8337
-8254
-7890
-7247
-6514
-5930
-5530
-5164
-4632
-3708
-2387
-1092
-145
402
680
1263
2210
3257
4151
4627
5142
5668
6077
6611
7346
7800
8362
9268
10167
10619
10859
11233
11933
13405
14732
15018
13345
10509
8046
7432
8175
8548
6833
3854
675
-1557
-2568
-2714
-2719
-3584
-5486
-7218
-8400
-8692
-8207
-7659
-6863
-5907
-5516
-5648
-5629
-4639
-2529
-204
1683
2577
2706
2986
3826
5502
7476
8714
8920
8370
7649
7487
7558
7742
7828
7255
5993
4374
2682
1411
542
-45
-665
-1688
-3037
-4684
-5958
-6508
-6320
-5964
-5808
-6114
-6516
-6580
-6192
-5159
-3943
-2744
-2269
-2642
-2691
-2156
-1353
-733
-371
-281
-491
-1001
-1868
-2555
-2316
-2050
-2542
-3373
-4392
-5582
-6202
-6450
-6370
-6252
-6513
-7294
-8015
-7978
-7483
-6969
-6259
-5683
-5227
-4718
-4222
-3388
-2255
-1066
-1
726
1050
1430
1996
2891
3988
4712
5126
5460
5694
6252
6956
7854
8835
9570
9781
9892
10252
11247
12554
13439
14083
14458
13271
10707
8265
7575
8271
8476
6931
3889
837
-1192
-2371
-2700
-2434
-3343
-5411
-7312
-8322
-8337
-7847
-7509
-6949
-6171
-5730
-5667
-5530
-4381
-2553
-537
1145
2156
2598
2909
3716
5276
7142
8270
8526
8039
7501
7426
7377
7571
7468
6792
5634
4099
2584
1318
320
-420
-1187
-2155
-3380
-4804
-6008
-6595
-6591
-6310
-6085
-6273
-6507
-6603
-6143
-5196
-4099
-2995
-2535
-2639
-2578
-2230
-1645
-782
-319
-384
-744
-1351
-2073
-2336
-2120
-2313
-2928
-3555
-4546
-5561
-5872
-6180
-6375
-6301
-6596
-7200
-7576
-7647
-7465
-6892
-6045
-5558
-5197
-4786
-4318
-3455
-2146
-1014
-52
640
786
1118
1886
2991
4142
4816
5040
5096
5393
6032
6936
8014
8559
8904
9216
9623
10363
11354
12102
12979
13899
14734
13678
10698
8200
7586
8304
8785
7317
4470
1423
-1197
-2554
-2671
-2205
-2753
-5087
-7299
-8354
-8465
-7959
-7492
-6859
-5970
-5648
-5868
-5657
-4691
-2725
-663
1074
2238
2582
2744
3380
4836
6904
8341
8649
8173
7408
7060
7072
7276
7373
6934
5735
4066
2358
995
129
-514
-1045
-2017
-3322
-4839
-6251
-6864
-6732
-6279
-5980
-6123
-6547
-6748
-6509
-5580
-4240
-3029
-2173
-1830
-1587
-1213
-392
-1048
-1864
-1008
-58
172
-429
-2641
-4170
-3671
-3009
-3442
-3992
-4830
-6669
-7554
-6965
-6942
-6866
-6728
-7882
-8032
-7216
-7177
-7109
-6271
-5368
-4426
-3633
-3306
-3086
-2174
-805
378
1599
1937
1721
2063
2953
4036
4995
5302
5460
5640
5913
6609
7376
8056
8898
9322
9601
10351
11393
11876
12392
13399
13451
11968
9783
7873
7164
7713
7226
5428
3000
619
-1601
-2731
-2870
-3005
-4056
-5744
-7371
-8004
-8046
-7747
-7358
-6647
-6030
-5572
-5419
-4986
-3746
-2014
-253
1216
2303
2792
3186
4002
5397
6943
7866
7904
7474
7073
6674
6618
6607
6355
5589
4404
2864
1531
458
-552
-1343
-2016
-2789
-3835
-5188
-6241
-6726
-6643
-6298
-6086
-6127
-6332
-6299
-5843
-4966
-3807
-2895
-2908
-2835
-2219
-1824
-1757
-1582
-1453
-1009
-727
-1511
-2742
-3121
-2989
-3209
-3413
-3841
-4989
-5778
-6283
-6652
-6349
-6097
-6726
-7250
-7342
-7241
-6934
-6493
-5953
-5324
-4558
-4094
-3702
-2888
-1986
-1081
-63
564
893
1375
1928
2848
3681
4121
4399
4856
5407
6110
6851
7478
7828
8306
9058
9581
10615
11528
11909
12360
13461
13555
11905
9105
7668
7854
8525
7456
4705
1956
309
-1312
-2627
-3094
-3147
-4186
-6343
-8129
-8418
-8031
-7720
-7573
-7047
-6111
-5847
-5991
-5542
-3837
-1786
-231
840
1685
2376
2872
3771
5270
6950
7713
7410
6850
6567
6527
6574
6408
6122
5321
3952
2410
1129
151
-628
-1401
-2234
-3185
-4363
-5611
-6571
-6831
-6562
-6281
-6375
-6604
-6755
-6577
-6038
-5122
-4054
-3059
-3065
-3310
-3195
-2737
-1881
-1161
-1116
-1363
-1790
-2461
-2894
-2781
-2547
-2871
-3527
-4362
-5274
-5745
-5949
-6201
-6098
-6208
-6795
-7289
-7643
-7522
-6966
-6351
-5889
-5505
-5219
-4976
-4400
-3358
-2208
-1183
-410
-143
-51
356
1138
2397
3549
4031
3980
3716
4160
5190
6328
7232
7710
7837
7887
8543
9530
10389
11110
11932
12549
13145
12621
10218
7997
7376
7709
7653
6342
3917
1405
-589
-1983
-2944
-3022
-3382
-4979
-6919
-8155
-8358
-7985
-7704
-7263
-6528
-6094
-6073
-5922
-4997
-3249
-1431
14
1012
1689
2119
2710
3847
5471
6806
7125
6859
6302
6069
6049
5990
6031
5632
4681
3353
1827
725
-37
-864
-1585
-2343
-3302
-4537
-5730
-6413
-6463
-6251
-6019
-6130
-6320
-6413
-6272
-5665
-4595
-3501
-3118
-3935
-4340
-3305
-2102
-1370
-1450
-2300
-2724
-2416
-2189
-2342
-2284
-2515
-3649
-4185
-4158
-4664
-5101
-5318
-5882
-5841
-5659
-6281
-6863
-6770
-6237
-5801
-5371
-5173
-5139
-4627
-3780
-2853
-1659
-923
-704
-504
21
928
2054
2958
3481
3748
3881
4405
5063
5939
6999
7818
8265
8546
8974
9678
10612
11505
12268
12857
13779
13883
12194
9573
7894
7996
8958
8286
5544
2383
243
-918
-1740
-2340
-2798
-4106
-6116
-7729
-8285
-7812
-7504
-7460
-7013
-6374
-5963
-5878
-5557
-4113
-2118
-379
694
1337
1904
2577
3626
5181
6758
7473
7393
6833
6593
6703
6748
6748
6432
5679
4484
2993
1609
738
-28
-699
-1614
-2663
-3857
-5165
-6047
-6339
-6162
-5935
-6020
-6357
-6533
-6336
-5739
-4799
-3743
-3471
-3556
-3580
-3344
-2425
-1435
-1262
-1382
-1609
-1965
-2171
-1947
-1831
-2140
-2470
-3087
-3854
-4151
-4469
-4958
-5060
-5164
-5527
-5923
-6343
-6578
-6295
-5868
-5418
-5099
-4822
-4544
-4034
-3253
-2239
-1237
-448
-56
264
701
1281
2423
3433
3895
4120
4299
4720
5541
6464
7267
7927
8575
9047
9385
9865
10691
11439
12284
12810
13670
13748
12034
9337
7603
7917
9021
8155
5486
2379
139
-1163
-1948
-2226
-2652
-4032
-6125
-7727
-8101
-7608
-7377
-7317
-6813
-6096
-5759
-5723
-5389
-3908
-1905
-128
1044
1656
2072
2550
3598
5258
6948
7646
7391
6754
6499
6483
6559
6577
6247
5429
4204
2680
1336
471
-330
-997
-1826
-2851
-4018
-5324
-6243
-6397
-6131
-5817
-5951
-6250
-6395
-6239
-5643
-4650
-3515
-3103
-3074
-2950
-2866
-2607
-1796
-1132
-835
-854
-1504
-2355
-2367
-2015
-2067
-2340
-2807
-3796
-4610
-4864
-5105
-5159
-5104
-5505
-6051
-6306
-6459
-6413
-6045
-5506
-5000
-4596
-4323
-4065
-3443
-2469
-1413
-499
201
400
533
936
1958
3184
3947
4035
3926
4248
5142
6095
6656
7179
7557
8210
8713
9363
10106
10637
11145
11710
12580
13679
12797
9887
7599
7623
8850
8700
6235
3238
1125
64
-1057
-2124
-2470
-3199
-5058
-6801
-7553
-7268
-7112
-7554
-7350
-6440
-5711
-5770
-5958
-5018
-3079
-1199
-3
804
1478
1956
2612
3910
5633
6764
6844
6407
6165
6279
6298
6099
5917
5485
4575
3306
1958
877
50
-755
-1415
-2108
-3083
-4399
-5594
-6140
-6021
-5708
-5758
-6124
-6289
-6220
-5903
-5230
-4205
-3256
-2610
-2311
-1951
-1365
-592
-679
-2043
-2334
-1386
-734
-634
-1651
-3411
-4125
-3734
-3680
-3925
-4023
-5062
-6554
-6634
-6173
-6242
-6044
-6367
-6934
-6429
-5928
-5991
-5641
-4828
-3874
-3138
-2397
-1945
-1604
-752
97
1004
1871
2196
2398
2915
3371
3837
4370
4866
5429
5754
6188
6650
7240
7999
8659
9140
9368
9938
11089
12112
12715
12873
11274
9114
7829
8071
9000
8505
5623
2219
556
409
-43
-1456
-2852
-4094
-5170
-6171
-6997
-7060
-7015
-7262
-6975
-6201
-5506
-5407
-5619
-4766
-2648
-629
385
648
1015
1793
3006
4504
5787
6429
6390
5932
5839
6254
6400
6228
5682
5014
4296
3162
1922
944
139
-534
-1259
-2108
-3153
-4364
-5299
-5729
-5613
-5365
-5469
-5938
-6145
-6051
-5485
-4676
-3921
-3189
-2594
-2711
-2814
-2094
-1167
-1097
-1247
-1027
-924
-1016
-1351
-2345
-2751
-2191
-2431
-3343
-3657
-4176
-5199
-5466
-5382
-5485
-5471
-5745
-6403
-6528
-5861
-5608
-5527
-4877
-4329
-3936
-3450
-3003
-2355
-1422
-558
208
777
1094
1158
1500
2415
3492
4163
4363
4234
4363
4900
5602
6519
7443
8038
8221
8302
8777
9586
10364
11350
12102
12835
12477
10490
8274
7471
8088
8425
7125
4664
2235
454
-710
-1489
-1883
-2471
-3911
-5604
-6761
-7128
-7034
-7087
-6806
-6130
-5616
-5533
-5726
-5258
-3762
-1985
-512
570
1180
1521
1969
3001
4633
6031
6614
6425
5984
5795
5731
5788
5952
5726
4982
3821
2499
1348
458
-226
-693
-1340
-2189
-3347
-4659
-5492
-5682
-5399
-5110
-5226
-5585
-5850
-5775
-5288
-4323
-3308
-2406
-2337
-2762
-2778
-2522
-1787
-785
-308
-574
-1291
-2074
-2420
-2222
-1695
-1777
-2456
-3219
-4056
-4655
-4690
-4831
-4784
-4822
-5356
-5821
-6153
-6191
-5836
-5350
-4761
-4311
-4122
-4056
-3742
-2846
-1757
-719
81
381
433
698
1196
2248
3337
3934
4083
3912
4057
4616
5372
6303
7181
7834
8100
8073
8312
8781
9513
10687
12102
13201
12882
10595
7675
6433
7571
8878
8244
5585
2247
-132
-1125
-1411
-1631
-2133
-3429
-5324
-6808
-7381
-7351
-7213
-6781
-6009
-5411
-5441
-5895
-5816
-4541
-2325
-353
811
1061
1038
1294
2330
4155
5814
6559
6337
5685
5282
5267
5468
5630
5553
5054
4000
2555
1199
171
-430
-772
-1179
-1910
-3186
-4756
-5808
-6047
-5615
-5116
-5066
-5520
-6086
-6205
-5737
-4748
-3513
-2654
-2096
-2454
-3040
-2695
-2023
-1193
-236
-186
-912
-1813
-2505
-2617
-2167
-1491
-1970
-3084
-3917
-4776
-5193
-4823
-4851
-4955
-5174
-5762
-6178
-6365
-6042
-5569
-5059
-4335
-3957
-3964
-3838
-3393
-2326
-1066
-30
565
536
563
882
1596
2747
3806
4089
4232
4082
4320
4952
5694
6623
7311
7706
7925
8110
8588
9298
10072
10947
11762
12265
11086
8476
6485
6646
7929
7939
5406
2424
545
-341
-1269
-2243
-2708
-3150
-4518
-6319
-7279
-7092
-6862
-6972
-6606
-5732
-5194
-5356
-5705
-4843
-2763
-865
185
731
1207
1719
2281
3473
5082
6158
6234
5714
5369
5485
5464
5326
5145
4827
4135
2813
1479
460
-250
-803
-1316
-1927
-2850
-4051
-5194
-5735
-5551
-5097
-4967
-5257
-5516
-5557
-5252
-4545
-3584
-2647
-1959
-2151
-2618
-2587
-2017
-919
-96
-164
-744
-1706
-2291
-2178
-1790
-1454
-1851
-2807
-3743
-4381
-4429
-4471
-4596
-4628
-4971
-5419
-5673
-5902
-5742
-5197
-4768
-4269
-4045
-3943
-3867
-3308
-2300
-1142
-130
374
407
391
769
1576
2748
3693
4120
4081
3882
3985
4547
5504
6625
7236
7402
7488
7629
8079
8888
9794
10731
11422
11974
11408
9361
7116
6420
7434
8223
6835
3789
967
-382
-991
-1587
-2153
-2711
-4037
-5796
-7024
-7133
-6761
-6730
-6650
-6073
-5429
-5258
-5534
-5167
-3569
-1523
-67
666
1043
1373
1887
2904
4489
5889
6294
5890
5265
5141
5236
5288
5218
4902
4219
3128
1814
737
-13
-575
-1125
-1744
-2495
-3588
-4784
-5589
-5617
-5162
-4826
-4981
-5329
-5454
-5280
-4691
-3759
-2749
-1929
-1555
-1401
-2007
-2254
-1388
-421
347
492
-597
-1906
-2326
-1995
-1697
-1361
-1672
-3119
-4236
-4515
-4822
-4722
-4467
-4859
-5262
-5484
-5750
-5996
-5768
-5130
-4525
-4012
-3601
-3647
-3624
-2998
-1972
-703
201
651
637
505
931
1754
2628
3529
3849
3689
3587
3676
4149
5000
5889
6408
6762
7093
7254
7160
7668
8905
10322
11291
11412
10772
9553
7788
6781
7312
8363
7838
4959
1761
296
-55
-342
-1215
-2130
-2964
-4360
-6001
-6898
-6661
-6004
-5870
-5913
-5511
-5251
-5355
-5367
-4268
-2158
-397
275
355
653
1278
2276
3593
4977
5760
5608
4947
4614
4868
5253
5216
5028
4560
3616
2386
1120
405
85
-298
-945
-1869
-2946
-3957
-4875
-5106
-4739
-4335
-4387
-4950
-5292
-5266
-4735
-3920
-3037
-2237
-1697
-2022
-2736
-2699
-1792
-493
105
-247
-1232
-2121
-2190
-1852
-1446
-1285
-1913
-3089
-3852
-4099
-4208
-4145
-4205
-4436
-4726
-4981
-5350
-5761
-5433
-4808
-4217
-3710
-3654
-3843
-3783
-3120
-1955
-860
-91
229
272
381
752
1471
2342
3142
3518
3482
3355
3391
3928
4747
5437
6028
6491
6714
6888
7165
7625
8505
9802
10473
10484
10559
10266
9013
7619
6938
7222
7816
6584
3463
802
-221
-218
-416
-1144
-2548
-4173
-5672
-6469
-6345
-5688
-5567
-6004
-6091
-5771
-5217
-4880
-4490
-3184
-1579
-467
105
381
809
1664
2823
4221
5272
5461
4988
4492
4537
5031
5312
5189
4635
3723
2726
1690
1061
542
-12
-694
-1592
-2405
-3301
-4135
-4684
-4739
-4575
-4456
-4656
-4923
-5055
-4870
-4163
-3319
-2540
-1959
-1778
-2448
-2897
-2015
-729
-138
-202
-1013
-1942
-1953
-1502
-1415
-1381
-1517
-2567
-3508
-3592
-3698
-4054
-4176
-4468
-4748
-4807
-5056
-5543
-5591
-5018
-4499
-4098
-3814
-3826
-3888
-3452
-2582
-1502
-705
-255
-46
163
550
1083
1632
2280
2864
3134
3200
3250
3329
3672
4395
5165
5760
6094
6115
6060
6590
7660
8610
8990
9106
9372
10090
10395
9216
7474
6547
6840
7446
6970
4933
2176
133
-516
-364
-349
-1349
-3285
-5204
-5973
-5820
-5310
-5280
-5649
-5746
-5572
-5200
-4735
-4280
-3550
-2413
-1227
-159
382
597
963
1849
3229
4520
5032
4781
4260
4038
4423
4858
5130
4698
3831
2875
1915
1248
767
233
-424
-1146
-1900
-2705
-3608
-4198
-4509
-4442
-4227
-4306
-4552
-4726
-4762
-4334
-3516
-2574
-2084
-2606
-2983
-2704
-2177
-1366
-912
-1222
-1546
-1636
-1805
-1804
-1604
-1717
-2219
-2485
-2760
-3338
-3584
-3948
-4317
-4083
-4059
-4435
-4803
-5114
-5085
-4730
-4258
-3891
-3795
-3656
-3543
-3207
-2423
-1624
-1008
-464
-10
306
504
630
1183
1934
2646
3056
3059
3191
3416
3733
4184
4721
5466
6139
6441
6401
6608
7232
7989
8354
8867
9470
10243
10508
9038
6822
5702
6301
7469
7453
5760
2798
124
-954
-875
-262
-300
-2027
-4229
-5631
-6005
-5700
-5419
-5004
-4833
-4886
-4920
-4975
-4760
-3933
-2656
-1111
193
602
520
334
983
2632
4322
5263
5223
4466
3809
3720
4155
4840
4933
4330
3199
2006
1182
549
147
-159
-644
-1243
-2168
-3269
-4074
-4518
-4382
-3869
-3585
-3658
-4209
-4684
-4484
-3701
-2664
-2481
-2707
-2771
-2984
-2628
-2102
-1827
-1490
-1429
-1701
-1941
-1898
-1969
-2268
-2316
-2197
-2426
-2698
-3293
-3967
-4029
-3952
-3910
-3923
-4261
-4654
-4833
-4714
-4263
-3903
-3623
-3415
-3201
-2789
-2295
-1681
-1046
-327
133
395
504
734
1267
1997
2652
2974
3239
3379
3541
4051
4667
5265
5827
6209
6469
6747
7192
7654
8148
8569
8869
9177
9515
9750
8696
6986
5810
5703
6294
6115
4853
2789
512
-824
-1256
-1115
-1066
-2070
-3703
-5021
-5458
-5301
-5095
-4858
-4404
-4289
-4187
-4110
-3888
-3083
-2016
-859
289
907
1109
1103
1501
2583
3775
4532
4744
4360
3841
3645
3688
4110
4087
3644
2792
1765
963
247
-293
-620
-1006
-1534
-2210
-3050
-3674
-4081
-4055
-3735
-3510
-3423
-3574
-3872
-3755
-3512
-3450
-3174
-2904
-2589
-2235
-2336
-2565
-2660
-2400
-1875
-1663
-1475
-1829
-2497
-2716
-2728
-2566
-2405
-2689
-3174
-3622
-3915
-3942
-4086
-4092
-4027
-4141
-4122
-4118
-4149
-4017
-3789
-3179
-2612
-2162
-1771
-1563
-1161
-550
-183
107
455
753
1395
1722
1995
2376
2643
2944
3303
3832
4402
4899
5221
5405
5821
6502
6821
7016
7271
7604
8086
8630
8993
9137
8165
6397
4920
4874
5826
5992
4503
2343
671
-265
-939
-1343
-1683
-2243
-3164
-4116
-4756
-4988
-5011
-5131
-4760
-4050
-3627
-3659
-3917
-3595
-2536
-1311
-240
406
592
613
805
1625
2772
3615
3773
3483
3191
3058
3035
3109
3123
2925
2510
1693
837
140
-404
-778
-1124
-1392
-1820
-2544
-3403
-3928
-3968
-3617
-3298
-3294
-3463
-4088
-4915
-5274
-4589
-3248
-2451
-2621
-3373
-3956
-3737
-3004
-2202
-1553
-1470
-2009
-2674
-2898
-2614
-2413
-2345
-2362
-2704
-2998
-3356
-3946
-4145
-3810
-3456
-3352
-3492
-3808
-4206
-4175
-3590
-2801
-2073
-1757
-1769
-1713
-1343
-842
-188
337
682
1020
1266
1529
1811
2208
2711
3358
4087
4505
4690
4846
4901
5483
6404
6879
7142
7262
7110
7198
7558
8021
8478
8698
7873
6321
5237
4946
4991
4952
4093
2732
1508
449
-382
-589
-691
-1421
-2541
-3314
-3326
-3163
-3430
-3902
-3860
-3383
-2884
-2668
-2597
-2313
-1818
-1311
-539
443
934
899
875
1339
2141
2817
3004
2790
2633
2634
2604
2584
2594
2397
1865
1311
905
593
131
-465
-909
-1096
-1294
-1722
-2288
-2689
-2958
-2984
-2839
-3290
-3935
-4119
-3959
-3642
-3230
-3191
-3605
-3721
-3374
-3068
-2562
-2168
-2352
-2517
-2310
-2212
-2058
-1970
-2055
-2191
-2278
-2276
-2444
-2758
-2815
-2864
-2962
-2950
-3045
-3233
-3413
-3342
-3085
-2773
-2418
-2320
-2299
-1907
-1444
-902
-418
-221
-174
49
597
1189
1626
1958
2149
2347
2806
3388
3905
4339
4847
5151
5341
5711
6173
6525
6920
7057
6979
7022
7397
7706
7677
7994
7853
6463
5139
4682
4643
4793
4354
3045
1687
860
235
-256
-330
-461
-1296
-2149
-2673
-2803
-2586
-2754
-2828
-2568
-2192
-1802
-1880
-2019
-1443
-727
-62
585
938
963
814
1082
1800
2544
2839
2522
2111
1984
2058
2121
2159
1882
1597
1109
515
188
-129
-452
-784
-1199
-1490
-1656
-1990
-2410
-2838
-3107
-3197
-3118
-2986
-3138
-3470
-3722
-3757
-3362
-2990
-2822
-2862
-2911
-2872
-2610
-2320
-2124
-2066
-2036
-1983
-2067
-2152
-2184
-2360
-2441
-2408
-2471
-2572
-2763
-3000
-3152
-3156
-2951
-2834
-2757
-2728
-2720
-2508
-2130
-1641
-1112
-780
-656
-604
-538
-353
260
921
1424
1713
1814
1988
2266
2885
3506
4117
4457
4735
5023
5134
5374
5662
6203
6535
6440
5991
5632
5764
5921
5831
5618
5004
4001
3475
3295
3288
3155
2340
1247
792
711
545
40
-369
-754
-977
-986
-1023
-1122
-1242
-1443
-1289
-849
-529
-320
-579
-569
-150
310
669
871
841
715
739
1011
1263
1285
1253
884
795
820
719
598
413
142
-123
-264
-367
-546
-941
-1189
-1448
-1538
-1470
-1541
-1811
-2084
-2169
-2178
-2213
-2154
-2174
-2420
-2295
-2446
-2608
-2439
-2300
-2390
-2382
-2353
-2541
-2583
-2457
-2518
-2617
-2433
-2498
-2673
-2702
-2755
-2951
-2907
-2765
-2718
-2799
-2862
-2996
-2999
-2755
-2610
-2421
-2231
-2142
-2069
-1841
-1482
-1099
-757
-412
-315
-341
-328
-109
288
788
1163
1260
1219
1220
1507
1916
2495
2898
3117
3317
3504
3670
3869
4182
4532
4729
4732
4895
5129
5091
5094
5105
5164
5314
5077
4397
3855
3738
3590
3361
3207
2854
2181
1469
819
521
635
586
336
46
-513
-837
-1162
-1143
-613
-314
-506
-801
-950
-695
-432
-157
201
511
614
396
319
547
750
909
987
934
826
594
477
409
242
174
37
-156
-367
-742
-1205
-1474
-1430
-1312
-1323
-1664
-2114
-2403
-2464
-2325
-2155
-2155
-2327
-2499
-2716
-2770
-2584
-2508
-2346
-2205
-2347
-2472
-2300
-2265
-2324
-2240
-2027
-1965
-2007
-2161
-2412
-2421
-2310
-2242
-2224
-2354
-2521
-2642
-2714
-2554
-2346
-2308
-2327
-2333
-2167
-1813
-1442
-1191
-906
-650
-653
-682
-508
-249
148
659
1032
1123
1132
1143
1384
1902
2508
2967
3060
3030
3057
3220
3596
4128
4305
4325
4468
4624
4767
4915
4962
4942
5123
5588
5686
5191
4455
3736
3660
4192
4466
3936
2819
1638
941
885
1276
1416
896
-74
-911
-1177
-956
-744
-585
-643
-817
-904
-955
-929
-796
-588
-86
390
509
289
-50
-81
230
788
1290
1435
1037
389
-28
187
713
1045
783
169
-393
-709
-728
-607
-655
-915
-1233
-1550
-1722
-1914
-2186
-2380
-2333
-2151
-2096
-2254
-2524
-2754
-2732
-2454
-2125
-1872
-1975
-2361
-2508
-2322
-1914
-1600
-1703
-1996
-2099
-1995
-2002
-2025
-2044
-2127
-2183
-2242
-2346
-2461
-2473
-2606
-2635
-2364
-2120
-2128
-2188
-2088
-1901
-1476
-925
-608
-578
-591
-605
-409
103
684
951
1011
1043
1151
1394
1824
2205
2476
2744
2931
2966
2873
2952
3348
3753
4176
4464
4353
3850
3699
4059
4589
5029
5220
4823
3966
3360
3295
3819
4257
4010
3008
1915
1421
1416
1461
1257
895
469
-99
-486
-697
-817
-1023
-1155
-1027
-699
-559
-953
-1438
-1392
-894
-192
175
160
-40
-315
-291
82
699
1037
1003
726
395
366
484
561
558
575
414
136
-178
-501
-801
-977
-1017
-982
-1124
-1537
-2160
-2567
-2484
-2169
-1957
-2065
-2395
-2712
-2845
-2625
-2290
-2204
-2015
-1973
-2084
-2003
-2055
-2012
-1830
-1685
-1559
-1515
-1612
-1798
-1982
-1984
-1912
-1801
-1698
-1860
-2071
-2262
-2380
-2233
-2102
-1982
-1860
-1876
-1847
-1779
-1559
-1137
-703
-436
-427
-328
-174
-60
281
721
1012
1269
1379
1468
1724
2131
2523
2727
2984
3097
3133
3253
3383
3542
3779
3872
3954
3942
3872
3991
4055
4004
4044
4015
3739
3379
3170
3135
3208
3046
2440
1925
1809
1735
1539
1193
836
603
361
66
-198
-230
-288
-486
-626
-531
-325
-391
-450
-406
-285
-160
-33
107
232
279
252
287
335
458
449
380
325
280
273
294
273
142
-148
-357
-339
-315
-400
-670
-1033
-1240
-1189
-1144
-1143
-1290
-1563
-1833
-1889
-1754
-1651
-1685
-1808
-1798
-1678
-1607
-1598
-1542
-1503
-1429
-1456
-1475
-1514
-1459
-1472
-1507
-1413
-1462
-1496
-1525
-1541
-1660
-1637
-1571
-1668
-1704
-1670
-1674
-1682
-1574
-1564
-1494
-1225
-1024
-794
-636
-529
-466
-409
-110
140
384
549
690
891
1118
1344
1583
1838
2102
2383
2515
2674
2834
2943
2962
3102
3327
3429
3443
3382
3364
3492
3642
3724
3757
3826
3918
3729
3226
2860
3010
3266
3183
2845
2407
1847
1527
1254
1275
1508
1407
836
190
-167
-195
-7
-55
-202
-263
-279
-395
-593
-592
-427
-306
-250
-98
30
-47
-310
-311
-60
159
241
229
79
-110
-143
-49
129
181
-25
-394
-637
-791
-905
-1107
-1230
-1354
-1526
-1659
-1894
-2112
-2293
-2415
-2410
-2292
-2211
-2336
-2584
-2751
-2571
-2345
-2145
-2092
-2231
-2312
-2295
-2164
-2071
-2038
-2117
-2128
-2011
-1934
-2029
-2113
-2211
-2231
-2148
-2017
-1896
-2078
-2287
-2343
-2329
-2147
-1858
-1767
-1750
-1704
-1566
-1402
-1094
-800
-764
-639
-362
-204
3
212
287
534
863
1172
1381
1537
1670
1835
1981
2180
2364
2434
2415
2369
2407
2490
2650
2637
2619
2711
2733
2769
2894
2957
2953
2918
2621
2346
2289
2300
2250
2129
1776
1459
1296
1136
997
996
845
653
576
409
250
119
-67
-173
-38
91
84
-126
-403
-517
-360
-132
65
148
19
-247
-349
-285
-172
-128
-164
-188
-250
-344
-445
-482
-547
-600
-659
-750
-797
-936
-1178
-1355
-1433
-1373
-1340
-1389
-1643
-1868
-2016
-2056
-1982
-1883
-1861
-1873
-1933
-2045
-1969
-1941
-1979
-1943
-1902
-1863
-1737
-1715
-1881
-1980
-1877
-1764
-1639
-1544
-1579
-1764
-1870
-1818
-1664
-1479
-1375
-1432
-1538
-1518
-1484
-1325
-1237
-1074
-975
-904
-773
-737
-689
-633
-534
-426
-181
98
324
376
329
462
785
1219
1532
1621
1528
1497
1407
1551
1924
2251
2425
2316
2074
1806
1744
2042
2414
2558
2527
2390
2323
2244
2203
2101
1881
1744
1732
1881
1840
1495
1024
724
762
828
880
832
575
178
-46
-143
-93
112
85
-165
-403
-527
-517
-454
-356
-280
-249
-298
-420
-506
-476
-461
-449
-408
-346
-330
-574
-856
-1025
-947
-714
-723
-987
-1355
-1521
-1476
-1553
-1600
-1680
-1781
-1890
-1997
-1972
-1979
-2118
-2276
-2340
-2239
-2081
-1950
-2178
-2527
-2608
-2524
-2363
-2209
-2261
-2455
-2529
-2599
-2528
-2364
-2285
-2341
-2457
-2445
-2304
-2213
-2267
-2377
-2424
-2346
-2192
-2072
-2008
-2106
-2188
-2160
-1921
-1523
-1309
-1269
-1367
-1442
-1314
-1144
-984
-832
-647
-513
-454
-372
-284
-234
-140
46
311
479
557
546
499
493
622
835
1036
1070
900
694
567
590
824
1086
1035
900
684
587
706
961
1092
1018
843
545
484
557
581
434
156
-63
-152
-121
-240
-539
-870
-998
-929
-769
-689
-920
-1294
-1486
-1419
-1157
-1010
-1027
-1186
-1416
-1455
-1387
-1265
-1217
-1281
-1389
-1410
-1302
-1235
-1256
-1435
-1606
-1532
-1434
-1331
-1272
-1532
-1854
-1968
-1946
-1875
-1797
-1937
-2059
-2173
-2344
-2377
-2404
-2415
-2487
-2527
-2437
-2451
-2448
-2476
-2578
-2444
-2248
-2124
-2060
-2094
-2146
-2164
-2070
-1941
-1802
-1681
-1763
-1821
-1870
-1800
-1666
-1697
-1647
-1536
-1489
-1375
-1299
-1340
-1409
-1338
-1200
-1076
-982
-872
-856
-840
-788
-606
-334
-139
22
80
164
288
458
604
756
896
832
793
870
897
944
968
1005
1049
1083
996
868
815
861
941
966
998
925
916
850
835
870
878
870
801
779
691
611
616
499
335
247
203
190
165
46
-98
-357
-567
-651
-756
-668
-691
-936
-1194
-1317
-1321
-1303
-1309
-1389
-1455
-1555
-1580
-1518
-1512
-1514
-1600
-1704
-1603
-1577
-1604
-1794
-1878
-1836
-1812
-1719
-1802
-1952
-2045
-2175
-2154
-2114
-2016
-2001
-2071
-2145
-2248
-2252
-2301
-2234
-2139
-2059
-2009
-1969
-1983
-1967
-1924
-1888
-1684
-1534
-1383
-1338
-1329
-1322
-1311
-1176
-1048
-930
-804
-719
-614
-523
-495
-455
-415
-347
-251
-93
5
87
121
136
257
370
515
695
817
907
925
942
1016
1090
1130
1217
1289
1391
1469
1487
1464
1520
1606
1587
1696
1797
1875
1896
1796
1794
1730
1770
1781
1782
1795
1711
1600
1423
1299
1214
1109
1095
1092
999
847
741
548
392
377
432
477
477
371
236
126
44
94
108
123
130
-40
-250
-356
-344
-256
-256
-313
-361
-437
-596
-712
-731
-687
-651
-746
-827
-904
-1038
-1100
-1186
-1134
-1123
-1137
-1161
-1211
-1261
-1383
-1435
-1390
-1338
-1293
-1315
-1345
-1344
-1355
-1298
-1268
-1249
-1192
-1184
-1212
-1253
-1282
-1206
-1244
-1250
-1202
-1158
-1162
-1230
-1267
-1287
-1303
-1279
-1228
-1236
-1223
-1280
-1278
-1302
-1272
-1199
-1148
-1044
-1020
-1002
-963
-935
-915
-805
-690
-619
-588
-565
-561
-621
-641
-618
-571
-486
-422
-406
-477
-515
-568
-634
-592
-435
-342
-313
-385
-476
-562
-601
-498
-468
-431
-489
-514
-571
-584
-593
-626
-596
-604
-578
-547
-487
-566
-637
-658
-613
-589
-578
-581
-608
-645
-695
-677
-711
-630
-687
-677
-686
-694
-729
-817
-822
-821
-834
-812
-883
-951
-1002
-1007
-951
-880
-821
-864
-872
-889
-853
-808
-757
-752
-742
-731
-727
-715
-693
-662
-637
-638
-593
-535
-498
-492
-517
-425
-390
-378
-324
-225
-223
-167
-71
-15
4
47
94
115
130
198
270
258
279
301
347
384
505
505
544
629
636
618
640
700
759
867
928
944
1028
976
956
997
1042
1130
1145
1121
1109
1020
1017
1014
1109
1190
1212
1163
1105
1076
1038
1082
1107
1129
1147
1106
1063
1034
1006
1011
1017
979
934
920
844
823
809
799
777
826
818
794
769
725
748
714
691
727
774
735
718
696
675
696
673
641
569
498
455
449
445
499
492
422
291
285
246
215
264
301
338
302
293
250
253
247
299
299
293
322
330
341
329
310
312
325
368
347
335
402
408
419
398
438
375
348
383
375
406
368
412
390
330
385
414
441
455
457
424
434
479
489
490
511
530
544
524
515
611
619
616
644
686
690
723
684
673
692
635
725
706
756
732
691
744
750
836
854
860
778
758
805
799
785
805
841
821
818
852
849
897
855
840
838
906
973
925
908
869
939
977
997
990
958
943
910
922
941
954
964
971
961
939
916
937
898
884
859
844
873
858
854
818
801
810
850
832
804
747
695
699
711
695
701
736
717
685
674
688
675
685
690
666
652
709
695
739
731
758
760
765
819
750
785
791
805
833
866
870
827
810
843
883
907
916
916
937
988
1019
1041
1074
1065
1148
1129
1107
1137
1157
1139
1152
1241
1196
1266
1177
1157
1127
1175
1239
1215
1240
1226
1223
1219
1231
1244
1303
1260
1295
1266
1278
1285
1299
1327
1276
1289
1224
1271
1268
1282
1319
1284
1215
1212
1225
1191
1203
1198
1184
1196
1189
1169
1145
1117
1119
1098
1151
1143
1118
1124
1058
1057
1074
1125
1146
1110
1109
1120
1060
1084
1073
1101
1069
1088
1094
1035
1035
1017
997
998
1028
1040
973
915
921
820
861
885
871
879
827
912
885
835
843
844
817
798
869
878
855
817
798
807
795
830
850
834
807
772
797
757
766
719
714
743
751
779
740
758
763
744
747
731
734
731
740
712
738
778
761
757
776
783
821
856
839
866
888
818
807
880
822
809
836
828
857
853
835
825
827
809
812
815
789
757
802
806
822
828
812
827
863
864
856
836
828
845
824
831
809
791
773
747
742
714
711
738
746
720
726
703
688
690
670
695
641
675
675
618
648
653
661
672
617
625
602
622
634
569
596
603
547
560
524
526
503
470
527
509
449
415
395
401
418
382
379
356
374
336
358
288
244
248
260
271
278
336
321
301
274
261
243
225
232
238
176
203
212
167
186
203
200
186
230
251
233
227
224
211
209
229
290
301
298
316
306
302
293
297
302
319
359
354
358
358
357
333
333
353
380
394
351
313
320
325
287
322
351
340
321
320
333
308
303
306
391
382
339
318
299
312
305
278
323
365
312
283
261
277
243
261
294
249
225
205
234
184
197
233
242
244
226
218
219
200
175
213
165
161
175
186
197
193
166
190
196
163
187
151
175
145
150
148
131
161
125
80
79
46
23
7
1
24
-18
-21
22
23
-6
2
9
-21
-10
23
-11
10
-20
-9
7
7
5
8
2
-30
0
0
-35
-33
16
-35
-90
-97
-82
-62
-59
-20
-15
-48
-64
-23
-32
13
27
38
22
27
26
22
67
44
68
90
118
118
80
123
122
172
205
190
218
217
201
176
141
129
133
117
144
137
109
122
82
106
73
90
115
74
96
93
130
128
147
154
161
185
185
155
180
163
158
180
163
121
118
124
112
111
113
122
92
96
109
114
117
76
49
14
6
41
20
3
4
-6
47
4
41
19
39
80
49
52
20
17
20
25
28
14
-21
-9
-36
-3
-42
-52
-44
-44
-78
-83
-33
-68
-32
-3
-23
-36
-29
-38
-1
-10
-18
13
-7
-20
8
-24
-19
-8
-6
26
-26
11
2
-75
-68
-67
-39
-19
-21
-10
12
29
36
65
62
96
143
150
161
161
182
161
203
205
163
168
137
172
176
170
117
89
103
78
76
91
73
90
112
90
85
65
53
48
11
70
55
13
17
0
24
-2
-41
-8
-12
8
-20
-59
-43
-36
-61
-58
0
-29
-60
-125
-101
-106
-137
-97
-65
-94
-151
-152
-158
-169
-167
-166
-200
-175
-186
-234
-189
-214
-219
-234
-213
-207
-235
-205
-208
-275
-225
-201
-204
-190
-214
-235
-251
-226
-239
-254
-225
-216
-240
-262
-279
-310
-310
-323
-281
-267
-246
-211
-194
-204
-222
-176
-218
-179
-156
-147
-164
-184
-162
-175
-166
-111
-53
-45
-103
-64
-68
-21
-49
-51
-32
-43
-12
-1
-4
-22
9
-17
27
18
48
38
67
52
84
145
125
102
106
126
92
132
112
146
179
208
204
151
178
149
151
148
145
173
166
152
159
170
147
107
113
113
90
121
126
120
101
80
108
106
127
128
93
127
145
84
67
92
98
96
60
107
106
92
95
86
102
61
83
85
71
75
67
62
75
49
54
59
78
91
53
52
99
139
72
91
104
81
34
15
67
33
45
48
24
35
-2
30
-17
-22
3
-23
-16
4
33
-16
19
56
21
38
83
74
51
96
105
68
121
108
105
118
79
105
129
91
89
118
118
47
46
91
84
114
92
97
93
96
120
129
147
145
130
159
179
187
207
176
199
209
201
207
260
220
222
268
232
238
263
298
277
237
239
206
190
189
148
133
146
123
180
165
139
116
117
138
125
111
103
138
138
120
81
121
164
171
142
139
119
117
148
139
176
146
152
153
109
125
136
127
77
86
97
76
73
60
111
52
82
39
21
42
10
21
18
45
22
9
22
-15
17
13
-34
-1
-22
-35
-61
-13
-25
-16
12
-16
-40
-57
-41
-50
-37
4
-31
-12
17
-26
29
31
5
0
3
6
35
24
2
65
74
13
24
13
2
-18
9
29
4
32
56
17
-29
25
1
-2
29
13
42
51
53
60
37
115
114
113
118
118
100
158
178
115
144
32
80
81
32
84
105
64
65
85
81
78
62
98
74
77
58
8
-22
20
36
3
29
-9
6
-12
-16
8
-11
-33
11
-48
-55
-35
-51
-12
-9
-14
26
16
-61
-46
-39
-39
-40
-12
-80
-91
-76
-75
-113
-119
-103
-117
-86
-118
-126
-158
-118
-157
-135
-112
-155
-182
-168
-172
-162
-169
-182
-179
-221
-193
-179
-168
-191
-192
-184
-213
-215
-166
-152
-148
-151
-139
-135
-135
-136
-138
-157
-135
-178
-157
-147
-149
-141
-116
-104
-103
-43
-83
-86
-91
-70
-95
-84
-107
-104
-137
-149
-103
-114
-119
-134
-140
-152
-145
-128
-123
-120
-82
-111
-151
-127
-112
-94
-99
-77
-94
-103
-103
-112
-151
-173
-150
-164
-154
-102
-114
-105
-97
-123
-120
-89
-111
-99
-99
-128
-73
-93
-95
-118
-104
-133
-109
-142
-131
-125
-159
-159
-151
-154
-149
-107
-121
-62
-82
-63
-32
-73
-94
-111
-106
-100
-104
-111
-131
-82
-119
-141
-109
-101
-153
-129
-133
-136
-111
-137
-149
-90
-113
-141
-148
-128
-130
-139
-139
-139
-146
-217
-150
-122
-154
-133
-136
-190
-175
-207
-175
-151
-158
-105
-118
-86
-99
-124
-114
-126
-130
-105
-126
-159
-145
-174
-111
-136
-143
-128
-156
-123
-129
-106
-115
-107
-127
-73
-63
-103
-106
-76
-88
-102
-63
-51
-56
-48
-27
-34
-50
-42
-87
-80
-62
-55
-47
-46
-10
-60
-68
-73
-61
-75
-120
-112
-113
-53
-80
-66
-66
-51
-107
-112
-140
-114
-92
-124
-95
-158
-115
-125
-111
-124
-144
-116
-113
-111
-118
-103
-86
-72
-76
-13
2
-84
-32
-62
-81
-86
-93
-60
-69
-71
-84
-71
-58
-34
-58
-40
-5
-7
-41
-39
-21
-45
-39
19
-6
-17
5
-25
4
-20
-83
-86
-87
-72
-50
-38
-30
-75
-46
-36
-47
-52
-30
-12
6
21
3
33
7
4
30
4
-39
-28
-25
10
-16
-15
25
-3
56
37
6
59
22
37
16
23
26
30
71
57
52
23
24
33
50
42
25
19
36
58
42
9
19
14
11
-13
-4
17
5
-1
25
-27
-21
33
-19
31
29
-5
19
23
-3
-47
-88
-33
-50
-88
-54
-53
-68
-101
-94
-83
-73
-80
-79
-83
-108
-66
-105
-115
-112
-137
-69
-109
-110
-110
-88
-83
-92
-23
-78
-111
-105
-30
-36
-94
-88
-61
-33
-83
-56
-71
-49
-16
-42
-56
-30
-5
-31
-46
-38
-31
-31
-19
-37
-40
-59
-44
-38
-55
-55
-51
-41
-52
-52
-49
-14
-18
0
-22
-11
1
8
-25
-20
0
-12
2
-22
-34
-37
-68
-55
-25
-55
-66
-91
-85
-16
-10
-17
-50
-54
-76
-20
-63
-96
-61
-66
-47
-80
-55
-52
-68
-57
-47
-49
-41
-33
-71
-70
-40
-50
-28
-54
-107
-32
-32
-48
-14
-68
-79
-80
-122
-121
-113
-105
-91
-78
-43
-83
-84
-59
-51
-74
-75
-80
-135
-129
-110
-107
-137
-93
-81
-76
-70
-124
-120
-107
-136
-89
-125
-145
-154
-141
-129
-112
-138
-155
-120
-130
-156
-145
-152
-161
-171
-162
-139
-143
-179
-178
-168
-154
-127
-134
-136
-172
-134
-154
-166
-168
-135
-148
-132
-93
-108
-74
-88
-104
-134
-114
-75
-140
-119
-93
-86
-102
-86
-60
-68
-42
-73
-67
-54
-25
-22
-5
-42
-36
-52
-78
-90
-65
-62
-69
-29
-51
-59
-46
-16
-34
-57
-47
-55
-87
-88
-53
-40
-44
-39
-53
-49
-87
-99
-83
-50
-64
-68
-37
-92
-100
-43
-62
-93
-104
-55
-60
-96
-87
-121
-87
-68
-102
-120
-120
-131
-142
-133
-158
-143
-136
-151
-148
-176
-167
-181
-155
-156
-189
-159
-194
-191
-223
-195
-170
-214
-153
-161
-153
-175
-208
-212
-205
-162
-177
-143
-201
-182
-208
-163
-155
-201
-153
-159
-175
-156
-134
-148
-147
-167
-175
-154
-122
-152
-118
-140
-122
-89
-132
-147
-157
-145
-160
-156
-118
-112
-155
-150
-119
-128
-116
-80
-130
-136
-102
-130
-144
-142
-134
-160
-169
-135
-150
-120
-146
-153
-139
-176
-134
-171
-199
-187
-156
-163
-162
-176
-189
-182
-144
-95
-110
-110
-146
-156
-171
-163
-148
-144
-190
-140
-143
-174
-172
-172
-113
-130
-105
-143
-148
-116
-127
-168
-166
-101
-83
-128
-99
-128
-130
-134
-162
-176
-147
-174
-151
-132
-156
-143
-157
-154
-213
-167
-165
-181
-184
-204
-210
-164
-193
-176
-159
-173
-169
-225
-214
-207
-198
-168
-168
-182
-197
-223
-239
-213
-243
-237
-229
-219
-176
-191
-174
-189
-187
-192
-227
-274
-236
-212
-206
-180
-189
-193
-235
-239
-206
-202
-203
-270
-224
-238
-192
-199
-210
-171
-138
-164
-206
-146
-200
-209
-217
-190
-208
-234
-261
-205
-189
-208
-218
-204
-204
-200
-223
-260
-230
-224
-219
-207
-217
-218
-223
-195
-222
-246
-214
-214
-238
-309
-233
-228
-235
-247
-221
-264
-245
-186
-263
-207
-230
-200
-199
-168
-145
-162
-163
-216
-207
-209
-212
-167
-192
-180
-123
-188
-154
-160
-163
-169
-185
-215
-183
-174
-162
-132
-138
-139
-170
-141
-194
-190
-173
-175
-170
-179
-168
-205
-203
-179
-193
-180
-202
-172
-187
-189
-178
-109
-115
-142
-112
-153
-124
-140
-115
-131
-140
-88
-87
-49
-70
-106
-70
-43
-48
-95
-110
-101
-108
-94
-84
-82
-115
-76
-117
-139
-152
-153
-168
-170
-134
-165
-162
-205
-162
-166
-152
-135
-148
-173
-156
-143
-181
-165
-131
-163
-157
-117
-140
-146
-189
-181
-174
-179
-226
-215
-197
-238
-199
-205
-212
-209
-246
-223
-249
-200
-240
-274
-249
-200
-161
-199
-210
-230
-173
-150
-164
-178
-174
-174
-168
-151
-145
-134
-179
-186
-218
-231
-192
-208
-199
-220
-211
-185
-193
-175
-184
-182
-216
-214
-219
-219
-169
-229
-238
-218
-205
-214
-197
-159
-193
-201
-194
-202
-210
-214
-203
-248
-249
-238
-248
-234
-219
-227
-215
-185
-202
-178
-198
-226
-181
-175
-148
-153
-155
-190
-193
-151
-160
-164
-128
-158
-188
-163
-161
-146
-161
-173
-176
-174
-157
-114
-147
-181
-154
-154
-143
-125
-168
-153
-124
-146
-164
-159
-158
-189
-208
-197
-180
-201
-167
-175
-179
-153
-171
-143
-159
-133
-187
-200
-179
-209
-188
-164
-164
-176
-137
-188
-187
-178
-190
-171
-178
-185
-174
-180
-189
-190
-172
-173
-155
-124
-179
-188
-188
-151
-157
-145
-155
-152
-179
-172
-178
-192
-200
-222
-215
-196
-199
-209
-220
-235
-231
-274
-218
-237
-241
-212
-234
-220
-212
-224
-212
-209
-216
-256
-239
-277
-243
-198
-216
-223
-185
-199
-198
-209
-237
-224
-250
-237
-236
-227
-179
-175
-144
-126
-130
-136
-134
-114
-111
-106
-106
-138
-148
-115
-123
-144
-168
-132
-136
-145
-134
-127
-115
-161
-148
-130
-122
-94
-130
-109
-146
-155
-137
-163
-177
-136
-120
-102
-72
-101
-135
-125
-104
-113
-156
-114
-103
-106
-57
-107
-120
-104
-120
-130
-131
-151
-131
-112
-117
-93
-102
-99
-115
-104
-96
-84
-106
-107
-142
-120
-137
-124
-112
-132
-134
-101
-113
-157
-128
-119
-81
-120
-134
-99
-127
-176
-147
-198
-152
-103
-125
-122
-181
-133
-156
-170
-129
-150
-130
-179
-170
-131
-164
-164
-174
-187
-180
-205
-212
-200
-224
-229
-212
-206
-185
-164
-160
-194
-159
-184
-186
-225
-252
-194
-191
-200
-202
-208
-205
-221
-264
-227
-243
-235
-218
-183
-181
-157
-151
-135
-160
-159
-177
-191
-152
-198
-156
-120
-142
-130
-128
-173
-137
-120
-110
-96
-122
-93
-108
-69
-90
-94
-103
-113
-98
-82
-60
-43
-29
-55
-75
-61
-59
-69
-91
-49
-37
-59
-109
-66
-51
-73
-90
-98
-64
-64
-78
-82
-99
-77
-115
-86
-80
-63
-74
-82
-86
-98
-77
-102
-70
-98
-96
-118
-79
-103
-76
-101
-154
-103
-93
-90
-89
-107
-93
-87
-110
-138
-124
-82
-102
-85
-106
-93
-84
-102
-115
-105
-104
-89
-81
-88
-141
-105
-100
-143
-113
-120
-115
-91
-79
-118
-91
-114
-140
-142
-122
-106
-151
-109
-151
-167
-124
-154
-159
-146
-110
-123
-112
-90
-145
-171
-153
-165
-166
-130
-119
-126
-134
-172
-130
-151
-138
-99
-139
-169
-136
-133
-152
-129
-105
-96
-141
-113
-74
-94
-82
-81
-83
-93
-74
-58
-37
-58
-54
-69
-125
-75
-98
-87
-118
-112
-129
-162
-116
-135
-135
-175
-158
-190
-162
-145
-176
-171
-143
-155
-159
-128
-175
-184
-166
-181
-181
-123
-143
-151
-137
-159
-130
-149
-132
-162
-136
-99
-110
-78
-121
-105
-118
-122
-83
-162
-128
-77
-85
-88
-94
-121
-108
-70
-71
-81
-86
-74
-83
-52
-74
-58
-94
-112
-73
-104
-119
-160
-150
-114
-104
-100
-123
-107
-99
-91
-50
-81
-122
-87
-122
-95
-106
-113
-120
-88
-86
-103
-113
-92
-57
-104
-112
-122
-98
-131
-123
-119
-164
-106
-109
-133
-97
-164
-149
-116
-103
-127
-119
-124
-71
-81
-85
-73
-84
-84
-114
-123
-148
-168
-143
-121
-96
-129
-120
-105
-127
-113
-80
-123
-139
-121
-160
-110
-119
-156
-155
-122
-129
-127
-133
-151
-165
-114
-130
-133
-153
-162
-145
-157
-94
-130
-117
-100
-159
-148
-146
-119
-93
-152
-144
-103
-158
-125
-87
-95
-141
-125
-138
-162
-115
-133
-98
-99
-120
-132
-119
-103
-105
-114
-122
-65
-90
-75
-92
-60
-92
-72
-71
-85
-60
-88
-81
-142
-103
-44
-59
-67
-72
-124
-131
-100
-105
-88
-46
-85
-68
-81
-65
-71
-108
-99
-60
-21
-75
-29
-10
-15
-30
-56
-22
-50
-63
-72
-50
-74
-106
-62
-77
-75
-79
-88
-93
-84
-83
-128
-90
-41
-109
-129
-126
-133
-79
-73
-132
-111
-90
-122
-102
-102
-95
-110
-94
-105
-89
-100
-109
-88
-106
-115
-116
-124
-147
-125
-130
-108
-151
-155
-109
-122
-99
-96
-135
-152
-148
-138
-123
-110
-125
-154
-180
-132
-116
-142
-113
-136
-125
-120
-91
-88
-116
-58
-69
-66
-49
-108
-124
-75
-106
-67
-116
-94
-74
-91
-50
-62
-78
-66
-81
-79
-65
-56
-58
-61
-57
-61
-63
-51
-54
-78
-74
-58
-99
-78
-69
-99
-153
-123
-104
-80
-71
-41
-36
-78
-71
-62
-57
-69
-79
-111
-66
-105
-82
-54
-26
-24
-56
-39
-37
-62
-48
-43
-39
-62
-14
29
12
33
37
59
-6
-10
20
13
14
-10
16
14
35
8
48
26
19
37
17
50
29
24
36
8
1
23
27
-21
-35
-6
-37
-21
-28
-29
-16
4
-37
-59
-15
-30
3
-15
-42
-65
-77
-90
-92
-94
-86
-101
-98
-76
-80
-90
-101
-62
-38
-81
-92
-47
-57
-46
-69
-76
-92
-70
-45
-53
-58
-54
-61
-50
-27
-45
-45
-82
-70
-54
-91
-55
-46
-31
2
18
1
-69
-35
-60
-49
-48
-27
1
-27
-31
-2
1
-36
-42
-1
-3
-20
12
23
-26
-10
-2
22
29
40
41
12
24
-21
-47
-20
-37
-51
-28
23
20
-67
-25
-27
-61
-31
-45
-30
-21
-40
-78
-74
-61
-62
-36
-11
2
-32
-31
-11
-38
-18
-38
-15
5
-5
-4
6
-12
7
-24
-38
-32
-34
-25
-52
18
36
4
1
2
6
37
9
-13
-11
12
21
2
-2
-5
14
-27
-40
4
-6
-10
-14
-31
-21
-28
-35
-40
-39
-50
-54
-58
-79
-89
-128
-86
-86
-83
-105
-104
-80
-80
-45
-99
-80
-62
-62
-57
-63
-64
-66
-60
-64
-84
-55
-74
-102
-87
-94
-69
-14
-86
-91
-100
-83
-47
-96
-58
-84
-64
-71
-87
-91
-110
-76
-37
-52
-61
-60
-46
-17
-44
-11
-17
-27
-12
9
-11
-3
-4
-43
-20
-35
-71
-77
-75
-79
-54
-71
-95
-100
-61
-41
-57
-36
-66
-47
-39
-74
-1
7
-33
25
13
9
-7
-9
39
8
-26
0
14
28
17
-5
17
-17
11
-10
-27
6
-30
-46
-50
-37
-35
24
27
-9
-32
-30
-3
19
6
-6
-17
-13
6
-33
-19
-8
-41
-84
-67
-49
-46
-45
-35
-15
-57
-63
-88
-77
-25
-42
-34
-11
-23
1
-35
-28
-62
-45
-46
-53
-58
-62
-61
-88
-59
-88
-57
-40
-80
-106
-69
-30
-23
-75
-68
-91
-77
-83
-104
-83
-51
-71
-99
-84
-87
-90
-84
-105
-95
-75
-86
-101
-80
-89
-65
-70
-65
-11
-2
-72
-52
-52
-33
-39
-67
-41
-40
-17
-63
-49
-56
-32
-11
-53
-29
-37
-43
28
10
26
7
12
62
13
-10
-9
-23
-41
-13
-58
-69
-24
-15
-52
-25
-17
-11
-42
-20
-48
-52
0
-4
-10
1
8
45
48
-2
-1
-23
10
-15
-14
8
-26
-3
22
19
-26
-55
-38
-14
-52
-44
22
-11
-14
-14
-1
14
-17
-16
15
14
38
26
-6
2
-7
49
36
30
20
29
-2
-2
-3
-28
-24
-11
1
-15
-5
7
13
8
4
0
14
-24
22
7
15
19
17
-39
-49
-16
-34
-37
-54
-37
-48
-7
-30
-18
-42
-35
-38
-85
-2
-40
-73
-32
-56
-56
-59
-78
-111
-60
-59
-65
-72
-49
-67
-65
-52
-25
-10
-71
-19
-6
-48
-83
-25
-29
-72
-37
-54
-35
15
26
-16
-14
-11
1
-12
-24
-44
-56
-20
-26
-2
-18
-37
-54
-31
-19
-29
-46
-42
-43
-52
-27
-22
-66
-42
18
-20
-48
-32
-39
-41
-28
-41
-33
-10
-12
-4
27
-7
-25
-51
-40
-42
-35
-38
-30
-15
-11
-29
-60
-6
-36
-42
-89
-72
-25
-35
-53
-65
-78
-79
-36
-65
-36
-26
-42
-14
-25
-8
-9
9
4
6
6
-53
-47
-36
-27
-31
13
-24
-24
-17
-50
-46
-12
22
29
27
24
10
16
5
22
23
-22
8
12
41
-18
-13
24
-24
-37
-28
-9
5
-6
-44
-1
30
-30
6
12
12
-3
-12
-6
-5
1
4
11
-15
13
12
3
7
-16
-22
-9
5
10
-21
7
9
-5
40
14
36
14
38
93
87
72
62
51
59
48
47
32
80
73
79
54
25
30
31
66
78
36
19
61
70
55
47
65
30
44
78
28
32
62
45
63
67
75
95
92
80
57
62
88
84
56
68
78
79
97
44
70
68
32
53
65
45
37
58
32
48
92
71
68
64
71
66
69
32
14
41
34
71
63
34
65
68
42
78
52
56
75
76
58
40
32
19
43
30
51
89
84
63
47
71
67
52
60
68
70
82
103
119
114
85
92
70
98
126
79
90
91
102
119
91
126
114
86
95
117
78
66
76
85
71
50
87
83
88
108
101
100
143
152
132
132
132
165
168
124
129
157
145
169
117
97
122
154
144
165
157
112
134
104
124
99
95
100
121
111
100
88
87
93
81
109
85
82
66
81
95
92
84
46
106
117
75
60
63
57
87
77
21
57
45
13
54
63
94
135
152
138
130
136
91
103
104
143
133
165
144
139
137
148
134
166
144
144
130
100
155
150
141
162
163
147
184
184
171
157
153
140
124
106
103
123
133
142
148
120
152
134
109
106
114
157
163
124
116
132
121
130
157
160
128
123
81
137
108
131
122
104
96
85
121
73
119
108
86
57
77
108
118
99
97
97
95
87
74
49
41
56
81
97
79
74
91
99
113
99
113
86
95
88
62
87
75
141
128
149
166
163
131
106
71
81
119
59
88
67
68
60
58
102
50
38
93
70
94
73
77
72
46
66
56
78
67
75
67
99
56
92
75
68
89
60
62
98
59
96
70
57
111
82
120
97
62
60
90
101
52
72
124
108
87
112
100
122
140
94
153
120
121
124
120
156
132
182
145
156
165
181
180
137
133
188
180
194
195
178
222
171
176
195
214
191
174
158
207
201
185
181
156
175
207
207
210
194
213
215
204
179
143
187
163
170
162
169
169
199
162
149
123
115
161
119
144
130
159
134
112
130
108
121
141
147
90
125
126
125
108
118
149
107
112
145
155
78
104
92
127
101
89
79
99
128
116
140
118
107
105
135
120
100
61
60
61
61
61
33
62
75
52
84
86
82
106
108
132
93
122
88
93
106
87
154
130
116
110
117
138
146
107
132
111
132
164
145
162
140
154
119
146
116
131
124
82
93
112
112
127
155
122
125
110
71
133
149
118
158
150
138
117
123
167
169
180
127
176
155
141
174
119
135
100
119
113
121
143
192
199
170
164
162
153
170
183
139
130
98
99
90
110
114
96
117
127
133
124
119
114
113
152
125
116
80
108
83
94
129
99
112
105
83
69
60
