86
93
61
75
74
48
61
84
55
69
115
77
38
50
63
47
45
-16
3
9
3
59
34
23
9
56
70
23
33
29
3
3
-2
24
11
-19
-20
36
47
36
50
98
42
19
53
49
63
62
69
63
54
82
61
45
72
89
82
84
89
66
77
69
86
75
96
62
112
126
94
93
90
82
60
92
69
58
57
52
60
71
72
41
67
79
79
95
77
89
112
76
61
95
69
86
94
77
110
82
88
72
41
60
78
93
119
92
82
66
66
61
21
40
60
27
38
85
64
33
44
52
51
58
33
27
28
69
30
39
46
33
14
37
36
19
50
19
23
40
59
55
58
66
50
63
0
9
39
-12
2
33
59
54
55
30
75
72
70
30
47
48
66
52
56
62
66
47
13
55
9
55
25
-4
49
16
-2
13
30
15
0
16
-14
23
11
60
49
-3
22
70
65
47
63
74
42
44
65
71
76
79
100
22
22
20
51
36
12
32
-5
-2
-29
-36
44
0
-39
-26
-15
-24
14
18
4
-24
-20
-11
6
42
12
14
-23
20
-7
-12
-15
-41
7
-44
-30
-31
-19
-10
-43
-6
-51
-25
-34
-45
-66
-45
-25
-59
-71
-47
-23
6
6
-24
-41
-26
-19
-8
-8
-28
-11
-9
19
-1
28
16
16
3
-10
-33
-8
20
-20
4
-20
-47
-23
18
-17
-35
-4
4
42
38
-19
-8
8
27
25
4
48
32
14
40
18
-19
-17
39
13
-15
-9
-14
28
-14
22
23
25
65
48
48
54
60
42
33
38
21
-1
29
11
-13
-20
6
5
-9
-11
3
-16
-6
7
32
9
-13
14
-7
-21
27
-1
-13
24
10
20
1
-38
-60
9
22
14
-16
-2
1
17
51
35
19
46
47
55
8
-4
16
24
46
38
75
61
75
62
46
47
44
14
23
71
87
56
68
85
43
48
92
64
58
65
28
39
44
50
74
64
72
66
97
82
29
30
23
51
45
47
47
25
-18
5
47
1
41
26
30
14
37
62
10
46
20
22
16
9
16
12
28
35
56
54
62
82
67
35
49
66
69
51
75
95
77
146
80
77
92
89
108
105
80
97
121
73
88
81
77
83
64
119
103
81
88
106
88
81
131
110
75
68
90
47
101
66
66
67
61
64
95
133
112
94
80
79
72
119
115
97
102
123
116
103
73
52
58
35
54
60
57
67
94
98
97
76
47
63
19
33
43
36
41
36
36
90
110
46
38
65
63
46
68
52
93
58
45
59
98
130
94
107
73
91
78
71
81
95
92
85
92
101
127
94
94
83
65
98
95
59
86
81
92
54
66
84
84
30
47
58
50
70
95
73
83
104
60
104
66
53
34
31
43
58
77
29
34
64
23
63
84
41
27
16
25
17
6
6
25
19
10
8
14
11
-35
-36
-24
15
1
0
-7
-36
14
0
-13
-15
-24
22
8
-22
-15
27
54
39
12
32
3
14
10
14
27
-26
1
12
25
27
25
74
100
104
66
30
68
51
46
31
28
55
51
41
17
34
44
40
27
15
76
45
21
23
62
81
92
69
55
47
59
94
81
118
95
83
82
52
28
70
70
24
24
37
19
42
55
46
11
39
29
38
50
34
32
-2
-9
-15
14
-12
38
22
33
55
48
39
40
86
85
69
72
73
73
51
42
44
11
43
42
12
65
36
45
44
21
-3
34
57
60
92
45
23
32
73
26
45
30
30
56
33
98
119
79
98
92
85
80
71
90
85
64
69
64
26
47
52
42
108
80
60
91
49
58
89
76
135
88
72
68
95
114
98
119
70
68
86
98
116
107
91
79
122
39
49
78
82
79
32
88
63
90
102
111
94
86
94
60
90
57
30
48
32
24
52
-1
38
69
106
96
56
9
17
37
46
70
65
52
60
59
74
97
48
55
7
28
22
24
49
46
65
58
83
57
41
86
65
68
43
35
70
34
32
29
52
15
49
30
41
45
9
-10
14
33
19
32
48
43
32
46
44
74
57
64
25
35
56
77
101
79
59
23
41
71
69
46
67
79
64
87
50
91
33
10
59
33
67
78
64
56
71
86
118
85
69
74
68
92
53
73
66
29
69
52
58
58
66
73
51
46
101
79
47
51
39
27
30
46
41
52
15
59
93
84
92
63
65
75
70
72
60
72
62
85
77
60
63
46
88
93
101
92
92
87
65
118
59
74
66
38
72
62
78
43
83
89
92
83
85
84
85
66
54
69
71
54
66
57
71
45
9
70
55
65
35
59
101
79
145
99
88
98
109
80
80
56
34
63
80
50
30
37
60
91
64
107
91
32
47
37
52
9
21
46
54
72
70
22
59
62
30
40
43
30
49
104
95
109
43
76
108
104
60
56
38
29
35
54
92
60
65
40
74
94
56
64
92
106
51
47
77
90
75
57
86
65
79
43
82
111
74
75
56
65
58
21
22
72
40
38
21
17
5
-3
2
28
34
56
36
16
55
54
39
22
31
20
24
24
10
23
12
29
6
50
64
-1
28
17
41
46
11
18
14
22
38
15
9
18
62
21
25
82
19
34
23
27
3
11
31
5
15
30
-5
5
55
24
26
45
58
30
21
26
43
22
61
8
25
68
78
108
66
62
77
63
85
70
49
41
43
21
53
35
27
56
7
29
27
50
12
14
6
-4
-4
-30
0
-28
9
-3
-1
16
-25
-15
-21
-54
-30
-32
-49
-50
-58
-63
-78
-97
-110
-67
-49
-85
-79
-62
-63
-49
-41
5
9
-18
-7
-8
-15
-33
-17
-23
-48
-50
33
0
-16
-44
-82
-26
-25
-9
-29
-20
-29
-41
-58
-70
-40
-7
-48
-54
-29
-27
0
-59
-44
-15
-38
-62
-45
-37
-42
-76
-31
-39
-39
-24
-27
-12
-40
5
15
-9
-9
-26
-44
-14
-3
20
2
11
-2
-46
2
-14
14
4
-25
-1
-25
-1
5
-4
-46
-11
5
21
43
-23
7
-11
-35
-55
-53
-35
-7
-35
-64
-36
-48
-63
-34
-12
-26
-15
-31
-49
-39
-98
-33
-31
-86
-18
-18
-30
-66
5
-36
-73
-31
12
28
27
-10
11
51
19
48
62
74
32
16
23
35
37
55
57
12
67
89
44
24
-17
1
-5
46
8
-5
-3
-5
-17
21
19
3
26
11
2
-1
-1
12
-20
-15
4
-22
-51
-21
-52
-11
15
-20
-8
12
44
1
11
-38
-47
-61
-25
-59
-62
-28
-50
-73
-90
-68
-94
-93
-61
-51
-97
-77
-99
-106
-63
-84
-57
-76
-73
-50
-51
-41
-55
-24
-45
-70
-58
-42
-51
-83
-108
-81
-72
-93
-87
-56
-108
-114
-64
-93
-56
-83
-86
-61
-72
-69
-99
-108
-95
-92
-94
-99
-89
-96
-81
-73
-78
-30
-91
-101
-102
-95
-95
-98
-108
-118
-99
-122
-109
-102
-108
-108
-126
-150
-96
-89
-110
-66
-71
-80
-69
-100
-104
-127
-130
-90
-75
-82
-78
-77
-84
-84
-72
-52
-114
-111
-121
-88
-89
-100
-133
-142
-109
-143
-137
-136
-120
-85
-86
-112
-84
-86
-90
-64
-78
-79
-105
-122
-129
-156
-136
-120
-145
-121
-155
-143
-143
-149
-131
-124
-92
-95
-89
-86
-96
-74
-100
-81
-63
-105
-85
-114
-117
-98
-99
-69
-37
-43
-66
-75
-100
-47
-66
-76
-81
-48
-29
-69
-76
-45
-43
-53
-77
-113
-108
-159
-146
-126
-161
-141
-135
-135
-144
-128
-159
-131
-149
-168
-138
-111
-107
-168
-155
-151
-141
-137
-158
-171
-114
-145
-118
-142
-174
-116
-130
-147
-144
-91
-104
-135
-132
-141
-130
-128
-137
-146
-123
-158
-136
-105
-143
-126
-122
-118
-103
-153
-113
-113
-100
-95
-92
-135
-103
-77
-122
-62
-95
-84
-79
-86
-64
-67
-70
-55
-80
-93
-69
-123
-118
-134
-123
-117
-107
-129
-103
-87
-129
-155
-123
-96
-147
-132
-141
-124
-141
-139
-130
-147
-145
-180
-194
-180
-162
-162
-134
-114
-142
-109
-115
-138
-150
-154
-128
-123
-139
-122
-135
-176
-174
-158
-164
-163
-175
-195
-164
-165
-151
-141
-135
-157
-108
-136
-158
-155
-157
-71
-91
-95
-98
-96
-83
-56
-103
-111
-109
-158
-100
-99
-113
-119
-126
-77
-65
-94
-109
-74
-65
-74
-62
-97
-108
-74
-68
-45
-73
-88
-89
-83
-83
-96
-108
-94
-99
-83
-68
-77
-41
-76
-91
-112
-138
-132
-94
-87
-91
-75
-114
-109
-98
-125
-134
-141
-92
-113
-93
-61
-113
-125
-112
-87
-93
-94
-78
-61
-102
-100
-74
-98
-71
-36
-92
-101
-89
-92
-64
-100
-65
-98
-97
-62
-86
-76
-86
-95
-78
-86
-116
-109
-110
-106
-92
-91
-72
-73
-44
-43
-80
-44
-54
-55
-35
-48
-57
-19
-43
-62
-50
-77
-50
-73
-119
-90
-61
-80
-70
-46
-64
-48
-32
-55
-7
-22
10
-46
-54
7
-38
-27
-54
-65
-59
-45
-32
-11
-37
-76
-55
-42
-65
-93
-116
-62
-59
-53
-71
-54
-42
-99
-101
-94
-107
-58
-58
-118
-71
-106
-8
-48
-77
-76
-64
-74
-101
-91
-105
-79
-76
-57
-86
-68
-59
-77
-71
-89
-79
-92
-88
-111
-100
-110
-127
-113
-77
-93
-96
-125
-139
-111
-113
-63
-52
-65
-37
-54
-95
-89
-114
-110
-95
-89
-67
-88
-72
-43
-51
-87
-51
-85
-103
-91
-107
-46
-85
-88
-39
-89
-93
-48
-63
-67
-58
-49
-74
-108
-92
-101
-98
-73
-62
-79
-76
-125
-116
-92
-117
-119
-103
-100
-136
-112
-100
-68
-104
-94
-99
-77
-93
-91
-63
-101
-78
-99
-88
-106
-101
-107
-129
-112
-75
-104
-119
-88
-125
-133
-140
-131
-95
-98
-127
-124
-106
-136
-137
-135
-120
-99
-160
-166
-102
-104
-122
-128
-165
-121
-137
-104
-106
-109
-121
-143
-139
-98
-98
-149
-138
-148
-120
-149
-180
-154
-118
-116
-150
-133
-139
-139
-95
-116
-142
-80
-92
-113
-149
-130
-93
-137
-127
-124
-118
-167
-137
-93
-147
-144
-89
-98
-141
-147
-150
-115
-108
-134
-115
-152
-132
-118
-125
-105
-103
-104
-126
-137
-113
-124
-126
-107
-123
-145
-152
-138
-149
-123
-101
-144
-148
-117
-151
-139
-96
-121
-129
-83
-109
-120
-109
-125
-121
-100
-164
-112
-98
-162
-171
-150
-109
-137
-114
-115
-111
-130
-127
-109
-126
-109
-94
-113
-166
-85
-114
-126
-99
-66
-116
-153
-151
-139
-115
-138
-111
-129
-105
-107
-134
-136
-138
-132
-117
-104
-102
-124
-130
-120
-124
-107
-123
-86
-78
-111
-122
-105
-82
-117
-115
-127
-111
-150
-121
-152
-141
-123
-126
-106
-125
-105
-74
-97
-121
-100
-82
-107
-101
-60
-40
-32
-94
-112
-106
-107
-82
-53
-72
-103
-107
-94
-119
-95
-93
-66
-67
-53
-78
-110
-76
-64
-85
-67
-24
-55
-62
-54
-36
-68
-95
-100
-73
-64
-54
-106
-90
-59
-55
-81
-60
-57
-84
-59
-60
-74
-14
-30
-61
-24
-24
-45
-13
-38
-52
-36
-61
-72
-46
-53
-74
-69
-65
-59
-47
-82
-45
-72
-96
-60
-68
-43
-77
-113
-60
-79
-78
-63
-69
-62
-94
-79
-51
-53
-71
-54
-82
-63
-92
-47
-39
-93
-79
-93
-49
-63
-37
-51
-79
-55
-83
-64
-49
-42
-22
-42
-48
-44
-55
-30
-28
-10
-45
-25
-22
-40
-53
-57
-9
-32
-80
-39
31
18
-19
-21
-19
-29
-8
-23
-22
-42
-41
-46
-58
-42
-25
-40
-53
-22
-56
-67
-40
-22
-36
-66
-25
-84
-85
-54
-51
-45
-95
-43
-74
-22
-35
-50
-19
-60
-63
-90
-46
-75
-54
-27
-32
-62
-28
20
-39
-69
-58
-59
-42
-44
-78
-69
-60
-42
-8
-44
-43
-43
-47
-37
-57
-1
-42
-59
-24
-28
0
-25
-47
-40
-10
-36
-24
-12
1
37
30
15
5
49
6
-12
20
-16
24
21
-19
-9
-18
-9
0
-19
-21
-12
15
4
11
2
7
-36
-12
-2
-10
-7
-4
-49
-59
-7
10
-16
-42
8
22
26
15
-22
-30
-18
-15
11
21
0
-18
-7
-12
22
-5
-3
22
-40
-17
2
-3
-18
7
11
-5
-54
-22
-23
-44
-31
-45
-43
-3
9
17
10
-22
7
-34
21
4
-64
-26
-49
-57
-36
-20
-40
-9
-24
-57
-39
-38
-30
-50
-58
-36
3
-11
-18
-71
-69
-77
-96
-47
-32
-75
-88
-63
-104
-51
-99
-33
-30
-46
-33
-79
-49
-66
-26
-18
15
-20
-34
-39
-47
-2
-25
-80
-32
-27
-62
-27
-34
-65
-69
-62
-14
-72
-72
-53
-82
-67
-85
-86
-116
-107
-108
-90
-75
-81
-100
-83
-101
-110
-84
-46
-56
-77
-49
-45
-63
-66
-54
-31
-58
-16
-13
-10
-22
21
-7
-18
-37
-38
-18
-52
-24
-40
-18
-49
-24
-20
-67
-26
-24
-25
-46
-29
-30
-30
-51
-85
-48
-40
-54
-25
-36
-74
-13
-38
-54
-12
-16
-24
-33
-54
-53
-3
-11
-35
-38
-51
-22
11
-23
-19
-21
-15
-38
-16
-20
-15
-32
-23
-27
-19
-10
-21
20
1
-36
-25
52
-5
18
49
23
46
48
29
31
42
-8
17
22
38
-12
2
10
-6
48
23
22
37
-12
18
15
13
9
-9
-19
12
5
-18
-40
-44
8
11
-6
-13
33
-8
1
4
-16
7
-41
-7
18
-23
11
24
-2
41
24
6
28
27
50
42
25
33
33
33
2
3
28
-37
-4
-27
-10
11
-6
21
18
64
31
-42
-3
21
-14
-4
37
16
40
27
59
48
-23
-37
-22
-5
16
-4
-18
40
11
-8
-14
2
3
-25
-31
17
3
18
53
6
25
27
59
34
6
7
9
22
16
67
70
41
51
50
38
86
64
49
20
45
23
42
82
46
30
25
41
61
56
40
39
34
79
32
21
28
46
39
49
50
42
4
-6
28
58
56
15
12
15
29
54
35
30
43
40
36
48
79
68
59
34
44
71
65
54
33
45
29
12
21
26
28
18
31
61
60
14
0
24
26
28
-5
10
14
-2
8
19
22
35
18
19
29
33
35
39
32
40
23
25
44
3
39
52
-2
4
-20
29
59
23
-13
20
16
53
30
35
82
56
29
41
56
59
51
10
41
36
5
51
57
-7
11
25
9
36
26
-17
30
5
-23
-27
-35
30
-6
-7
19
25
50
32
0
14
9
15
12
-10
30
21
29
41
59
46
25
24
86
64
51
78
34
28
32
36
48
20
19
36
19
23
-4
23
14
12
30
9
24
18
28
68
21
2
14
2
9
4
-3
-6
37
34
33
4
6
4
20
32
21
14
13
14
37
69
46
62
58
55
54
69
37
60
72
47
69
72
71
28
16
46
63
77
52
28
69
44
66
42
71
88
83
96
49
31
20
94
83
90
85
29
107
93
89
82
56
78
76
105
97
128
75
81
73
82
120
63
80
91
40
30
35
60
79
44
36
48
47
58
26
20
33
12
20
37
19
32
15
32
46
18
66
83
48
50
52
55
105
103
73
95
107
71
56
91
66
72
19
39
30
34
69
43
31
43
42
3
45
31
42
39
17
39
51
7
52
74
0
12
48
16
-19
-5
25
35
13
49
29
-10
-6
-18
26
60
2
20
31
13
32
48
-36
-4
14
13
55
32
54
65
78
51
43
26
80
76
112
118
85
93
118
117
108
167
97
112
72
87
125
101
86
68
72
66
84
76
46
56
52
48
54
24
36
47
56
43
15
-24
9
16
12
-20
12
16
24
41
33
15
30
34
15
-30
18
32
20
11
0
13
4
24
32
-18
-6
-31
27
40
47
102
39
59
37
87
91
99
129
92
82
79
59
44
33
53
22
54
63
50
90
51
50
55
56
47
36
70
65
83
65
72
78
65
72
42
59
32
42
10
26
83
26
16
33
-16
36
-21
-5
-10
-33
-7
-34
20
39
43
30
18
20
29
3
43
8
29
44
10
40
49
26
18
16
-9
25
7
-4
42
45
41
6
33
49
62
40
65
64
28
49
50
11
18
68
12
48
26
3
21
43
34
25
40
26
74
57
24
29
44
34
9
56
51
17
53
-1
7
9
2
10
11
40
58
63
39
13
17
29
30
12
1
-13
40
15
43
13
-19
50
2
64
73
52
32
37
20
63
51
17
32
1
22
30
27
22
-26
2
8
35
13
2
34
2
30
68
32
52
67
34
43
44
66
96
76
81
74
35
26
64
55
52
48
31
39
35
17
10
21
55
40
32
90
48
44
64
62
70
66
15
35
66
40
37
41
28
13
39
-5
10
35
58
42
33
37
-9
15
16
74
47
58
41
21
25
24
66
50
50
39
56
-2
42
22
19
28
-19
42
12
14
60
67
44
38
48
28
33
32
53
3
21
4
8
35
-1
52
65
69
36
43
61
72
29
19
61
25
58
20
1
35
-6
-2
1
23
48
51
45
41
41
6
26
54
16
12
52
38
20
51
65
78
56
54
44
70
94
62
81
92
43
71
63
29
91
81
68
61
21
52
84
37
23
63
36
63
45
46
-6
61
68
11
45
31
18
35
71
39
49
24
33
34
30
5
44
82
53
30
25
29
10
54
30
21
14
-2
26
38
36
-12
1
58
63
57
43
61
38
12
25
30
23
46
76
29
66
65
48
85
19
58
59
-10
28
28
32
53
50
73
59
71
28
37
51
67
81
47
42
14
45
45
29
21
42
62
45
97
106
75
79
86
52
64
46
24
69
50
55
94
41
102
103
70
78
63
98
71
96
69
103
71
63
62
70
61
60
71
27
61
36
54
50
41
85
94
52
53
27
39
60
39
62
45
55
78
68
46
2
10
22
35
19
24
6
-19
41
64
33
20
47
75
31
15
6
37
21
36
65
46
58
69
38
68
66
16
63
26
22
59
50
27
-6
48
32
52
67
54
58
19
52
55
41
58
34
22
30
33
40
62
58
53
74
83
53
32
78
62
25
48
23
34
55
45
15
18
56
49
26
-17
8
33
36
49
25
15
4
41
0
29
49
38
29
2
22
60
48
42
50
27
42
47
17
12
67
35
17
37
-33
-45
-16
7
42
31
32
19
24
14
46
88
36
29
85
76
32
50
82
77
33
75
86
60
73
51
75
41
72
76
46
57
67
75
56
92
118
113
52
53
47
57
96
43
52
81
61
65
48
54
67
74
90
64
102
53
47
59
8
48
57
61
42
39
48
50
10
-10
1
33
48
48
9
-14
-22
52
46
40
47
43
52
67
70
73
88
49
24
74
74
72
64
38
38
33
78
30
15
3
13
32
12
32
43
33
51
34
19
24
32
55
71
58
66
71
46
12
19
43
14
8
32
45
36
85
92
78
107
80
84
81
87
85
53
76
101
82
41
66
48
30
71
49
51
38
40
40
15
51
56
75
31
32
49
16
64
46
67
91
84
39
71
51
59
91
69
61
10
78
63
56
27
68
65
25
72
26
64
58
57
39
63
82
54
69
64
70
29
73
51
25
42
37
68
46
62
37
6
19
25
28
52
45
50
35
70
83
42
67
16
49
89
54
50
59
48
58
53
60
58
36
75
30
13
27
29
12
31
33
18
23
60
30
0
-9
-34
7
-17
-2
20
37
21
11
6
22
27
-2
-29
31
-4
-44
-9
-45
-51
-37
-82
-36
10
-24
30
24
-1
-33
33
3
-3
-9
-45
-38
-51
3
10
-10
24
-4
-22
15
8
-35
-44
-46
-28
-31
-32
-13
-12
-11
-31
-40
-44
-56
-71
-41
-75
-39
-51
-78
-68
-64
-69
-99
-70
-67
-47
-51
-76
-13
-18
-11
-36
-26
-17
-32
-29
-1
0
-35
-53
-34
-20
-40
-14
-29
-50
-20
-31
-60
-28
-32
-46
-13
-21
-63
-68
-61
3
-50
-33
-34
-52
-23
-93
-59
-87
-81
-61
-75
-77
-73
-96
-113
-94
-76
-43
-52
-56
-51
-68
-40
-24
-68
-56
-30
-46
-58
-37
-47
-18
-22
-26
-40
-61
-9
-16
-79
-62
-40
-69
-25
-47
-21
-3
-14
-10
25
-6
4
2
-30
-14
17
0
-13
13
-26
10
-7
18
-14
-10
3
-1
0
-7
5
-12
-18
-1
52
10
-4
-24
-21
17
32
-19
-23
-5
-20
7
1
-5
7
32
5
16
30
-27
10
-12
-2
24
12
17
-14
10
7
-1
3
3
4
-30
-26
-19
5
-40
-41
32
16
-12
-16
-53
-50
-31
-53
-26
-32
10
12
19
13
-45
-35
-25
-19
3
-23
-8
12
-17
-29
-50
-7
7
19
2
-27
-15
-27
-22
-18
-56
-37
-25
-24
-24
-22
-10
1
-2
-40
4
-38
-36
-5
0
28
-20
11
12
-11
0
-5
-12
-18
-11
-9
-9
-22
-6
-19
-36
-49
-7
-35
-18
-12
-34
1
-29
-13
-45
-42
-32
-51
-38
-73
-26
-14
-36
-11
-45
-54
-34
-68
-11
-25
-19
-5
-9
-42
-61
-46
-63
-32
-7
-17
-33
-45
-54
-58
-28
-49
-34
-17
-26
-35
-32
-70
-63
-28
-58
-42
-56
-66
-56
-45
-31
-37
-9
0
-20
8
-10
-22
-17
-45
-63
-74
-57
-36
-25
-42
-70
-86
-71
-66
-70
-59
-75
-28
-35
-21
-55
-56
-44
-67
-86
-69
-26
-73
-82
-57
-84
-47
-18
-44
-20
-56
-67
-41
-64
-91
-61
-25
-76
-72
-53
-45
-41
-65
-58
-80
-76
-61
-67
-60
-147
-100
-133
-175
-158
-180
-195
-247
-284
-346
-358
-493
-592
-2497
-3617
-3451
-4427
-4000
-3140
-3609
-1950
334
490
1989
3029
979
194
154
-1431
-2839
-3058
-3396
-3809
-2053
-489
-243
878
1434
732
731
587
-853
-1702
-1828
-2283
-1641
-130
-83
422
1441
1343
1298
1361
119
-806
-1337
-2167
-1802
-1656
-1576
-750
-135
660
1521
1410
1020
839
174
-500
-703
-911
-1267
-1163
-435
-2
208
874
661
76
233
-373
-1335
-1140
-1334
-1825
-858
-175
125
1050
1463
1008
1213
1409
270
-25
-128
-1079
-781
-80
-441
-326
418
153
162
931
255
-253
133
-72
-235
314
510
402
1105
1508
1429
1620
1551
1121
921
880
700
677
928
1021
1345
1874
2030
1875
1365
1087
336
-197
-314
-951
-1238
-939
-652
-309
375
526
497
664
514
198
-119
-756
-1667
-2002
-2063
-2090
-1781
-1528
-1395
-947
-702
-555
-487
-888
-1325
-1510
-1734
-1838
-1949
-1975
-1862
-1676
-980
-709
-812
-571
-765
-1213
-1118
-1310
-1770
-1672
-1569
-1375
-779
-447
-423
-215
-195
-424
-430
-660
-1184
-1179
-1049
-999
-445
50
243
635
881
794
718
455
-56
-320
-804
-1097
-772
-692
-255
307
488
982
1603
1373
1523
1828
1243
1345
1650
1540
1980
2657
3107
3870
4797
5368
6323
7617
8558
9940
11407
11835
11256
9943
7566
3077
-2110
-6815
-11023
-13457
-14496
-14684
-12270
-8246
-4494
-251
4137
6279
7314
8059
8037
7311
6331
5464
4756
4825
4835
4568
4054
2577
216
-2095
-4737
-7602
-9858
-11244
-11506
-10135
-7376
-4319
-857
2586
5547
7615
8811
8824
7627
6056
4315
2615
1389
342
-575
-931
-1209
-1566
-2123
-3034
-4228
-5247
-5893
-6051
-5557
-4358
-2711
-501
1984
4232
5825
6686
6686
5766
4481
2652
545
-1434
-3754
-5850
-7060
-8051
-8391
-8005
-8212
-7684
-6180
-5455
-4055
-2243
-1526
-268
1241
1639
2291
2632
1629
945
172
-1467
-2719
-3880
-5289
-6049
-6033
-5987
-5411
-4324
-3447
-2295
-772
258
1026
1684
2036
2192
2400
2282
1875
1616
1318
1157
1045
1097
888
990
1582
2096
2741
3419
4090
4909
6192
7339
8203
9771
11755
14272
16987
17616
16422
12200
5032
-1467
-7818
-13776
-18273
-22107
-22635
-17919
-11947
-6028
148
4671
7909
10491
11656
11200
9102
6740
5263
5357
6280
6342
5959
5329
3943
2213
-548
-4833
-9583
-13425
-15401
-15256
-13391
-10475
-6819
-2103
3231
7872
10897
11999
11259
9682
7891
5681
3326
1060
-633
-1175
-868
-591
-977
-2133
-3670
-5163
-6317
-7325
-8222
-8157
-6845
-4336
-846
2671
5531
7459
8698
9056
8321
6537
3839
954
-1469
-2956
-4022
-4684
-5120
-5311
-5767
-6546
-6693
-7825
-8449
-7929
-7920
-6230
-3307
-1572
638
3584
4417
4560
4827
2857
317
-1620
-3992
-6182
-6792
-7141
-7404
-6165
-4979
-4311
-3132
-2596
-2780
-2444
-2070
-1884
-1043
127
1021
2078
3299
3670
3368
2708
1383
-162
-1246
-2112
-2534
-2190
-1369
201
1877
3665
5106
5796
6143
6683
6562
6311
6889
7325
8595
11654
14770
17173
18320
16606
12628
6424
-867
-8692
-15802
-20607
-23525
-23433
-18868
-12362
-5760
987
6661
10370
12588
12684
11243
8977
6368
4750
4324
4743
5162
5450
5570
4511
2521
-557
-5128
-9850
-13490
-15755
-15966
-14224
-10920
-6251
-769
4598
9140
11923
12787
11984
9975
7408
4502
1726
-309
-1610
-1855
-1447
-1227
-1346
-2079
-3283
-4758
-6170
-7483
-8130
-7769
-6121
-3434
-47
3376
6198
8203
9051
8666
7161
4529
1379
-1543
-3906
-5808
-7355
-7591
-7635
-7666
-6686
-6435
-6645
-5750
-5747
-5706
-3770
-2681
-1804
804
2164
2738
4001
3612
1916
570
-1530
-4067
-5570
-6682
-7662
-7251
-6088
-5198
-3594
-1983
-1370
-743
-203
-408
-549
-312
-291
85
911
1477
1837
2243
2108
1558
1019
302
-531
-687
-305
388
1762
3557
4728
5843
7232
7531
7701
8082
7843
8303
10139
12264
14566
16232
15265
13200
9410
3071
-3537
-10564
-16449
-19661
-21251
-19878
-14940
-9187
-3283
2935
7883
10908
12204
11902
10468
8240
6192
4758
3977
3982
3968
4079
3792
2381
202
-2794
-6449
-9995
-12558
-13727
-13446
-11393
-7869
-3502
1171
5696
8955
10850
11457
10369
8405
5977
3309
996
-608
-1628
-2010
-2028
-2164
-2429
-3084
-4054
-5160
-6191
-6737
-6761
-5901
-4067
-1763
923
3440
5423
6717
6922
6069
4052
1318
-1148
-3651
-5754
-6941
-7919
-8046
-7216
-6638
-5930
-5169
-4888
-4544
-3789
-3236
-2549
-1730
-614
478
1168
1790
1546
547
-546
-2045
-3673
-4855
-5793
-6162
-5661
-4612
-3335
-1947
-766
-116
225
328
-123
-741
-982
-1320
-1185
-398
225
845
1563
1824
1823
1590
1168
728
582
941
1663
2603
3970
5188
6157
7048
7225
7281
7069
6993
7397
8411
10636
12857
13791
13831
12568
9945
5505
-838
-7573
-12947
-16422
-17861
-17359
-14465
-9592
-4382
1152
6317
9258
10307
10007
8979
7590
5719
4105
3170
2917
3188
3614
3659
2634
617
-1870
-4592
-7420
-9820
-11426
-11678
-10134
-7240
-3492
481
3995
6888
8750
9388
8886
7117
4664
2382
471
-755
-1461
-1865
-1907
-1759
-1738
-2180
-2890
-4035
-5242
-5706
-5694
-5053
-3649
-1817
130
2030
3644
4349
4127
3222
1406
-891
-2527
-4463
-5878
-6040
-6337
-5979
-4848
-4434
-4199
-3593
-3839
-4256
-3860
-3755
-3742
-2811
-1739
-1131
-75
621
308
80
-647
-1995
-2864
-3681
-4543
-4521
-3922
-3130
-2031
-840
-108
188
391
-25
-745
-1270
-1911
-2216
-1824
-1170
-200
939
1917
2476
2841
2792
2289
2155
1853
1593
1949
2548
3207
4329
5303
5660
6259
6511
6313
6705
7323
8088
9386
11650
13034
13080
12243
10093
6983
2500
-2864
-8265
-12235
-14203
-14896
-13497
-10086
-6382
-2364
2138
5732
7561
8290
8063
7184
6222
5104
4180
3612
3338
3125
3035
2545
1033
-994
-3276
-5687
-7503
-8709
-9248
-8742
-6885
-4163
-1126
1995
4415
6082
6903
6930
6032
4562
2799
1093
-72
-805
-1261
-1576
-1701
-1988
-2334
-2729
-3321
-4014
-4552
-4673
-4462
-3661
-2298
-1184
198
1074
1536
1930
1327
377
-733
-2279
-3287
-3786
-4600
-4689
-4415
-4627
-4154
-3787
-3996
-3915
-4108
-4282
-4054
-3649
-3216
-2398
-1592
-1011
-389
-161
-410
-940
-1607
-2314
-2759
-2934
-2939
-2537
-2008
-1285
-462
-134
-58
-195
-739
-1331
-1749
-2098
-2077
-1645
-884
224
1182
1925
2383
2444
2299
2163
2050
1916
1980
2380
3115
4067
5020
5482
5601
5793
5861
5584
5408
5822
6143
6959
8998
10752
12168
12517
11439
9444
7127
3039
-2215
-6663
-10290
-12445
-12525
-11320
-8887
-5468
-1777
1742
4981
6641
6751
6439
5728
4836
4005
3368
2782
2582
2790
2684
2223
1016
-1014
-3134
-4955
-6453
-7525
-7920
-7272
-5731
-3271
-502
1772
3571
4895
5303
5168
4622
3239
1787
582
-272
-666
-882
-1264
-1587
-1858
-2336
-2970
-3811
-4646
-5110
-5045
-4407
-3354
-2183
-1296
-73
924
1053
1362
550
-839
-1417
-2509
-3538
-3609
-4192
-4780
-4168
-4089
-4164
-3832
-4289
-4637
-4383
-4179
-3977
-3306
-2746
-2154
-1030
-314
-160
-86
-446
-1164
-1635
-2065
-2670
-2877
-2734
-2453
-1804
-1152
-789
-597
-589
-650
-840
-1037
-1099
-1132
-803
15
628
1310
1906
1916
2093
2405
2173
1914
2010
1771
1939
2815
3365
3850
4754
5102
5485
6389
6258
6071
6296
6133
6429
7530
8942
10353
11032
10439
9304
7833
5101
1180
-2955
-6753
-9424
-10418
-10197
-8952
-6638
-3830
-698
2607
4766
5719
5889
5395
4818
4245
3616
2891
2364
2219
2213
1960
1185
-231
-2056
-3627
-4939
-5967
-6392
-6511
-5695
-3881
-1723
433
2199
3391
4009
4235
3985
3153
1957
787
-89
-613
-828
-1046
-1488
-1961
-2463
-2900
-3528
-4153
-4688
-4898
-4478
-3881
-2773
-1657
-722
197
664
787
590
-288
-1538
-2282
-3106
-4053
-4194
-4444
-4573
-4223
-4077
-4138
-3970
-4083
-4326
-3960
-3710
-3492
-2814
-2173
-1634
-815
-439
-501
-592
-1031
-1621
-2024
-2383
-2668
-2521
-2114
-1581
-861
-316
25
142
110
-10
-355
-592
-606
-429
-45
378
816
1151
1329
1588
1886
2048
2165
2271
2470
3002
3560
3955
4437
4981
5026
5036
5114
4925
4855
4954
5340
5968
7242
9021
10731
11460
11191
9994
7893
5462
2093
-2036
-5924
-8480
-9570
-9196
-7691
-5958
-3856
-1194
1430
3392
4488
4514
3979
3797
3777
3799
3702
3356
3077
2966
2844
1928
371
-1614
-3612
-5060
-5744
-6154
-6243
-5567
-4115
-2188
-23
1705
2622
3224
3458
3384
2975
2132
1054
179
-248
-469
-801
-1240
-1916
-2769
-3215
-3665
-4223
-4779
-5269
-4931
-4005
-2924
-1691
-652
84
803
994
672
90
-998
-2347
-3255
-3757
-4235
-4671
-4606
-4662
-4641
-4198
-4247
-4420
-4172
-4181
-3928
-3020
-2421
-1873
-976
-341
-5
336
10
-751
-1308
-1899
-2468
-2559
-2514
-2485
-2011
-1285
-782
-286
23
-82
-117
3
-49
47
340
392
630
979
1270
1530
1664
1918
2011
2147
2291
2965
3267
3857
4954
4829
5261
5902
5314
5519
6021
5041
5249
6305
6343
8189
10575
10570
10135
9247
6842
4563
1979
-2160
-6009
-8189
-9144
-8712
-6867
-4988
-3347
-801
1918
3647
4650
4764
3953
3541
3717
3696
3577
3230
2735
2352
2217
1308
-488
-2341
-4109
-5549
-5803
-5777
-5711
-4689
-3137
-1195
943
2443
3105
3305
3195
2851
2377
1516
478
-293
-552
-596
-814
-1105
-1825
-2682
-3086
-3500
-3968
-4342
-4763
-4436
-3265
-2250
-1324
-504
-345
180
443
-52
-659
-1507
-2636
-3218
-3278
-3641
-3990
-3973
-4129
-4068
-3736
-3959
-4288
-4177
-4257
-4035
-3175
-2792
-2405
-1563
-1094
-754
-357
-688
-1323
-1634
-1999
-2280
-2050
-1942
-1914
-1267
-739
-349
65
-85
-378
-518
-632
-650
-525
-346
31
492
815
1237
1327
1280
1477
1650
1996
2348
2829
3480
4004
4600
5104
5158
5076
4884
4793
4903
4796
4943
5236
5709
7160
8258
9156
10147
9531
8149
6764
4297
1473
-1480
-4742
-6643
-7399
-7299
-6134
-4649
-2785
-806
1176
2927
3688
3854
3693
3388
3379
3408
3097
2837
2644
2186
1712
825
-506
-2134
-3687
-4694
-5134
-5149
-4774
-3978
-2620
-1008
491
1752
2419
2543
2492
2232
1788
1272
536
-13
-322
-612
-770
-1184
-1870
-2427
-3029
-3372
-3588
-3888
-4075
-3740
-3065
-2301
-1285
-768
-523
-53
-111
-586
-824
-1536
-2718
-2998
-3230
-3756
-3619
-3705
-4043
-3703
-3563
-3920
-3772
-3807
-4067
-3548
-2927
-2640
-2011
-1383
-1189
-837
-684
-1088
-1436
-1789
-2208
-2233
-2050
-1833
-1515
-997
-583
-126
194
189
27
-115
-143
-155
92
321
484
673
741
1003
1155
1152
1361
1584
1803
2604
3383
3802
4705
5096
4676
4848
4759
4057
4008
3782
3295
3851
5100
5818
6866
8186
8443
9270
9595
8178
6394
3981
1639
-533
-2697
-4361
-5413
-5655
-4895
-3523
-2265
-746
95
837
1895
2226
2545
2722
2562
2789
3241
3481
3272
2823
2166
1073
62
-1184
-2623
-3722
-4486
-4711
-4158
-3368
-2631
-1569
-501
471
1209
1619
1636
1435
1220
990
833
543
248
-239
-559
-824
-1454
-1937
-2562
-3153
-3426
-3809
-3670
-3336
-3181
-2492
-1787
-1372
-646
-359
-670
-558
-682
-1382
-1792
-2154
-2839
-3262
-3253
-3606
-3903
-3677
-4070
-4295
-3874
-3988
-3956
-3250
-2912
-2517
-1596
-1169
-1040
-742
-962
-1391
-1588
-1827
-2304
-2404
-2278
-2291
-1814
-1306
-1048
-661
-275
-212
21
234
200
459
755
1107
1454
1437
1496
1338
1202
1074
721
668
932
1633
2518
3446
4504
5329
5636
5683
5454
4990
4540
4090
3650
3863
4409
4857
5414
6353
7712
8737
8927
8172
6374
4195
2451
659
-1719
-3558
-4604
-5023
-3984
-2612
-1724
-651
124
775
1752
2317
2088
1820
1885
2135
2652
3138
2949
2387
2023
1417
611
-426
-1883
-3132
-3710
-3793
-3453
-2830
-2377
-1760
-679
322
895
1290
1199
962
926
1006
806
513
213
-209
-290
-424
-852
-1447
-1991
-2446
-2760
-2904
-2894
-2896
-2783
-2205
-1718
-1292
-876
-920
-1053
-912
-1017
-1375
-1498
-1802
-2259
-2281
-2268
-2566
-2740
-2894
-3239
-3387
-3313
-3534
-3534
-3277
-3069
-2562
-1891
-1540
-1205
-795
-796
-877
-862
-1159
-1533
-1659
-1631
-1549
-1337
-1037
-842
-541
-255
-119
46
70
56
216
479
795
1205
1523
1724
1797
1789
1695
1410
1081
1012
1182
1722
2594
3187
3896
4711
4965
5449
5813
5209
4904
4964
4314
4448
4866
4696
5581
7084
7896
8974
9573
8228
6774
4664
1736
-431
-2626
-4675
-5207
-4822
-3957
-2284
-509
697
1734
2676
3008
2896
2841
2403
1975
2317
2444
2592
2738
2426
1947
1394
429
-771
-1875
-2898
-3506
-3408
-2881
-2349
-1517
-429
491
1162
1804
1865
1644
1446
972
727
544
223
-88
-178
-328
-553
-819
-1309
-1760
-2068
-2349
-2516
-2303
-2130
-1864
-1290
-909
-612
-255
-400
-731
-803
-1020
-1540
-1695
-1801
-2085
-2078
-1958
-2125
-2289
-2332
-2758
-2960
-2926
-3152
-3091
-2748
-2531
-2143
-1508
-1166
-969
-769
-834
-1066
-1226
-1358
-1593
-1505
-1209
-969
-498
-67
57
271
330
138
5
-166
-362
-303
110
494
911
1533
1956
2168
2472
2563
2208
1988
1906
1740
2140
2600
2976
3636
4385
4888
5221
5400
5298
4779
4806
5178
4971
5423
6388
6515
7374
8587
8034
7037
5784
3263
749
-598
-2298
-3910
-3582
-3328
-2885
-920
541
1179
2062
2546
2372
2663
2554
1977
1996
2151
2098
2304
2673
2047
1346
954
-9
-1016
-1655
-2433
-2884
-2581
-2120
-1434
-532
124
577
1219
1569
1401
1170
863
368
87
92
-115
-230
-210
-332
-466
-591
-976
-1418
-1808
-2029
-2095
-2184
-1910
-1566
-1383
-903
-611
-725
-589
-700
-1238
-1426
-1449
-1904
-2059
-1734
-1988
-2009
-1671
-2009
-2361
-2261
-2683
-3192
-2884
-3057
-3207
-2578
-2208
-1970
-1307
-938
-997
-752
-733
-1101
-1063
-1034
-1334
-1234
-946
-941
-793
-422
-584
-624
-436
-532
-477
-137
116
415
1051
1450
1850
2248
2404
2286
2200
2062
1690
1681
1674
1804
2320
2715
3228
3773
4254
4642
4863
4932
5107
5183
5356
5650
5636
6063
6619
6868
7086
6412
4873
3273
1766
1
-1590
-2780
-3538
-3545
-2839
-1824
-699
273
834
1334
2012
2259
2112
2032
1994
1995
2225
2411
2313
2005
1397
781
196
-593
-1558
-2282
-2688
-2816
-2479
-1994
-1499
-992
-363
271
764
1043
957
872
715
558
459
283
-70
-301
-376
-585
-930
-1310
-1720
-2073
-2295
-2207
-2052
-1977
-1945
-1628
-1260
-1115
-933
-955
-1194
-1252
-1232
-1575
-1660
-1679
-2064
-2146
-1976
-2303
-2531
-2511
-2918
-3058
-2784
-2969
-3052
-2694
-2612
-2479
-1954
-1837
-1932
-1665
-1698
-1859
-1705
-1711
-1827
-1707
-1528
-1436
-1215
-1034
-1107
-1004
-827
-878
-876
-688
-703
-545
-156
125
409
761
965
1120
1260
1393
1456
1463
1546
1695
1939
2415
2859
3147
3700
4024
4196
4364
4516
4552
4619
4856
5104
5535
5967
6358
6556
6065
4964
3622
1857
110
-1314
-2866
-3966
-3976
-3726
-2945
-1591
-556
223
1136
1827
2165
2239
1986
1730
1632
1712
1631
1587
1400
953
510
83
-640
-1492
-2189
-2756
-2952
-2842
-2511
-1974
-1348
-698
66
590
884
871
766
555
264
73
-131
-375
-545
-626
-669
-746
-992
-1370
-1727
-2087
-2311
-2277
-2229
-2132
-1781
-1401
-1155
-990
-848
-990
-1309
-1482
-1811
-2107
-2080
-2223
-2323
-2073
-2028
-2128
-2136
-2340
-2738
-2921
-2961
-3232
-3282
-3057
-3008
-2727
-2222
-2118
-2028
-1774
-1821
-1938
-1826
-1947
-2049
-1863
-1672
-1519
-1243
-1154
-1226
-1161
-1167
-1345
-1404
-1388
-1459
-1154
-748
-341
93
527
827
1017
1119
1157
1118
1084
1266
1390
1680
2019
2405
2764
3149
3482
3746
3897
4089
4129
4192
4449
4485
4798
5334
5992
6057
5472
4562
3078
1572
93
-1774
-3202
-3982
-4280
-3873
-2883
-1882
-831
290
1063
1731
2006
1905
1578
1319
1211
1112
1162
1113
911
692
401
-42
-683
-1543
-2342
-2926
-3107
-2998
-2740
-2260
-1605
-901
-129
456
663
767
668
393
232
17
-310
-556
-678
-714
-764
-817
-1065
-1339
-1622
-1830
-2089
-2254
-2373
-2375
-2078
-1696
-1365
-1052
-784
-816
-1050
-1151
-1419
-1950
-2176
-2362
-2553
-2301
-2104
-2306
-2122
-2022
-2318
-2433
-2541
-2970
-3198
-2992
-3026
-2916
-2498
-2399
-2330
-1924
-1916
-2081
-2033
-2199
-2405
-2252
-2040
-1946
-1657
-1421
-1305
-1083
-1007
-1197
-1399
-1594
-1723
-1705
-1453
-1193
-857
-312
85
488
806
883
896
862
988
1181
1500
1886
2302
2858
3433
3766
3835
3941
3922
3721
3710
3750
3764
4036
4337
4648
4825
4662
3947
3053
1782
320
-983
-2202
-2948
-3309
-3197
-2485
-1540
-595
157
765
1336
1503
1399
1268
1079
809
755
765
826
753
495
205
-127
-625
-1220
-1713
-2154
-2377
-2385
-2106
-1789
-1352
-773
-298
114
329
417
390
161
-111
-278
-434
-630
-592
-595
-658
-645
-696
-825
-1096
-1363
-1483
-1555
-1721
-1664
-1564
-1391
-1109
-936
-775
-660
-785
-955
-1223
-1622
-1905
-2109
-2188
-2054
-2125
-2078
-1820
-1734
-1774
-1693
-1809
-2221
-2278
-2241
-2419
-2400
-2188
-2254
-2113
-1761
-1946
-2065
-2008
-2269
-2401
-2214
-2191
-2142
-1810
-1531
-1340
-1019
-842
-956
-1042
-1053
-1237
-1376
-1326
-1367
-1182
-828
-533
-176
162
338
453
609
638
650
870
1159
1595
2170
2732
3217
3727
4084
4244
4423
4351
4101
3982
3897
3954
4220
4412
4362
4316
3991
3252
2292
1162
-258
-1528
-2249
-2868
-2979
-2497
-1967
-1189
-108
567
1164
1703
1643
1536
1506
1266
995
929
739
618
632
536
286
-67
-588
-1180
-1546
-1890
-2081
-2089
-1905
-1526
-991
-382
50
417
722
808
764
657
386
82
-148
-282
-394
-363
-440
-606
-679
-833
-1046
-1140
-1246
-1419
-1386
-1308
-1112
-873
-698
-505
-445
-424
-452
-674
-847
-1206
-1486
-1652
-1833
-1832
-1762
-1815
-1757
-1570
-1638
-1617
-1578
-1787
-1914
-1854
-1858
-1851
-1673
-1532
-1508
-1370
-1316
-1449
-1469
-1471
-1713
-1657
-1544
-1627
-1561
-1401
-1390
-1342
-1143
-1211
-1241
-1141
-1030
-990
-730
-560
-528
-279
-156
-79
91
182
164
277
396
435
589
793
864
1085
1462
1837
2307
2806
3322
3776
4210
4475
4662
4927
4910
4789
4792
4479
3938
3451
2810
1972
1248
334
-603
-1061
-1522
-1976
-1835
-1464
-1198
-690
40
473
970
1399
1467
1554
1546
1375
1211
1135
852
616
432
105
-179
-462
-864
-1183
-1325
-1493
-1547
-1423
-1212
-986
-620
-215
68
326
457
495
534
414
250
123
42
-131
-274
-321
-464
-584
-660
-730
-883
-1056
-1110
-1133
-1039
-883
-793
-628
-413
-363
-286
-264
-361
-548
-835
-993
-1187
-1419
-1413
-1464
-1672
-1620
-1511
-1632
-1637
-1610
-1742
-1704
-1558
-1588
-1520
-1314
-1256
-1217
-1160
-1197
-1199
-1315
-1378
-1414
-1467
-1409
-1385
-1400
-1332
-1172
-1212
-1159
-1119
-1111
-1053
-1018
-918
-855
-708
-596
-446
-250
-56
124
253
367
457
479
435
337
193
201
305
497
885
1334
1865
2341
2948
3472
3752
4088
4364
4389
4517
4614
4507
4586
4219
3489
2911
2094
1154
426
-409
-1096
-1417
-1533
-1317
-901
-554
-222
254
612
799
963
1148
1055
971
1066
1030
1084
994
732
557
274
-52
-385
-737
-1121
-1413
-1474
-1452
-1312
-1105
-748
-465
-83
196
274
355
264
128
123
72
-23
-7
-67
-141
-116
-191
-435
-647
-846
-1039
-1133
-1147
-1159
-1045
-869
-699
-449
-234
-307
-329
-455
-663
-756
-930
-1102
-1180
-1302
-1335
-1282
-1356
-1410
-1386
-1495
-1593
-1547
-1615
-1640
-1605
-1499
-1384
-1242
-1179
-1188
-1100
-1149
-1199
-1173
-1259
-1400
-1322
-1271
-1183
-968
-921
-875
-799
-846
-881
-896
-980
-963
-927
-800
-669
-498
-284
-85
86
261
397
432
431
464
542
549
556
624
694
814
1075
1351
1638
2005
2325
2725
3220
3721
4071
4421
4514
4455
4369
3987
3354
2787
2052
1208
668
83
-493
-703
-807
-853
-568
-359
-250
20
284
405
585
799
771
911
1044
1043
1146
1215
1013
850
600
125
-220
-567
-1047
-1361
-1458
-1512
-1390
-1162
-1007
-783
-520
-287
-140
-41
-62
-74
-8
-73
-115
-105
-143
-214
-300
-332
-483
-614
-867
-1016
-1063
-1072
-1062
-967
-883
-876
-760
-668
-706
-709
-737
-865
-822
-812
-964
-979
-977
-1105
-1065
-1048
-1261
-1305
-1361
-1489
-1481
-1357
-1371
-1407
-1315
-1363
-1362
-1236
-1328
-1411
-1300
-1295
-1190
-936
-889
-830
-679
-570
-516
-499
-554
-805
-917
-936
-1028
-1005
-967
-989
-892
-649
-427
-235
-16
103
210
353
493
608
621
620
634
801
965
1075
1281
1440
1578
1831
2145
2345
2564
2804
3049
3292
3480
3497
3449
3274
2902
2515
2135
1641
1112
578
168
-46
-195
-289
-301
-95
200
358
631
850
889
902
910
857
832
828
618
515
513
344
183
90
-160
-458
-619
-812
-1030
-1053
-1172
-1077
-917
-765
-539
-325
-207
-179
-87
-107
-199
-302
-346
-431
-493
-541
-613
-714
-702
-741
-755
-786
-1018
-1065
-1117
-1254
-1259
-1125
-1104
-1010
-893
-823
-669
-660
-798
-854
-904
-1104
-1188
-1228
-1330
-1348
-1348
-1369
-1345
-1307
-1383
-1425
-1439
-1458
-1459
-1367
-1321
-1251
-1111
-988
-845
-788
-747
-756
-773
-759
-824
-815
-814
-755
-643
-509
-435
-320
-227
-160
-36
-14
35
83
62
109
174
178
206
321
359
465
627
775
1007
1327
1694
2010
2296
2520
2548
2538
2532
2448
2406
2237
2105
2057
2046
2082
1904
1704
1486
1196
826
463
225
102
30
115
415
660
1008
1236
1223
1239
1043
752
410
72
-147
-167
-160
-77
115
278
323
272
216
55
-199
-424
-580
-717
-728
-683
-575
-465
-455
-462
-493
-573
-762
-947
-1125
-1142
-1132
-1157
-1011
-912
-774
-662
-680
-696
-830
-1023
-1204
-1361
-1425
-1428
-1410
-1416
-1297
-1165
-1181
-1126
-1120
-1307
-1462
-1525
-1695
-1636
-1550
-1608
-1442
-1294
-1184
-1104
-989
-1089
-1205
-1207
-1313
-1299
-1267
-1191
-1058
-793
-599
-464
-304
-254
-346
-318
-288
-361
-283
-178
-50
89
236
376
390
438
414
463
578
696
875
1116
1304
1458
1695
1770
1853
1935
1828
1780
1718
1585
1530
1548
1578
1599
1703
1739
1773
1835
1711
1562
1393
1078
830
674
518
493
550
612
612
828
893
853
851
694
612
550
505
394
357
318
236
229
218
102
-30
-194
-430
-584
-746
-828
-871
-833
-847
-829
-626
-585
-575
-601
-700
-839
-971
-1027
-1120
-1274
-1367
-1395
-1402
-1290
-1329
-1280
-1239
-1301
-1315
-1308
-1341
-1401
-1401
-1478
-1506
-1476
-1505
-1514
-1611
-1620
-1585
-1585
-1607
-1626
-1578
-1470
-1315
-1189
-1079
-1012
-911
-903
-916
-900
-926
-1000
-1004
-1002
-933
-775
-628
-479
-425
-274
-220
-249
-253
-298
-290
-274
-174
1
238
474
735
858
1034
1156
1189
1204
1163
1148
1146
1119
1157
1179
1235
1285
1371
1579
1827
2051
2193
2280
2363
2470
2452
2315
2003
1644
1397
1170
967
886
739
486
358
435
475
560
599
612
686
814
828
845
773
438
116
1
-92
-159
-94
-208
-200
-109
-78
-165
-204
-515
-850
-933
-986
-1047
-966
-915
-977
-848
-732
-787
-871
-1020
-1308
-1421
-1461
-1469
-1407
-1367
-1380
-1353
-1170
-1196
-1246
-1313
-1495
-1540
-1604
-1685
-1669
-1569
-1610
-1532
-1369
-1256
-1203
-1131
-1145
-1211
-1190
-1192
-1192
-1195
-1203
-1135
-1026
-875
-804
-745
-731
-743
-646
-550
-434
-351
-260
-145
-35
91
109
166
133
27
94
105
169
222
301
424
533
701
893
962
979
988
1005
1055
1044
1164
1184
1195
1283
1379
1490
1514
1610
1600
1592
1560
1455
1389
1285
1242
1175
1123
1082
1030
946
947
844
746
659
469
265
365
494
395
662
710
622
864
943
719
691
492
42
18
-22
-278
-197
-81
-169
-160
17
-27
-165
-291
-501
-702
-706
-712
-765
-764
-747
-738
-683
-668
-784
-838
-938
-1096
-1145
-1098
-1114
-1113
-1114
-1090
-1023
-1022
-1142
-1245
-1310
-1477
-1529
-1542
-1549
-1478
-1424
-1301
-1208
-1121
-1070
-1068
-1113
-1172
-1223
-1252
-1298
-1255
-1134
-1090
-940
-827
-755
-658
-623
-638
-619
-562
-544
-506
-376
-286
-218
-77
-71
-75
-38
-18
-31
-57
19
80
236
368
494
645
805
903
963
965
918
845
760
699
623
559
558
647
748
915
987
1013
1109
1069
1064
967
471
125
-138
-565
-618
-582
-602
-199
143
288
799
984
906
967
752
393
114
-126
-376
-444
-285
-205
-157
18
-14
-120
-135
-189
-327
-303
-258
-244
-16
174
229
316
216
-31
-296
-541
-822
-1048
-1158
-1189
-1121
-941
-844
-694
-537
-546
-603
-655
-824
-966
-1031
-1176
-1143
-1074
-1080
-970
-925
-937
-973
-1009
-1122
-1237
-1254
-1299
-1257
-1152
-1056
-939
-859
-802
-799
-894
-911
-1024
-1099
-1110
-1122
-1038
-976
-820
-707
-600
-496
-478
-448
-468
-453
-490
-479
-460
-412
-288
-246
-144
-110
-80
-48
-84
-81
-159
-106
-83
-66
-10
54
164
245
308
310
277
197
141
51
-3
-37
0
32
62
215
283
302
326
340
289
323
330
346
314
249
216
135
130
-6
-87
-171
-289
-274
-149
-34
33
187
272
306
349
333
251
161
65
28
21
36
-54
-109
-133
-230
-322
-363
-372
-401
-300
-183
-41
96
154
244
233
171
70
-16
-160
-317
-403
-511
-534
-537
-473
-442
-316
-308
-271
-235
-246
-272
-304
-322
-433
-464
-506
-576
-556
-483
-427
-354
-255
-203
-160
-145
-195
-224
-307
-313
-343
-371
-343
-317
-249
-217
-226
-176
-161
-194
-207
-244
-258
-257
-183
-188
-142
-121
-66
23
105
116
71
113
129
116
103
81
23
67
87
89
122
85
89
98
176
190
251
292
290
349
428
438
405
430
389
412
390
336
283
290
265
315
377
404
440
486
506
464
459
389
284
276
307
298
383
412
394
442
440
373
328
372
277
219
202
130
185
200
174
167
131
128
106
75
55
19
27
42
144
193
249
361
359
349
340
149
74
-45
-175
-185
-181
-128
-55
93
224
330
356
321
272
171
80
-15
-68
-112
-75
-28
41
113
123
95
64
-21
-69
-105
-131
-60
19
133
198
332
433
410
351
300
214
106
22
-84
-137
-136
-41
51
124
256
354
415
482
405
370
205
136
117
17
31
9
42
68
147
212
215
239
281
302
310
306
352
422
441
423
405
420
406
414
360
318
291
294
334
369
465
467
487
551
524
540
499
449
446
457
460
478
512
494
495
477
449
465
436
347
336
360
369
407
470
534
567
587
581
602
550
481
408
326
319
298
318
352
365
375
365
405
417
415
461
479
470
507
470
498
501
468
430
395
347
244
206
158
181
174
196
269
372
455
551
653
620
570
534
442
323
305
246
216
223
257
343
397
428
411
384
369
346
361
379
434
466
526
580
562
606
565
560
512
450
447
418
458
483
510
589
596
642
614
674
671
555
583
593
658
618
611
606
622
570
538
506
452
398
419
404
395
486
538
613
594
671
686
666
668
628
496
449
345
319
345
363
428
436
527
537
565
634
677
639
577
527
468
387
349
306
291
247
271
340
364
441
469
548
567
561
533
533
483
408
395
366
311
324
348
309
326
349
389
422
498
563
599
623
584
571
578
522
479
451
396
389
419
437
425
419
395
434
450
467
490
549
544
553
632
652
701
667
645
593
582
552
516
468
416
396
393
445
443
436
514
534
564
544
532
553
517
456
392
374
357
342
393
438
420
498
509
465
472
454
420
394
399
409
394
401
325
319
355
342
280
287
297
330
346
357
422
392
441
419
410
358
278
293
279
261
221
209
237
240
277
326
369
405
370
331
326
337
314
252
226
193
167
138
133
117
98
132
130
165
206
217
271
304
319
310
322
304
254
231
228
194
165
112
118
114
108
122
174
186
161
160
133
106
99
104
82
49
18
26
46
42
31
98
105
75
79
82
112
130
99
69
100
99
68
61
34
35
15
-27
-18
-19
-65
-43
-18
-15
4
47
102
99
146
157
129
102
111
111
82
13
-8
16
-11
0
71
68
93
91
47
37
49
43
79
70
106
194
178
179
189
185
204
149
47
58
23
16
32
58
67
55
70
51
62
76
60
73
31
82
108
92
118
152
148
141
105
109
82
51
99
120
111
84
73
127
99
71
95
33
57
52
41
49
95
157
150
140
114
78
26
4
35
-4
10
19
24
20
55
81
35
67
72
99
152
146
147
184
195
208
168
168
146
152
151
92
113
101
131
119
143
157
207
207
240
233
193
231
217
235
208
255
291
285
333
350
349
311
330
324
257
255
292
311
348
368
409
422
425
424
423
369
369
351
321
317
306
325
311
340
332
358
393
394
335
323
284
262
314
323
356
353
342
333
333
375
359
379
340
352
325
335
365
379
413
421
448
386
390
352
292
259
255
226
239
302
329
325
332
347
331
300
274
195
132
176
191
182
202
210
200
176
164
142
123
124
110
136
187
192
210
233
227
213
222
182
148
111
46
57
47
75
94
110
131
113
123
117
61
45
29
-36
-27
-5
31
74
64
104
101
32
20
2
-33
-74
-105
-91
-123
-120
-114
-76
-90
-73
-41
-71
-67
-72
-98
-125
-96
-85
-124
-75
-76
-125
-133
-186
-226
-210
-226
-217
-189
-179
-193
-169
-178
-169
-152
-191
-177
-244
-200
-232
-256
-268
-311
-217
-239
-261
-278
-260
-282
-314
-341
-308
-314
-343
-294
-331
-326
-322
-314
-303
-291
-309
-286
-318
-375
-345
-370
-341
-303
-331
-354
-332
-397
-356
-358
-395
-399
-428
-403
-394
-384
-318
-345
-324
-379
-366
-381
-394
-401
-455
-437
-456
-389
-405
-386
-423
-412
-401
-415
-383
-379
-389
-377
-413
-401
-368
-364
-366
-356
-346
-332
-343
-326
-347
-381
-363
-384
-399
-379
-371
-373
-320
-347
-315
-306
-306
-288
-336
-312
-336
-295
-278
-256
-237
-292
-305
-358
-378
-381
-381
-421
-396
-350
-320
-336
-287
-280
-361
-333
-350
-383
-365
-378
-383
-372
-395
-377
-390
-385
-353
-335
-357
-390
-355
-398
-437
-477
-472
-433
-462
-401
-399
-394
-393
-377
-371
-406
-387
-381
-386
-383
-377
-374
-402
-415
-426
-427
-438
-455
-458
-482
-457
-507
-494
-473
-438
-433
-447
-420
-448
-428
-437
-466
-481
-496
-516
-507
-570
-497
-501
-467
-508
-532
-489
-505
-536
-558
-498
-511
-518
-509
-558
-539
-510
-531
-497
-522
-518
-504
-508
-527
-503
-458
-465
-483
-519
-486
-511
-474
-466
-488
-489
-525
-425
-441
-450
-407
-389
-404
-410
-395
-394
-397
-455
-495
-461
-469
-501
-506
-492
-437
-429
-420
-381
-348
-335
-312
-373
-321
-394
-350
-311
-364
-371
-369
-348
-428
-374
-374
-400
-398
-428
-438
-432
-393
-433
-405
-350
-363
-353
-340
-383
-421
-390
-368
-386
-420
-404
-425
-449
-401
-365
-422
-433
-373
-387
-422
-401
-399
-420
-398
-427
-431
-398
-429
-434
-434
-407
-431
-461
-435
-478
-472
-481
-503
-497
-448
-490
-490
-468
-453
-424
-452
-432
-405
-416
-456
-454
-510
-449
-459
-453
-445
-481
-460
-499
-435
-458
-473
-442
-439
-484
-436
-388
-431
-426
-459
-442
-435
-434
-406
-404
-404
-417
-435
-441
-453
-421
-429
-460
-422
-428
-439
-426
-412
-418
-401
-354
-342
-338
-371
-356
-318
-320
-325
-323
-325
-317
-313
-343
-358
-357
-374
-361
-391
-351
-340
-326
-321
-319
-318
-289
-287
-292
-299
-284
-270
-279
-255
-292
-280
-293
-350
-328
-312
-323
-330
-387
-371
-353
-390
-398
-384
-366
-331
-338
-314
-318
-341
-360
-331
-358
-362
-346
-308
-272
-268
-315
-335
-310
-294
-320
-353
-373
-354
-338
-310
-306
-368
-348
-269
-290
-349
-320
-316
-343
-332
-334
-374
-351
-325
-364
-342
-363
-352
-334
-348
-321
-323
-275
-285
-279
-249
-252
-246
-246
-201
-255
-230
-197
-229
-236
-250
-242
-246
-272
-261
-239
-217
-209
-221
-248
-228
-215
-228
-223
-163
-155
-159
-139
-199
-166
-182
-144
-130
-179
-152
-153
-198
-207
-162
-149
-116
-150
-125
-99
-101
-125
-117
-88
-104
-97
-98
-71
-106
-116
-118
-106
-149
-164
-180
-153
-163
-194
-146
-177
-116
-144
-136
-167
-141
-142
-136
-135
-178
-117
-161
-168
-112
-140
-159
-145
-160
-146
-177
-183
-184
-189
-170
-179
-173
-177
-180
-144
-178
-146
-198
-188
-241
-227
-218
-186
-211
-183
-177
-188
-194
-211
-179
-233
-186
-192
-196
-215
-245
-281
-241
-245
-257
-197
-210
-215
-186
-200
-220
-199
-175
-174
-197
-193
-189
-161
-165
-162
-168
-160
-170
-166
-134
-144
-148
-129
-114
-132
-121
-62
-96
-118
-77
-105
-111
-85
-98
-120
-125
-80
-78
-42
-90
-127
-100
-90
-102
-94
-69
-80
-40
-4
-31
-42
-67
-63
-67
-95
-79
-87
-62
-97
-127
-74
-71
-59
-63
-93
-78
-72
-68
-63
-67
-51
-66
-60
4
-30
-43
-54
-57
-90
-61
-63
-120
-111
-96
-107
-105
-105
-124
-83
-102
-120
-46
-74
-69
-75
-109
-55
-67
-72
-115
-121
-79
-126
-126
-135
-151
-121
-135
-145
-96
-121
-82
-108
-104
-142
-124
-116
-111
-106
-117
-60
-65
-66
-67
-63
-46
-71
-63
-86
-34
-13
-35
2
-4
-20
1
-44
-46
-97
-54
-49
-116
-65
-55
-57
-29
-13
-60
-24
-43
-12
-55
-56
-16
-20
-16
-42
-33
-15
-16
-35
-38
-39
-37
-65
-60
-70
-57
-75
-43
-49
-66
-63
-91
-67
-96
-102
-89
-68
-69
-100
-76
-76
-106
-93
-35
-68
-89
-74
-74
-54
-50
-37
-68
-55
-69
-94
-105
-121
-86
-93
-107
-106
-96
-134
-148
-146
-146
-125
-138
-110
-133
-107
-87
-123
-141
-140
-129
-110
-126
-157
-162
-165
-202
-196
-164
-138
-121
-151
-155
-146
-161
-159
-165
-129
-121
-127
-102
-95
-110
-96
-103
-109
-119
-114
-100
-137
-141
-130
-130
-106
-64
-82
-53
-51
-38
-31
-88
-54
-29
-40
-73
-44
-7
-31
-54
-5
-24
-92
-27
-19
-22
-2
-33
-6
-30
-18
-23
-2
7
-41
-21
25
20
3
37
21
6
24
17
3
36
46
18
54
74
75
39
49
50
27
9
-21
8
-33
-11
8
-5
11
42
49
30
29
15
-19
-22
-51
-11
-48
-49
-54
-69
-51
-77
-53
-48
-62
-48
-36
-58
-25
-34
-70
-46
-72
-39
-20
-58
-57
-26
-17
-42
-42
-47
-49
-72
-102
-105
-61
-30
-59
-43
-56
-84
-80
-82
-95
-96
-92
-76
-114
-89
-102
-120
-84
-105
-73
-116
-117
-118
-95
-100
-78
-95
-132
-90
-58
-72
-80
-104
-85
-124
-170
-121
-112
-115
-120
-111
-125
-122
-131
-109
-101
-109
-131
-140
-114
-106
-84
-33
-50
-80
-90
-67
-88
-96
-82
-93
-113
-89
-82
-79
-81
-96
-85
-95
-62
-77
-93
-83
-74
-64
-69
-85
-88
-118
-97
-92
-63
-58
-70
-49
-55
-78
-92
-97
-105
-52
-61
-96
-136
-124
-86
-89
-81
-55
-71
-128
-98
-64
-56
-64
-114
-108
-115
-126
-112
-143
-128
-88
-81
-96
-88
-94
-87
-90
-106
-141
-115
-87
-126
-147
-159
-153
-139
-132
-123
-119
-156
-134
-158
-145
-124
-116
-111
-129
-76
-86
-113
-158
-172
-166
-175
-169
-180
-126
-166
-176
-188
-170
-122
-121
-90
-128
-144
-165
-105
-86
-88
-68
-81
-66
-100
-101
-86
-90
-74
-64
-82
-93
-137
-100
-110
-134
-164
-177
-124
-137
-124
-136
-141
-131
-138
-117
-102
-125
-114
-128
-102
-110
-132
-136
-140
-151
-137
-156
-145
-119
-111
-88
-104
-101
-103
-80
-93
-53
-81
-72
-81
-121
-99
-109
-104
-107
-81
-104
-120
-89
-102
-127
-118
-112
-123
-84
-69
-76
-72
-90
-71
-125
-104
-112
-120
-97
-76
-117
-123
-134
-134
-111
-122
-99
-147
-138
-139
-102
-121
-118
-130
-115
-113
-113
-97
-99
-68
-101
-117
-116
-96
-132
-110
-99
-113
-88
-88
-94
-66
-87
-101
-61
-122
-125
-121
-110
-109
-124
-122
-135
-150
-171
-127
-135
-158
-146
-150
-180
-170
-138
-171
-144
-131
-162
-127
-161
-78
-106
-149
-142
-158
-101
-126
-140
-137
-129
-155
-136
-149
-147
-127
-153
-137
-118
-135
-147
-162
-183
-108
-123
-111
-126
-145
-154
-208
-178
-150
-145
-179
-168
-177
-159
-134
-157
-195
-162
-161
-154
-154
-189
-213
-190
-184
-180
-207
-206
-180
-179
-165
-198
-207
-163
-184
-173
-163
-188
-186
-180
-187
-212
-226
-205
-199
-173
-185
-181
-165
-159
-158
-169
-182
-181
-171
-199
-211
-188
-211
-201
-194
-225
-190
-203
-218
-202
-204
-205
-196
-162
-168
-205
-185
-160
-179
-195
-190
-214
-196
-146
-169
-155
-150
-151
-138
-151
-163
-182
-166
-150
-148
-154
-190
-135
-137
-84
-111
-126
-92
-143
-143
-128
-161
-171
-155
-145
-162
-170
-170
-183
-183
-173
-123
-135
-139
-160
-135
-155
-146
-130
-138
-153
-135
-146
-172
-151
-120
-99
-131
-98
-160
-128
-105
-117
-111
-98
-94
-114
-104
-67
-104
-110
-64
-90
-65
-101
-108
-118
-121
-100
-140
-128
-113
-97
-100
-87
-109
-99
-75
-73
-112
-116
-95
-116
-78
-119
-96
-60
-113
-50
-82
-55
-100
-113
-73
-79
-72
-107
-95
-97
-53
-91
-75
-79
-79
-69
-100
-72
-57
-96
-65
-58
-45
-24
-16
-33
-35
-5
-33
-17
-20
-17
-59
-29
-14
-20
-36
-35
-26
10
-22
-31
7
8
-18
-56
-41
-11
-16
-18
-16
-20
-46
-67
-25
-68
-40
-40
-85
-51
-68
-40
-16
-34
-22
12
-7
13
38
19
14
56
50
-6
13
11
-8
5
-1
1
4
24
30
-20
5
33
18
16
-15
-6
2
45
22
-8
-4
-25
-39
-47
-52
-36
-7
-31
-7
-62
-73
8
-6
-31
-15
-18
-12
-23
-22
-48
-96
-71
-41
-51
-58
-47
-52
-63
-82
-76
-57
-55
-66
-35
-65
-109
-71
-81
-108
-91
-72
-59
-37
-37
-19
-35
-74
-77
-31
-35
-72
-81
-48
-25
-34
-34
-58
-64
-30
-67
-64
-79
-59
-68
-89
-86
-81
-37
-61
-16
-21
-79
-68
-102
-76
-66
-41
-15
-59
-39
-72
-73
-86
-60
-36
-17
-18
-12
2
2
-3
32
9
34
2
-18
42
0
16
17
62
44
48
38
30
61
50
72
51
36
32
3
10
24
-8
43
50
41
40
-12
-14
-31
-11
6
-5
17
-38
-41
-39
-54
-80
-79
-84
-95
-69
-33
-68
-37
-17
-30
-24
-39
-20
-56
-24
-29
-52
-3
-24
-7
6
-3
-60
-75
-38
-18
-4
-11
-22
-44
-22
-24
-10
15
13
11
19
4
23
26
32
11
8
34
1
27
18
22
-12
8
7
-16
35
20
13
0
2
3
0
36
42
40
66
48
7
52
57
42
45
21
26
33
-8
14
14
20
67
56
40
68
89
65
54
28
40
53
61
56
40
41
61
57
51
17
51
26
9
20
16
27
-6
31
-6
14
-27
-26
-31
-43
-14
-47
-58
-37
-40
-41
-41
-37
-27
-45
-21
8
1
-33
-4
51
37
3
-6
0
15
-20
-20
-15
-22
2
-6
14
28
-23
-2
18
1
21
38
-26
-22
-51
-24
13
-20
-6
8
25
1
-11
-14
-41
27
27
14
-13
13
35
36
12
0
33
54
56
24
35
50
27
-15
1
-26
-57
-30
-56
-27
-15
-40
-4
-35
11
9
23
33
19
33
-8
-1
-3
48
39
25
35
35
25
8
2
17
12
33
36
71
56
39
35
35
40
54
78
37
46
21
-8
25
24
49
28
7
-7
25
34
23
6
-9
1
-6
9
34
48
9
4
25
29
41
33
0
-19
-57
-2
-15
-1
-19
-24
-9
-23
-40
-63
-42
-68
-50
-37
-75
-50
-39
-30
-16
-39
-14
-5
-18
-19
2
-17
-2
22
7
20
-15
2
-7
21
35
34
64
70
29
28
35
-21
-8
4
21
47
36
41
10
0
-24
-22
10
0
-5
2
-8
-29
-26
-37
-7
-4
-21
27
15
23
-3
-41
-32
-25
-6
-16
-27
-5
-32
7
10
22
2
-8
-9
-3
32
72
60
42
54
20
53
36
44
35
44
44
87
93
30
28
30
25
67
83
45
35
68
41
29
22
18
13
-25
40
16
2
-5
21
12
8
13
15
50
56
41
20
19
9
-9
28
27
47
40
33
56
73
45
46
62
61
92
65
43
52
73
52
46
64
83
35
47
13
33
66
47
52
32
25
14
9
-4
-14
-28
11
-2
-20
-55
-54
-30
-14
-65
-48
-24
-7
21
18
-10
14
-13
1
46
-2
34
33
29
-9
52
63
20
49
51
89
102
118
86
121
113
113
93
77
115
137
148
127
154
133
156
135
144
112
145
127
110
127
118
129
139
117
117
112
106
136
93
100
77
78
92
96
71
71
86
121
82
76
123
104
127
100
105
119
133
117
148
156
129
85
131
122
100
124
142
167
166
166
158
152
179
187
133
161
182
153
147
147
128
90
83
108
62
96
88
42
69
62
50
67
60
32
88
108
74
71
94
67
65
108
110
118
100
110
140
96
113
143
100
112
110
126
164
125
138
130
132
160
188
193
142
146
149
179
183
158
170
140
129
160
132
151
138
111
87
111
185
167
162
169
170
158
150
82
87
111
120
129
99
174
181
141
180
155
146
132
127
168
125
148
166
213
183
147
160
138
157
193
169
167
162
161
130
151
165
192
191
149
161
157
169
172
180
196
177
165
126
124
119
138
150
125
113
114
127
123
130
114
93
120
104
128
110
89
138
109
139
126
103
115
126
136
128
126
140
122
109
144
112
118
78
69
107
107
104
123
81
95
112
88
107
94
110
118
120
139
124
140
113
143
117
107
148
164
127
129
149
145
140
86
123
138
138
117
136
174
163
175
171
157
127
181
182
199
159
141
181
168
144
163
191
156
173
140
142
163
107
125
165
140
135
154
129
141
129
59
110
116
106
129
112
156
130
115
170
215
205
220
180
172
197
175
178
166
188
218
169
172
143
175
171
141
165
152
158
197
181
131
157
198
161
123
109
135
135
135
164
112
134
177
128
144
131
100
125
81
137
127
129
139
144
95
138
158
154
129
147
162
145
206
168
142
168
177
170
190
216
186
182
169
185
162
164
178
149
197
184
181
177
195
200
206
179
171
151
219
202
215
190
174
199
215
219
148
198
173
172
185
190
181
183
201
201
213
207
183
199
195
197
231
226
230
199
207
216
179
204
194
198
213
233
267
238
209
238
229
226
218
221
211
141
177
196
177
137
118
161
163
130
135
125
173
148
117
152
137
191
143
153
198
158
188
149
182
166
141
159
162
198
149
142
181
172
154
185
203
172
167
168
183
204
210
159
132
165
161
164
194
236
183
196
179
176
152
180
167
161
159
130
184
143
169
142
152
140
160
135
107
156
140
157
149
141
163
161
152
151
159
176
152
176
132
167
193
192
186
202
183
159
182
204
220
256
261
235
238
217
227
234
232
224
246
220
198
247
229
213
229
198
228
199
223
178
166
191
178
187
120
175
164
157
138
167
195
169
179
168
166
165
172
130
155
186
224
243
207
232
207
203
255
226
224
204
219
238
202
168
162
198
180
208
198
208
209
185
234
207
201
180
160
128
127
162
149
164
184
154
201
163
171
199
107
124
126
156
168
153
178
165
119
120
157
173
165
164
171
177
196
176
144
157
162
213
169
185
193
176
210
156
168
182
179
137
152
196
152
150
122
116
169
174
171
169
162
158
165
193
191
171
176
168
150
180
178
181
169
164
167
194
210
207
190
160
167
147
107
154
133
127
191
164
162
159
150
175
162
170
155
150
109
160
163
159
190
215
219
207
231
189
201
166
167
188
171
157
166
158
138
105
125
133
121
124
147
144
144
126
112
153
111
119
134
143
160
180
207
182
187
210
221
210
219
227
193
157
206
227
187
221
176
165
163
180
180
144
115
160
167
127
162
124
132
128
100
94
105
103
70
102
114
68
92
97
99
95
112
107
132
117
112
122
102
132
165
170
192
198
146
175
146
199
209
155
223
224
200
199
161
169
196
197
197
192
161
160
181
168
152
141
134
104
95
77
65
79
92
83
104
122
81
113
106
124
145
141
113
99
117
103
145
180
128
102
172
155
137
130
188
186
168
181
212
228
184
182
181
227
208
170
218
199
190
178
169
211
233
195
201
218
190
185
153
140
131
156
176
147
179
208
188
129
156
143
140
182
154
139
163
135
152
217
214
238
237
198
188
235
198
230
227
231
220
218
217
238
271
237
224
200
245
217
218
215
219
217
200
215
202
184
148
158
135
158
144
131
119
133
104
45
99
69
54
78
84
108
104
121
143
157
146
140
221
191
170
203
194
166
165
203
209
221
196
233
211
240
230
180
184
191
213
198
220
208
186
221
183
173
202
171
188
188
195
211
191
197
168
142
185
162
114
154
128
105
101
134
145
128
159
113
109
132
124
169
177
164
178
160
148
147
167
151
160
167
117
154
163
156
203
182
183
206
159
165
175
196
110
141
154
176
197
189
159
122
180
177
162
143
171
161
167
166
148
173
173
181
194
184
210
185
146
136
139
168
132
157
180
154
141
105
195
187
193
179
110
150
189
170
126
192
185
162
192
152
167
170
107
161
119
159
185
154
172
146
151
179
171
164
180
194
197
165
179
200
197
167
142
149
143
90
110
145
126
105
113
128
118
134
144
144
149
113
116
179
155
157
144
92
142
138
94
136
156
123
140
152
151
179
167
168
171
155
120
123
126
177
189
169
179
167
155
133
183
179
149
204
219
220
179
169
197
146
150
159
154
143
123
153
139
158
107
127
172
126
164
162
156
140
115
103
87
90
85
100
92
89
149
125
117
97
88
125
111
139
151
131
96
118
177
169
148
95
145
176
150
160
140
130
147
147
200
150
122
127
96
136
105
171
109
143
145
131
167
158
146
149
135
86
107
94
120
96
43
60
56
119
99
76
125
138
99
62
86
100
79
104
84
88
109
104
135
131
136
156
130
89
125
153
149
111
166
158
113
150
103
95
135
112
150
165
148
150
144
144
138
102
104
112
111
136
127
110
142
120
118
141
144
133
148
133
146
106
106
125
78
125
111
124
172
142
172
171
168
180
198
200
185
227
200
171
160
159
176
156
213
183
150
146
158
160
155
218
186
155
163
182
214
222
192
209
182
169
156
139
122
125
152
122
89
100
128
140
135
110
150
104
136
155
166
181
172
189
184
194
155
177
170
135
119
103
105
121
95
103
102
65
116
89
104
106
68
96
101
127
154
129
93
119
87
153
136
92
77
95
125
94
91
110
104
85
131
97
113
157
102
106
96
99
120
114
92
138
145
161
189
180
148
165
174
173
199
168
140
124
131
128
141
164
150
157
123
134
94
117
171
142
147
146
119
116
94
105
90
70
102
55
95
72
105
150
84
121
129
93
101
97
92
106
147
142
159
142
112
159
162
110
81
100
98
113
143
97
115
124
91
67
109
99
78
76
80
81
47
84
41
41
72
100
54
67
92
68
99
113
97
59
92
90
84
119
97
127
124
124
153
156
161
144
129
125
154
167
142
139
146
120
116
105
113
129
102
83
94
88
113
112
115
150
128
151
105
69
60
77
49
29
81
77
71
81
114
94
98
92
109
74
42
68
63
76
85
121
132
111
154
159
143
175
142
123
142
174
139
138
150
121
103
131
120
111
89
88
107
93
67
70
110
131
107
124
94
66
113
72
48
77
43
70
87
47
65
91
88
70
65
69
101
96
89
110
138
132
139
122
123
162
166
164
104
120
128
146
149
152
161
139
138
158
175
164
142
128
130
136
172
143
104
88
110
127
113
107
113
115
127
73
63
76
63
80
77
68
62
57
101
113
94
91
81
109
135
115
90
134
144
129
125
148
121
152
137
104
145
154
133
165
142
119
114
117
104
78
126
91
93
112
88
75
65
63
68
105
66
80
80
23
50
49
47
54
73
42
40
69
62
69
91
100
127
112
129
126
139
147
117
143
136
153
126
117
151
153
118
123
155
120
108
116
135
142
121
93
136
162
134
122
81
94
108
83
130
81
113
112
65
95
64
86
88
55
104
100
85
72
104
113
94
135
152
159
163
154
118
123
154
151
156
185
129
101
127
154
120
107
94
107
108
98
109
78
93
80
37
35
88
66
49
109
71
89
60
81
115
144
136
134
146
141
128
151
127
89
109
97
141
130
113
123
105
94
140
187
177
180
166
164
126
147
150
121
115
80
130
149
94
67
119
161
162
181
167
152
168
180
157
121
106
170
146
113
121
98
85
107
129
83
40
61
97
65
97
83
126
105
100
111
105
133
131
141
187
157
161
115
149
197
154
179
155
208
184
143
132
94
104
132
131
102
105
102
112
140
133
128
88
129
158
124
151
148
131
176
160
107
137
154
156
163
204
160
140
195
164
183
201
160
203
199
159
175
197
179
214
199
239
191
180
181
150
140
159
207
179
199
186
201
197
160
143
138
136
174
161
170
185
154
155
123
138
146
143
118
140
168
164
154
171
176
149
174
171
201
200
192
201
211
205
218
218
167
186
168
202
197
194
139
147
181
174
177
154
206
186
144
158
138
146
131
107
138
138
144
132
164
158
122
136
124
174
168
184
158
177
190
156
167
160
153
136
168
122
143
196
136
169
164
219
189
180
265
217
249
203
205
183
184
227
175
167
196
183
174
179
156
148
155
190
153
175
191
166
207
188
159
169
119
184
169
121
143
119
166
159
125
155
183
202
166
188
178
192
203
171
211
189
180
185
187
196
173
224
177
158
170
159
178
160
166
148
166
174
169
167
148
168
139
166
140
138
157
184
187
191
185
174
177
178
206
200
205
184
154
134
135
148
144
163
176
175
218
190
209
200
194
238
257
254
264
254
252
270
263
224
220
205
198
122
128
167
99
142
176
132
161
162
141
158
144
167
149
132
137
100
120
94
76
73
92
121
139
164
159
157
166
200
176
176
183
166
177
215
180
182
193
182
189
164
163
185
163
141
94
148
168
156
176
156
140
142
159
105
131
118
148
135
152
172
161
172
134
163
197
165
128
141
154
158
167
179
139
138
143
150
183
156
167
147
163
222
229
225
206
221
250
230
282
250
286
297
248
225
197
207
179
163
175
188
183
168
164
160
100
160
159
125
141
110
95
106
148
116
71
94
128
137
114
130
126
121
119
145
146
111
153
172
190
169
202
194
128
124
170
211
171
158
189
174
177
184
179
229
198
162
147
155
161
147
137
166
194
178
132
130
140
157
172
179
222
216
210
186
197
168
169
204
189
183
177
175
139
128
151
158
158
131
177
184
202
201
172
212
223
255
252
201
231
207
179
193
189
167
145
186
188
152
147
136
167
142
143
132
124
136
122
120
108
177
120
89
89
118
142
149
101
126
126
132
175
167
182
156
187
164
139
116
135
158
161
182
138
169
136
149
137
93
145
145
136
122
114
70
79
64
46
75
65
77
103
61
66
89
61
68
89
101
102
111
107
137
138
104
103
96
97
87
84
81
100
65
86
82
99
135
128
121
118
155
150
182
142
176
184
163
130
158
135
119
148
119
103
68
86
67
58
45
59
17
45
34
11
30
18
11
-15
27
62
62
80
66
68
64
54
89
76
96
132
150
150
157
133
125
105
59
67
99
86
103
174
119
123
172
144
111
91
108
72
82
104
118
66
77
65
16
51
16
57
64
47
73
58
34
13
79
52
31
49
42
54
50
41
71
68
64
68
55
72
57
73
50
75
60
60
52
96
107
152
139
168
189
183
184
149
153
182
215
169
149
161
183
133
106
140
65
60
86
95
128
93
81
56
66
81
79
72
84
107
92
79
68
86
74
82
95
88
115
83
103
124
99
129
164
142
99
104
84
90
120
134
110
120
143
126
149
153
156
136
117
135
120
150
161
141
153
136
143
125
134
136
128
117
115
111
100
127
172
141
143
135
159
139
82
93
54
105
85
87
76
87
113
120
155
171
223
207
205
201
162
192
155
151
181
163
105
133
142
128
149
94
125
99
107
157
133
114
112
110
121
109
67
51
81
80
57
68
110
139
84
100
122
131
147
144
148
132
116
135
108
127
168
141
139
130
107
141
169
133
137
154
136
160
138
113
146
130
150
149
92
117
94
110
128
106
102
137
151
99
115
74
110
133
87
127
118
99
41
60
46
47
59
33
16
8
10
12
34
67
40
34
68
87
102
114
103
116
96
133
141
107
89
87
107
82
96
92
103
65
45
54
81
90
96
90
45
64
72
62
91
95
73
56
36
53
49
30
21
32
69
50
60
43
56
44
58
68
98
116
93
77
67
102
79
73
64
82
94
109
54
47
62
51
63
42
32
35
66
85
54
47
107
110
82
53
76
65
51
25
49
62
33
50
56
43
40
58
61
76
71
5
-28
-4
25
3
3
36
15
-1
35
56
25
69
57
80
91
68
89
107
105
71
53
78
92
70
77
57
7
-15
13
-10
-14
6
0
15
-12
-32
15
-2
-39
-14
-5
-44
17
31
28
91
60
36
5
65
76
49
65
84
54
84
54
39
75
59
72
30
44
38
30
52
74
70
52
66
68
34
20
50
61
78
92
93
74
136
87
75
106
46
55
52
59
34
66
95
89
49
17
4
9
43
-12
63
58
53
117
84
63
94
74
44
71
60
94
74
87
109
103
76
95
99
100
57
53
19
25
53
3
23
31
5
-10
31
-10
3
8
-24
38
47
35
39
14
23
52
22
13
11
-3
18
74
77
84
72
86
87
81
122
71
105
100
75
70
59
58
65
72
46
48
36
26
23
21
57
75
77
64
63
97
21
42
59
17
3
2
60
23
78
101
65
60
65
67
64
41
52
45
36
31
19
-12
11
94
82
110
75
83
83
92
67
59
83
47
67
54
58
63
81
54
65
83
83
46
-10
-23
-27
-17
-10
-26
29
73
13
23
44
33
48
34
64
94
72
81
40
88
137
121
89
47
73
71
46
72
87
83
78
41
132
125
117
113
97
166
110
98
105
99
94
144
117
84
83
40
68
28
18
56
32
50
58
43
72
82
84
93
34
10
51
46
66
62
56
91
84
101
117
108
93
59
72
65
86
108
110
123
151
124
89
111
105
106
71
110
99
120
105
78
93
69
64
35
21
25
47
87
39
45
9
-10
-11
-1
19
-3
45
53
45
32
68
47
79
83
49
34
34
34
61
77
39
78
51
60
35
-16
-26
-59
-30
-7
7
0
24
53
29
19
7
17
50
62
66
103
110
65
61
45
28
10
-6
-20
-18
-6
-35
-18
-53
-11
17
40
44
18
21
-32
-34
-46
-26
-23
-1
-3
-17
-20
-10
-16
-31
12
38
56
61
22
49
16
11
44
32
-12
-10
39
9
49
30
65
59
42
26
39
35
-21
-28
-31
4
-26
-21
-69
-91
-117
-61
-80
-75
-74
-105
-70
-98
-32
-81
-57
-52
-46
-33
3
-20
-19
19
-13
7
-5
-10
-8
1
12
20
11
-15
-13
-32
-23
-60
-82
-39
-101
-107
-76
-91
-43
-59
-86
-34
-100
-106
-76
-108
-84
-74
-65
-57
-16
-31
-66
-65
-70
-72
-67
-106
-82
-49
-70
-58
-92
-75
-46
-50
-63
-40
-36
-16
-29
-23
-22
-37
-58
-100
-89
-87
-95
-133
-102
-67
-64
-66
-36
-57
-43
5
4
-2
-45
-41
-28
-85
-34
-54
-87
-78
-75
-76
-109
-112
-136
-99
-122
-91
-67
-27
-33
-15
-10
-18
48
50
31
8
18
9
-5
-24
21
-17
-50
-56
-68
-75
-79
-46
-54
-56
-45
-53
-45
-24
-7
17
6
-24
28
-1
20
-2
-17
3
-68
-26
-24
-42
-79
-85
-71
-30
-8
-28
57
35
37
78
73
39
36
26
20
29
-21
-27
-10
-9
31
21
-24
-30
-22
-12
0
-11
25
66
81
111
85
77
74
86
78
35
49
67
47
41
27
40
2
-21
-5
-17
-18
-37
-59
-22
-24
6
51
66
91
71
70
111
67
66
56
58
95
69
94
111
71
49
80
26
37
17
8
-19
-18
-10
-50
-25
-47
-34
-52
6
-30
-44
-55
-43
-49
-71
-44
-45
-42
1
15
-47
-13
26
25
-13
26
6
11
13
13
-31
-43
-62
-83
-76
-87
-50
-66
-76
-59
-61
-1
-30
-43
-34
-20
16
-38
-33
-42
-69
-68
-73
-82
-79
-116
-133
-165
-105
-92
-70
-30
-34
-44
-48
-62
-21
3
-2
-26
-34
-43
-38
-65
-39
-18
-81
-49
-111
-79
-22
-5
20
2
46
48
34
34
45
47
67
26
0
2
-41
-20
-96
-82
-46
-77
-60
-36
-47
-55
-53
-33
4
33
45
59
112
53
67
17
-9
-41
-45
-8
-21
3
-11
26
2
-9
-12
-44
18
-3
-22
31
13
6
53
32
30
69
22
16
44
36
36
19
33
48
50
38
28
2
-8
-7
4
30
0
6
9
-69
-50
-18
-3
-33
-20
52
27
57
75
77
52
38
59
35
40
46
4
-7
-11
-28
-41
-40
-46
9
-17
3
55
71
102
109
114
98
89
88
155
104
68
89
70
43
-2
24
-1
6
-10
-12
-32
-21
-4
-42
-12
-3
28
47
60
40
40
30
4
17
1
-30
-1
16
2
-9
-26
-16
-46
-31
-36
-31
-28
-37
-24
-14
-1
-26
25
-34
13
26
-8
30
13
49
50
19
-15
-1
-30
25
-2
-64
-30
-53
-39
-1
-24
11
-2
-41
-34
-31
5
-49
-54
-59
-22
1
-16
59
-8
-27
19
-18
21
-5
-28
-13
-16
-4
3
-3
10
-68
-55
-23
-66
-60
-18
15
-10
18
32
36
62
68
47
31
50
1
-6
25
-3
-20
-81
-78
-91
-93
-56
-66
-65
-41
-44
-56
-38
23
-3
15
-5
5
31
22
-3
-12
-13
-19
-36
-48
-52
-76
-60
-50
-56
-53
-20
23
-18
-25
19
13
12
28
33
-11
21
39
65
70
26
22
17
-2
-3
-19
-58
-64
-61
-85
-74
-36
-3
6
-49
-57
-40
-27
-30
-43
-17
1
21
16
33
56
38
9
-7
-2
-16
-25
-29
-16
1
5
23
34
28
8
32
46
79
78
67
53
52
59
38
33
31
0
-27
-33
-39
-25
-36
-34
-4
-10
-39
-88
-87
-65
-75
-73
-38
-55
-34
-47
-55
-55
-54
-85
-95
-29
-62
-17
-77
-28
15
3
6
29
53
-18
30
19
37
33
20
27
30
70
51
46
8
30
-12
49
-2
3
54
5
13
-9
-30
-41
-40
-85
-90
-67
-56
-50
-98
-116
-58
-38
-72
-53
-33
-66
-34
-51
-3
7
12
-27
6
-38
-52
2
-84
-89
-96
-129
-107
-114
-146
-106
-65
-91
-91
-64
-38
6
46
11
29
35
73
63
62
68
9
-37
-34
-81
-88
-61
-70
-59
-83
-25
-34
-39
-60
-67
-35
-7
8
48
14
7
47
-39
-24
-4
-55
-77
-115
-123
-118
-75
-96
-37
-56
-57
-32
-85
-28
-42
-31
-28
-13
-8
9
2
34
-27
-58
-46
-68
-51
-90
-44
-11
-63
-62
-50
-46
-48
-92
-64
-95
-93
-93
-46
-15
-23
-14
-12
-8
-10
14
12
-7
4
10
7
-10
-31
-62
-81
-62
-78
-93
-92
-74
-41
-40
-29
20
-11
-23
5
1
5
39
63
41
60
44
24
18
1
-16
-42
-54
-71
-49
-48
-17
-7
-15
-6
22
-6
5
42
14
8
29
27
11
36
19
16
18
37
-12
-15
-11
-22
-46
7
30
0
8
-18
-10
-33
-80
-99
-48
-77
-53
-38
-28
-61
-83
-84
-111
-85
-70
-45
-67
-71
-55
-63
-76
-120
-90
-65
-53
-59
-92
-20
-2
6
17
34
13
-25
-5
-5
-44
-37
-6
-66
-42
-54
-107
-96
-103
-125
-124
-115
-157
-132
-68
-19
-19
-18
48
25
-10
-2
-6
-2
-15
-40
12
-34
-97
-72
-122
-166
-168
-156
-208
-166
-161
-150
-119
-72
-60
-107
-59
-59
-4
-32
-12
-32
-7
8
25
-14
-9
4
-28
-48
-60
-47
-52
-86
-78
15
-13
-7
20
25
2
-2
-33
-73
-52
-56
-45
-55
-84
-99
-97
-107
-114
-98
-65
-48
-8
-57
-8
28
-8
17
-8
-7
-16
-18
-27
-11
-31
-70
-23
-32
-16
-8
10
-51
-32
-34
-47
-43
-41
-30
-61
-41
4
-17
-26
-19
4
19
23
32
26
41
-4
1
-28
-31
-1
-38
-47
-27
-32
-49
-60
-86
-73
-59
-53
-98
-100
-66
-90
-93
-96
-107
-97
-85
-109
-119
-108
-76
-70
-90
-99
-95
-99
-107
-42
-70
-77
-53
-78
-9
-13
-15
-45
-46
-57
-74
-47
-91
-66
-92
-114
-92
-61
-74
-62
-58
-94
-62
-74
-82
-88
-83
-61
-26
-24
-15
-31
-4
-1
-18
9
-68
-21
-33
-63
-66
-89
-68
-95
-95
-138
-107
-164
-131
-121
-129
-117
-108
-78
-92
-72
-85
-78
-59
-76
-99
-88
-64
-75
-78
-58
-43
-19
-11
-40
-5
-27
-31
5
-14
6
9
-17
-43
-31
-70
-63
-49
-59
-92
-87
-59
-48
-67
-66
-81
-38
8
-50
-47
-60
-55
-76
-108
-75
-61
-64
-23
-44
-58
-51
-56
-95
-59
-90
-71
-78
-85
-99
-116
-110
-105
-73
-91
-46
-68
-43
-56
-31
-47
-62
-29
-72
-21
-30
-18
-4
-35
-11
4
18
18
8
5
-31
-53
-4
-61
-69
-93
-102
-79
-102
-99
-82
-102
-97
-82
-57
-62
-29
19
1
-11
-40
-8
-14
-20
-18
-19
-6
-71
-86
-51
-67
-64
-70
-95
-89
-106
-107
-83
-21
-25
-22
18
36
2
30
11
-28
6
50
37
15
8
-13
-46
-73
-71
-75
-61
-58
-42
-49
-47
-61
-40
-30
-6
-35
0
23
-3
10
42
31
30
26
-35
-67
-75
-108
-138
-145
-155
-124
-129
-68
-73
-78
-25
-31
-26
-5
11
20
24
57
7
3
-1
22
18
-57
-87
-133
-137
-146
-155
-119
-111
-85
-69
-81
-23
-51
22
54
22
36
82
73
64
73
4
-15
-18
-11
11
-14
-9
-49
-27
-22
-53
-48
-6
0
10
23
-12
5
-27
27
51
85
54
3
32
0
-7
-47
-14
-41
-59
-64
-56
-61
-73
-64
-49
-49
-49
-26
-32
21
-6
17
45
24
-5
4
-7
12
51
23
5
-54
-2
13
11
26
8
-29
-41
-12
-2
-36
-21
-34
-61
-54
-11
-35
-50
3
-19
-26
16
3
5
22
-19
-17
-32
1
-2
-18
-8
-9
-23
-7
-22
-23
-20
-38
-25
-18
-18
18
26
38
65
32
47
61
42
77
58
54
59
44
35
47
27
-7
-16
-1
-13
-21
-24
-62
-29
-27
19
-7
2
25
7
53
32
5
15
56
59
36
-11
16
-13
-6
-5
-18
20
-12
-63
-46
-3
-26
-17
26
50
41
-5
25
49
38
36
73
66
19
40
-9
-31
-36
-64
-57
-44
-45
-36
-9
-10
-21
-15
-20
43
50
43
37
32
36
55
32
28
16
-19
-19
-32
-44
-52
-63
-60
-54
-36
-56
-83
-52
-36
4
-3
43
80
32
62
40
55
81
15
36
13
0
5
-71
-68
-94
-154
-151
-140
-133
-159
-113
-141
-122
-65
-86
-33
-12
16
27
35
-2
31
33
