-15
-29
-19
-21
-36
-72
-51
-42
-37
-32
-44
-104
-9
-22
-70
27
6
27
17
-23
-24
-46
-60
2
13
-5
9
43
-49
-16
4
-6
47
42
44
18
34
38
46
38
91
61
25
24
50
59
24
31
55
43
85
13
-42
-8
23
56
69
81
64
68
89
49
35
84
66
82
76
54
58
85
82
23
105
169
97
121
121
75
82
82
50
60
46
70
71
73
87
39
82
92
62
40
-10
38
-28
-1
35
-49
-50
-1
-7
-2
10
24
64
38
68
38
-19
-42
25
24
-22
-5
-39
-47
-25
-50
-19
36
10
29
27
-17
-34
-31
3
11
-12
15
-40
-67
-2
-55
-37
0
-8
-14
-21
-43
-100
-48
-14
-63
-23
12
-20
-18
-17
2
63
67
33
-1
-27
-50
-62
-35
-23
-62
-67
-77
-59
-84
-41
-15
-36
-20
-71
-23
-19
-15
-35
-54
-92
-98
-73
-80
-62
-19
-42
-18
11
18
-53
-56
-52
-53
10
-22
-12
-26
-34
-58
-46
-34
20
22
5
-10
-55
-19
-57
-35
48
-9
-6
-10
-25
-23
-18
-17
-6
21
12
-43
-89
-88
-42
-26
-28
13
-13
-16
-14
-15
20
25
46
34
-11
-60
-44
-1
16
35
19
52
31
77
103
99
130
123
99
113
45
32
40
9
69
76
75
47
56
43
57
47
87
92
72
55
-22
-26
-2
24
4
-9
-14
22
50
61
45
25
-6
-3
6
-58
-57
4
-30
29
-5
-89
-36
-36
-11
11
33
76
96
111
78
3
34
29
14
36
-17
-55
-71
-60
-24
45
70
53
28
50
45
1
12
7
-43
-44
-13
-52
-16
-23
-69
-35
-54
-36
29
24
51
51
-6
-4
0
-6
1
13
0
9
11
10
15
-7
-49
-17
5
34
138
105
97
38
35
19
-1
21
30
38
42
57
56
37
14
1
3
33
41
43
-38
-33
-19
5
65
38
70
52
75
79
34
34
20
10
-3
20
-12
46
60
50
109
102
95
65
38
91
29
78
57
23
54
-11
6
-16
-9
50
40
65
128
88
102
108
63
66
36
44
107
98
99
70
73
39
65
130
47
61
56
77
87
89
48
56
89
94
81
68
71
55
68
9
-3
18
60
-3
4
-10
1
31
28
37
87
61
60
56
15
42
13
-26
-58
-67
-36
-46
-27
-3
-18
13
42
-17
-35
9
33
21
2
10
-10
7
-29
-78
-23
-9
7
15
-14
-20
-4
-5
20
29
34
45
-9
-33
12
1
-34
-32
-57
-28
-35
-27
-61
-24
26
-13
12
-14
9
21
-11
49
62
19
-30
-46
-44
-71
-66
-38
8
1
-6
-20
15
-15
-11
23
40
68
35
42
-23
-37
-32
-47
-11
29
33
35
-5
-25
-51
-66
-56
-16
31
36
71
18
-41
-31
-1
12
49
77
20
57
-3
-14
31
22
11
40
5
37
26
-20
-7
-62
-77
-74
-86
-51
-15
-71
-28
-38
-43
-43
-79
-45
-42
-38
-41
-53
-34
-70
-110
-98
-132
-174
-166
-134
-113
-169
-162
-128
-112
-87
-91
-78
-41
-69
-143
-138
-144
-140
-105
-137
-135
-147
-162
-138
-108
-90
-96
-91
-125
-94
-39
-63
-84
-99
-114
-119
-140
-192
-143
-151
-146
-120
-101
-62
-77
-70
-101
-43
-17
-56
-13
-66
-41
3
-36
-38
-28
-18
-28
-32
-65
2
-24
6
23
-13
60
57
52
101
61
80
42
50
112
76
111
49
42
63
87
80
74
89
83
76
96
58
70
65
70
83
9
77
51
40
70
63
52
89
70
35
49
19
56
66
33
71
82
112
108
78
63
15
-30
-7
-13
-44
-37
-29
-30
-5
-15
-33
-47
-59
-29
-12
26
36
25
-32
-44
-41
-32
-47
-25
-46
-42
-38
-85
-64
-99
-105
-60
-60
-58
-82
-62
-113
-131
-125
-142
-131
-137
-139
-170
-174
-121
-98
-118
-112
-123
-80
-45
-74
-18
-33
-104
-87
-67
-86
-132
-106
-123
-107
-99
-98
-89
-67
-61
-30
-72
-56
-40
-85
-44
-104
-83
-95
-16
-24
-78
-39
-75
-18
-7
-38
-43
-37
17
-5
-54
-30
-41
-48
-46
3
39
-20
23
4
37
69
38
48
22
47
50
22
32
36
-3
26
21
6
81
73
70
54
58
91
35
54
89
76
47
26
75
22
9
52
56
27
-22
-41
-13
25
-15
-2
21
15
-13
-55
-72
-48
-12
-7
-1
24
56
56
22
31
9
23
69
26
-36
-5
-17
-45
-21
-42
-31
14
8
-34
-79
-84
-87
-105
-126
-174
-166
-128
-114
-138
-111
-173
-189
-134
-170
-158
-148
-109
-92
-118
-124
-124
-99
-118
-90
-58
-104
-91
-58
-83
-103
-146
-130
-118
-127
-123
-117
-72
-99
-73
-10
-56
-36
-35
-55
-26
-43
-64
-73
-78
-117
-106
-63
-43
-90
-71
-77
-125
-82
-41
-35
-13
-22
25
39
14
-34
0
-36
-63
-6
-16
-12
-7
-37
-69
-36
-77
-19
6
15
34
-5
14
-35
-48
-16
-43
-38
-33
12
-41
-55
-25
-6
15
40
28
50
5
-12
57
16
14
9
-1
3
-42
-20
-48
-68
-28
-46
-84
-34
-27
-48
-25
-27
-52
-37
-95
-87
1
-54
-57
-65
-84
-94
-114
-109
-78
-118
-98
-84
-97
-91
-74
-51
-100
-73
-43
-33
-61
-65
-62
-30
-51
-75
-46
-8
-27
-29
41
7
10
-4
-23
35
33
50
43
26
37
40
-19
-8
-38
5
2
-17
9
-35
-29
-50
-21
-19
-75
-35
2
-20
-3
-4
-45
-18
-21
-18
-20
-25
7
-22
-12
-24
-9
-17
-53
-16
-16
-26
-53
-36
-48
-29
33
26
18
24
-11
-11
-33
-52
-38
-28
-30
-14
-8
-34
5
-40
-76
-109
-148
-101
-121
-94
-69
-5
-16
-75
-56
-82
-62
-59
-34
-14
0
-26
-48
-41
-61
-60
-22
-6
-29
-4
-25
-33
1
-17
-38
-48
-16
-25
-44
-23
-47
6
23
7
19
-45
-34
-40
-22
-4
-12
-9
-27
-15
-58
-44
-5
-23
-10
29
-7
-20
-29
-99
-92
-95
-104
-38
-8
-33
-42
-45
2
-27
-9
-19
-3
2
8
53
9
24
13
-13
-22
-3
-10
-13
20
36
10
-21
8
22
-28
-8
-28
-26
-20
-61
-60
-9
-20
-20
32
16
-3
-8
-18
-19
-11
61
61
26
41
34
-4
40
55
4
32
28
41
51
46
97
68
8
-2
18
-1
28
12
36
67
48
68
11
-38
-58
27
-12
-28
37
0
22
31
-30
-64
-57
-28
-3
-2
30
40
5
-13
-9
-31
-42
-25
14
-14
-32
-76
-88
-33
-20
12
30
-14
-22
8
-34
-65
-36
-56
-67
-80
-62
-42
-51
-91
-62
-16
14
33
24
12
-17
-79
-87
-98
-85
-75
-116
-94
-77
-62
-68
-23
-47
-27
-40
-82
-79
-92
-67
-90
-91
-64
-76
-64
-50
-64
-85
-89
-57
-94
-123
-52
-63
-70
-57
-93
-72
-8
-52
-103
-70
-100
-165
-96
-93
-109
-95
-105
-109
-104
-87
-101
-103
-132
-128
-89
-92
-47
-11
-65
-87
-60
-90
-147
-108
-113
-134
-129
-144
-154
-155
-136
-110
-95
-96
-127
-71
-118
-154
-141
-147
-128
-66
-98
-84
-78
-102
-38
-84
-93
-90
-87
-67
-43
-67
-62
-85
-120
-78
-74
-71
-76
-71
-60
-77
-112
-96
-89
-108
-43
-76
-93
-71
-43
-76
-78
-70
-85
-117
-98
-74
-103
-71
-121
-118
-76
-140
-136
-151
-127
-121
-163
-96
-77
-64
-98
-115
-81
-114
-128
-125
-132
-138
-104
-75
-94
-137
-124
-89
-92
-59
-143
-121
-87
-69
-63
-77
-88
-96
-70
-80
-57
-36
-54
-65
-8
-41
-61
-50
-48
-50
-60
-80
-58
-50
-41
-60
-59
-25
-95
-79
-85
-46
-77
-39
-24
-44
-3
-30
-16
-86
-80
-38
-36
-7
-20
-31
-85
-89
-55
-76
-92
-108
-97
-83
-62
-111
-59
-71
-114
-75
-76
-51
-74
-122
-113
-96
-93
-92
-121
-93
-144
-109
-63
-104
-90
-94
-113
-98
-81
-84
-111
-152
-183
-142
-147
-149
-68
-85
-121
-124
-114
-148
-124
-100
-105
-155
-157
-94
-106
-107
-78
-93
-126
-109
-101
-92
-86
-78
-75
-81
-93
-107
-56
-78
-96
-113
-120
-61
-69
-90
-91
-52
-46
-60
-21
-25
-51
-44
-58
-79
-84
-62
-75
-35
-99
-101
-86
-70
-54
-76
-41
-25
-24
-75
-69
-94
-77
-114
-67
-40
-111
-70
-87
-120
-111
-64
-74
-84
-120
-119
-87
-106
-152
-124
-115
-119
-128
-146
-73
-70
-87
-115
-86
-92
-115
-31
-45
-48
-109
-87
-95
-111
-63
-103
-86
-126
-95
-71
-81
-106
-110
-53
-33
-22
-72
-45
-57
-72
-83
-104
-103
-87
-72
-98
-72
-84
-59
-50
-60
-9
-19
-44
-27
-40
-44
18
-9
19
-7
-11
-22
10
11
-39
24
12
-17
13
12
10
28
-22
-27
15
40
-39
-33
6
-3
-23
-34
-63
-26
0
-46
-21
-32
-29
13
-15
-42
-1
5
39
50
71
44
42
15
-52
1
14
-30
-22
-9
2
-9
-29
-17
-16
-13
-30
-32
-18
2
-5
-15
-40
-58
-53
-25
-29
-25
10
-3
-13
-1
3
13
3
2
10
-15
-13
-16
-38
-14
-17
-74
-20
-1
-57
-34
-36
-56
-74
-56
-44
-83
-125
-99
-127
-120
-79
-90
-56
-46
-87
-71
-46
-15
-19
-88
-51
-81
-85
-77
-125
-60
-98
-104
-98
-86
-51
-74
-91
-91
-120
-131
-94
-106
-115
-137
-110
-101
-96
-135
-104
-116
-59
-82
-122
-66
-90
-50
-57
-62
-71
-105
-89
-92
-76
-95
-70
-89
-93
-80
-86
-55
-92
-91
-74
-62
-110
-86
-97
-158
-74
-79
-65
-80
-64
-115
-92
-62
-91
-60
-55
-75
-70
-32
-85
-74
-108
-60
-25
-39
-27
-26
12
-22
-21
18
-8
-27
-39
-32
-27
-48
-47
-96
-67
-114
-92
-20
-30
-1
5
-10
-13
2
-44
-54
-21
-27
-17
-37
-35
-63
-99
-43
16
-38
-32
-76
-67
-44
-46
-27
-4
26
-43
-18
-28
-24
9
2
12
5
10
19
43
15
15
23
31
2
-9
21
-1
28
37
31
44
12
21
10
11
-23
-9
34
2
-19
2
-3
-4
3
22
-15
-46
-42
7
-9
-29
-21
-60
-25
-25
-47
-22
-63
-84
-69
-68
-30
-35
-20
-36
-15
19
-23
-30
-13
-17
12
28
20
-4
24
-12
-37
-26
-12
-38
-55
-10
-19
1
-47
-44
-28
2
-5
-47
-64
-59
-77
-64
-55
-47
-52
-44
-46
-48
-44
-93
-106
-64
-47
-53
-80
-82
-78
-74
-110
-110
-55
-82
-66
-31
-35
-28
-43
-54
-79
-49
-38
-44
-39
-112
-89
-84
-59
-60
-37
-81
-103
-61
-73
-82
-62
-86
-81
-79
-91
-64
-81
-52
-70
-78
-40
-64
-78
-41
-67
-16
-48
-40
-65
-45
-31
-46
6
-30
-35
-51
-72
-67
-58
-41
-38
-42
-42
-40
-32
9
-11
-30
4
17
6
4
26
-10
10
33
40
41
44
55
58
34
52
59
61
55
65
47
33
75
50
62
57
73
38
45
13
36
64
27
59
19
39
46
58
69
65
77
63
77
72
76
94
99
66
58
81
83
25
11
54
28
14
15
54
28
34
26
14
26
13
29
7
35
-9
-31
-48
-26
-4
2
-5
-18
-21
-39
-50
-37
-25
-14
15
-42
-21
-10
-34
-42
-37
-37
0
4
-36
-1
0
36
40
-24
-39
-22
-45
-40
-29
-38
7
-38
-87
-53
-64
-47
-89
-61
-13
-55
-46
-67
-137
-108
-90
-82
-80
-76
-77
-78
-82
-85
-54
-52
-17
-66
-73
-52
-43
-87
-75
-70
-67
-78
-85
-65
-97
-107
-98
-81
-51
-28
-68
-48
-26
-48
-65
-106
-68
-96
-98
-117
-106
-113
-115
-115
-146
-132
-137
-104
-107
-100
-119
-111
-97
-98
-85
-96
-121
-75
-65
-77
-116
-128
-77
-104
-96
-93
-85
-94
-61
-107
-77
-58
-96
-115
-125
-76
-30
-71
-56
-70
-105
-60
-103
-92
-106
-70
-65
-35
-27
-92
-53
-28
-93
-61
-78
-60
-79
-68
-52
-50
-49
-56
-19
-69
-59
-33
-16
14
-2
-43
-48
-37
-59
-29
-66
-44
-39
-83
-55
-68
-75
-47
-21
-43
-43
-48
-5
-83
-39
-16
-59
-71
-43
-42
-53
-60
-55
-45
-39
-42
-69
-47
-62
-6
-40
-39
-52
0
-14
-28
-27
-69
-39
-39
-14
-37
-47
-27
-64
-41
-40
-82
-106
-72
-51
-65
-53
-55
-62
-69
-85
-78
-57
-88
-68
-46
-32
-50
-24
-10
3
-33
-53
-61
-94
-70
-44
-37
-68
-51
-77
-58
-54
-49
-47
-58
-32
-54
-17
-21
-53
-22
-43
-54
-39
-28
-25
-23
-32
-53
-38
-66
-73
-45
-54
-48
-39
-47
-56
-53
-77
-47
-74
-70
-60
-42
-29
-66
-74
-64
-55
-63
-47
-89
-82
-79
-87
-74
-78
-48
-15
-10
12
-6
1
-65
-27
4
-57
2
23
4
20
30
25
9
8
7
2
29
28
52
38
35
63
65
53
67
39
49
63
42
51
46
56
92
67
26
-8
11
48
27
28
45
55
48
66
84
99
73
67
50
54
34
30
54
39
66
48
54
77
79
39
31
66
24
35
53
30
50
66
41
42
42
43
-25
-9
-13
29
4
6
9
21
37
25
38
12
46
-18
-21
42
5
-18
-44
-61
-10
-22
-16
-36
-5
-15
-11
22
-28
2
9
19
27
45
28
16
32
85
85
66
57
51
102
106
118
85
81
67
76
59
71
39
68
68
30
63
60
97
85
86
75
46
18
15
43
42
65
76
85
80
40
45
58
42
77
65
77
113
78
74
87
91
64
95
82
42
59
92
117
90
113
124
123
129
90
102
115
79
67
54
61
67
99
47
66
88
85
117
90
84
79
89
42
10
-19
7
-5
14
-26
-43
16
34
-11
-14
19
46
38
4
-32
-18
42
21
35
6
38
19
9
24
0
51
44
62
24
24
13
7
35
-28
-17
-13
0
19
-19
0
14
-14
-7
-17
-15
-20
13
13
-38
11
-28
-19
-12
-18
-17
-16
10
-4
-17
-3
43
35
12
3
5
10
9
11
14
-9
36
66
-13
11
44
-4
-9
6
-12
20
-18
37
25
-16
39
-11
0
3
-8
17
18
24
16
-2
7
8
13
15
-9
12
-45
9
3
28
39
-23
8
-24
-4
3
7
-7
6
26
11
22
-13
32
42
-6
46
56
30
37
35
44
59
-11
-17
15
25
27
53
20
67
46
40
37
28
55
18
19
31
48
35
53
22
39
68
56
40
5
5
-6
-12
-45
-42
-17
-37
-22
18
8
-9
-17
8
2
7
-8
24
43
47
39
29
6
4
21
-11
-29
5
26
25
26
17
12
58
63
55
38
17
18
-9
5
38
7
28
23
-42
-20
-18
-4
-4
55
-7
-8
13
27
36
13
52
-32
-13
-2
-18
23
11
12
25
33
31
34
76
68
58
48
76
104
85
98
82
134
123
92
108
71
89
77
55
67
90
108
108
61
79
61
73
62
59
57
28
68
51
82
50
68
81
100
131
142
103
86
86
101
74
30
69
79
82
96
83
39
49
55
44
59
53
37
42
51
67
59
30
15
43
56
20
21
47
11
12
29
34
91
61
70
53
37
44
47
46
24
32
-31
-16
9
-48
-30
35
26
1
-25
-12
-29
-38
-2
-44
-53
-8
-13
-12
-25
-12
-25
-30
-18
-14
-27
0
-2
-3
-9
-20
-41
5
31
30
49
25
19
-16
3
18
64
44
25
70
44
50
0
12
23
9
5
-33
1
9
7
67
56
39
53
50
47
-4
28
68
31
53
48
45
63
56
78
35
50
88
106
97
75
95
107
127
107
148
125
97
133
120
121
147
126
129
143
114
143
142
143
143
128
139
171
126
118
111
160
145
165
127
98
134
134
150
140
151
157
154
161
127
82
114
125
73
87
121
66
56
92
105
114
134
133
123
121
81
112
111
75
89
57
59
98
76
95
89
94
46
74
77
54
85
93
115
87
100
135
149
106
111
104
63
95
93
53
71
57
82
61
35
-1
28
34
22
-3
3
47
14
7
19
-7
-18
-16
-68
-1
-38
-77
2
-40
-36
-58
-52
-38
-45
-67
-60
-32
-18
-9
4
-46
-41
-49
-70
-51
-49
-58
-48
-63
-70
-109
-116
-87
-117
-72
-68
-99
-108
-119
-138
-125
-112
-118
-88
-97
-124
-141
-96
-89
-103
-89
-64
-91
-58
-57
-81
-46
-62
-76
-38
-31
-19
-7
-40
-34
-62
-58
-32
-61
-53
-15
-54
-52
-28
-66
-48
-58
-12
-31
-22
19
-34
-41
-61
-58
-67
-59
-44
-57
-20
-45
-41
7
6
-15
-25
15
30
22
18
-24
33
22
-3
39
23
33
25
34
15
-18
16
46
40
30
32
42
39
37
45
22
34
101
38
44
18
-2
20
22
22
12
7
34
29
5
1
3
-20
12
42
36
34
15
9
-30
-29
-43
-18
-2
10
-7
-4
-16
0
19
-23
34
-18
-23
-30
-38
-13
-31
-26
0
5
-16
-16
-28
-42
-37
-43
-57
-56
-30
-43
-53
19
-57
-53
-47
-75
-7
-66
-75
-100
-77
-71
-77
-85
-97
-80
-84
-95
-112
-64
-59
-24
-59
-73
-75
-83
-80
-56
-77
-28
-26
-24
-39
-83
-51
-40
-66
-62
-63
-29
-42
-66
-13
-41
-7
-36
-57
-41
-42
-36
15
23
-28
-53
-14
19
27
-21
-33
-29
-39
-49
-53
-53
-85
-18
-33
-64
-14
-88
-104
-53
-75
-51
-42
-32
-70
-89
-67
-47
-18
-16
-32
-33
-39
-66
-52
-42
-42
-44
-46
-57
-70
-47
-65
-33
-56
-71
-71
-73
-51
-62
-55
-95
-81
-117
-109
-102
-88
-94
-85
-91
-129
-65
-128
-107
-44
-78
-88
-75
-83
-44
-74
-59
-60
-99
-67
-64
-61
-25
-34
-70
-11
11
-25
9
-7
-4
37
28
19
-4
37
26
1
-3
0
19
-13
26
-4
41
41
30
30
10
2
19
31
8
39
22
30
16
47
45
29
35
2
-8
27
18
14
19
20
17
4
34
23
16
7
-9
-34
9
-26
5
-9
-36
4
-21
15
22
28
22
-21
-26
-6
16
-11
-42
-12
14
-1
-64
-33
24
-19
-38
13
11
-19
-41
-16
-35
-57
-39
-55
-22
-45
-40
-30
-34
-46
-52
-74
-69
-62
-78
-67
-69
-74
-78
-98
-95
-79
-89
-69
-56
-92
-88
-60
-24
-80
-113
-99
-117
-115
-75
-44
-58
-69
-57
-75
-67
-63
-104
-84
-96
-124
-102
-126
-161
-148
-122
-149
-138
-95
-145
-134
-121
-180
-152
-202
-165
-156
-178
-122
-169
-176
-133
-121
-151
-108
-169
-169
-94
-115
-123
-153
-115
-123
-132
-100
-108
-122
-121
-102
-94
-123
-90
-75
-91
-91
-101
-150
-122
-169
-179
-100
-110
-61
-78
-44
-78
-93
-119
-95
-30
-68
-54
-44
-24
-38
-70
-71
-41
-16
6
-9
8
24
16
-4
-13
-36
-13
18
-10
-4
6
-11
0
19
27
5
-18
9
7
-4
0
-32
-22
-26
-4
-10
14
29
25
3
4
38
18
38
56
57
28
36
33
-3
0
8
40
5
1
21
24
1
-11
30
43
30
6
16
-10
26
35
25
56
9
35
30
-25
20
59
68
48
2
3
-9
-40
1
-34
-25
-31
-19
-18
-53
-11
-14
-45
-58
-75
-51
-32
-27
-7
15
-20
-21
-13
-26
-8
17
11
-3
9
-43
-35
19
-62
-25
-62
-71
-19
-41
-53
-42
-36
-63
-24
-83
-61
-85
-102
-45
-79
-76
-77
-69
-87
-66
-68
-84
-33
-55
-84
-97
-49
-30
-41
-28
-32
-56
-28
-35
-77
-53
-37
-23
-33
-80
-89
-89
-91
-83
-81
-87
-76
-45
-62
-60
-55
-88
-83
-67
-54
-38
-77
-102
-80
-52
-35
-83
-89
-84
-106
-87
-64
-14
-64
-64
-90
-102
-35
-84
-106
-96
-118
-74
-97
-125
-68
-145
-126
-86
-101
-93
-94
-69
-81
-90
-88
-122
-100
-102
-82
-100
-134
-121
-104
-85
-62
-15
-67
-132
-124
-158
-159
-130
-110
-102
-107
-60
-76
-62
-77
-52
-69
-65
-46
-59
-51
-51
-59
-17
-33
-50
-20
-37
-30
-50
-48
-28
2
21
6
-50
-26
-36
-6
-36
-40
-6
-46
-54
-4
-20
-74
-53
-29
-27
-31
-19
-16
-35
-65
-45
-41
-25
-55
-24
-30
-36
12
-18
-24
-10
4
48
20
3
13
24
36
9
28
20
-1
15
16
46
28
-39
14
-22
-24
-52
-30
-15
-29
14
-49
-15
-16
-2
-15
-32
-23
25
-13
-32
21
30
18
-24
-8
-10
-20
-1
-47
-48
-70
-54
-32
-47
-32
-37
-51
-28
-53
-45
-17
-68
-15
-26
-68
-50
-29
-46
-21
-24
-30
0
-38
-44
-15
-24
-54
-66
-76
-50
-40
-33
-51
-41
-37
-36
-66
-63
-60
-45
-21
-18
-48
-55
-77
-95
-96
-72
-73
-67
-63
-58
-27
-34
-16
-23
15
-11
-38
6
-35
-46
-65
-40
0
-31
-49
-34
-4
0
10
13
34
11
-4
19
20
1
-24
-14
-5
-40
-35
-27
-49
-57
-78
-55
-52
-63
-9
-52
-46
-30
-36
-30
-17
-26
-9
-46
-43
-27
-3
-17
-10
-27
-60
-50
-64
-48
-93
-70
-55
-23
-37
-38
0
-9
-75
-16
-27
-70
-39
-57
-49
-23
-17
-52
-46
-34
-19
-31
-29
-22
21
-1
-59
-69
-64
-50
-27
-22
-27
-2
1
-13
24
7
-11
-15
3
24
30
-17
-1
27
-14
21
25
-22
9
19
4
44
-45
-59
-25
-34
19
-29
-68
-32
5
-47
-31
-25
-54
-79
-87
-55
-50
-56
-20
1
-37
-48
-45
-29
-17
-36
-16
-36
-44
-56
-63
-40
-59
-33
-58
-9
-8
-30
-33
-33
-5
-34
-44
-64
-44
-72
-82
-44
-36
-25
-53
-55
-80
-73
-43
-59
-51
-48
-85
-84
-70
-81
-63
-79
-40
-41
-69
-46
-44
-63
-37
-84
-66
-33
-55
-81
-52
-56
-51
-81
-84
-77
-89
-41
-45
-52
-68
-50
-50
-12
-1
-16
-25
-16
-35
-58
-50
-68
-43
-72
-29
-60
-96
-62
-70
-32
-48
-60
-51
-49
-24
-26
-81
-79
-41
-22
-51
-94
-32
-42
-43
-30
-39
-23
-16
-9
10
16
8
-18
-36
-61
-55
-18
-17
-5
40
23
-7
-14
-42
-45
-7
-35
-33
-13
-33
-10
-53
7
-23
-47
-24
-38
-41
-47
-40
-42
-25
-75
-41
-12
9
-12
-77
-36
-32
-32
-39
-22
-9
-46
-23
-34
-54
-31
-45
-14
-40
-35
-29
-31
-26
-36
-8
-6
-40
-19
14
37
0
-7
-51
-98
-117
-93
-64
-64
-71
-23
-21
-81
-62
-93
-69
-105
-37
-55
-61
-40
-59
-13
-9
-35
-25
-38
-46
-32
-44
-25
-24
-31
-50
-60
-26
-72
-19
-51
-17
-32
-25
-25
-42
-31
-28
-43
-58
12
-39
-45
-36
-16
-25
-47
-93
-74
-29
-77
-63
-56
-55
-40
-49
-24
-66
-55
-82
-76
-30
-35
-8
-16
-26
-31
-81
-88
-94
-59
-54
-88
-47
-46
-40
-50
-89
-69
-61
-46
-23
-101
-74
-71
-117
-119
-75
-72
-60
-98
-100
-135
-167
-126
-148
-148
-163
-139
-139
-111
-128
-124
-119
-135
-133
-138
-124
-136
-137
-165
-177
-180
-174
-220
-211
-201
-190
-167
-144
-187
-230
-157
-187
-198
-163
-210
-170
-197
-232
-216
-210
-209
-207
-207
-176
-211
-199
-191
-226
-211
-207
-153
-165
-151
-154
-162
-143
-109
-111
-162
-150
-131
-137
-143
-158
-145
-127
-108
-102
-105
-69
-96
-100
-70
-82
-91
-78
-53
-45
-67
-65
-18
-65
-94
-92
-91
-60
-52
-46
-59
-80
-46
-26
-69
-37
-31
-42
-15
-28
-44
-72
-27
-22
-22
-10
-43
-50
-41
-51
-75
-43
-48
-55
-57
-51
-61
-64
-48
-77
-36
-48
-53
-30
-52
-47
-50
-14
-64
-75
-61
-89
-78
-94
-108
-103
-70
-49
-104
-114
-97
-105
-88
-95
-106
-119
-94
-125
-113
-92
-102
-96
-104
-53
-96
-108
-72
-96
-109
-76
-98
-134
-114
-107
-57
-72
-82
-77
-115
-49
-49
-57
-78
-58
-76
-99
-61
-108
-70
-40
-67
-89
-66
-37
-36
-11
-12
4
-20
-30
-28
-9
1
-4
31
3
37
43
10
37
20
-20
9
39
37
55
42
-12
2
19
-7
30
26
6
-25
-20
-37
-40
-20
-4
-3
-25
-13
5
29
-32
-30
19
12
38
5
-28
-10
1
6
50
16
-18
9
-4
6
-22
-9
40
14
16
-28
9
4
11
-54
-56
-58
-44
-13
-28
-15
-42
-25
-12
-34
-36
-57
-80
-13
-6
-59
-9
8
-16
-25
-24
-28
-32
4
-16
10
16
-4
9
9
19
-38
-30
-39
-13
2
-9
29
-13
-2
12
8
-1
-46
-2
13
-6
21
41
6
22
19
15
-14
-4
32
-2
-39
-17
5
-46
-18
-29
-53
-61
-12
-51
-47
-2
-4
-35
-65
-75
-55
-28
-28
-24
-26
-41
-66
-29
-18
5
-30
-52
-36
-34
-33
-11
-3
-12
18
21
34
15
14
36
-28
2
-28
-10
18
6
16
23
16
-3
5
-12
-6
29
-2
25
0
2
15
-11
8
3
1
6
-19
-52
-9
-68
-38
-17
-22
-17
-30
-30
-20
9
1
-39
-17
-30
-22
-45
-62
-70
-84
-37
-8
-8
-57
-28
-80
-60
-40
-43
-22
-34
-33
-52
-39
-39
-58
-64
-50
-65
-85
-94
-81
-75
-71
-54
-101
-123
-81
-69
-105
-98
-116
-77
-44
-27
-20
-9
-7
-6
-52
-46
-24
-41
-39
-78
-26
-54
-92
-49
-74
-68
-24
-59
-16
-25
-47
-47
-69
-79
-73
-59
-48
-32
-38
-19
-9
-49
10
-37
-69
-47
-58
-42
-74
-81
-96
-51
-54
-101
-82
-62
-36
-30
-28
-18
5
15
24
55
31
30
-2
23
-7
-3
-19
-35
-27
-29
-33
-28
1
6
3
6
-5
-14
11
11
-33
-16
-7
-40
-43
-39
-15
-10
-27
-10
-42
9
31
-20
10
-52
-19
-37
-47
-22
19
-21
-17
-13
-36
0
4
26
-18
4
-15
-13
-15
30
34
15
48
18
0
-24
-34
-38
27
4
-62
-14
-3
-15
-39
-27
-23
-49
-61
-29
-24
-71
-69
-58
-53
-35
-32
-32
-13
-4
-10
-18
-11
-7
-6
-27
-25
-28
-23
-38
-36
-45
-64
-25
-3
-4
2
6
6
11
15
-4
-38
-18
-19
-72
-56
-50
-35
-32
-49
-23
-46
-26
-9
-20
-24
-24
-35
-6
-67
-64
-48
-63
-48
-51
-54
-45
-62
-62
-80
-90
-61
-48
-35
-65
-33
-51
-34
-10
-22
-20
-2
-16
-9
-14
-10
0
-37
-35
-14
-41
-37
-2
-11
-4
12
-3
14
28
8
-22
3
2
-53
0
-3
-37
-55
-18
-43
-41
-26
-73
-13
-18
-37
-29
-32
1
-20
-8
-22
-25
3
32
-2
-10
-37
-31
9
-21
3
-9
-52
-28
-26
-30
-36
-63
-65
-10
-5
-29
-7
-4
-25
-20
-8
-55
-25
-7
26
-11
-21
-3
1
-12
-56
-3
-27
-63
-42
-57
-50
-66
-84
-108
-101
-33
-41
-108
-96
-101
-71
-57
-92
-94
-90
-83
-84
-97
-111
-129
-117
-104
-136
-90
-115
-93
-64
-88
-87
-118
-67
-38
-75
-67
-81
-34
-73
-40
-48
-39
-31
-57
-31
-70
-67
-29
1
-21
-6
-21
-44
-40
-29
-50
-27
0
-20
-28
-45
-53
-49
-47
-43
-59
-46
-10
-50
-68
-37
-19
-43
-38
-15
-27
-44
-31
-41
-52
-38
-41
-43
8
-28
-30
-17
-53
-16
12
19
5
-28
-2
-9
-25
-28
-47
-19
-35
-30
-15
-30
-18
2
13
5
37
-20
-12
-19
-9
11
26
1
-13
37
71
23
3
62
24
8
17
17
16
13
16
0
13
41
30
58
44
10
33
29
17
25
-6
-2
-24
-39
-18
-17
7
3
5
-23
11
-34
-28
-29
-60
-61
-76
-66
-119
-135
-87
-104
-100
-109
-130
-105
-127
-95
-52
-67
-75
-102
-71
-60
-72
-136
-118
-143
-70
-65
-116
-70
-64
-53
-50
-54
-82
-90
-112
-59
-59
-91
-84
-37
-25
-39
-38
-34
3
-52
-97
-58
-80
-53
-33
-29
-6
-22
-36
-40
-30
-25
-39
-45
-51
-73
-44
-36
-2
16
-32
-49
-19
-4
13
3
6
-16
1
41
30
54
45
-7
20
-10
55
54
27
18
0
63
39
63
33
32
94
67
47
-1
17
21
29
81
57
58
29
-3
21
12
27
-20
0
11
-13
22
61
16
2
17
2
31
-20
-21
-17
-14
-36
-19
-9
-18
-14
-37
23
33
-2
-4
15
15
-10
7
31
8
30
16
-26
-12
-35
-42
-54
11
9
-60
-38
-41
-81
-55
-45
-52
-23
-34
-60
-73
-60
-39
-6
-35
-35
-11
-13
6
-27
-21
-25
-2
15
5
28
26
31
49
40
-4
58
83
71
64
62
59
40
79
44
68
52
5
31
53
52
54
65
35
38
17
9
24
5
8
41
21
2
4
-2
-14
-20
-42
-50
9
-13
-56
-39
-53
-72
-95
-65
-64
-77
-63
-49
-60
-47
-24
-74
-93
-63
-52
-34
-89
-20
-73
-61
-44
-69
-7
-69
-49
-87
-74
-107
-137
-159
-214
-195
-267
-268
-660
-1003
-1216
-1468
-1770
-2386
-2873
-3188
-3438
-3753
-4123
-4344
-4638
-4810
-4969
-5055
-5098
-5269
-5445
-5611
-5553
-5468
-5500
-5610
-5459
-5092
-4684
-4175
-3698
-2916
-2094
-1245
-198
860
1936
2925
3932
4837
5819
6669
7476
8074
8494
9144
9607
10004
10126
10141
10223
10139
9917
9580
9044
8263
7436
6629
5736
4671
3489
2269
1094
-105
-1141
-2131
-3171
-4183
-4916
-5468
-6032
-6428
-6829
-6934
-7093
-7086
-6915
-6778
-6598
-6372
-5951
-5501
-5001
-4454
-3864
-3285
-2589
-1740
-912
-134
550
1389
2224
2867
3569
4154
4595
4817
5048
5245
5285
5101
4779
4453
3952
3431
2830
2179
1360
562
-221
-1025
-1844
-2685
-3460
-4269
-5037
-5716
-6352
-6988
-7615
-8100
-8477
-8827
-9133
-9334
-9374
-9356
-9182
-8793
-8392
-7845
-7190
-6310
-5242
-4156
-2932
-1678
-390
962
2318
3631
4884
6055
7178
8260
9157
9978
10772
11467
12080
12575
13109
13499
13731
13847
13774
13633
13286
12657
11740
10683
9461
8019
6468
4686
2850
992
-887
-2602
-4208
-5699
-7069
-8246
-9099
-9695
-10085
-10352
-10476
-10385
-10134
-9798
-9388
-8934
-8476
-8010
-7420
-6718
-5998
-5273
-4518
-3645
-2662
-1635
-501
625
1770
2953
4115
5302
6278
7139
7905
8471
8853
9104
9144
8929
8577
8002
7357
6670
5823
4947
4050
3147
2273
1467
698
-100
-869
-1547
-2154
-3171
-4383
-5437
-6330
-7306
-8736
-10385
-11582
-12472
-13332
-14203
-14903
-15163
-15074
-14642
-14039
-13047
-11769
-10450
-9078
-7557
-5690
-3941
-2549
-1403
-6
1450
2641
3574
4388
5253
6154
7068
7896
8722
9556
10478
11319
12148
13098
14024
14748
15150
15499
15831
15957
15530
14760
13787
12642
11147
9340
7546
5454
3236
1226
-651
-2390
-4175
-5677
-6903
-7845
-8632
-9081
-9269
-9534
-9698
-9616
-9301
-9055
-8914
-8703
-8495
-8217
-7870
-7403
-7041
-6560
-5865
-4999
-4080
-3010
-1794
-521
695
2080
3571
4932
6000
6915
7823
8444
8889
9006
8961
8628
7962
7345
6544
5558
4424
3239
2022
874
-302
-1395
-2576
-3894
-4929
-5908
-6879
-7983
-9066
-9978
-10880
-11678
-12404
-13029
-13627
-14044
-14140
-14032
-13666
-13131
-12272
-11219
-9823
-8156
-6368
-4486
-2578
-515
1545
3568
5323
6953
8463
9699
10848
11831
12639
13331
13863
14432
14986
15463
15968
16403
16729
16952
17116
17167
16981
16149
15063
13852
12368
10492
7997
5427
2781
328
-2290
-4989
-7356
-9417
-11010
-12540
-13571
-13986
-14016
-14086
-13993
-13329
-12344
-11453
-10968
-10295
-9341
-8494
-7843
-7364
-6679
-5949
-5253
-4518
-3611
-2298
-1083
160
1434
3123
4977
6573
7931
9131
10524
11608
12170
12452
12571
12382
11801
10905
9917
8869
7495
5955
4499
3141
1177
-631
-2313
-3860
-5358
-7307
-8875
-10626
-12032
-13300
-14642
-15760
-16889
-17517
-18030
-18282
-18264
-17830
-17240
-16537
-15301
-13634
-11907
-10278
-8274
-6103
-3827
-1523
665
2817
4666
6539
8404
9986
11286
12444
13601
14452
15168
16021
16800
17271
17566
18081
18671
19046
19156
19116
18951
18424
17741
16683
15049
13126
10959
8780
6054
2987
158
-2502
-5132
-7885
-10045
-11642
-13021
-14333
-15261
-15419
-15250
-14956
-14698
-14080
-13274
-12232
-11315
-10661
-9833
-8839
-7915
-7334
-6621
-5468
-4311
-3430
-2536
-1004
710
2177
3509
5047
6879
8505
9872
10975
12046
12820
13269
13288
13097
12702
11929
10804
9381
7867
6032
4040
1684
-476
-2611
-4887
-7252
-9634
-11478
-13200
-14938
-16479
-17697
-18422
-19004
-19372
-19491
-19148
-18675
-18005
-17065
-15814
-14288
-12719
-10990
-9179
-7097
-4859
-2677
-567
1406
3648
5777
7734
9471
11196
12827
14169
15425
16490
17621
18472
19097
19630
20147
20636
20849
21025
20911
20568
19989
19228
17821
16121
14247
12033
9724
6725
3836
953
-2018
-4916
-7810
-10316
-12510
-14211
-15634
-16673
-17112
-17035
-16684
-16419
-15781
-14769
-13617
-12748
-12006
-11053
-9907
-9031
-8335
-7501
-6388
-5193
-4088
-2940
-1372
293
2019
3590
5220
7181
8960
10450
11523
12636
13674
14250
14216
13930
13631
12940
11697
10284
8611
6561
4447
2032
-84
-2594
-5122
-7585
-9938
-11876
-13934
-15620
-17182
-18404
-19248
-19855
-20230
-20399
-20110
-19690
-19056
-18215
-16884
-15501
-14035
-12324
-10457
-8224
-6106
-3815
-1434
876
3306
5543
7795
9664
11524
13324
14855
16201
17274
18323
19094
19582
20134
20612
20967
21037
21104
21341
21366
21021
20452
19646
18395
16895
14788
12504
9891
6695
3462
87
-2906
-6041
-9003
-11712
-14016
-15582
-16772
-17544
-18085
-17880
-17359
-16781
-15970
-14827
-13554
-12715
-11963
-10942
-9595
-8561
-7938
-7167
-6079
-4845
-3708
-2534
-1042
587
2373
4059
5910
7863
9740
11318
12502
13683
14730
15282
15119
14662
14103
13327
11966
10277
8195
5919
3497
947
-1463
-4283
-6877
-9483
-11844
-13875
-15846
-17346
-18849
-19979
-20745
-21083
-21135
-21146
-20892
-20355
-19524
-18437
-17040
-15637
-14058
-12349
-10221
-7896
-5728
-3301
-973
1510
3900
6277
8694
10623
12439
14073
15728
17119
18122
18993
19616
20128
20568
20966
21282
21389
21441
21706
21857
21585
20940
20047
18671
17063
15160
12928
10351
7044
3849
453
-2807
-5939
-9093
-11854
-14471
-16340
-17542
-18419
-18987
-19009
-18615
-17945
-17026
-15827
-14393
-13259
-12159
-11058
-9687
-8486
-7769
-6871
-5969
-4752
-3484
-2291
-809
612
2351
4230
6104
8033
9899
11577
12859
14047
15132
15781
15820
15306
14627
13757
12525
10873
8996
6780
4084
1438
-1107
-3519
-6364
-9304
-11915
-14239
-16118
-17891
-19508
-20889
-21917
-22357
-22394
-22372
-22109
-21504
-20756
-19559
-18320
-16521
-14891
-13402
-11390
-9161
-6642
-4380
-2037
383
2731
5231
7647
9993
11876
13568
15311
16792
18044
19074
19870
20415
20745
21091
21539
21711
21491
21478
21590
21781
21635
20912
20280
18920
17428
15678
13335
10867
7589
4327
841
-2616
-5654
-8857
-11866
-14816
-16917
-18158
-19053
-19766
-19912
-19454
-18530
-17401
-16220
-14585
-13272
-12050
-10807
-9499
-8099
-7250
-6450
-5682
-4687
-3307
-1972
-731
568
2170
4178
6039
7906
9847
11697
13151
14336
15385
16239
16463
15965
15163
14171
12984
11247
9227
6850
4078
1548
-1306
-3986
-6853
-9652
-12234
-14989
-17098
-18783
-20235
-21689
-22892
-23364
-23328
-23131
-22866
-22166
-21304
-20084
-18723
-17074
-15247
-13616
-11607
-9481
-7114
-4727
-2288
167
2402
4854
7332
9703
11655
13350
15062
16546
17902
18841
19758
20361
20659
20978
21208
21341
21362
21302
21333
21378
21582
21595
21034
20124
18736
17464
15671
13093
10182
6720
3401
18
-3459
-6659
-9963
-12998
-15442
-17406
-18434
-19186
-19613
-19514
-19105
-17958
-16561
-15254
-13901
-12795
-11433
-10079
-8885
-7768
-6959
-6007
-5197
-4156
-2798
-1469
-117
1281
2974
4871
6929
8967
10735
12293
13728
15035
16014
16465
16379
15878
14943
13711
12313
10461
8396
5565
2866
192
-2627
-5131
-8435
-11186
-13946
-16387
-18202
-20123
-21557
-22914
-23722
-23949
-23886
-23562
-22946
-22283
-21365
-19819
-18247
-16426
-14935
-13134
-11041
-8862
-6389
-4157
-1727
564
2897
5478
7759
10014
11829
13603
15171
16644
18068
19038
19705
20088
20499
20920
21245
21246
21251
21001
20978
20906
20863
20928
19936
19143
17833
16549
15049
12543
10029
6850
3648
674
-2601
-5596
-8668
-11686
-14118
-16131
-17414
-18098
-18795
-19011
-18639
-17638
-16212
-15181
-13914
-12617
-11241
-9840
-8754
-7476
-6569
-5794
-4879
-3893
-2502
-1321
-121
1146
2639
4590
6610
8396
9989
11515
13011
14277
15159
15645
15682
15150
14261
13147
11862
10222
7934
5282
2190
34
-2706
-5280
-8432
-11705
-13651
-16139
-17750
-19632
-21327
-22303
-23283
-23408
-23440
-23205
-22777
-22257
-21525
-20051
-18557
-17079
-15607
-14286
-11927
-9782
-7414
-5248
-3184
-595
1627
4241
6526
8634
10540
12031
13716
15174
16571
17424
17901
18266
18757
19186
19281
19258
18902
18867
18883
19104
19074
18885
19269
19053
18963
18276
17276
16316
14455
12457
9759
6879
4017
710
-2482
-5810
-8484
-10787
-12804
-14704
-15861
-16327
-16357
-16107
-15862
-14840
-13776
-12737
-11652
-10724
-9463
-8542
-7731
-7136
-6370
-5409
-4689
-3920
-3103
-1794
-337
1111
2543
4219
6116
7915
9417
10800
12166
13234
13742
13894
13711
13363
12486
11146
9703
8065
6460
4213
1930
-445
-2893
-5147
-8109
-10328
-12804
-15181
-17272
-19464
-20766
-22079
-23107
-23683
-23972
-23786
-23008
-22216
-21243
-19822
-18245
-16169
-14576
-12600
-10389
-8346
-6212
-4193
-1833
371
2296
4267
6205
8145
9898
11522
12974
14308
15481
16680
17521
18042
18608
19007
19521
19720
20029
20559
20837
21211
21591
22225
22774
22707
22351
21656
20594
19123
16862
14102
10926
7340
3729
-19
-3767
-7199
-10409
-13098
-15382
-16941
-17571
-18041
-18030
-17543
-16523
-15127
-14005
-12825
-11635
-10678
-9733
-9047
-8436
-7941
-7612
-7171
-6529
-5646
-4465
-3121
-1585
214
2426
4816
7082
9256
11281
13176
14666
15715
16374
16502
16105
15187
13881
12441
10728
8711
6574
4403
2386
142
-1836
-4045
-6418
-8710
-11051
-12850
-15180
-17427
-19350
-21286
-22603
-23816
-24578
-25002
-25255
-24777
-23765
-22556
-20978
-19059
-16956
-14635
-12299
-9615
-6979
-4551
-2179
144
2603
4675
6471
8264
9750
11187
12569
13892
15002
15761
16564
17355
17957
18491
18987
19444
19681
20026
20489
20952
21478
21858
22545
22966
22871
22568
21610
20545
18852
16567
13941
10716
7236
3653
-23
-3463
-6757
-9780
-12129
-14203
-15528
-16140
-16559
-16506
-16199
-15337
-14260
-13417
-12499
-11586
-10820
-10214
-9658
-9138
-8664
-8236
-7814
-7045
-5993
-4675
-3144
-1460
348
2517
4956
7167
9268
11144
12846
14240
15129
15611
15683
15211
14243
12928
11521
9914
8014
6086
4128
2191
-116
-2190
-4565
-6836
-8939
-11543
-13654
-16259
-18329
-20019
-22044
-23370
-24497
-25121
-25242
-25235
-24510
-23307
-22082
-20396
-18424
-16316
-13801
-11679
-9153
-6747
-4391
-1778
397
2580
4453
6314
8181
9695
11272
12604
13860
14995
15846
16731
17492
17968
18446
18789
19087
19504
19692
19937
20129
20321
20783
21323
21793
21679
21377
20786
19906
18708
16863
14414
11431
7987
4767
1354
-2116
-5421
-8742
-11356
-13665
-15256
-16128
-16818
-17047
-16837
-16059
-14921
-13797
-12891
-11973
-11129
-10302
-9530
-9057
-8662
-8480
-8128
-7606
-6806
-5788
-4483
-3018
-1368
720
3194
5536
7721
9766
11706
13527
14938
15830
16238
16029
15391
14410
13090
11598
9759
7672
5695
3604
973
-1347
-3390
-5560
-7624
-10488
-12487
-14289
-16343
-17894
-19917
-21307
-22400
-23321
-23544
-23815
-23805
-23071
-22344
-21353
-19766
-18097
-15952
-14218
-12138
-9321
-6727
-4088
-1858
605
3070
5123
7158
8852
10411
11632
12704
13692
14370
15028
15369
15546
15719
15929
16159
16345
16293
16183
16477
16900
17508
18030
18685
19468
20041
20116
19864
19126
17982
16269
13823
11050
7594
4355
966
-2564
-5816
-8850
-11082
-13112
-14630
-15401
-15700
-15549
-15103
-14364
-13322
-12166
-11329
-10433
-9995
-9388
-8882
-8658
-8274
-8166
-7736
-7111
-6323
-5197
-3898
-2128
-242
1736
4010
6290
8449
10358
12053
13539
14683
15304
15520
15092
14246
13148
11615
9913
7899
5934
4130
2144
20
-2249
-4131
-5742
-7573
-9669
-11946
-13720
-15438
-17111
-18715
-20426
-21638
-22694
-23394
-23523
-23574
-23192
-22513
-21609
-20174
-18254
-16188
-14082
-11997
-9474
-6612
-3933
-1403
874
3186
5357
7230
8952
10495
11754
12812
13650
14442
15018
15448
15734
15892
16153
16642
16994
17318
17700
18060
18779
19253
19807
20375
20768
21423
21183
20931
20177
19133
17853
15373
12938
9715
6682
3625
115
-2994
-6143
-8595
-10784
-12466
-13599
-14120
-14322
-14277
-13859
-13492
-12496
-11907
-11259
-10597
-10193
-9455
-9231
-8836
-8673
-8432
-7752
-7164
-6207
-5113
-3697
-2186
-562
1424
3470
5525
7359
9146
10697
11969
12905
13295
13319
12819
12158
11088
9772
8270
6634
5105
3460
1790
-94
-1846
-3911
-5773
-7804
-9920
-12025
-14521
-16456
-18392
-20249
-21807
-23307
-24210
-24799
-24878
-24471
-23737
-22701
-21258
-19425
-17287
-14991
-12613
-10001
-7546
-4917
-2265
201
2458
4301
6228
7974
9477
10942
12062
13088
13791
14536
15223
15684
16189
16559
16979
17486
17834
18408
18778
19114
19602
20142
20789
21147
21801
21953
21843
21268
20131
19206
17546
15573
12909
9821
7024
4086
1036
-2174
-5203
-7755
-9617
-11323
-12217
-12789
-12943
-12771
-12988
-12726
-12277
-11677
-10953
-10644
-9834
-8963
-8270
-7807
-7604
-7069
-6368
-5558
-4736
-3722
-2354
-796
790
2591
4420
6368
8110
9479
10786
11959
12725
13048
12759
12303
11694
10756
9511
8009
6517
4986
3520
1899
289
-1768
-3832
-5887
-7755
-9689
-12252
-14494
-16877
-18785
-20419
-22087
-23281
-24443
-24798
-24541
-24021
-23062
-21773
-20287
-18456
-16368
-14045
-11374
-9172
-6879
-4603
-2191
264
2097
3900
5555
7030
8522
9918
11234
12213
13050
13865
14643
15256
15669
15975
16215
16448
16682
17153
17451
17632
17826
18119
18723
19142
19493
19927
19544
19482
18692
17944
17238
15109
13195
10151
7448
4686
1295
-1712
-5273
-7945
-10200
-12037
-13428
-14327
-14770
-14811
-14319
-14040
-12881
-12312
-11522
-10893
-10233
-9006
-8503
-7753
-7450
-7116
-6355
-5709
-4745
-3935
-2819
-1387
173
2060
3998
5923
7510
8882
10172
11472
12292
12503
12358
11635
10950
9890
8544
7175
5382
3943
2277
889
-709
-2654
-4454
-6504
-8080
-10055
-12109
-14305
-16633
-18436
-20254
-21611
-22924
-24017
-24592
-24725
-24303
-23548
-22345
-21112
-19416
-17594
-15260
-12764
-10519
-8175
-5955
-3474
-1151
963
2768
4452
6052
7496
8948
10118
11213
12102
12713
13374
14127
14760
15092
15548
15829
16374
17027
17143
17583
17581
18002
18492
18687
19558
19684
20241
19717
19243
18254
17099
16141
13496
11535
7675
5236
2469
-818
-3234
-6927
-8679
-10768
-12072
-13159
-14152
-14307
-14557
-14028
-13884
-12678
-12002
-11119
-10492
-9903
-8467
-7971
-7343
-7381
-6874
-5871
-5190
-4055
-3233
-1774
-140
1155
2906
4422
6277
7659
8784
9778
10642
11390
11436
11051
10172
9632
8634
7364
5893
4207
3013
1337
-230
-2076
-3742
-5668
-7466
-9392
-11455
-13222
-15538
-17340
-19182
-20698
-21762
-22987
-23579
-23922
-23652
-22921
-22067
-20932
-19386
-17577
-15633
-13442
-11302
-8923
-6764
-4635
-2417
-360
1643
3257
4951
6446
7894
9416
10460
11502
12294
13157
13809
14412
14961
15404
15686
16084
16456
16519
16779
16777
16759
16875
16942
17228
17395
17820
18057
17940
17410
16631
15876
14644
12966
10493
7875
5364
2744
-52
-3245
-6086
-8366
-10221
-11563
-12624
-12977
-13019
-12904
-12665
-12080
-11118
-10304
-9748
-9278
-8491
-7685
-7063
-6737
-6443
-5861
-5219
-4382
-3620
-2382
-897
558
2067
3697
5577
7336
8794
9975
11089
12119
12743
12785
12355
11777
11049
9939
8699
7272
5923
4465
2969
978
-489
-2601
-4449
-6354
-8800
-10391
-12923
-14810
-16675
-18721
-19844
-21223
-22132
-22500
-22693
-22209
-21402
-20675
-19288
-17643
-15993
-13737
-12112
-9715
-7624
-5665
-3438
-1597
491
2106
3689
5350
6677
8229
9342
10373
11312
12105
13022
13595
14141
14640
15015
15349
15650
15661
15837
15748
15677
15714
15555
15951
16055
16380
16912
16981
16980
16144
15549
14613
13108
11104
8355
5941
3473
822
-1775
-4606
-7001
-9082
-10864
-12318
-13310
-13804
-13724
-13510
-12951
-11655
-10454
-9263
-8760
-8374
-7603
-6980
-6539
-6492
-6289
-5874
-5584
-5073
-4414
-3202
-1852
-363
1208
3223
5503
7642
9403
10784
12183
13140
13492
13355
12766
12198
11325
10113
8781
7442
6163
4744
2922
805
-1079
-3486
-5643
-8378
-11001
-13149
-15742
-17700
-19812
-21397
-22413
-23512
-23911
-23958
-23596
-22699
-21670
-20420
-18599
-16885
-14886
-12832
-10962
-8707
-6758
-4683
-2771
-1049
887
2475
4039
5610
7031
8554
9573
10619
11589
12408
13211
13877
14310
14773
15166
15399
15708
15699
15910
15874
15952
16144
16243
16666
17036
17591
18146
18341
17906
17136
16518
15448
13859
11260
8464
5817
2875
-250
-3494
-6418
-8474
-10129
-11337
-11792
-11463
-10570
-9900
-9432
-8812
-7800
-6874
-6176
-6220
-5963
-5376
-5084
-5031
-5061
-4726
-4197
-3616
-2953
-2028
-684
587
1893
3535
5506
7410
8753
9661
10571
11449
11910
11878
11218
10525
9662
8463
7021
5494
3989
2395
507
-1374
-3092
-4670
-6430
-8471
-10508
-12338
-13955
-15719
-17554
-19184
-20439
-21437
-22292
-22759
-22838
-22574
-22085
-21349
-20098
-18569
-16933
-15355
-13510
-11519
-9376
-7224
-5326
-3467
-1568
308
2129
3703
5278
6894
8215
9320
10405
11353
12074
12567
12804
13179
13508
13802
13874
13988
14242
14569
14867
15152
15613
16043
16612
17128
17855
18465
18706
18151
17090
16487
15279
13677
10784
7639
5027
2086
-554
-3737
-6479
-8727
-10492
-11584
-12102
-12093
-11885
-11460
-11254
-10205
-8759
-7430
-6511
-6194
-5291
-4380
-3648
-3470
-3458
-3051
-2493
-1732
-1272
-307
1028
2138
3565
5149
6892
8523
9547
10263
10905
11529
11833
11450
10445
9583
8686
7460
6069
4448
3034
1253
-989
-2772
-4283
-5526
-7341
-9470
-11116
-12400
-13523
-15135
-16842
-18234
-19372
-20254
-20925
-21593
-21870
-21785
-21528
-20857
-19792
-18258
-16771
-15564
-13813
-11649
-9232
-7196
-5586
-3622
-1548
480
2209
3714
5094
6296
7293
8287
9213
10060
10601
10978
11331
11853
12525
12798
13039
13207
13798
14571
15185
15684
16159
16857
17514
18187
18904
19419
19464
18802
17798
17109
16197
14538
12074
9139
7006
4819
2496
-128
-2970
-5036
-6837
-8226
-9342
-10299
-10869
-11342
-11823
-11729
-11003
-10450
-10157
-10225
-9790
-8839
-8102
-7689
-7503
-6867
-5720
-4413
-2898
-1279
456
1912
3210
4868
6693
8555
9875
10711
11694
12709
13187
12875
11929
10897
10012
8854
7605
6078
4539
3039
1363
-266
-1500
-3309
-5346
-7385
-9516
-11075
-13228
-15278
-17461
-19551
-20854
-22114
-23065
-23813
-24201
-23902
-23182
-22352
-20875
-19314
-17831
-16000
-14253
-11868
-9837
-8232
-6509
-4796
-2822
-1223
272
1737
2991
4389
5779
6991
8121
9034
9863
10757
11444
12229
12810
13048
13317
13454
13969
14246
14431
14608
14848
15257
15466
16028
16379
16903
17011
16510
15877
15034
14174
12535
10209
7446
4971
2453
-192
-3133
-6113
-8200
-10232
-11779
-12924
-13790
-13842
-13810
-13628
-12975
-11991
-10834
-10007
-9620
-9036
-8102
-7301
-6906
-6670
-6217
-5415
-4486
-3623
-2460
-872
812
2556
4482
6308
8239
9627
10534
11558
12320
12849
12786
12092
11280
10377
9206
7816
6107
4455
2950
1278
-431
-2394
-3753
-6163
-7967
-10120
-12244
-13609
-16713
-18253
-20249
-21774
-22300
-23625
-23769
-23796
-23568
-22434
-21260
-20251
-18223
-16601
-14847
-12395
-10794
-8016
-6395
-4741
-2581
-968
1138
2464
3847
5495
6768
8211
9372
10523
11427
12131
13040
13781
14352
14843
15148
15192
15477
15474
15790
15830
15688
16017
16292
16845
17477
17884
18637
19090
18909
18302
17835
16681
15420
13065
9924
7657
4676
2233
-786
-4081
-6249
-8375
-9810
-10932
-11718
-11735
-11614
-11442
-11017
-9907
-8826
-7905
-7727
-7225
-6530
-6039
-5932
-6360
-6200
-5914
-5267
-4610
-3920
-2139
-540
1057
2855
4709
6905
8361
9340
10338
11435
12137
12310
11615
10652
9850
8594
7163
5477
3822
2347
598
-1058
-2646
-4240
-5718
-7403
-9257
-10954
-12731
-14441
-16443
-18350
-19854
-21229
-22215
-23219
-23712
-23492
-23191
-22445
-21357
-19993
-18163
-16530
-14644
-12476
-10563
-8422
-6499
-4747
-2825
-1197
469
1924
3123
4567
5913
7005
7947
8839
9719
10470
11074
11729
12201
12641
12869
13124
13409
13710
14043
14221
14498
14827
15487
15911
16589
17234
17894
18751
18464
18092
17541
16428
15317
12799
10080
7644
4760
2161
-854
-3834
-5894
-7921
-9410
-10487
-11570
-11802
-12023
-12257
-12000
-11285
-10150
-9226
-9112
-8359
-7383
-6481
-5798
-5046
-3930
-3148
-1954
-695
413
1820
3039
4371
5698
6858
8313
9563
10427
11203
11824
12263
12337
11626
10956
10205
9055
7656
6042
4511
3116
1431
-266
-1542
-3290
-4890
-6733
-8693
-10258
-12477
-14207
-16267
-18315
-19732
-21300
-22271
-23270
-23858
-23587
-23260
-22685
-21482
-20111
-18537
-16894
-15243
-12970
-11142
-9283
-7403
-5824
-3851
-2336
-752
894
2131
3575
4930
6173
7279
8136
9073
9868
10464
11094
11626
12036
12319
12479
12797
13176
13405
13775
14125
14625
15234
15804
16615
17342
18070
18673
18622
17975
17509
16549
15246
13070
10129
7750
5071
2642
30
-2826
-5031
-7338
-9100
-10561
-11642
-11904
-11449
-10548
-9084
-7523
-6390
-5447
-5180
-4473
-3815
-3732
-3962
-4333
-4122
-3749
-3041
-1732
-377
1427
2938
4176
5486
6674
8086
9328
10205
11011
11793
12446
12636
12084
11242
10491
9423
8158
6662
5140
3871
2260
745
-609
-1685
-3430
-5172
-6916
-8626
-10028
-12445
-14339
-16506
-18469
-19713
-21443
-22445
-23390
-23845
-23490
-23061
-22252
-20878
-19302
-17803
-15884
-14008
-11605
-9791
-8261
-6369
-4656
-2810
-1524
-261
981
2107
3338
4502
5676
6686
7617
8552
9422
10273
11171
11769
12161
12489
12766
13098
13389
13375
13622
13874
14146
14676
14944
15677
16399
16982
17542
17453
16928
16501
15414
14083
11725
8727
6258
3221
375
-2678
-5844
-8310
-10586
-12241
-13329
-13960
-13582
-12566
-12003
-11030
-9617
-8126
-6779
-6325
-5376
-4581
-3619
-2762
-2643
-2405
-2424
-2431
-1848
-917
589
1789
2819
4287
5789
7502
9034
10248
11400
12488
13356
13587
13041
12139
11106
9836
8291
6614
4994
3538
1895
353
-1083
-2301
-3724
-5778
-7346
-9214
-10753
-12671
-15122
-16861
-18882
-20300
-21540
-22806
-23436
-23633
-23418
-22795
-21807
-20527
-18700
-17281
-15461
-13281
-11281
-9071
-7622
-5791
-3848
-2150
-476
894
2461
3922
5329
6700
7995
9124
10096
10980
11677
12528
13136
13737
13950
14072
14382
14517
14797
14539
14674
14911
15234
15752
15900
16562
17100
17642
17835
17612
16906
16372
15378
13839
11792
8674
6439
3277
353
-2511
-5828
-7881
-10145
-11469
-12214
-12417
-12070
-11321
-10682
-9795
-8642
-7863
-6932
-7072
-6648
-6099
-6035
-5651
-5698
-5093
-4071
-3259
-2348
-1438
35
1630
2968
4492
5917
7397
8464
9084
9630
10081
10398
10334
9738
8887
8172
7046
5809
4336
2865
1698
102
-1300
-2643
-3810
-5349
-7157
-8896
-10504
-11911
-14203
-15982
-17988
-19695
-20846
-22335
-23195
-23976
-24244
-23870
-23362
-22509
-21135
-19619
-18124
-16331
-14524
-12173
-10361
-8810
-6922
-5191
-3254
-1854
-456
970
2207
3531
4662
5900
6959
7797
8802
9558
10292
11033
11589
12015
12380
12804
13286
13526
13579
13773
14037
14440
14837
15402
15899
16769
17403
17879
18210
17427
17182
16354
15357
14034
11313
9504
7044
4767
2566
-118
-1867
-3458
-4637
-5554
-6321
-6662
-6526
-6648
-6736
-6382
-6266
-5726
-6012
-6025
-5517
-5210
-4617
-4620
-4048
-3343
-3016
-2344
-1578
-440
972
2352
3833
5468
7319
8958
10004
10678
11397
11753
11639
10836
9743
8791
7614
6240
4700
3205
1959
380
-1064
-2428
-3526
-4966
-6564
-8179
-9895
-11170
-13206
-14953
-16898
-18699
-19897
-21345
-22317
-23163
-23459
-23134
-22808
-22043
-20774
-19154
-17706
-15992
-14181
-11929
-10114
-8490
-6669
-5045
-3206
-1762
-361
1033
2344
3744
4954
6109
7198
8157
9073
9756
10335
11029
11472
11656
11856
11853
12207
12248
12183
12394
12532
13090
13459
13895
14656
15268
16148
16776
17194
17136
16505
15940
14795
13468
11258
8534
6104
3287
896
-1689
-4290
-6320
-8080
-9303
-10169
-10771
-11185
-10932
-10973
-10610
-9937
-9375
-8577
-8559
-7993
-7442
-7064
-6830
-7036
-6786
-6392
-5643
-4638
-3353
-1706
-25
1778
3643
5602
7575
9214
10382
11311
12001
12221
11940
11030
9982
8977
7588
6244
4665
3206
1840
537
-865
-2147
-3591
-5278
-6245
-8389
-9928
-12138
-14392
-15909
-18599
-19973
-21622
-22986
-23629
-24348
-23940
-23304
-22600
-21345
-19639
-18163
-15972
-14101
-12235
-10172
-8962
-6871
-5405
-4024
-2554
-1528
-77
880
2072
3412
4427
5563
6455
7560
8505
9146
9705
10208
10478
10754
10957
11018
11143
10941
10991
11259
11385
11930
12316
12907
13627
14238
15356
16162
16739
16956
16487
16385
15745
14770
13053
10556
8509
6067
3956
1549
-1027
-3074
-4545
-5945
-7070
-8031
-8918
-9191
-9655
-9483
-8744
-8172
-7320
-7196
-6791
-6013
-5506
-5025
-5241
-5313
-4895
-4308
-3198
-1478
813
3519
6351
9171
11272
12306
12009
10998
9828
9319
9483
9809
9910
9686
9353
8360
6957
5252
3339
1700
-44
-1938
-3600
-4943
-6115
-7443
-9069
-10338
-11463
-12890
-14390
-16195
-17561
-18777
-19918
-20695
-21387
-21618
-21424
-20907
-20118
-18910
-17575
-16009
-14466
-12882
-10990
-9154
-7517
-6197
-4735
-3113
-1706
-512
589
1811
2946
3910
4907
5762
6601
7303
7858
8429
8976
9490
9812
10143
10369
10785
11193
11394
11734
12009
12782
13529
14083
15033
15835
16830
17617
17984
18428
17964
17591
16790
15358
13905
11340
9136
6886
4557
2583
203
-1927
-3994
-5836
-7167
-7982
-8938
-8911
-8602
-8535
-7916
-7769
-7150
-6981
-7231
-6995
-6855
-6491
-6370
-6269
-5718
-5269
-4831
-4296
-3459
-2360
-1124
515
2368
4195
5915
7189
8010
8646
8881
8791
8329
7322
6361
5227
3894
2549
1125
-130
-1422
-2839
-4358
-5697
-7077
-8468
-10174
-11932
-13351
-15051
-16683
-18324
-19845
-20972
-21923
-22510
-22840
-22776
-22275
-21409
-20379
-19032
-17313
-15525
-13776
-12112
-10323
-8567
-6936
-5551
-4170
-2699
-1389
-81
1064
2212
3490
4517
5615
6592
7551
8387
9047
9560
10029
10399
10633
10762
10705
10655
10694
10766
10834
11039
11371
11995
12691
13598
14767
15960
17348
18411
19434
19999
20005
19970
19150
18272
16443
14247
12051
9330
6869
3856
1008
-1238
-2920
-3978
-4936
-5568
-5786
-5403
-5400
-5328
-4853
-4217
-3211
-2540
-1646
-907
-375
-332
-745
-979
-1437
-1942
-2377
-2569
-2362
-2002
-1309
-644
116
981
1817
2691
3629
4668
5384
5525
4975
4260
3435
2321
1197
76
-808
-1590
-2450
-3153
-3931
-4663
-5960
-7190
-8478
-9887
-11285
-13297
-14983
-16639
-18183
-19255
-20496
-21352
-21850
-21919
-21490
-20857
-19962
-18651
-17162
-15722
-13898
-12226
-10415
-8956
-7719
-6201
-4827
-3438
-2223
-1102
113
1232
2397
3471
4530
5493
6435
7347
8125
8719
9134
9486
9570
9651
9777
9946
10057
10079
10462
10768
11381
11998
12738
13764
14751
16097
17171
18097
18638
18413
18079
17272
15985
14612
12113
9913
7789
5699
4161
2044
609
-405
-1593
-2363
-3044
-3532
-3354
-3472
-3422
-2742
-2404
-1922
-1885
-2211
-2281
-2467
-2485
-2668
-2908
-2673
-2457
-2076
-1545
-860
98
1021
2439
3924
5369
6828
7678
8078
8366
8312
8039
7378
6346
5468
4337
3240
2177
879
-192
-1262
-2360
-3393
-4395
-5669
-6950
-8334
-9791
-11070
-12830
-14490
-16194
-17868
-19076
-20262
-21177
-21840
-22135
-21782
-21187
-20369
-19242
-17825
-16365
-14809
-13230
-11505
-10065
-8872
-7576
-6386
-5098
-4033
-3057
-2035
-1116
38
1088
2163
3167
4030
5059
5896
6677
7354
7954
8261
8630
8899
9255
9600
9747
10204
10531
11129
11873
12488
13538
14341
15458
16651
17533
18248
18494
18182
17651
16789
15341
13565
10836
8550
6280
4039
2019
-739
-2901
-4723
-6090
-6629
-7026
-7074
-6849
-6585
-6188
-5545
-5122
-4704
-4735
-4898
-4670
-4418
-3928
-3617
-3020
-2586
-2560
-1992
-1295
-237
1256
2671
3818
4719
5847
6859
7454
7962
8456
8683
8488
7651
6192
4512
2627
693
-960
-2476
-3492
-4170
-4609
-4939
-5296
-5922
-6838
-7934
-9385
-10869
-12793
-14641
-16372
-18112
-19326
-20433
-21298
-21778
-21775
-21262
-20512
-19513
-18141
-16532
-15018
-13259
-11484
-9716
-8153
-6787
-5346
-3992
-2725
-1540
-461
556
1508
2596
3533
4411
5181
5793
6502
6915
7127
7253
7200
7188
7223
7460
7808
8183
8726
9429
10366
11373
12455
13599
14614
15751
17008
18416
19624
20543
21330
21724
21969
21885
21240
20289
18446
16616
14724
12348
9763
6598
3528
791
-1487
-2301
-1941
-1115
-240
-178
-1400
-3587
-6663
-9074
-10485
-10965
-9604
-7576
-6144
-6494
-7715
-9506
-12553
-14856
-15023
-13584
-11203
-8812
-6217
-3144
-220
2020
3296
3759
3949
3892
3710
3346
2579
1970
1268
493
-354
-1349
-2372
-3149
-4206
-5241
-6158
-7560
-8814
-10556
-12182
-13470
-15289
-16838
-18486
-19938
-20871
-21802
-22196
-22393
-22468
-21943
-21119
-20219
-18913
-17622
-16023
-14502
-12967
-11134
-9580
-8064
-6644
-5231
-3590
-2206
-864
333
1382
2568
3500
4412
5054
5445
5795
5992
6087
6334
6621
6962
7462
7887
8774
9650
10414
11312
12142
13181
14265
15304
16241
17269
18049
18911
19727
20391
21045
21393
21314
21072
20329
19547
18378
16428
14682
12686
11159
9901
8805
8644
7960
6615
4760
1819
-1684
-4280
-5630
-6413
-6422
-5185
-3843
-2372
-1679
-2756
-4490
-6450
-8071
-9511
-11873
-14511
-15905
-15676
-13632
-11366
-9286
-7337
-5755
-4099
-2562
-904
922
2397
3304
3546
3054
2161
1225
-64
-1364
-2783
-4354
-5522
-6877
-7738
-8635
-9667
-10399
-11478
-12121
-12918
-13824
-14652
-15820
-16653
-17274
-17780
-18204
-18513
-18686
-18449
-18136
-17696
-16967
-16549
-15745
-15027
-13992
-12670
-11519
-9989
-8555
-6925
-5168
-3538
-1842
-509
737
2044
3124
4044
4729
5221
5637
5818
5881
5880
5684
5458
5156
4982
5088
5376
5936
6585
7381
8534
9903
11418
12993
14771
16864
18964
21201
23214
24945
25924
26250
26112
25932
25460
24346
22560
19890
18186
17605
16964
14597
10870
8776
8964
9716
8964
6400
1020
-6598
-12851
-15958
-16071
-14691
-12261
-9982
-8467
-7695
-7434
-7918
-8885
-9356
-9413
-8943
-7977
-6841
-5563
-4460
-3470
-2541
-1981
-1303
-1020
-886
-991
-1294
-1608
-2207
-2919
-3664
-4352
-5155
-6025
-7219
-8100
-9037
-9934
-10818
-12195
-13037
-14245
-15184
-16168
-17424
-18197
-19266
-19968
-20484
-20936
-20987
-21060
-20957
-20529
-19793
-18911
-17861
-17006
-15859
-14536
-13268
-11860
-10844
-9482
-8277
-7093
-5721
-4574
-3135
-2002
-869
305
1331
2399
3164
3724
4278
4790
5238
5490
5632
5804
6129
6449
6824
7303
7849
8563
9153
9874
10670
11477
12460
13282
14411
15582
16742
17865
18719
20054
21515
23248
24890
26486
27777
28654
28956
28229
27200
25946
22766
14291
1977
-7752
-12473
-12978
-10636
-8312
-9271
-12088
-13282
-12950
-11576
-9368
-7069
-5807
-6012
-7043
-7776
-7983
-7838
-7429
-6815
-5977
-5213
-4711
-4053
-3573
-3112
-2642
-2197
-1539
-1019
-515
-202
110
251
269
80
-316
-797
-1509
-2110
-2890
-3521
-4195
-5185
-6001
-7091
-8175
-9204
-10427
-11489
-12497
-13351
-14083
-14725
-15170
-15412
-15617
-15649
-15485
-15266
-14762
-14273
-13614
-12812
-12026
-11038
-10250
-9376
-8494
-7605
-6586
-5647
-4624
-3601
-2508
-1388
-409
574
1548
2387
3148
3850
4593
5188
5700
6089
6639
7165
7695
8396
9140
10176
11197
12241
13337
14269
15115
15827
16442
17085
17606
18152
18745
19132
20247
21749
22964
23391
23640
24769
26346
27488
27545
27548
25535
20880
14551
8550
7982
9960
8347
1103
-6181
-7396
-6838
-7349
-8127
-8920
-9409
-9350
-10048
-11160
-11721
-11843
-11540
-11189
-10771
-10224
-9680
-8914
-7792
-6604
-5202
-3766
-2112
-482
1162
2815
4088
4862
5252
5399
5472
5124
4510
3825
3043
2255
1587
756
-27
-1058
-2331
-3597
-5117
-6470
-7701
-8884
-9814
-10769
-11400
-11922
-12491
-12870
-12995
-12969
-12852
-12720
-12436
-12002
-11557
-10917
-10208
-9353
-8542
-7752
-6950
-6164
-5289
-4368
-3515
-2712
-1967
-1237
-366
591
1711
2852
3878
4817
5598
6214
6703
7052
7449
7895
8427
9055
9662
10332
10989
11591
12069
12456
12573
12493
12292
12257
12539
13222
14449
15865
17348
18726
20103
21562
22564
23164
23667
24675
25583
24944
23841
22559
20365
16399
10039
2885
-1100
-394
2174
2883
-570
-6123
-10049
-10929
-9566
-7551
-5654
-4285
-4022
-4900
-6247
-7152
-7078
-5847
-3708
-1127
1458
3630
5405
6377
6921
7181
6618
5642
4243
2150
-609
-3367
-5640
-7027
-7711
-8228
-8588
-9100
-9591
-10306
-11100
-11604
-12199
-12527
-12902
-13197
-13367
-13684
-13913
-14337
-14771
-15154
-15532
-15884
-16195
-16271
-16248
-16126
-16007
-15547
-15106
-14554
-13843
-13252
-12223
-11328
-10337
-9298
-8333
-7212
-6144
-4992
-3853
-2849
-1776
-770
66
788
1402
1917
2342
2659
2946
3352
3710
4000
4299
4786
5302
5859
6623
7454
8422
9472
10691
11853
12958
13871
14700
15420
15872
15918
15569
14938
14165
13457
12935
12046
11068
10834
10542
11380
12399
14234
18770
21760
17845
9203
3241
3536
9862
10964
-621
-16601
-23289
-20100
-15802
-11831
-8232
-5534
-4044
-3324
-3183
-3541
-3931
-4569
-4951
-4880
-4714
-4291
-3880
-3315
-2666
-2133
-1582
-1243
-1015
-968
-1111
-1453
-1813
-2259
-2597
-3126
-3747
-4186
-4798
-5302
-6014
-6771
-7487
-8427
-9324
-10357
-11371
-12303
-13270
-14101
-14958
-15698
-16286
-16754
-17042
-17158
-17236
-17094
-16856
-16522
-15952
-15315
-14529
-13771
-12989
-12071
-11173
-10242
-9324
-8383
-7399
-6487
-5525
-4558
-3674
-2870
-2109
-1378
-739
-172
278
710
1115
1626
2149
2747
3351
4040
4828
5657
6600
7529
8507
9588
10558
11393
12120
12615
12983
13068
12996
13003
13320
13823
14441
15223
16133
17200
17549
17744
16830
14576
11608
8844
9624
14217
20644
23850
19700
11620
4952
1807
615
-858
-2874
-4320
-6570
-7919
-8083
-8685
-8483
-7791
-7172
-7134
-7555
-7967
-8242
-8020
-7568
-7168
-6606
-6355
-5874
-5505
-4859
-4161
-3493
-2747
-2101
-1670
-1527
-1448
-1602
-1726
-1917
-2277
-2630
-3170
-3610
-4204
-4690
-5157
-5733
-6148
-6697
-7186
-7602
-8088
-8557
-9028
-9481
-9833
-10188
-10630
-10957
-11318
-11694
-11912
-12129
-12116
-12020
-11849
-11501
-11018
-10384
-9765
-9090
-8334
-7565
-6811
-6030
-5323
-4586
-3804
-3052
-2345
-1713
-1016
-366
217
840
1497
2287
3006
3771
4600
5503
6548
7459
8274
8988
9573
10142
10628
10971
11195
11120
10767
10285
9906
9838
10272
11230
12530
13728
14917
15740
15717
15985
16426
16560
16371
15758
14833
13192
10884
8621
7260
6116
3040
-1434
-3044
-569
3809
7428
7741
4595
-1011
-6055
-8428
-8935
-8537
-8747
-10141
-11758
-12916
-13331
-13042
-12348
-11316
-9815
-8163
-6583
-5282
-4250
-3267
-2550
-2039
-1779
-1893
-2310
-2955
-3671
-4377
-5154
-5897
-6575
-7147
-7699
-8165
-8582
-9083
-9444
-9842
-10196
-10490
-10968
-11350
-11765
-12217
-12683
-13139
-13500
-13725
-13883
-13736
-13523
-13150
-12583
-12082
-11332
-10566
-9788
-8915
-8131
-7232
-6356
-5554
-4777
-4198
-3674
-3188
-2662
-2129
-1614
-1107
-572
15
571
1174
1746
2281
2870
3423
4016
4625
5197
5681
6171
6803
7398
8070
8793
9532
10297
11183
12417
13775
15018
16311
17724
19242
20561
21571
22451
22445
20902
18830
16556
13920
11462
9778
10285
13021
16438
18333
17722
15438
12050
8628
6509
6535
7168
7123
6359
4604
2479
668
38
755
1331
1777
2152
1315
-158
-858
-1052
-1167
-1382
-1495
-1258
-1345
-1920
-3103
-4540
-5595
-5985
-5815
-5433
-4959
-4605
-4324
-4283
-4379
-4511
-4750
-4957
-4833
-4139
-3045
-1925
-1302
-1213
-1620
-2310
-3045
-3839
-4722
-5581
-6597
-7519
-8383
-8963
-9274
-9469
-9491
-9497
-9423
-9321
-9145
-8751
-8295
-7793
-7136
-6450
-5784
-5283
-5144
-5239
-5600
-5972
-6218
-6342
-6142
-5731
-5121
-4376
-3571
-2890
-2336
-1846
-1555
-1567
-1753
-1999
-2041
-1580
-816
-124
285
1081
2687
5501
10446
16641
22148
25552
26404
25833
25013
24621
24566
23303
20256
16568
13097
11216
10619
10614
10375
9390
8799
10946
15706
20331
21205
8828
-5572
-3281
7573
9565
6713
5706
2996
334
-923
-2487
-4738
-6386
-7485
-8352
-8654
-8474
-8323
-8218
-8097
-8034
-7851
-7466
-6883
-6099
-5235
-4375
-3625
-3128
-2938
-2961
-3199
-3557
-4055
-4653
-5258
-5947
-6612
-7315
-7989
-8640
-9233
-9727
-10190
-10734
-11215
-11641
-12149
-12546
-12920
-13212
-13485
-13686
-13842
-13935
-13825
-13660
-13358
-13033
-12676
-12227
-11785
-11344
-10903
-10524
-10046
-9472
-9024
-8531
-7985
-7552
-7030
-6502
-5900
-5183
-4441
-3624
-2798
-1852
-846
212
1352
2459
3570
4607
5486
6258
6846
7254
7562
7936
8284
8739
9392
10314
11652
13251
15217
17476
19910
21994
22999
21981
19603
17803
18002
20379
22878
24170
23612
20882
17324
14048
11224
8685
6602
5074
3605
2416
2157
2880
4445
5964
6204
5022
3327
1711
669
202
-319
-1165
-2030
-2293
-1966
-888
625
2310
4125
5293
5418
4717
3570
2092
1227
1273
1894
2714
3179
3406
3395
3156
2695
1956
961
-240
-1661
-3249
-4727
-5962
-6815
-7244
-7705
-8087
-8376
-8702
-8898
-9012
-9119
-9124
-9090
-9054
-9061
-9131
-9211
-9315
-9496
-9531
-9520
-9431
-9240
-9085
-8856
-8574
-8360
-8033
-7657
-7306
-6890
-6455
-6037
-5504
-4965
-4197
-3309
-2448
-1381
-499
109
393
96
-736
-2014
-3236
-3752
-3456
-2222
-504
1491
3621
5873
7971
9562
10309
10157
9293
8250
8046
9359
11822
14764
17547
19235
19626
18545
16452
13976
11950
10831
10241
9959
9619
9066
8453
8255
8512
8863
8822
7711
5457
2713
604
-799
-1657
-2248
-2862
-3366
-3846
-4087
-3956
-3703
-3508
-3328
-3008
-2493
-1766
-865
-175
-30
-373
-1056
-2080
-3267
-4593
-5707
-6591
-7540
-8435
-9254
-9936
-10536
-11113
-11520
-11843
-12050
-11980
-11815
-11525
-11123
-10716
-10210
-9719
-9340
-8843
-8403
-8113
-7867
-7631
-7368
-7168
-7060
-7032
-7143
-7419
-7645
-7865
-7855
-7455
-6662
-5559
-4336
-3068
-2002
-1214
-672
-337
-176
7
116
249
467
673
894
1107
1608
2508
3645
4886
5994
6629
6709
6583
6295
6043
6092
6220
6405
6603
6666
6649
6561
6464
6486
6473
6295
6060
5916
6127
6533
6910
7036
6481
5038
3002
1266
469
146
-420
-1353
-2239
-2496
-2037
-1099
-215
450
693
568
191
-381
-943
-1506
-1918
-2257
-2893
-3775
-4681
-5580
-6151
-6364
-6318
-6098
-5724
-5182
-4631
-4183
-3803
-3637
-3689
-3807
-3892
-3882
-3888
-3861
-3744
-3624
-3457
-3222
-2951
-2646
-2388
-2179
-2000
-1783
-1562
-1320
-1075
-817
-564
-259
72
296
562
735
956
1214
1440
1620
1817
2045
2259
2520
2761
2990
3319
3623
3919
4170
4246
4228
4221
4260
4215
4137
4015
3910
3770
3653
3615
3573
3587
3548
3500
3675
4165
4878
5480
5971
6463
6925
7238
7357
7306
7040
6592
5951
5512
5444
5528
5633
5827
5968
5834
5450
4794
4011
3314
2786
2451
2276
2221
2090
1861
1548
1205
817
538
231
-152
-434
-661
-796
-1000
-1157
-1238
-1334
-1390
-1488
-1495
-1481
-1345
-1135
-775
-397
63
464
884
1255
1573
1914
2370
2713
2854
2845
2457
1814
904
-66
-1022
-1986
-2680
-3180
-3482
-3524
-3478
-3386
-3199
-2819
-2488
-2204
-1863
-1578
-1367
-1122
-960
-805
-555
-453
-348
-188
-155
-53
-11
-23
-15
47
216
281
272
322
351
337
372
424
530
556
628
844
1021
1212
1443
1639
1854
1926
2027
2005
1976
2056
2168
2230
2319
2450
2560
2718
2802
2888
2906
2899
2929
2963
2916
2889
2815
2671
2609
2531
2444
2308
2104
1829
1685
1716
1879
2164
2523
2923
3240
3376
3302
3096
2829
2522
2294
2113
1977
1838
1673
1651
1574
1562
1548
1415
1339
1263
1184
1092
879
621
396
146
8
-97
-177
-228
-288
-351
-343
-282
-227
-119
7
97
180
241
267
248
224
142
30
-83
-292
-387
-450
-396
-398
-444
-363
-245
-57
143
308
443
585
718
837
908
871
877
862
819
828
819
954
1012
1090
1195
1283
1308
1256
1208
1218
1280
1250
1412
1451
1542
1602
1648
1741
1813
1907
1960
2074
2137
2251
2259
2284
2300
2260
2260
2229
2176
2151
2052
1963
1938
1913
1838
1832
1780
1726
1771
1734
1778
1681
1652
1600
1650
1679
1703
1790
1719
1800
1779
1771
1807
1735
1738
1754
1812
1792
1755
1727
1644
1697
1696
1680
1620
1522
1458
1405
1298
1215
1143
1001
936
838
756
675
570
478
452
449
394
387
413
401
408
390
297
241
244
215
188
187
194
158
183
199
217
189
175
243
267
323
373
447
470
475
556
644
721
729
717
740
811
809
914
1014
1026
1129
1199
1243
1355
1415
1481
1514
1592
1628
1657
1762
1773
1815
1752
1739
1739
1825
1901
1919
1938
1920
1987
1966
1939
1932
1979
1919
1889
1816
1671
1639
1591
1524
1421
1370
1255
1173
1058
951
801
689
677
570
468
370
227
102
46
-24
-27
-118
-175
-231
-337
-356
-382
-401
-408
-333
-294
-249
-183
-181
-139
-66
-75
-104
-77
-34
-39
-10
24
83
123
107
153
156
237
206
193
189
160
180
234
247
173
207
214
210
154
194
201
215
220
232
281
297
338
418
467
493
573
583
686
732
767
779
785
823
830
864
891
981
1016
1042
985
1001
994
987
1027
999
1027
1029
986
961
927
874
855
790
732
716
652
566
499
441
350
273
245
225
221
211
147
181
192
167
242
315
324
419
522
569
683
716
819
960
951
1002
1043
962
929
829
820
765
711
660
587
413
301
195
31
9
2
-38
-100
-161
-269
-302
-434
-499
-539
-563
-626
-685
-687
-788
-869
-915
-973
-1006
-1003
-1067
-1066
-1151
-1160
-1204
-1210
-1233
-1268
-1223
-1243
-1168
-1184
-1180
-1205
-1175
-1136
-1083
-1005
-1013
-1010
-984
-902
-868
-882
-855
-765
-769
-724
-619
-629
-570
-500
-469
-438
-419
-426
-374
-294
-277
-224
-100
-39
-12
-27
-29
-32
-54
10
55
169
240
245
235
204
197
247
276
360
373
386
408
453
498
522
546
523
505
451
463
456
544
533
529
604
620
620
578
565
583
598
625
674
692
727
753
742
666
697
701
635
629
577
561
496
467
443
437
381
316
246
218
215
158
89
83
-2
-10
-33
-54
-132
-184
-194
-242
-204
-256
-273
-267
-330
-398
-410
-445
-443
-462
-508
-567
-618
-652
-686
-673
-637
-661
-684
-656
-745
-782
-748
-764
-773
-748
-705
-787
-798
-811
-777
-750
-744
-711
-682
-693
-688
-669
-710
-616
-588
-510
-441
-436
-399
-357
-380
-313
-225
-185
-109
-2
44
16
57
94
123
235
272
378
486
450
481
509
550
516
535
529
526
583
618
668
654
647
607
677
727
694
674
686
662
610
639
617
594
577
594
614
533
497
473
486
503
499
478
499
478
441
450
468
503
555
539
564
573
524
575
471
462
441
407
423
405
374
320
252
290
268
216
206
132
128
58
45
-8
-47
-38
-42
-53
-63
-74
-138
-160
-181
-205
-165
-121
-177
-131
-132
-169
-138
-146
-188
-164
-188
-264
-249
-341
-382
-356
-395
-416
-432
-492
-526
-548
-562
-555
-537
-542
-539
-503
-486
-433
-534
-581
-555
-524
-464
-440
-404
-388
-380
-355
-388
-403
-430
-445
-422
-458
-445
-456
-515
-456
-491
-543
-530
-542
-571
-579
-599
-638
-556
-582
-608
-600
-632
-645
-689
-720
-770
-787
-804
-774
-814
-842
-848
-875
-903
-830
-790
-814
-847
-890
-866
-945
-926
-909
-875
-830
-831
-836
-797
-789
-788
-740
-684
-683
-593
-562
-587
-575
-613
-569
-537
-457
-417
-392
-397
-437
-490
-495
-600
-571
-585
-649
-641
-716
-743
-818
-865
-994
-1106
-1224
-1276
-1312
-1371
-1396
-1513
-1641
-1739
-1784
-1872
-1824
-1823
-1811
-1861
-1863
-1783
-1834
-1813
-1754
-1721
-1686
-1635
-1598
-1594
-1550
-1495
-1440
-1377
-1228
-1194
-1124
-1053
-1039
-983
-885
-797
-785
-677
-609
-549
-522
-489
-448
-445
-407
-398
-420
-334
-289
-208
-177
-189
-136
-91
-19
-47
7
59
106
138
151
160
114
152
189
223
254
282
332
371
359
403
445
461
468
458
536
599
582
533
614
630
614
627
650
683
660
663
723
677
664
663
680
689
767
800
777
753
740
753
807
836
829
819
848
793
719
759
777
729
740
716
726
730
675
665
669
652
610
625
605
577
555
561
531
557
515
472
465
446
430
405
360
387
361
293
331
335
217
198
167
110
119
147
132
143
81
7
-33
-9
-11
-47
-31
-47
-71
-109
-63
-140
-153
-126
-140
-132
-145
-142
-143
-177
-158
-139
-189
-164
-190
-161
-150
-158
-195
-215
-213
-177
-189
-140
-89
-91
-100
-97
-50
-90
-61
-83
-1
-4
-21
18
12
62
116
129
115
165
137
92
93
131
178
200
239
201
200
234
251
262
256
228
239
270
222
223
234
222
195
151
114
121
126
89
36
-53
-69
-81
-103
-130
-216
-282
-314
-369
-396
-437
-459
-556
-612
-665
-751
-734
-783
-822
-874
-869
-884
-955
-974
-934
-944
-956
-947
-949
-937
-972
-972
-964
-906
-934
-917
-881
-876
-823
-813
-862
-870
-847
-813
-779
-793
-771
-740
-717
-641
-609
-634
-596
-596
-603
-555
-505
-510
-477
-497
-504
-472
-479
-404
-392
-363
-355
-328
-306
-333
-301
-277
-272
-242
-237
-172
-86
-101
-98
-79
-32
13
13
-27
-1
44
67
110
92
112
132
178
186
183
226
251
252
260
215
230
230
244
230
264
260
250
285
254
278
320
319
316
317
325
282
252
274
254
273
235
278
289
265
263
251
248
245
290
309
286
304
318
253
284
305
258
315
281
289
328
317
332
306
268
340
327
324
354
340
376
376
347
340
356
380
422
445
463
446
424
422
414
404
395
415
410
375
388
393
416
419
391
435
402
393
342
313
331
356
333
308
306
284
252
238
294
242
263
195
193
194
171
181
174
167
94
93
82
53
50
74
54
24
-10
-66
-85
-68
-64
-84
-95
-112
-152
-131
-175
-190
-187
-260
-228
-299
-357
-365
-404
-403
-413
-409
-422
-440
-447
-462
-506
-560
-579
-549
-616
-681
-692
-738
-749
-710
-762
-760
-804
-808
-830
-908
-869
-935
-917
-940
-1006
-1078
-1074
-1096
-1107
-1091
-1139
-1137
-1186
-1171
-1180
-1148
-1184
-1180
-1160
-1223
-1177
-1172
-1164
-1145
-1091
-1075
-1005
-966
-969
-926
-912
-904
-902
-887
-828
-680
-683
-652
-621
-600
-561
-503
-468
-427
-352
-282
-220
-217
-106
-106
-71
-44
-18
21
54
99
64
145
207
216
258
234
270
342
353
368
423
451
465
474
487
523
533
568
601
593
619
680
697
678
696
737
748
757
764
833
871
858
885
866
861
911
931
916
944
969
1008
1031
1015
1007
1004
980
985
1023
1008
1039
1025
1039
1048
984
1039
1022
994
1009
1040
1028
1061
1072
1011
1042
955
919
960
932
915
895
944
952
929
880
860
854
806
838
868
896
855
873
868
871
908
869
847
855
895
877
907
874
883
896
891
867
904
923
882
914
882
845
884
905
901
959
915
920
957
909
918
957
977
988
986
948
968
981
982
944
918
954
997
1020
995
1014
982
924
944
968
970
994
956
958
1010
953
944
953
952
932
958
947
979
1027
966
978
964
986
983
980
976
977
993
1026
1037
1016
995
1040
1026
1011
1036
1040
1031
1017
1021
1035
1027
1045
1063
1037
966
1023
1053
969
979
1015
959
949
976
929
973
962
933
962
888
878
880
901
905
870
856
839
790
808
854
820
804
776
803
837
836
820
801
801
866
852
897
839
836
863
828
823
818
814
804
843
837
816
819
840
854
821
834
804
815
770
743
773
732
710
703
732
733
702
675
671
670
658
634
594
591
604
570
537
547
523
491
514
521
516
479
489
524
528
518
550
502
466
483
445
477
484
481
460
459
466
480
505
541
533
586
587
573
580
583
583
538
570
557
558
574
592
601
597
559
543
542
543
561
627
589
611
609
616
590
545
559
547
533
516
575
567
538
551
561
538
536
529
552
557
518
505
488
490
498
468
470
465
480
457
483
537
505
463
428
436
442
413
412
473
489
538
479
464
421
423
437
408
436
433
425
438
428
438
451
448
446
407
442
357
399
375
357
383
370
411
354
338
292
345
380
319
336
334
316
333
327
354
382
341
334
357
355
348
343
336
376
384
345
359
395
446
415
433
399
422
441
425
464
422
493
461
461
464
435
497
516
499
522
531
538
534
529
536
533
538
532
513
524
502
523
533
494
526
506
530
511
476
476
496
478
467
486
469
429
408
377
364
387
360
367
353
358
352
355
306
333
343
325
355
308
262
263
270
276
317
288
309
301
290
287
236
217
201
224
265
271
261
289
283
240
237
249
266
237
257
243
241
242
237
211
205
213
197
195
220
212
224
205
204
208
151
189
195
235
149
160
184
151
164
141
148
154
183
150
173
219
211
170
198
225
205
257
240
255
316
238
266
317
313
306
335
362
343
315
301
324
357
345
334
341
386
363
384
371
349
354
323
343
356
350
326
326
334
341
335
306
302
269
229
253
276
318
313
312
221
222
273
207
229
208
207
279
269
271
298
229
245
229
221
274
231
272
268
254
243
262
294
246
300
274
277
264
246
287
287
322
348
346
330
324
310
291
269
287
318
352
271
255
297
254
273
256
244
253
233
219
213
247
281
250
286
282
221
225
226
302
310
268
284
272
236
250
256
252
262
323
285
284
276
312
328
295
272
282
314
308
326
328
329
310
282
251
248
288
319
320
342
352
308
277
292
275
293
278
245
258
261
300
265
294
268
269
270
231
225
201
165
188
189
190
158
123
173
152
180
155
147
134
163
155
155
165
180
189
144
196
128
133
155
110
130
93
112
141
146
134
175
155
134
149
98
106
129
104
104
107
110
119
171
151
160
191
182
179
180
178
165
161
148
158
157
165
170
165
162
164
212
189
166
172
150
170
173
153
146
215
181
127
133
96
129
114
141
116
132
162
120
136
132
151
147
113
118
154
167
171
171
183
203
213
162
200
186
236
232
205
189
183
200
181
193
197
231
243
250
216
189
224
209
167
186
165
160
131
125
117
119
136
103
117
97
136
138
126
134
95
143
96
46
86
64
33
38
33
22
64
55
79
49
29
54
42
62
37
80
71
74
97
60
63
22
34
73
53
20
47
68
53
39
86
68
72
58
64
59
42
81
58
78
71
42
53
39
34
11
-4
31
45
21
63
72
65
32
29
26
58
64
65
45
38
85
77
91
101
82
82
113
69
81
136
104
99
70
103
128
101
122
121
109
142
118
71
89
127
117
129
126
143
146
116
99
115
105
78
52
83
59
33
63
45
25
-4
7
-10
-25
-27
-25
13
-46
-48
-48
-27
-24
-73
-19
-82
-54
-52
-48
-20
-41
-41
-88
-38
-67
-77
-110
-103
-63
-93
-68
-65
-46
-67
-58
-59
-71
-79
-118
-120
-134
-111
-121
-117
-99
-95
-106
-70
-44
-49
-46
-22
-45
-61
-40
23
-15
-24
-38
-44
-39
-27
27
-42
-24
5
13
-28
-34
-18
-12
-8
-57
-42
-19
-32
-23
-31
1
-20
-20
-15
5
24
-15
24
70
45
21
65
32
39
24
54
121
51
48
77
88
32
-29
11
44
7
34
33
23
-7
28
113
70
37
34
21
16
3
1
9
-15
-15
-18
-4
8
-5
0
-30
-53
-39
-10
-40
-38
-53
-3
-14
-45
-21
-41
-56
-101
-85
-55
-55
-58
-59
-67
-60
-14
-46
-23
-37
-61
-28
-95
-83
-72
-76
-69
-85
-47
-46
-35
-44
-29
-36
-38
-37
-54
-31
-33
-26
-74
-51
-34
-69
-68
-59
-69
-112
-127
-88
-123
-121
-81
-106
-95
-116
-125
-74
-90
-106
-84
-72
-61
-52
-96
-84
2
-42
-43
-71
-24
10
-30
-28
-13
-10
-40
-64
-9
-10
0
-17
-25
-12
-48
6
-8
1
8
34
50
24
28
36
35
45
50
92
92
56
60
62
84
82
77
61
75
116
107
95
84
67
50
56
82
70
36
58
86
47
51
36
10
3
55
52
22
44
74
47
12
31
2
51
36
34
76
30
54
44
85
43
59
36
47
40
23
52
33
61
26
27
39
-4
30
65
-4
8
31
34
45
36
44
31
37
33
5
-4
-27
-2
-4
-12
-51
-26
-21
-45
-46
-59
-46
-52
-35
-53
-65
-33
-66
-50
-37
-5
-26
-34
-18
-11
6
4
-28
-26
-24
-33
-35
-22
-6
-10
6
31
13
-11
66
25
32
20
12
4
26
1
41
35
29
47
11
44
35
77
45
24
6
2
-17
-44
-8
20
-1
8
2
40
45
54
43
50
27
54
67
58
105
90
99
67
77
95
119
128
108
95
83
68
108
140
127
93
144
159
163
118
99
133
142
139
98
125
165
163
183
143
170
173
144
180
145
186
195
172
192
177
178
182
173
209
164
151
154
129
156
154
126
147
212
189
190
209
212
207
175
134
163
210
201
180
166
177
115
143
189
231
226
222
235
210
211
195
171
187
167
184
167
190
176
153
140
136
134
121
114
131
109
104
114
117
114
117
103
91
125
133
128
129
128
123
129
134
149
115
111
86
128
92
51
52
84
65
89
105
92
151
155
148
114
116
107
97
132
132
134
112
85
104
129
123
117
153
144
114
144
161
158
129
136
152
187
159
131
104
131
148
91
135
143
165
146
113
123
135
104
142
123
138
139
148
149
127
124
121
113
127
109
102
98
89
117
97
115
91
100
83
88
58
63
81
79
75
59
96
68
58
84
90
49
61
55
40
56
69
58
59
56
43
58
16
65
59
37
48
61
36
29
29
47
67
63
50
2
45
32
65
58
50
58
49
65
53
65
44
36
6
11
46
72
37
15
26
40
41
12
-10
5
-13
-22
-17
22
46
8
-14
-17
-37
8
-28
-74
-1
-1
-22
20
-6
-26
-14
-29
12
-35
-43
-39
-20
-8
-59
-51
-75
-43
-61
-7
-39
-88
-45
-62
-98
-109
-68
-58
-81
-61
-27
-66
-57
-50
-56
-28
-54
-28
-48
-25
-2
-16
14
1
14
25
-3
28
0
-2
25
-3
21
37
26
12
12
-4
3
11
45
19
38
49
50
40
52
101
92
116
85
116
87
52
63
68
74
50
65
50
42
48
50
64
47
41
27
37
-8
25
31
20
46
21
29
11
-22
-18
-36
-87
-38
-43
-23
-28
-25
-18
-47
-33
-49
-30
-44
-2
-32
-43
-50
-44
-37
-74
-46
-84
-50
-37
-42
-75
-58
-33
-50
-77
-85
-48
-92
-125
-78
-98
-81
-70
-98
-30
-91
-45
-75
-102
-93
-106
-107
-72
-40
-91
-71
-94
-40
-38
-15
-27
-24
-14
-12
-55
-69
-16
0
-43
-40
-2
-13
-6
7
30
4
25
31
55
52
88
43
47
34
35
26
79
71
38
60
41
61
46
28
7
-11
-12
33
39
54
94
96
51
43
52
63
63
91
51
98
58
64
91
72
90
50
38
55
55
91
140
86
88
119
92
63
50
39
48
51
54
70
63
45
25
49
25
25
64
28
32
2
-3
33
34
16
-47
-35
-19
-3
33
-2
-16
6
16
12
-35
-6
-17
-40
-23
-28
-41
-20
17
-10
-26
-28
-6
-14
-13
4
5
39
-5
-24
-24
-25
-37
-44
-45
-90
-77
-61
33
-11
-12
-51
-65
-59
-71
-55
-84
-24
-42
-57
-71
-46
-41
-13
-32
-19
-10
-19
-32
-50
-17
-22
-24
-21
-7
-24
-38
-44
-44
-50
-38
-47
-21
-21
-54
-44
-30
-18
-19
-3
12
-56
-79
-28
-25
-44
-27
-3
3
2
16
2
28
47
28
26
18
51
33
78
23
4
24
63
74
46
62
52
49
42
41
54
87
20
46
86
80
67
88
39
71
84
48
64
41
83
57
64
66
47
41
9
32
40
41
50
42
42
51
40
-14
-6
14
35
11
25
-4
23
-10
-6
-15
-37
-16
-24
4
-28
-32
4
-16
-26
15
7
28
6
-24
-16
-30
-91
-85
-92
-133
-59
-68
-95
-111
-75
-47
-116
-68
-58
-47
-67
-67
-93
-86
-48
-60
-45
-54
-37
-77
-60
-84
-116
-66
-70
-52
-83
-33
-46
-60
6
-16
5
3
-2
-5
-19
5
-31
-14
35
15
13
0
-30
9
-18
-24
-19
-13
6
-22
-32
-1
-17
-30
-10
-5
-35
-6
51
18
2
-6
-13
4
10
28
5
25
-5
-1
16
-12
4
10
18
10
7
-5
10
-3
21
55
28
48
40
63
25
24
10
38
79
67
96
27
41
24
72
63
11
64
59
57
6
-2
6
23
9
54
34
46
37
-9
21
5
30
4
1
7
-15
-24
-9
-21
-19
8
-22
7
2
-1
-31
-40
-54
-47
-41
-97
-49
-54
-76
-73
-67
-87
-67
-46
-85
-58
-99
-67
-69
-94
-97
-70
-43
-40
-60
-17
-36
-58
-97
-110
-96
-101
-94
-128
-101
-95
-99
-136
-121
-104
-82
-94
-89
-85
-61
-68
-83
-62
-61
-74
-90
-58
-99
-74
-58
-52
-24
-72
-89
-39
-62
-65
-27
4
11
2
-18
-51
6
-12
13
5
-12
47
10
-11
32
48
77
77
66
35
20
51
51
30
26
28
40
77
43
-2
18
-1
-11
28
18
12
-8
9
45
29
18
6
48
5
11
44
39
53
8
0
11
29
20
22
10
-10
13
12
3
12
-22
-8
32
10
36
12
8
17
-5
-6
3
-34
-55
-40
-83
-74
-68
-89
-75
-58
-54
-29
-25
-33
-50
-35
-42
-83
-24
-42
-34
-31
-16
-28
-30
-27
-72
-73
-91
-70
-39
-46
-54
-30
-48
-41
-63
-59
-21
-34
-4
-28
-43
-58
-44
-22
-44
-22
-27
-46
42
14
-10
-24
-57
-23
-29
-47
-42
-14
-57
-30
-11
-59
-10
-7
-18
-44
11
10
-8
45
4
-21
-15
6
-16
-8
17
-14
-51
-28
-46
-70
-58
-36
-25
-60
-62
-47
-53
-19
-24
-1
-25
-4
-11
-47
-2
-6
-31
-62
-21
-44
-78
-50
-78
-57
-37
-52
-54
-29
-45
-37
-42
-56
-94
-90
-63
-82
-76
-53
-87
-61
-68
-57
-75
-73
-95
-75
-58
-121
-97
-142
-120
-133
-126
-135
-143
-117
-124
-114
-108
-155
-167
-158
-132
-144
-180
-191
-186
-171
-155
-104
-104
-111
-129
-139
-131
-146
-159
-188
-156
-145
-139
-190
-135
-100
-118
-155
-156
-127
-146
-153
-163
-131
-129
-94
-138
-117
-90
-126
-131
-128
-89
-134
-134
-135
-140
-145
-139
-122
-79
-71
-72
-50
-87
-118
-115
-93
-74
-65
-90
-135
-96
-123
-120
-91
-70
-80
-54
-18
-34
-43
6
-30
-64
-98
-85
-37
-109
-104
-85
-57
-32
-61
-60
-80
-73
-88
-110
-80
-104
-78
-59
-80
-129
-118
-91
-96
-98
-106
-76
-86
-123
-133
-127
-74
-64
-91
-98
-95
-115
-93
-102
-123
-70
-59
-78
-91
-68
-43
-16
-27
-24
-49
-43
-11
-60
-55
-78
-59
-53
-86
-84
-96
-79
-60
-45
-50
-55
-38
-52
-115
-109
-91
-73
-112
-60
-65
-87
-46
-78
-59
-61
-62
-121
-101
-113
-100
-81
-89
-109
-119
-124
-133
-94
-97
-52
-101
-83
-119
-88
-76
-142
-86
-83
-105
-109
-120
-128
-105
-92
-139
-118
-137
-141
-157
-158
-149
-146
-141
-180
-160
-158
-138
-137
-89
-120
-175
-174
-145
-132
-134
-125
-144
-130
-126
-137
-129
-100
-116
-127
-113
-104
-118
-116
-127
-139
-143
-124
-103
-160
-130
-125
-123
-103
-126
-100
-93
-93
-105
-111
-62
-44
-41
-58
-84
-92
-56
-42
-42
-63
-44
-65
-58
-58
-74
-49
-91
-44
-44
-57
-53
-46
-58
-65
-73
-88
-57
-57
-97
-70
-53
-36
-55
-77
-48
-59
-53
-119
-136
-80
-60
-88
-105
-69
-64
-103
-102
-94
-112
-87
-113
-126
-102
-85
-120
-68
-84
-106
-31
-71
-68
-28
-51
-94
-113
-115
-53
-40
-77
-78
-49
-54
-72
-32
-36
-56
-46
-32
-56
-42
-25
-18
1
9
13
-17
-34
-33
-25
-8
-6
-3
-45
-52
-62
-55
-26
-13
-12
-36
-45
4
12
9
-27
-32
-22
-40
-23
-28
-31
9
-14
-74
-63
-22
-19
-61
-44
-29
-41
-62
-35
-33
-52
-60
-74
-53
-15
-26
-78
-42
-43
-11
-1
-22
-37
-44
-67
-72
-87
-76
-46
-42
-109
-94
-69
-65
-61
-60
-57
-83
-23
-19
-34
-17
-87
-62
-29
-52
-70
-59
-89
-57
-35
-57
-53
-29
-15
-50
-53
-43
-76
-72
-84
-93
-89
-124
-131
-101
-86
-133
-143
-93
-100
-133
-149
-118
-122
-157
-141
-143
-124
-101
-110
-153
-137
-121
-151
-160
-145
-185
-185
-172
-175
-160
-126
-144
-132
-177
-182
-122
-147
-169
-144
-143
-199
-152
-160
-193
-181
-182
-181
-140
-159
-166
-168
-228
-168
-182
-188
-163
-183
-169
-197
-164
-190
-173
-157
-150
-152
-184
-164
-172
-174
-111
-160
-161
-165
-190
-155
-154
-115
-120
-116
-119
-99
-118
-136
-95
-124
-147
-124
-94
-123
-132
-123
-105
-68
-92
-87
-74
-108
-67
-84
-79
-94
-113
-72
-65
-43
-53
-55
-54
-73
-55
-27
-23
-9
-11
-23
-51
-36
-28
-3
-4
-45
-78
-95
-70
-57
-84
-36
-40
-46
-46
-54
-48
-43
-20
-38
2
-35
-1
14
2
-6
-34
4
-22
-28
6
-2
-44
-9
-28
-13
-18
-57
-26
-46
-48
-56
-23
1
-23
-94
-60
-82
-64
-71
-91
-43
-42
-40
-49
-54
-37
-34
-79
-64
-48
-133
-114
-75
-106
-136
-129
-130
-184
-134
-153
-149
-177
-137
-145
-129
-129
-179
-127
-119
-153
-145
-113
-123
-118
-153
-123
-149
-126
-135
-138
-139
-137
-117
-117
-131
-125
-117
-158
-160
-160
-94
-141
-121
-140
-123
-135
-168
-133
-141
-158
-124
-103
-157
-133
-134
-112
-124
-136
-139
-127
-67
-74
-62
-108
-93
-95
-127
-91
-84
-52
-71
-81
-14
-49
-34
-33
-35
1
3
0
-19
-25
-38
19
-24
-16
-11
-33
18
27
38
33
-9
-27
1
14
26
-2
-2
1
41
17
-3
-35
-47
-26
-22
-36
-38
-16
-26
-26
13
-20
-42
25
22
2
26
29
5
-37
-5
20
-10
36
-9
-5
-35
-5
6
-12
34
-10
-17
22
46
-35
-34
-37
-27
-1
8
19
39
46
36
27
6
-7
14
-17
-24
15
-37
-11
-13
34
23
18
18
-29
-2
-6
-2
9
-2
-1
7
-30
-4
-17
-14
-39
-20
-29
-77
-31
-27
-35
-43
-46
-6
-23
-56
-40
-17
-19
-38
-33
16
-14
-61
-56
-68
-82
-77
-49
-59
-75
-52
-72
-45
-53
-72
-71
-68
-56
-62
-37
-49
-67
-53
-55
-13
-42
-79
-69
-57
-55
-51
-51
-37
-45
-99
-81
-85
-56
-67
-88
-47
-55
-68
-39
-67
-40
-61
-83
-45
-54
-15
-56
-74
-77
-60
-84
-72
-75
-92
-124
-140
-67
-95
-116
-85
-77
-82
-108
-140
-94
-69
-80
-41
-78
-92
-78
-98
-69
-121
-122
-54
-65
-46
-68
-83
-44
-8
-38
-79
-26
-34
-20
-14
-35
-54
-77
-60
-45
-66
-37
8
-10
-16
-38
-46
-41
-16
-9
-71
-56
-16
-20
