101
57
88
70
59
79
49
60
62
30
43
51
35
67
63
78
77
59
87
55
59
105
98
98
58
46
124
136
102
126
106
95
118
108
133
126
83
85
112
115
108
139
113
66
138
107
161
158
135
167
140
145
170
173
182
146
159
172
145
131
107
169
171
169
153
163
179
185
186
190
187
181
168
223
182
219
255
212
205
191
208
238
213
169
205
230
228
219
211
229
195
220
224
181
169
167
154
229
224
182
177
163
171
184
171
169
172
122
167
178
149
131
168
127
84
144
148
150
162
170
118
85
133
132
132
103
129
141
132
125
129
146
158
183
149
189
155
146
217
198
227
191
161
186
166
163
152
152
165
185
176
229
221
224
227
236
277
212
213
211
229
225
237
219
225
211
176
188
230
226
195
243
217
211
211
212
215
234
213
219
233
246
227
224
219
227
228
222
194
203
195
190
174
220
261
230
225
218
233
200
222
239
227
220
217
247
213
207
231
201
223
216
149
197
180
191
194
188
162
210
168
164
173
126
175
175
204
165
127
125
175
156
129
163
116
90
130
140
159
135
151
150
163
129
160
156
110
138
130
130
97
54
104
119
102
141
131
146
125
118
86
115
119
83
110
112
107
146
131
85
122
108
137
147
110
124
114
121
96
138
80
119
124
89
140
127
154
151
134
161
126
77
108
125
106
126
165
107
111
140
128
144
128
156
151
104
76
122
113
114
95
91
135
122
113
135
136
155
124
124
131
88
99
110
134
116
67
87
100
82
92
90
108
70
50
126
91
115
106
109
126
120
112
111
83
76
97
60
97
97
76
86
96
43
95
98
49
42
73
76
30
59
72
112
57
61
68
64
61
32
35
49
48
29
54
34
42
77
48
83
116
59
76
88
75
112
96
95
132
110
87
107
72
44
105
122
112
130
100
94
103
113
134
123
114
93
93
108
128
118
102
99
151
173
127
136
194
151
117
140
117
118
116
67
64
133
119
99
85
119
115
139
138
111
95
105
115
98
117
125
118
149
155
127
159
148
175
151
118
121
122
153
148
135
88
107
111
105
92
85
100
65
94
91
118
93
87
58
81
130
144
182
117
113
94
91
135
130
114
103
110
74
89
104
144
131
118
138
125
91
108
110
119
128
78
114
160
157
149
153
131
88
103
112
126
147
95
142
134
118
131
125
135
112
140
123
151
177
173
196
182
151
169
200
150
139
151
159
198
186
151
186
179
181
143
168
193
147
170
202
247
227
200
202
218
183
189
168
179
194
182
173
196
146
191
207
201
184
145
204
186
138
174
200
127
144
185
182
163
192
135
157
165
149
142
145
143
162
162
136
166
86
100
120
122
95
82
61
69
82
107
96
64
108
139
125
98
121
102
110
74
96
53
54
59
49
76
92
76
41
55
29
55
24
52
32
32
30
72
55
58
88
54
72
34
61
72
69
72
50
40
56
66
76
63
67
54
54
62
57
95
62
63
83
85
107
124
120
124
134
82
87
72
64
92
73
73
89
60
44
112
95
83
133
151
157
124
118
122
112
129
125
125
120
128
105
115
137
83
65
96
99
64
74
75
114
76
107
83
78
61
70
61
44
79
54
92
44
80
61
48
107
101
100
68
45
11
6
23
-12
20
12
49
50
0
39
37
47
12
19
33
31
13
56
47
20
26
41
44
15
-12
-7
-11
17
2
29
40
22
7
24
27
8
1
-30
12
-4
-6
-22
7
-16
-14
-26
-45
-30
-44
-56
-2
-27
-55
13
4
-13
-22
-15
-52
5
0
2
-2
-10
9
-2
5
21
10
14
31
43
43
35
34
5
26
23
45
62
46
63
45
56
48
79
56
98
66
32
56
90
64
49
104
67
83
96
82
80
69
61
87
112
113
103
88
62
135
84
19
34
16
44
8
22
27
15
20
17
36
22
42
17
-21
-16
15
-42
-44
-35
-35
19
12
-17
-38
-30
12
-21
-25
-17
-22
-1
-11
-26
-30
-14
-11
-7
-15
-23
-31
-45
-41
-27
1
-18
-26
-31
-29
-33
-9
5
-28
-12
-22
10
-7
-16
23
-15
-13
-21
-23
-19
-44
-15
-4
7
-23
-26
-5
-27
-28
26
-8
-7
8
-13
-7
-38
-13
3
-30
-7
-18
-18
-6
19
-3
-25
-38
-35
15
-18
-9
-1
-21
-18
57
48
25
56
21
50
47
7
16
-2
-18
41
19
11
7
53
29
3
8
44
5
-35
11
18
8
-13
34
-1
12
21
4
2
-16
19
-13
-7
-25
-14
-6
-27
7
-6
-14
-23
-29
-27
-52
-41
-42
-40
-32
-32
-57
-69
-70
-46
-64
-38
-59
-58
-1
-55
-36
-26
-66
-81
-16
-97
-88
-65
-78
-33
-105
-111
-82
-104
-139
-97
-94
-154
-145
-128
-116
-119
-117
-102
-127
-129
-114
-98
-87
-118
-151
-175
-144
-123
-140
-109
-146
-130
-95
-97
-84
-80
-89
-111
-156
-102
-106
-129
-119
-78
-67
-97
-90
-66
-84
-124
-147
-149
-151
-110
-77
-124
-182
-101
-77
-95
-80
-89
-34
-120
-142
-109
-142
-96
-117
-143
-95
-144
-133
-152
-141
-154
-175
-181
-162
-175
-182
-158
-167
-154
-115
-140
-104
-157
-132
-102
-174
-168
-183
-134
-138
-130
-142
-138
-168
-156
-125
-150
-127
-138
-130
-131
-116
-120
-151
-156
-144
-190
-177
-145
-188
-176
-164
-162
-146
-161
-164
-184
-157
-196
-201
-161
-174
-185
-164
-173
-190
-151
-193
-150
-108
-135
-139
-143
-157
-167
-178
-149
-165
-170
-159
-154
-163
-170
-146
-170
-112
-161
-154
-187
-185
-142
-199
-195
-191
-180
-195
-168
-167
-188
-205
-212
-158
-185
-210
-202
-235
-205
-177
-166
-182
-194
-219
-188
-192
-230
-203
-227
-195
-195
-180
-241
-255
-245
-220
-163
-195
-179
-219
-167
-151
-157
-188
-242
-205
-232
-215
-201
-216
-253
-264
-241
-224
-235
-246
-203
-234
-230
-243
-225
-250
-287
-275
-224
-221
-228
-235
-260
-240
-230
-230
-227
-228
-246
-229
-218
-208
-222
-221
-233
-234
-206
-237
-230
-182
-226
-246
-234
-244
-231
-272
-255
-228
-223
-200
-173
-179
-175
-207
-229
-222
-205
-167
-164
-130
-139
-169
-185
-218
-151
-177
-202
-203
-168
-176
-184
-138
-179
-211
-200
-175
-195
-186
-196
-168
-145
-166
-145
-202
-215
-216
-222
-181
-228
-243
-201
-160
-155
-170
-210
-177
-199
-188
-124
-154
-169
-177
-201
-234
-220
-210
-160
-168
-163
-196
-214
-217
-207
-193
-216
-217
-178
-187
-182
-152
-190
-203
-192
-223
-221
-173
-225
-180
-203
-209
-198
-226
-221
-224
-225
-223
-212
-139
-167
-166
-119
-174
-197
-185
-243
-205
-176
-192
-177
-183
-172
-233
-202
-133
-164
-221
-176
-152
-177
-177
-127
-158
-132
-159
-140
-128
-165
-160
-209
-187
-154
-158
-155
-175
-171
-150
-189
-158
-127
-176
-156
-171
-178
-194
-133
-121
-140
-135
-136
-116
-130
-136
-104
-73
-115
-87
-61
-40
-33
-45
-48
-24
-21
-74
-54
-62
-106
-94
-107
-99
-80
-108
-99
-101
-111
-70
-95
-72
-57
-70
-52
-77
-91
-80
-50
-58
-26
-38
-21
-21
-64
-92
-50
-57
-38
-55
-73
-102
-136
-115
-93
-72
-93
-95
-106
-147
-181
-132
-105
-120
-118
-140
-145
-149
-135
-132
-116
-118
-166
-162
-170
-182
-151
-190
-182
-195
-235
-227
-223
-223
-217
-167
-206
-216
-222
-254
-232
-214
-195
-187
-179
-222
-196
-193
-208
-220
-206
-210
-244
-200
-214
-178
-233
-200
-194
-217
-222
-199
-168
-220
-163
-154
-147
-158
-191
-129
-116
-126
-134
-122
-114
-159
-94
-115
-151
-111
-109
-96
-72
-81
-115
-64
-60
-99
-121
-109
-66
-111
-93
-69
-62
-70
-36
-36
-34
-41
-66
-74
-55
-27
-76
-39
-21
-66
-19
-34
-53
-12
-45
-32
-76
-29
9
-17
15
4
25
21
-35
-29
-24
-51
-55
-69
-75
-13
-67
-51
-58
-44
-57
-73
-80
-72
0
-57
-62
-60
-34
-72
-103
-77
-56
-81
-66
-57
-89
-78
-128
-145
-100
-103
-95
-87
-96
-79
-52
-113
-110
-91
-129
-87
-99
-68
-70
-76
-52
-72
-115
-99
-93
-107
-45
-89
-102
-97
-94
-118
-125
-84
-119
-80
-62
-84
-51
-47
-80
-69
-73
-87
-104
-116
-76
-80
-92
-87
-123
-138
-113
-111
-107
-85
-61
-47
-43
-48
-60
-41
-86
-112
-62
-75
-23
-16
-13
-24
-57
-44
-43
-43
-52
-60
-50
-38
-60
2
-12
18
4
-5
9
49
57
35
1
-41
-18
-10
-14
4
18
15
31
32
81
51
22
14
2
12
34
36
62
40
-3
53
48
34
-5
28
6
-12
18
25
43
11
-5
-9
5
30
30
-5
-29
13
1
10
-2
20
42
29
17
-25
5
-15
4
1
-3
23
-8
-38
-53
-15
-22
-42
-49
-63
-53
-38
-93
-47
-46
-20
-9
-48
-54
-57
-50
-60
-65
-60
-69
-45
-40
-52
-7
-23
5
-8
-12
-11
42
50
19
-15
30
28
30
31
39
72
44
23
20
71
50
45
32
21
60
49
27
75
111
71
77
78
72
62
62
74
71
72
59
36
85
62
51
67
53
104
84
60
92
109
94
72
79
85
96
114
119
94
105
122
131
129
121
84
74
107
133
92
112
124
116
84
134
131
130
150
109
125
125
126
78
84
92
100
102
67
110
81
82
66
108
62
64
74
44
61
45
79
20
37
93
45
50
71
100
81
110
127
77
122
90
113
72
55
107
112
139
139
138
137
120
94
66
49
92
36
72
84
72
79
44
52
69
69
56
63
34
42
34
34
55
56
47
90
93
72
80
102
78
68
42
71
67
49
57
34
77
71
50
40
39
42
39
34
24
49
42
22
53
39
3
18
23
24
15
46
24
57
78
56
44
56
43
24
44
30
35
3
-29
21
69
16
9
-12
13
24
-17
19
-7
-31
-9
9
-33
-23
9
14
17
56
64
64
78
80
94
78
27
36
36
58
63
77
133
94
88
74
154
113
63
124
67
106
111
76
88
107
132
108
154
160
166
163
97
122
126
130
131
134
132
135
123
124
116
116
122
87
85
143
108
88
93
62
88
96
113
128
116
115
121
151
160
127
151
121
115
106
113
137
144
147
109
126
117
131
137
128
137
122
133
93
119
130
132
148
123
118
138
146
112
115
99
119
157
137
144
91
74
125
105
86
136
97
130
142
91
103
109
120
149
104
108
108
109
76
89
148
124
107
119
123
96
125
135
118
124
135
144
140
131
156
148
173
180
170
129
144
145
135
177
166
181
178
169
149
158
201
203
177
212
196
185
208
202
208
212
187
195
220
154
218
191
188
175
199
232
212
233
206
223
235
196
210
254
224
253
314
223
220
227
233
243
204
191
217
239
238
241
247
219
240
233
242
252
235
251
217
167
195
192
181
227
191
235
179
144
192
192
201
211
219
226
204
208
212
209
179
189
188
135
155
163
188
183
183
206
200
185
206
196
160
156
123
104
138
178
163
149
147
151
104
127
120
118
127
106
108
116
135
140
142
169
111
100
141
129
108
72
169
157
141
149
119
136
152
150
140
173
138
148
179
177
160
183
164
177
173
141
206
198
217
201
184
234
202
206
223
224
241
174
212
253
228
253
208
250
267
259
262
236
246
297
294
293
304
300
329
291
322
343
348
330
346
335
313
326
295
330
318
338
317
305
271
284
277
285
327
280
301
266
257
260
254
262
305
274
266
285
258
246
253
279
256
230
218
217
204
221
153
189
202
190
189
182
189
202
172
127
148
165
155
146
146
129
114
131
154
165
146
130
115
82
96
82
113
86
71
97
40
62
100
122
121
101
83
109
99
88
96
91
65
81
70
51
91
75
98
118
73
69
120
116
120
87
102
89
120
102
82
141
141
160
139
152
172
172
174
139
129
196
173
170
164
174
190
195
206
254
254
213
213
227
235
237
241
248
228
212
248
264
243
240
244
245
231
263
285
273
248
247
266
250
246
244
229
221
245
216
238
272
235
255
268
267
254
204
225
239
230
232
288
297
269
261
254
254
200
241
265
205
254
225
197
190
182
199
189
208
163
171
168
190
169
148
165
124
167
141
117
149
163
187
207
223
169
132
104
146
120
118
154
168
128
102
107
105
84
120
130
78
112
80
94
84
117
95
83
80
85
53
85
72
55
69
31
69
70
75
70
63
95
111
74
107
107
69
94
119
115
137
87
98
101
142
166
124
147
135
156
177
153
142
187
149
161
142
139
157
140
162
148
157
180
158
155
190
148
191
206
226
190
165
209
161
175
218
212
182
163
191
165
141
168
164
226
214
198
161
150
176
184
178
132
119
129
154
88
92
120
100
125
114
114
96
107
91
90
87
70
69
81
77
53
41
72
76
39
42
50
52
58
109
112
55
92
108
69
85
47
91
121
74
121
125
106
143
138
85
137
118
89
128
90
75
92
101
72
59
92
85
111
98
87
132
139
119
114
122
96
119
127
117
127
168
157
167
141
192
180
155
146
143
152
122
158
132
171
195
184
158
182
166
172
187
142
164
177
191
164
164
148
144
149
163
177
173
146
122
127
140
138
98
98
133
93
74
105
107
84
77
59
68
110
57
108
110
138
121
115
118
75
102
97
50
81
109
98
134
108
100
114
136
85
107
110
101
110
77
98
91
146
100
98
137
117
117
98
107
107
122
76
110
100
80
51
84
106
120
110
105
124
117
155
97
111
116
103
159
152
109
105
141
101
86
131
127
118
148
105
65
110
100
113
69
84
68
84
129
97
162
94
111
101
89
85
68
92
96
75
76
74
83
73
54
24
1
21
21
54
73
89
37
62
49
27
16
-12
27
-12
-4
48
61
51
51
18
-2
22
32
58
40
26
14
19
10
14
21
44
20
-6
-1
6
33
39
16
35
43
49
86
38
38
27
62
51
26
40
25
48
52
40
47
53
49
68
59
58
101
89
85
84
105
81
89
102
100
70
56
106
98
69
71
113
134
113
123
110
110
129
116
104
146
81
48
76
74
89
113
141
98
67
100
78
70
64
101
100
80
84
81
88
81
108
77
92
74
73
59
72
55
53
102
74
95
114
81
70
70
92
97
77
76
105
88
69
50
41
52
73
43
50
42
44
31
4
20
-12
-10
-1
17
1
0
7
-30
-42
-22
-19
-35
-17
-14
-37
-33
-19
-2
-7
2
17
-17
-18
-13
29
-19
-13
4
-14
14
-14
2
18
21
3
36
-10
-39
-20
1
-6
-27
-53
5
1
-26
22
-22
3
-9
-19
5
-10
-29
3
13
-21
-13
-27
5
5
8
-21
54
82
-30
-1
-27
6
31
49
18
39
60
37
64
19
58
60
70
59
53
53
33
47
111
86
67
91
78
90
106
37
36
75
52
67
81
40
74
91
56
46
49
64
52
62
44
1
35
25
20
49
-35
22
24
29
41
50
22
30
32
22
29
-14
5
15
-12
-14
6
-14
-23
-26
-35
-44
-26
-5
10
-26
-32
-38
-51
-51
-26
-31
-13
-28
-43
-29
-36
-20
-43
-25
-29
2
34
-24
-8
-29
-8
-27
-17
-13
-50
-2
0
-4
-20
-37
-25
-42
-52
-56
-47
-82
-98
-46
-57
-48
-66
-88
-62
-21
-18
-63
-78
-71
-58
-15
-4
-76
-52
-47
-90
-75
-17
30
11
-45
-4
-27
-35
12
-28
8
-36
-70
-14
-29
-54
-26
-25
-23
4
8
15
5
15
-9
2
-14
-47
-1
-6
-67
-31
-20
-20
-33
4
-42
-1
37
-10
40
-14
-29
-43
-31
-35
-60
-40
-31
-27
-23
-27
22
13
-5
2
-8
22
26
2
-10
-17
-53
-20
-28
-7
-10
-19
-14
-24
-28
-31
-27
-42
-32
-50
-19
-1
-56
-24
1
0
2
-30
-44
-28
-35
-31
-32
-4
-46
-64
3
-51
-50
-76
-65
-9
-25
-44
-39
-61
-33
-27
-64
-63
-89
-59
-27
-80
-77
-66
-101
-78
-32
-31
-40
-51
-79
-72
-68
-37
1
-17
-21
-50
-19
-23
-27
-31
-37
-38
-54
-19
-53
-30
-34
-4
-4
5
-18
-50
-77
-50
-28
-26
-28
-63
-37
-58
-25
-89
-81
-11
-51
-62
-73
-58
-43
-40
-22
-55
-49
-20
-4
-1
12
-16
-13
-9
-17
-5
-33
-22
-52
-48
-16
-77
-52
-34
-20
-65
-68
-49
-65
-42
-39
-67
-95
-56
-90
-111
-99
-82
-112
-128
-88
-77
-69
-95
-132
-84
-73
-83
-77
-73
-81
-64
-71
-111
-83
-76
-101
-96
-93
-103
-63
-90
-88
-136
-85
-74
-122
-91
-68
-72
-54
-13
-56
-44
-35
-76
-24
-52
-29
-60
-67
-80
-86
-107
-95
-64
-126
-101
-101
-118
-92
-78
-111
-86
-86
-71
-64
-45
-55
-68
-65
-103
-74
-61
-108
-85
-72
-42
-76
-125
-68
-100
-108
-117
-54
-23
-36
-71
-111
-109
-130
-110
-86
-73
-93
-75
-84
-72
-47
-119
-80
-99
-123
-91
-144
-83
-102
-107
-113
-143
-132
-141
-56
-88
-77
-79
-108
-72
-92
-124
-65
-104
-90
-92
-90
-82
-133
-98
-106
-68
-78
-111
-110
-95
-100
-94
-97
-164
-88
-66
-87
-58
-59
-80
-114
-97
-82
-96
-84
-37
-39
-51
-49
-33
13
-9
-25
-33
-51
-29
-8
-30
-14
-4
-27
-47
-49
-6
-27
-25
-20
-29
-34
-58
-19
-22
-28
-17
-27
-21
7
-28
-28
-20
-11
16
0
23
-29
-26
-29
-51
-19
-9
-39
-36
-32
-35
-29
-25
-33
-58
-63
-20
-80
-84
-38
-82
-77
-78
-70
-65
-76
-96
-73
-95
-77
-77
-67
-53
-81
-57
-80
-81
-75
-72
-77
-68
-79
-109
-83
-77
-97
-118
-97
-70
-76
-41
-60
-107
-74
-22
-50
-62
-88
-106
-61
-76
-80
-67
-77
-82
-59
-14
-35
-70
-72
-16
-5
-17
-20
-13
-32
-86
-45
-43
-18
-19
9
-7
6
-40
-55
1
8
1
-27
16
-24
-26
-18
-56
-16
-18
14
31
-32
-10
30
-5
23
-1
22
20
22
8
-14
-58
-39
18
-6
-30
-37
9
6
7
4
-3
-1
-6
-14
-16
-24
15
-21
-30
-50
-49
-34
-1
13
-15
35
20
14
-9
20
-10
-9
3
0
27
44
29
15
-12
-22
0
-28
-58
-50
-18
-34
-32
-11
-36
-25
-20
-56
-47
-10
-69
-50
-27
-52
-51
-71
-66
-103
-95
-90
-75
-95
-44
-53
-63
-70
-107
-106
-77
-96
-93
-150
-135
-73
-94
-74
-129
-113
-72
-93
-107
-92
-92
-60
-53
-77
-39
-74
-105
-84
-78
-93
-102
-99
-134
-118
-100
-124
-123
-113
-121
-150
-113
-108
-162
-126
-114
-141
-92
-80
-66
-112
-71
-66
-71
-84
-94
-73
-112
-108
-80
-48
-56
-26
-47
-7
-25
-41
-48
-88
-55
-77
-110
-82
-92
-108
-73
-79
-84
-103
-87
-62
-61
-75
-39
-58
-102
-71
-76
-91
-99
-116
-106
-71
-59
-59
-79
-71
-49
-65
-102
-74
-67
-57
-48
-81
-63
-88
-55
-95
-92
-98
-87
-78
-103
-80
-90
-68
-70
-78
-66
-106
-108
-97
-80
-56
-63
-26
-84
-40
-55
-95
-116
-98
-141
-85
-76
-97
-39
-87
-85
-51
-73
-71
-103
-92
-78
-84
-63
-60
-69
-95
-98
-107
-79
-129
-72
-80
-103
-68
-71
-77
-60
-53
-79
-96
-83
-90
-122
-24
-26
-52
-69
-109
-63
-100
-76
-71
-63
-110
-65
-31
-61
-61
-27
2
-3
-6
-11
-24
-75
-34
-47
-64
-69
-90
-85
-86
-81
-56
-51
-55
-75
-81
-81
-51
-62
-73
-73
-61
-36
-85
-102
-46
-73
-68
-82
-88
-81
-47
-39
-80
-14
-16
-43
8
12
0
-81
-53
-29
-37
-30
-46
18
-18
-26
-43
-71
-93
-83
-22
-73
-104
-98
-75
-135
-105
-83
-75
-53
-77
-55
-59
-36
-16
1
7
10
23
33
-4
0
-28
-36
-33
-52
-9
-32
-63
-75
-37
-48
-58
-28
-77
-28
-54
-84
-32
-30
-4
-6
-31
-83
-60
-35
-50
-13
-30
-8
19
-17
6
28
-3
-6
-27
-41
-47
-44
11
-56
-36
-30
-46
-43
-62
-69
-100
-36
-64
-26
-30
-53
-38
-34
-24
-26
-66
-50
-9
-76
-30
-12
-66
-88
-52
-58
-33
-13
-29
-49
-13
-10
-21
-3
-21
-28
-1
-16
-38
8
-29
-5
13
24
-14
-40
-51
-38
-22
-25
-50
-62
-16
3
-19
-7
6
2
-49
-43
-47
-42
-34
-15
-31
-55
-1
-23
9
-20
-72
-35
-42
-48
-58
-21
-24
-57
-24
-23
-19
-35
-9
-37
-34
-61
-66
-26
-49
-11
-14
-8
-1
-40
-25
-49
-19
7
-39
-20
1
-25
-9
-24
-58
-25
-17
-3
-46
-19
-41
-58
-24
-39
-13
-34
-21
-55
-80
-41
-33
-58
-67
-59
-41
-62
-86
-43
-72
-62
-51
-75
-98
-107
-64
-48
-53
-78
-45
-34
-10
-39
-38
-57
-22
11
12
-7
-13
-43
-56
-51
-79
-15
8
-22
-25
-29
-67
-75
-92
-104
-100
-94
-97
-101
-74
-78
-48
-83
-61
-56
-86
-39
-47
-41
-66
-33
-73
-67
-41
-57
-76
-80
-85
-28
1
-26
-8
-7
-25
-38
-31
-53
-40
-18
-37
-18
7
-13
-32
-40
-35
-72
-80
-46
-26
-54
-73
-49
-70
-88
-134
-64
-94
-46
-45
-60
-4
-63
-86
-94
-63
-81
-82
-38
-58
-102
-33
-48
-68
-41
-63
-49
-62
-24
-27
-52
-11
-21
-33
-28
-34
-48
-81
-70
-68
-48
-31
-57
-79
-43
-43
-64
-20
-56
-65
-55
-78
-81
-108
-99
-80
-117
-98
-93
-85
-82
-110
-125
-129
-121
-150
-135
-140
-130
-98
-109
-126
-108
-110
-76
-79
-114
-89
-89
-46
-36
-22
-68
-93
-68
-48
-20
-44
-22
-12
-16
-10
-49
-65
-49
-54
-56
-45
-10
-50
-33
-32
-57
-54
43
24
-14
9
-31
0
-25
34
-42
-26
16
13
31
41
53
19
17
22
-6
13
-2
56
72
3
35
29
69
85
99
82
76
68
-2
40
75
48
66
96
68
49
37
50
52
54
11
6
19
45
40
25
27
15
1
15
22
25
57
49
65
21
28
24
21
76
52
13
73
80
62
89
52
90
43
36
42
57
84
20
62
80
53
59
92
80
94
109
76
80
79
98
77
43
71
71
51
63
37
26
48
56
54
16
41
43
65
73
29
60
53
59
78
38
32
66
50
35
16
52
44
29
63
52
33
82
83
60
42
44
61
65
34
45
27
31
64
44
28
1
26
27
82
-16
1
62
5
36
-4
8
17
16
-5
18
14
15
-18
-27
-44
-31
-42
-36
-1
-37
-57
-45
3
-34
-36
-38
-4
6
-10
-37
-4
-12
-6
22
9
20
-7
12
-2
43
21
-9
-27
7
26
29
38
63
55
44
51
63
88
80
76
45
40
49
46
23
64
57
49
31
54
65
34
19
46
55
37
49
30
39
81
65
31
76
37
59
67
78
88
57
65
37
42
49
74
24
69
77
52
32
65
55
81
100
76
65
68
61
62
49
44
78
76
103
111
88
93
85
53
43
67
65
47
18
7
55
35
30
34
26
28
19
31
55
38
21
41
56
46
30
20
42
90
71
66
50
47
77
94
89
87
102
136
151
144
75
59
115
104
123
89
35
74
82
121
105
109
103
96
117
114
78
121
120
105
109
95
111
53
118
127
135
130
135
141
158
174
149
172
196
160
142
183
168
154
160
139
110
154
162
101
106
100
118
121
150
145
113
156
115
119
116
123
138
140
151
167
169
133
103
157
132
141
137
121
124
138
132
109
147
115
140
154
144
112
94
121
114
89
116
148
153
167
151
158
169
141
130
150
157
142
142
157
115
146
131
87
132
123
127
111
147
138
116
148
165
169
107
110
142
107
98
89
145
147
126
135
111
118
87
151
107
139
131
104
132
132
106
88
115
78
122
101
109
108
120
117
112
153
157
176
169
169
205
175
167
199
202
185
136
174
180
179
179
183
177
202
213
194
152
199
176
195
189
188
200
210
199
202
249
196
244
217
248
227
252
244
229
257
247
231
219
239
225
206
183
205
180
201
205
172
188
240
257
215
185
159
169
205
183
164
175
186
164
173
174
164
162
101
129
114
145
126
113
130
102
126
151
128
142
129
127
123
123
104
62
89
88
103
106
102
139
131
105
120
131
117
92
139
121
101
112
115
77
123
96
72
120
73
89
120
121
114
85
87
83
75
95
63
66
73
58
68
55
51
85
33
61
42
34
47
41
28
16
46
41
66
46
44
33
26
43
92
71
62
74
49
41
16
24
21
52
53
20
-11
31
50
37
36
-2
41
12
-11
3
41
43
2
70
37
16
79
47
22
28
26
10
40
23
17
42
71
40
47
96
35
59
70
80
65
58
75
65
108
117
97
104
142
99
101
139
134
124
92
80
116
118
116
150
100
132
156
124
143
158
147
130
132
117
103
108
142
88
109
92
86
107
44
108
80
96
105
118
130
123
128
96
119
122
97
87
134
140
112
63
92
89
54
64
91
102
82
97
102
107
115
109
115
92
102
129
131
75
50
76
61
31
63
77
47
84
68
80
85
82
46
11
18
0
1
16
-32
-44
-24
-40
-17
-19
-32
-37
10
7
14
-11
-3
30
-5
17
26
5
10
93
80
103
84
51
22
19
60
25
-10
8
50
54
73
64
77
60
93
90
94
69
78
73
5
48
15
15
16
7
-61
-50
-427
-961
-1139
-1442
-1589
-2231
-2953
-3292
-3706
-3724
-4228
-4580
-4659
-4784
-4690
-4873
-4739
-4702
-4762
-4748
-4840
-4489
-4304
-4235
-3979
-3763
-3097
-2581
-1775
-988
-321
619
1510
2585
3507
4300
5197
5753
6449
6941
7404
7874
7886
8000
7980
7945
8010
7701
7503
6960
6563
6189
5567
5008
4165
3434
2576
1613
895
-44
-823
-1767
-2582
-3189
-3787
-4176
-4678
-4960
-5113
-5250
-5042
-4999
-4729
-4508
-4234
-3864
-3566
-3050
-2616
-2260
-1855
-1418
-843
-402
40
479
825
1262
1595
2028
2325
2487
2599
2613
2585
2346
2185
1802
1362
734
21
-541
-1403
-2034
-2861
-3722
-4467
-5254
-5772
-6427
-6992
-7417
-7838
-8067
-8186
-8219
-8030
-7845
-7388
-6871
-6085
-5259
-4334
-3203
-2168
-910
347
1663
2924
4093
5401
6546
7621
8729
9635
10541
11217
11918
12555
12978
13422
13695
13829
13583
13202
12685
12028
11061
9781
8301
6694
5070
3339
1601
-231
-1906
-3463
-4920
-6089
-7075
-7883
-8463
-8935
-9235
-9297
-9134
-8932
-8757
-8548
-8212
-7754
-7252
-6754
-6189
-5639
-4899
-4114
-3205
-2199
-1171
-6
1044
2141
3361
4471
5448
6259
6921
7487
7830
8053
7959
7624
7149
6528
5803
4843
3842
2781
1615
455
-692
-1791
-2832
-3886
-4995
-5982
-6874
-7720
-8645
-9543
-10283
-10994
-11539
-12124
-12565
-12706
-12799
-12629
-12328
-11742
-10879
-9791
-8471
-7063
-5345
-3457
-1592
257
2076
3930
5577
7160
8527
9656
10739
11553
12268
12875
13271
13741
14086
14328
14531
14745
14892
15001
14824
14478
13915
13138
12233
10835
9275
7378
5295
3205
897
-1364
-3545
-5542
-7208
-8910
-10137
-11020
-11608
-11849
-11991
-11697
-11204
-10575
-9865
-9229
-8447
-7748
-7017
-6313
-5760
-5057
-4387
-3654
-2959
-2100
-1017
15
1158
2314
3529
4904
6071
7254
8177
8865
9468
9700
9721
9346
8722
7886
6664
5304
3814
2311
720
-1021
-2627
-4158
-5423
-6658
-7882
-8944
-9943
-10662
-11348
-11991
-12600
-13118
-13414
-13695
-13855
-13783
-13507
-12941
-12229
-11245
-9886
-8301
-6470
-4515
-2468
-256
2009
4211
6231
8080
9844
11338
12579
13671
14489
15177
15635
15983
16257
16423
16589
16684
16688
16643
16503
16271
15708
14817
13756
12390
10889
8866
6542
4174
1592
-846
-3373
-5715
-7933
-9891
-11430
-12794
-13665
-14094
-14272
-14091
-13823
-13298
-12388
-11527
-10584
-9820
-8937
-8043
-7177
-6227
-5499
-4605
-3715
-2714
-1648
-550
868
2227
3634
5040
6409
7852
9124
10118
10900
11376
11661
11636
11222
10451
9308
7939
6254
4424
2414
362
-1831
-4083
-6232
-8266
-10016
-11687
-13208
-14559
-15608
-16319
-16906
-17126
-17188
-17079
-16573
-15998
-15069
-13879
-12460
-10923
-9349
-7368
-5325
-3175
-962
1103
3264
5347
7505
9400
11169
12865
14259
15571
16651
17658
18554
19214
19757
19999
20304
20488
20460
20377
19840
19006
17543
16006
14386
12481
10408
7376
4414
1565
-1042
-3379
-6311
-8741
-10944
-12562
-13774
-15139
-15554
-15777
-15695
-15675
-15665
-14715
-13696
-12765
-12170
-11666
-10497
-9365
-8195
-7464
-6625
-5143
-3872
-2572
-1316
418
2474
4088
5471
6890
8776
10596
11691
12340
12793
13379
13740
13411
12493
11268
10106
8249
6048
3746
1436
-772
-3833
-6698
-9271
-11326
-12930
-15179
-17020
-18299
-19051
-19318
-19701
-19646
-19305
-18506
-17483
-16454
-14779
-13117
-11268
-9547
-7762
-5388
-3125
-644
1289
3182
5571
7742
9966
11749
13385
15143
16614
18056
19248
20274
21358
21928
22371
22558
22783
23115
22958
22298
20917
19152
17558
15701
13649
10817
7446
4211
1184
-1373
-4184
-7171
-9690
-11765
-13391
-14976
-16074
-16294
-16386
-16659
-17176
-16877
-15840
-14635
-14076
-14028
-13388
-12105
-10726
-9785
-9062
-7830
-6293
-4851
-3633
-2024
334
2570
4115
5419
7249
9601
11536
12564
12968
13628
14416
14755
14211
13304
12631
11698
9628
6678
4668
2895
841
-2758
-6418
-8716
-10788
-12592
-15259
-17600
-18668
-19579
-20096
-21051
-20967
-20093
-19524
-19035
-18592
-16672
-14405
-12921
-11633
-10184
-7447
-4960
-2665
-473
1451
4118
6356
8649
10645
12594
14831
16390
17640
18901
20374
21891
22413
22579
22850
23390
23790
23680
23350
22686
21761
20325
18298
16496
14408
12170
8767
5044
1941
-701
-2829
-6143
-9153
-11422
-13218
-14456
-16195
-16955
-17273
-17456
-17551
-17943
-17178
-15922
-14827
-14341
-14367
-13210
-11631
-10187
-9357
-8769
-7108
-5535
-3950
-2618
-796
1589
3406
4926
6298
8315
10628
12182
12918
13280
14018
14834
14898
14211
13166
12310
10723
7948
5479
3200
1070
-2064
-5839
-8879
-11385
-13009
-15313
-17839
-19419
-20394
-20665
-21165
-21289
-20692
-19887
-19111
-18675
-17234
-15092
-13267
-11788
-10595
-8380
-5814
-3241
-894
1013
3529
5957
8459
10672
12639
14828
16528
17820
18833
20048
21467
22284
22627
22776
23118
23666
23963
23809
23377
22844
22175
20575
18585
16694
14679
12346
8705
4954
1649
-1069
-3740
-7341
-10430
-12834
-14480
-15719
-17371
-18153
-18298
-18016
-18003
-18156
-17287
-15962
-14613
-14173
-14046
-12963
-11503
-10124
-9628
-9095
-7768
-6319
-4764
-3599
-1945
321
2491
4197
5582
7653
10091
11946
12803
13243
14042
14929
15172
14468
13503
12627
10887
8254
5668
3180
1055
-2199
-5949
-9148
-11699
-13188
-15505
-17837
-19390
-20293
-20358
-20853
-20850
-20212
-19309
-18569
-18196
-16797
-14855
-13022
-11635
-10440
-8246
-5784
-3084
-615
1456
3972
6491
9128
11426
13456
15586
17251
18385
19261
20201
21426
22065
22284
22386
22630
23051
23234
23235
22921
22505
22211
21476
19899
17890
16158
14182
11588
7987
4418
1291
-1913
-4978
-8675
-11755
-13927
-15600
-16583
-17520
-17348
-16562
-15990
-15744
-15699
-14900
-13618
-12714
-12369
-12280
-11514
-10370
-9308
-8786
-8357
-7165
-5755
-4326
-3327
-1923
232
2386
4112
5497
7390
9848
11684
12669
13176
13976
14767
14890
14116
13023
12012
10653
8104
4886
2115
-239
-2709
-6522
-10130
-12784
-14670
-16405
-18870
-20520
-21081
-21379
-21501
-21872
-21179
-19865
-18871
-18310
-17722
-15924
-13877
-12289
-11143
-9594
-7137
-4698
-2378
-243
2255
5069
7357
9667
11728
13883
15926
17176
17988
18780
19850
20783
20937
20848
20983
21228
21398
21320
21172
21122
21102
20912
20218
18796
17111
15529
13606
11498
8533
5477
2653
-399
-3007
-6092
-8932
-11214
-13250
-14597
-16132
-17097
-17230
-16909
-16600
-16647
-15849
-14452
-13048
-12120
-11784
-11059
-9979
-8901
-8119
-7806
-6926
-5678
-4227
-3137
-2073
-109
2097
3966
5307
6800
9006
10998
12226
12842
13442
14113
14424
13902
12803
11616
10245
7955
5037
2105
-385
-2854
-6262
-9643
-12694
-14560
-16231
-18315
-19973
-21025
-21156
-21373
-21524
-21040
-20206
-19087
-18593
-17886
-16553
-14872
-13210
-12092
-10656
-8549
-6138
-3563
-1518
943
3493
5967
8259
10144
12129
13689
14973
15738
16573
17647
18314
18853
19160
19528
20205
20713
21130
21151
21177
21164
21001
20822
20515
19859
18364
16460
14504
12450
10439
7447
4451
1519
-1572
-4001
-6823
-9050
-10991
-12480
-13717
-15322
-15885
-15858
-15205
-14864
-15059
-14496
-13464
-12135
-11579
-11335
-10466
-9335
-8126
-7552
-6986
-5931
-4761
-3737
-3316
-2122
-133
1957
3705
4973
6658
8750
10608
11742
12250
12850
13299
13289
12550
11555
10623
9536
7452
3820
1264
-1127
-3054
-6164
-10217
-12685
-15198
-16704
-18587
-20713
-21183
-21935
-22037
-22558
-22273
-20807
-19782
-19068
-19098
-17618
-15287
-13491
-12094
-10891
-8468
-5796
-3520
-812
1625
4671
6694
8538
10353
11937
13660
14550
14991
15453
16507
18048
18890
19297
19831
20637
21395
21599
21882
22153
22150
21428
20621
20381
19692
18701
18151
17269
16936
16815
17251
14903
10780
8440
4561
1158
-2164
-5703
-8110
-10307
-11860
-13739
-14693
-14796
-14499
-14332
-14754
-14669
-14212
-13225
-12710
-12524
-12189
-11453
-10254
-9467
-8820
-7763
-6692
-5578
-4869
-3907
-2224
-425
1282
2514
3801
5355
6980
8440
9199
9658
9996
10181
9832
9135
8435
7550
6095
3658
1350
-1027
-3015
-5425
-8434
-11235
-13964
-15947
-17816
-19670
-21049
-22156
-22661
-23251
-23325
-22794
-21886
-21056
-20629
-19571
-18030
-16130
-14328
-12768
-10807
-8613
-6222
-3643
-1257
1331
3596
5669
7470
9046
10694
11908
12618
12902
13225
13898
14671
15405
16097
16966
17986
18871
19603
20218
20532
20396
19875
19097
18613
18950
18911
19893
21823
21833
19926
19850
18032
11836
8974
5973
2168
230
-2170
-4861
-7139
-8931
-9914
-11392
-12386
-12522
-12637
-12172
-12594
-12528
-11611
-10294
-9290
-9023
-8773
-8312
-7384
-6568
-6459
-6110
-5631
-4826
-3920
-3165
-1707
131
1939
2997
4047
5477
7147
8643
9281
9491
9673
9864
9778
9197
8424
7436
6378
4911
2718
370
-1676
-3677
-5882
-8771
-11338
-13548
-15498
-17237
-19105
-20383
-21372
-21950
-22374
-22611
-22157
-21438
-20610
-20055
-19246
-17691
-15825
-14209
-12853
-11053
-8718
-6335
-4051
-1764
755
3150
5020
6521
7911
9258
10191
10750
11113
11730
12643
13695
14592
15511
16631
17887
18888
19703
20368
21137
21503
21278
20380
19801
19714
20561
22494
23538
21687
18863
17675
16410
15319
13521
10995
7612
4222
1651
-1562
-4043
-6028
-8066
-9589
-11385
-12298
-12834
-12618
-12796
-13602
-13425
-12824
-11831
-11433
-11629
-11412
-10775
-9813
-9075
-8796
-8137
-7514
-6507
-5867
-5048
-3584
-1894
-379
461
1616
3345
5123
6451
6978
7418
7828
8220
8140
7729
7124
6270
5407
3990
2179
14
-1872
-3920
-6193
-8840
-11268
-13312
-15297
-17202
-18931
-20146
-20960
-21637
-21983
-22050
-21644
-20873
-20027
-19244
-18307
-16842
-15111
-13580
-12138
-10340
-8111
-5925
-3948
-1778
528
2620
4210
5507
6783
8126
9135
9939
10632
11485
12564
13488
14375
15252
16390
17849
18939
19901
20825
21787
22196
22002
21355
20309
19923
20125
20915
21643
21500
19258
17643
16560
14539
11844
9053
6816
4527
2840
431
-2423
-5215
-7501
-8906
-10931
-12240
-12850
-12945
-12867
-13609
-13640
-13200
-12257
-11628
-11528
-11140
-10465
-9531
-8732
-8416
-7807
-7221
-6240
-5430
-4712
-3315
-1737
-179
813
1929
3444
5098
6396
7094
7593
7997
8363
8431
8096
7556
6686
5861
4389
2429
629
-1079
-2953
-5453
-8186
-10375
-12342
-14260
-16200
-18044
-19202
-20282
-21022
-21545
-21751
-21470
-21138
-20734
-20388
-19471
-18074
-16800
-15564
-14289
-12451
-10265
-8175
-6119
-3891
-1519
759
2701
4577
6411
7801
8876
9860
10868
11742
12596
13357
13999
14522
15211
16144
17062
17987
18828
19731
20402
20625
20580
20143
19538
19237
19649
20103
20854
21410
19899
18477
16860
15092
13141
10354
7516
4992
2761
-539
-3702
-6131
-7900
-9127
-10624
-11218
-11754
-11880
-12040
-12861
-12635
-12254
-11390
-10899
-10774
-10507
-10127
-9438
-9097
-9033
-8613
-8005
-6987
-6236
-5288
-3855
-2267
-607
622
2095
3730
5548
7017
7972
8580
9030
9500
9548
9115
8414
7537
6591
5177
3424
827
-1071
-3179
-5303
-7684
-10613
-12382
-14574
-16080
-17695
-19215
-19782
-20682
-20936
-21306
-21226
-20475
-20068
-19493
-19327
-18125
-16648
-15369
-14150
-12736
-10634
-8541
-6504
-4151
-1668
896
2862
4486
6061
7510
8670
9218
9643
10066
10841
11645
12364
13351
14578
16026
17059
17856
18584
19140
19749
19539
19603
19903
20018
20181
20108
20575
21071
21204
20478
19833
18361
16474
14898
12121
8870
5739
2962
-683
-4625
-7571
-10083
-11735
-13468
-14974
-15425
-15589
-15349
-15736
-15689
-15024
-14300
-13358
-12961
-12814
-12370
-11460
-10504
-9971
-9500
-8754
-7742
-6570
-5678
-4441
-2951
-1375
-120
1045
2472
4060
5569
6557
7122
7345
7636
7759
7429
6768
5751
4879
3626
1505
-599
-2421
-4095
-6158
-8841
-11172
-12994
-14601
-15982
-17603
-18788
-19565
-20137
-20401
-20685
-20405
-19870
-19480
-19305
-18872
-17638
-16247
-15114
-14104
-12586
-10551
-8490
-6422
-4090
-1575
828
2894
4759
6595
8105
9156
9928
10576
11272
12156
13054
13616
14253
15297
16532
17664
18479
19464
20459
20839
20939
20968
21198
20998
20299
19803
19601
19816
19419
18367
17076
15836
14974
15047
14636
13183
10826
7988
6123
3787
836
-1851
-4489
-6155
-7903
-9320
-9844
-10238
-10095
-10645
-10761
-10647
-10167
-9683
-9834
-9607
-9330
-8793
-8271
-8090
-7750
-7258
-6601
-5777
-4908
-3633
-2059
-200
1483
2957
4596
6227
7724
8713
9091
9257
9370
9120
8437
7578
6462
5187
3604
1911
257
-1370
-3140
-5119
-7136
-9254
-10859
-12494
-13924
-15366
-16701
-17447
-18296
-18747
-19058
-19247
-19301
-19442
-19238
-18942
-18254
-17482
-16715
-15696
-14457
-12724
-10702
-8595
-6336
-4000
-1551
874
3015
5061
6741
7818
8568
9305
9967
10602
11053
11462
12087
12804
13811
14929
16224
17374
18435
19602
20443
20977
21059
21138
21573
22411
23198
23662
24100
23979
22933
21848
20115
17482
14828
11660
8596
5783
3649
1760
-363
-2186
-4249
-6061
-8047
-10465
-12251
-13407
-13456
-13473
-12787
-11671
-10503
-9427
-9566
-10079
-10625
-10518
-10320
-10461
-10442
-10190
-9575
-8640
-7763
-6456
-4721
-2818
-1116
396
2039
3859
5632
7001
7837
8289
8649
8761
8622
8098
7343
6328
4991
3086
1192
-551
-2163
-4089
-6497
-8728
-10644
-12094
-13602
-15109
-16458
-17514
-18358
-19047
-19436
-19562
-19502
-19679
-19684
-19505
-18750
-17788
-16936
-16011
-14851
-13168
-11194
-8975
-6627
-4138
-1761
458
2619
4711
6441
7641
8338
8657
9030
9236
9626
9713
9974
10448
11071
12233
13251
14662
15917
17117
18311
19076
20084
20676
21138
21510
21618
21660
21147
20825
19952
18920
18185
16268
14938
12741
10078
7649
4993
2940
311
-2128
-4654
-6347
-6724
-7724
-8667
-9180
-9042
-8643
-8986
-8711
-8643
-8209
-8156
-8656
-8794
-8844
-8434
-8381
-8460
-8452
-8295
-7783
-7259
-6434
-5155
-3461
-1546
1
1581
3246
4992
6468
7373
7882
8194
8408
8212
7794
6976
5931
4536
2893
1205
-670
-2433
-4408
-6400
-8578
-10673
-12206
-13846
-15244
-16654
-17909
-18788
-19617
-19978
-20449
-20566
-20743
-20778
-20504
-20199
-19419
-18539
-17566
-16421
-14993
-13048
-10748
-8575
-6276
-3909
-1441
1006
3069
4928
6392
7362
8072
8530
8923
9343
9772
10223
10673
11326
12222
13322
14475
15599
16564
17527
18203
18864
19695
20247
21018
21335
21838
21976
21550
21280
19679
18052
17058
15672
14667
12772
10704
8026
4926
2745
-327
-2383
-4109
-5276
-5948
-7472
-8518
-10140
-11647
-13274
-15546
-17153
-18618
-18492
-17273
-15679
-13754
-12058
-10157
-8559
-7091
-5631
-4142
-2748
-1490
-151
1499
3498
5487
7028
8413
9696
11158
12241
12844
13025
12765
12690
12182
11419
10370
9012
7725
5857
3609
1626
-100
-1842
-4063
-6589
-8719
-10447
-11972
-13451
-15210
-16476
-17556
-18415
-19062
-19608
-19555
-19634
-19712
-19776
-19356
-18268
-17299
-16494
-15547
-14031
-12146
-10039
-7794
-5427
-3007
-701
1454
3582
5612
7147
8152
8827
9334
9862
10411
10758
11011
11345
11794
12357
13106
13973
14821
15610
16236
17087
18350
19640
20697
21400
21745
21742
21354
20668
19694
17760
15789
14110
12653
11990
9895
8674
7850
6707
5775
2721
327
-2148
-3660
-3349
-4697
-6811
-9185
-10202
-10559
-11440
-11087
-10135
-8286
-7060
-6550
-6111
-5946
-5657
-5821
-6148
-6361
-6424
-6195
-5901
-5524
-4678
-3414
-2041
-957
124
1428
3011
4308
5247
5879
6190
6586
6524
6382
5953
5088
4425
2964
1154
-802
-2361
-3774
-5846
-8210
-10539
-12114
-13602
-15060
-16612
-17848
-18779
-19684
-20120
-20624
-20600
-20442
-20540
-20600
-20522
-19478
-18447
-17528
-16657
-15390
-13477
-11494
-9399
-7161
-4815
-2661
-671
1224
3114
4636
5707
6269
6639
7047
7509
7786
8012
8281
8727
9558
10544
11966
13498
14851
16005
16592
17629
18437
19057
19580
19698
20215
20157
19806
19069
18234
16880
15745
15044
14971
13853
10529
7910
5320
3875
2645
582
-1221
-3448
-4546
-5512
-6538
-7382
-9203
-10599
-12813
-14081
-13635
-12045
-10434
-11142
-12098
-12490
-11135
-8131
-5856
-4615
-4116
-4715
-5717
-6537
-6062
-4189
-1642
1097
3364
5462
7643
9659
11060
11990
12480
12936
13351
13301
13120
12286
11397
10218
8391
6366
4123
2475
8
-2930
-6153
-8989
-11074
-13425
-15586
-17743
-19355
-20598
-21681
-22430
-23035
-23197
-23536
-23843
-24036
-23766
-22680
-21928
-21130
-20203
-18479
-16263
-14168
-11901
-9423
-6915
-4540
-2384
-303
1677
3015
3940
4406
4954
5488
5899
6341
6515
6904
7582
8613
9817
11128
12364
13701
15123
16487
18135
19260
20043
20616
20863
21450
21618
21911
22118
21206
19220
17768
16793
15480
13776
10721
8610
7018
5289
2629
-1660
-6900
-13124
-16655
-18257
-17090
-10677
-4570
-1008
-1128
-4054
-7925
-10110
-8360
-6580
-5308
-5904
-8690
-10766
-11057
-9785
-8051
-6127
-3826
-1820
203
2388
4164
5400
6025
6944
8408
9771
10913
11571
11776
11671
11387
10719
9845
8638
7506
6498
4999
3335
1660
588
-818
-3076
-5591
-7716
-9514
-11402
-13341
-15312
-16697
-17917
-18741
-19304
-19729
-19687
-19648
-19587
-19645
-19146
-17863
-16912
-16188
-15425
-13940
-11919
-10132
-8237
-6111
-3835
-1880
24
1961
3733
5041
5951
6487
6986
7565
8235
8829
9207
9840
10581
11659
12691
13919
15234
16480
17754
18920
20539
21831
22712
23259
23452
24014
24422
25088
25664
26187
26115
24936
25312
25262
24369
22745
20493
18611
15036
9544
2514
-5108
-11581
-13607
-12070
-11417
-11083
-11465
-12201
-12379
-12261
-10603
-8170
-6074
-5165
-5600
-6607
-7977
-9299
-10769
-12153
-13137
-13766
-13510
-12892
-11787
-9841
-7602
-5373
-3602
-1590
706
2915
4768
6054
6941
7355
7667
7805
7658
7093
6134
5155
4066
2505
942
-667
-2391
-4171
-6460
-8273
-10214
-11958
-13631
-15496
-16816
-18319
-19322
-20105
-20906
-21336
-21838
-21785
-21843
-21731
-21144
-20437
-19461
-18619
-17327
-15639
-13759
-11810
-9782
-7515
-5219
-2901
-732
1273
2913
4207
5255
5956
6440
6828
7174
7312
7324
7618
8297
9061
10076
11259
12689
14154
15573
17356
19166
21105
22515
23484
23739
23127
22284
20970
20211
19816
19594
18370
17619
16974
16308
17558
17691
16984
14645
10887
5918
-206
-4988
-8383
-10478
-11193
-10812
-8856
-7177
-6489
-7237
-9352
-11110
-12477
-12493
-11941
-11341
-10182
-9000
-8009
-8062
-9042
-10129
-10716
-10464
-9615
-7981
-5760
-3556
-1667
50
1842
3748
5677
7188
8177
8717
8936
9081
8925
8397
7511
6353
5240
3669
2250
-107
-2182
-4020
-6389
-8199
-11133
-12920
-15004
-16993
-18394
-20392
-21125
-22180
-22771
-23096
-23659
-23113
-23023
-22502
-22401
-22015
-20806
-20119
-19074
-18112
-16378
-14458
-12616
-10518
-8119
-5560
-3265
-1256
643
2398
3689
4657
5276
5657
6158
6432
6658
7055
7774
9053
10343
11693
13313
15044
17080
18578
19866
21210
22193
23267
23630
23538
23130
22692
22296
21943
21182
19632
17727
17233
18356
19172
19145
17631
15500
13677
12030
9547
5376
-756
-8185
-14373
-16961
-16585
-14825
-12161
-8090
-3962
-1405
20
-259
-1409
-3296
-5330
-6562
-7168
-7160
-7063
-7268
-7717
-8367
-9489
-10679
-11299
-10804
-9276
-7116
-4491
-1803
707
2921
4533
5712
6450
6931
7344
7374
6965
6122
4981
3857
2360
743
-1046
-2489
-3956
-5839
-7482
-9448
-10762
-12316
-13810
-15247
-16769
-17755
-18781
-19348
-20038
-20535
-20552
-20729
-20690
-20647
-19976
-19196
-18602
-17708
-16547
-14878
-13185
-11321
-9214
-6932
-4590
-2298
-32
2017
3725
5088
6129
6792
7403
7987
8334
8627
9012
9600
10561
11479
12348
13445
14575
15738
17055
18391
19671
20080
20054
20328
20607
20346
20431
20898
20874
20311
19751
19936
19809
20545
20502
21759
22016
17273
12003
6732
3655
1725
-2134
-6639
-10719
-11291
-9930
-9281
-9503
-11400
-12977
-14442
-14783
-13685
-11860
-9482
-8549
-8037
-7812
-7903
-7913
-8102
-7876
-7205
-6176
-4818
-3430
-1753
114
2050
3934
5580
7265
9044
10795
11891
12558
12905
12939
12684
11768
10541
8894
7287
5710
4069
2784
1109
-1135
-2650
-4579
-6112
-7989
-10429
-12028
-14528
-16076
-17753
-19312
-20090
-21555
-22050
-22794
-23064
-22690
-22657
-21969
-22013
-21181
-20055
-19042
-17758
-16675
-14948
-13335
-11540
-9454
-7072
-4946
-3146
-1628
-154
1248
2125
2861
3244
3590
4049
4454
5044
5477
6127
7055
7757
8982
10351
11868
13523
14603
15552
16221
16731
17123
16894
16604
16333
16017
16860
17632
18231
18324
17609
17685
18489
17943
16167
11961
7712
5646
3930
4817
5981
5363
2555
-742
-3254
-7197
-10194
-12040
-15478
-18466
-19802
-18496
-16379
-15068
-13961
-13858
-12942
-11531
-9670
-8138
-7836
-8382
-9695
-10704
-11010
-10416
-8731
-6525
-4063
-1546
382
2239
4130
5845
7037
7656
7976
8146
8092
7665
7189
6399
5670
4755
3595
2157
454
-862
-2586
-4301
-6358
-8098
-9490
-11052
-12450
-14050
-15135
-16174
-17069
-17871
-18735
-19094
-19497
-19776
-20078
-20079
-19599
-19136
-18497
-17891
-16664
-15167
-13562
-11785
-9868
-7687
-5617
-3572
-1700
4
1474
2603
3357
3842
4187
4324
4278
4146
4217
4572
5232
5973
6998
8238
9558
11364
13145
15029
16763
18509
20002
20945
21325
19899
17832
15039
12902
12916
13867
15809
17272
18116
19139
18105
16633
13794
4939
-3938
-4201
2307
7629
9231
7041
1997
-4174
-9132
-9321
-5933
-3494
-3930
-7219
-9000
-7882
-5752
-3344
-2333
-1290
-835
-796
-818
-1480
-2320
-3350
-3955
-4178
-4224
-4130
-3380
-2095
-618
933
2249
3459
4048
4069
4099
4068
4375
4802
5090
5389
5232
4877
4441
3681
2698
1043
-428
-1903
-3691
-5396
-7388
-8993
-10572
-12047
-13284
-14562
-15446
-16203
-16784
-17300
-17770
-17873
-17868
-17955
-18064
-17890
-17371
-16836
-16362
-15542
-14364
-13023
-11597
-9957
-8083
-6166
-4325
-2571
-886
705
2031
3069
3791
4251
4755
5300
5664
5988
6341
6955
7602
8336
9270
10157
11131
11694
12296
13039
13671
14402
14749
15141
15485
15842
16624
17690
18768
19782
21116
21257
20628
21274
22290
22468
22048
19857
17710
13467
5671
-2702
-10895
-14581
-13206
-7517
-813
1760
-6
-7180
-14430
-18496
-19757
-17111
-13369
-8951
-5774
-4301
-3859
-4909
-5710
-6396
-6749
-6705
-6187
-5287
-4279
-3320
-2217
-1154
-538
-221
126
963
2081
3057
3734
4276
4635
4951
4962
4791
4439
3761
3267
2435
1596
838
-137
-1102
-2673
-4154
-5511
-6901
-8099
-9629
-10967
-12170
-13332
-14155
-14887
-15490
-16043
-16581
-16876
-17230
-17349
-17245
-17183
-16922
-16521
-15758
-14551
-13145
-11592
-9891
-8016
-5981
-4053
-2055
-289
1115
2300
3222
4030
4697
5224
5705
6226
6780
7476
8389
9386
10443
11480
12461
13317
14120
14992
15658
16145
16602
17671
18860
19795
19772
19167
18743
18204
18090
18404
19657
20051
20581
22270
22289
23143
22080
18871
16415
13316
11312
8552
5671
1157
-4768
-10437
-16117
-17446
-17387
-16903
-13584
-8868
-5783
-5953
-6593
-8658
-12046
-14128
-14731
-13323
-11060
-8870
-6786
-5343
-3804
-2544
-1556
-552
262
864
1197
1593
2397
3413
4322
4961
5319
5387
5547
5579
5548
5406
4974
4717
4205
3718
2963
1787
969
-387
-1743
-3088
-4656
-5649
-7197
-8407
-9685
-11136
-12027
-13207
-14062
-15007
-15819
-16244
-16738
-16920
-17217
-17147
-16816
-16521
-15873
-15012
-13695
-12284
-10781
-9013
-7067
-5167
-3334
-1613
-93
1333
2357
3246
3804
4063
4360
4409
4450
4488
4801
5379
5831
6616
7592
8822
10055
11391
12899
14346
15567
16505
17626
18532
18985
18933
18978
18853
18818
18951
18664
18681
17981
17077
17783
19365
20274
19361
16559
12210
6845
3421
-2280
-8315
-4374
3775
7715
8428
8451
6284
2324
-1020
-4510
-7587
-10307
-11924
-12554
-13422
-13040
-12450
-11482
-10287
-9848
-9679
-10205
-10450
-10397
-10131
-9316
-8174
-6912
-5754
-4518
-2695
-708
1176
2790
4098
5196
6084
6686
7174
7309
6956
6637
6126
5493
4733
3698
2680
1508
58
-1208
-2688
-4006
-5320
-6887
-8049
-9534
-10741
-11830
-13058
-14204
-15550
-16321
-17110
-17793
-18184
-18361
-17975
-17583
-16667
-15324
-13733
-11872
-10044
-7921
-5764
-3678
-1746
-176
1084
2031
2801
3350
3576
3567
3565
3569
3313
3209
3324
3808
4403
4898
5934
6992
8386
9867
11186
12732
13791
15181
16080
16831
17382
16986
16786
16143
15815
15272
15237
16064
15436
14679
14848
16463
18498
18462
17155
13810
8643
2793
-2694
-4925
-6440
-7211
-7132
-5569
-2796
-1635
-1187
-3529
-8015
-12713
-18244
-20937
-20745
-19117
-16391
-13747
-10793
-8609
-7113
-6336
-5922
-5225
-4562
-4086
-3908
-3612
-3439
-3265
-2732
-1619
-37
1513
2963
4366
5666
6842
7746
8552
8678
8383
8062
7380
6547
5417
4206
2859
1239
-567
-2282
-4022
-5778
-7782
-9812
-11747
-13672
-15294
-16904
-18278
-19646
-20751
-21351
-21833
-21943
-21855
-21430
-20807
-20152
-19036
-17716
-16177
-14667
-12968
-11032
-9008
-6863
-4736
-2718
-877
759
2176
3422
4256
4877
5454
5935
6367
6766
7330
8138
8988
10018
11157
12498
13891
15415
16811
17818
18767
19306
19727
19602
19103
18667
17961
17360
16395
15921
16082
16650
17167
16967
16876
18227
21445
22785
21953
18858
14655
10574
4728
164
-3597
-5766
-6170
-8030
-8820
-8933
-8996
-8972
-9011
-8333
-9063
-9850
-10666
-11281
-11018
-10558
-9188
-7765
-6413
-4870
-3412
-1744
-390
727
2154
3362
4428
5213
6116
7155
8082
8729
8986
9330
9523
9826
9981
9792
9311
8238
7127
5639
4057
2298
824
-661
-2570
-4249
-5809
-7066
-8453
-9927
-11223
-12550
-13672
-14716
-15499
-16307
-17236
-17916
-18527
-18819
-19124
-19088
-18936
-18742
-18351
-17665
-16553
-15314
-13936
-12502
-10724
-8956
-6971
-5060
-3285
-1823
-672
485
1371
2152
2669
3181
3397
3624
3974
4533
5189
5812
6694
7609
8766
10018
11327
12784
14134
15515
16668
17707
18249
18288
18196
17842
17624
17120
17615
18522
19335
19270
18141
16951
16163
17015
14634
10580
6804
3258
3846
6980
9599
5663
-4826
-15151
-22344
-24117
-22266
-17809
-14511
-13096
-10111
-7980
-6065
-5784
-6545
-6190
-5417
-4028
-3268
-3030
-3032
-3264
-3162
-3091
-2960
-2355
-1693
-777
124
1410
3170
4672
5985
6836
7489
7895
8153
8150
7990
7518
6662
5828
4660
3517
2158
739
-731
-2702
-4595
-6413
-7917
-9509
-11175
-12575
-13844
-14833
-15660
-16146
-16619
-16991
-17208
-17197
-17030
-16848
-16392
-15871
-15295
-14684
-13726
-12522
-11218
-9879
-8632
-7142
-5654
-4143
-2621
-1291
-135
899
1874
2746
3477
4079
4687
5073
5385
5765
6357
7008
7517
8119
8807
9544
10165
10815
11439
12070
12758
13376
13995
14584
14571
14729
14406
14556
15967
18271
19970
18648
19742
20045
19489
19327
18807
18566
17742
17109
15122
13359
10851
6172
602
-5307
-8125
-7381
-4629
-763
681
-769
-3786
-6140
-6754
-6972
-7004
-7918
-9169
-10273
-11049
-11207
-11610
-11924
-12419
-12677
-12514
-12161
-11284
-9962
-8533
-7265
-6035
-4642
-3137
-1786
-758
36
730
1159
1584
1897
1953
1799
1382
1035
350
-291
-1273
-2315
-3392
-4899
-6046
-7589
-8929
-10427
-11997
-13166
-14629
-15601
-16506
-17220
-17844
-18492
-18620
-18717
-18669
-18604
-18290
-17713
-17187
-16425
-15490
-14372
-13079
-11818
-10283
-8602
-6898
-5110
-3330
-1716
-269
1144
2444
3493
4259
4917
5535
6039
6398
6787
7227
7804
8338
9104
10092
11323
12550
13692
14885
15906
16708
17429
17759
17867
17680
17322
17065
16562
16444
16373
16500
17102
16602
15408
14014
11738
10042
8618
6534
4179
1873
-527
-3507
-6188
-7488
-6540
-4864
-2460
1343
3701
3987
2230
-1178
-4034
-5934
-7328
-8696
-9813
-10024
-9896
-9582
-9122
-8859
-8460
-7967
-7367
-6711
-5937
-4920
-3794
-2796
-1953
-925
332
1527
2444
3208
3865
4315
4730
4966
4988
4852
4303
3571
2736
1880
954
-270
-1668
-3117
-4643
-5865
-7324
-8721
-10143
-11529
-12670
-13900
-14808
-15545
-16158
-16770
-17392
-17495
-17575
-17491
-17348
-17123
-16556
-15997
-15167
-14172
-13053
-11751
-10452
-8936
-7196
-5440
-3673
-2152
-802
464
1604
2613
3391
3841
4230
4471
4696
5009
5468
6101
6722
7406
8242
9097
10025
10862
11617
12458
13292
14237
14953
15645
16059
16295
16235
16103
16323
16989
17631
18425
20414
20632
18568
16650
15718
14725
13377
11694
8301
1815
-5983
-10852
-9566
-2758
3611
1725
-6481
-11063
-8382
-2399
1031
496
-3276
-6906
-8589
-10100
-11267
-11907
-11753
-10889
-9817
-8816
-8052
-7375
-6602
-5728
-4812
-3764
-2948
-2326
-1734
-803
428
1351
2128
2793
3387
3887
4146
4328
4171
3721
3068
2259
1363
348
-596
-1830
-3000
-4359
-5556
-6561
-7718
-8621
-9893
-10718
-11612
-12537
-12977
-13619
-13972
-14503
-14817
-14787
-14952
-14757
-14700
-14378
-13947
-13531
-12675
-11776
-10553
-9349
-8057
-6527
-4959
-3328
-1784
-395
868
2033
3036
3904
4532
5070
5348
5495
5706
5964
6292
6710
7095
7616
8332
8951
9662
10138
10703
11071
11346
11444
11535
11876
12364
12826
13022
13430
14591
16307
17693
18554
19155
18794
17519
16488
14826
12784
10608
8305
6286
3676
518
-3532
-7593
-9631
-9352
-8511
-7389
-5393
-4381
-6078
-9241
-12351
-15040
-15968
-14957
-12858
-10434
-7715
-5331
-3511
-2608
-2808
-3906
-5617
-7225
-8186
-7936
-6801
-4995
-2808
-190
2576
5121
6943
8009
8462
8439
8177
7666
7234
6685
6160
5495
4681
3861
2622
1133
-521
-2366
-3956
-5400
-6626
-7874
-9240
-10205
-11258
-11967
-12639
-13226
-13639
-14379
-14821
-15193
-15280
-15218
-15234
-14871
-14467
-13848
-12902
-11834
-10578
-9344
-7975
-6391
-4755
-3176
-1671
-416
648
1611
2375
3132
3622
3917
4084
4174
4367
4609
4959
5433
5875
6527
7390
8457
9552
10570
11596
12395
13153
13749
14447
14900
15110
15168
15190
15926
16405
16991
17712
18048
18369
18175
17600
16816
14985
13547
11008
8144
5163
1683
-1556
-5123
-7239
-8720
-9618
-10448
-11545
-11754
-11492
-11201
-10745
-12070
-15760
-20147
-21245
-17649
-11848
-6259
-2929
-1432
-1275
-1858
-2735
-4208
-5793
-6493
-6215
-5330
-4297
-3409
-2513
-1874
-1520
-1470
-1288
-955
-559
-199
11
-27
-358
-787
-1558
-2279
-3272
-4439
-5639
-7088
-8340
-9654
-10763
-11833
-12973
-13833
-14716
-15304
-15779
-16147
-16230
-16545
-16683
-16728
-16696
-16458
-16369
-16110
-15853
-15357
-14738
-13975
-12890
-11688
-10272
-8609
-6640
-4516
-2340
-193
1846
3749
5517
7029
8270
9187
9827
10216
10431
10422
10293
10265
10259
10511
10762
11220
11741
12138
12556
12774
13002
13343
13723
14246
15198
16545
18195
18569
19184
21106
21899
20748
19406
18593
17180
16157
15632
14463
12873
10319
8772
6908
3456
783
-1461
-983
-1400
-3326
-4306
-5148
-4662
-4915
-5342
-5279
-5637
-5366
-5800
-6095
-6308
-6467
-6169
-6462
-6707
-7320
-7680
-7873
-7717
-7117
-6143
-4779
-3388
-2003
-732
582
1639
2493
3137
3605
3939
4138
4089
3906
3370
2442
1651
360
-790
-2247
-3935
-5308
-7186
-8459
-10036
-11406
-12584
-13892
-14547
-15587
-16006
-16381
-16778
-16853
-17232
-17118
-17097
-16992
-16722
-16546
-16121
-15653
-14914
-14027
-12988
-11766
-10389
-8942
-7225
-5429
-3693
-1951
-454
1024
2311
3439
4337
4975
5561
6051
6481
7009
7630
8268
9015
9790
10775
11793
12744
13628
14200
14946
15510
16124
16880
17770
19346
20103
20541
22320
21713
20463
20719
18942
18936
17323
14066
12364
11111
10129
7913
5374
1324
-4071
-8668
-9752
-9027
-7606
-5198
-3903
-2016
-403
129
-747
-3443
-5132
-6077
-5981
-5133
-4233
-3060
-2734
-2619
-2954
-3477
-4006
-4760
-5316
-5770
-5790
-5622
-5055
-4285
-3516
-2618
-1735
-843
23
843
1527
2005
2481
2761
2671
2494
1867
1211
237
-892
-1964
-3297
-4446
-5633
-6748
-7647
-8569
-9270
-9928
-10504
-10922
-11341
-11602
-11920
-12196
-12464
-12779
-12986
-13136
-13305
-13390
-13396
-13199
-12796
-12228
-11355
-10371
-9079
-7651
-6133
-4431
-2905
-1380
-59
1038
1844
2459
2864
3089
3288
3543
3917
4289
4821
5303
6019
6816
7788
8766
9825
10688
11279
11835
12485
13477
15321
16940
18091
20058
20966
21315
21381
21600
21842
20785
19904
19446
18997
18406
17953
17033
15746
14416
12429
9521
6292
3078
-394
-2789
-4681
-5633
-6274
-7801
-9411
-10722
-10764
-9206
-7354
-5870
-5089
-4705
-4316
-4014
-3453
-2928
-2443
-2288
-1941
-1625
-1177
-592
-3
522
1011
1652
2145
2753
3161
3517
3784
3921
3879
3748
3410
2858
1815
823
-174
-1317
-2388
-3871
-4933
-6322
-7439
-8430
-9501
-10223
-11147
-11628
-12160
-12542
-12735
-13086
-13162
-13537
-13724
-13734
-13915
-13902
-14023
-13809
-13440
-12974
-12207
-11248
-10131
-8928
-7488
-5845
-4113
-2482
-870
661
1953
3089
4012
4845
5309
5665
6011
6283
6577
6910
7530
8090
8793
9541
10528
11486
12528
13393
14399
15211
15871
16224
16927
18702
16721
15965
16240
15482
16195
15893
14178
12814
12308
11111
10336
9769
8592
8608
8685
7247
5976
4901
3610
2147
602
-499
-2725
-5883
-9398
-12744
-13407
-11795
-8240
-4219
-1568
177
932
1536
1332
719
-39
-1059
-1864
-3052
-3904
-4172
-4077
-3613
-2802
-1807
-702
417
1499
2420
3073
3646
4083
4366
4533
4384
4196
3908
3230
2586
1692
767
-390
-1693
-2741
-3981
-5105
-6298
-7371
-8287
-9225
-9896
-10522
-11011
-11473
-11890
-12109
-12331
-12428
-12458
-12428
-12382
-12153
-11807
-11243
-10614
-9920
-8945
-7965
-6862
-5688
-4451
-3179
-2186
-1198
-281
543
1248
1689
2032
2325
2484
2730
3018
3228
3458
3793
4228
4628
5073
5539
6082
6562
7179
8266
9778
11455
12514
13769
14357
15469
17061
17380
17932
18340
18394
17730
17747
16745
16056
16785
16480
15905
13322
9507
6031
601
-4496
-7097
-6461
-5040
-4939
-4340
-4137
-4024
-4841
-6602
-8442
-10544
-12009
-13198
-13524
-13088
-12395
-11534
-11016
-10557
-9979
-9413
-8808
-8110
-7291
-6299
-5375
-4393
-3426
-2498
-1493
-580
296
1148
1849
2511
2849
2838
2581
2066
1232
105
-1109
-2361
-3803
-5141
-6376
-7459
-8291
-9058
-9424
-9753
-9853
-9710
-9637
-9398
-9379
-9299
-9276
-9380
-9531
-9678
-9802
-9990
-10013
-9876
-9508
-9046
-8308
-7301
-6160
-4790
-3314
-1739
-226
1184
2463
3585
4524
5182
5595
5813
5813
5705
5586
5453
5430
5324
5529
5899
6374
6990
7765
8699
9293
9756
10377
11306
12059
11430
10943
11326
11203
10656
9531
9092
8870
7855
8319
10118
10418
9608
9789
9843
9311
8244
7383
6722
5734
4177
1822
-281
-1518
-683
2290
6199
9764
12270
13600
13564
12768
11189
8307
5133
2671
944
-422
-1521
-1575
-1343
-1495
-2092
-2999
-3797
-4453
-4909
-5161
-5139
-4776
-4147
-3037
-1771
-503
601
1457
2107
2254
2267
2014
1728
1172
290
-699
-1819
-3125
-4478
-5708
-6903
-7973
-8867
-9474
-9981
-10340
-10483
-10564
-10483
-10497
-10448
-10409
-10596
-10744
-11000
-11187
-11306
-11413
-11237
-10993
-10535
-9884
-8914
-7761
-6516
-5223
-3873
-2498
-1165
84
1129
2058
2704
3262
3669
3865
3866
3710
3599
3367
3176
3145
3445
3918
4539
5465
6453
7440
8379
9475
10435
10825
11219
11192
10443
10559
10665
9971
9706
9887
9258
8669
9117
9134
8749
8067
7777
7960
8016
8175
8266
8691
9603
10455
11158
11407
10829
9125
5970
1704
-2533
-5653
-7692
-8585
-8392
-7902
-7516
-7319
-6939
-6237
-5450
-4700
-4061
-3554
-2985
-2334
-1517
-642
60
883
1547
2155
2733
3446
4413
5387
6261
6870
7011
6957
6563
5979
5021
3794
2624
1095
-196
-1512
-2594
-3331
-4045
-4410
-4595
-4618
-4557
-4598
-4511
-4618
-4669
-4791
-5101
-5468
-6037
-6438
-6855
-7129
-7208
-7098
-6785
-6372
-5814
-5061
-4167
-3403
-2444
-1554
-614
268
978
1560
1847
2082
2116
2068
1922
1785
1749
1573
1375
1118
1066
1196
1815
2866
4005
5259
6794
8540
10760
11971
11629
12429
12794
11966
11486
9689
9632
10271
8120
8680
8174
4865
5155
5167
4214
5121
5142
4417
4303
4570
4913
4630
3922
3304
3146
3064
3046
2131
822
398
589
2077
3955
5907
7752
8476
8114
6853
4980
2463
-20
-2452
-4744
-6608
-8187
-9151
-9660
-9687
-9363
-8772
-7926
-7015
-5783
-4608
-3416
-2371
-1525
-868
-613
-495
-604
-1006
-1577
-2397
-3091
-3632
-4207
-4570
-4943
-5218
-5442
-5603
-5751
-5898
-5998
-6273
-6511
-6822
-7181
-7543
-8153
-8779
-9461
-9982
-10375
-10762
-10828
-10677
-10315
-9649
-8708
-7553
-6244
-4887
-3608
-2365
-1224
-246
465
934
1060
952
728
234
-320
-962
-1528
-1851
-1775
-1372
-636
269
1199
2239
3202
3911
4415
4861
5027
5041
5418
5785
6337
6786
6797
7128
7751
8411
8960
8347
7568
6844
5488
5621
5771
5408
5340
5189
4661
3591
2259
1128
274
-744
-1475
-2019
-2385
-2231
-1715
-869
449
1704
2852
3658
4342
5282
6356
7494
8190
8234
7474
6063
4076
1683
-784
-3141
-5103
-5924
-5314
-3375
-559
2525
5263
7129
7582
6463
3995
910
-2032
-4533
-6399
-7795
-8668
-9298
-9758
-9875
-9884
-9754
-9660
-9530
-9196
-8898
-8551
-8265
-8069
-7965
-7951
-8022
-8145
-8341
-8658
-8933
-9255
-9498
-9634
-9558
-9386
-9123
-8704
-8180
-7490
-6753
-5912
-5028
-4288
-3582
-3061
-2592
-2264
-2113
-2118
-2321
-2440
-2568
-2670
-2672
-2531
-2265
-1984
-1500
-897
-202
582
1429
2319
3215
4128
4929
5830
6406
6543
6559
6169
5484
4699
3860
3294
2736
2401
2833
2975
2677
2745
3162
3766
3915
3684
3669
3343
2887
2364
1467
730
-171
-916
-1445
-1896
-2099
-2301
-2208
-2094
-1974
-1595
-1542
-1365
-1202
-784
-156
242
801
1166
1425
1213
975
1158
1992
3726
5694
7497
8851
9607
10122
10330
10484
10506
10431
10067
9118
7998
6800
6003
5567
5395
5522
5302
4562
3262
1721
-61
-2083
-3960
-5677
-6884
-7694
-8129
-8155
-7908
-7598
-7131
-6710
-6403
-6230
-6137
-5956
-5893
-5781
-5617
-5518
-5444
-5212
-4948
-4608
-4375
-4214
-4083
-3970
-3904
-3935
-3878
-3920
-3843
-3734
-3550
-3201
-2874
-2415
-1900
-1326
-595
130
889
1561
2076
2564
3055
3315
3518
3755
3981
4259
4349
4475
4676
4917
5562
6489
7351
8121
9547
10059
9110
8934
8658
7906
7393
6415
5490
4862
3669
2205
901
-190
-1131
-1726
-1783
-1548
-1087
-558
-128
117
192
103
-223
-398
-372
255
1544
3340
5137
5968
5621
4242
2710
1517
406
-375
-1018
-1453
-1639
-1827
-1911
-1912
-1848
-1843
-1888
-2079
-2205
-2393
-2764
-3089
-3400
-3724
-4017
-4141
-4176
-4104
-4076
-4117
-4123
-4200
-4248
-4295
-4395
-4479
-4640
-4804
-4878
-4955
-5076
-5185
-5304
-5370
-5487
-5590
-5702
-5844
-5888
-5950
-5961
-5948
-5932
-5829
-5728
-5490
-5314
-5049
-4758
-4570
-4319
-4170
-4054
-3962
-3927
-3915
-3857
-3835
-3770
-3632
-3512
-3379
-3249
-3111
-2910
-2588
-2065
-1511
-1145
-941
-603
-348
-286
-207
-123
132
409
856
1322
1796
2310
2807
3295
3567
3687
3677
3442
3147
3217
3661
4060
3899
3072
2547
2426
2086
1994
1878
1735
1593
1541
1284
1065
1115
984
894
742
547
364
208
207
388
849
1723
3010
4507
5859
6904
7637
7978
7873
7334
6709
6179
5974
5816
5497
4847
3518
1676
-534
-2692
-4453
-5664
-6175
-6042
-5339
-4331
-3051
-1769
-677
15
255
100
-328
-838
-1352
-1739
-2137
-2454
-2617
-2701
-2573
-2317
-2040
-1685
-1319
-963
-836
-878
-893
-772
-608
-398
-136
223
589
936
1125
1239
1290
1255
1264
1186
1101
942
767
596
419
204
1
-179
-353
-557
-691
-540
-382
-226
-83
-12
5
-113
-208
-304
-329
-297
-193
22
159
262
426
569
567
604
627
434
-79
-689
-1264
-1678
-2046
-2542
-2745
-2615
-2014
-1007
-286
-199
-227
-130
-342
-617
-657
-658
-721
-1020
-1334
-1565
-1724
-1730
-1702
-1701
-1624
-1595
-1546
-1385
-1206
-1004
-769
-492
-275
-121
4
116
215
327
489
699
844
1167
1491
1822
2072
2223
2147
1841
1380
645
-240
-1178
-2191
-3157
-3906
-4343
-4514
-4551
-4488
-4428
-4211
-3930
-3493
-2935
-2217
-1507
-813
-69
607
1305
1803
1776
1605
1414
1045
764
403
88
-69
-264
-431
-502
-534
-574
-521
-447
-279
-85
171
578
895
1201
1434
1636
1764
1863
1817
1744
1719
1739
1899
2000
1977
1812
1605
1476
1511
1464
1190
877
687
684
701
701
593
453
420
484
466
438
449
447
514
692
1044
1527
1631
1494
1494
1355
1138
851
563
361
298
266
324
442
417
289
142
130
109
10
-135
-216
-276
-300
-219
-183
-100
-72
-64
-54
-56
49
196
462
729
1029
1316
1521
1673
1725
1696
1587
1542
1486
1465
1521
1546
1696
1793
1968
2033
2114
2239
2233
2291
2309
2294
2212
2129
1976
1850
1620
1401
1199
1101
1027
1003
1110
1212
1415
1588
1825
1932
2020
1914
1666
1342
876
327
-136
-566
-895
-1011
-1024
-870
-671
-414
-131
122
282
369
327
148
-61
-351
-777
-1198
-1597
-1939
-2119
-2130
-2013
-1721
-1371
-1007
-626
-312
-4
238
476
667
802
895
855
565
205
-113
-330
-452
-397
-166
-30
73
-18
-193
-58
-138
-966
-1542
-1806
-2345
-2526
-2595
-2628
-2625
-2662
-2606
-2669
-2660
-2649
-2756
-2647
-2284
-2040
-1788
-1644
-1656
-1565
-1395
-1240
-1159
-1093
-1040
-935
-742
-692
-888
-1204
-1493
-1734
-1809
-1835
-1797
-1604
-1428
-1238
-1084
-995
-980
-1054
-1181
-1312
-1389
-1368
-1374
-1438
-1565
-1620
-1648
-1717
-1728
-1775
-1825
-1848
-1687
-1488
-1235
-838
-411
-18
388
753
1020
1253
1476
1796
2129
2455
2812
3231
3642
3939
4143
4204
4154
3874
3436
3001
2530
1879
1257
640
150
-393
-859
-1282
-1650
-1861
-2017
-2063
-2133
-2106
-2121
-2100
-2057
-2099
-2228
-2333
-2454
-2580
-2644
-2692
-2832
-2947
-2991
-3032
-2977
-2875
-2760
-2618
-2410
-2225
-2089
-1906
-1775
-1688
-1628
-1548
-1407
-1108
-711
-406
-123
102
245
386
443
407
358
279
131
-96
-290
-366
-210
-1
121
193
229
287
337
429
599
882
1198
1501
1662
1888
2149
2357
2526
2707
2973
3179
3307
3392
3374
3406
3518
3652
3841
3739
3368
3024
2786
2637
2485
2368
2318
2261
2150
2100
2112
2301
2509
2689
2895
3056
3226
3368
3529
3690
3818
3929
4094
4332
4579
4705
4623
4528
4492
4493
4402
4203
3946
3567
3177
2827
2419
1958
1529
1044
605
313
92
-68
-260
-573
-974
-1315
-1594
-1917
-2246
-2578
-3001
-3383
-3715
-4117
-4391
-4517
-4581
-4548
-4477
-4389
-4339
-4296
-4308
-4313
-4285
-4305
-4267
-4266
-4209
-4177
-4138
-4094
-4024
-3945
-3863
-3691
-3500
-3275
-3083
-2970
-2867
-2652
-2430
-2273
-2169
-2077
-2054
-2129
-2254
-2456
-2532
-2562
-2544
-2473
-2482
-2464
-2540
-2801
-3025
-3285
-3518
-3589
-3615
-3659
-3607
-3553
-3425
-3254
-3105
-2911
-2674
-2433
-2214
-1993
-1830
-1571
-1443
-1321
-1281
-1184
-1081
-1025
-941
-864
-767
-696
-695
-735
-702
-673
-590
-477
-432
-339
-245
-206
-116
-138
-118
-127
-55
-9
53
118
138
172
140
80
36
-3
-96
-98
-93
-118
-134
-204
-376
-545
-751
-968
-1111
-1288
-1411
-1481
-1576
-1630
-1706
-1703
-1704
-1740
-1751
-1653
-1513
-1438
-1280
-1148
-995
-801
-639
-455
-318
-167
1
134
211
277
403
502
544
638
712
742
834
879
922
946
932
874
808
740
680
562
468
412
302
213
83
9
-45
-65
-137
-253
-368
-498
-606
-694
-791
-836
-905
-874
-919
-922
-901
-884
-829
-826
-773
-856
-860
-941
-995
-1041
-1087
-1118
-1136
-1096
-1041
-958
-947
-852
-787
-747
-662
-579
-466
-396
-309
-243
-269
-309
-305
-367
-375
-396
-350
-297
-234
-150
-94
-22
2
65
150
231
275
281
318
335
400
394
448
472
415
437
319
266
191
51
-16
-109
-273
-418
-581
-656
-770
-850
-885
-938
-950
-1077
-1130
-1193
-1236
-1320
-1325
-1337
-1316
-1216
-1151
-1067
-1062
-1124
-1188
-1317
-1405
-1426
-1543
-1556
-1590
-1666
-1611
-1611
-1558
-1457
-1366
-1178
-1026
-784
-694
-623
-531
-430
-370
-294
-249
-185
-64
20
168
265
432
591
690
806
875
954
1018
1071
1158
1173
1258
1275
1298
1345
1463
1527
1640
1741
1784
1879
1896
1922
1925
1896
1860
1847
1821
1789
1718
1649
1613
1531
1488
1378
1279
1180
1058
939
787
726
651
630
650
724
831
1012
1155
1336
1535
1665
1818
1930
2069
2132
2240
2287
2279
2307
2326
2325
2289
2295
2285
2303
2286
2242
2213
2172
2070
1933
1779
1595
1392
1200
942
756
635
427
214
41
-175
-371
-554
-804
-997
-1197
-1361
-1523
-1623
-1673
-1742
-1789
-1848
-1842
-1778
-1742
-1694
-1638
-1538
-1506
-1418
-1326
-1201
-1130
-1020
-884
-760
-616
-540
-423
-322
-269
-226
-222
-189
-156
-176
-178
-173
-184
-208
-197
-251
-186
-205
-267
-262
-295
-362
-377
-387
-425
-461
-479
-488
-558
-604
-569
-599
-658
-688
-728
-761
-809
-843
-968
-986
-1029
-1113
-1127
-1119
-1149
-1201
-1170
-1208
-1292
-1338
-1380
-1417
-1520
-1571
-1599
-1655
-1735
-1727
-1739
-1726
-1669
-1659
-1640
-1619
-1546
-1502
-1447
-1415
-1396
-1377
-1319
-1318
-1291
-1274
-1228
-1243
-1231
-1169
-1215
-1197
-1198
-1232
-1208
-1245
-1259
-1329
-1368
-1393
-1460
-1441
-1410
-1420
-1446
-1527
-1514
-1546
-1592
-1609
-1638
-1630
-1587
-1566
-1521
-1454
-1425
-1394
-1323
-1281
-1246
-1147
-1155
-1132
-1072
-1009
-989
-912
-917
-870
-808
-740
-768
-764
-723
-756
-775
-770
-776
-802
-831
-904
-930
-980
-991
-1051
-1065
-1040
-1052
-1040
-1050
-1037
-1036
-1047
-1015
-973
-925
-927
-859
-810
-730
-628
-609
-494
-418
-326
-217
-160
-101
-55
-53
-58
-67
-98
-92
-134
-140
-179
-196
-169
-215
-207
-186
-209
-246
-286
-262
-287
-277
-280
-308
-272
-277
-304
-284
-295
-301
-273
-243
-300
-327
-280
-314
-310
-352
-338
-408
-470
-447
-513
-567
-631
-639
-683
-722
-790
-834
-896
-944
-968
-988
-1024
-1094
-1084
-1084
-1146
-1131
-1082
-1074
-1072
-986
-971
-945
-922
-910
-846
-802
-766
-752
-758
-670
-632
-611
-532
-502
-466
-504
-451
-423
-400
-396
-411
-410
-412
-421
-421
-472
-452
-552
-648
-599
-640
-670
-697
-755
-776
-768
-853
-822
-847
-832
-803
-796
-820
-801
-781
-797
-770
-816
-813
-799
-834
-868
-854
-867
-872
-847
-791
-784
-697
-711
-676
-656
-629
-586
-537
-488
-500
-432
-402
-428
-363
-300
-269
-270
-247
-221
-196
-186
-202
-161
-177
-204
-192
-190
-243
-188
-162
-171
-107
-101
-69
-68
-50
18
36
80
112
133
200
214
231
242
268
335
351
382
410
382
423
407
473
514
513
511
532
556
586
576
591
636
610
680
689
720
781
756
784
863
836
883
925
970
1004
978
998
1033
1092
1082
1022
1021
1010
1028
1028
1028
996
1004
1027
980
997
947
887
854
803
775
762
714
758
698
693
708
716
726
687
699
648
728
740
701
719
767
768
786
816
824
866
878
932
953
973
1066
1065
1056
1118
1138
1103
1113
1124
1101
1122
1125
1155
1152
1169
1150
1142
1155
1143
1160
1172
1141
1134
1142
1136
1175
1171
1201
1222
1241
1211
1247
1280
1278
1312
1322
1306
1343
1355
1317
1297
1291
1292
1288
1254
1221
1193
1142
1149
1136
1099
1049
996
972
911
922
879
823
825
779
775
732
700
681
656
605
590
592
538
496
512
483
473
476
453
485
491
457
438
427
433
462
471
458
484
451
466
468
448
516
480
475
533
499
521
592
619
605
644
616
626
635
619
654
685
674
688
736
720
751
728
737
742
755
718
760
786
776
854
814
833
842
816
813
874
815
859
882
860
888
895
893
873
925
903
852
823
872
796
803
824
812
768
770
771
731
741
725
716
711
714
673
687
645
645
687
645
606
574
515
508
504
488
463
446
410
387
396
349
361
342
299
271
247
218
241
239
278
255
271
247
248
239
236
286
239
268
257
288
285
303
304
232
303
317
302
319
389
364
400
409
424
429
425
413
452
476
504
509
524
569
557
582
580
598
596
674
672
674
728
730
697
728
760
762
749
766
763
763
771
754
742
750
774
779
794
768
773
757
781
795
809
857
818
849
854
799
811
840
786
797
816
825
817
824
845
852
842
802
797
823
837
795
786
817
782
789
791
802
823
818
801
779
758
768
773
792
810
784
810
810
799
763
807
812
783
750
751
735
777
790
751
782
801
818
786
786
804
814
834
812
806
832
854
846
850
892
880
876
825
850
868
856
846
836
850
879
884
883
872
927
917
941
985
931
973
948
941
967
999
1019
1009
1042
1055
1084
1102
1133
1101
1127
1157
1152
1155
1150
1163
1176
1208
1217
1210
1201
1237
1213
1159
1211
1211
1235
1279
1220
1254
1247
1219
1228
1238
1289
1280
1287
1326
1261
1281
1288
1306
1299
1304
1301
1295
1291
1291
1303
1292
1290
1266
1293
1298
1287
1294
1263
1283
1279
1302
1304
1324
1295
1302
1307
1288
1269
1281
1284
1293
1263
1205
1274
1245
1218
1205
1214
1200
1147
1165
1143
1119
1107
1106
1091
1042
1075
1025
992
989
974
961
946
935
928
930
910
879
925
862
807
880
848
839
872
850
840
867
868
850
858
819
839
851
859
901
866
860
894
900
854
846
871
862
890
886
887
897
954
978
962
953
976
963
948
921
892
911
906
900
923
919
912
897
871
889
881
897
909
945
905
897
883
892
910
895
899
914
887
908
934
902
942
934
953
953
952
938
960
908
899
897
902
908
907
910
922
943
904
935
904
869
860
859
827
879
857
845
876
859
859
813
845
848
805
801
788
790
814
767
779
742
744
739
693
694
723
704
702
694
636
661
665
673
670
708
719
696
684
705
709
668
661
699
705
698
722
702
712
727
737
753
719
763
773
751
785
793
842
819
820
796
778
791
821
844
866
840
848
887
883
865
864
874
881
877
873
890
854
890
897
890
839
883
870
842
881
857
887
873
910
905
893
906
890
885
956
922
945
929
897
914
894
936
928
936
911
922
943
927
921
934
900
916
919
898
944
925
914
943
966
909
926
950
912
913
857
848
833
820
811
794
783
786
760
770
749
710
692
654
699
711
623
603
626
572
584
594
549
550
516
510
549
518
520
504
473
462
435
451
441
429
410
431
410
408
443
430
411
381
377
407
393
404
403
412
405
410
384
378
427
414
441
430
470
461
508
511
478
462
470
523
541
491
471
502
515
515
500
484
513
502
521
509
519
528
495
473
520
569
533
566
543
543
542
532
554
558
561
561
590
594
584
574
628
608
638
650
657
703
678
703
644
689
710
708
713
757
722
700
689
737
704
687
724
709
755
698
727
701
734
749
717
752
685
666
664
648
681
642
615
630
622
603
568
578
559
530
515
512
525
511
533
497
446
467
497
482
470
447
449
440
428
464
447
435
431
415
435
403
425
432
405
450
426
403
424
407
325
381
371
343
398
374
357
374
403
382
370
419
364
385
382
359
362
384
391
352
361
338
347
346
338
356
358
346
402
411
417
430
411
410
381
379
416
370
411
405
427
409
399
409
431
458
448
467
461
498
441
502
503
476
498
475
508
474
451
470
471
467
460
431
407
425
419
414
450
393
431
383
374
382
359
381
366
376
363
336
297
332
358
339
341
316
300
291
279
274
299
279
256
285
290
231
238
276
230
266
261
252
255
235
269
240
223
253
262
245
241
233
239
228
244
213
205
270
223
216
214
218
206
223
261
232
210
238
234
222
232
269
309
259
257
268
274
275
256
216
241
224
260
304
296
312
273
323
321
345
326
312
379
330
337
365
389
406
394
412
379
369
372
386
409
403
433
419
437
437
410
423
416
448
411
432
423
416
445
437
405
387
419
432
400
401
423
422
423
445
444
442
469
446
509
462
501
484
440
467
442
431
423
434
376
401
382
397
412
319
365
364
334
374
362
383
378
388
333
321
363
314
360
340
296
312
304
314
322
371
329
276
263
293
282
259
240
255
276
269
258
224
252
250
218
204
204
185
199
256
261
236
241
175
215
186
146
166
187
178
191
161
157
187
134
179
148
171
183
183
171
143
149
156
141
132
130
143
163
168
191
171
164
170
196
137
127
190
174
188
169
190
172
204
194
193
215
218
234
214
216
167
155
223
225
260
267
232
184
237
245
216
206
215
237
222
286
236
250
230
219
173
188
215
192
213
184
174
194
185
169
201
183
179
156
191
163
151
175
174
157
149
190
170
167
150
163
172
183
184
170
162
135
99
119
135
156
140
137
142
151
122
97
129
118
157
137
146
122
99
128
97
106
138
83
91
45
7
56
37
79
34
11
27
11
53
35
5
32
19
9
35
22
24
56
61
17
19
3
18
74
81
55
59
80
58
84
95
120
110
85
118
99
92
106
73
58
114
98
115
92
110
58
46
67
64
62
61
55
36
18
-1
41
19
-12
-36
-10
-13
-39
-43
-64
-80
-86
-68
-40
-53
-52
-29
-52
-68
-56
-42
-46
-54
-29
-46
-52
-34
-24
-21
13
-17
-6
-33
-60
-36
-45
-47
-9
-24
-55
-18
-75
-71
0
-24
-60
-57
-67
-58
-109
-98
-35
-32
15
-66
-60
-36
-48
-14
-75
-72
-28
-18
-54
-55
-11
-98
-74
-76
-83
-93
-70
-44
-59
-36
-48
-33
-39
-52
-49
-18
-18
-9
-9
23
33
5
58
8
12
25
-8
20
-2
56
-14
25
30
6
-16
-6
50
7
-27
-29
-22
-57
-31
-42
-37
-33
-38
-43
29
-11
5
52
15
14
10
-5
-37
-18
-44
-59
-24
-36
7
-14
-6
7
-26
-8
9
50
16
6
4
-15
-49
-46
-45
-101
-59
-72
-65
-43
-47
-35
-41
-49
-63
-49
-16
-33
-109
-137
-131
-184
-179
-134
-138
-131
-124
-125
-139
-146
-125
-109
-126
-113
-107
-86
-100
-164
-146
-160
-141
-112
-103
-85
-121
-90
-66
-51
-58
-70
-91
-129
-104
-111
-112
-119
-111
-90
-65
-31
-70
-70
-46
-53
-58
-18
-37
-37
-54
1
-56
8
-2
-28
56
-4
1
15
-8
-55
-2
18
41
47
6
54
71
38
46
42
87
123
61
65
81
81
146
170
175
137
116
134
119
124
86
90
88
81
94
134
210
201
144
122
104
144
133
71
93
50
40
114
98
66
86
74
103
101
106
126
89
79
68
84
5
7
6
-36
-10
-31
-20
-20
-17
18
-6
-20
-14
-50
-55
-27
-19
-42
-56
-102
-84
-68
-60
-93
-91
-121
-120
-128
-158
-153
-183
-155
-158
-175
-177
-200
-202
-132
-162
-185
-143
-166
-141
-161
-212
-161
-171
-152
-133
-123
-128
-75
-77
-50
-66
-70
-61
-55
-50
-87
-46
-81
-64
-58
-85
-67
-26
-57
-28
-21
-13
20
-18
-78
-67
-48
-83
-85
-103
-51
-35
-50
-59
-60
-16
-37
-54
-18
-33
-58
-17
4
-5
-26
-50
-50
-43
-76
-77
-35
-55
-35
-49
-84
-44
-50
-47
-70
-66
-48
-62
-49
-41
-51
-69
-57
-18
-42
-84
-103
-98
-97
-101
-97
-81
-94
-119
-87
-106
-49
-100
-114
-141
-149
-115
-142
-119
-148
-106
-95
-124
-35
-70
-72
-44
-39
-44
-70
-76
-111
-112
-111
-143
-124
-140
-150
-138
-90
-95
-120
-85
-117
-125
-140
-151
-178
-156
-125
-158
-141
-113
-108
-110
-110
-113
-117
-118
-123
-94
-120
-97
-104
-115
-138
-126
-178
-176
-185
-138
-112
-154
-121
-151
-125
-153
-119
-119
-150
-161
-164
-135
-110
-108
-108
-99
-125
-153
-113
-125
-98
-134
-112
-90
-171
-135
-168
-145
-137
-114
-82
-66
-65
-101
-118
-106
-98
-56
-66
-88
-107
-115
-90
-48
-85
-80
-52
-108
-61
-91
-110
-148
-125
-89
-107
-146
-118
-93
-110
-92
-115
-129
-107
-112
-146
-159
-134
-111
-119
-62
-68
-82
-94
-91
-110
-121
-136
-136
-165
-111
-141
-192
-156
-157
-97
-126
-85
-116
-120
-122
-136
-148
-144
-134
-146
-120
-125
-115
-112
-87
-85
-122
-118
-147
-120
-109
-116
-148
-154
-122
-155
-120
-74
-117
-100
-115
-130
-110
-167
-142
-196
-133
-106
-124
-115
-81
-20
-67
-72
-71
-62
-62
-62
-69
-111
-107
-141
-122
-111
-108
-107
-98
-72
-73
-89
-107
-70
-93
-84
-48
-82
-74
-80
-108
-91
-81
-20
-64
-76
-63
-80
-82
-36
-62
-77
-35
-86
-85
-48
-36
-76
-77
-49
-120
-75
-102
-103
-85
-87
-73
-135
-134
-114
-87
-41
-21
-34
-67
-42
-28
-33
-10
-32
-12
-5
-1
-30
-51
-30
-34
-60
-7
-10
-24
31
1
56
9
0
23
-16
24
-25
-50
-9
-35
-18
7
-51
-61
-59
-65
-51
-34
-36
-39
-18
-48
-30
-15
-24
-46
-25
-18
-13
15
14
-2
-18
-44
-15
31
-15
-31
-31
-21
-34
8
8
20
19
-2
21
1
2
-19
-2
-35
-39
-36
-38
-69
-86
-74
-119
-62
-95
-72
-89
-86
-106
-64
-65
-113
-112
-136
-90
-70
-128
-135
-99
-107
-67
-110
-141
-146
-115
-143
-121
-156
-162
-147
-151
-144
-122
-127
-159
-162
-165
-180
-182
-195
-223
-224
-176
-154
-217
-214
-213
-179
-134
-166
-178
-151
-142
-176
-199
-203
-220
-169
-240
-200
-134
-192
-180
-153
-144
-133
-148
-118
-132
-154
-156
-144
-168
-151
-156
-159
-141
-145
-144
-127
-73
-89
-55
-89
-130
-118
-75
-86
-62
-92
-105
-18
-78
-61
-39
-42
-19
-57
-36
-48
-46
-34
-28
-12
-44
-35
-5
-11
-23
-16
12
44
42
56
11
-5
-4
23
8
25
19
-11
27
19
-8
-52
7
24
25
46
0
1
4
2
13
-37
-46
-64
-46
-31
-19
-14
-62
-66
-62
-45
-93
-75
-59
-81
-113
-127
-107
-116
-95
-136
-127
-127
-145
-104
-105
-133
-169
-139
-137
-153
-172
-142
-153
-150
-144
-151
-150
-177
-179
-210
-248
-199
-174
-197
-216
-176
-184
-161
-155
-179
-187
-187
-206
-229
-197
-236
-182
-163
-229
-209
-185
-214
-196
-208
-203
-159
-166
-162
-160
-151
-153
-144
-165
-167
-162
-132
-146
-141
-111
-141
-113
-121
-93
-119
-88
-103
-101
-34
-46
-11
-62
-57
6
-9
-33
8
7
18
35
-6
-8
2
34
35
12
31
26
26
3
29
12
3
5
21
55
-4
4
24
7
70
52
48
113
57
69
34
58
67
38
24
16
9
8
-6
-19
-5
-35
-23
-43
-52
-53
7
20
10
14
-32
19
5
-20
-30
-63
-47
-40
-25
-63
-43
-35
-39
-44
-24
-57
-52
-66
-64
-44
-98
-95
-44
-77
-98
-71
-101
-105
-97
-82
-106
-69
-44
-59
-43
-93
-92
-84
-58
-51
-34
8
-6
5
-43
-34
-50
-40
-45
-28
-52
-83
-29
-50
-80
-22
27
24
29
16
0
-24
21
-1
-21
-38
-31
-32
-15
-15
-14
-6
-39
-15
-21
-4
-11
-1
-40
-13
-15
-13
-58
-17
28
54
86
61
73
72
67
55
76
60
69
91
85
71
71
39
38
8
25
29
20
16
29
30
24
38
33
45
43
21
26
46
31
66
48
18
18
53
81
66
40
43
59
15
7
-12
-5
-28
-29
-17
-23
-1
-40
-68
-51
-29
-80
-37
-61
-62
-44
-12
-2
-40
-14
-24
-9
-21
-26
-22
-19
7
0
8
6
-7
-50
-44
29
-8
-26
-24
18
-18
-52
-10
-15
-31
-41
-2
-38
-30
-4
-37
-45
-15
-29
-41
-5
-43
-31
-37
-22
-18
-13
-13
7
-2
-10
10
26
5
16
28
-7
8
-4
6
46
30
-5
27
23
34
48
27
33
41
50
30
62
49
61
71
51
70
54
43
70
59
73
74
71
115
74
63
40
80
76
62
66
112
93
89
145
108
144
131
122
146
174
143
148
134
166
144
109
149
138
151
137
141
130
121
134
127
100
142
104
79
135
142
121
118
124
104
128
126
162
129
89
71
84
129
115
108
169
143
125
101
123
114
102
105
128
106
24
106
119
110
136
95
114
73
93
88
89
107
91
105
78
53
20
40
46
51
50
51
6
-29
12
51
49
45
4
3
-26
17
-10
-28
18
36
-1
-4
-17
-39
62
16
26
36
57
68
83
84
86
46
45
39
40
49
55
39
27
33
37
90
58
30
25
77
-4
-32
2
4
43
14
9
37
0
23
21
38
98
31
50
101
60
82
80
21
26
65
65
48
42
76
95
65
70
110
75
41
40
71
66
67
48
93
69
79
105
97
113
63
89
104
126
119
117
122
146
98
81
78
49
59
96
63
77
73
69
73
68
70
105
100
96
139
131
134
171
155
146
161
168
173
140
134
133
134
134
110
76
82
78
84
139
150
132
107
86
72
80
101
78
100
129
140
111
91
121
133
126
42
92
126
96
66
50
81
26
54
40
27
69
32
22
-1
5
38
53
9
8
36
17
-4
-18
-42
-35
-4
-15
-36
-43
-28
-40
-37
-21
31
2
-1
-61
-36
-4
-41
-38
-10
-62
-65
-24
-9
-10
-44
9
-19
-23
-25
-55
29
-1
2
18
19
36
41
-2
-57
-11
-20
28
-28
-5
26
15
37
39
34
-7
52
34
78
39
76
44
-3
57
37
61
60
66
51
59
63
110
90
90
95
103
116
130
132
106
87
105
104
91
130
121
69
123
124
121
110
107
142
118
124
123
101
93
124
113
115
84
74
93
117
103
105
122
108
93
100
106
116
118
96
84
119
105
107
146
88
87
119
106
114
107
103
101
75
57
72
56
36
55
67
63
40
75
52
33
29
3
-5
-2
4
23
47
32
54
79
28
53
37
-1
27
28
28
33
75
28
-4
-24
-36
-21
-4
-12
-21
3
8
-20
-20
10
-50
-38
-20
-12
-33
-41
-46
-56
-19
-20
-14
2
22
-23
4
14
12
57
35
46
61
28
45
75
75
111
98
91
83
57
68
86
90
55
71
121
91
138
122
120
114
119
149
120
122
141
159
162
174
144
146
181
206
166
161
240
187
156
157
191
184
184
191
145
213
166
164
144
140
128
164
159
128
159
156
153
125
163
140
116
151
107
96
78
88
51
72
59
52
93
47
105
78
110
122
87
67
106
84
81
74
90
99
70
94
101
60
53
86
72
67
29
20
38
35
60
62
21
62
53
-1
33
-36
22
-2
-10
8
26
-21
-15
14
-3
-13
-49
-19
-19
-15
29
39
12
-1
-4
29
19
55
42
2
30
43
59
23
48
45
57
63
72
59
53
79
86
65
66
113
90
58
73
102
75
79
47
36
102
68
86
102
61
97
135
142
102
122
143
95
138
108
130
157
117
101
116
141
111
134
149
155
122
125
140
102
99
113
87
39
73
35
18
27
-18
26
59
61
52
85
60
32
49
9
34
33
11
8
-8
-32
4
-6
-33
-40
11
-6
-21
-15
-23
-19
-59
-59
-19
-2
-29
9
10
-13
-22
-14
-17
5
5
-8
-1
9
20
5
29
-13
-5
6
-37
-12
-46
-59
-22
-69
-11
-37
-45
-12
26
39
18
28
12
49
14
56
93
70
95
115
88
97
66
66
43
38
43
59
91
92
99
66
67
32
55
49
34
48
50
51
63
78
93
93
83
81
96
79
59
49
76
124
117
109
120
112
111
92
92
117
99
94
112
116
133
131
109
119
134
130
127
142
126
143
151
137
145
152
126
125
120
118
160
155
132
114
121
120
143
142
130
166
116
126
164
107
145
135
111
116
123
135
114
157
111
57
78
109
123
99
87
75
92
90
91
87
132
116
66
97
48
87
108
70
67
71
102
76
57
32
55
-5
8
47
46
53
23
40
26
9
41
13
10
8
-5
1
-35
-51
-64
-69
-14
-26
-50
-27
-24
-10
-34
-53
-9
34
6
20
42
17
4
27
38
77
68
34
50
19
41
30
23
-4
13
55
29
45
33
61
69
36
42
77
72
73
90
41
37
22
33
44
107
65
46
88
43
51
51
35
66
72
59
73
56
48
69
67
66
39
20
17
28
55
74
117
68
115
123
76
77
92
87
37
89
112
115
113
141
131
120
131
116
103
105
97
109
113
138
133
124
155
134
118
117
137
147
129
136
138
116
151
162
164
178
212
180
166
204
165
158
159
175
144
162
132
150
207
179
145
151
165
170
186
167
163
129
118
134
155
139
152
127
129
148
139
119
138
146
87
94
109
102
102
94
77
78
73
75
27
68
61
61
64
58
69
58
85
17
51
51
17
23
27
35
-7
7
-13
42
67
44
5
-8
-18
-18
32
20
-42
-50
-2
-22
-21
-26
-25
-40
-13
-31
-58
-57
-76
-95
-51
-77
-68
-82
-76
-57
-65
-50
-42
-26
-52
-15
-3
-23
-6
-8
-28
19
37
71
6
-40
-11
-36
-37
-9
-19
7
32
-2
-20
14
-11
-9
-12
-13
14
-26
-43
-33
-25
-16
15
-1
-23
-22
14
11
-28
-17
-64
9
40
15
47
18
21
32
16
20
21
15
-20
-14
-2
12
2
-14
-13
-7
2
-16
-9
-29
-33
-2
-40
-40
-36
-17
-12
-86
-44
-40
-23
-43
1
-1
-2
-31
-42
-5
