1
5
39
63
41
60
44
24
18
1
-16
-42
-54
-71
-49
-48
-17
-7
-15
-6
22
-6
5
42
14
8
29
27
11
36
19
16
18
37
-12
-15
-11
-22
-46
7
30
0
8
-18
-10
-33
-80
-99
-48
-77
-53
-38
-28
-61
-83
-84
-111
-85
-70
-45
-67
-71
-55
-63
-76
-120
-90
-65
-53
-59
-92
-20
-2
6
17
34
13
-25
-5
-5
-44
-37
-6
-66
-42
-54
-107
-96
-103
-125
-124
-115
-157
-132
-68
-19
-19
-18
48
25
-10
-2
-6
-2
-15
-40
12
-34
-97
-72
-122
-166
-168
-156
-208
-166
-161
-150
-119
-72
-60
-107
-59
-59
-4
-32
-12
-32
-7
8
25
-14
-9
4
-28
-48
-60
-47
-52
-86
-78
15
-13
-7
20
25
2
-2
-33
-73
-52
-56
-45
-55
-84
-99
-97
-107
-114
-98
-65
-48
-8
-57
-8
28
-8
17
-8
-7
-16
-18
-27
-11
-31
-70
-23
-32
-16
-8
10
-51
-32
-34
-47
-43
-41
-30
-61
-41
4
-17
-26
-19
4
19
23
32
26
41
-4
1
-28
-31
-1
-38
-47
-27
-32
-49
-60
-86
-73
-59
-53
-98
-100
-66
-90
-93
-96
-107
-97
-85
-109
-119
-108
-76
-70
-90
-99
-95
-99
-107
-42
-70
-77
-53
-78
-9
-13
-15
-45
-46
-57
-74
-47
-91
-66
-92
-114
-92
-61
-74
-62
-58
-94
-62
-74
-82
-88
-83
-61
-26
-24
-15
-31
-4
-1
-18
9
-68
-21
-33
-63
-66
-89
-68
-95
-95
-138
-107
-164
-131
-121
-129
-117
-108
-78
-92
-72
-85
-78
-59
-76
-99
-88
-64
-75
-78
-58
-43
-19
-11
-40
-5
-27
-31
5
-14
6
9
-17
-43
-31
-70
-63
-49
-59
-92
-87
-59
-48
-67
-66
-81
-38
8
-50
-47
-60
-55
-76
-108
-75
-61
-64
-23
-44
-58
-51
-56
-95
-59
-90
-71
-78
-85
-99
-116
-110
-105
-73
-91
-46
-68
-43
-56
-31
-47
-62
-29
-72
-21
-30
-18
-4
-35
-11
4
18
18
8
5
-31
-53
-4
-61
-69
-93
-102
-79
-102
-99
-82
-102
-97
-82
-57
-62
-29
19
1
-11
-40
-8
-14
-20
-18
-19
-6
-71
-86
-51
-67
-64
-70
-95
-89
-106
-107
-83
-21
-25
-22
18
36
2
30
11
-28
6
50
37
15
8
-13
-46
-73
-71
-75
-61
-58
-42
-49
-47
-61
-40
-30
-6
-35
0
23
-3
10
42
31
30
26
-35
-67
-75
-108
-138
-145
-155
-124
-129
-68
-73
-78
-25
-31
-26
-5
11
20
24
57
7
3
-1
22
18
-57
-87
-133
-137
-146
-155
-119
-111
-85
-69
-81
-23
-51
22
54
22
36
82
73
64
73
4
-15
-18
-11
11
-14
-9
-49
-27
-22
-53
-48
-6
0
10
23
-12
5
-27
27
51
85
54
3
32
0
-7
-47
-14
-41
-59
-64
-56
-61
-73
-64
-49
-49
-49
-26
-32
21
-6
17
45
24
-5
4
-7
12
51
23
5
-54
-2
13
11
26
8
-29
-41
-12
-2
-36
-21
-34
-61
-54
-11
-35
-50
3
-19
-26
16
3
5
22
-19
-17
-32
1
-2
-18
-8
-9
-23
-7
-22
-23
-20
-38
-25
-18
-18
18
26
38
65
32
47
61
42
77
58
54
59
44
35
47
27
-7
-16
-1
-13
-21
-24
-62
-29
-27
19
-7
2
25
7
53
32
5
15
56
59
36
-11
16
-13
-6
-5
-18
20
-12
-63
-46
-3
-26
-17
26
50
41
-5
25
49
38
36
73
66
19
40
-9
-31
-36
-64
-57
-44
-45
-36
-9
-10
-21
-15
-20
43
50
43
37
32
36
55
32
28
16
-19
-19
-32
-44
-52
-63
-60
-54
-36
-56
-83
-52
-36
4
-3
43
80
32
62
40
55
81
15
36
13
0
5
-71
-68
-94
-154
-151
-140
-133
-159
-113
-141
-122
-65
-86
-33
-12
16
27
35
-2
31
33
19
-5
-48
-37
-88
-123
-162
-172
-170
-163
-185
-123
-101
-126
-73
-50
0
43
81
69
102
66
94
22
3
23
-29
-45
-91
-115
-86
-80
-78
-80
-106
-88
-112
-41
-8
32
81
55
34
88
62
41
24
-16
-16
-9
46
-9
0
-14
-2
48
13
42
19
37
25
-12
-3
-2
33
43
72
69
78
86
73
90
77
25
7
-7
-24
-47
-21
-66
-77
-77
-37
-41
-47
-32
23
54
-2
80
54
92
90
89
70
67
42
49
52
11
32
-7
-29
-34
-49
-30
-3
-11
9
32
24
31
40
74
70
58
100
84
119
51
35
60
68
24
-20
-35
-47
-20
-65
-27
-18
-40
8
-21
-28
-46
-5
45
11
50
38
66
56
81
108
68
74
75
124
78
68
55
21
54
30
26
11
-4
-50
-40
-18
-59
-35
-30
3
12
12
30
52
83
41
2
16
72
75
38
20
20
11
31
5
-33
-42
-33
-55
-44
-33
-40
-22
9
37
56
73
104
81
46
43
33
31
-6
39
46
12
13
-8
-31
-34
-20
-29
-30
18
22
66
39
61
87
104
114
105
88
45
66
42
45
8
-12
-27
-31
-44
-67
-78
-69
-54
-66
-45
-70
-66
-31
-23
38
44
100
84
75
64
36
49
30
-6
-45
5
7
-17
-37
-40
-17
24
1
-9
-46
-6
-17
-30
9
-1
35
32
-1
-17
22
25
33
55
44
51
71
70
24
-3
8
9
15
-20
-13
-18
-28
1
-23
-54
-28
-18
-10
-22
0
-17
-19
13
-19
50
34
37
4
-2
-15
-45
-57
-50
-39
-76
-73
-55
-15
-33
4
-11
-42
7
41
40
26
77
44
47
47
58
15
-4
0
-64
-73
-12
1
-32
-18
-9
-10
-3
-18
10
73
86
94
91
105
100
137
82
73
51
23
1
2
1
-2
9
-33
-38
-31
-28
-25
3
24
78
103
85
106
109
97
119
69
85
117
70
64
32
13
-6
22
24
32
59
27
45
62
48
84
81
103
94
94
90
66
46
32
-3
-32
-68
-83
-72
-70
-59
-34
-26
-29
23
39
45
77
19
60
88
54
27
22
67
82
74
22
41
49
22
37
-42
-34
-24
-38
27
17
-26
49
48
55
53
58
108
71
50
51
71
57
71
32
8
8
-24
-3
6
9
46
5
0
12
12
9
-17
5
24
21
7
1
22
36
27
-11
-12
-14
37
15
9
9
15
10
14
16
13
21
8
11
-19
15
-13
13
12
2
15
24
57
82
64
37
75
67
54
49
54
17
-5
5
16
27
3
-8
25
4
-12
1
11
10
27
25
50
56
72
87
73
56
66
102
44
19
39
19
2
-14
13
13
5
-16
-12
-20
-30
-34
-10
10
26
32
47
57
18
4
-34
43
27
31
47
89
78
64
63
59
54
40
56
22
67
67
82
80
78
70
79
122
77
81
99
50
63
42
48
53
18
4
-8
13
57
8
-2
33
63
33
61
63
49
86
24
64
77
58
21
38
39
-20
-13
7
-5
14
41
15
16
41
57
64
65
50
26
48
56
78
65
83
66
31
41
57
28
45
34
29
18
-2
38
0
-1
-6
9
-14
-3
41
9
34
17
27
12
24
7
13
61
53
88
69
84
70
48
45
37
60
2
8
18
30
5
16
13
-6
-6
-26
-13
28
22
55
66
17
15
29
34
4
-18
-61
-31
-21
-27
11
18
25
61
27
8
30
39
23
-18
-14
-20
-5
30
32
19
-7
-4
-19
-29
-24
-20
-11
-16
-2
-14
20
-37
-29
-5
-58
-21
20
35
53
85
82
83
71
43
45
71
45
-10
-24
7
-15
-22
-25
-32
-29
-43
-44
-24
-15
18
10
0
-4
-24
19
15
23
15
-18
-48
2
21
7
-28
-19
44
7
4
-8
-27
-36
-22
-28
-62
-67
-63
-73
-9
-38
-15
-25
7
28
-22
15
67
68
74
54
15
26
12
14
17
0
-71
-97
-74
-59
-92
-48
-56
-24
-6
-21
11
0
27
-7
25
22
-9
26
12
8
39
58
21
-7
-2
26
-3
-4
-15
-24
28
-13
-13
-41
-31
14
-35
-18
-13
-37
-29
-7
25
12
20
57
42
49
24
28
31
28
-13
-29
-54
-49
-25
-44
-18
13
46
-17
33
15
-23
15
4
-7
-18
-30
-29
-2
10
-32
-10
-12
-86
-60
-33
-32
-35
-45
-37
9
19
5
-10
7
53
12
0
20
38
37
53
82
36
50
28
30
28
35
56
49
71
76
92
84
60
56
66
53
44
59
43
77
88
70
95
97
52
67
58
25
43
60
55
64
87
70
82
81
65
48
60
63
75
40
23
74
37
49
9
14
-18
-27
-36
-16
39
-15
-15
-1
-8
-5
6
0
7
-22
9
39
29
22
-20
-6
2
11
20
-36
-6
3
-10
4
18
9
10
-18
42
30
22
-18
-43
-25
-6
-7
-45
-74
-73
-47
-39
-68
-61
-69
-69
23
-34
-32
41
43
27
60
52
58
67
-5
14
32
67
22
24
69
17
39
-7
28
82
33
46
49
42
18
29
25
12
17
-27
13
-36
-61
-11
-37
-43
-48
-17
-32
-6
-17
-9
8
19
12
42
40
59
50
16
35
-37
-23
-32
-49
-48
-80
-66
-67
-60
-21
-23
-12
-16
-39
-17
-16
11
32
37
34
-2
6
15
0
-2
13
2
5
3
5
16
-15
-18
0
-45
11
50
39
57
38
35
8
-11
-44
-17
-34
-33
-75
-44
14
2
-6
-6
43
33
61
65
78
78
80
56
65
44
50
37
21
36
47
29
30
4
6
10
-6
-16
-44
-24
-22
-33
-17
-8
7
0
-23
-5
12
-17
1
12
29
31
5
61
42
60
63
20
7
-41
-18
5
-33
-21
-21
-30
44
43
31
57
50
65
30
38
35
35
43
62
89
52
60
38
28
32
45
41
-2
10
21
40
2
26
40
-24
-29
11
-21
-42
-19
-14
-2
-61
-79
-4
-22
15
34
19
11
17
0
10
27
0
-3
21
-23
-65
-51
-84
-104
-51
-32
-45
-9
-15
11
42
66
66
26
-30
-8
3
31
-18
-35
-21
-23
-22
-16
-5
-36
-34
-17
16
-19
-36
-16
-16
-6
12
7
23
30
1
11
20
2
15
44
19
25
24
3
-7
-31
-44
-14
-15
-7
-16
0
-2
35
46
61
61
37
52
55
43
65
50
69
53
12
20
9
36
9
-19
24
23
-16
-14
-33
7
12
44
27
72
58
71
58
32
62
35
18
-3
-32
-84
-23
-52
-51
-73
-78
-50
-23
-34
-30
3
-28
30
-21
-16
-11
6
41
31
27
-7
15
5
23
-18
-36
-30
-21
-54
-83
-45
-63
-20
-6
-28
9
13
-5
-30
-10
32
65
74
45
23
28
46
-26
-12
-17
-13
-46
-39
-44
-73
-40
-40
-10
-41
-36
3
-4
8
-8
-1
2
-21
-3
11
8
4
-11
28
40
11
22
-6
28
1
-3
6
11
56
35
20
2
37
56
50
82
54
48
46
35
27
12
-34
-67
-70
-47
-24
7
11
22
18
21
32
33
11
-4
-6
50
98
15
32
55
26
-40
-28
-5
-24
-2
-40
-48
-17
-34
-49
6
-30
-14
-41
-36
-16
-5
32
17
2
-9
-42
-32
-64
-89
-85
-76
-26
-64
-49
-58
-52
-4
13
-5
5
43
-2
-22
-29
-54
-40
-74
-57
-49
-89
-60
-121
-94
-79
-80
-72
-36
-13
-37
-42
-10
11
39
-2
11
-15
-40
-7
-10
-45
-77
-58
-62
-42
-37
-75
-28
-5
-9
30
-32
-4
39
22
8
-21
-36
-3
-17
-38
-32
-27
-56
-28
-39
-27
44
6
-15
42
40
-7
57
78
61
-1
19
-3
5
-2
-49
-17
-23
-14
-3
0
-22
-36
-21
-11
-14
-9
-27
-15
-8
13
23
30
-3
-39
-32
-36
-18
-6
-23
-12
-5
-43
-46
-6
0
8
-36
-24
-7
24
21
23
31
5
1
1
57
52
19
-17
-18
-39
-72
-44
-46
-22
-63
-39
-45
-9
0
-4
20
-2
32
16
29
66
60
-14
24
3
-29
-18
-11
-41
-19
-5
-38
-21
-15
-18
-6
-7
5
41
3
16
13
19
17
27
15
8
2
31
47
21
-20
-28
-19
-24
-54
-83
-63
-71
-64
-79
-66
-46
-40
-52
-66
-30
-27
-49
-22
15
-11
-22
-51
-61
-55
-62
-80
-111
-66
-64
-63
-47
16
-36
-34
20
-3
14
-27
-21
-42
-23
7
-23
-33
-24
-42
-27
-64
-21
-25
-77
-6
-18
10
7
29
26
-2
-30
-14
34
-1
-10
-34
-1
1
-50
1
-24
-65
-62
-80
-49
-55
-36
-46
-19
-37
-40
-52
-53
-53
-51
-51
-74
-86
-112
-70
-41
-60
-79
-61
-26
-77
-30
-63
-88
-50
-52
-17
-93
-80
-86
-58
-80
-106
-93
-63
-59
-97
-49
-61
-37
-50
-46
-52
-71
-30
-18
-34
-15
-23
-44
-66
-73
-36
-35
-65
-59
-49
-26
-68
-63
-65
-77
-72
-44
-54
-60
-34
-50
-75
-39
-55
8
-23
-16
7
-47
-27
-49
-17
-18
34
-25
10
20
-8
-22
-29
-1
-12
-5
-45
-12
-3
-13
-25
-17
-12
-12
-45
-56
-53
-56
-37
-40
-68
-34
-64
-82
-92
-103
-94
-119
-63
-114
-89
-87
-66
-63
-49
-64
-59
-13
-19
-13
-36
-25
-35
20
-14
-2
-8
-63
-79
-65
-71
-47
-33
-2
-4
-51
-91
-46
-10
-10
8
0
-46
-11
-11
-57
-32
-10
-11
-56
-75
-42
-41
-29
-46
-64
-37
-40
-43
-17
-19
-66
-23
-16
-46
-55
-63
-50
-82
-88
-58
-86
-88
-87
-49
-64
-81
-90
-24
-76
-56
-30
-77
-43
-61
-51
-74
-61
-31
-20
-67
-91
-29
-55
-64
-9
-84
-82
-69
-66
-70
-103
-110
-96
-75
-103
-99
-54
-59
-26
-15
-18
-32
-78
-109
-81
-76
-79
-87
-83
-108
-122
-98
-93
-71
-122
-67
32
13
9
33
-9
-41
-10
-31
-34
-58
-63
-27
-103
-81
-29
-13
-41
-34
-47
-32
-16
2
25
-14
16
-9
56
35
-2
-10
5
-20
-39
1
-26
-63
-48
-61
-48
-43
-35
2
-1
-54
-43
8
15
19
61
39
-7
23
-18
-39
-5
-38
-58
-29
-32
-21
-44
-59
-32
-28
-43
-37
-21
-27
-2
-30
-40
-12
-8
-4
-40
-5
-40
-34
-32
-79
-33
-56
-62
-83
-73
-32
-67
-67
-88
-103
-107
-56
-20
-25
4
-8
23
-43
-70
-46
-55
-89
-77
-88
-132
-95
-82
-60
-76
-97
-117
-116
-116
-109
-100
-65
-25
-48
-54
-72
-52
-80
-85
-60
-132
-127
-115
-121
-110
-143
-167
-152
-144
-136
-161
-129
-92
-97
-69
-54
-41
-33
-14
-24
-39
-38
-59
-82
-63
-71
-91
-85
-77
-66
-76
-102
-119
-118
-118
-97
-70
-68
-66
-41
-16
-25
-24
-47
-45
-80
-76
-86
-111
-94
-125
-129
-139
-158
-165
-172
-153
-138
-132
-131
-105
-84
-114
-55
-30
-72
-66
-42
-50
-65
-69
-88
-98
-114
-128
-123
-131
-83
-65
-82
-100
-84
-97
-74
-91
-78
-47
-74
-37
-36
7
-33
-64
-69
-63
-59
-120
-55
-79
-100
-70
-87
-62
-49
-38
-53
-74
-57
-45
-62
-85
-74
-91
-59
-54
-74
-53
-56
-85
-53
-63
-82
-74
-118
-118
-144
-130
-124
-145
-126
-99
-97
-109
-83
-71
-88
-63
-27
-82
-71
-59
-44
-49
-75
-92
-73
-64
-82
-90
-113
-117
-104
-83
-107
-82
-69
-76
-76
-45
-63
-41
-37
-52
-43
-63
-19
-19
-27
-52
-98
-52
-19
-76
-104
-113
-101
-32
-48
-72
-78
-71
-4
-23
-13
-4
-36
3
14
-12
-27
11
-8
-23
-26
-56
-49
-81
-45
-50
-74
-44
-42
11
-33
-33
9
-17
-18
-18
-10
-14
-37
-19
-35
-30
-28
-44
-23
-34
-42
-14
-42
-24
-18
-40
-30
-60
-39
-33
-29
-70
-82
-74
-84
-74
-59
-36
-54
-43
15
-34
-39
-34
-30
16
-20
-36
-1
34
26
-40
-3
3
-21
-16
-47
-12
-30
-74
-52
-30
-43
-43
-11
-47
-19
-16
-28
-42
-21
-6
-37
-24
-7
-11
28
20
16
-10
-39
-38
-38
-5
-28
-45
-41
-31
-43
7
-29
-39
4
-15
38
10
13
34
35
31
-8
20
-20
1
32
40
21
39
25
25
40
40
39
-11
-30
-45
-6
2
1
40
25
9
18
19
19
38
-12
17
32
-6
-17
-10
15
-16
10
-1
-9
40
30
39
25
-14
-5
-20
1
-17
-8
-80
-91
-46
-92
-21
-45
-57
-33
-45
-55
-31
-21
-29
-18
-43
-31
-13
-29
-22
-40
-75
-67
-80
-116
-52
-18
-60
-54
-73
-61
-45
-27
-11
-18
-39
-31
-19
-59
-47
-64
-33
-17
-68
-60
-135
-116
-82
-130
-120
-137
-150
-143
-159
-175
-120
-137
-179
-139
-113
-114
-84
-114
-160
-131
-149
-126
-133
-102
-111
-165
-141
-134
-162
-92
-139
-165
-132
-167
-114
-117
-102
-104
-89
-77
-62
-64
-83
-74
-93
-52
-59
-86
-81
-74
-49
-88
-119
-118
-126
-139
-114
-103
-89
-64
-53
-55
-47
-28
-42
6
-20
-40
-7
-16
-17
-47
-108
-90
-122
-109
-123
-82
-45
-93
-111
-70
-73
-50
-50
-20
-17
-30
-2
-22
-14
-25
-17
-45
-37
-30
-51
-61
-58
-62
-74
-60
-72
-77
-81
-81
-75
-39
-42
-28
2
30
6
-2
29
-10
17
-34
-56
-41
-46
-64
-88
-116
-61
-99
-107
-61
-87
-63
-67
-58
-122
-96
-68
-79
-77
-54
-37
-96
-55
-48
-66
-89
-65
-61
-71
-64
-115
-71
-99
-65
-30
-56
-70
-78
-32
-19
-46
-56
-43
-63
-43
-46
-22
-23
-59
-55
-62
-71
-107
-105
-95
-91
-28
-36
-18
-26
-65
-61
-93
-19
-40
-46
-51
-63
-87
-70
-61
-76
-50
-59
-72
-67
-66
-85
-55
-47
-64
-50
-53
-75
-61
-71
-68
-45
-40
-39
-21
-25
-16
-10
-56
-50
-24
-43
-39
-75
-42
-2
-27
-14
7
15
15
-33
-31
-35
-59
-46
-53
-49
-30
-64
-45
-32
-60
-53
-48
-30
-1
-22
-50
-30
-18
-21
-31
-1
-2
37
5
-33
-52
-41
-52
-25
-68
-84
-93
-96
-90
-95
-78
-91
-82
-135
-100
-52
-75
-49
-83
-38
-42
2
-58
-76
-38
-48
-30
-90
-81
-109
-36
-73
-45
-60
-62
-20
-67
-72
-54
-27
-1
-6
-31
-32
-12
3
21
-18
-72
-51
-57
-35
-56
-47
-22
14
-40
-45
-56
-50
-53
-81
-28
-32
-46
-37
-52
-50
-20
-49
-42
10
-47
-53
-31
-33
-55
-40
-24
-31
-45
-96
-99
-83
-55
-74
-80
-59
-70
-108
-109
-121
-94
-64
-91
-66
-46
-41
-12
-5
-55
-105
-80
-87
-86
-114
-107
-83
-84
-55
-115
-84
-60
-81
-70
-84
-73
-109
-52
-34
-103
-116
-75
-58
-149
-134
-109
-129
-134
-119
-101
-121
-124
-121
-93
-75
-82
-41
-90
-95
-45
-58
-50
-66
-61
-44
-87
-97
-105
-68
-77
-73
-63
-86
-124
-98
-42
-60
-36
-81
-77
-78
-98
-73
-77
-63
-40
-61
-87
-86
-102
-97
-75
-130
-103
-84
-117
-101
-120
-96
-92
-99
-71
-87
-79
-107
-119
-116
-110
-85
-97
-92
-118
-76
-117
-81
-77
-120
-90
-106
-89
-120
-131
-132
-118
-90
-107
-120
-124
-172
-158
-116
-97
-117
-106
-141
-134
-119
-158
-112
-138
-126
-110
-138
-140
-147
-128
-129
-139
-168
-145
-151
-136
-107
-139
-133
-109
-120
-121
-121
-116
-107
-105
-86
-104
-63
-45
-62
-39
-102
-72
-70
-125
-86
-102
-105
-88
-88
-125
-138
-135
-116
-85
-126
-98
-117
-55
-63
-66
-60
-69
-36
-66
-49
-85
-73
-73
-99
-97
-85
-113
-71
-131
-126
-107
-128
-98
-107
-93
-92
-53
-61
-38
-32
-48
14
16
3
-5
-48
-21
-27
-74
-47
-53
-47
-58
-43
-39
-51
-40
-65
-81
-70
-64
-67
-50
-55
-46
-41
-91
-98
-97
-103
-107
-118
-127
-82
-140
-123
-89
-110
-129
-116
-69
-80
-108
-111
-48
-78
-68
-66
-39
-41
-70
-65
-68
-75
-71
-83
-72
-85
-96
-90
-87
-78
-86
-102
-94
-71
-71
-68
-31
-26
6
-22
-82
-70
-73
-90
-97
-98
-111
-98
-81
-104
-123
-80
-62
-64
-71
-104
-87
-80
-87
-76
-88
-105
-50
-20
-47
-43
-67
-94
-35
-54
-84
-90
-88
-71
-51
-86
-78
-43
-67
-59
-69
-100
-88
-36
-61
-82
-90
-82
-87
-104
-114
-72
-95
-98
-106
-88
-81
-78
-49
-92
-47
-61
-57
-8
9
-22
-52
-64
-60
-4
-28
-65
-83
-91
-82
-113
-102
-113
-87
-115
-129
-127
-102
-103
-82
-103
-124
-116
-129
-98
-75
-81
-75
-56
-64
-44
-80
-78
-46
-61
-76
-76
-107
-66
-81
-55
-79
-91
-76
-120
-91
-83
-40
-73
-52
-79
-70
-35
-65
-64
-103
-121
-82
-80
-87
-50
-48
-85
-87
-96
-143
-99
-85
-103
-142
-133
-122
-110
-104
-116
-56
-84
-87
-77
-81
-62
-83
-55
-96
-122
-121
-152
-118
-106
-133
-125
-119
-156
-165
-156
-159
-158
-131
-123
-104
-105
-88
-45
-54
-34
-44
-64
-27
-63
-50
-57
-70
-93
-106
-120
-155
-127
-140
-119
-107
-124
-87
-94
-101
-94
-81
-95
-91
-67
-91
-118
-99
-54
-80
-98
-112
-106
-93
-102
-124
-114
-131
-146
-139
-130
-109
-85
-81
-88
-76
-114
-86
-118
-43
-49
-58
-55
-74
-38
-61
-56
-84
-41
-11
-26
-52
-74
-59
-91
-57
-45
-42
-91
-71
-34
-46
-45
-45
-56
-44
-38
-50
4
-46
-66
-70
-47
-59
-42
-20
-42
-32
-45
-33
-57
-31
-64
-16
-52
-62
-59
-57
-16
-39
7
-41
-26
-44
-55
-51
-10
1
-15
-70
-100
-60
-62
-74
-118
-90
-100
-72
-93
-103
-59
-45
-62
-30
-26
-61
-24
-32
-74
-44
-92
-94
-64
-88
-89
-99
-104
-99
-115
-139
-115
-98
-69
-44
-49
-23
-43
-28
-17
13
9
9
-33
-43
-55
-121
-56
-25
-95
-80
-36
-69
-86
-112
-85
-92
-47
-27
-21
-7
-14
-13
-57
-56
-39
-28
-56
-53
-32
-31
-39
-43
-84
-60
-76
-65
-67
-50
-44
-61
-38
-18
14
1
30
3
-18
5
-50
-42
-25
-54
-46
-86
-98
-82
-68
-84
-85
-61
-79
-67
-85
-48
-72
-32
-39
-35
-42
-50
-62
-31
-22
-59
-33
-38
-57
-43
-33
-21
-50
-31
-26
-22
-31
-49
-10
1
24
5
44
18
15
-5
17
-7
29
20
-1
20
13
30
13
6
-40
-30
-35
-63
-26
-83
-88
-53
-24
-25
-43
5
-16
-20
-40
-2
-34
4
16
-5
14
-15
-40
-22
4
17
21
-27
14
18
-17
1
-6
-12
-32
-21
7
6
15
-7
-12
-7
7
3
-15
8
-35
-15
8
5
34
-8
8
20
12
41
-1
-8
-42
-40
-54
-72
-23
-47
-31
-22
-3
-23
-28
10
-11
-6
-1
1
3
-3
25
22
24
-8
6
-8
-4
-1
-33
-21
-25
-55
-61
-44
-98
-113
-61
-46
-46
-34
-14
-48
-12
-19
-17
-17
-40
-33
-57
-44
-70
-39
-62
-95
-84
-62
-31
-72
-72
-58
-100
-79
-87
-28
-7
-56
-29
-33
-36
-33
-26
-36
-40
-36
-61
-2
-23
-30
-30
-25
-32
-52
-62
-67
-29
9
-2
35
70
52
8
12
31
24
44
18
34
-18
-10
-5
-28
32
17
0
39
48
32
45
41
51
46
14
22
29
41
53
72
41
2
17
-42
-47
-19
-73
-56
3
-32
-42
-91
5
20
-13
-37
-32
6
-2
-25
-8
-28
-27
18
28
-5
-5
24
-19
26
-50
-9
41
20
6
-26
-33
-32
29
11
16
7
15
-4
6
7
-15
-4
-7
-13
26
-6
-19
13
33
25
6
15
41
39
-16
4
42
45
54
69
92
63
46
36
40
50
34
31
25
43
36
38
42
42
71
25
34
57
69
50
-14
-2
-17
37
42
39
58
74
60
37
43
31
66
67
80
82
20
25
-3
19
36
0
36
13
54
87
58
34
23
62
35
44
29
41
33
21
19
15
44
15
60
82
3
18
36
56
66
55
26
41
86
71
56
47
67
69
28
24
42
35
59
86
41
22
40
-20
34
3
32
-12
-5
-12
13
42
23
56
-9
65
56
48
41
26
45
28
-3
36
40
24
41
19
7
21
7
11
15
10
44
31
27
12
27
39
9
-6
8
25
-2
23
67
48
46
25
47
51
43
52
51
22
83
25
50
73
8
-1
-32
-20
-11
48
43
62
84
50
45
69
43
9
78
79
60
47
36
57
9
22
42
45
22
4
34
51
39
20
2
7
1
14
-5
-10
2
-28
28
-8
-20
13
5
-10
-42
-30
5
-44
-35
-13
-17
9
-22
-16
-29
5
33
7
2
38
63
39
12
29
35
-17
-14
68
43
5
1
-15
-43
-32
22
-24
-70
-4
43
-5
10
42
-2
-3
12
-38
-26
13
-4
-14
-15
-47
-17
-27
-60
-36
-28
-33
6
3
-1
20
5
24
33
68
24
7
58
26
30
-9
5
-4
-1
2
-22
-8
-14
17
-42
4
1
8
2
-39
-24
-28
-4
-2
-4
30
-29
-32
-11
32
25
-11
-16
-38
-5
0
16
11
-7
-30
-44
-36
-32
-9
10
6
35
9
-19
45
21
41
61
27
32
30
58
51
61
4
14
52
22
-7
24
18
7
29
-16
-6
1
35
68
67
77
61
47
12
35
44
10
-14
-7
-18
11
-6
-5
6
40
50
39
45
35
33
27
0
15
52
14
5
1
-3
-18
8
-17
-19
3
-6
-15
-45
-10
-17
25
-2
12
9
15
41
-1
-7
24
22
9
15
0
26
62
50
49
51
-3
33
-10
-14
28
23
17
50
18
26
-28
-6
30
25
-2
26
53
-1
30
48
31
47
29
1
13
34
55
31
85
82
45
58
27
70
67
19
33
35
19
54
86
47
67
44
29
-11
-7
1
11
44
57
30
46
27
48
47
45
40
50
43
34
-6
-32
4
-31
-28
-32
-17
-1
4
22
29
17
65
35
37
52
40
17
14
-13
-25
-16
5
5
1
-10
-21
-7
9
27
24
50
30
53
75
93
72
69
45
26
5
17
30
5
42
36
61
41
11
65
64
32
59
28
19
51
47
40
63
58
49
68
86
90
89
43
85
66
39
10
-9
26
-3
36
28
-9
59
26
19
43
2
60
49
2
60
22
33
59
40
40
50
28
12
49
4
1
27
2
-5
-12
1
22
67
82
49
58
70
64
4
10
11
22
26
14
21
42
23
25
19
27
51
3
-15
14
1
2
1
1
-11
-14
10
-15
-5
0
-38
-25
-19
-72
-19
-4
-1
-2
-11
5
13
11
0
5
-9
12
12
-18
17
-6
47
20
4
-10
-55
-70
-78
-45
-19
-47
-49
-37
-89
-60
-16
-15
-30
-4
-24
-17
-76
-20
-31
-43
-44
-24
7
-29
-23
-25
-26
-41
-24
-24
4
-25
-49
-27
-17
-8
20
-30
-56
-45
-41
-27
-48
-24
-30
-24
-73
-37
-24
-53
-40
-88
-46
-41
-26
-56
-44
5
-20
-28
-58
-66
-37
-42
-53
-43
-30
-22
-10
31
-46
1
-7
-30
7
-13
-13
-53
-5
9
11
7
-5
-38
4
-39
-40
-41
-34
-45
-60
-17
-48
-22
-69
-95
-87
-90
-92
-39
-59
-28
-37
-51
-27
-58
-17
-36
37
24
-12
-25
-30
16
-49
-22
35
15
-28
-33
-38
-36
8
17
2
-15
-5
12
11
22
20
-1
-15
-9
29
14
-10
-15
-31
-17
-6
16
8
-9
-4
-10
-26
19
14
-7
30
-5
-29
-8
-25
-39
-12
-11
6
21
0
-28
-38
1
-9
6
15
2
6
-4
47
45
52
38
16
-2
20
51
5
18
21
11
39
28
48
21
23
34
40
21
23
33
17
88
29
51
73
14
14
55
52
51
56
68
88
108
103
61
111
100
79
85
54
87
50
40
82
67
61
76
42
52
58
50
41
71
29
12
21
76
74
61
81
34
19
66
58
-4
21
46
40
62
65
28
70
83
44
50
77
70
15
45
60
35
47
59
44
48
29
25
24
55
32
72
55
37
61
64
49
42
60
25
56
42
23
38
52
53
20
25
37
-6
-8
12
-6
-22
3
51
45
46
53
32
50
26
49
69
40
38
56
93
64
24
41
69
48
57
58
48
30
4
15
31
18
15
46
-12
-3
6
-45
13
19
13
5
-27
-29
-13
-2
3
27
34
1
-24
7
-17
-45
-12
11
20
13
17
39
45
39
40
31
-10
23
27
-14
-38
-49
-32
-64
-46
-34
-44
-27
-27
-9
5
3
22
42
21
10
-8
22
-2
20
26
41
18
-16
20
0
3
35
13
2
8
29
39
37
39
32
71
35
31
42
30
21
47
59
40
42
32
24
17
33
32
46
64
59
44
45
94
75
63
72
58
35
51
36
43
33
14
69
46
8
8
-16
-1
-6
-38
4
66
63
63
62
49
61
54
37
51
58
105
70
21
65
62
41
31
42
51
46
31
42
37
24
45
25
12
31
6
15
35
-11
33
25
67
49
1
35
39
54
56
10
21
44
16
21
25
16
7
-10
7
-13
-6
51
39
12
-5
-3
-26
24
7
16
50
0
47
63
47
53
48
34
35
31
20
37
1
42
38
33
60
39
25
-7
29
22
64
-2
39
30
41
45
25
43
54
76
30
23
8
23
15
15
26
19
2
17
19
7
34
6
0
10
6
6
21
-14
-9
-13
-31
9
0
11
-14
27
-9
-10
14
-15
5
65
28
-35
-17
14
-17
7
31
14
40
-6
17
7
37
27
40
14
60
37
18
0
-27
16
-42
22
23
47
37
41
38
24
25
47
55
48
28
0
43
39
7
11
2
-17
-29
-29
8
22
11
-13
-30
-29
5
-24
-14
-8
-7
13
9
24
-3
15
19
-16
16
-25
37
-2
17
47
22
7
-17
-20
-15
10
5
18
-16
-7
43
12
-4
-9
2
2
-13
-14
-5
-10
-17
-23
-63
-42
-5
-35
-32
-16
11
-34
2
-23
-28
-4
-33
8
-1
-14
0
2
-12
-19
5
20
-3
-15
-35
-40
-6
-14
-20
-21
-11
-23
-62
-34
-62
-77
-85
-71
-66
-56
-47
-42
-75
-64
-61
-75
-90
-85
-97
-123
-77
-64
-85
-79
-66
-95
-60
-67
-68
-98
-93
-89
-108
-72
-81
-115
-37
-96
-99
-104
-113
-127
-103
-97
-98
-69
-112
-110
-94
-73
-112
-79
-86
-50
-92
-106
-56
-84
-108
-124
-123
-92
-117
-130
-115
-107
-99
-109
-141
-120
-94
-111
-123
-79
-77
-94
-70
-121
-106
-95
-108
-76
-56
-54
-63
-100
-101
-67
-98
-77
-118
-97
-77
-111
-105
-117
-119
-113
-109
-140
-139
-160
-146
-116
-122
-118
-125
-103
-103
-110
-104
-66
-102
-101
-82
-125
-113
-155
-115
-154
-141
-120
-141
-100
-136
-126
-125
-140
-136
-140
-118
-170
-162
-104
-142
-167
-170
-106
-86
-154
-178
-129
-170
-150
-190
-184
-169
-176
-179
-166
-156
-157
-137
-179
-174
-231
-177
-176
-172
-152
-162
-153
-136
-129
-113
-89
-76
-91
-115
-156
-156
-186
-168
-145
-171
-112
-162
-120
-134
-143
-157
-148
-147
-145
-126
-137
-156
-158
-143
-140
-143
-152
-153
-137
-132
-126
-129
-182
-139
-134
-146
-116
-142
-160
-157
-134
-128
-161
-137
-116
-128
-159
-157
-136
-132
-138
-166
-139
-143
-167
-129
-156
-165
-179
-172
-159
-184
-154
-147
-133
-146
-156
-150
-133
-143
-101
-97
-143
-111
-113
-121
-143
-137
-168
-191
-150
-144
-162
-130
-105
-138
-117
-105
-132
-121
-142
-115
-144
-104
-91
-122
-83
-122
-110
-107
-67
-84
-73
-102
-71
-64
-127
-79
-81
-88
-108
-92
-98
-101
-77
-106
-64
-54
-60
-99
-95
-65
-139
-121
-125
-115
-95
-116
-149
-137
-133
-125
-103
-113
-132
-121
-102
-104
-83
-87
-77
-96
-130
-111
-67
-109
-95
-88
-95
-80
-122
-100
-121
-84
-51
-112
-145
-139
-106
-108
-139
-114
-79
-118
-136
-121
-102
-136
-127
-115
-113
-116
-114
-102
-102
-142
-132
-138
-124
-137
-114
-127
-124
-133
-151
-168
-188
-155
-197
-157
-151
-162
-176
-137
-140
-171
-158
-136
-159
-126
-122
-147
-142
-102
-109
-146
-144
-175
-111
-134
-156
-117
-124
-134
-118
-90
-91
-116
-163
-106
-121
-159
-165
-161
-143
-141
-153
-167
-159
-171
-124
-120
-107
-117
-127
-139
-105
-144
-137
-140
-86
-72
-118
-112
-122
-94
-106
-85
-92
-104
-136
-142
-150
-171
-127
-97
-115
-155
-172
-189
-138
-138
-144
-169
-138
-127
-146
-160
-164
-142
-142
-129
-133
-118
-122
-140
-136
-119
-158
-145
-177
-151
-157
-168
-172
-214
-181
-162
-195
-160
-218
-247
-213
-180
-225
-231
-209
-222
-218
-201
-209
-207
-180
-187
-152
-210
-209
-161
-193
-149
-184
-153
-197
-178
-182
-198
-226
-255
-240
-263
-227
-229
-214
-218
-203
-261
-272
-249
-223
-247
-258
-231
-231
-193
-258
-235
-268
-251
-254
-241
-213
-227
-220
-264
-241
-262
-240
-232
-260
-287
-241
-230
-226
-219
-223
-199
-209
-240
-214
-239
-202
-184
-224
-212
-169
-181
-173
-187
-178
-179
-206
-179
-211
-198
-229
-202
-204
-196
-204
-249
-201
-235
-262
-261
-261
-255
-244
-213
-213
-240
-212
-192
-223
-226
-186
-188
-204
-189
-170
-151
-165
-144
-173
-178
-195
-193
-189
-212
-204
-214
-177
-205
-208
-208
-198
-189
-214
-171
-163
-180
-148
-160
-242
-222
-209
-216
-191
-204
-213
-197
-211
-194
-232
-223
-168
-186
-178
-182
-159
-152
-164
-123
-155
-148
-131
-166
-133
-196
-150
-155
-195
-214
-222
-179
-181
-156
-158
-166
-162
-156
-153
-179
-187
-199
-174
-159
-152
-178
-161
-158
-172
-161
-210
-181
-144
-153
-162
-136
-173
-168
-125
-158
-139
-159
-177
-138
-88
-117
-164
-111
-84
-102
-122
-109
-174
-180
-177
-149
-114
-126
-127
-150
-139
-159
-136
-129
-122
-110
-144
-150
-164
-159
-124
-137
-156
-148
-136
-140
-165
-130
-169
-140
-148
-169
-175
-164
-172
-157
-189
-191
-192
-193
-161
-183
-177
-210
-186
-192
-160
-141
-151
-181
-201
-181
-216
-210
-178
-138
-161
-142
-143
-153
-154
-174
-161
-140
-170
-176
-119
-152
-130
-137
-137
-113
-124
-153
-142
-143
-114
-109
-114
-106
-135
-130
-128
-134
-143
-113
-132
-140
-125
-110
-122
-135
-135
-125
-155
-140
-158
-149
-195
-169
-155
-162
-157
-177
-152
-165
-154
-167
-202
-189
-176
-213
-182
-183
-207
-157
-135
-181
-168
-154
-143
-149
-173
-172
-170
-209
-213
-188
-197
-203
-170
-144
-162
-141
-166
-160
-197
-192
-196
-185
-211
-181
-168
-191
-182
-164
-142
-165
-140
-133
-133
-174
-145
-141
-170
-140
-139
-97
-124
-130
-147
-124
-150
-202
-141
-143
-149
-129
-114
-138
-149
-156
-86
-102
-159
-175
-147
-123
-166
-126
-116
-130
-128
-105
-99
-140
-121
-173
-170
-155
-214
-170
-237
-235
-205
-196
-193
-170
-128
-181
-164
-119
-165
-142
-94
-137
-112
-115
-135
-147
-118
-147
-151
-127
-132
-112
-147
-154
-167
-128
-112
-77
-77
-138
-106
-144
-130
-127
-145
-141
-94
-74
-76
-85
-74
-112
-102
-90
-149
-134
-142
-151
-137
-119
-190
-163
-116
-124
-144
-121
-135
-142
-112
-102
-137
-131
-120
-107
-138
-134
-108
-81
-119
-146
-132
-125
-135
-152
-137
-148
-121
-118
-97
-110
-152
-144
-119
-100
-84
-91
-64
-35
-83
-88
-133
-121
-58
-71
-63
-92
-92
-98
-96
-69
-90
-117
-100
-102
-96
-85
-97
-78
-95
-64
-51
-62
-86
-84
-35
-17
-55
-53
-26
-78
-68
-74
-96
-83
-66
-86
-94
-106
-77
-110
-104
-59
-88
-120
-81
-93
-70
-45
-63
-68
-82
-58
-36
-30
-45
-106
-100
-95
-113
-38
-18
-24
-31
-42
-19
3
-21
-23
-14
-15
-10
-38
-31
-24
-67
-49
-31
-27
18
-15
-45
-28
-37
0
26
-39
6
29
24
38
16
13
-4
-38
-40
6
-23
-19
-10
-54
-14
-14
-47
8
-54
-10
-7
-64
-40
-48
-32
-17
-19
-8
-40
-25
-21
-50
-2
-51
-57
-61
-64
-62
-81
-66
-14
-52
-48
-23
-54
-21
0
-15
-11
-38
-41
3
-8
-42
-19
-21
-21
-61
-17
8
-25
9
-39
-8
-33
-28
6
6
12
38
24
57
44
14
14
10
11
-20
-11
9
1
-26
-18
-6
-22
-44
-30
-17
-7
38
14
-6
-7
-17
-30
3
17
-64
-35
-44
-68
-35
-28
-27
-26
-1
24
4
-33
-17
-29
14
-28
-20
-19
-36
6
-7
-35
6
-1
-18
-32
-1
18
-2
7
-15
-2
-19
-27
-13
10
0
26
24
-5
56
15
-5
-69
-18
10
-10
-19
-12
1
-5
14
15
43
-49
-7
-21
1
-11
-13
29
-30
-15
-20
-9
-17
6
49
37
28
-6
8
31
43
59
29
-31
18
5
12
-27
-33
12
45
14
6
69
25
12
19
44
65
36
30
46
32
12
39
8
20
39
-12
4
15
-5
1
5
17
26
1
-11
6
3
29
3
11
-25
-1
-36
-20
-6
-23
-5
-19
-12
-11
-18
-21
-74
-81
-62
-57
7
-31
-31
2
-35
-37
-60
-16
-5
-40
-16
-38
-4
5
13
-14
-8
10
50
41
18
40
51
32
21
62
13
26
40
34
52
75
64
74
60
44
19
49
51
23
1
5
-32
-28
-10
-19
-56
-15
4
-32
-19
-6
7
-9
21
-13
13
18
44
20
7
-7
-41
-23
-16
24
21
12
55
6
-10
14
-7
33
9
39
8
-24
-8
16
42
28
70
38
32
32
33
32
25
41
46
51
56
31
8
5
10
2
-25
3
16
-2
27
16
24
22
6
37
31
43
20
27
-1
31
18
10
58
-14
-22
-3
19
3
-28
10
19
14
51
1
23
7
-2
13
11
13
74
90
58
37
40
34
64
67
37
35
28
79
46
40
11
10
-15
2
24
27
64
56
49
30
38
15
3
-6
61
63
57
88
45
69
57
47
57
42
44
57
50
16
40
33
87
77
91
126
88
93
125
93
84
110
89
48
65
102
92
104
113
112
85
88
98
66
101
110
112
124
120
95
59
86
64
6
59
108
108
80
57
52
53
35
54
29
-8
9
77
117
75
64
107
75
77
75
70
67
70
125
102
41
24
91
74
96
85
67
83
59
47
37
68
61
29
40
72
32
23
41
28
46
63
81
97
85
70
87
75
57
64
73
52
58
83
76
36
66
55
37
79
53
84
53
51
62
74
42
45
47
45
72
62
99
81
38
62
83
79
107
56
71
79
27
60
59
22
31
3
32
-2
-26
19
8
7
-8
-10
3
6
8
28
-12
22
8
5
48
61
73
-7
42
47
37
48
40
49
58
72
19
-13
55
41
36
40
30
44
32
26
17
33
57
60
57
106
39
54
67
44
70
30
39
53
99
58
46
49
67
94
83
63
92
85
59
58
73
43
40
71
72
70
16
26
50
39
69
66
26
45
36
40
47
40
53
54
53
50
62
51
76
67
44
81
78
62
63
56
89
75
50
35
33
51
59
38
64
19
55
77
75
92
66
99
96
160
62
58
65
39
95
97
77
71
99
98
98
93
111
105
61
93
96
96
118
129
92
88
102
74
86
111
89
94
93
136
86
145
105
109
107
73
98
61
104
89
112
113
104
109
84
128
129
142
124
127
150
115
102
95
91
86
115
125
95
128
117
97
104
73
107
98
99
69
62
115
120
86
110
84
43
93
107
107
124
144
107
96
91
150
114
57
97
50
45
47
77
67
40
54
115
108
67
107
56
95
87
86
102
98
82
115
77
36
69
36
63
39
54
43
62
94
104
105
110
112
68
117
121
106
132
138
94
110
77
97
80
83
102
37
110
85
117
81
84
122
67
53
66
75
82
70
71
104
71
66
74
113
96
39
69
71
84
122
100
95
109
97
97
98
124
117
135
123
88
121
123
103
113
117
77
80
69
72
74
70
59
70
49
54
71
71
109
94
125
65
26
52
77
66
68
81
49
44
75
70
56
84
82
51
59
55
76
49
52
46
24
41
19
66
4
57
51
49
79
26
74
102
112
116
95
87
77
39
17
37
45
48
58
33
6
45
33
9
-33
-25
-10
33
16
42
34
41
46
11
-15
-17
-10
-26
-4
-24
22
7
-13
-37
-16
31
14
21
-10
-2
61
54
47
51
13
58
69
9
50
-4
-2
9
19
42
44
60
72
47
-5
-9
-22
-32
-35
-14
-20
-10
-31
-7
38
35
25
34
30
26
34
46
37
4
18
17
7
-15
7
-6
-35
-51
-12
-13
-15
24
17
-4
-38
-25
11
-11
-1
1
29
18
6
38
-29
2
-17
-43
-54
-56
-33
-40
-61
-62
-62
-19
-19
-65
-91
-29
-10
-17
-6
-34
-82
-65
-59
-70
-28
-30
-31
-60
-38
-84
-31
-38
-47
-13
-46
-31
-40
-65
-62
-48
-74
-50
-78
-67
-76
-94
-76
-94
-94
-133
-133
-128
-114
-112
-99
-117
-129
-100
-133
-126
-112
-86
-93
-102
-64
-69
-54
-57
-63
-13
-75
-66
-39
-10
-59
-58
-48
-85
-59
-68
-36
-33
-38
-68
-40
-14
5
-17
-54
-60
-47
-49
3
1
-27
-35
-26
8
-34
-45
-64
-36
-71
-74
-94
-74
-65
-106
-82
-123
-102
-99
-54
-95
-94
-54
-49
-64
-45
-31
-24
-21
-60
-22
-11
8
-9
-53
-15
-6
-24
29
45
81
29
25
24
3
8
8
31
4
-4
-6
27
18
-4
-10
-26
-11
5
-2
12
12
-9
-24
6
-22
-17
54
9
28
51
40
60
43
39
54
78
61
77
56
69
49
69
40
54
121
88
98
104
27
47
78
79
134
113
93
65
61
35
82
84
68
67
24
49
58
69
28
-12
26
21
-14
-12
18
-32
-8
-3
-5
-2
-2
-6
5
-23
-30
49
1
13
22
44
1
35
72
20
3
17
68
28
55
67
107
124
82
64
55
35
37
71
86
27
1
20
54
24
0
-11
-11
8
-18
14
18
36
11
-1
10
6
8
1
4
24
-10
34
59
52
24
29
101
49
42
27
33
25
9
11
23
-16
17
-12
-35
-4
-33
-1
-5
-13
23
48
51
53
52
45
51
42
24
45
32
-23
-7
9
-22
3
-25
-17
-18
-77
-46
-39
-78
-31
-54
-65
-50
-31
20
-40
-43
-30
28
-7
-41
-28
-12
-14
-17
-35
-40
-9
5
-6
-18
24
-14
-25
-17
-8
6
-31
-30
-69
-89
-62
-93
-82
-60
-52
-61
-28
-36
-59
-2
-45
-75
-39
-53
-39
-75
-59
-39
-82
-80
-66
1
3
-25
-28
-38
-8
-60
-52
-18
-44
-64
-78
-72
-124
-70
-100
-151
-54
-43
-43
-53
-51
-79
-29
-8
3
-15
-20
48
16
24
38
43
-5
64
32
16
1
-18
3
7
-15
-8
17
-47
-69
-76
-53
-20
-5
-14
-1
-13
25
46
55
75
13
21
61
25
0
-14
-8
37
43
-3
10
-12
0
-21
-33
-63
-93
-75
-76
-95
-72
-103
-100
-80
-62
-25
-59
-45
-91
10
-34
-78
-45
-64
-45
-73
-90
-124
-87
-78
-59
-60
-61
-62
-58
-64
-55
-84
-145
-129
-203
-158
-170
-186
-209
-185
-282
-276
-1319
-3057
-3342
-4024
-4581
-3969
-4136
-3597
-1361
-276
578
2671
2829
2105
2450
2083
816
-219
-695
-1628
-1979
-1352
-1463
-1460
-980
-1138
-1254
-866
-1181
-1660
-1689
-1728
-1331
-449
31
387
944
1437
1559
1268
1153
379
-807
-1149
-1610
-2308
-2402
-2571
-2491
-1873
-1206
-701
-475
-199
143
238
587
658
258
309
480
218
524
758
341
238
211
-190
-401
-302
-787
-1126
-667
-661
-604
10
173
351
871
765
851
1181
915
916
1168
877
919
1108
641
596
539
78
137
196
-199
-133
237
-92
242
753
272
125
290
33
124
404
236
33
195
536
770
863
996
1066
834
860
890
812
541
433
670
735
1154
1500
1327
1514
1964
1989
2131
2293
1863
1400
1231
950
578
297
-179
-506
-293
-248
-391
-236
-407
-714
-368
-445
-784
-685
-968
-1071
-618
-667
-838
-642
-970
-1201
-1172
-1561
-2083
-2462
-2791
-2739
-2422
-2254
-1937
-1557
-1146
-575
-194
-152
-145
-244
-487
-419
-434
-814
-878
-927
-951
-710
-655
-791
-850
-869
-883
-666
-441
-336
-209
1
448
569
759
1113
733
721
901
418
73
96
-386
-613
-145
-82
197
793
1255
1483
1683
2004
1626
848
567
170
-221
97
431
683
1662
2928
3778
5065
6542
7405
8515
10466
11244
11263
11532
10768
9596
8575
4346
-2344
-7520
-10895
-12613
-13556
-15840
-16172
-11555
-5718
-1567
1689
4895
7466
9205
9923
9872
9604
8362
6224
5256
6088
6058
4080
1215
-1237
-2573
-4269
-7670
-11146
-12912
-12844
-11671
-9437
-6053
-2394
1194
4704
8272
11228
12299
10938
8792
7485
6242
4197
1321
-1050
-2066
-2461
-3079
-4006
-4881
-5882
-7000
-7483
-6998
-6275
-5736
-4532
-2017
1573
4969
7169
8602
9664
9911
9072
7284
4734
830
-4089
-7824
-9736
-12158
-13709
-13948
-13831
-10974
-7433
-6010
-3400
-91
438
1667
4614
4606
3583
4099
3639
2515
2429
1049
-2090
-3577
-4853
-7316
-7991
-8152
-9318
-8546
-6128
-4335
-1973
643
1712
2744
4452
4865
4229
3788
2745
1375
951
778
-196
-837
-955
-1190
-774
40
348
1045
2434
3996
5919
8161
9704
11086
13106
14685
15367
15088
12946
9661
5721
1273
-3064
-7966
-12820
-15744
-16953
-15627
-12582
-9933
-6720
-2191
1997
5485
8037
9194
9592
9466
9324
9381
9021
7839
6272
5117
3955
1873
-936
-4262
-7849
-10563
-12221
-13091
-13022
-11888
-9562
-5959
-1608
2535
5839
8182
9806
10615
10585
9689
7797
5670
3806
2174
991
-335
-2037
-3551
-4756
-5900
-6935
-7950
-8691
-8766
-7809
-5762
-3252
-578
2220
4910
7415
9181
9779
9324
7920
6014
3732
1449
-897
-3078
-4851
-6023
-6717
-7512
-8483
-10214
-10986
-10786
-10683
-9298
-7419
-5609
-2084
1493
3883
6493
7407
6125
5361
3576
302
-2524
-5287
-7956
-9123
-8970
-8727
-7867
-6387
-5326
-4044
-2339
-1608
-1268
-637
-228
532
1679
2418
2743
3158
3204
2829
2181
999
-572
-1873
-2415
-2396
-1791
-623
856
2669
5102
7129
8519
9493
9828
10235
11422
12353
13686
15240
15838
16238
15848
12407
5146
-3518
-11289
-16583
-20305
-24206
-25770
-22160
-15011
-7282
378
6827
10815
13585
15083
15317
14000
10614
6987
5300
5526
5852
5291
4083
2318
423
-1895
-5383
-10008
-14718
-17907
-18588
-16486
-12811
-8592
-3319
2716
8785
13651
16236
16183
14055
11246
8321
5177
1849
-1347
-3383
-3815
-3419
-3139
-3474
-4624
-6117
-7207
-7906
-8474
-8764
-8064
-5876
-2135
2299
6371
9462
11416
12357
12103
10622
7648
3638
-383
-3670
-5798
-6962
-7666
-7833
-7454
-6903
-6690
-6990
-7612
-8416
-8815
-8378
-6899
-4546
-1890
1025
3985
6234
7257
6871
4941
2035
-1285
-4717
-7350
-9247
-10349
-10139
-8899
-7176
-5224
-3705
-2844
-2240
-1948
-1743
-1470
-960
-244
808
2334
3587
4385
4457
3717
2548
1222
-179
-1405
-2013
-2000
-1084
850
3063
5130
7064
8523
9789
10786
11288
11510
11878
12558
13983
16125
16374
14263
10791
5695
153
-5917
-13400
-19624
-22565
-23168
-20958
-15776
-9637
-3112
3284
8929
13255
15427
15145
13247
11099
9256
7336
5780
4772
3853
3354
2766
1326
-1168
-4806
-8898
-12413
-14819
-16003
-15809
-13833
-9947
-4595
1391
7085
11341
14047
15195
14701
12862
9770
5866
2356
-418
-2367
-3377
-3856
-4155
-4488
-4804
-5167
-5869
-6876
-7751
-7916
-6915
-4956
-2135
1158
4518
7618
10056
11390
11321
9853
7114
3888
555
-2491
-5180
-7048
-8350
-9795
-10866
-11028
-11159
-10870
-9946
-9625
-7937
-4697
-2413
497
3937
5130
6014
7049
5779
3760
1685
-1981
-5073
-6650
-8495
-9667
-9370
-8975
-8244
-6226
-4640
-3868
-2601
-1787
-1231
107
1179
1769
2631
3529
4056
4323
4046
3015
1776
531
-490
-969
-994
-638
310
2182
4352
6121
7842
9147
9923
10772
11362
11470
12144
13080
14348
15755
14455
11096
7286
2627
-2673
-9199
-16014
-20136
-21274
-20254
-16933
-11882
-6060
-145
5339
10294
13266
13850
12753
10948
9489
7989
6220
4807
3826
3087
2684
1731
-287
-3328
-6949
-10127
-12457
-13973
-14391
-13406
-10603
-6137
-1012
4203
8501
11255
12822
13266
12239
10021
6801
3496
857
-957
-2132
-2969
-3572
-4071
-4446
-4854
-5449
-6410
-7202
-7457
-6764
-5084
-2762
-12
2848
5578
7900
9454
9732
8642
6511
3854
1126
-1737
-4282
-7347
-9745
-10416
-11537
-11556
-10541
-10742
-9673
-7002
-5635
-3451
-167
736
1978
4432
4544
3824
3558
1687
-970
-2176
-4006
-6520
-7204
-7999
-8892
-7629
-6459
-6160
-4650
-3253
-2581
-1035
245
708
1332
2098
2405
2836
3189
2724
1994
1533
1026
239
93
-1
-122
917
2160
3134
4818
6083
6770
8107
9197
9812
10614
11229
11673
12552
13688
15236
14642
11991
8704
3620
-875
-5546
-12332
-17229
-19176
-19377
-16699
-12322
-7920
-2556
2732
7059
10733
12378
12092
10402
9046
8077
6564
5499
4320
3062
2686
1960
364
-1854
-5125
-8445
-10693
-12130
-12791
-12230
-10528
-7196
-2826
1886
6100
8883
10697
11342
10888
9712
7341
4349
1915
-28
-1197
-1867
-2665
-3354
-3943
-4423
-4766
-5402
-6077
-6535
-6172
-4854
-2928
-578
1825
4078
6042
7466
7855
7169
5361
2372
-789
-3682
-6575
-8822
-10050
-10806
-10494
-9127
-8022
-6597
-5043
-4090
-3209
-1973
-1098
-664
8
633
880
1024
1008
190
-866
-2029
-3614
-4983
-5893
-6936
-7283
-6726
-5852
-4581
-3006
-1628
-615
486
1046
1172
1212
1041
655
594
766
883
1115
1347
1458
1921
2103
1997
2302
2471
2959
4073
5108
6000
7676
8799
9550
10832
11134
11206
11616
11575
11848
13075
12357
10004
6630
1578
-2957
-7341
-12251
-15794
-17360
-17185
-14538
-9629
-4513
179
4364
8049
10636
11875
11498
9699
7936
6227
4802
4083
3279
2140
1241
377
-783
-2675
-5180
-7784
-9975
-10976
-10831
-9677
-7632
-4762
-1235
2732
6319
8689
9823
9738
8817
7406
5368
3097
856
-1008
-1992
-2452
-2692
-2992
-3597
-4095
-4423
-4714
-4927
-5024
-4616
-3605
-1844
398
2361
3996
5150
5564
5265
4071
1781
-870
-3464
-5836
-7377
-8155
-8617
-8398
-7752
-6688
-5507
-4652
-4064
-3660
-3188
-2651
-2073
-1442
-893
-458
55
476
247
-495
-1477
-2804
-3997
-4967
-5669
-5965
-5675
-5074
-4017
-2521
-1539
-826
-190
-51
-92
15
-153
-261
130
717
1521
2387
2814
3009
3231
3159
3084
2896
2576
2752
3550
4207
5468
6798
7487
8385
9676
10274
10935
11222
10829
11228
12620
12856
10923
8029
3379
-1441
-5257
-9673
-13553
-15445
-16053
-14602
-10019
-5154
-1083
3109
6267
8871
10564
10579
9267
7483
5894
4612
4054
3613
2428
1275
475
-607
-2068
-4118
-6701
-8903
-9923
-9887
-8770
-6731
-4442
-1510
1972
5321
7592
8602
8477
7376
6092
4513
2506
592
-989
-2028
-2307
-2243
-2460
-2978
-3594
-4166
-4498
-4605
-4677
-4562
-3682
-2270
-390
1665
2812
3314
3653
2826
1517
337
-2112
-4139
-5122
-6460
-6873
-6257
-6268
-6101
-4998
-4539
-4571
-4079
-4078
-4258
-3719
-2969
-2649
-1785
-961
-858
-297
-151
-968
-1718
-2502
-3594
-4212
-4335
-4440
-4166
-3477
-2635
-1773
-983
-475
-498
-470
-640
-868
-710
-461
67
970
1857
2572
3264
3504
3358
3452
3252
3116
3439
3878
4644
6139
7616
8589
9451
9765
9502
8909
8920
8449
7836
8810
9744
8938
8128
6115
2066
-1064
-4722
-9376
-11669
-12598
-12971
-10700
-6657
-2879
1181
4906
7387
8932
9504
8431
6703
5326
3446
2076
1781
1309
779
748
332
-687
-1886
-3779
-5677
-7029
-8017
-8083
-6964
-5113
-2760
17
2978
5284
6743
7454
6914
5718
4174
2197
358
-878
-1991
-2348
-2221
-2196
-2064
-2084
-2410
-2843
-3201
-3762
-4105
-3745
-3101
-2374
-1028
363
898
1564
1761
741
88
-758
-2667
-3791
-4422
-5609
-5650
-5040
-5143
-5167
-4578
-4363
-4664
-4310
-4321
-4748
-4119
-3296
-3040
-2060
-1065
-1073
-660
-430
-1097
-1845
-2431
-3262
-3831
-3672
-3554
-3360
-2554
-1818
-1330
-574
-251
-465
-434
-489
-405
219
918
1446
2066
2569
2949
3268
3364
3224
3210
3179
3736
4362
5103
6373
7284
8191
8898
9287
9088
8905
8548
8513
8696
9226
9874
8833
7501
4980
1042
-2259
-6113
-9942
-12026
-12498
-11728
-9081
-5309
-1503
2340
5354
7684
8710
8740
7620
5948
4607
3136
2054
1606
1111
757
555
-93
-1037
-2518
-4248
-5871
-6970
-7419
-7091
-5724
-3964
-1547
997
3504
5356
6234
6372
5682
4349
2919
1258
-357
-1429
-2154
-2382
-2222
-2011
-1933
-2066
-2385
-2737
-3149
-3347
-3382
-3316
-2657
-1665
-712
332
821
895
623
-20
-718
-2108
-3369
-4005
-4785
-4977
-4570
-4431
-4387
-4289
-4120
-4176
-4519
-4556
-4678
-4860
-4122
-3463
-2924
-1857
-1425
-1221
-838
-1034
-1555
-2125
-2750
-3201
-3343
-3039
-2848
-2420
-1922
-1567
-1230
-989
-1023
-1202
-1199
-966
-341
475
1419
2092
2596
2989
2984
2851
2663
2344
2279
2861
3436
4691
6314
7470
8520
9458
9282
8585
8275
7193
6174
6370
6336
7091
9779
9648
8011
7074
3565
-45
-2867
-7586
-10905
-11535
-11732
-9798
-5711
-2146
1147
4466
7113
8258
8431
7398
5140
3744
2636
1321
1177
1098
500
855
866
87
-1055
-2819
-4756
-6014
-6572
-6644
-5805
-4366
-2232
207
2888
4829
5634
5910
5248
4071
2826
1059
-515
-1450
-2168
-2025
-1617
-1400
-1243
-1375
-1610
-2000
-2494
-3004
-3429
-3538
-3009
-2138
-1094
-137
230
578
572
77
-581
-1907
-3348
-3978
-4410
-4834
-4357
-3853
-3886
-3591
-3082
-3238
-3639
-3681
-4240
-4524
-3875
-3557
-3208
-2403
-2001
-1707
-1276
-1262
-1874
-2326
-2693
-3097
-3085
-2733
-2547
-2215
-1531
-1050
-698
-513
-675
-1082
-1196
-1133
-879
-236
612
1330
2246
2809
2979
3132
2891
2534
2507
2651
3064
3859
4867
6096
7193
7952
8560
8353
8209
7879
6934
6667
6542
6894
8682
9773
8761
7755
5186
1829
-881
-4783
-8768
-10734
-11495
-10749
-7670
-4059
-1150
1944
4794
6852
7965
7709
6073
4594
3440
2258
1814
1544
851
418
623
273
-533
-1980
-3900
-5363
-6174
-6356
-5795
-4775
-3326
-1229
1174
3491
4646
5112
4878
4003
3168
1945
379
-772
-1574
-1911
-1611
-1256
-1240
-1378
-1637
-1968
-2244
-2591
-3066
-3278
-3052
-2399
-1480
-559
174
122
74
175
-499
-1282
-2161
-3348
-4035
-4079
-4131
-3968
-3632
-3544
-3426
-3256
-3246
-3742
-4277
-4223
-4469
-4184
-3238
-2801
-2345
-1534
-1192
-1192
-1159
-1692
-2516
-2940
-3171
-3428
-3101
-2773
-2598
-1885
-1190
-881
-590
-430
-613
-573
-242
175
781
1547
2040
2400
2708
2686
2358
2003
1825
1656
2027
2773
3650
4958
6576
7950
9065
9573
9121
8259
7820
7239
6896
7126
7482
7966
7842
6902
5079
2536
-390
-3946
-7356
-9457
-10300
-10157
-8337
-5416
-2224
1122
3965
6348
7569
7485
6765
5561
4210
2709
1574
1003
487
76
41
-191
-891
-2005
-3264
-4364
-5309
-5808
-5633
-4801
-3446
-1499
661
2664
4141
4937
5035
4465
3407
2130
656
-661
-1466
-1886
-1934
-1791
-1578
-1357
-1372
-1479
-1741
-2235
-2517
-2678
-2552
-2233
-1623
-929
-211
173
224
331
-91
-822
-1651
-2754
-3537
-3793
-4161
-4092
-3587
-3409
-3071
-2729
-2745
-2952
-3256
-3510
-3751
-3658
-3407
-3207
-2703
-2102
-1848
-1631
-1495
-1883
-2203
-2601
-2896
-2921
-2892
-2625
-2207
-1721
-1169
-789
-533
-366
-543
-560
-423
-113
474
1145
1755
2231
2524
2531
2472
2211
2035
2068
2277
2830
3846
4966
6078
7228
7916
8364
8536
8092
7662
7423
7151
7253
8071
8557
7990
6928
5211
2662
-61
-3371
-7030
-9088
-9726
-9779
-8108
-5271
-2601
353
3366
5579
6851
7135
6430
5476
4516
3306
2228
1658
1040
509
420
67
-829
-1865
-3117
-4248
-4916
-5346
-5240
-4363
-3139
-1482
640
2545
3836
4620
4846
4465
3729
2544
1142
-87
-956
-1544
-1738
-1605
-1578
-1510
-1423
-1539
-1678
-1835
-2078
-2233
-2105
-1773
-1238
-504
16
524
753
307
97
-389
-1449
-2074
-2690
-3515
-3419
-3211
-3664
-3145
-2651
-2885
-2344
-2070
-2865
-2842
-2623
-3425
-3087
-2368
-2830
-2508
-1506
-1697
-1596
-1044
-1795
-2265
-2062
-2468
-2662
-2150
-2160
-2107
-1289
-1008
-1005
-562
-546
-686
-407
-111
150
795
1327
1588
2076
2145
2115
2295
2177
2187
2576
2931
3556
4604
5456
5988
6485
6880
6923
7024
6902
6679
6618
6863
7488
8541
8962
8074
6783
4799
2357
-387
-3662
-6687
-8487
-9139
-8468
-6371
-3919
-1448
1146
3488
5351
6213
6053
5270
4303
3493
2756
2310
1859
1389
1146
1036
607
-240
-1539
-2967
-4115
-4883
-5095
-4810
-4060
-2855
-1136
818
2569
3643
4158
4142
3647
3014
2025
892
-162
-823
-1017
-961
-784
-662
-763
-1038
-1278
-1552
-1887
-2228
-2438
-2396
-1933
-1244
-473
157
592
791
649
539
-125
-1016
-1608
-2359
-2810
-2788
-2965
-3000
-2689
-2557
-2419
-2190
-2220
-2431
-2563
-2564
-2573
-2522
-2364
-2309
-2175
-1909
-1769
-1762
-1750
-1906
-2055
-2110
-2060
-1987
-1861
-1742
-1622
-1324
-1143
-1014
-1019
-994
-951
-826
-505
-59
519
1295
1930
2207
2462
2367
2179
2150
2021
2107
2454
3069
3846
4626
5347
5718
5915
6071
5983
5756
5714
5774
5910
6777
7866
8628
8487
7478
5775
3777
1778
-802
-3798
-6019
-7268
-7559
-6494
-4833
-3187
-1272
762
2633
4135
4814
4615
4028
3528
3154
2839
2479
1874
1296
1082
761
307
-507
-1816
-2921
-3637
-3972
-3910
-3608
-3098
-2028
-635
879
2213
2925
3148
3003
2789
2395
1641
781
30
-443
-551
-486
-554
-783
-1104
-1397
-1530
-1634
-1946
-2210
-2221
-2098
-1562
-881
-358
-40
237
187
-136
-179
-826
-1615
-1901
-2445
-2887
-2614
-2655
-2824
-2504
-2334
-2395
-2170
-2072
-2240
-2554
-2561
-2602
-2822
-2531
-2311
-2487
-2092
-1673
-1789
-1530
-1277
-1598
-1734
-1523
-1719
-1827
-1579
-1631
-1548
-1144
-978
-841
-526
-314
-118
430
858
1255
1588
1652
1764
1807
1859
2002
2231
2565
3024
3675
4184
4633
4999
5121
5217
5194
5209
5303
5396
5897
6496
7157
8077
7966
6845
5568
3544
1235
-712
-3285
-5583
-6446
-6597
-5990
-4250
-2487
-1011
761
2428
3408
4090
3961
3274
2844
2496
2147
2038
1766
1220
1008
861
374
-405
-1397
-2551
-3269
-3587
-3675
-3278
-2592
-1802
-654
718
1691
2307
2535
2304
2012
1739
1179
494
30
-286
-436
-334
-281
-496
-726
-1009
-1338
-1605
-1886
-2163
-2335
-2089
-1735
-1198
-609
-185
-93
-54
35
-310
-804
-1182
-1689
-2085
-2094
-2332
-2550
-2194
-2256
-2508
-2353
-2303
-2569
-2570
-2544
-2661
-2449
-2276
-2198
-1967
-1807
-1913
-1794
-1807
-2118
-2124
-2105
-2142
-1958
-1735
-1557
-1276
-1065
-1022
-993
-1046
-1248
-1243
-1127
-1082
-699
-253
299
882
1341
1564
1666
1646
1467
1480
1629
1841
2330
3049
3689
4472
5136
5316
5547
5689
5429
5269
5173
4861
5193
5787
6297
6677
6378
5375
3964
2415
484
-1697
-3810
-5263
-5906
-5669
-4544
-3080
-1434
151
1694
3063
3646
3604
3136
2507
1919
1476
1232
944
663
464
518
405
-50
-794
-1649
-2436
-2892
-3121
-3006
-2598
-2007
-1044
33
1097
1797
2078
2081
1771
1328
826
236
-309
-702
-869
-755
-638
-630
-678
-985
-1184
-1346
-1587
-1751
-2007
-2065
-1698
-1279
-746
-184
77
166
-51
-365
-754
-1244
-1761
-2204
-2450
-2262
-2123
-2078
-1898
-1896
-2018
-2115
-2285
-2473
-2604
-2807
-2601
-2238
-2055
-1749
-1517
-1500
-1559
-1613
-1810
-2130
-2275
-2421
-2414
-2087
-1852
-1657
-1299
-1046
-1006
-837
-961
-1222
-1376
-1534
-1490
-1255
-953
-557
22
576
1158
1525
1608
1558
1480
1442
1589
1958
2320
2880
3572
4258
4901
5366
5508
5307
5119
4690
4337
4389
4524
4783
5196
5216
4912
4517
3513
2037
283
-1561
-3292
-4491
-4896
-5003
-4218
-2878
-1599
93
1558
2467
3047
3177
2715
2373
1831
1199
888
587
401
278
262
2
-463
-954
-1648
-2241
-2663
-2978
-2917
-2574
-2023
-1167
-114
718
1312
1742
1841
1708
1295
810
296
-148
-524
-700
-754
-773
-877
-942
-1065
-1262
-1479
-1701
-1904
-2034
-1960
-1654
-1250
-800
-360
18
89
-141
-278
-645
-1140
-1430
-1822
-2107
-2007
-2000
-2085
-1873
-1884
-2113
-2133
-2173
-2385
-2443
-2412
-2382
-2090
-1842
-1647
-1437
-1271
-1343
-1368
-1336
-1531
-1761
-1841
-1911
-1841
-1578
-1491
-1432
-1310
-1288
-1250
-1289
-1417
-1520
-1566
-1434
-1191
-884
-510
-29
416
897
1246
1393
1398
1366
1284
1174
1354
1634
2067
2598
3306
4064
4772
5332
5538
5518
5346
5141
4934
4778
4693
4344
4016
3605
2967
2245
1130
-310
-1481
-2374
-3269
-3595
-3524
-3237
-2400
-1396
-248
877
1651
2120
2398
2474
2309
1888
1428
917
508
192
-51
-210
-472
-899
-1192
-1419
-1736
-1980
-2151
-2107
-1871
-1453
-870
-213
361
881
1239
1473
1440
1156
754
299
-140
-476
-669
-856
-995
-1030
-1033
-1037
-1043
-1133
-1336
-1402
-1420
-1334
-1147
-987
-735
-409
-309
-291
-205
-467
-742
-891
-1261
-1478
-1582
-1799
-1899
-1889
-1987
-2151
-2105
-2133
-2240
-2210
-2063
-1964
-1892
-1663
-1397
-1341
-1227
-1047
-1147
-1126
-1120
-1336
-1338
-1344
-1512
-1487
-1381
-1442
-1420
-1341
-1272
-1255
-1242
-1185
-1181
-1098
-1052
-1036
-881
-772
-626
-307
-40
197
493
778
922
1059
1147
1198
1348
1539
1806
2188
2731
3353
3918
4494
4972
5189
5345
5525
5589
5521
5090
4307
3432
2499
1604
715
-353
-1434
-2127
-2572
-2730
-2459
-2288
-2057
-1406
-626
145
912
1383
1541
1805
1956
1978
1829
1431
972
458
121
-275
-658
-1098
-1673
-1883
-1890
-1868
-1819
-1728
-1552
-1188
-712
-311
63
323
484
608
820
847
681
470
167
-123
-302
-506
-821
-1147
-1311
-1469
-1437
-1330
-1244
-1199
-989
-828
-820
-569
-557
-618
-589
-553
-605
-537
-636
-893
-896
-915
-1123
-1276
-1390
-1672
-1919
-1938
-2003
-1951
-1844
-1862
-1724
-1519
-1456
-1318
-1145
-1172
-1136
-1021
-1001
-947
-885
-923
-888
-692
-738
-806
-818
-927
-965
-987
-1037
-1026
-1001
-983
-926
-800
-715
-693
-534
-484
-394
-172
-46
137
317
461
646
812
926
982
1112
1321
1530
1770
2020
2200
2462
2831
3083
3408
3761
4007
4473
4760
4973
5234
4984
4215
3436
2485
1284
126
-1161
-2104
-2499
-2759
-2596
-2068
-1459
-846
-168
512
1047
1304
1432
1448
1484
1549
1444
1422
1262
895
606
315
-215
-847
-1398
-1929
-2270
-2392
-2397
-2148
-1901
-1533
-1017
-474
-44
178
341
257
194
158
-41
-206
-382
-508
-684
-739
-886
-1121
-1325
-1556
-1665
-1689
-1639
-1568
-1350
-1059
-781
-470
-300
-212
-258
-427
-591
-783
-962
-1067
-1178
-1244
-1207
-1181
-1247
-1337
-1451
-1544
-1591
-1570
-1581
-1523
-1363
-1171
-901
-666
-545
-423
-309
-409
-473
-567
-721
-799
-805
-720
-556
-415
-248
-117
-70
-86
-117
-252
-315
-345
-385
-293
-203
14
214
435
652
751
887
916
933
915
906
946
1032
1249
1490
1700
1942
2201
2309
2420
2468
2476
2486
2562
2623
2765
2926
2998
2937
2654
2342
1758
1009
340
-339
-734
-976
-1108
-901
-587
-195
207
469
711
770
728
775
753
626
645
646
558
547
444
242
19
-377
-787
-1114
-1388
-1558
-1626
-1562
-1391
-1223
-961
-726
-579
-494
-476
-551
-623
-586
-681
-683
-688
-649
-695
-755
-838
-1038
-1165
-1324
-1454
-1534
-1525
-1484
-1350
-1135
-979
-859
-815
-780
-892
-1010
-1030
-1176
-1284
-1265
-1240
-1157
-1014
-941
-867
-845
-853
-918
-976
-1106
-1163
-1148
-1134
-1051
-942
-806
-632
-542
-427
-342
-244
-155
-111
-16
92
201
328
539
686
803
834
933
944
1015
1033
1030
1147
1264
1403
1664
1927
2086
2238
2465
2634
2835
3051
3030
3121
3303
3344
3145
3035
2654
1926
1423
835
214
-142
-513
-874
-692
-425
-258
154
449
527
732
869
803
882
854
680
703
749
705
685
578
286
113
-81
-493
-784
-1006
-1275
-1351
-1229
-1124
-940
-704
-539
-321
-208
-218
-260
-420
-546
-583
-649
-718
-768
-803
-819
-914
-920
-981
-1182
-1282
-1362
-1452
-1371
-1280
-1220
-1080
-971
-861
-737
-759
-856
-985
-1166
-1203
-1288
-1342
-1309
-1299
-1209
-1103
-1024
-960
-984
-1071
-1075
-1127
-1073
-1068
-1046
-916
-810
-755
-618
-560
-569
-542
-596
-581
-559
-567
-505
-385
-287
-202
-74
14
38
57
79
86
182
253
461
715
992
1252
1499
1690
1753
1843
1741
1760
1803
1707
1780
1846
1894
1994
2067
2084
2163
2210
2132
2078
1970
1719
1439
1239
898
785
677
537
547
523
534
573
660
660
684
679
631
601
561
569
555
528
445
472
515
410
339
237
86
18
-130
-264
-350
-415
-517
-543
-488
-514
-468
-396
-412
-380
-346
-370
-443
-522
-708
-830
-860
-923
-947
-976
-1049
-973
-946
-980
-1012
-1056
-1162
-1238
-1254
-1359
-1349
-1345
-1406
-1385
-1340
-1351
-1349
-1325
-1331
-1374
-1306
-1253
-1187
-1076
-1026
-1049
-952
-911
-895
-894
-911
-946
-890
-847
-793
-704
-598
-455
-266
-57
96
228
291
325
328
295
228
153
122
110
183
275
377
564
716
988
1206
1372
1568
1752
1810
1815
1894
1827
1822
1772
1702
1608
1592
1590
1587
1557
1521
1504
1612
1653
1640
1583
1623
1642
1466
1450
1242
1074
959
816
636
555
463
423
542
572
549
510
376
262
157
85
17
40
48
33
140
174
151
95
9
-210
-294
-334
-502
-617
-691
-695
-599
-527
-481
-417
-425
-493
-554
-609
-742
-903
-967
-1096
-1158
-1185
-1175
-1223
-1159
-1076
-1088
-1001
-1039
-978
-977
-1060
-1144
-1128
-1164
-1236
-1271
-1348
-1364
-1395
-1369
-1399
-1387
-1320
-1236
-1088
-982
-891
-814
-732
-664
-551
-527
-512
-475
-413
-373
-335
-295
-239
-139
-85
-46
34
65
28
9
68
163
323
510
712
883
1122
1326
1407
1421
1327
1280
1195
1155
1045
1043
1016
962
1017
1111
1276
1369
1533
1594
1663
1846
1953
2002
1968
1902
1788
1727
1588
1390
1226
933
769
593
438
336
240
203
195
224
305
323
429
493
541
610
596
556
486
398
278
287
210
-13
-150
-189
-294
-372
-440
-603
-717
-749
-771
-757
-713
-695
-726
-701
-621
-584
-628
-672
-767
-876
-891
-941
-1075
-1139
-1200
-1233
-1091
-1030
-983
-973
-966
-949
-919
-905
-951
-1011
-1015
-1020
-985
-877
-908
-911
-889
-816
-781
-790
-813
-822
-806
-710
-680
-549
-471
-417
-379
-300
-185
-91
14
69
80
131
206
182
303
321
410
518
622
764
804
933
948
970
1034
1057
1019
996
971
961
973
985
1044
1046
1078
1160
1244
1276
1395
1444
1509
1552
1585
1502
1455
1359
1116
947
806
655
531
490
306
228
239
160
170
254
329
415
590
672
703
765
719
556
397
221
10
-27
-89
-186
-156
-127
-130
12
107
47
35
27
-130
-183
-159
-329
-393
-295
-397
-459
-350
-500
-599
-642
-882
-930
-883
-956
-958
-794
-749
-687
-553
-535
-593
-689
-761
-953
-1069
-1140
-1253
-1213
-1166
-1089
-923
-792
-703
-629
-598
-606
-626
-616
-656
-672
-637
-592
-480
-397
-317
-215
-174
-122
-141
-132
-144
-123
-75
-1
82
145
192
269
323
361
391
415
466
494
559
624
667
679
716
794
825
813
799
804
847
853
879
954
996
1003
1088
1124
1014
1001
927
920
908
917
902
814
714
684
653
599
519
361
300
303
282
221
255
220
298
324
291
273
274
278
205
244
190
153
170
137
60
118
52
-22
-68
-204
-260
-214
-194
-192
-136
-64
-27
-19
-21
-94
-159
-314
-465
-541
-515
-595
-604
-569
-481
-437
-407
-397
-389
-445
-539
-586
-655
-721
-762
-748
-695
-648
-626
-575
-555
-559
-611
-613
-698
-737
-773
-790
-701
-637
-500
-382
-305
-212
-128
-82
-58
-25
-57
-55
-121
-172
-110
-68
16
70
162
242
340
417
464
564
580
602
683
673
651
646
603
477
429
318
241
215
202
252
360
465
539
689
763
879
917
936
863
768
673
639
583
474
491
432
444
437
448
452
397
329
264
258
336
361
460
538
532
593
598
458
377
273
102
82
128
25
-35
9
-17
-11
3
-14
-23
-33
-34
-73
-26
5
-32
-40
-39
-64
-59
-43
-133
-123
-227
-270
-251
-264
-234
-275
-283
-261
-272
-245
-231
-253
-227
-249
-235
-170
-208
-229
-242
-265
-280
-241
-279
-250
-218
-198
-175
-189
-187
-190
-201
-217
-172
-167
-111
-92
-35
40
-7
56
29
16
14
6
22
-38
9
70
150
259
272
300
324
323
286
306
313
285
301
263
284
328
305
299
315
279
362
411
418
439
423
457
458
507
430
289
217
145
126
144
153
181
204
221
306
278
260
292
248
216
257
283
312
332
292
276
279
214
204
190
51
-18
-93
-185
-157
-153
-204
-133
-46
-1
115
177
256
280
212
142
113
46
-91
-148
-246
-309
-290
-215
-220
-218
-178
-207
-186
-146
-140
-158
-222
-252
-200
-160
-165
-166
-189
-176
-202
-218
-264
-342
-414
-538
-498
-417
-332
-322
-292
-222
-177
-114
-109
-101
-115
-125
-67
-37
-69
-104
-161
-153
-120
-102
-74
-92
-123
-134
-181
-78
-55
-108
-133
-145
-70
-73
-120
-123
-138
-146
-86
-16
-12
-13
-5
-61
-14
13
41
-8
1
-41
-20
118
135
135
181
95
45
49
19
-14
-48
-46
47
163
217
283
261
224
184
199
109
-12
-105
-115
-141
-70
23
38
80
168
237
281
276
173
115
68
-31
-107
-85
-69
-73
-64
5
-6
-8
-3
-93
-122
-183
-196
-162
-126
-141
-138
-90
-130
-138
-117
-158
-228
-197
-232
-238
-221
-243
-211
-183
-113
-92
-113
-130
-162
-197
-263
-306
-310
-299
-320
-290
-213
-155
-61
-75
-102
-174
-209
-330
-345
-353
-375
-272
-191
-115
2
50
20
-19
-69
-100
-171
-169
-177
-106
-75
6
52
78
106
32
-22
-23
-16
-43
-30
-26
-17
-26
0
-24
-42
-119
-165
-188
-194
-108
-52
62
203
274
330
310
215
169
72
-31
-40
-45
-44
-6
27
94
114
97
36
3
0
-32
-23
-17
2
77
123
142
147
116
24
-57
-53
-74
-62
-19
6
23
69
108
113
114
88
2
16
37
-31
-95
-105
-74
-97
-90
-60
-52
-16
3
41
6
-26
9
5
-23
-57
-67
-123
-109
-42
11
14
-20
-11
14
30
-22
-30
-60
-98
-87
-97
-124
-107
-118
-104
-118
-142
-116
-142
-160
-129
-112
-119
-72
-60
-26
18
43
22
5
31
-8
-5
-17
-61
-43
-37
-24
-5
38
76
103
126
113
173
124
132
159
161
172
127
120
122
114
89
113
97
65
110
160
188
234
223
210
202
173
100
49
33
1
1
36
17
57
59
46
100
82
104
86
92
97
135
118
129
150
102
69
124
112
62
-1
-46
-53
-59
-50
-47
4
34
27
38
58
40
24
-5
-38
-76
-61
-110
-122
-59
-95
-66
-64
-78
-87
-51
-74
-23
37
25
50
53
45
-12
-53
-47
-34
-106
-104
-144
-165
-166
-158
-158
-158
-107
-114
-126
-87
-65
-47
-10
1
14
26
28
-1
8
27
1
8
-12
-15
-36
-63
-73
-53
-14
-31
-32
-38
-60
-104
-45
-38
-25
-21
-29
-28
-26
-39
-32
8
-24
7
6
-16
16
46
45
56
32
19
-33
-24
-41
-36
-60
-24
3
1
47
60
77
16
12
-9
-65
-108
-124
-148
-117
-61
-57
-30
-14
-32
36
10
8
29
35
50
34
84
107
75
32
56
35
-24
-65
-60
-120
-163
-169
-184
-161
-140
-140
-75
-97
-79
-66
-60
-52
-96
-127
-123
-128
-117
-128
-195
-138
-135
-116
-110
-113
-114
-109
-93
-123
-117
-99
-100
-63
-53
-67
-71
-84
-108
-144
-149
-128
-161
-201
-191
-193
-153
-161
-132
-97
-85
-53
-42
-23
-30
-24
15
-16
-16
-3
-5
-21
-47
-28
-54
-32
-8
2
-29
-43
-38
-16
22
25
7
65
69
80
63
100
57
36
84
77
109
90
87
48
102
93
96
43
31
51
-2
11
10
-2
-38
-13
41
-6
-32
-2
-14
31
25
67
32
67
56
74
48
2
-8
-37
-71
-75
-88
-116
-75
-101
-69
-56
-9
14
46
43
27
74
8
-61
-72
-87
-89
-110
-93
-62
-75
-85
-67
-98
-71
-80
-81
-82
-101
-89
-61
-40
-68
-122
-95
-97
-143
-87
-137
-197
-201
-190
-215
-220
-198
-156
-124
-125
-94
-102
-103
-75
-84
-121
-89
-59
-23
-105
-80
-45
-59
-35
-14
-7
-21
-26
-78
-12
-10
-53
-8
23
41
70
72
49
36
22
13
13
2
57
92
57
47
62
59
91
58
43
82
-6
4
13
-10
-53
-65
-37
-55
-34
-34
-7
-21
-62
-78
-63
-46
-52
-29
17
-45
-13
-2
-34
-31
-78
-89
-119
-130
-119
-147
-106
-90
-61
-90
-43
-5
-37
-50
-96
-99
-67
-70
-73
-122
-123
-128
-123
-162
-183
-144
-181
-204
-209
-162
-175
-177
-147
-146
-117
-112
-89
-84
-157
-154
-212
-237
-187
-233
-247
-202
-205
-200
-149
-127
-112
-131
-168
-155
-169
-194
-209
-210
-165
-162
-129
-143
-156
-146
-204
-185
-149
-196
-170
-143
-139
-92
-72
-73
-92
-93
-85
-126
-144
-116
-106
-118
-123
-98
-96
-75
-91
-80
-89
-110
-104
-107
-95
-82
-102
-73
-62
-106
-143
-109
-108
-95
-94
-105
-122
-74
-79
-78
-99
-68
-33
-46
8
-82
-86
-81
-118
-110
-131
-106
-99
-124
-145
-160
-152
-162
-172
-142
-115
-128
-131
-118
-125
-166
-137
-117
-164
-125
-117
-137
-134
-129
-133
-168
-171
-157
-136
-102
-140
-184
-172
-170
-142
-167
-165
-203
-179
-162
-215
-220
-168
-159
-139
-118
-149
-157
-192
-116
-119
-108
-111
-164
-114
-86
-147
-117
-102
-130
-154
-178
-166
-194
-163
-144
-124
-135
-136
-108
-100
-136
-96
-38
-93
-125
-74
-98
-115
-118
-86
-76
-105
-62
-79
-54
-86
-61
-33
-45
22
15
47
58
49
35
32
7
-1
-33
-34
6
-11
34
42
-5
-31
-23
-30
-16
-12
3
2
-10
4
-31
-13
10
-30
-25
-35
-5
-48
-55
-40
-24
-48
-66
-17
-31
-38
-44
-8
-42
-50
-52
-43
-62
-100
-99
-71
-96
-111
-114
-113
-91
-151
-133
-150
-151
-146
-131
-79
-108
-79
-76
-48
-72
-128
-145
-103
-107
-138
-142
-146
-141
-139
-144
-158
-145
-172
-204
-193
-176
-150
-177
-190
-124
-142
-83
-94
-124
-63
-107
-79
-123
-142
-119
-155
-95
-63
-71
-70
-81
-96
-86
-62
-54
-84
-60
-30
-48
-19
11
-32
-51
6
33
4
34
21
31
33
21
-3
-15
24
23
39
32
17
-8
14
39
49
35
42
58
23
38
28
22
26
-3
-19
12
4
-42
3
-40
-34
-34
-46
-26
-44
-49
-22
12
-39
-58
-31
-8
3
-42
-45
-39
-47
-36
-47
-30
-60
-75
-65
-96
-99
-64
-50
-32
-33
-102
-76
-38
-20
-51
-53
-37
-40
-43
-54
-79
-57
-28
-58
-91
-110
-126
-135
-159
-137
-124
-124
-95
-69
-60
-73
-37
-98
-96
-70
-88
-107
-97
-82
-85
-101
-155
-123
-122
-129
-85
-84
-70
-82
-84
-53
-46
7
28
14
-23
-14
20
-18
-14
8
31
29
-6
24
3
13
23
-11
9
48
30
44
37
28
45
40
39
28
43
20
57
32
20
59
37
50
-5
-33
-52
-24
-8
-27
-50
-4
-40
-77
-37
-26
-47
-22
29
-38
1
10
25
-10
-20
-39
-65
-19
-34
-44
11
10
-18
14
31
37
31
31
54
-4
30
34
9
-51
4
5
-55
-31
-56
-74
-70
-39
-105
-96
-75
-56
-33
-31
-62
-37
-55
-57
-52
-84
-54
-24
-57
-64
-86
-86
-106
-119
-125
-161
-124
-150
-131
-166
-125
-86
-93
-66
-68
-59
-79
-72
-3
-11
-41
-25
-34
-9
-68
-93
-49
-52
-51
-53
-51
-47
-48
-54
-67
-6
-13
14
-15
-28
-37
-3
37
-5
36
14
23
6
47
73
43
23
9
-4
-36
25
26
6
-6
21
50
74
40
57
44
16
63
20
-5
49
29
-22
-22
2
-20
-37
9
4
-2
29
21
35
51
31
66
75
94
104
105
82
86
36
26
12
-49
-67
-94
-65
-73
-53
-72
-117
-51
-72
-70
-26
0
25
3
16
2
-3
48
29
25
31
22
-22
-31
-1
-35
-53
-7
8
-5
6
-5
4
6
-9
10
19
43
-14
-17
21
4
-15
7
31
-6
-9
18
24
2
30
46
80
143
132
158
116
137
160
111
129
84
87
75
79
84
39
20
12
25
8
36
10
1
47
46
66
67
128
122
87
104
147
174
143
131
100
112
129
148
82
76
79
31
30
68
38
65
84
70
90
57
44
31
75
72
46
82
64
62
69
60
67
28
29
1
-12
20
18
54
72
20
39
41
26
38
39
26
21
61
63
39
14
28
48
37
8
16
-6
-5
-4
-6
25
27
12
30
75
50
53
61
33
37
80
73
41
7
11
28
9
-29
-16
12
25
9
4
8
16
41
46
63
109
79
109
118
117
136
102
120
106
101
87
96
78
37
69
94
91
94
72
68
72
30
24
12
56
70
84
63
78
86
67
50
29
20
40
44
29
76
49
59
56
60
59
17
34
84
60
39
36
48
78
46
63
41
34
-11
-27
-60
-36
-33
-42
0
2
-28
-9
13
-46
-21
-27
-12
-30
-55
28
-24
-36
-12
-33
-61
-46
-71
-91
-49
-61
-64
-77
-123
-121
-93
-97
-76
-46
-45
-24
-5
5
22
19
-3
12
-27
-41
-39
-77
-97
-99
-117
-100
-126
-108
-122
-104
-81
-98
-138
-142
-107
-111
-82
-25
-32
-30
-32
-27
-14
-69
5
2
-26
-16
-3
-1
-17
10
-29
-24
41
17
39
25
6
40
40
67
49
53
42
30
40
12
1
-14
12
24
81
100
81
103
110
99
77
132
132
145
151
181
102
120
152
52
106
61
56
57
22
29
38
64
45
40
41
19
26
62
95
113
116
111
86
100
141
79
86
51
56
77
60
51
23
11
13
3
0
32
32
19
67
34
72
136
107
68
69
50
72
101
37
38
10
6
8
-12
-12
-3
9
10
-25
-34
-19
-31
-62
-43
-18
-75
-93
-61
-45
-95
-96
-90
-63
-78
-112
-83
-119
-88
-74
-42
-9
-30
-42
-45
-36
21
6
9
4
29
38
52
28
12
-1
1
2
44
35
-8
23
-14
5
-40
10
17
-32
19
8
56
68
12
26
30
56
48
54
15
-23
-21
-34
14
20
-2
-3
15
16
29
13
55
31
30
16
38
8
9
43
53
38
-26
19
9
58
27
7
70
34
33
39
29
44
38
24
17
34
71
31
25
14
30
-25
-9
7
-40
-3
-36
5
-46
-23
-56
-86
-86
-100
-78
-65
6
-58
-72
-38
-1
-11
-44
-19
-68
-29
-18
-18
-50
-56
0
-54
-30
-10
3
8
27
34
26
31
21
-3
-31
-36
-59
-28
-45
-4
-27
-31
-29
-67
-18
-3
-4
-12
-6
-12
5
-4
-11
-33
-5
-6
4
-16
-28
52
41
-18
-10
41
16
-11
11
27
24
-7
29
20
27
19
63
93
110
82
53
69
56
35
9
45
46
41
-12
-10
-4
-4
0
2
-11
29
81
5
38
67
34
31
55
90
79
41
26
41
45
55
43
43
-3
-21
-18
-10
11
-27
-15
-4
-24
32
-21
-17
-6
-31
16
17
34
42
40
36
44
71
21
20
-2
-44
17
-8
-14
24
21
29
21
9
44
31
44
39
33
39
22
21
36
52
53
28
27
35
33
30
15
33
-7
27
50
54
65
55
46
44
55
59
12
27
19
-16
26
-21
-51
-34
-30
-42
-43
-34
0
-7
-21
-37
-7
-32
-53
-33
-7
12
-27
-46
-11
-5
-23
-25
-12
-37
-37
-31
-27
-19
-58
-50
-49
-22
-51
-49
-33
-25
-38
-6
17
35
-5
-36
-58
-83
-48
-96
-61
-64
-63
-59
-44
-49
-9
21
-14
24
42
13
26
33
-11
5
2
-12
-48
-49
-39
-43
-44
-34
-21
-41
-47
-17
-27
-26
3
-41
-19
16
16
21
-47
-56
-54
-51
-58
-11
-9
11
-9
-13
46
47
-4
-6
35
45
78
10
56
66
58
113
88
105
136
122
119
150
122
138
154
167
162
148
147
160
170
121
133
145
99
72
55
103
91
96
100
103
103
101
80
77
53
40
52
57
105
67
82
98
91
104
121
118
82
112
121
136
137
124
143
160
110
101
89
110
96
50
58
64
50
57
83
55
89
88
130
121
107
62
89
58
45
47
-10
25
-4
-7
-36
-35
-30
-36
-87
-100
-67
-36
-50
-71
-60
-65
-69
-27
-33
-47
-39
-27
-13
50
9
-7
24
-22
-32
-8
-27
-45
-55
-85
-60
-42
-28
-50
-46
-52
-54
-79
-77
-69
-63
-39
-50
-46
-18
-44
-7
-24
14
-36
-31
52
-1
-28
-35
-12
-32
-9
11
17
9
-59
-46
-27
-56
-19
-10
-25
-17
-33
-12
-18
-10
14
5
27
-18
-9
-4
-10
45
-1
-8
7
3
9
6
20
59
26
30
75
30
52
37
-4
-14
-28
-38
-2
-29
-34
13
-21
-18
16
15
49
23
29
44
53
56
60
64
67
106
124
104
98
105
54
43
11
-20
16
-25
-22
4
-42
-3
-4
15
-21
-1
-12
11
13
-47
-63
-49
-5
10
50
41
75
56
40
81
39
45
58
33
50
-9
44
42
21
64
29
37
2
-10
-51
-45
-27
29
0
-30
-21
9
17
38
65
2
53
50
40
25
70
113
94
89
63
99
60
37
60
65
21
54
9
-16
14
-60
-9
-33
-10
-7
-13
-42
-31
-10
-21
24
4
21
55
56
72
70
33
66
68
79
61
43
41
66
75
31
28
14
47
52
48
57
87
51
62
58
43
58
4
-17
-6
20
37
26
-10
11
16
23
7
-2
27
31
5
-48
-13
-10
15
5
10
20
-23
-8
-17
9
-15
9
-36
-31
-17
-44
-14
-26
-2
-34
28
23
19
-4
-3
2
-19
70
61
44
84
74
54
73
38
67
89
53
49
70
66
68
68
69
52
46
53
46
26
19
25
-32
-56
-43
-23
-31
-5
5
11
-2
30
19
14
46
29
56
98
93
56
102
59
81
82
72
115
71
83
89
102
40
39
58
59
76
58
42
63
62
72
93
56
72
31
38
39
4
52
37
8
59
88
38
19
50
56
39
51
54
61
95
94
91
34
54
1
1
-4
8
23
1
62
24
19
23
8
-3
-20
-13
41
40
60
54
45
58
77
93
62
60
28
43
77
47
16
28
33
-2
8
-16
-13
-31
-35
-33
-92
-91
-38
-53
-83
-21
-37
-25
-12
6
-4
17
-14
-26
-10
4
-3
18
35
42
50
24
56
26
76
54
-11
15
29
12
1
11
-5
14
-19
-16
2
-18
20
13
-33
-14
-21
-33
-40
-27
-9
13
29
29
38
64
61
54
58
60
29
37
63
65
64
36
30
10
-10
17
17
4
3
-19
6
8
-9
66
60
35
51
72
60
18
10
33
5
8
37
-6
13
25
20
-13
1
-1
-8
2
-62
-90
-77
-91
-95
-81
-94
-62
-97
-127
-109
-133
-81
-115
-141
-117
-102
-118
-124
-104
-88
-39
-51
-82
-66
-43
-24
-42
-16
-3
-44
-26
-10
12
-14
-9
19
-6
3
14
24
20
-13
36
19
-48
-13
35
21
8
15
-4
0
9
-6
35
14
16
25
7
12
30
31
50
69
28
53
10
37
69
49
34
24
22
34
41
51
67
15
3
65
35
50
78
76
78
41
40
14
72
71
61
109
100
115
113
105
129
91
119
127
127
126
97
92
112
124
126
127
90
85
116
111
108
101
53
92
75
71
69
54
99
86
114
123
108
114
119
96
80
123
121
132
114
134
146
104
110
97
134
115
92
108
114
71
57
82
91
93
44
51
93
103
55
55
66
53
43
46
59
-3
27
35
38
76
48
54
40
18
34
24
8
38
57
78
62
55
83
71
69
113
101
125
139
104
83
134
89
90
94
92
84
78
116
83
80
74
117
101
66
87
91
90
73
117
117
90
67
87
75
37
98
62
57
52
70
84
64
65
118
121
84
105
91
57
99
69
62
82
76
73
53
57
36
75
75
106
66
35
69
97
73
72
82
90
128
78
102
131
142
91
103
96
105
115
149
68
75
85
62
130
124
147
127
148
153
154
135
151
104
92
69
45
44
48
79
61
51
56
51
56
17
43
53
51
79
21
96
70
51
49
28
42
61
53
76
47
49
46
58
49
4
71
48
53
40
4
53
91
62
81
95
79
100
116
115
85
112
102
147
137
149
146
109
140
101
111
99
85
100
106
94
92
56
58
43
27
64
38
97
76
50
73
76
84
101
85
65
96
75
93
78
89
70
48
61
74
57
28
47
66
48
42
45
-2
49
52
8
41
37
18
23
0
19
-30
-5
-18
-28
9
10
-7
-20
-19
-21
-28
-57
-29
13
-38
-11
-14
-39
-21
-9
7
-26
0
-16
16
-12
-14
22
20
32
47
10
-5
10
20
-19
-27
-44
-14
-19
-34
17
-15
-9
33
14
-1
7
33
15
-18
-17
1
24
-16
-16
37
18
-12
12
6
-5
-42
-20
14
-14
7
-16
-25
-32
-54
-18
-12
-32
-69
-34
-18
13
11
-16
21
21
-14
5
12
19
12
9
8
-19
-19
6
37
-24
9
23
9
-10
8
12
-39
-32
-70
-82
-101
-55
-78
-78
-46
-75
-54
-29
-30
-29
-43
-27
-44
-44
-31
4
-14
-30
-2
-25
-6
-31
14
8
-8
18
26
47
16
3
1
-45
-18
6
-3
-5
12
-6
8
-11
-27
-4
-16
3
-11
-29
3
22
-11
20
37
49
69
63
81
40
8
-3
4
44
38
35
48
21
54
66
68
97
67
57
74
24
23
18
2
10
14
44
57
55
81
50
61
98
18
9
47
33
64
75
25
43
52
86
67
84
78
73
101
71
78
44
54
55
45
22
-4
33
22
6
39
41
53
38
96
82
64
100
38
57
91
128
159
116
100
86
68
7
49
51
43
69
45
39
47
78
50
60
70
-3
69
37
14
15
12
20
7
21
23
33
5
33
22
31
0
13
-17
20
44
29
38
43
42
-9
-3
24
45
44
12
36
-6
-6
-1
-49
-19
-28
33
53
21
9
53
48
6
44
52
68
38
55
74
58
107
51
40
10
48
39
20
49
51
49
30
23
-12
-26
-6
7
-32
-3
-8
-20
-10
20
-15
-13
-23
-16
23
47
16
6
15
24
33
36
41
7
64
84
64
63
65
39
44
8
-18
9
-19
24
20
14
25
11
22
24
48
33
-8
37
6
5
18
-14
44
8
50
42
20
44
42
65
39
25
94
101
52
81
42
29
60
27
70
32
35
22
23
5
4
35
14
-22
32
61
19
56
23
21
31
34
-3
20
31
39
53
62
52
45
57
51
27
13
27
23
24
9
8
37
38
32
29
24
12
-13
21
14
9
-2
-34
31
34
12
-32
-12
18
14
0
20
9
-21
-9
41
35
-10
2
11
20
11
43
28
60
21
21
25
-30
-36
-4
-15
-4
11
0
22
22
11
11
44
8
42
10
37
78
