-94
-86
-79
-92
-88
-101
-95
-71
-72
-78
-79
-78
-60
-90
-56
-51
-51
-42
-71
-54
-59
-9
-41
-82
-41
-36
-25
-39
-54
-30
-16
-3
-43
-58
-79
-80
-37
-43
-43
-8
-38
-25
-26
-37
-69
-34
-30
-34
-55
-63
-78
-64
-57
-51
-68
-21
-40
-57
-63
-73
-25
-66
-40
-78
-71
-40
-56
-40
-21
-21
-6
10
-23
3
-25
-46
-10
-9
-34
-61
-39
-5
-11
-72
-17
-8
-12
-44
-24
-10
-65
-1
-32
-12
-13
-61
9
10
-9
-22
-27
-8
-8
-16
12
10
3
18
21
14
8
33
-26
-21
10
23
19
-48
-27
4
-19
6
7
-1
36
-5
-14
25
21
-9
-16
25
9
-50
6
69
50
66
56
11
7
18
35
46
22
-8
20
-4
13
34
14
11
2
-10
-4
-50
-22
-45
-30
9
-47
-12
-27
-39
-41
-19
-5
-34
31
-19
-27
27
12
4
-10
-10
22
31
-22
13
-22
-17
-23
-14
-33
-32
9
4
20
-39
-15
-44
-21
-40
-10
-16
-45
-38
-37
-20
3
-1
-40
-34
-24
-12
-41
12
-15
-21
-13
-16
-10
-1
-8
-19
-23
-41
-48
-37
-23
15
8
9
7
48
-18
-5
48
13
17
37
61
13
45
-9
15
13
-1
3
-7
25
31
39
28
19
30
-27
-4
-13
-48
17
-59
-56
-41
-9
3
-17
-19
-46
-24
-23
-46
17
0
2
2
-4
-4
-30
3
36
17
-20
17
-15
-1
0
-18
-14
-23
-38
-50
-33
-31
-21
0
-17
-47
-25
19
33
2
-16
13
27
6
-26
-2
27
2
-3
-30
-3
45
36
3
29
-5
-22
-4
-16
7
12
39
28
36
-4
-34
30
60
43
46
59
29
37
28
28
9
28
25
0
13
-1
2
12
33
39
2
-50
6
26
-12
-32
1
54
73
41
37
45
64
63
37
17
-9
15
32
57
97
83
73
38
21
33
38
20
41
66
30
53
81
51
43
30
48
54
54
39
41
57
43
63
13
19
34
20
-2
9
30
51
7
3
32
48
42
18
48
3
-8
14
-18
-27
-12
5
10
32
37
38
-14
14
34
5
37
52
59
53
48
52
72
54
29
28
34
31
40
53
38
37
62
29
24
11
49
27
37
60
14
62
66
43
21
89
88
64
59
93
124
83
104
81
58
55
82
34
55
83
55
78
79
57
52
53
12
33
17
-3
33
50
64
32
74
73
61
83
87
95
50
56
31
29
38
75
68
-3
87
59
53
90
58
80
80
46
62
73
49
54
66
69
83
95
78
60
90
108
111
112
100
72
68
101
93
98
100
107
110
66
83
94
124
87
143
88
93
73
58
81
70
93
114
87
81
83
69
94
67
82
46
82
66
58
74
86
73
73
91
49
76
49
51
34
79
50
25
45
15
22
69
50
55
78
118
116
27
97
119
87
75
113
106
123
122
70
112
106
90
79
115
76
70
104
78
47
94
97
101
91
57
103
77
123
130
116
93
93
149
125
135
138
112
104
140
104
74
119
85
66
36
60
122
129
93
90
81
52
92
84
99
110
81
113
132
109
85
83
75
63
83
61
60
81
20
36
52
46
88
65
87
79
102
133
61
59
112
86
91
113
111
127
142
130
88
99
154
97
88
105
74
61
108
136
117
109
90
129
115
126
148
98
126
118
90
126
83
66
89
47
49
57
64
66
80
67
68
55
81
113
105
112
146
121
117
146
97
122
93
124
98
97
134
94
84
111
98
74
73
112
125
119
112
136
121
182
139
110
143
168
128
118
109
109
149
128
120
111
140
130
130
107
104
115
106
89
98
122
67
104
119
111
150
120
148
122
157
136
152
143
103
118
104
109
132
127
105
114
72
76
88
100
75
67
71
83
71
74
60
110
75
93
77
81
111
81
87
83
113
106
140
115
97
133
99
118
140
107
83
116
124
137
102
122
123
94
124
133
121
131
158
127
146
163
117
135
135
110
122
132
127
106
140
157
109
121
124
122
121
107
126
93
86
98
119
118
97
103
130
125
138
143
142
86
109
139
120
118
117
143
162
115
98
82
115
178
85
93
120
143
126
144
74
47
61
68
82
92
83
46
52
59
124
71
100
88
35
79
50
56
53
25
74
35
-12
29
73
47
41
91
56
106
80
108
130
64
63
58
77
80
80
64
87
59
37
32
59
32
20
65
87
90
67
57
97
92
82
74
78
124
53
72
73
89
88
40
58
75
69
101
99
85
92
94
63
100
84
108
105
94
89
35
61
63
41
80
98
65
120
105
80
113
107
85
104
70
88
132
76
96
71
94
82
93
101
114
91
105
82
62
98
76
91
73
92
44
79
118
86
85
70
92
105
76
77
99
74
84
72
51
35
56
106
57
69
47
31
62
89
72
61
78
46
50
33
63
92
40
39
14
71
49
56
32
33
39
4
88
27
16
70
31
34
9
47
58
35
36
54
53
42
40
-9
38
26
40
73
56
65
37
72
38
44
62
12
-7
-7
4
-9
-11
-23
-10
-4
-3
-3
-2
5
1
4
15
12
35
-14
0
14
24
32
8
32
-4
8
20
-5
-14
-14
37
15
10
-28
3
19
-17
-4
12
36
69
41
49
60
21
-8
16
28
41
20
37
-5
-3
8
14
0
33
28
-7
24
-11
30
17
36
12
32
33
17
21
6
-1
-23
-2
25
-26
13
-5
-26
12
11
-13
-21
32
-10
-18
27
60
37
-3
27
22
-36
13
22
-16
13
9
11
23
38
25
18
16
43
26
41
47
26
56
8
7
67
12
44
37
15
21
-3
25
39
10
8
15
16
36
44
28
41
36
30
45
-29
10
18
28
61
40
39
34
20
-6
8
54
49
21
52
26
25
61
52
51
59
73
24
-13
0
23
34
35
34
66
45
-4
90
18
26
30
4
41
43
65
18
34
93
37
22
21
13
58
60
24
46
50
52
65
38
43
55
-10
25
31
-8
33
45
14
49
98
102
77
70
16
61
51
43
53
40
73
85
51
48
65
38
30
64
33
78
65
21
72
8
-4
-14
58
42
20
-2
4
50
5
31
60
47
56
36
56
38
15
27
5
-3
7
18
49
24
-4
49
11
26
24
13
2
12
16
17
44
15
32
24
26
30
13
27
6
11
29
-6
-6
33
4
50
10
-12
-3
5
41
18
11
8
-4
9
39
-17
-9
-6
-61
6
3
30
24
-41
-21
-22
-40
12
29
-5
-37
8
-12
-70
8
2
-13
8
28
-12
38
-12
-38
24
-36
-9
-2
-10
-15
-49
-55
-14
8
-48
-39
-38
-32
-25
-9
-56
-2
-16
1
20
29
45
-17
14
42
38
-6
-11
-20
-29
40
30
-1
8
-2
-3
-21
-8
-7
34
16
15
13
-40
-17
-15
-44
-16
-41
-17
-14
-25
-1
-39
-68
-23
-15
-18
-18
-31
-61
-84
-52
-65
-59
17
-23
-1
-18
-31
1
-33
-10
-19
-16
-6
5
52
-3
-3
46
-15
-1
-2
31
16
14
13
24
-5
-18
4
-17
1
-42
-34
-2
-13
4
2
0
3
11
55
23
-22
-24
-54
-41
6
-20
1
-19
-27
2
26
30
-23
-6
-30
-32
-5
-33
-18
-15
-21
-9
-18
-39
-18
32
-42
-19
-1
-11
-62
-52
46
-5
15
16
49
5
-57
-6
-2
8
-14
-24
-72
-70
-26
-46
-59
-45
2
-29
-45
-25
-40
-59
-31
-25
-44
5
2
-37
-29
-1
-57
-47
-45
-39
-40
-79
-53
-76
-83
-76
-60
-61
-52
-50
-54
-18
-8
-7
-15
-22
-33
-52
-45
-33
-43
-18
-16
-45
-79
-68
-85
-27
-46
-62
-58
-55
-39
-94
-64
-64
-59
-44
-67
-75
-30
-48
-52
5
-69
-83
-40
-39
-54
-68
-57
-33
-41
-13
27
-39
-15
-3
-28
-10
20
53
11
19
38
5
31
35
-20
15
9
1
8
-7
-5
-12
-27
-41
-20
-38
7
-26
-55
-41
-5
-43
-57
-13
10
35
-16
29
5
8
16
18
41
37
53
-12
38
57
50
34
33
17
36
33
12
30
23
46
59
26
20
85
61
60
72
54
96
85
68
90
59
59
46
86
48
31
49
25
44
-9
6
2
54
19
21
4
23
48
21
27
-7
11
26
39
27
33
54
34
44
28
4
-6
-16
-35
-38
8
-28
25
26
7
-21
-1
-5
15
-7
-13
-8
-23
12
-19
-7
-11
-17
-13
-20
8
12
24
0
-6
10
0
-14
-9
0
3
36
46
-27
-2
31
-8
-11
-30
-24
-21
-42
-16
-15
-4
-7
5
-50
10
7
-35
39
-24
-21
-2
-18
-47
-23
-12
-38
-39
-27
30
-10
7
-32
-36
-17
-26
-30
-21
-58
-64
-50
-69
-53
-62
-69
-60
-38
-2
-40
-30
-5
1
16
-30
-73
-42
-41
-78
-37
0
-10
18
-22
-27
-6
-17
-37
-38
-14
-35
-31
-32
-19
6
-24
-6
-30
-38
-1
-18
-73
-6
-21
-50
-28
-50
-43
-2
-4
-31
-58
-41
-23
-28
-7
-33
-8
-23
-29
-8
-94
-17
-19
5
-1
-27
15
-7
-12
-57
-13
-11
-59
-50
-78
-59
-44
-50
-30
-33
-51
-8
19
1
-18
-25
-15
-12
-18
-29
-58
-51
-60
-89
-76
-90
-58
-53
-29
-42
-27
-39
-55
-29
-45
-45
-33
-52
-20
-31
-48
-18
-30
-37
-21
-9
6
-6
-38
-17
-62
-54
-24
-33
-37
-8
-33
-31
-28
-28
-8
12
-39
-17
6
-7
14
-25
-42
-16
-58
-21
-5
-38
-9
-32
-1
14
12
11
8
5
10
-15
3
-12
-25
-16
-8
-20
-50
-9
-2
30
42
23
46
50
20
28
24
56
39
17
29
8
33
32
-13
-29
19
40
1
6
25
2
14
13
5
29
21
11
-9
-30
20
7
-2
-3
-8
0
8
-35
-28
-10
-6
-2
-20
10
12
-6
3
-21
35
-6
27
30
36
48
12
71
37
50
88
62
47
28
7
30
5
24
28
9
42
-16
-3
47
78
59
52
-14
18
33
10
31
0
28
51
17
-5
16
-6
-31
-1
-7
-9
-2
-3
-20
-29
-12
-17
-5
-3
7
-5
0
-3
-2
16
-16
-43
-2
20
44
13
3
6
9
3
-14
-18
-41
-11
8
12
-6
-11
10
-14
4
-13
-27
-12
-31
-8
4
41
18
-19
-4
-5
20
-9
-40
-7
38
11
4
-15
-43
-6
-15
-18
-17
-39
0
-25
-22
34
-11
-47
-7
-5
31
66
72
23
-29
-16
-31
-16
12
32
8
-24
1
-26
-19
-27
-40
0
-29
-17
22
44
33
-2
-6
-23
1
10
14
12
-24
-18
7
-41
-43
2
-21
-54
-56
-63
-48
-26
-3
18
48
51
45
6
-36
-22
-17
-14
-29
-8
-22
-11
3
29
22
27
13
6
32
12
50
50
-11
25
4
4
7
-14
-2
-2
11
-14
22
-9
8
-16
-14
9
-11
12
17
39
56
41
83
15
59
52
42
39
26
28
-5
29
-2
16
38
2
-52
-2
-10
-40
-32
-90
-26
-19
-53
-72
-24
-29
-4
-1
-7
2
7
5
-10
-8
-32
-8
-17
-23
-6
4
4
20
-20
-13
12
-3
-37
-56
-43
-12
-23
-18
-22
-53
-10
-53
-74
-2
-40
-45
-36
-74
-16
-8
-39
42
20
-22
-32
-80
-54
-29
-14
0
-32
-43
-33
-26
-54
-32
-42
-52
2
-37
-47
-53
-78
-21
-27
-64
-22
-86
-41
-57
-48
20
-62
-22
-39
-33
-20
-70
-64
-52
-75
-58
-57
-22
-1
-64
-49
-30
-2
-53
-43
-12
-63
-79
-23
-28
-30
-20
-48
-22
-25
-55
28
-43
-62
4
4
31
0
-55
-40
-7
-28
-56
-53
-41
-73
-37
-24
-17
-27
-42
-74
-12
-12
-46
-16
-8
12
3
-13
-25
-16
-6
-46
-42
-36
-20
-29
-51
-26
-58
-81
-56
-30
-31
-50
-119
-65
-54
-61
-19
-47
-53
-40
-49
-41
-30
-28
-25
-36
-74
-39
-54
-64
-38
-62
-34
-39
-38
-64
-62
-51
-33
-34
-62
-67
-89
-75
-71
-43
-52
-48
-51
-71
-39
-47
-31
-66
-33
-38
-66
-61
-33
-34
-54
-2
-23
-20
-43
-94
-81
-81
-61
-58
-57
-56
-78
-43
-63
-70
-83
-68
-33
-33
-54
-72
-73
-4
0
-38
-25
-49
-35
-81
-65
-23
16
12
-13
-34
-23
3
-9
-30
-27
4
26
-5
-54
-16
-52
-72
-12
-5
-27
-36
-18
-40
-56
-55
-108
-56
-48
-45
17
-17
-36
-38
-48
-49
-40
-82
-77
-100
-89
-78
-102
-87
-82
-75
-100
-98
-94
-112
-100
-89
-108
-99
-88
-92
-64
-80
-77
-64
-59
-74
-147
-114
-73
-87
-79
-89
-110
-82
-110
-163
-139
-116
-84
-107
-72
-89
-96
-119
-119
-113
-117
-136
-110
-88
-120
-118
-110
-141
-141
-83
-127
-143
-104
-124
-107
-138
-91
-59
-67
-50
-72
-98
-79
-97
-125
-54
-50
-77
-44
-39
-78
-98
-99
-99
-88
-74
-83
-74
-79
-104
-88
-101
-82
-83
-108
-84
-86
-111
-128
-111
-71
-37
-61
-29
-38
-24
-4
-18
-39
-41
-22
-66
-63
-52
-51
-40
-58
-76
-62
-108
-89
-88
-83
-40
-33
-34
-6
-20
-53
-30
-40
-5
-19
-69
9
-21
-29
-24
17
39
-20
-15
19
6
-37
15
-53
-62
-61
-82
-51
-27
-54
-45
-21
-43
-19
-39
-42
-58
-46
-50
-49
-39
-54
-41
-83
-33
-21
-48
-58
-60
-103
-91
-108
-105
-23
-51
-29
-38
-60
-85
-57
-61
-33
-38
-58
-51
-80
-74
-77
-93
-82
-55
-102
-30
-59
-73
-85
-75
-53
-100
-45
-10
-53
-28
-27
-26
-18
-74
-14
-33
-14
-9
-16
11
-20
7
-30
-7
25
-22
-63
-32
3
-36
-33
-27
-3
17
-48
-44
-36
-27
-52
-30
-54
-64
-39
-14
-31
-41
-40
-15
14
20
-10
-25
-28
-26
-31
-47
-51
-46
-14
-28
-18
-23
-13
-8
-18
-1
-13
-11
-24
-59
-54
-37
-47
-79
-84
-75
-54
-26
-42
-49
-38
-83
-69
-57
-63
-42
-93
-73
-89
-64
-109
-108
-74
-65
-79
-87
-54
-94
-50
-52
-57
-80
-61
-67
-113
-55
-34
-31
-80
-73
-54
-85
-48
-54
-75
-43
-62
-67
-80
-112
-72
-121
-107
-84
-106
-101
-75
-78
-68
-46
-89
-80
-98
-110
-86
-79
-84
-75
-102
-133
-101
-71
-114
-86
-48
-83
-76
-83
-93
-76
-64
-90
-88
-57
-64
-48
-99
-84
-85
-69
-98
-112
-102
-78
-71
-141
-53
-59
-131
-104
-80
-69
-77
-68
-50
-67
-74
-68
-77
-82
-118
-113
-74
-86
-38
-49
-51
-74
-76
-63
-67
-89
-59
-80
-102
-46
-65
-64
-73
-54
-56
-26
-37
-20
-20
-48
-50
-88
4
-3
-20
-57
-35
-39
-29
-1
-28
5
-11
-46
-34
-28
-38
-59
-67
-41
-41
-28
-68
-8
-1
-48
-49
-33
-14
-45
-58
-64
9
15
-52
-17
-12
-32
-39
-47
-39
-12
19
-20
-16
0
-17
-6
-17
23
22
29
13
19
20
6
36
14
9
5
14
-5
-5
-12
-11
20
-6
-38
-44
-7
7
0
5
-17
10
-6
-33
36
6
5
19
-36
-20
-7
19
14
-45
-46
0
-9
-18
-13
-19
23
-14
-5
-26
-2
-13
-19
-7
12
13
-2
-17
3
13
1
47
-34
-33
-19
2
-27
-55
-57
-58
-19
-50
-39
-40
-52
-87
-79
-73
-41
-22
-46
-20
-13
-8
-30
-15
-36
-2
-19
-24
-40
-98
-48
-56
-10
-20
-68
-28
-27
-10
15
8
33
16
-14
36
-22
16
14
-1
7
40
51
4
32
51
27
1
53
65
43
33
55
56
39
43
59
36
17
-19
11
5
9
23
-4
20
15
26
32
7
37
54
74
37
13
25
13
41
28
-31
1
31
-33
18
32
67
68
44
26
-18
-31
3
-16
20
75
5
1
5
-14
-8
-26
-34
-14
-60
-49
-47
-35
-27
-28
-14
-8
20
-9
-9
18
32
51
36
21
35
18
-9
34
28
3
57
66
29
15
30
15
-25
23
-6
6
64
14
30
56
17
-6
18
28
12
2
-2
-14
23
24
11
29
5
-6
-10
25
-10
-35
-21
-7
27
25
-2
6
1
-13
-23
19
5
-5
18
-27
-41
-27
-16
-13
0
-37
-9
-4
-48
-37
-16
-12
18
14
-3
-24
17
19
-9
-6
-9
15
-13
-14
-1
17
-12
1
-14
-33
-32
-8
5
-49
-31
-22
-17
5
8
-13
-9
-8
-9
-30
-40
-40
-39
-68
-46
-6
-14
-17
-37
-44
-46
-20
-16
16
-25
13
-5
-13
-8
-28
-12
-4
5
-50
-30
-11
-15
-52
-68
-26
10
23
2
-43
-2
-34
3
-9
-21
11
2
8
-43
-26
-50
-45
-52
-30
-24
-55
7
4
-42
-34
-47
-15
26
-31
-43
-29
-24
7
12
27
8
27
9
13
30
1
-30
-42
-44
-9
-12
-31
-72
-70
-30
-29
-43
-25
-46
-47
-17
-66
-43
-49
-22
-31
-2
-38
-63
-27
-21
-11
-13
3
-7
-1
-42
-26
27
-13
-22
-6
-8
-16
-1
-8
-41
-11
-58
-35
-32
-57
-59
-91
-77
-53
-69
-49
-62
-61
-28
-43
-63
-63
-60
-35
-66
-65
-90
-84
-17
-62
-76
-90
-34
-44
-78
-51
-65
-62
-84
-74
-49
-14
-20
-70
-43
-35
-31
-51
-25
-12
-3
-26
-64
-45
-22
-5
-11
-35
-67
-52
-46
-42
-38
-42
-56
-60
-2
-51
-32
-24
-53
-53
-16
-18
3
-27
-28
-27
-50
-68
-58
-69
-62
-100
-45
-45
-68
-18
-51
-18
-15
-44
-27
-34
-67
-38
-16
-21
-10
-9
-7
-25
-12
-16
-23
-37
-66
7
-31
-9
-22
-92
-57
-50
-49
-94
-70
-34
-60
-51
-40
-65
-62
-61
-57
-35
-44
-43
-53
-43
-49
-53
-77
-46
-20
-57
-28
-61
-82
-104
-79
-48
-97
-63
-45
-50
-39
-50
-35
-82
-51
-36
-22
-29
-30
-6
-12
-4
-11
-27
-41
-26
-34
-24
1
20
2
33
6
25
0
7
26
-1
-22
11
-5
23
21
-15
-6
1
25
17
26
-3
-17
-18
14
-18
-4
-25
8
-1
4
-10
-28
2
-34
-3
-32
-14
-40
-64
-9
-13
-30
-57
-33
-12
-49
-54
-16
-58
-37
-22
-41
-51
-56
-22
-22
-40
-2
13
-30
-9
-18
-31
-33
-50
3
-4
-33
-39
-17
-7
-58
-5
-6
18
-26
-28
-7
-5
24
-36
-23
0
0
1
-35
-43
-82
-64
-18
-13
37
-17
-25
-55
-46
-13
-38
-2
-20
-23
-38
-27
-20
-26
-24
-23
-26
-16
-59
-41
-47
-52
-37
-13
17
5
-5
-18
38
4
-6
-4
13
20
8
-21
-20
5
-8
8
-20
2
5
37
-42
-35
-6
0
33
-7
5
-23
-6
-22
21
5
15
4
-20
-5
3
-56
-59
3
-48
-13
19
22
45
60
22
-14
31
9
3
1
-27
-47
-39
12
34
0
8
-28
2
-10
-15
-20
-63
-30
-8
-1
3
-18
-24
-50
-49
-18
-59
8
-16
-18
-39
-33
8
16
18
-21
-21
-63
-31
-30
3
5
-10
15
26
6
-46
-32
-40
-48
-20
-41
-31
-31
-58
-19
-3
-50
-27
-28
-93
-21
-54
-44
-6
-32
-32
25
24
3
-23
-15
-16
-58
-8
-59
-63
-47
-26
-32
-60
-74
-48
-44
18
8
-33
-48
-93
-81
-84
-56
-77
-47
-39
-58
-66
-36
-25
-53
-79
-50
-23
-67
-64
-106
-76
-69
-31
-16
-50
-24
-37
-60
-77
-38
-5
-43
-59
-55
5
-34
7
-36
-32
-58
-74
5
-38
-57
-55
-29
-4
-22
-61
-60
-24
-44
-23
12
-51
26
31
0
7
-26
4
-34
-30
-3
0
-18
-34
-37
-7
-35
-51
7
31
59
15
-3
31
53
58
41
61
40
29
41
72
92
85
57
57
38
50
78
79
44
45
94
35
34
41
33
62
6
6
39
27
52
64
86
62
33
70
52
2
42
52
68
60
35
24
62
49
35
33
32
49
56
44
0
34
34
54
54
86
-8
43
62
23
85
72
86
28
40
60
20
37
12
39
49
2
25
25
38
75
26
44
31
14
13
6
21
55
15
44
66
1
42
17
50
99
76
51
49
46
69
47
36
65
6
27
53
21
38
76
54
31
26
30
17
33
18
22
53
35
36
2
3
-38
-6
5
-8
-14
-15
-10
-25
-30
-42
-38
-12
-57
-36
1
-20
-17
-40
-17
-8
1
-18
12
25
36
17
22
8
3
-3
-10
-23
17
42
-35
23
-16
3
30
-15
13
14
10
26
-15
-58
-9
17
-9
12
3
-49
-56
-23
-30
-56
-28
-29
-24
2
-39
-54
-45
-58
-55
-65
-70
-24
0
-35
-16
-49
-57
-60
-27
-1
-45
-26
2
-34
-44
-42
-29
-67
-12
-36
-60
-66
-50
7
-20
-4
-38
-51
-70
-19
-20
-55
-30
-62
-38
-20
-19
-37
-66
-45
-77
-87
-50
-43
-70
-65
-60
-67
-32
0
-19
-18
-31
-15
-11
-40
2
-50
-34
-64
-100
-45
-78
-116
-110
-81
-72
-104
-66
-64
-83
-90
-55
-60
-59
-29
-75
-87
-61
-31
-74
-66
-14
-29
-42
-22
-8
-4
-32
-12
-42
-6
5
-83
-84
-67
-86
-63
-59
-70
-70
-110
-115
-101
-79
-125
-107
-124
-95
-75
-98
-73
-67
-55
-69
-61
-93
-83
-99
-87
-54
-51
-37
-3
-16
-20
-26
-50
-40
-33
-8
-18
-9
-3
-10
-38
-32
-36
-41
-21
-50
-54
-32
-44
-27
-11
14
4
-9
15
44
31
-33
-14
-51
-23
23
2
-17
-24
2
-35
-39
-22
-59
-73
-9
17
-1
29
31
-20
-28
-30
-36
0
30
31
26
24
-1
45
19
32
11
-18
-4
24
-20
-34
-52
-47
-39
-24
-15
-44
-31
-46
-46
-23
46
23
-9
-13
8
21
2
13
-5
-5
-18
9
19
-23
-38
-14
-48
-38
-16
-2
-5
8
1
-51
-16
33
28
44
-14
27
33
-26
27
20
-22
23
18
3
10
-3
4
-6
19
19
39
36
35
1
-19
-10
-45
-54
-57
-10
-50
-82
-22
-43
-47
-61
-31
-40
-69
-58
-73
-22
-8
-43
-59
-90
-77
-41
-80
-59
-47
-91
-55
-40
-44
-67
-89
-49
-21
-65
-62
-56
-32
-21
-38
-27
-5
-1
15
-9
-27
-41
-39
-59
-48
-27
-11
-59
-61
-60
-41
-30
-39
-82
-77
-39
-19
-38
-78
-58
-95
-70
-73
-45
14
-5
-33
-36
23
-26
-46
-27
-20
-42
-11
-12
-37
-42
-89
-60
-89
-44
-45
-35
-18
-22
-26
-11
-6
-42
-32
-32
-24
-38
1
-24
-10
14
-21
11
-40
-27
2
8
-6
6
53
42
42
0
18
34
31
45
36
4
9
30
30
76
35
40
49
41
14
-14
7
8
44
17
1
10
6
-21
-7
3
-8
-35
-46
-15
-34
17
19
-20
-10
-6
34
-15
-22
-19
-34
-21
-9
24
-6
-5
-25
-11
-7
-39
-26
-30
-13
-41
-33
-25
-32
-59
-91
9
-33
-6
0
-25
-6
-23
-10
8
-16
4
2
-18
-24
-36
-22
17
76
27
7
29
-21
-47
-5
-30
-71
-17
-58
-44
0
-70
-41
-35
-17
22
-4
-13
-15
32
46
20
45
31
-10
-4
-47
-21
4
-16
10
26
-8
-4
5
-28
15
-9
2
47
70
7
-4
14
45
57
24
9
5
-14
-12
-16
-57
11
5
-14
38
12
1
54
16
-8
18
15
32
8
-13
25
24
52
25
-8
1
25
3
2
-2
-24
6
7
27
3
1
-4
-12
18
53
23
9
7
1
34
36
12
-10
-12
53
48
11
30
37
49
41
36
37
42
12
80
69
68
58
33
94
32
72
116
89
84
57
46
120
80
59
70
118
50
17
45
67
107
116
105
85
88
86
57
94
73
57
151
152
134
133
123
152
125
100
99
116
162
101
95
129
110
107
97
86
45
36
49
82
111
103
87
104
106
93
97
110
143
129
100
155
122
129
157
103
108
105
121
101
77
85
78
66
57
65
93
58
99
63
52
52
44
57
44
58
12
14
3
56
83
80
73
65
74
87
61
55
107
90
75
76
77
56
81
65
51
68
53
42
69
70
67
29
55
9
-10
60
22
27
-7
-5
-5
-19
10
35
36
25
18
29
48
42
46
45
32
29
-11
20
27
9
15
22
83
32
34
68
73
42
38
39
20
10
41
38
28
71
29
2
33
24
73
76
89
79
65
90
23
97
104
112
130
115
91
50
99
70
75
121
88
91
85
51
59
89
54
96
71
49
74
69
89
30
73
102
98
57
69
56
48
59
88
76
22
31
20
-7
21
38
60
74
47
64
70
30
62
73
80
67
87
87
48
96
36
55
81
68
33
73
46
49
52
37
102
42
54
63
53
51
63
67
59
76
58
94
54
69
80
101
119
95
66
43
88
77
79
109
123
113
101
115
106
116
108
132
136
122
150
164
118
108
120
114
124
153
125
100
125
115
92
91
83
86
71
82
92
56
89
35
66
63
68
97
123
97
42
128
100
99
66
81
111
117
87
81
86
79
92
86
75
58
94
76
72
79
75
79
92
74
54
39
46
68
50
67
79
54
83
87
46
88
64
62
85
117
63
56
34
72
67
53
49
65
98
64
66
68
66
13
50
34
46
89
70
86
73
79
75
64
28
11
78
67
70
89
98
16
44
66
46
40
38
58
51
73
40
24
12
66
42
20
57
29
60
64
61
87
32
8
61
0
43
85
62
72
97
120
104
86
98
89
69
104
74
66
65
59
52
54
58
33
45
75
54
45
47
39
50
65
29
33
17
20
5
12
-3
38
1
44
7
4
23
53
45
38
61
33
53
15
61
31
72
11
69
55
-6
60
29
51
72
41
29
31
51
32
42
59
31
44
40
38
55
34
40
52
43
39
76
87
78
92
49
45
12
58
79
44
93
55
90
93
65
60
66
89
56
74
93
98
82
100
61
101
83
53
80
68
50
94
64
94
69
41
45
15
28
-11
45
32
15
34
34
47
30
40
67
54
-9
42
36
31
39
19
27
-40
-2
-21
-22
17
-23
23
40
3
10
6
-12
21
15
13
24
-7
-1
5
-14
-32
-46
-2
38
51
13
-6
18
15
20
-2
11
-5
-8
16
35
40
18
17
51
29
18
52
6
-10
35
68
38
33
27
0
15
-17
-26
-38
-15
-16
-7
49
11
10
44
35
36
47
77
78
46
23
25
42
64
58
45
42
59
40
71
58
14
23
77
27
29
16
-3
35
0
-8
17
2
21
16
-3
30
7
26
15
64
35
44
8
12
13
20
32
2
55
32
31
32
27
32
26
7
-8
-31
-14
13
-1
12
41
24
22
-1
-12
-18
6
1
-14
13
-33
-5
-31
-41
-4
-14
-17
1
4
-6
-1
-32
-11
-25
-4
22
-11
-56
-68
-20
-43
-53
-29
-19
-14
-41
-44
-42
7
-18
-20
-14
-76
-61
-2
34
44
7
-20
-4
30
22
-2
-13
-39
2
0
14
18
21
18
-6
-12
-24
-32
-7
-34
-85
-41
-31
-51
-74
-35
-41
-53
-36
-36
-23
-34
-18
-40
-36
-55
-32
-31
-34
-35
-85
-68
-22
-20
-48
-37
13
2
-42
-37
-12
-33
-51
-13
-40
-47
-43
-47
-48
-40
-15
-26
-29
-32
-43
-40
-12
-21
-27
-9
-49
-88
-47
-32
-51
0
-9
-38
-17
9
-67
-35
-64
-83
-65
-37
-62
-70
-21
-69
-61
-69
-53
-49
-44
-57
-2
-10
-33
-19
-37
-28
-2
-9
9
-16
-22
47
12
5
-48
-42
-34
-70
-62
-45
-10
-18
-20
-7
-29
-10
-15
-10
46
34
53
7
22
-5
0
-14
-18
-16
-28
-17
-14
39
-24
-6
11
-17
35
49
26
-10
2
-17
-18
-71
-33
-28
-39
-45
-41
14
-35
-41
-23
-32
-19
-72
-50
-47
-45
1
16
13
22
10
28
38
-27
-14
-13
43
28
-25
18
-15
-28
-51
-83
-20
-30
-59
-21
-39
-27
9
-14
-6
9
-33
-11
36
-12
-6
-12
8
1
-25
2
-7
-16
12
9
-38
-30
29
-10
-21
-43
-4
-36
-37
-5
-11
3
-29
-30
-45
-34
-31
-46
-57
8
22
-39
-12
-5
-20
-37
-24
-81
-61
-34
-1
36
5
7
-21
21
43
45
55
10
41
31
18
29
46
44
9
8
1
-6
-15
-38
-29
-5
-6
-17
-61
-6
8
-21
-19
-24
-22
-10
0
20
-11
-22
28
-15
-8
-16
-7
-7
-7
-10
-54
-29
-34
-8
-49
-40
-63
-63
-19
-29
-41
-39
-19
-90
-29
-2
6
-22
14
-30
-42
-43
-22
-5
-80
-57
-67
-30
-63
-99
-61
-49
-69
-52
-9
-27
-17
-55
-60
-4
-40
17
-8
-31
-17
-36
-33
-71
-68
-64
-62
-52
-91
-60
-19
-30
-70
-83
-48
-73
-30
-36
-69
-64
-85
-52
-68
-79
-58
-72
-60
-81
-95
-77
-91
-85
-56
-102
-129
-66
-21
-46
-62
-11
-26
-41
-51
-33
-62
-27
-15
-61
-60
-65
-19
-19
-29
-34
-46
-42
-16
-23
-57
-34
-58
-46
-64
-57
-70
-61
-69
-57
-11
-6
-2
-49
-46
-37
-49
-85
-99
-67
-46
-17
-30
-74
-6
-35
-72
-66
-88
-74
-52
-91
-117
-74
-65
-70
-45
-72
-65
-46
-91
-91
-88
-98
-104
-95
-104
-111
-98
-127
-118
-86
-86
-94
-79
-52
-62
-83
-98
-73
-61
-93
-83
-87
-56
-119
-88
-77
-89
-97
-125
-103
-111
-123
-130
-118
-84
-90
-127
-95
-100
-119
-78
-74
-137
-123
-112
-76
-139
-160
-151
-212
-154
-148
-131
-84
-125
-116
-133
-137
-94
-78
-109
-120
-114
-88
-47
-93
-92
-102
-96
-70
-118
-134
-144
-131
-153
-129
-162
-177
-86
-110
-140
-151
-139
-110
-169
-135
-145
-131
-104
-138
-118
-88
-110
-139
-80
-79
-109
-138
-121
-78
-142
-132
-82
-116
-109
-90
-53
-91
-102
-84
-76
-81
-124
-70
-21
-42
-40
-41
-56
-35
-66
-75
-56
-32
-58
-31
-31
-24
-48
-56
-50
-67
-46
-56
-39
-57
-45
-88
-74
-57
-54
-58
-48
10
-59
-43
-28
-53
-80
-77
-33
-69
-110
-88
-45
-22
-11
-29
-14
-56
-43
-52
-50
-5
-11
-20
1
-25
-12
-46
-51
-24
-30
0
-5
5
-27
-14
-22
-32
-21
-25
-49
-6
-1
-66
-38
-34
-65
-57
-52
-69
-84
-72
-78
-129
-135
-97
-96
-86
-109
-96
-63
-68
-57
-20
-57
-24
2
-48
-22
-42
-22
-13
-34
-56
-57
-34
-17
-40
-53
-82
-66
-38
-29
-33
-47
-53
-5
-67
-77
-59
-72
-71
-65
-96
-73
-34
-101
-34
-63
-96
-59
-37
-83
-30
-34
-102
-98
-57
-82
-88
-84
-118
-80
-99
-130
-125
-104
-130
-82
-100
-89
-73
-53
-60
-42
-45
-55
-52
-47
-67
-44
-98
-125
-120
-133
-9
-45
-79
-40
-32
-67
-84
-27
-44
-10
-17
-9
1
-48
-31
-36
-25
-57
-28
-21
-42
-43
-41
-13
-32
-31
-44
-45
-69
-17
-20
-55
-50
-40
-18
-34
-34
-68
-44
-63
-94
-107
-68
-61
-48
-96
-98
-37
-89
-54
-48
-89
-92
-80
-96
-68
-63
-68
-76
-43
-69
-63
-69
-75
-65
-65
-60
-95
-91
-124
-116
-53
-88
-106
-95
-123
-139
-128
-128
-83
-147
-122
-115
-134
-49
-116
-98
-65
-38
-32
-59
-98
-75
-58
-65
-73
-83
-50
-44
-55
-47
-76
-78
-49
-81
-87
-89
-63
-105
-77
-98
-104
-47
-93
-59
-46
-72
-110
-125
-107
-58
-61
-47
-104
-102
-57
-110
-85
-78
-74
-42
-57
-82
-40
-66
-54
-58
-58
-17
-27
-49
-91
-49
-56
-68
-100
-97
-103
-103
-97
-113
-78
-131
-73
-43
-38
-50
-23
-29
-22
-44
-73
-35
-92
-54
-52
-66
-32
-48
-74
-26
-29
-44
-61
-18
-39
-84
-56
-74
-74
-59
-46
-42
-75
-85
-33
-68
-74
-48
-29
-73
-15
-40
-36
-33
-57
-27
-90
-44
-92
-84
-46
-26
-88
-87
-45
-29
-44
-38
-27
-27
-41
-66
-17
-27
-16
-2
4
-23
-12
-5
-31
-41
-81
-55
-24
-20
8
-15
-9
-27
-21
-15
-37
-17
-2
11
21
9
-36
-84
-36
-38
-57
-37
-68
-61
-40
-32
-4
-2
-11
-24
-32
-22
-18
-13
13
8
-44
-23
-51
-45
-55
-51
-46
-44
-73
-47
-73
-82
-14
-32
-1
-37
-24
-34
-10
-30
-26
-42
-32
-30
-26
-11
-24
-1
-18
1
-11
1
-34
-8
-64
-35
-23
-45
-12
-44
9
40
1
-19
14
1
-30
6
-39
-27
-40
-69
-39
-42
-47
-44
-46
-45
-53
-61
-28
-34
-9
-48
-54
-45
-26
-62
-46
-17
-79
-32
-58
-17
0
-20
12
-38
-42
-22
-6
-9
-15
15
-22
6
-22
-30
-47
-28
6
-15
-20
13
-35
-30
7
-49
23
-42
4
-4
-46
11
-11
-27
-76
-20
-18
-46
-26
-63
-64
-28
-82
-44
-47
-43
-55
-94
-59
-96
-99
-60
-31
-56
18
-33
-44
-27
-105
-107
-69
-31
-41
-34
-66
-31
-58
-49
-46
-68
-64
-43
-12
-25
-37
-44
8
-3
-2
4
-40
-9
-42
-29
-70
-33
-28
-59
-20
-27
-57
-52
-5
-84
-13
26
-28
-19
-34
-3
-43
-41
-52
-30
-16
-53
-46
-76
-35
-36
-14
-28
-1
3
-23
9
-16
-8
3
41
2
-13
-21
-7
-2
29
-14
3
48
-41
-24
-27
-38
-26
-10
-8
-9
-21
-69
-47
5
25
13
6
1
41
46
23
4
-10
6
-1
-24
1
26
-2
-23
-27
-1
-4
-36
-82
-51
9
-43
-33
9
4
-4
1
-21
-15
-34
-34
5
-27
-15
-14
-11
-37
15
-58
-51
-36
-26
-82
-38
8
-19
18
-50
-6
-23
-57
-51
-45
-57
-33
-40
-47
-54
-60
-40
-22
-25
-11
31
27
-35
-25
-14
-10
-9
-13
-6
-6
-18
-17
-3
-5
4
15
55
17
9
-26
10
-12
-49
10
-5
0
16
25
34
9
9
-16
-12
-13
-15
-21
-1
-12
-26
-22
-20
-32
-37
-32
12
56
47
23
44
53
33
68
74
84
83
52
66
31
32
51
49
66
46
30
42
-12
25
77
63
87
64
81
82
76
65
64
28
53
115
107
54
66
121
79
66
62
79
48
51
46
27
89
64
80
49
55
59
90
48
35
66
46
76
75
62
18
50
12
39
27
16
73
61
54
33
83
56
28
39
36
10
55
35
32
23
1
50
15
38
32
32
10
21
44
58
22
38
36
-4
46
21
4
27
8
18
9
24
21
47
53
37
71
7
38
18
31
36
36
49
46
9
12
23
21
54
6
24
1
24
25
6
15
17
21
40
-2
54
11
78
37
33
83
42
78
35
48
34
26
25
10
25
31
30
30
43
55
6
1
1
2
-39
-5
-18
-34
13
-14
-17
-60
-23
9
25
41
22
32
10
-35
-50
-31
-63
-65
-25
-45
-55
-16
-46
-20
-5
-71
4
15
14
10
-58
24
2
-12
19
-43
10
-19
-57
-51
-5
13
0
26
6
-29
7
41
41
70
32
46
74
25
11
29
-7
12
29
0
24
32
40
80
45
18
17
25
58
53
14
4
0
-42
3
12
33
35
26
42
44
48
41
26
28
1
24
81
38
45
21
-16
30
37
33
16
29
18
27
-2
46
33
-16
47
14
31
57
21
-15
7
4
0
19
0
-12
18
22
-29
0
-62
-2
18
-37
40
39
26
12
12
29
41
17
73
59
1
25
102
19
26
-58
15
-605
-1408
-1076
-981
-882
-495
-724
-296
709
888
900
1310
1036
527
427
342
75
-457
-820
-834
-513
-301
-380
-237
-108
-330
-213
5
-194
-469
-452
-317
-100
229
324
416
588
632
613
698
201
-116
-1358
-3568
-3792
-4565
-5225
-4487
-5181
-4884
-2499
-1684
-667
1366
1203
887
1780
1408
735
248
-908
-1709
-1640
-1718
-1961
-1672
-1737
-2292
-1699
-1237
-1749
-1761
-1819
-1934
-1394
-696
-198
52
531
704
1038
1474
1017
283
-271
-876
-1450
-1325
-1378
-1832
-1382
-673
-287
433
820
681
800
870
644
813
825
352
509
976
852
976
1186
824
804
919
726
805
1094
1059
1555
2663
3147
3634
4232
4098
3647
3368
2311
948
-53
-1262
-2452
-3275
-3669
-3840
-3356
-2141
-1218
-26
1618
2584
3341
4315
4521
4171
4046
3638
3006
2663
2369
2051
2030
2223
1984
1915
1680
704
-152
-1147
-2447
-3260
-3668
-3885
-3406
-2419
-1119
370
1828
2838
3617
3991
3698
3026
2209
1165
97
-585
-1098
-1433
-1332
-1180
-1066
-911
-871
-993
-1307
-1568
-1956
-2144
-2020
-1902
-1530
-1066
-639
-147
101
-43
-710
-1419
-2099
-3123
-3745
-4279
-4915
-4614
-4180
-3774
-2811
-2184
-1981
-1413
-1138
-1437
-1528
-1783
-2395
-2580
-2474
-2676
-2513
-2155
-2073
-1776
-1228
-1127
-1038
-749
-689
-501
-88
354
684
1125
1579
1866
2158
2352
2420
2667
3082
3690
4425
5408
6642
7798
9566
11713
13971
16352
17580
17063
14434
7795
615
-5827
-12701
-17901
-21868
-24107
-21313
-15513
-9214
-1828
5054
9574
13232
15591
15830
13886
10419
6812
4051
2704
1640
749
459
-225
-1060
-1478
-3120
-6155
-9303
-11618
-12499
-11828
-9765
-6764
-2692
2202
7295
11845
14619
15031
13571
11073
7435
3226
-906
-4984
-7819
-8734
-8212
-6909
-5288
-3731
-2398
-1157
-382
-144
-319
-700
-734
253
1803
3437
5023
6288
7070
7298
6590
4841
2087
-1181
-4218
-6523
-8045
-8794
-8452
-7245
-5170
-2682
-56
1964
3162
3771
4025
3784
3098
2294
1639
1044
1034
1159
1368
653
-727
-2276
-5630
-7427
-8994
-11622
-11234
-10345
-9823
-5612
-1807
-4
3709
5718
4883
5480
4378
1119
-1071
-3147
-5967
-6704
-6394
-6897
-6180
-4455
-3824
-2776
-1036
-1176
-1306
-596
-657
-320
692
1193
1364
2228
2507
2311
2348
1513
550
204
-112
-194
689
1942
3337
5644
7831
10186
12854
14619
16243
17719
19346
20181
17188
9633
1298
-6184
-12547
-17598
-23079
-26535
-24754
-19565
-12211
-3497
3954
8736
12877
16481
18116
17193
13547
8953
5637
3715
2298
1299
28
-1839
-2843
-2654
-3650
-6367
-9527
-12314
-13118
-11969
-9723
-6707
-3112
1241
6373
11719
15093
15673
14200
11489
8039
4235
-104
-4846
-8562
-10139
-9758
-8147
-6449
-4896
-3407
-1877
-371
690
824
162
-146
600
2009
3517
4813
5608
6054
6318
5856
4526
1957
-1499
-4598
-6787
-8226
-8904
-8734
-7892
-6005
-3281
-361
1658
2235
1986
1511
144
-1324
-2655
-4637
-5220
-4463
-4232
-2696
-1051
-1440
-1056
-309
-1719
-2581
-3069
-4969
-5667
-4879
-4576
-3616
-1948
-1438
-872
317
355
-471
-936
-1868
-2976
-2712
-2224
-2138
-1188
117
1206
2598
3656
3812
3536
3104
2416
1874
1568
1420
1741
3095
5454
7924
10762
13402
15539
18094
20557
20679
18152
11050
1937
-5283
-12349
-18496
-22812
-26008
-24831
-18906
-11318
-3081
4265
9143
12949
15868
16909
15566
11870
7673
4309
2726
2128
1292
388
-642
-1482
-1726
-2848
-5668
-9249
-12252
-13307
-12432
-10081
-7063
-3403
1383
6613
11652
15042
15666
13884
11147
7734
3703
-497
-4881
-8370
-9592
-9160
-7598
-5788
-4307
-3042
-1634
-244
334
280
-202
-514
232
1825
3352
4707
5607
6082
6312
5826
4209
1496
-1633
-4633
-6723
-7897
-8279
-8336
-7250
-5597
-4109
-2533
-1620
-1708
-2320
-2162
-2402
-2759
-2066
-1923
-1817
-147
531
239
774
-245
-2343
-2836
-3912
-5678
-6017
-6013
-6246
-4835
-3107
-2268
-1051
-33
-278
-268
-32
-1023
-1675
-1572
-1861
-1360
-148
525
1156
2308
2678
2810
3302
2874
2019
2074
2168
2686
4385
6328
8058
10411
12916
14813
17174
19655
19163
16785
12131
3513
-3711
-9971
-17139
-21674
-24021
-24323
-19391
-11955
-4952
2382
8379
12302
15368
16682
15672
12403
8678
5272
2827
1967
796
-501
-823
-1467
-2090
-2763
-4905
-7887
-10312
-11314
-11016
-9304
-6659
-3496
825
5622
9893
12965
14072
12860
10480
7616
3723
-349
-4099
-7245
-8616
-8198
-6902
-5314
-3791
-2366
-1158
23
548
145
-210
-441
-249
954
2379
3526
4544
5325
5460
5108
3858
1559
-1159
-3835
-5907
-7329
-8058
-9099
-8900
-7686
-6334
-4204
-2805
-2170
-984
-265
234
746
430
-362
-676
-935
-1142
-1616
-2457
-3299
-4027
-4275
-4406
-4621
-4779
-4783
-4284
-3188
-2186
-1338
-929
-734
-421
-255
-116
-529
-973
-1109
-997
-323
330
822
1291
1828
2402
3044
3355
3205
3194
3394
4028
5198
6742
8114
9850
12209
14360
17031
18675
16563
13127
9359
1859
-4822
-10476
-17825
-21010
-20850
-20188
-15061
-7962
-2496
3626
9556
12754
14508
14526
12267
9196
6477
3748
1422
560
-515
-1326
-719
-783
-1938
-3087
-5074
-7347
-8702
-9220
-8925
-7403
-4665
-1468
2764
6957
9665
11220
11512
10094
7535
4443
611
-3176
-5729
-7402
-7675
-6592
-5146
-3391
-1539
1
910
1471
1261
379
-25
-106
-36
750
1757
2538
3456
4050
3920
3111
1568
-565
-2809
-4727
-6380
-8135
-8376
-8293
-7957
-5947
-4357
-3128
-1088
-4
370
1069
634
-239
-775
-1741
-2512
-2786
-3163
-3409
-3547
-3615
-3697
-3602
-3647
-3775
-3638
-3416
-3034
-2243
-1618
-1170
-416
-99
-133
-159
-426
-984
-1203
-1235
-1222
-536
36
747
1624
2519
3177
3506
3966
3975
4197
4956
5450
6368
7751
8715
10535
12605
14782
16388
16694
15245
12029
7311
643
-6363
-12671
-18053
-20915
-20986
-18651
-13659
-6970
-420
5989
11489
14457
15593
14892
12544
9216
5746
2627
174
-1214
-1911
-2089
-1741
-1941
-2752
-3632
-5186
-6967
-8266
-8772
-8141
-6373
-3500
-10
3900
7477
10045
11486
11399
9725
6958
3357
-490
-3947
-6505
-7975
-8107
-7114
-5439
-3267
-1233
395
1517
1919
1729
1235
743
320
312
770
1412
2225
2905
3130
2925
2091
545
-1273
-3445
-5607
-7548
-8401
-8622
-8268
-6693
-4879
-3085
-785
657
1210
1766
1095
-183
-1068
-2336
-3464
-3902
-4155
-4006
-3541
-3136
-2722
-2442
-2576
-2720
-2893
-3110
-3198
-3092
-2629
-2074
-1388
-790
-347
-167
-233
-605
-1043
-1338
-1538
-1241
-638
67
1059
2115
3052
3851
4367
4717
4744
4917
5029
5408
6178
7055
8386
10216
11872
13976
15342
15264
14012
10930
6477
490
-5922
-11747
-16301
-18759
-18729
-16471
-12044
-6253
-206
5548
10155
12807
13816
13092
11290
8504
5428
2798
650
-536
-1183
-1382
-1311
-1746
-2534
-3547
-4967
-6374
-7568
-7989
-7361
-5744
-3111
-16
3425
6428
8692
10032
9945
8530
6019
2859
-372
-3261
-5456
-6618
-6792
-6083
-4593
-2771
-1162
102
898
1125
965
560
132
-87
-37
408
1063
1711
2169
2232
1827
750
-757
-2566
-4637
-6200
-7362
-8040
-7557
-6370
-4953
-2849
-860
398
1527
1755
1036
228
-1032
-2608
-3634
-4456
-5005
-4699
-4278
-3805
-2916
-2345
-2122
-1750
-1739
-1952
-1953
-2070
-2130
-1760
-1458
-1215
-893
-733
-791
-830
-921
-1032
-800
-413
224
1110
1859
2794
3509
3933
4318
4308
4444
4494
4474
5131
5740
6584
8270
9839
11515
13810
14626
14380
13493
10491
6708
1469
-4864
-10190
-14395
-16642
-16666
-14994
-11405
-6261
-854
4545
9037
11602
12465
11937
10429
8238
5547
2988
859
-521
-1022
-1121
-1076
-1305
-2228
-3086
-4129
-5323
-6349
-6991
-6622
-5279
-3008
-140
2927
5506
7492
8817
8864
7782
5540
2632
-296
-2974
-4842
-6008
-6226
-5656
-4345
-2649
-1008
353
1081
1282
1181
799
408
85
-150
-6
500
987
1480
1548
1073
234
-1131
-2738
-4153
-5719
-6968
-7006
-6770
-5839
-3995
-2543
-1051
534
1226
1288
959
-100
-1521
-2713
-3716
-4539
-4933
-4653
-4321
-3627
-2644
-2099
-1713
-1376
-1426
-1601
-1688
-1858
-2094
-2037
-1913
-1825
-1498
-1298
-1400
-1285
-1245
-1203
-899
-491
48
905
1705
2496
3404
3893
4043
4359
4432
4219
4554
4675
4804
5805
6613
7547
9248
10647
12101
13122
12844
11656
9433
6511
2269
-3163
-7660
-11775
-14430
-14480
-13526
-11337
-6922
-2475
2187
6894
9654
10953
11214
10177
8496
6412
3904
1537
-116
-1005
-1605
-1700
-1803
-2611
-3162
-3635
-4438
-5071
-5452
-5465
-4571
-2715
-583
1801
4063
5668
6771
7262
6729
5069
2918
485
-1867
-3487
-4648
-5263
-4984
-4203
-2961
-1426
-198
504
975
1173
922
728
547
82
-105
171
348
671
733
267
-431
-1429
-2542
-3580
-4688
-5691
-5908
-5723
-4976
-3502
-2410
-1431
-197
404
435
461
-294
-1650
-2463
-3280
-4090
-4274
-4248
-4231
-3651
-2881
-2453
-1957
-1633
-1725
-1788
-1745
-1993
-2081
-2109
-2182
-2016
-1742
-1432
-1320
-1129
-1039
-849
-372
68
539
1212
1728
2314
3034
3361
3568
3747
3708
3686
3975
4346
4892
5596
6490
7494
8910
10364
11653
12440
12336
11528
9682
7164
3645
-1290
-6047
-9872
-12836
-13726
-13071
-11586
-8227
-3885
389
4900
8314
9847
10375
10022
8713
6875
4690
2305
285
-677
-1307
-1773
-1782
-2475
-3241
-3583
-4153
-4747
-5034
-5042
-4394
-2837
-847
1220
3265
4900
5957
6606
6438
5102
3113
950
-1161
-2874
-3851
-4587
-4689
-4067
-3168
-1888
-670
30
384
510
526
433
298
254
144
297
683
894
855
566
-371
-1351
-2208
-3435
-4411
-5176
-5642
-5351
-4534
-3448
-2384
-1287
-427
84
252
47
-770
-1711
-2584
-3398
-3707
-3817
-3800
-3421
-2933
-2410
-1621
-1207
-1273
-1328
-1496
-1776
-1983
-2122
-2492
-2604
-2395
-2330
-1990
-1790
-1839
-1696
-1406
-974
-314
493
1187
1976
2789
3408
3735
3979
3884
3510
3260
3172
3256
3569
4134
5033
6136
7596
9159
10475
11984
12586
12274
11387
9188
6310
2536
-2688
-6810
-10097
-12702
-12982
-12186
-10446
-6720
-2599
1321
5262
7781
8905
9383
8921
7665
5960
4105
2172
682
-65
-831
-1345
-1800
-2729
-3377
-3951
-4571
-5048
-5159
-4907
-3825
-2096
-231
1710
3584
4925
5832
6149
5548
4183
2330
323
-1561
-2945
-3903
-4308
-4134
-3429
-2436
-1321
-402
163
479
581
465
312
59
-83
-204
-157
61
106
-59
-536
-1251
-2062
-2941
-3901
-4515
-4817
-4918
-4245
-3317
-2412
-1182
-347
46
375
45
-752
-1586
-2584
-3503
-4007
-4141
-4257
-3923
-3187
-2682
-2016
-1221
-1245
-1357
-1155
-1593
-1914
-1905
-2243
-2407
-2115
-2066
-2012
-1660
-1645
-1734
-1440
-1162
-895
-178
521
1169
2123
2892
3195
3536
3875
3465
3269
3250
2589
2659
3372
3643
4459
5965
6982
8383
10468
11575
11905
12150
10924
8379
6023
2164
-2753
-6317
-9541
-11981
-11935
-10930
-9257
-5726
-1900
1447
4907
7268
8056
8217
7730
6439
4904
3466
1780
561
-45
-727
-1275
-1609
-2449
-3397
-3832
-4494
-5007
-4850
-4493
-3546
-1826
50
1821
3520
4714
5149
5227
4632
3107
1394
-299
-1979
-3071
-3652
-3859
-3604
-2905
-2075
-1198
-362
12
169
227
19
-174
-306
-434
-466
-309
-196
-234
-233
-588
-1267
-1926
-2738
-3547
-3986
-4253
-4322
-3853
-3188
-2364
-1495
-906
-564
-511
-747
-1321
-2003
-2678
-3350
-3693
-3687
-3472
-3028
-2426
-1919
-1489
-1118
-1126
-1332
-1593
-1998
-2313
-2549
-2692
-2627
-2448
-2221
-1972
-1729
-1533
-1440
-1378
-1252
-970
-535
24
806
1607
2152
2818
3217
3302
3463
3264
2899
2717
2711
2883
3498
4305
5141
6135
7444
8603
9957
10934
10648
10151
8598
6259
4132
902
-2933
-5972
-8552
-9887
-9460
-8463
-6781
-4138
-1255
1579
4282
6130
6635
6617
6263
5310
4328
3205
1630
593
-112
-813
-1240
-1924
-2856
-3561
-3982
-4232
-4256
-3960
-3438
-2432
-897
723
2121
3209
3785
3871
3785
3121
1888
588
-878
-1920
-2467
-2772
-2778
-2509
-1997
-1478
-820
-355
-295
-370
-450
-608
-564
-475
-677
-716
-608
-639
-736
-823
-1327
-2036
-2391
-2893
-3342
-3257
-3259
-3240
-2677
-2055
-1536
-995
-847
-962
-1261
-1628
-2148
-2806
-3257
-3537
-3622
-3313
-2858
-2508
-2109
-1688
-1467
-1281
-1295
-1608
-1917
-2193
-2342
-2280
-2067
-1936
-1845
-1627
-1465
-1337
-1288
-1287
-1229
-1027
-469
218
968
1561
2103
2501
2771
2976
3008
2784
2465
2447
2640
3104
3887
4616
5354
6184
7179
8169
9391
10359
10143
9546
8206
6313
4345
1354
-2317
-5493
-7992
-9305
-9160
-8233
-6742
-4392
-1500
1584
4193
5905
6598
6500
6072
5188
4085
2819
1318
180
-539
-986
-1301
-1811
-2608
-3116
-3438
-3597
-3692
-3625
-3234
-2367
-1065
427
1815
2819
3495
3652
3564
3113
1925
539
-726
-1857
-2432
-2704
-2670
-2498
-2056
-1353
-745
-266
-180
-276
-458
-727
-869
-923
-1007
-1099
-987
-815
-806
-850
-1113
-1611
-1988
-2387
-2771
-2942
-3035
-2829
-2398
-2097
-1750
-1509
-1543
-1577
-1736
-2222
-2549
-2871
-3204
-3279
-2958
-2737
-2501
-1951
-1681
-1560
-1226
-1248
-1608
-1687
-1908
-2199
-2155
-2063
-2134
-1993
-1818
-1778
-1630
-1381
-1230
-920
-372
241
999
1768
2256
2566
2763
2856
2941
2938
2712
2760
2943
3067
3646
4143
4694
5626
6377
7312
8234
8958
9304
9197
8561
7241
5274
2724
-220
-3369
-5936
-7962
-8988
-8722
-7569
-5548
-2850
-19
2627
4749
6215
6697
6493
5790
4493
3135
1910
665
-224
-840
-1350
-1783
-2047
-2452
-2911
-3158
-3434
-3576
-3246
-2651
-1720
-457
921
2125
3100
3754
3856
3471
2654
1477
176
-1021
-2084
-2716
-2941
-2892
-2426
-1793
-1111
-499
-110
19
-36
-210
-523
-790
-989
-1128
-1117
-957
-982
-966
-1024
-1287
-1585
-1918
-2287
-2583
-2816
-2883
-2648
-2336
-1999
-1691
-1485
-1485
-1546
-1668
-1974
-2402
-2654
-2900
-2985
-2745
-2529
-2323
-1928
-1729
-1598
-1429
-1524
-1740
-1861
-1957
-2016
-1906
-1718
-1669
-1637
-1485
-1467
-1470
-1278
-1138
-857
-323
336
1098
1654
2075
2303
2445
2508
2538
2492
2548
2926
3338
3803
4555
5147
5579
6290
6787
7163
7956
8734
8744
8653
7828
6224
4495
2201
-751
-3616
-6195
-8064
-8651
-8207
-6934
-4934
-2352
426
2994
5200
6424
6705
6442
5485
4285
3055
1596
289
-650
-1312
-1635
-1746
-2073
-2409
-2729
-2936
-3001
-2902
-2572
-2144
-1269
-137
1121
2261
3080
3445
3570
3214
2394
1365
96
-1175
-2049
-2610
-2778
-2654
-2286
-1685
-989
-451
-7
208
36
-165
-460
-651
-822
-913
-909
-936
-885
-849
-950
-1213
-1571
-2103
-2481
-2652
-2805
-2732
-2494
-2258
-1814
-1310
-1145
-1096
-1215
-1540
-1832
-2149
-2451
-2741
-2854
-2746
-2510
-2168
-1794
-1506
-1391
-1288
-1318
-1453
-1556
-1771
-1970
-1964
-1861
-1730
-1547
-1295
-1142
-1007
-817
-782
-668
-397
-164
211
797
1285
1660
2112
2505
2732
3067
3268
3404
3848
4201
4584
5213
5768
6227
6865
7406
8113
8872
9127
8686
7564
5833
3716
1262
-1468
-4281
-6630
-8074
-8364
-7499
-5793
-3796
-1383
1268
3567
5449
6498
6507
5918
4963
3904
2807
1648
526
-380
-902
-1171
-1429
-1755
-2324
-2800
-3036
-3101
-2963
-2643
-2138
-1309
-123
1146
2259
3030
3370
3288
2979
2297
1258
41
-1081
-1964
-2385
-2390
-2267
-1885
-1453
-966
-418
-76
-2
-134
-360
-642
-715
-686
-700
-737
-655
-605
-582
-661
-1058
-1485
-1932
-2342
-2533
-2707
-2780
-2549
-2272
-1904
-1445
-1231
-1154
-1084
-1322
-1607
-1724
-2000
-2283
-2256
-2265
-2219
-1992
-1867
-1756
-1608
-1457
-1449
-1476
-1467
-1578
-1583
-1491
-1465
-1380
-1333
-1292
-1181
-1076
-973
-843
-666
-435
-118
305
841
1258
1591
1971
2170
2500
2663
2734
3116
3551
3964
4591
5088
5495
6309
6880
7310
7992
8459
8405
8101
7416
5947
4160
2069
-337
-2718
-4628
-6112
-6958
-6687
-5720
-4335
-2283
-196
1694
3470
4683
5228
5299
4905
4011
3144
2204
1197
392
-249
-763
-1150
-1479
-1858
-2173
-2458
-2626
-2615
-2334
-1894
-1265
-448
539
1445
2154
2678
2709
2579
2097
1331
569
-289
-957
-1394
-1667
-1785
-1577
-1281
-1022
-721
-524
-440
-480
-580
-667
-763
-759
-732
-672
-540
-617
-659
-774
-1020
-1299
-1639
-1932
-2151
-2349
-2370
-2282
-2124
-1936
-1721
-1586
-1444
-1317
-1446
-1559
-1675
-1818
-1918
-1999
-2008
-1977
-1850
-1648
-1450
-1413
-1259
-1267
-1366
-1294
-1341
-1417
-1386
-1304
-1231
-1045
-881
-831
-709
-583
-546
-346
-87
71
401
904
1202
1528
1901
2026
2262
2578
2833
3228
3866
4473
5133
5860
6278
6751
7398
7827
8301
8662
8356
7639
6518
4894
2928
734
-1675
-3918
-5560
-6427
-6511
-5783
-4398
-2922
-824
1317
3042
4527
5311
5378
5158
4632
3656
2696
1694
659
-126
-648
-995
-1403
-1707
-2049
-2316
-2367
-2318
-2132
-1817
-1228
-556
349
1262
2013
2536
2823
2700
2314
1773
881
42
-757
-1366
-1670
-1722
-1615
-1413
-991
-638
-416
-208
-190
-299
-357
-395
-476
-418
-337
-356
-304
-321
-443
-674
-963
-1320
-1735
-2006
-2223
-2299
-2182
-2144
-1958
-1581
-1360
-1184
-1017
-1086
-1222
-1353
-1501
-1572
-1646
-1625
-1721
-1691
-1595
-1445
-1287
-1250
-1114
-1073
-1017
-925
-879
-963
-941
-968
-1024
-1022
-1135
-1225
-1239
-1120
-910
-556
-149
278
774
1281
1756
2006
2270
2387
2362
2613
2808
3014
3538
4195
4823
5451
6204
6730
7198
7669
8075
8029
7752
6965
5561
4207
2629
560
-1216
-2665
-4195
-4800
-4600
-4221
-3151
-1890
-699
958
2378
3224
3824
4081
3878
3619
3285
2718
2004
1345
605
-25
-388
-1082
-1654
-1978
-2354
-2451
-2191
-1890
-1486
-844
-318
434
1133
1557
1763
1778
1691
1311
817
326
-342
-810
-1066
-1342
-1403
-1232
-1167
-1005
-714
-682
-473
-471
-580
-713
-797
-810
-808
-754
-784
-681
-793
-860
-911
-1180
-1378
-1568
-1769
-1771
-1746
-1743
-1713
-1667
-1578
-1600
-1534
-1402
-1584
-1598
-1556
-1659
-1547
-1486
-1560
-1491
-1360
-1298
-1232
-987
-881
-919
-737
-636
-601
-500
-569
-706
-738
-882
-1014
-1035
-1139
-1118
-843
-471
-117
376
815
1229
1662
2066
2257
2516
2724
2865
3207
3717
4223
4739
5265
5658
6136
5815
5648
5694
5194
5112
4752
3746
2977
2346
1159
235
-465
-1528
-2073
-2185
-2008
-1531
-806
-154
487
1439
2093
2489
2829
2696
2222
1976
1493
948
544
46
-357
-616
-686
-820
-979
-1000
-1160
-1183
-1048
-951
-849
-507
-309
-44
411
495
621
656
370
115
-122
-536
-970
-1274
-1495
-1617
-1499
-1347
-1245
-1060
-800
-644
-395
-276
-338
-422
-554
-679
-833
-962
-1131
-1330
-1541
-1664
-1819
-1903
-1952
-2023
-2027
-1924
-1747
-1580
-1506
-1437
-1412
-1413
-1357
-1395
-1523
-1602
-1623
-1671
-1546
-1511
-1489
-1458
-1398
-1272
-1205
-1055
-1019
-959
-809
-661
-568
-494
-511
-612
-664
-717
-745
-713
-657
-482
-186
192
677
1089
1389
1796
2039
2339
2779
3073
3410
3889
4298
4746
5185
5608
5947
6395
6858
7119
6827
6023
4802
3256
1699
-20
-1600
-2845
-3695
-3798
-3445
-2548
-1393
-348
680
1652
2391
2832
2891
2709
2408
1999
1625
1305
915
466
9
-433
-750
-1177
-1555
-1891
-2107
-2090
-1956
-1565
-1188
-746
-195
164
598
840
762
592
318
-102
-480
-835
-1240
-1499
-1623
-1636
-1634
-1470
-1353
-1314
-1174
-1028
-971
-855
-720
-729
-696
-654
-650
-692
-740
-899
-1152
-1387
-1585
-1803
-2045
-2138
-2213
-2237
-2075
-1896
-1784
-1694
-1548
-1568
-1524
-1441
-1561
-1611
-1575
-1628
-1546
-1372
-1293
-1290
-1240
-1062
-938
-860
-802
-795
-783
-772
-694
-677
-605
-645
-622
-555
-516
-328
-215
-39
278
547
938
1354
1572
1875
2092
2286
2594
2943
3250
3586
3997
4383
4903
5479
5933
6298
6349
5955
5280
4155
2741
1244
-438
-1853
-2569
-2852
-2624
-2011
-1214
-207
729
1466
2097
2279
2156
1868
1562
1294
967
797
662
587
566
491
243
-44
-486
-1111
-1500
-1717
-1843
-1873
-1625
-1234
-695
-141
357
592
694
580
224
-18
-607
-1188
-1568
-1837
-1849
-1715
-1555
-1383
-1172
-1063
-955
-978
-1059
-1130
-1288
-1299
-1381
-1358
-1214
-1201
-1116
-1102
-1123
-1168
-1334
-1572
-1810
-1913
-2035
-2015
-1936
-1813
-1775
-1605
-1475
-1561
-1494
-1581
-1689
-1633
-1633
-1654
-1598
-1500
-1458
-1225
-1132
-1183
-1126
-1072
-967
-948
-791
-754
-695
-528
-398
-329
-238
-158
-151
-92
-7
157
362
585
795
1040
1306
1548
1636
1704
1797
1976
2246
2571
2962
3451
4040
4662
5271
5864
6076
5636
4987
3833
2384
1090
-306
-1684
-2385
-2706
-2624
-1778
-753
26
946
1725
2180
2308
2263
1822
1320
1110
720
533
549
278
10
-20
-298
-623
-896
-1418
-1761
-1857
-1899
-1805
-1359
-953
-565
-42
350
476
487
314
-217
-643
-1103
-1578
-1833
-1983
-1991
-1870
-1590
-1321
-1076
-926
-1007
-1143
-1339
-1536
-1650
-1750
-1832
-1801
-1651
-1480
-1268
-1143
-1209
-1295
-1406
-1601
-1704
-1826
-1973
-1921
-1818
-1695
-1498
-1318
-1371
-1382
-1418
-1540
-1564
-1648
-1744
-1737
-1544
-1324
-1092
-802
-644
-475
-283
-281
-313
-295
-462
-509
-423
-446
-346
-218
-189
-17
141
278
440
609
769
965
1217
1413
1638
1742
1864
1916
1907
1962
1970
2075
2244
2514
2898
3372
3802
4340
4611
4303
3746
2764
1485
499
-625
-1701
-2065
-2210
-2073
-1121
-149
573
1544
2048
2190
2263
1986
1485
982
594
158
61
90
-25
-46
-64
-195
-399
-652
-1079
-1333
-1504
-1660
-1543
-1263
-1044
-724
-330
-21
2
-40
-205
-585
-973
-1274
-1663
-1850
-1835
-1887
-1631
-1451
-1323
-1241
-1182
-1277
-1471
-1527
-1693
-1888
-1888
-1833
-1853
-1653
-1499
-1568
-1502
-1550
-1748
-1807
-1839
-1970
-1981
-1785
-1659
-1439
-1201
-1137
-1016
-876
-944
-1058
-1081
-1197
-1266
-1208
-1085
-998
-807
-678
-581
-422
-362
-374
-295
-282
-264
-86
55
206
424
526
544
556
586
611
747
808
885
1032
1261
1597
1962
2256
2513
2883
3030
3166
3267
3191
3089
2918
2670
2484
2290
1880
1340
786
283
-218
-467
-540
-763
-748
-514
-289
113
552
841
1022
1224
1371
1459
1463
1251
1027
877
606
378
235
-53
-393
-602
-831
-985
-1102
-1237
-1322
-1221
-1023
-898
-717
-500
-435
-394
-291
-390
-539
-749
-1037
-1277
-1427
-1572
-1602
-1651
-1750
-1746
-1603
-1530
-1501
-1526
-1532
-1554
-1620
-1570
-1578
-1592
-1583
-1591
-1641
-1615
-1673
-1720
-1773
-1888
-1781
-1695
-1631
-1556
-1501
-1401
-1199
-1036
-932
-769
-694
-749
-721
-698
-774
-804
-844
-934
-915
-769
-699
-538
-338
-171
179
500
660
812
855
924
876
872
853
818
859
878
924
1158
1435
1651
1972
2289
2601
2955
3172
3172
3021
2818
2481
2098
1726
1182
672
290
51
-124
-224
-121
50
313
652
839
1049
1220
998
922
928
685
607
518
315
355
310
194
202
55
-144
-321
-357
-438
-585
-503
-517
-446
-198
-125
-139
-169
-321
-563
-630
-807
-974
-1142
-1281
-1363
-1312
-1230
-1215
-1142
-1090
-1039
-937
-893
-1009
-1105
-1208
-1337
-1398
-1433
-1478
-1623
-1704
-1726
-1708
-1696
-1690
-1630
-1552
-1546
-1495
-1360
-1316
-1274
-1296
-1327
-1257
-1183
-1184
-1227
-1194
-1146
-1120
-1053
-984
-868
-738
-702
-621
-477
-412
-407
-325
-312
-268
-156
-86
36
89
180
269
328
451
524
586
683
724
929
1057
1168
1337
1475
1584
1646
1701
1739
1704
1612
1621
1503
1430
1495
1369
1252
1213
1030
1012
914
827
832
876
976
959
941
951
901
768
792
582
429
358
267
333
361
339
421
403
295
294
250
72
-37
-103
-190
-108
-55
-40
84
-10
-95
-54
-239
-442
-724
-926
-1136
-1221
-1198
-1235
-1164
-1020
-887
-778
-679
-670
-738
-972
-1102
-1227
-1289
-1365
-1413
-1506
-1440
-1414
-1420
-1260
-1384
-1410
-1402
-1356
-1403
-1432
-1507
-1575
-1506
-1438
-1388
-1321
-1261
-1248
-1186
-1182
-1114
-1088
-1157
-1158
-1101
-972
-835
-716
-550
-474
-373
-320
-308
-316
-432
-451
-428
-406
-223
-44
162
455
771
996
1124
1122
1211
1161
934
817
786
802
805
761
887
1006
1053
1281
1389
1469
1678
1685
1680
1746
1673
1553
1356
1119
901
728
490
359
344
302
386
414
561
720
752
706
686
673
614
634
664
700
666
566
533
431
216
6
-186
-385
-512
-570
-583
-447
-261
-104
122
264
167
111
-47
-346
-606
-860
-1157
-1253
-1261
-1185
-1019
-861
-656
-615
-636
-634
-883
-948
-1069
-1362
-1394
-1404
-1399
-1322
-1280
-1280
-1147
-1151
-1260
-1257
-1273
-1370
-1351
-1281
-1287
-1118
-1037
-987
-959
-903
-887
-945
-976
-1058
-1091
-1113
-947
-780
-676
-531
-549
-430
-361
-442
-510
-562
-604
-598
-480
-307
-43
216
389
581
782
835
854
745
574
454
260
197
316
285
398
571
753
879
935
947
1045
1136
1116
1178
1193
1177
1222
1166
942
912
858
632
575
501
430
525
535
508
592
536
444
374
320
186
91
106
192
293
380
507
551
542
452
277
61
-127
-210
-357
-492
-472
-400
-374
-431
-507
-546
-500
-509
-644
-627
-583
-697
-683
-596
-608
-563
-534
-648
-720
-723
-877
-1031
-1015
-1194
-1171
-1147
-1059
-949
-862
-807
-877
-857
-900
-914
-974
-991
-986
-961
-922
-860
-787
-686
-714
-736
-698
-816
-873
-928
-1019
-984
-921
-701
-550
-442
-274
-204
-62
-134
-238
-325
-289
-319
-379
-239
-170
-24
92
125
300
388
373
334
262
222
190
131
146
184
238
366
457
453
449
555
504
585
669
650
820
841
807
952
887
710
714
578
459
380
319
354
216
209
263
268
307
286
353
342
340
458
405
369
363
261
192
152
30
-7
-117
-150
-31
-124
-60
-39
-51
67
-2
-40
42
-99
-155
-196
-272
-241
-278
-372
-500
-414
-407
-411
-364
-450
-415
-330
-357
-510
-528
-647
-667
-670
-718
-658
-663
-650
-583
-582
-562
-593
-640
-657
-618
-598
-538
-443
-478
-499
-564
-505
-607
-716
-802
-824
-829
-718
-645
-528
-296
-157
-50
20
82
-21
-16
-100
-179
-264
-290
-243
-112
48
57
264
379
399
489
398
288
287
119
-8
-82
-179
-107
-54
10
175
305
334
468
505
466
432
463
446
417
364
269
385
312
294
367
206
237
333
177
294
285
227
415
294
246
421
336
245
206
147
255
261
82
78
186
132
257
288
341
408
362
365
383
181
78
68
-160
-243
-192
-278
-164
-87
-158
40
1
55
189
26
-70
61
-106
-158
33
-128
-116
-30
-57
-57
-148
-214
-236
-139
-480
-433
-336
-325
-90
-72
-152
52
131
9
72
-76
-82
-122
-248
-370
-338
-309
-315
-294
-314
-208
-130
-78
-173
-143
-15
-141
-141
-75
-51
-43
22
43
-11
134
-1
-46
24
-20
-15
161
73
151
312
189
366
378
349
306
192
117
122
135
-121
-73
15
-69
68
0
97
329
213
142
323
307
308
371
273
332
406
261
344
427
286
221
344
173
262
271
121
246
207
184
234
377
265
392
341
295
362
194
267
250
171
182
212
273
304
208
227
228
50
3
-33
-74
-103
-116
-271
-93
28
-169
1
-76
-150
241
248
113
284
68
90
-54
-341
-364
-379
-505
-473
-428
-289
-80
29
110
151
253
227
309
300
119
73
-118
-199
-142
-467
-362
-325
-408
-166
-173
-17
174
158
165
241
170
336
163
63
204
93
99
91
9
-20
17
-154
-17
133
119
191
424
349
449
570
305
503
427
187
188
117
44
149
60
-43
100
183
327
334
411
543
616
513
353
342
363
208
173
38
135
297
229
330
310
421
464
433
378
452
295
333
315
222
303
252
365
273
195
343
358
334
406
223
260
161
11
188
156
154
164
247
408
445
364
451
390
293
281
26
-16
-3
-72
-107
-136
-43
139
238
344
339
363
364
326
161
31
27
6
-142
-135
26
-54
116
-38
103
235
92
227
144
159
213
175
42
291
190
177
182
110
131
55
-8
7
161
8
254
279
248
447
393
396
501
513
421
311
99
161
120
90
97
39
266
208
359
408
209
323
356
414
479
297
460
485
420
360
259
500
428
336
404
464
371
387
301
391
502
438
462
526
554
458
452
299
328
237
221
215
92
176
185
361
457
373
591
612
483
624
478
426
389
450
397
196
198
177
364
241
218
222
317
175
167
128
142
209
66
237
182
260
277
300
264
169
232
143
136
142
2
198
130
103
229
129
213
72
-34
129
123
43
321
86
174
394
272
291
200
246
7
47
-89
12
120
25
167
306
273
324
300
226
489
368
405
276
272
324
237
171
167
196
239
257
280
307
418
397
254
348
182
401
264
272
304
272
341
281
331
287
346
254
251
184
338
333
393
420
431
367
353
236
281
455
189
271
341
320
403
369
126
331
373
277
287
89
294
222
200
84
121
207
165
101
176
229
141
210
39
195
147
88
106
120
295
48
10
36
24
103
23
-50
-24
-90
-63
119
-44
-67
27
23
40
44
108
130
131
86
56
6
-89
41
-112
-48
-115
-106
-101
-172
-138
-199
-141
-282
-176
-262
-54
-15
-46
51
8
97
39
93
-49
18
-97
-163
7
-120
-253
-33
-77
-98
91
-15
45
180
86
15
77
-54
186
159
30
162
151
152
108
-22
134
186
105
82
91
191
133
146
112
273
231
230
197
162
159
158
183
74
229
154
145
107
131
262
87
167
257
121
212
82
78
140
-47
20
-94
-129
2
27
21
40
107
93
104
75
-35
-11
-35
23
46
-130
-173
-120
-117
-61
-268
-224
-105
-171
-142
-137
-171
-42
-175
-59
-76
-157
-85
-74
-88
-270
-148
-84
-220
-297
-218
-308
-167
-238
-280
-135
-297
-197
-195
-167
-76
-157
-172
-51
-122
-180
-175
-222
-153
-304
-305
-257
-145
-221
-239
-46
-88
-124
-199
-191
-256
-191
-138
-136
-98
-179
-145
-70
-62
-51
-72
-9
-114
-57
-98
-69
-33
-11
172
60
89
-8
0
80
-12
27
48
-61
7
66
-15
83
-77
100
105
-46
47
66
72
20
11
-54
123
77
62
28
32
87
-38
-2
-5
39
30
-41
13
25
15
-22
-58
14
-67
-53
-5
-5
-36
-57
-161
-20
-98
-156
-38
-165
-90
-96
-130
-108
-45
-121
-78
-139
-186
-146
-121
-141
-193
-143
-104
-221
-213
-235
-136
-153
-284
-79
-185
-140
-102
-250
-42
-143
-194
-25
-203
-139
-78
-179
-123
-202
-192
-13
-88
-122
-113
-79
-111
-171
-175
-90
-146
-125
-116
-143
60
-63
-9
-23
-98
17
23
-97
-41
27
72
6
-6
-6
125
85
-37
59
-18
-73
20
-12
-215
116
-67
6
227
-63
55
97
115
108
17
68
107
72
1
40
144
-5
-6
79
129
126
56
-25
91
98
86
42
-53
85
-14
13
-4
2
26
117
-53
-85
78
5
52
-105
-84
-85
-127
-102
-3
-52
-173
-129
-102
-61
-160
-134
-118
-19
-4
-100
-92
-36
-112
-156
-233
-141
-42
-161
-165
-250
-172
-153
-261
-285
-218
-246
-142
-345
-234
-190
-278
-99
-315
-145
-39
-94
-138
-34
-166
-89
-48
-130
-29
-78
-135
-46
-50
-203
-124
-239
-91
-126
-280
-135
-41
-89
-111
-22
-91
-28
5
-41
117
10
14
167
76
-63
-63
-63
-109
-27
-122
-54
106
8
46
13
110
173
113
95
58
115
173
79
-17
-41
53
35
3
144
16
90
118
22
119
59
99
247
-30
31
149
-1
131
9
24
172
19
-3
-9
-15
-46
-126
-90
-54
-128
89
-52
94
127
36
162
8
87
27
-97
-48
-66
-142
-36
-60
17
-113
-94
16
-179
-168
-146
-118
-4
-205
-202
-53
-136
20
-101
-154
-66
-107
-115
-75
-128
-212
-181
-181
-153
-255
-55
-164
-195
-157
-199
-74
-230
-59
-62
-154
-146
-73
-96
-282
-34
-213
-102
-66
-205
24
-100
-118
98
-33
-205
-35
-125
-143
36
-100
32
58
37
142
6
3
14
78
-3
91
-8
-78
75
6
-22
-47
-27
-54
-6
18
42
125
99
14
30
113
5
107
64
135
123
25
100
90
91
-83
75
38
-14
25
1
67
-14
53
56
-17
9
-74
-93
-145
-76
-145
-120
-9
11
31
55
-17
-37
76
-126
-78
41
-6
-54
-5
-235
-76
27
-357
-186
-105
-306
-19
-80
-235
-10
-224
-80
-92
-133
-64
-92
-158
-210
-124
-170
-176
-192
-242
-155
-154
-240
-205
-149
-101
-117
-156
-137
-46
-142
-134
-46
-51
-37
-66
-192
-76
-108
-221
-72
-204
-85
-95
-254
-90
-18
-128
-12
4
-11
108
-19
98
22
36
144
-17
115
16
6
85
54
66
40
103
29
103
19
78
88
92
47
82
205
140
70
-26
53
120
48
-49
4
64
68
103
53
24
138
11
-61
67
8
43
63
-99
17
80
9
60
38
71
-36
-95
-66
-64
-82
-85
-72
-55
-73
4
52
-80
-48
-63
-69
-45
-156
-33
-120
-189
-147
-185
-52
-89
-1
-78
-169
-134
-161
-240
-255
-246
-227
-30
-164
-143
-22
-64
-56
-220
-151
24
-100
-255
-185
-54
-61
-185
-88
-106
-53
-71
-214
-29
-5
-112
-113
-47
-63
134
-88
-53
115
-123
-90
49
-79
57
-1
-119
2
-168
-130
-102
-48
-55
-78
-78
7
2
-36
-34
-44
27
-3
41
83
21
135
106
98
86
12
223
-17
-25
120
-128
93
20
-36
191
129
82
184
58
71
167
-45
58
0
151
50
-29
28
57
50
-64
27
21
5
-4
101
-15
9
-26
70
137
-105
20
32
-74
82
-48
-24
92
-60
56
-139
-178
8
-26
-52
-6
-99
-8
2
-109
-84
-79
-86
-182
-187
-232
-71
-126
-79
-117
-86
-139
-231
-95
-115
-39
-161
-79
-111
-48
-24
-178
-9
-57
-81
-56
-162
-78
-107
-154
-83
-159
-101
-125
-132
-36
9
-130
-95
-122
-216
-50
20
28
-46
126
-11
-4
-63
-225
-48
-62
-47
73
30
-107
100
-54
-64
-18
-66
-75
-1
3
9
83
-79
-45
-15
-18
-82
-35
-37
72
46
29
-52
44
90
33
86
-159
-65
-1
40
-90
125
63
63
148
17
13
3
166
75
11
-27
79
92
15
-104
-40
-81
-105
27
-178
-130
-39
-171
-21
-42
-161
-30
-77
-113
-103
-170
-108
-81
-168
-84
-150
-128
-67
-194
-184
-252
-61
-164
-158
-132
-204
-86
-92
-206
-64
-151
-145
-77
-203
20
-53
-127
-116
-154
-154
-112
-281
-123
-47
-110
-203
-164
39
-142
-160
-105
-93
-16
-116
-242
16
-73
-48
-27
-46
121
-52
-2
-52
-95
31
-70
-91
79
36
-30
14
47
1
-6
-89
-69
28
8
-12
35
22
-37
-38
66
41
-71
-28
-41
-12
-32
-112
18
59
8
-98
-75
33
5
115
25
-60
88
82
14
79
47
-115
-86
-29
-92
-51
-46
-74
77
-92
-90
-34
-174
-69
-150
-117
2
-22
-19
-21
-68
-11
-60
-117
-130
-130
-111
-110
-63
-47
23
-35
-70
-85
-44
-105
-154
-114
-73
-103
-120
-30
-141
-53
-99
-130
-125
-97
-64
-90
-138
-85
-52
-140
-93
-116
-53
41
-110
-11
-42
-54
48
-62
-123
-59
4
-83
10
-8
-1
-43
-2
-66
-29
-7
5
21
-117
-125
-135
-97
-125
-11
-21
-20
38
-35
61
-72
-112
3
-14
89
61
-37
180
23
16
-6
-46
17
-34
9
90
32
169
125
-110
120
-142
-25
52
-97
149
55
103
170
58
151
71
25
152
18
42
93
121
107
-9
116
18
-72
106
-1
-11
12
-132
127
-21
-34
123
-31
84
187
48
141
58
145
156
-98
97
-74
63
-1
-38
84
-30
-53
29
-10
34
51
-53
117
-7
62
77
8
72
-6
-37
78
-40
33
86
-47
68
73
3
49
68
117
166
158
225
144
123
90
6
138
41
34
9
96
201
112
-7
58
21
61
141
-59
180
201
71
113
71
34
153
100
59
52
33
28
82
162
75
192
70
101
134
-2
138
113
13
118
-20
51
177
-13
77
73
144
194
0
91
165
136
115
90
122
54
44
38
-58
36
144
-42
57
43
34
74
12
24
-2
27
28
50
114
125
133
58
-50
130
61
-4
31
11
94
27
-94
75
13
-26
-9
-61
-59
0
-1
-38
-55
-98
-46
-63
-75
-82
-23
-6
-78
-132
-69
-5
-61
-59
-41
55
83
-5
-14
11
37
32
-7
59
60
37
8
30
34
6
25
-195
-11
-8
-129
-84
-118
-22
71
-85
-53
42
0
153
-27
-21
98
85
71
72
10
121
138
-30
60
54
95
-27
-6
30
149
66
56
55
21
172
7
24
129
133
48
-26
-31
143
111
99
103
135
186
91
32
114
200
132
201
98
119
157
172
21
111
94
9
61
-22
84
60
124
50
109
64
46
56
16
87
69
75
48
93
75
77
1
-3
85
18
59
-50
-34
65
-13
-44
3
-63
41
61
21
25
6
21
-25
33
6
-4
23
114
-1
130
133
45
98
-14
-14
10
-15
-64
-61
-48
-17
-69
-61
24
-14
-19
-29
6
24
-36
-68
-16
22
31
35
-9
59
67
-20
38
25
-34
42
69
29
-12
69
-14
60
-37
-83
55
-99
-28
-14
-19
65
-32
-70
-30
8
39
-15
-39
16
53
-18
-48
-39
-20
-48
-47
-23
-8
52
62
80
34
-1
129
71
53
81
-28
57
39
-60
38
-92
-68
46
-43
28
-24
-47
-11
-91
-67
-17
-106
-52
-24
-92
-72
-18
-59
-38
-96
-92
4
-3
54
-18
15
1
-63
-8
20
-17
-8
6
42
-62
-49
53
-52
-97
-50
-87
-85
-108
-152
-20
-61
-162
-99
-70
5
60
-83
-78
24
-44
-107
-80
-78
19
-36
-61
25
-21
-48
-52
21
11
-111
-68
-32
-39
-13
-51
-110
37
-46
-28
18
-31
127
41
-6
12
-1
53
42
-89
-39
-69
-119
1
-8
-8
2
-21
-38
33
1
-20
15
-44
-11
65
-42
-13
-16
-48
4
-56
-94
-33
-85
-71
-74
-153
-28
-89
-116
-37
-109
-73
-78
-185
-78
-54
-184
-116
-99
-126
-38
-76
-87
-102
-125
-57
-4
-63
-89
-95
-121
-90
-109
-187
-118
-112
-193
-59
-102
-176
-80
-136
-12
-16
-195
-32
38
-52
-68
-85
-136
14
-87
-39
-52
-189
-32
-117
-70
-40
-75
-76
-88
-72
-86
-27
4
-70
-33
-97
-27
63
-55
-63
-84
-49
5
-37
-40
-30
6
-37
-49
25
93
9
-36
29
-83
-25
-21
-115
9
22
10
26
-27
-80
65
-82
-76
73
-7
-24
14
49
68
48
-18
18
-24
14
36
-67
-12
52
-61
-2
-17
-27
33
-29
-56
46
-37
19
45
36
87
3
93
49
-5
-25
-67
8
-50
-73
29
11
-17
27
-50
19
15
-72
25
-3
-31
34
4
11
-36
-83
-4
-45
-89
19
30
-20
-20
-67
29
45
2
7
-28
-25
-18
0
-125
-65
-32
-129
-33
-104
-26
33
-105
-59
53
-45
-3
-1
-43
111
31
35
37
-8
4
-21
-2
-19
18
7
-17
-13
33
57
-45
-43
34
25
-11
-52
-52
21
-42
-55
18
2
-37
55
2
42
93
-34
-11
63
-44
-14
12
35
128
57
12
86
68
-77
-41
73
23
59
57
25
78
24
2
0
27
6
-20
3
93
21
25
98
13
73
54
45
27
33
-49
-32
32
-77
54
45
-48
42
30
14
-30
46
5
66
17
55
112
-39
26
26
-42
-46
-19
-61
7
-41
-78
44
37
22
-26
-35
-6
11
16
10
61
97
71
-10
42
64
41
23
45
69
59
70
85
115
70
30
11
38
54
-45
10
22
-15
88
-4
33
61
-29
-14
-37
10
41
107
102
110
157
58
59
75
68
98
107
74
130
94
93
114
91
145
92
77
57
9
-17
26
-33
21
3
5
89
24
48
67
61
105
99
111
85
61
129
146
4
27
80
89
16
82
170
117
131
76
9
59
25
4
29
34
91
99
131
79
116
109
76
45
69
46
18
40
96
97
54
97
19
12
85
14
27
28
58
11
61
22
46
77
-1
60
-7
99
73
60
90
52
35
21
6
4
34
48
-29
31
3
59
54
43
85
52
110
53
30
37
56
56
111
44
48
96
59
55
14
-3
41
36
44
-11
30
46
136
96
22
97
107
80
-24
16
82
92
65
64
103
61
86
25
45
69
17
83
64
64
31
47
53
-58
48
42
32
10
25
83
8
46
-6
57
152
42
34
105
45
78
104
-14
34
92
47
35
42
105
79
-5
-13
33
66
83
55
42
88
31
40
-4
24
53
29
77
124
61
109
96
62
73
55
56
48
84
110
106
26
51
103
75
102
66
46
15
52
31
7
73
-7
127
104
45
117
108
58
60
19
10
73
81
-5
101
114
-2
21
67
131
72
93
4
-16
79
-27
-57
-48
-3
42
16
-39
54
23
9
20
-16
64
16
16
80
32
11
27
-9
38
38
59
101
148
122
57
40
77
116
49
37
42
42
33
29
30
94
47
48
24
-12
26
43
15
30
118
58
104
133
40
31
6
-21
51
3
-51
32
45
-66
-14
-21
-37
26
53
-23
16
-25
-7
42
-51
-40
19
-57
-37
-6
-59
-37
-26
-22
-59
-20
30
37
-8
20
65
31
29
23
75
97
85
75
-7
6
-33
-97
-39
-75
18
4
-57
3
8
-28
-32
84
23
32
-9
12
38
9
2
-30
29
9
40
-67
-40
-17
-38
31
-23
12
80
49
31
66
75
0
14
60
-34
62
-10
-48
25
-32
-55
-12
-6
23
52
-19
35
64
49
-1
73
106
8
40
40
47
133
48
11
42
25
14
50
16
-24
87
103
100
62
111
88
59
54
55
71
101
117
115
124
70
32
52
60
68
39
36
81
19
12
39
49
43
32
21
54
86
73
95
99
79
120
51
80
34
25
125
23
3
98
15
7
96
57
72
91
6
-28
10
-30
31
2
-42
-22
-7
49
9
73
89
49
42
64
52
92
21
65
34
48
102
-12
69
63
22
31
37
30
76
84
82
81
56
20
-31
7
15
12
18
-13
54
36
-7
11
-7
69
14
12
51
59
68
48
134
121
79
45
120
86
47
41
103
120
110
110
67
157
118
97
76
94
96
91
84
86
150
158
110
88
49
81
94
29
63
16
56
65
79
83
28
51
116
108
137
158
112
141
84
59
61
60
108
55
83
56
69
48
47
79
72
94
57
99
105
53
61
46
25
38
21
95
54
39
39
0
-15
-27
27
41
12
-1
19
-15
6
-24
-61
16
-15
34
55
-33
5
75
27
-6
23
21
49
-2
-43
81
52
-9
-33
0
27
-4
-19
-15
23
-101
-27
36
-22
37
2
-10
8
-49
15
96
18
-6
-20
-45
-44
-89
-43
-18
-13
-33
-80
-70
-22
-10
41
19
35
59
14
22
7
17
-51
-18
4
-49
-41
-70
-45
-53
-61
-34
-61
-27
-11
-55
-12
-26
-14
10
4
20
6
9
-85
-9
-50
-64
-51
-84
18
-75
-79
42
-24
-24
-28
-55
-45
-42
-32
-38
-1
12
-25
-9
-7
-12
54
-10
11
14
-22
-5
-5
28
41
-40
1
-9
-31
8
-60
-42
1
1
-11
-78
-29
-22
-81
3
-36
-71
-17
-67
-24
-68
-96
-62
-36
-36
-31
-23
-14
11
6
6
-7
55
59
28
72
37
66
67
27
-6
-3
-23
-10
69
16
-21
-28
19
-6
4
1
-31
-11
-20
5
27
0
-59
-58
-57
-70
-103
-52
-64
-61
-48
-67
-111
-124
-82
-82
-7
-29
-9
-10
-54
-31
-13
-80
-49
-94
-57
41
-98
-41
-42
-77
-72
-126
-60
-29
-81
-48
-90
-21
-27
-53
-69
-128
-55
-87
-117
-50
-62
-140
-87
-147
-144
-114
-191
-121
-114
-174
-124
-76
-119
-120
-146
-153
-114
-127
-143
-109
-114
-92
-74
-129
-118
-116
-186
-134
-119
-181
-92
-136
-142
-131
-123
-175
-98
-73
-116
-67
-107
-104
-67
-99
-89
-58
-116
-63
-125
-111
-47
-79
-78
-145
-59
-72
-87
-100
-97
-67
-138
-103
-104
-121
-65
-42
-46
-57
-90
-107
-65
-130
-106
-59
-55
-13
-138
-74
-80
-136
-131
-113
-119
-89
-75
-91
-61
-39
-69
-48
-10
-70
-1
-29
-73
-66
-73
-40
-75
-16
-35
-33
-31
-66
-4
-19
-44
-1
34
8
17
-30
10
-5
-10
-43
10
-22
-40
-39
-116
-26
-40
-54
-113
-69
-138
-136
-86
-125
-54
-97
-98
-106
-91
-73
-89
-137
-89
-111
-125
-55
-105
-129
-124
-126
-174
-147
-139
-128
-59
-113
-72
-60
-78
-35
-156
-111
-40
-62
-104
-99
-59
-97
-98
-83
-62
-61
-72
-55
-77
-77
-49
-116
-108
-70
-158
-71
-58
-81
-56
-95
-83
-87
-72
-109
-97
-114
-102
-67
-83
-89
-92
-34
-43
-86
-65
-59
-71
-51
-121
-40
-36
-98
-60
-64
-92
-119
-84
-53
-52
-72
-56
31
-18
-60
-44
-26
33
-10
-72
-25
11
-54
-32
-47
-72
-22
-11
-48
-58
-1
0
-30
26
7
-13
47
-25
-2
-22
-56
-80
-75
-108
-103
-94
-55
-57
-59
-62
-104
-131
-90
-92
-103
-89
-138
-99
-118
-80
-106
-118
-64
-89
-89
-114
-102
-68
-126
-35
-67
-134
-96
-94
-99
-111
-103
-76
-104
-84
-101
-47
-87
-130
-83
-111
-141
-113
-124
-128
-103
-145
-79
-51
-114
-167
-136
-148
-164
-166
-115
-125
-128
-119
-110
-97
-140
-113
-135
-145
-88
-121
-131
-90
-101
-67
-106
-140
-175
-132
-160
-116
-71
-130
-108
-89
-111
-133
-100
-129
-160
-155
-99
-87
-84
-66
-105
-57
-96
-109
-57
-62
-59
-35
-33
-54
-43
2
-27
-46
-66
-59
5
-62
-90
-62
-38
-63
-89
-40
-76
-99
-101
-168
-108
-66
-131
-92
-69
-114
-78
-90
-95
-84
-67
-118
-127
-121
-77
-51
-110
-113
-107
-104
-111
-86
-48
-78
-86
-56
-68
-50
-58
-61
-20
-27
-65
-64
-65
-59
-70
-84
-100
-79
-44
-112
-96
-64
-64
-30
-35
-21
-104
-133
-79
-131
-124
-129
-82
-97
-109
-143
-89
-97
-148
-114
-111
-141
-136
-88
-148
-194
-205
-215
-224
-221
-185
-262
-251
-208
-185
-158
-204
-156
-157
-186
-198
-168
-181
-157
-211
-221
-166
-136
-176
-213
-175
-150
-164
-156
-188
-156
-154
-142
-121
-180
-125
-161
-188
-155
-208
-240
-204
-182
-203
-225
-170
-172
-199
-196
-197
-205
-155
-163
-225
-145
-136
-181
-195
-197
-175
-215
-215
-231
-186
-139
-168
-195
-193
-182
-182
-236
-188
-223
-174
-204
-272
-220
-192
-236
-274
-186
-168
-126
-204
-226
-186
-120
-165
-157
-145
-195
-150
-158
-179
-141
-175
-156
-155
-136
-131
-111
-112
-106
-109
-199
-127
-183
-163
-106
-173
-169
-151
-183
-156
-158
-201
-134
-142
-169
-130
-120
-116
-148
-107
-106
-138
-137
-156
-111
-144
-118
-146
-148
-124
-168
-183
-212
-177
-162
-162
-156
-129
-112
-137
-86
-61
-90
-84
-43
-76
-67
-42
-34
-47
-80
-83
-99
-73
-100
-116
-86
-88
-54
-73
-99
-53
-82
-102
-142
-99
-79
-81
-55
-63
-78
-39
-53
-75
-38
-100
-81
-54
-90
-124
-96
-71
-157
-150
-118
-111
-58
-81
-86
-60
-85
-76
-38
-94
-41
-56
-41
-32
-63
-46
-92
-98
-80
-37
-48
-25
-80
-41
-46
-51
-81
-55
-55
-89
-94
-63
-77
-64
-79
-87
-77
-132
-90
-136
-118
-103
-106
-139
-100
-140
-165
-117
-145
-107
-74
-103
-67
-59
-118
-45
-72
-74
-91
-72
-54
-89
-34
-140
-114
-43
-116
-81
-85
-93
-3
-76
-151
-64
-97
-110
-99
-132
-121
-98
-57
-86
-88
-80
-125
-128
-88
-128
-78
-129
-116
-99
-149
-109
-89
-122
-149
-138
-142
-104
-124
-170
-145
-133
-137
-106
-181
-145
-116
-159
-144
-135
-129
-129
-146
-160
-83
-85
-136
-88
-60
-86
-85
-74
-95
-73
-90
-140
-126
-175
-95
-70
-117
-95
-82
-94
-48
-49
-122
-129
-154
-155
-188
-177
-159
-179
-176
-156
-174
-203
-198
-176
-184
-198
-173
-149
-139
-177
-162
-164
-193
-188
-147
-174
-185
-143
-156
-154
-169
-168
-161
-150
-147
-183
-159
-148
-175
-120
-167
-182
-137
-91
-99
-102
-152
-106
-86
-163
-107
-151
-106
-137
-158
-166
-220
-138
-131
-178
-165
-177
-128
-129
-128
-155
-167
-154
-157
-159
-87
-106
-169
-153
-168
-136
-161
-188
-163
-137
-164
-136
-155
-102
-134
-105
-85
-96
-54
-127
-126
-93
-95
-163
-99
-71
-79
-147
-155
-158
-149
-119
-148
-115
-132
-106
-146
-113
-104
-118
-90
-85
-106
-78
-77
-125
-170
-105
-66
-79
-77
-97
-61
-104
-121
-115
-116
-79
-66
-6
-4
-50
-77
-91
-126
-108
-146
-141
-107
-130
-131
-143
-145
-117
-151
-142
-123
-167
-172
-197
-225
-176
-168
-179
-113
-113
-145
-104
-100
-139
-131
-149
-138
-148
-132
-93
-82
-95
-120
-119
-110
-114
-107
-73
-104
-109
-72
-53
-74
-36
-69
-101
-125
-85
-77
-101
-56
-55
-19
-41
-73
-64
-87
-78
-96
-140
-95
-136
-112
-122
-141
-102
-103
-93
-164
-150
-157
-110
-87
-197
-118
-130
-122
-113
-130
-152
-140
-109
-156
-143
-139
-104
-67
-57
-50
-52
-67
-73
-86
-98
-77
-61
-60
-92
-78
-51
-51
-93
-85
-109
-95
-69
-120
-95
-120
-148
-93
-88
-97
-72
-106
-73
-91
-140
-122
-111
-68
-112
-116
-86
-98
-115
-107
-130
-131
-110
-102
-66
-76
-32
-97
-94
-104
-151
-81
-64
-90
-71
-42
-41
-35
-14
-67
-95
-52
-81
-58
-110
-99
-44
-79
-59
-53
-112
-77
-58
-110
-100
-99
-62
-106
-86
-84
-44
-39
-19
-43
-60
-69
-101
-69
-109
-68
-85
-146
-118
-121
-135
-111
-133
-126
-109
-81
-92
-87
-100
-27
-24
-120
-83
-59
-28
-97
-107
-82
-92
-78
-103
-79
-59
-96
-79
-106
-77
-40
-75
-44
-106
-104
-95
-148
-81
-67
-118
-90
-123
-95
-64
-114
-112
-79
-100
-74
-91
-91
-85
-106
-110
-112
-72
-106
-74
-83
-78
-78
-97
-69
-89
8
-37
-56
-67
-56
-37
-56
-6
-35
-48
-78
-76
-66
-38
-92
-51
-62
-67
-52
-62
-87
-65
-68
-123
-113
-111
-104
-57
-82
-77
-91
-132
-112
-143
-100
-81
-87
-78
-82
-91
-94
-149
-64
-102
-102
-77
-100
-76
-123
-80
-29
-21
-42
-61
-84
-71
-96
-93
-119
-140
-160
-167
-167
-200
-160
-136
-148
-124
-143
-154
-128
-188
-157
-156
-146
-129
-135
-153
-186
-182
-157
-138
-165
-122
-134
-128
-179
-170
-155
-137
-177
-132
-130
-165
-142
-146
-130
-163
-110
-151
-132
-93
-126
-149
-153
-133
-132
-168
-171
-131
-157
-137
-145
-147
-187
-136
-152
-160
-160
-154
-78
-112
-117
-123
-116
-115
-90
-82
-72
-79
-99
-118
-68
-69
-59
-21
-45
-53
-69
-110
-86
-92
-97
-86
-78
-80
-80
-95
-41
-36
-43
-42
-31
-20
-82
-36
-48
-63
-26
-47
-35
-7
-31
-17
-29
-44
-96
-88
-78
-23
-61
-55
3
-63
-45
-5
-20
-9
44
-33
14
15
-16
2
51
16
20
17
-24
15
-13
-6
25
-3
-36
-21
-78
4
16
-64
-35
-28
-15
15
0
-6
-30
34
22
5
-20
1
29
33
8
-16
-16
-1
-18
-32
14
-42
-72
-1
-58
-45
-56
-84
-68
-24
-34
-12
20
-50
-30
-16
-23
-20
-31
-23
-39
-24
-19
-31
-66
-57
-29
6
-21
-21
-27
-31
16
-21
-16
9
-28
-58
-1
-7
-7
-30
-3
-31
-36
-23
-4
-18
18
26
-9
21
23
29
18
32
-25
19
7
6
10
-30
23
46
10
20
28
-11
15
21
23
2
-1
43
4
11
39
44
32
1
17
58
13
14
57
37
57
38
64
62
32
50
19
25
22
80
37
21
46
22
3
69
20
3
52
51
67
49
32
18
32
46
43
6
1
0
-16
-60
16
17
34
29
-20
-8
37
11
-40
63
5
57
55
12
28
-8
-41
-25
-25
11
1
-8
-12
11
52
10
4
7
-23
-16
-42
-36
-22
-35
-3
12
-39
-12
-31
