-23
-38
-21
12
17
8
-7
-21
-20
-13
15
24
23
2
-11
-7
33
-9
26
26
3
0
-18
37
30
-39
-52
-24
-25
-27
-14
-16
0
-26
-35
-7
-48
-22
-38
-56
-11
-36
-27
-30
-41
-48
-26
-24
-6
-34
-11
-48
-68
-41
-72
-52
-34
-62
-47
-19
-24
-66
-48
-61
-61
9
6
48
35
39
17
-14
9
20
21
-9
-46
-14
-16
-26
-26
-56
-22
16
-36
-51
-62
-35
-52
-24
-63
-92
-35
-36
-25
-60
-41
-28
-47
-71
14
-39
-59
-41
-93
-72
-95
-96
-56
-66
-99
-69
-17
-37
-33
-10
-14
-16
0
39
-23
-25
-36
-23
10
-5
-1
-32
-54
-27
-1
11
8
-4
-23
-39
-29
-38
-41
-34
-27
-26
-12
-30
-38
-17
-15
-37
-23
37
-9
11
21
5
7
36
27
-33
15
-37
4
-19
-64
-11
-6
-11
-44
-46
-42
-13
1
4
15
-24
38
-16
10
27
-15
13
17
40
16
32
26
40
6
0
2
1
22
31
45
36
43
48
28
-33
-8
19
-5
18
41
11
-32
-32
-61
-30
-51
-14
12
-21
13
12
-19
-15
-23
-72
-54
-114
-92
-64
-56
-31
-17
-22
-14
-51
-32
-19
-56
-12
-6
8
34
30
-8
-16
-13
-13
35
-4
-54
-22
-81
-39
-26
-35
-22
-44
-65
-12
-15
-7
30
2
5
13
74
35
30
24
-2
-18
-15
2
5
-7
-8
31
-1
-4
-13
-34
-40
-6
8
-16
6
14
-14
-11
2
-17
-5
2
0
-12
48
36
19
-1
38
23
31
10
25
36
2
-1
-54
-70
-62
-39
-60
-21
-37
-60
-106
-116
-87
-63
-87
-124
-98
-77
-102
-87
-114
-102
-94
-92
-35
-21
-17
-33
-79
-74
-66
-80
-73
-62
-83
-99
-115
-40
-46
-54
-59
-98
-88
-62
-58
-23
-33
-40
-24
-46
-64
-75
-33
-58
-48
-9
-14
-48
-42
-49
-52
-48
-64
-41
-65
-27
-60
-68
-57
-67
-34
-44
-66
-44
-40
-33
-36
-40
-62
-46
-60
-69
-48
-106
-54
-40
-51
-49
-39
-48
-31
-43
-39
-55
-112
-78
-88
-83
-52
-94
-42
-15
-61
-80
-32
7
-3
-20
-5
3
-15
-40
-22
36
2
-36
-38
-56
-80
-83
-99
-73
-69
-77
-53
-39
-47
-36
-26
-41
-31
-52
-28
-66
-99
-26
-54
-63
-34
-70
-93
-84
-32
-47
-51
-55
-66
-48
-13
-82
-112
-61
-112
-95
-83
-89
-95
-78
-68
-119
-98
-66
-110
-82
-70
-83
-58
-107
-99
-91
-90
-76
-100
-92
-65
-57
-97
-94
-65
-61
-78
-106
-73
-92
-100
-59
-119
-65
-57
-106
-63
-99
-130
-85
-73
-90
-110
-86
-59
-77
-63
-15
-37
-57
-24
-42
-43
-56
-36
-5
-41
-35
21
-11
8
0
-12
28
-24
-7
-40
-1
3
16
4
11
2
-46
-17
-51
-29
-62
-76
-56
-44
-32
-44
15
-9
-49
-9
-18
-25
-7
0
-15
-31
7
-13
-5
1
9
-9
-41
-12
-33
-24
-1
-18
-4
-47
-63
-33
-29
-30
-62
-55
-9
-5
-32
-19
-9
5
-6
-7
-5
-7
-20
-36
-25
-7
-19
-7
1
24
-2
-5
5
7
-1
10
-6
17
25
30
63
21
13
-2
4
-20
12
13
-12
19
17
34
-16
-10
6
-45
-35
-35
-20
-6
-25
-15
-31
-43
-7
30
30
1
16
43
41
52
21
19
27
5
-15
8
3
16
-19
-10
4
-18
13
-35
-44
-57
-68
-106
-79
-54
-56
-7
-47
-12
9
-2
-17
-16
4
7
-5
-1
-12
-2
10
-38
-20
-11
-17
-14
5
-2
-25
-17
11
-19
-9
-27
-51
-46
-37
-11
7
24
36
57
33
80
41
38
20
1
24
29
52
30
-7
-25
41
-17
-31
3
5
37
7
1
-3
16
-9
9
-8
18
6
16
51
1
18
13
7
37
-41
-56
-14
-19
-36
-5
2
15
17
5
16
5
2
-17
-15
2
42
20
72
51
63
59
46
4
4
90
-7
9
52
57
1
-9
32
-46
-33
-7
-35
-33
-31
-48
-36
-34
-20
-6
-24
-75
-11
-36
-55
-31
-23
-10
-39
-40
-39
-88
-79
-70
-70
-51
-67
-60
-48
-38
-54
-35
-63
-76
-40
-53
-20
-59
-39
-41
9
19
-4
-9
-20
-7
-17
-26
-77
-57
-53
-47
-92
-78
-82
-92
-69
-96
-97
-81
-111
-90
-88
-86
-65
-71
-83
-46
-60
-56
-75
-84
-55
-25
-12
-62
-55
-44
-39
-52
-23
-23
-67
-62
-69
-58
-56
-70
-62
-42
-14
-28
-1
-41
-20
-25
-57
-37
-56
-29
-73
-50
-34
-41
-29
-46
-11
-62
-84
-74
-52
-73
-79
-89
-77
-85
-62
-64
-73
-58
-36
-50
-47
-98
-92
-66
-98
-45
-82
-64
-64
-73
-54
-106
-91
-62
-57
-44
-20
-80
-66
-40
-69
-62
-25
-71
-49
-4
-3
-31
-34
-46
-43
-37
-82
-60
-105
-87
-78
-67
-39
-48
-77
-62
-80
-58
-26
-77
-63
-48
-9
-57
-74
-9
-28
-38
-24
-19
-30
-58
-40
-2
16
5
0
-10
-19
23
-14
-9
35
42
37
3
-6
-23
-5
8
25
-19
2
23
5
50
-24
7
36
22
44
-9
-8
17
19
16
9
-1
-14
22
6
-38
-4
11
-4
-18
7
28
30
33
-14
35
26
27
16
4
15
-25
-41
-1
6
-46
-30
-19
-18
-23
20
42
47
66
59
60
22
45
37
54
54
70
37
27
97
69
83
44
47
106
109
47
38
31
2
11
29
23
38
63
37
4
13
34
-5
-30
-25
-41
-54
-32
-28
-25
-14
17
16
32
42
3
20
9
-15
22
40
51
59
23
41
40
3
49
10
-7
-36
2
45
-11
51
59
4
50
48
43
73
48
29
43
72
44
82
70
26
66
68
27
37
26
30
58
34
23
49
26
-5
-13
3
13
14
-19
-19
5
-13
14
-5
19
-32
-27
-16
-4
20
-10
1
-28
14
10
12
27
-8
8
43
18
-7
26
63
67
60
29
39
55
87
50
44
40
-13
33
31
28
9
8
-27
-11
-1
-29
-4
-24
14
20
26
32
33
23
-2
3
28
19
-48
-43
-20
-37
-17
-5
8
-23
3
-15
0
69
11
-33
5
-4
-7
33
9
13
3
7
21
33
-17
34
77
79
56
33
46
41
42
55
38
31
30
53
-5
-14
-13
15
-4
26
22
-11
2
-2
12
-15
-10
-4
-14
-37
8
39
-11
29
36
28
63
60
13
67
80
69
69
74
122
87
44
54
57
69
57
34
48
40
66
55
40
26
44
64
26
43
17
40
26
-20
-2
25
14
32
11
44
30
7
43
35
0
-1
18
3
19
-15
2
-31
-58
-46
-23
24
-40
-60
-41
-39
-18
7
-15
-10
-10
49
50
-13
10
18
42
37
5
7
39
41
35
19
6
23
15
28
15
-59
-10
29
-13
-36
32
57
35
11
-1
2
33
7
21
51
29
6
-30
0
-59
-5
8
-22
13
-8
0
3
10
67
47
68
126
62
96
29
81
78
42
60
24
61
48
60
55
47
72
51
12
39
89
43
51
26
44
66
18
53
36
10
34
52
4
42
52
26
42
1
8
20
36
67
73
59
29
58
56
27
16
40
48
68
54
52
37
24
19
23
49
61
77
46
9
40
72
83
62
37
25
35
35
40
16
31
16
27
37
24
-15
27
27
13
9
33
52
29
58
43
55
0
25
9
23
13
-4
29
34
-13
48
47
5
55
20
36
50
36
19
35
37
52
57
22
48
62
62
82
85
56
53
33
76
85
71
83
88
65
79
62
71
43
48
77
90
59
-15
65
79
63
38
72
55
61
60
47
75
44
71
72
62
58
56
24
11
15
12
38
40
5
3
10
26
37
12
22
38
34
-2
52
76
52
30
29
36
49
46
31
33
24
-17
-13
-24
-2
32
5
28
-6
-24
-11
-24
-29
-30
-17
-43
-60
-48
6
-24
-35
-23
-35
-21
-5
-11
-64
-49
-87
-95
-79
-80
-11
-21
-41
-77
-54
-32
-45
-12
-49
-37
-23
-18
10
38
9
62
55
0
29
12
18
26
14
13
27
72
18
-11
-12
9
41
6
48
62
37
27
60
84
54
32
21
4
46
39
-38
9
-6
-7
0
7
78
35
8
-1
-7
-7
-20
8
-25
15
15
11
56
-9
-12
20
-12
-52
-14
-59
3
4
-3
49
30
25
46
53
42
29
9
67
39
6
13
25
32
54
67
58
60
20
21
7
33
26
19
61
65
34
51
39
56
54
25
8
-13
1
-6
19
23
20
4
22
8
-6
16
39
64
28
24
20
16
43
13
20
11
25
54
37
35
41
36
26
35
56
34
41
71
58
53
46
37
63
47
36
85
54
33
21
31
61
-11
5
47
34
27
-27
10
-15
-13
2
-24
-11
-59
-46
-36
-22
-16
-10
-39
-52
-40
-25
-15
11
28
-6
29
4
-30
-38
-35
-51
-39
-48
-43
-27
-38
6
-23
-29
-49
-13
-9
-42
-36
-23
-3
17
-16
-16
-9
27
-18
-61
-48
-71
-64
-26
-45
-57
-19
19
-23
-82
-20
-14
21
3
-30
21
12
-24
-58
1
-8
-83
-45
-70
-36
-2
-15
-1
-27
-9
30
-6
15
-2
-7
-18
-52
9
1
-6
8
9
-7
-21
-22
-49
12
-28
-38
-3
30
47
40
66
44
-2
30
36
-24
10
4
12
-39
-61
5
-25
-37
-87
-79
3
-6
-12
-21
-30
-6
18
1
9
10
-3
11
10
7
20
9
-18
23
7
10
28
-14
38
35
36
70
48
61
76
51
47
46
59
49
8
7
70
42
29
30
-18
22
76
46
75
98
44
45
55
71
-3
41
59
55
91
48
15
44
18
39
10
8
45
28
6
75
68
18
98
76
47
16
79
41
39
83
32
64
30
53
40
41
55
106
95
93
121
67
55
103
54
16
59
36
32
-32
-13
12
21
0
-8
-6
-36
17
6
22
49
23
42
8
41
44
31
44
19
27
28
-12
24
-12
-6
-10
22
15
23
68
75
59
98
85
34
44
40
94
72
89
83
109
113
79
105
82
85
54
43
51
42
51
42
88
54
34
30
44
48
83
71
26
13
75
59
31
72
66
88
54
73
87
68
64
64
78
113
79
92
96
66
80
116
67
92
120
102
99
130
114
108
111
77
134
124
116
136
142
100
144
152
150
180
139
134
146
147
121
168
154
141
140
179
166
143
137
118
122
138
115
56
88
114
116
91
111
98
86
103
126
83
124
116
101
94
148
183
167
132
82
116
89
121
110
115
157
93
91
97
87
72
66
101
73
78
86
79
87
105
104
47
63
89
129
127
110
83
93
102
115
132
120
137
123
148
93
72
99
106
117
68
103
116
62
66
49
53
98
120
126
84
111
109
110
123
111
147
108
119
108
101
87
92
105
116
86
71
79
81
82
48
102
95
89
112
103
88
116
96
85
113
114
131
108
123
95
139
143
75
83
120
130
111
133
112
166
138
89
91
43
82
67
44
87
54
59
114
131
128
79
84
62
64
64
95
101
113
91
110
98
13
14
33
19
54
87
86
61
92
115
47
103
96
59
58
85
95
115
100
95
133
105
115
105
95
114
131
139
123
128
139
163
98
98
116
115
113
104
141
115
170
141
99
111
110
115
159
121
114
135
143
144
172
173
101
133
169
120
141
138
111
111
135
166
160
141
112
126
142
170
191
134
140
144
176
215
174
224
235
197
141
149
188
206
170
183
164
172
201
163
186
188
140
93
130
173
165
147
172
177
153
137
192
175
157
174
131
143
148
98
149
170
165
165
86
97
122
111
87
91
92
85
111
93
139
132
75
131
97
106
136
102
163
133
151
114
89
84
129
164
167
152
144
170
154
173
130
140
141
143
175
162
170
151
137
62
81
130
149
142
141
133
149
145
91
109
68
98
96
115
111
113
87
109
104
63
102
106
87
68
38
84
102
70
136
152
165
130
148
194
179
134
198
202
163
156
146
154
167
169
169
195
159
135
164
148
120
149
164
159
129
128
143
126
162
182
148
168
174
127
70
105
114
92
111
107
75
97
117
87
112
79
77
81
45
40
41
77
79
55
75
107
45
56
67
70
63
47
101
101
86
99
120
96
100
88
63
109
116
106
80
79
47
55
85
99
136
91
151
112
89
98
98
112
63
51
61
77
23
14
-11
-27
58
63
23
18
84
41
52
40
-11
50
33
-3
19
48
-19
-7
29
29
34
42
55
56
31
6
39
39
-12
14
46
-4
5
3
16
-5
17
14
3
18
28
39
37
53
6
46
55
22
48
22
41
14
13
17
8
19
-1
-1
22
6
-62
-45
-2
-49
-39
15
8
2
-7
6
9
65
30
41
79
17
6
1
29
-3
-2
1
44
40
15
47
38
39
56
49
47
54
77
63
8
0
32
65
29
58
95
83
70
64
14
10
28
36
43
-12
-14
-48
22
-21
-45
-27
-94
-76
-40
-70
-78
-45
-38
-29
-20
-22
1
-34
0
-34
-35
-59
-105
-85
-74
-44
-54
-47
-34
-53
-69
-45
-107
-87
-34
-65
-51
-42
-34
-27
-11
-39
-20
-2
-8
35
24
17
8
44
17
-3
0
47
19
-13
24
41
35
27
33
33
-14
-24
3
12
1
-28
-15
-88
-32
-41
-66
-38
-75
-34
-74
0
33
-34
-28
-32
-16
-44
4
-4
-35
-13
-29
-2
-11
-51
-27
-38
-64
-29
-36
-11
-22
-77
-40
-15
-29
-55
0
-19
-23
-2
-46
-17
-45
8
2
-23
29
14
-18
-25
-24
-43
-2
-23
-11
12
-1
-2
12
-23
-53
-42
-35
-14
-33
-50
-74
-49
-98
-92
-74
-38
-24
-35
-5
-20
-46
-20
12
-3
-20
-38
-20
-5
-16
-10
22
81
82
66
68
55
44
54
52
30
27
23
60
83
53
19
25
-1
22
12
9
61
23
37
56
-5
14
38
-22
-46
11
-16
-35
-9
-18
-31
-46
-19
-41
-23
-43
-66
-8
2
-44
-14
-36
-22
2
7
-1
-7
53
10
2
28
7
19
49
13
-4
12
13
17
30
71
47
1
32
-24
-28
-22
19
32
6
-6
31
56
56
45
40
2
2
39
-14
45
16
5
-21
-23
-19
-5
-26
-25
32
36
44
19
12
7
30
-9
17
17
39
59
-10
-22
-10
-33
1
22
-7
25
44
60
39
63
64
54
57
68
77
62
49
30
85
18
39
45
23
46
28
26
25
50
68
40
0
23
25
34
26
9
22
12
-22
-18
-23
-7
7
14
-20
-37
16
-9
-30
-24
-24
18
45
37
37
18
49
32
21
68
60
44
34
55
50
46
11
-1
29
2
9
14
29
48
38
33
22
46
39
67
35
1
30
46
36
25
24
47
42
39
41
5
35
0
9
11
-15
-7
4
-20
-30
-7
-10
-10
-50
-19
-8
-73
-79
-78
-69
-96
-79
-21
-61
-62
-59
-27
-26
-63
-70
-53
-32
-42
-54
-12
-37
-49
-88
-75
-74
-90
-90
-87
-29
-87
-41
-27
-40
-2
-34
-38
-38
-57
-58
-33
-23
-26
-74
-45
-40
-51
-42
-44
-84
-72
-67
-62
-53
-81
-48
-41
-33
-80
-64
-77
-59
-47
-54
7
-15
-17
-54
-44
-8
-91
-38
8
-56
-18
13
-52
-56
-38
-15
40
22
-2
42
36
20
50
40
37
5
57
38
21
12
-12
-20
0
35
-18
21
-23
-31
-55
-78
-112
-99
-56
-63
-35
-14
-15
32
-7
5
-5
-13
17
-7
-18
-26
-50
-64
-63
-100
-56
-59
-15
-19
-12
26
22
-16
-1
-6
-28
-36
-35
-26
-45
-32
-33
-1
-37
-57
-8
-27
-30
-20
22
36
9
17
35
18
-2
-24
-39
-19
-6
-3
12
9
22
6
21
24
33
59
8
30
78
72
84
91
85
41
68
106
51
56
22
49
40
69
79
123
117
61
80
94
85
65
47
40
40
39
50
34
101
35
25
2
-3
47
-1
46
27
-3
12
45
32
56
38
-6
0
-16
-14
23
3
-25
-6
-6
-1
-30
31
16
8
0
12
50
55
59
77
67
74
82
32
44
38
14
2
32
51
4
-2
-11
44
4
44
98
70
109
68
120
78
60
66
44
-6
-35
15
-13
29
53
37
6
15
-5
11
32
33
34
20
22
39
32
9
9
-37
-47
-19
36
-22
8
40
0
-27
-16
-32
-36
0
24
1
-28
-29
-13
-3
-17
26
-36
-62
-29
2
21
-14
-35
-16
-23
-32
-10
10
-6
-24
-9
-9
8
-58
-50
-22
-19
-34
-27
10
-24
9
12
-20
-4
26
-14
-29
-7
19
-3
27
2
-38
-15
-21
7
-11
-12
12
3
14
-18
-21
-29
9
14
67
37
53
34
25
36
70
94
42
66
66
72
113
118
67
35
15
40
37
51
17
33
27
-16
12
-9
-2
-21
-11
-37
-60
-19
-43
-43
-31
-60
-68
-68
-70
-66
-80
-41
-41
-97
-59
-64
-78
-46
-35
-64
-64
-56
-52
-45
-26
-71
-75
-77
-120
-67
-16
-62
-41
-54
-58
-92
-99
-21
-12
-32
-20
-2
-56
-69
-34
-49
-105
-85
-61
-70
-103
-110
-85
-95
-88
-108
-101
-101
-91
-42
-85
-123
-140
-153
-146
-143
-134
-82
-105
-136
-169
-119
-113
-98
-83
-67
-45
-121
-62
-97
-69
-81
-125
-114
-132
-157
-120
-129
-144
-92
-115
-102
-97
-113
-68
-62
-102
-92
-69
-88
-73
-83
-103
-88
-92
-60
-73
-69
-62
-59
-94
-99
-93
-120
-134
-103
-92
-103
-58
-89
-67
-67
-83
-68
-101
-98
-87
-90
-120
-43
-51
-27
-62
-58
-10
-21
-38
-53
-49
-75
-27
-46
-66
-47
-39
-30
-37
-45
28
26
-22
-9
23
-19
5
-5
0
32
22
18
38
11
-9
-8
-25
-8
-21
-45
-28
-43
-42
-28
-71
-42
-43
-48
-21
-32
-61
-42
-9
8
-23
-28
-26
-6
-11
-14
11
-32
-45
-9
-27
-42
-48
0
-11
-16
24
36
39
30
73
35
41
22
-2
29
11
5
3
44
16
-13
7
34
7
22
30
2
-12
30
9
-23
19
7
-5
9
-6
7
59
-16
18
35
65
83
37
17
3
38
7
-5
-19
-9
-15
16
48
-11
7
-18
31
14
1
4
22
21
-18
4
52
69
57
37
51
34
-3
21
22
58
75
50
6
26
16
5
24
40
58
48
88
61
74
71
61
63
22
26
73
41
4
29
86
46
56
37
27
78
37
63
27
50
96
33
25
32
32
31
17
6
16
44
33
-15
26
31
18
12
14
-13
-12
3
22
22
15
56
6
38
45
20
44
35
57
64
52
31
33
64
79
60
29
52
70
77
105
64
46
51
82
98
69
75
59
92
54
87
52
47
98
76
116
67
71
60
64
72
53
69
54
65
58
77
63
33
67
62
60
53
60
53
70
106
52
81
47
35
82
67
96
58
54
52
71
73
56
52
51
66
91
95
31
39
73
54
81
90
88
74
29
71
49
43
38
38
46
57
84
56
87
70
60
85
112
116
96
116
130
134
172
148
174
164
167
152
146
130
134
152
138
119
102
115
135
110
107
137
94
82
95
102
120
108
101
129
125
119
88
89
126
74
57
88
57
84
74
61
70
67
62
82
126
93
94
98
105
106
110
95
81
105
83
62
45
59
122
108
50
59
71
92
60
83
99
80
94
93
135
126
120
141
157
124
119
123
102
117
111
162
137
171
172
169
195
161
184
199
217
168
202
187
218
217
221
189
168
163
181
222
151
215
194
247
244
195
228
229
245
230
210
193
205
185
230
194
174
142
180
206
146
230
202
203
197
183
163
160
199
170
166
167
155
146
139
161
162
182
148
212
191
208
223
200
264
228
252
246
248
274
238
242
247
201
226
209
205
167
172
228
203
269
311
307
296
272
341
309
287
302
326
318
280
314
262
280
322
295
306
311
303
280
319
317
324
320
312
275
303
302
324
323
280
295
282
316
297
255
243
195
237
258
254
273
199
227
244
219
247
239
256
226
244
237
201
229
187
192
185
175
185
227
186
161
240
240
223
229
168
180
215
205
209
227
231
212
230
229
201
210
216
218
186
180
166
119
167
190
193
162
179
171
162
169
177
170
184
218
186
186
177
200
203
193
206
186
164
182
193
165
171
210
177
175
175
178
170
136
120
153
153
144
169
159
156
175
175
186
170
178
152
154
157
166
178
128
106
104
82
81
138
105
114
124
121
138
134
151
128
97
112
64
75
75
50
105
84
93
80
39
56
90
49
64
58
63
50
75
89
50
96
67
28
48
56
11
44
45
54
47
72
88
62
55
53
121
66
47
54
26
49
40
31
45
2
22
38
36
59
71
38
26
29
52
62
34
65
76
66
38
25
41
40
-10
16
17
13
-8
17
13
-9
4
18
-5
-23
11
-11
3
23
-4
21
55
46
23
11
16
-8
5
7
-10
2
-22
-47
-31
-7
25
29
14
18
35
59
54
52
58
77
66
13
-1
18
4
8
7
3
-21
-38
-28
5
-24
-71
-77
-80
-57
-59
-82
-40
-16
-82
-49
-13
-8
5
19
-12
-39
30
9
-28
16
33
-22
-15
16
39
36
12
32
-7
-6
0
-9
-40
-13
-65
-37
-20
-17
12
0
-12
-21
-36
7
-25
-35
-35
-48
-50
-44
-28
-91
-76
-107
-105
-66
-65
-80
-91
-69
-36
-65
-73
-73
-46
-84
-79
-88
-101
-102
-83
-89
-123
-80
-111
-87
-118
-165
-149
-112
-93
-109
-138
-142
-146
-129
-134
-148
-135
-118
-93
-83
-144
-144
-108
-136
-110
-100
-76
-86
-84
-77
-103
-103
-107
-79
-71
-66
-55
-105
-136
-106
-104
-75
-56
-70
-58
-76
-41
-3
-54
-37
-37
-54
-36
-74
-87
-69
-80
-98
-65
-66
-113
-100
-82
-81
-73
-52
-68
-111
-99
-95
-59
-98
-114
-84
-59
-62
-61
-45
-45
-75
-125
-95
-47
-61
-101
-92
-59
-57
-98
-50
-63
-41
-17
-32
-15
-16
-72
-52
-23
-68
-44
-41
19
0
-48
-34
-53
-30
-28
-27
-38
-67
-31
-18
-59
-57
-78
-71
-68
-61
-95
-84
-111
-62
-42
-106
-70
-78
-52
-59
-63
-82
-72
-64
-44
-20
-57
-45
-31
-16
-77
-54
-15
-40
-34
-57
-70
-82
-74
-67
-65
-41
-30
-18
-22
-42
-10
-9
32
5
-11
-4
-7
63
5
15
21
40
20
8
20
-13
26
33
16
2
-12
-12
20
-9
-15
-9
8
2
-4
31
9
76
34
11
74
66
60
34
31
33
42
12
6
2
43
54
3
25
-16
-4
2
11
-9
-21
32
9
7
42
3
19
33
9
8
-31
-16
-26
-19
9
14
22
-9
-1
28
25
32
50
26
29
49
-11
7
-13
-19
-27
-40
-18
-8
-8
-13
1
5
46
50
59
6
59
63
19
34
-6
-6
29
37
18
58
31
9
11
44
34
24
79
35
62
60
35
41
53
63
10
15
21
-59
-39
-4
-20
27
-5
-18
-5
12
0
-6
-25
11
34
10
49
54
47
41
23
1
10
6
7
17
0
-18
-22
-7
17
-24
-11
3
27
30
13
-1
18
41
2
-1
-12
-5
26
9
15
16
-29
18
-13
-7
-13
-54
-39
-31
-24
-45
-27
-26
-52
-20
-22
12
3
-30
16
41
34
1
37
25
7
35
26
43
25
8
79
18
58
29
-52
-3
36
15
10
33
-15
-4
-38
-19
-38
-50
-63
-51
-49
-19
6
-51
0
15
44
-12
-28
-10
-42
-36
-34
-51
-37
-2
-15
-14
-28
-41
-46
-24
-21
-32
-9
-47
-8
-31
-56
-45
-53
-53
-22
-42
-48
-40
-65
-41
-62
-71
-112
-57
-68
-84
-35
-45
-46
-45
-79
-109
-46
-72
-87
-89
-116
-81
-72
-41
-34
-55
-40
-47
-33
-50
-52
-46
-42
-78
-29
3
-70
-75
-72
-73
-26
-61
-52
-14
-9
-26
-15
32
-12
-23
-25
-60
-18
19
-22
9
4
-16
15
-13
-9
33
3
-7
8
1
-30
-44
-47
-16
30
-4
25
31
23
87
53
11
48
69
38
22
31
-18
21
23
33
31
56
28
-35
12
35
7
40
30
28
42
32
56
36
7
31
-10
-13
55
26
25
-14
-13
-14
17
24
69
58
25
36
39
45
8
56
52
50
73
48
60
75
56
31
20
50
37
56
73
70
83
72
33
24
73
69
65
47
50
54
44
78
57
59
99
123
98
53
72
32
57
62
24
77
71
45
47
38
47
22
4
15
24
47
68
10
73
51
42
57
1
65
74
55
57
70
79
95
101
68
66
143
101
55
62
38
100
117
92
103
47
66
91
104
116
104
115
99
121
129
162
122
118
124
70
97
108
110
74
40
85
53
54
19
67
37
31
62
29
68
8
41
25
52
57
47
40
69
89
77
103
52
51
45
66
50
49
56
-4
26
39
58
45
34
75
48
45
69
92
75
39
43
51
61
66
47
23
41
41
39
43
1
10
21
37
53
37
37
45
-12
13
42
5
37
21
7
-5
-6
-7
24
-14
3
26
13
1
-1
3
10
15
57
71
29
44
8
40
70
60
68
130
90
87
103
84
87
68
71
82
82
73
96
65
75
12
30
45
26
53
29
10
13
39
11
12
-30
16
-29
4
19
-46
-40
-26
0
-5
22
-10
-4
-2
-2
5
-9
-18
8
23
-24
16
20
-9
-4
-37
14
-6
-22
-12
0
-33
-20
-16
53
27
-12
2
7
23
15
20
-11
-28
-46
-29
-57
-51
-27
-63
-91
-77
-83
-71
-80
-66
-29
-79
-63
-53
-84
-85
-77
-44
-51
-85
-78
-66
-93
-62
-98
-69
-71
-77
-55
-77
-83
-28
-90
-117
-60
-88
-60
-80
-69
-119
-119
-93
-71
-110
-77
-45
-69
-62
-35
-23
-52
-19
-9
-27
-51
-92
-89
-59
-74
-63
-65
-63
-74
-117
-96
-98
-83
-58
-91
-90
-66
-59
-53
-44
-44
-66
-59
-48
-49
-43
-58
-60
-48
-46
-78
-82
-52
-30
-8
-19
-33
-43
-14
-20
4
-46
-53
0
-54
-47
-68
-23
-12
-18
-29
-5
13
7
9
-24
10
-5
-23
-44
-19
-51
-7
21
-43
-47
-46
-67
-44
-45
-53
-53
-40
-51
-87
-99
-77
-92
-121
-108
-61
-54
-111
-62
-47
13
-8
-39
-21
-21
-17
4
-1
-7
-37
-49
13
-17
18
4
3
-35
-39
-12
-32
-50
-75
-61
-20
-21
-40
-38
-77
-55
-55
-26
-7
-67
14
60
-8
-51
-56
-38
-27
-20
-62
-67
-94
-90
-112
-77
-40
-66
-65
-113
-97
-81
-80
-84
-83
-110
-130
-124
-107
-126
-131
-148
-137
-92
-158
-121
-98
-102
-113
-88
-98
-84
-72
-107
-134
-178
-131
-133
-93
-105
-128
-116
-74
-94
-106
-91
-61
-24
-47
-34
-58
-59
-65
-70
-81
-75
-72
-64
-59
-82
-66
-40
-46
-73
-56
-50
-48
-47
-64
-13
-59
-72
-28
-42
-33
-52
-20
-38
-38
-33
-64
-19
-51
-48
-74
-83
-38
-38
-28
-8
-32
-32
-16
-37
-21
-51
-51
-16
-47
-42
-49
-110
-84
-68
-93
-62
-31
-87
-105
-90
-100
-88
-88
-130
-95
-107
-119
-110
-76
-71
-132
-105
-117
-88
-87
-90
-77
-105
-81
-125
-109
-58
-66
-52
-72
-110
-126
-87
-31
-47
-91
-76
-72
-78
-45
-70
-46
-37
-37
-20
-42
-81
-76
-42
-70
-52
-51
-54
-47
24
7
-30
-38
-60
-13
-46
-58
-51
-78
-60
-67
-67
-90
-97
-82
-113
-119
-68
-85
-124
-112
-112
-109
-102
-89
-97
-107
-105
-126
-91
-101
-99
-98
-111
-93
-124
-102
-60
-96
-105
-89
-99
-87
-55
-41
-85
-41
-62
-49
-64
-76
-66
-83
-82
-62
-62
-66
-84
-80
-96
-86
-107
-82
-94
-127
-112
-91
-50
-78
-53
-127
-124
-105
-126
-122
-138
-123
-129
-125
-118
-119
-83
-109
-154
-176
-145
-184
-163
-125
-150
-137
-107
-71
-144
-100
-86
-109
-83
-75
-24
-76
-51
-104
-102
-124
-116
-141
-138
-129
-153
-113
-158
-167
-147
-167
-178
-168
-184
-148
-153
-153
-183
-157
-144
-141
-175
-178
-152
-158
-138
-149
-160
-164
-151
-142
-144
-146
-134
-165
-98
-125
-126
-122
-182
-183
-165
-131
-155
-147
-158
-164
-197
-174
-153
-179
-119
-131
-186
-132
-136
-131
-162
-128
-111
-124
-102
-122
-100
-114
-132
-98
-99
-120
-83
-75
-82
-116
-82
-60
-119
-128
-124
-131
-133
-162
-182
-151
-141
-158
-99
-65
-85
-90
-143
-127
-111
-112
-117
-130
-122
-95
-100
-83
-117
-145
-114
-161
-172
-132
-153
-210
-184
-172
-127
-143
-146
-94
-106
-120
-93
-66
-118
-116
-89
-93
-112
-142
-116
-85
-85
-115
-90
-94
-107
-84
-111
-111
-104
-77
-101
-91
-124
-155
-156
-163
-158
-176
-154
-166
-157
-147
-184
-175
-142
-149
-132
-154
-155
-130
-170
-133
-184
-172
-117
-137
-149
-162
-132
-133
-121
-152
-158
-125
-143
-177
-158
-163
-180
-144
-116
-129
-141
-164
-128
-103
-87
-124
-164
-137
-143
-82
-132
-137
-112
-127
-75
-138
-147
-110
-65
-99
-161
-157
-179
-143
-177
-161
-142
-171
-160
-152
-205
-165
-180
-197
-175
-180
-172
-196
-186
-170
-237
-203
-158
-153
-216
-230
-242
-257
-348
-289
-1143
-2452
-3046
-3655
-4127
-4320
-4524
-4072
-2766
-1868
-863
130
-77
-431
-632
-852
-1495
-2486
-2941
-3013
-3095
-2754
-2369
-2387
-2557
-2673
-2516
-2480
-2587
-2491
-2353
-1801
-737
17
429
824
880
727
616
360
-163
-937
-1233
-1134
-943
-652
-476
-155
230
588
1170
1459
1429
1732
2132
2316
2935
3649
4027
4649
5433
5952
6480
6821
6495
5473
4679
3336
1686
269
-1512
-3117
-3828
-4289
-4566
-3787
-3100
-2404
-1261
-169
857
1562
2203
2692
3221
3739
4042
4241
4276
4140
3749
3317
2411
1202
-86
-1885
-3133
-3811
-3952
-3757
-3508
-3028
-1785
-228
719
1273
1794
2122
2088
2161
2105
1924
1724
1570
1604
1708
1478
743
89
-747
-1505
-2068
-2732
-3180
-3272
-2868
-2100
-1179
-270
460
1090
1628
1895
2048
1938
1163
-73
-902
-2139
-3191
-3585
-4525
-4904
-4849
-5146
-5633
-6016
-6472
-6724
-6267
-5591
-5225
-4327
-2499
-1703
-775
667
457
-258
-367
-1145
-2281
-2940
-3631
-4446
-4468
-3852
-3658
-3299
-2503
-2318
-1883
-967
-598
-150
574
1167
2004
3125
3923
4485
5235
5772
6356
7458
8218
8553
9137
9765
10310
11611
13491
14200
14316
12475
9736
5538
-2076
-9130
-14392
-17624
-18858
-19471
-17504
-11820
-5842
-1035
4000
7300
8611
8698
8412
8569
7869
6969
6671
7499
8761
8824
7810
5941
2489
-1772
-5930
-10213
-13553
-16113
-16562
-14458
-10837
-6682
-2384
1790
5094
7476
8712
9116
8173
6681
5730
5019
4757
4456
3951
3508
2507
1034
-655
-4080
-8236
-10850
-12029
-11553
-10125
-8559
-5535
-1290
2378
5158
7496
7856
6313
4830
3348
1430
-597
-2501
-3965
-4196
-4416
-4961
-5436
-6770
-8443
-9191
-9292
-9340
-8741
-7605
-5767
-2800
-30
1739
2864
3124
2103
946
-317
-2364
-4450
-5872
-6436
-6081
-5377
-4923
-4371
-3706
-3486
-3001
-2489
-2324
-1964
-895
912
2797
4226
5464
6147
6189
6110
5549
4805
4462
4492
5265
7344
9851
12370
14541
16650
18037
18623
19007
17372
13458
7263
-1301
-9540
-14811
-18635
-21542
-22208
-20636
-16046
-9383
-2969
1958
5196
7251
8671
10135
10918
10469
9826
9980
10846
12105
12320
10219
7001
2862
-1756
-6334
-11149
-15863
-19008
-19350
-17091
-12957
-8462
-3875
242
4335
7855
9920
10396
9461
8316
7754
7499
7176
6557
5450
4322
3275
1717
-837
-4232
-7850
-10566
-11963
-12015
-11162
-9499
-6849
-3425
450
3883
6228
7288
7525
7115
6164
4087
1672
-553
-2641
-4020
-5260
-6785
-8677
-10035
-11229
-11739
-11192
-10958
-10428
-8212
-5547
-3055
145
2170
2628
3256
3161
1863
483
-1419
-4096
-5460
-5899
-6549
-6445
-6044
-5954
-5245
-3961
-3281
-2502
-1400
-670
767
2510
3557
4433
5396
5923
6443
6813
6600
6357
6320
6880
8490
10137
11839
13967
15029
16317
17369
17777
17652
15406
9685
996
-7313
-13533
-18892
-22509
-24441
-23504
-18076
-10866
-4183
2932
7891
9595
11362
12685
12328
11012
9062
8069
8581
9743
10106
9188
7112
3695
-505
-4445
-9518
-14848
-18624
-20165
-18521
-14526
-9840
-4773
551
5262
9159
11879
12395
11094
8957
7390
6299
5116
4157
2990
2331
1965
1095
-400
-3075
-6583
-9313
-11060
-11763
-11277
-10004
-7503
-3938
106
4084
6876
8204
8393
7549
5151
2318
-534
-4014
-6310
-7948
-9411
-9347
-8913
-9475
-8996
-8197
-8646
-8186
-7089
-6521
-5101
-2725
-1165
449
2325
2421
1941
1572
-419
-2659
-4140
-6085
-7250
-6945
-6731
-5872
-4250
-2995
-1986
-437
613
1183
2001
2142
2348
2928
3697
4749
5599
6338
7461
8423
9208
10585
11697
12177
13860
14865
15301
16538
17172
17557
17011
12795
4117
-4896
-12032
-17613
-21350
-24519
-25761
-22096
-14523
-6659
930
6894
9616
11560
13428
14111
13180
10782
8334
7941
9268
10154
9673
7747
4599
818
-2671
-7183
-12689
-17691
-20610
-20139
-16702
-12006
-7243
-2066
3143
8038
11973
13657
12973
10776
8644
7185
5994
4660
3032
1859
1400
1104
216
-1858
-5160
-8327
-10415
-11353
-11310
-10540
-8817
-5890
-1759
2566
6159
8261
8715
8505
7836
6395
3575
-530
-3904
-6866
-9000
-9615
-10894
-11946
-11595
-11301
-10296
-7995
-7224
-6949
-4700
-2626
-831
1562
2669
2426
2638
2344
810
-474
-2737
-5787
-7071
-7531
-8104
-7546
-6809
-6354
-4518
-2434
-919
675
2140
2749
3552
4926
5206
5136
5544
5437
5420
6492
7060
7421
9031
10686
12300
14852
16500
17391
18718
19660
19160
17289
11335
910
-8160
-14482
-19550
-22897
-25398
-25361
-19807
-11857
-4415
2691
7223
9198
11080
13062
13839
12612
10568
9131
9697
11461
11734
10362
7693
3693
-437
-4453
-9569
-15199
-19733
-21541
-19692
-15374
-10643
-5815
-674
4417
9131
12484
13621
12197
10139
8650
7596
6746
5275
3592
2510
1844
1216
-304
-3158
-6701
-9729
-11352
-11813
-11422
-10386
-8245
-4925
-563
3671
6698
8290
8469
8254
7644
6566
4545
2309
136
-2402
-3766
-6872
-10112
-12226
-15053
-15815
-14870
-14617
-12457
-8653
-5855
-1649
2457
3966
5151
5564
4479
2988
1490
-965
-3591
-4951
-6278
-7354
-7247
-7754
-8465
-7661
-7379
-6841
-5111
-3913
-2090
652
3608
5856
7789
8737
8472
8316
7475
5716
4186
3529
3299
4870
7918
10451
13564
16733
18838
20355
21169
20653
18684
12698
1781
-8260
-14707
-18786
-21791
-24434
-24275
-18954
-11251
-4111
2416
6505
7704
8803
10872
12389
11644
9953
8973
10127
12421
13119
11807
8797
4400
-218
-4269
-9172
-14736
-19532
-21325
-19246
-14845
-9958
-5487
-896
3712
8015
11211
12436
11121
8938
7882
7355
7029
6015
4332
3270
2584
1816
275
-2812
-6656
-9850
-11473
-11647
-11150
-10096
-8025
-4847
-725
3330
6162
7496
7614
7333
7066
6273
4773
2790
1120
118
-1075
-3043
-6259
-10290
-13245
-15424
-16410
-15978
-15304
-13033
-8734
-4112
559
4257
5514
5982
5916
4433
2696
287
-2730
-4964
-5784
-6147
-6454
-6821
-7570
-8027
-7806
-7342
-6872
-5831
-4523
-2333
1219
4744
7512
8903
9517
9214
8431
7121
4824
2622
1743
2345
4454
7885
10779
14038
17448
19578
20877
21073
20031
17810
11756
1299
-7654
-13841
-18088
-20386
-22735
-22584
-17539
-10665
-4301
1626
5491
6788
8119
10148
11606
11407
10284
9524
10629
12666
12934
11427
8294
3642
-800
-4772
-9461
-14428
-18452
-19973
-17809
-13609
-9043
-4827
-632
3616
7490
10425
11460
10387
8681
7723
7303
6992
5889
4171
3003
2167
1261
-360
-3366
-6826
-9614
-10878
-10871
-10367
-9228
-7327
-4434
-603
3115
5640
6835
7062
6907
6758
6065
4701
2879
1207
-68
-1615
-3511
-7252
-10575
-12850
-15332
-15488
-14699
-14460
-11406
-7135
-3937
805
4092
4233
5156
5154
3301
1792
35
-2885
-4704
-4951
-5816
-6374
-6305
-7489
-8111
-7215
-7176
-6706
-4998
-3905
-1689
1812
4809
7072
8587
8890
8312
7539
6269
4102
2273
1788
2349
4331
7631
11021
13814
17072
19490
20276
20872
20291
17742
13307
4488
-5357
-11830
-16282
-19257
-21501
-22515
-18928
-12559
-6516
-332
4200
6213
7764
9455
11509
11982
10812
10084
10452
12000
12569
11217
8589
4585
96
-3693
-7851
-12665
-16791
-19127
-17858
-14195
-10221
-6021
-1865
2348
6499
9702
11383
11028
9262
8083
7518
6963
5963
4122
2825
2018
1123
-50
-2453
-5605
-8445
-10021
-10387
-10086
-9391
-7808
-5239
-1781
1893
4685
6433
7074
7063
7011
6578
5441
3668
1815
555
-788
-2602
-5142
-8615
-11523
-13329
-14899
-14809
-13794
-12737
-9461
-5043
-1524
2121
4438
4589
4795
4401
2484
624
-1384
-3804
-5138
-5183
-5664
-6317
-6436
-7213
-7612
-6864
-6623
-6192
-4730
-3194
-865
2560
5366
7346
8454
8624
7995
6760
5002
2732
765
260
1299
3390
6895
10418
13516
16708
19257
20296
20257
19621
17578
14389
8473
-543
-8113
-13144
-16712
-18857
-20325
-19901
-15445
-9785
-4515
898
4333
6064
7900
10180
11872
11786
11116
10632
11044
11731
11042
8877
5707
1494
-2601
-6016
-9894
-13784
-16637
-17211
-15093
-11455
-7572
-3767
131
3891
7198
9582
10497
9670
8404
7628
6885
6151
4872
3196
2109
1063
-301
-1870
-4294
-7066
-9015
-9897
-9816
-9156
-8002
-6055
-3312
-13
3031
5406
6879
7170
7168
6910
6054
4500
2730
829
-464
-2704
-5206
-7473
-10905
-12366
-13497
-14576
-13018
-11550
-10012
-5747
-2236
-14
3097
3920
3668
3977
2668
787
-583
-2177
-4018
-4547
-4731
-5866
-6393
-6494
-7385
-7204
-6346
-6429
-5083
-3146
-1529
1249
3861
5785
7148
7698
7151
6219
4693
2926
1274
151
521
1748
4290
7678
11084
14412
16780
18193
18748
18187
17330
16658
14643
10574
2993
-4802
-9637
-13208
-16095
-18741
-20295
-18141
-13157
-7696
-1922
2660
5051
7503
10606
13084
13551
12090
10609
9876
10063
9776
7939
5220
1671
-1656
-4137
-6814
-10487
-13748
-15554
-14684
-11932
-8722
-5541
-2275
1238
5000
8370
10249
10336
9127
8206
7597
6678
5234
3086
1336
356
-632
-1526
-3254
-5685
-7606
-8542
-8509
-8066
-7442
-6290
-4140
-1122
2096
4748
6405
7062
7096
7007
6280
4699
2632
439
-1310
-3311
-5037
-6636
-8353
-10342
-11517
-11910
-11625
-10310
-8978
-7128
-4036
-1282
455
2527
3628
2953
2620
1965
266
-1195
-2671
-4384
-5286
-5725
-6507
-6755
-6482
-6575
-6211
-5024
-4150
-3040
-1390
-15
1949
4021
5298
6023
6127
5636
4600
3722
2594
1454
810
1353
3088
5563
8579
11443
13611
15438
17044
17157
16692
16072
15047
13696
11013
4506
-2827
-7734
-11970
-14933
-17076
-19159
-17937
-13478
-8423
-2822
2373
5227
7353
10056
12173
12659
11531
9782
8424
8393
8194
6884
5010
2208
-871
-3079
-5306
-8541
-11554
-13794
-13894
-11924
-8987
-5995
-3012
408
3741
7026
9288
9686
8679
7575
6606
5699
4570
2724
1003
-63
-842
-1474
-2441
-4334
-6151
-7127
-7313
-6938
-6295
-5367
-3809
-1445
1353
3779
5468
6096
5987
5663
5075
3824
2031
7
-1764
-3366
-4495
-5482
-7118
-8820
-10112
-10502
-10042
-9217
-8352
-6997
-4756
-2134
106
1873
2916
2579
1987
1554
297
-1293
-2939
-4533
-5393
-5426
-5489
-5483
-5348
-5286
-4937
-4088
-3162
-2753
-2002
-1112
214
2005
3465
4525
5007
5052
4620
4027
3385
2574
1659
1549
2389
3850
5975
8158
10522
12726
14100
15494
15812
15719
15865
15753
14143
11814
6664
-748
-5949
-10666
-14733
-17168
-19201
-18746
-14323
-8929
-3777
1695
5163
7493
9925
11607
11900
10752
9145
7668
7647
7791
6741
5337
3368
551
-1810
-4043
-7562
-10641
-13096
-13730
-12206
-9629
-6793
-3847
-284
3110
6330
8506
9135
8199
7097
6169
5089
4063
2518
975
311
-144
-641
-1406
-2985
-4756
-5902
-6536
-6679
-6429
-5893
-4485
-2324
338
2705
4514
5419
5439
5387
4708
3561
1790
-112
-1735
-3075
-3661
-5407
-6592
-7277
-8702
-8665
-8213
-8762
-7670
-6058
-5300
-2464
-151
286
1526
2144
1451
906
306
-1506
-2904
-3464
-4403
-4789
-4414
-4906
-5142
-4281
-4345
-4071
-3199
-3139
-2480
-1309
-189
1162
2761
3799
4568
5043
4694
3947
2809
1787
857
394
843
1910
4008
6468
8815
11509
13304
14451
15624
15491
15141
15327
14657
13028
10335
5802
-562
-5831
-10200
-14636
-17137
-18234
-18054
-14371
-8912
-4186
856
5065
7497
9992
11451
11477
10636
9108
7699
7103
6831
5735
4261
2635
355
-1883
-3998
-6914
-9920
-11864
-12642
-11712
-9495
-6937
-4018
-597
2780
5829
7998
8649
8225
7212
6091
4862
3642
2291
950
213
-197
-794
-1536
-2743
-4345
-5532
-6185
-6353
-6063
-5438
-4053
-2023
406
2567
4137
5023
5250
4917
4179
3009
1283
-429
-1925
-3111
-3647
-4645
-5957
-6903
-7690
-8124
-8140
-7958
-7457
-6285
-4771
-2737
-759
578
1196
1402
1438
827
-62
-1173
-2552
-3476
-3884
-4197
-4283
-4302
-4480
-4273
-3858
-3497
-3147
-2873
-2375
-1695
-536
818
2106
3302
4124
4226
4135
3527
2253
1618
1060
765
1667
2910
4584
7165
9647
11650
13488
14516
14542
14324
14285
13958
13037
10557
7452
2922
-2378
-6763
-11158
-14277
-15900
-16863
-15471
-11242
-6920
-2694
1791
5134
7709
9426
10398
10290
9333
8136
6910
6442
5823
4454
3126
1631
-428
-2368
-4598
-7237
-9369
-10863
-10970
-9833
-7903
-5595
-2938
232
3135
5533
6960
7488
6989
6296
5347
4116
2981
1475
411
-87
-698
-1276
-2039
-3069
-3982
-4598
-4882
-4805
-4600
-3957
-2716
-1112
829
2111
3175
3670
3655
3540
2843
1767
549
-955
-2209
-2997
-3752
-4616
-5768
-6321
-6329
-6785
-6316
-5956
-6043
-4562
-3265
-2567
-853
-146
-662
159
228
-713
-987
-1756
-3029
-3353
-3233
-3816
-3874
-3623
-4086
-3781
-3021
-3386
-3367
-2895
-3085
-2395
-1154
-575
474
1828
2632
3376
3839
3502
2709
2377
2186
1962
2477
3429
4227
5949
7877
9204
10636
11624
11915
12510
12968
12921
12587
11294
8770
5681
1052
-3868
-8400
-12333
-14365
-15178
-15002
-12343
-8037
-4130
-22
3836
6441
7961
8651
8893
8306
7302
6275
5479
5191
4583
3660
2710
1032
-1133
-3164
-5482
-7572
-9144
-10015
-9519
-8056
-5815
-3218
-431
2362
4550
6026
6785
6596
5668
4562
3402
2374
1392
514
65
-232
-667
-1049
-1688
-2551
-3433
-4105
-4461
-4430
-4005
-3068
-1735
-334
1148
2427
3278
3422
3182
2553
1573
473
-749
-1815
-2555
-3260
-3758
-3928
-4704
-5228
-5276
-5573
-5212
-5047
-5194
-4417
-3141
-2489
-1560
-671
-857
-676
-429
-876
-1342
-1809
-2737
-3190
-3046
-3269
-3430
-3429
-3709
-3831
-3476
-3472
-3564
-3263
-3208
-2672
-1454
-356
668
1888
2884
3093
3371
3169
2385
1998
1789
1559
2259
3222
3944
5686
7545
8607
10232
11218
11091
11735
12495
12069
11699
10161
7192
4765
784
-4195
-8127
-11487
-13788
-14248
-13641
-11339
-7497
-3990
-210
3746
6401
7647
8305
8687
7911
6991
6099
5104
4505
3771
2719
1917
593
-1520
-3320
-5241
-7025
-8204
-8834
-8350
-7112
-5097
-2859
-274
2155
3933
5090
5750
5745
4884
3915
2855
1839
1003
329
-108
-383
-697
-1189
-1690
-2413
-3182
-3646
-4030
-4041
-3680
-2859
-1747
-414
874
1755
2539
2701
2488
1924
1024
-42
-1010
-1922
-2955
-3189
-3693
-4322
-4237
-4429
-4712
-4287
-4337
-4617
-3874
-3566
-3284
-2178
-1633
-1477
-1023
-792
-1047
-1279
-1680
-2394
-3001
-3205
-3388
-3561
-3441
-3476
-3427
-3199
-3134
-3091
-3079
-3033
-2803
-2389
-1761
-1027
-127
939
1907
2565
2815
2763
2413
1986
1821
1775
1963
2816
3743
4776
6183
7382
8298
9255
9710
10031
10737
11306
11279
10417
8942
6497
3936
559
-3865
-7714
-10779
-12283
-12309
-11427
-9317
-6112
-2854
536
3883
5921
6786
6936
6858
6544
5914
5098
4226
3614
2961
2378
1655
426
-1348
-3102
-4546
-5778
-6555
-7022
-6659
-5620
-3844
-1859
194
1940
3016
3800
4189
4222
3547
2611
1739
1044
663
360
89
-238
-698
-1040
-1437
-1928
-2529
-3154
-3441
-3173
-2619
-1756
-867
-113
767
1335
1656
1544
952
72
-620
-1373
-2088
-2439
-2850
-3080
-3335
-3271
-3197
-3319
-3329
-3546
-3687
-3427
-3353
-3298
-2601
-2302
-2216
-1549
-1417
-1712
-1788
-2162
-2632
-2845
-3014
-3153
-3126
-2970
-2875
-2833
-2595
-2758
-2972
-3003
-3202
-3152
-2920
-2546
-2008
-1168
-249
828
1846
2433
2583
2315
2012
1604
1444
1609
1779
2512
3607
4752
6004
6907
7402
7800
8161
8350
8770
9154
9336
9319
8801
7641
5718
3595
533
-3263
-6452
-8862
-10367
-10370
-9554
-7876
-4871
-1936
934
3793
5488
6099
6259
6078
5405
4693
3906
3074
2539
2137
1602
973
34
-1543
-2865
-3990
-5148
-5661
-5841
-5565
-4443
-2837
-1193
525
1879
2774
3261
3407
3051
2339
1540
745
256
96
-64
-250
-156
-340
-643
-876
-1401
-2028
-2498
-2791
-2749
-2352
-1848
-1363
-777
-111
145
367
105
-587
-990
-1386
-2063
-2344
-2386
-2669
-2439
-2117
-2254
-2162
-2276
-2994
-3262
-3359
-3832
-3794
-3439
-3127
-2638
-1956
-1475
-1406
-1344
-1596
-1964
-2340
-2837
-3171
-3305
-3335
-3124
-2704
-2556
-2351
-2233
-2377
-2415
-2483
-2591
-2560
-2206
-1595
-738
301
1382
2274
2630
2615
2364
1961
1750
1563
1732
2190
2770
3793
5130
6066
6574
6942
7004
7239
7459
7523
7874
8323
8076
6854
5216
3177
970
-1272
-4140
-6515
-7371
-7609
-6714
-4789
-2941
-860
1262
2978
4420
5136
4791
4065
3678
3091
2623
2380
1890
1441
1170
772
99
-704
-1950
-3171
-3870
-4243
-4249
-3892
-3157
-2170
-910
490
1518
2137
2317
2105
1739
1446
864
283
-10
-117
67
294
323
210
-115
-632
-1099
-1639
-2156
-2481
-2630
-2384
-1849
-1260
-777
-404
-229
-361
-456
-734
-1149
-1665
-1974
-2119
-1913
-1684
-1718
-1700
-1662
-2026
-2345
-2413
-2922
-3435
-3443
-3429
-3280
-2879
-2575
-2282
-1942
-1872
-1855
-1721
-1916
-2237
-2267
-2443
-2631
-2439
-2426
-2393
-2226
-2238
-2410
-2382
-2450
-2679
-2571
-2387
-2177
-1586
-881
-215
830
1622
2072
2399
2357
2102
2061
2144
2013
2347
2973
3590
4447
5240
5678
5976
6293
6260
6407
6608
6710
7163
7365
7186
6696
5572
4091
2270
-139
-2485
-4461
-5966
-6455
-6152
-5211
-3738
-1873
71
1723
3172
3972
4073
4018
3764
3328
2866
2312
1800
1378
880
329
-243
-1048
-1965
-2700
-3235
-3626
-3676
-3380
-2793
-1873
-816
186
983
1626
1912
1985
1784
1480
1042
680
455
294
239
131
4
-281
-588
-921
-1374
-1780
-2193
-2303
-2284
-2045
-1590
-1115
-894
-563
-243
-373
-266
-488
-936
-1049
-1218
-1477
-1441
-1526
-1718
-1701
-2010
-2195
-2279
-2644
-3000
-3185
-3136
-3039
-2786
-2464
-2159
-1762
-1391
-1265
-1246
-1356
-1621
-1819
-1946
-2066
-2174
-2343
-2353
-2275
-2249
-2216
-2254
-2352
-2415
-2407
-2190
-1875
-1583
-1065
-473
194
950
1530
1910
2209
2074
1809
1706
1589
1567
1784
2110
2627
3402
4176
4737
5456
5978
6184
6673
7116
7425
7904
7916
7359
6679
5608
4226
2888
1203
-927
-2854
-4162
-5054
-5329
-5035
-4637
-3533
-1996
-547
1164
2551
3155
3552
3888
3852
3602
3080
2268
1535
952
361
-228
-787
-1715
-2439
-2726
-3033
-3150
-2999
-2868
-2394
-1505
-687
41
767
1132
1502
1719
1717
1586
1268
845
470
312
-12
-360
-719
-1115
-1409
-1579
-1761
-1990
-2025
-2109
-1945
-1593
-1259
-906
-656
-432
-252
-185
-324
-438
-853
-1239
-1361
-1666
-1856
-1950
-2054
-2179
-2129
-2174
-2342
-2459
-2610
-2714
-2648
-2489
-2376
-2087
-1843
-1593
-1356
-1275
-1305
-1458
-1689
-2005
-2260
-2390
-2457
-2450
-2200
-1999
-1859
-1583
-1454
-1454
-1363
-1355
-1426
-1343
-1168
-1068
-770
-405
-158
252
754
1083
1285
1573
1537
1511
1667
1728
1996
2389
2880
3471
4302
4983
5553
6131
6499
6823
7306
7807
7843
7817
7165
5775
4420
2700
503
-1384
-3285
-4837
-5333
-5330
-4935
-3773
-2490
-1279
229
1586
2323
2854
3086
2949
2868
2835
2400
2068
1734
1023
530
41
-836
-1557
-2174
-2751
-2900
-2812
-2702
-2349
-1704
-1069
-322
436
945
1122
1211
1195
980
869
554
165
-124
-261
-410
-569
-750
-1047
-1185
-1285
-1356
-1387
-1385
-1360
-1178
-998
-813
-617
-540
-620
-688
-767
-917
-1098
-1477
-1566
-1610
-1703
-1592
-1447
-1545
-1451
-1461
-1621
-1680
-1826
-1990
-2088
-2051
-1956
-1864
-1725
-1573
-1616
-1596
-1624
-1742
-1886
-1998
-1930
-1846
-1654
-1541
-1332
-1087
-937
-889
-852
-963
-1108
-1159
-1191
-1247
-1214
-1085
-965
-771
-473
-266
-124
98
141
226
387
589
889
1165
1675
2128
2547
2978
3321
3722
4164
4545
4960
5593
6226
6767
7331
7770
7668
7498
6659
5181
3738
1856
-291
-1889
-3450
-4669
-4748
-4681
-4179
-2813
-1746
-641
714
1609
2115
2668
2809
2606
2559
2386
2082
1801
1439
902
418
-182
-1016
-1546
-2179
-2795
-2858
-2712
-2639
-2079
-1379
-934
-195
407
618
799
901
640
454
390
106
-64
-56
-220
-383
-381
-564
-785
-875
-1161
-1326
-1405
-1492
-1450
-1332
-1217
-1087
-817
-789
-798
-778
-939
-1055
-991
-1077
-1085
-1004
-1007
-957
-1021
-1152
-1317
-1474
-1729
-1961
-2034
-2071
-2049
-1936
-1840
-1763
-1714
-1654
-1578
-1621
-1600
-1561
-1500
-1384
-1114
-874
-708
-479
-358
-309
-351
-469
-704
-889
-1115
-1262
-1306
-1299
-1247
-1072
-996
-924
-704
-567
-435
-122
184
450
817
1169
1502
1945
2282
2447
2548
2622
2600
2696
2980
3221
3738
4386
4932
5682
6225
6607
6551
6076
5223
4116
2897
1535
25
-1120
-1790
-2223
-2096
-1776
-1511
-1016
-364
151
534
815
968
1049
1332
1691
1916
1966
1894
1666
1364
917
266
-407
-1185
-1765
-2028
-2164
-2043
-1771
-1617
-1236
-641
-398
-189
-49
-181
-240
-222
-299
-309
-289
-351
-235
-179
-303
-481
-808
-1244
-1527
-1678
-1801
-1698
-1611
-1435
-1057
-778
-616
-588
-655
-939
-1042
-1012
-1187
-1178
-1102
-1070
-979
-784
-823
-993
-1128
-1422
-1598
-1664
-1838
-1963
-1907
-1883
-1716
-1500
-1387
-1311
-1226
-1155
-1128
-1067
-1022
-987
-844
-696
-521
-408
-309
-276
-260
-240
-325
-417
-529
-695
-839
-874
-873
-856
-632
-409
-77
320
649
973
1311
1529
1708
1957
2114
2303
2365
2522
2653
2909
3069
3292
3702
3948
4109
4220
4309
4305
4211
3855
3490
2847
1925
1200
527
-86
-363
-732
-890
-513
-375
-86
484
819
889
1115
1306
1377
1485
1392
1098
916
647
368
219
-90
-505
-775
-955
-1209
-1180
-1122
-1169
-1061
-863
-652
-475
-423
-338
-303
-339
-361
-420
-600
-734
-757
-976
-1026
-1124
-1200
-1265
-1180
-1126
-1107
-1033
-981
-965
-896
-814
-909
-998
-1137
-1267
-1408
-1448
-1496
-1490
-1410
-1414
-1308
-1188
-1244
-1289
-1260
-1380
-1473
-1425
-1491
-1449
-1353
-1380
-1327
-1229
-1270
-1261
-1281
-1462
-1434
-1305
-1289
-1203
-1002
-837
-643
-366
-197
-8
129
264
432
532
555
580
579
446
444
503
594
754
982
1404
1844
2298
2663
2930
3192
3391
3446
3476
3477
3503
3433
3377
3313
3134
3036
2872
2534
2276
1950
1489
1254
1054
801
766
752
531
446
567
651
721
720
699
730
801
861
978
966
928
925
916
795
699
527
109
-26
-225
-342
-392
-475
-486
-535
-465
-471
-517
-571
-674
-677
-522
-370
-242
-113
-130
-150
-206
-422
-623
-935
-1206
-1300
-1268
-1194
-1105
-967
-909
-915
-901
-893
-1150
-1303
-1391
-1573
-1590
-1442
-1450
-1479
-1331
-1338
-1235
-1122
-1196
-1262
-1253
-1294
-1309
-1213
-1229
-1196
-1176
-1122
-1092
-1033
-1044
-1150
-1195
-1221
-1198
-1172
-1086
-1045
-981
-766
-658
-547
-409
-449
-401
-274
-146
-19
163
322
521
830
1112
1395
1589
1800
1929
2041
2197
2168
2190
2206
2253
2311
2421
2380
2375
2471
2581
2688
2717
2761
2629
2696
2814
2675
2512
2233
1888
1612
1282
869
728
504
284
390
474
429
447
491
503
664
733
779
798
863
942
1200
1215
1051
914
770
543
415
322
-7
-279
-340
-360
-408
-372
-424
-596
-656
-668
-626
-574
-586
-644
-493
-306
-296
-268
-384
-592
-614
-698
-840
-945
-942
-1072
-1156
-1081
-1117
-1150
-1213
-1335
-1377
-1408
-1474
-1483
-1483
-1523
-1537
-1414
-1263
-1216
-1236
-1266
-1293
-1272
-1317
-1379
-1415
-1419
-1369
-1249
-1133
-979
-865
-748
-616
-518
-526
-491
-446
-561
-515
-422
-421
-376
-394
-429
-398
-379
-309
-161
-18
129
445
764
1175
1457
1694
1851
1904
1892
1735
1663
1545
1347
1296
1354
1434
1532
1724
1843
1966
2182
2264
2427
2486
2518
2615
2667
2588
2325
2003
1611
1196
812
612
538
635
756
943
1160
1122
1142
1146
940
751
625
505
556
659
726
754
703
588
495
292
120
-66
-116
-202
-193
-44
37
16
57
171
131
140
-8
-285
-518
-748
-978
-1049
-1106
-1168
-1017
-871
-787
-766
-790
-967
-1101
-1191
-1308
-1302
-1256
-1220
-1166
-1007
-934
-923
-923
-1121
-1261
-1337
-1470
-1538
-1542
-1488
-1489
-1325
-1222
-1176
-1121
-1118
-1137
-1132
-1108
-1070
-978
-930
-837
-663
-492
-357
-238
-91
-49
-59
-19
-171
-298
-394
-504
-458
-285
-111
121
417
820
1159
1415
1527
1525
1481
1415
1304
1249
1171
1043
1012
1069
1089
1100
1138
1169
1290
1417
1597
1747
1904
2026
2172
2375
2458
2455
2397
2365
2151
1959
1794
1419
1087
764
549
476
392
377
449
490
598
814
988
1020
1119
1170
1171
1105
949
735
493
241
-1
-207
-503
-748
-879
-1000
-875
-660
-452
-308
-106
-36
30
36
-235
-497
-741
-1046
-1118
-1117
-1237
-1144
-1146
-1205
-1119
-1102
-1239
-1216
-1230
-1277
-1123
-956
-962
-969
-876
-992
-957
-977
-1069
-1184
-1182
-1187
-1098
-1019
-1003
-878
-860
-860
-829
-761
-779
-775
-797
-781
-735
-662
-549
-551
-479
-407
-329
-240
-184
-177
-150
-44
68
276
441
540
721
860
942
1066
1064
969
905
826
794
847
849
895
996
1093
1320
1457
1557
1637
1658
1657
1690
1677
1580
1500
1427
1296
1305
1298
1307
1337
1380
1382
1363
1464
1364
1339
1073
884
787
619
596
609
496
417
439
391
454
511
492
553
569
521
508
386
252
143
-50
-114
-132
-195
-234
-284
-276
-257
-227
-334
-461
-556
-610
-695
-676
-653
-650
-606
-605
-653
-701
-828
-1025
-1206
-1309
-1317
-1291
-1197
-1088
-992
-808
-735
-746
-754
-814
-932
-947
-1032
-1101
-1047
-1024
-1002
-899
-841
-788
-734
-751
-800
-818
-767
-753
-649
-590
-506
-361
-233
-117
-160
-224
-314
-409
-434
-490
-408
-251
-151
49
277
478
592
678
625
560
606
572
553
545
569
590
650
677
677
700
746
739
808
844
934
1059
1156
1323
1481
1511
1541
1431
1283
1219
1117
926
709
605
492
505
620
718
781
839
825
918
915
758
470
321
241
287
433
485
493
425
465
464
403
139
-141
-308
-396
-240
-118
-33
69
177
258
341
315
19
-326
-581
-722
-760
-735
-707
-616
-453
-376
-207
-133
-296
-508
-650
-691
-760
-719
-694
-743
-707
-684
-654
-695
-760
-916
-1026
-992
-926
-901
-819
-745
-704
-616
-610
-567
-570
-598
-636
-573
-444
-354
-283
-231
-229
-140
-122
-191
-254
-325
-401
-348
-282
-271
-160
-138
-30
126
224
350
382
384
404
373
399
420
392
337
352
367
386
420
343
299
218
200
239
444
628
757
929
1089
1178
1221
1096
938
733
526
416
293
277
290
403
516
581
615
647
585
531
494
504
501
546
611
549
558
483
344
189
-44
-346
-546
-615
-662
-471
-258
-24
358
606
731
763
730
467
220
2
-340
-539
-651
-820
-767
-652
-650
-522
-435
-475
-456
-398
-495
-365
-289
-409
-368
-345
-499
-530
-612
-800
-874
-936
-1034
-1049
-955
-896
-772
-580
-454
-295
-176
-226
-219
-211
-302
-446
-455
-569
-631
-669
-738
-695
-687
-700
-595
-472
-340
-154
-2
101
222
318
327
243
172
24
-126
-218
-272
-276
-165
-44
37
243
396
454
482
437
368
304
188
142
70
138
184
202
313
349
428
406
367
383
471
453
466
502
444
457
368
288
183
70
-46
-103
-132
-97
-32
90
274
325
406
447
455
431
368
285
195
97
31
102
-5
-102
-97
-176
-153
-96
-96
-82
-91
-73
24
51
43
128
60
-9
73
47
-29
-63
-81
-229
-216
-226
-323
-287
-270
-279
-259
-227
-273
-225
-220
-257
-241
-232
-300
-273
-232
-286
-265
-207
-208
-232
-237
-274
-275
-262
-234
-224
-162
-67
35
130
174
183
154
91
-3
-47
-172
-325
-390
-442
-410
-349
-261
-158
-8
61
80
139
126
90
31
-29
-96
-108
-92
-39
-12
50
81
131
109
119
131
48
60
29
66
103
210
284
310
388
407
323
285
145
31
-89
-136
-114
-108
6
140
212
253
290
279
230
176
111
31
60
78
153
226
255
311
287
247
178
-16
-184
-257
-272
-182
-41
74
235
401
404
392
384
200
-8
-158
-314
-433
-431
-388
-374
-271
-213
-126
-104
-153
-93
-84
-148
-208
-192
-232
-252
-197
-227
-240
-275
-350
-427
-388
-404
-354
-351
-306
-319
-301
-249
-321
-366
-394
-450
-503
-531
-561
-529
-513
-433
-379
-293
-205
-114
-34
16
91
122
44
1
-70
-144
-192
-222
-245
-293
-295
-280
-246
-243
-261
-257
-178
-67
-29
64
110
179
159
143
138
-15
-123
-180
-192
-180
-224
-189
-74
-24
92
147
151
230
249
245
242
214
184
204
152
63
7
26
-24
-58
-16
1
-9
19
37
37
53
-31
-63
-40
-94
-70
-41
-82
-87
-35
8
50
115
103
112
114
157
142
83
62
-12
-89
-142
-219
-272
-266
-320
-323
-304
-245
-154
-132
-137
-47
-9
30
101
139
124
142
149
146
70
-17
-135
-187
-213
-237
-214
-139
-49
22
59
54
49
-19
-92
-149
-186
-217
-181
-187
-186
-181
-191
-142
-154
-207
-202
-200
-210
-149
-66
-31
-2
34
101
105
72
57
-10
-66
-78
-51
-24
-7
-12
-17
33
33
18
-7
-14
-39
-10
41
71
151
231
298
320
342
349
252
218
122
40
-3
-55
-44
-59
2
56
49
118
153
155
193
216
186
186
186
194
184
103
89
50
4
-28
-38
-65
-78
-95
-82
-52
-6
-4
53
148
196
210
216
255
261
229
211
219
116
74
1
-54
-95
-119
-110
-93
-40
4
64
47
102
140
101
11
-47
-94
-165
-229
-257
-239
-246
-199
-136
-104
-20
-14
-53
-96
-151
-218
-245
-224
-254
-209
-186
-145
-71
-65
-31
2
-29
-23
-21
-31
-30
-38
-21
-63
-29
-6
-39
-25
-12
16
-15
-8
20
40
20
2
38
56
86
81
37
4
2
-33
-54
-57
-74
-75
-17
9
74
150
159
136
190
200
189
200
185
156
108
104
107
18
-48
-68
-44
-63
-93
-52
0
48
124
203
169
171
170
111
74
-48
-96
-162
-135
-81
-55
-31
15
55
121
126
49
27
-27
-97
-128
-140
-108
-80
-83
-55
-64
-19
-56
-27
-63
-51
-22
-8
36
32
101
49
45
7
-101
-149
-166
-225
-251
-228
-165
-132
-106
-53
-58
-11
14
62
54
5
5
-41
-47
-80
-109
-175
-174
-155
-189
-162
-169
-147
-119
-84
-125
-100
-72
-88
-72
-51
-40
-13
-41
-86
-116
-145
-143
-158
-126
-126
-53
-25
-68
-46
-111
-131
-132
-154
-137
-148
-94
-116
-121
-112
-60
-32
-84
-29
-2
32
19
0
-39
-56
-84
-95
-105
-151
-141
-139
-187
-136
-143
-129
-143
-112
-84
-113
-81
-54
-47
-86
-115
-142
-178
-206
-187
-205
-213
-152
-144
-160
-135
-104
-161
-147
-115
-129
-155
-118
-185
-203
-132
-117
-141
-171
-133
-139
-141
-164
-187
-172
-181
-184
-209
-220
-221
-297
-324
-272
-262
-240
-213
-226
-220
-205
-159
-175
-181
-166
-141
-143
-165
-189
-167
-164
-175
-176
-197
-175
-140
-194
-187
-182
-127
-133
-124
-119
-113
-102
-74
-37
-71
-89
-145
-121
-168
-153
-155
-161
-133
-92
-52
-43
-64
-47
-72
-91
-50
-68
-19
1
6
11
-28
-10
16
-12
3
-5
-17
-42
-69
-56
-70
-109
-85
-51
-52
-30
-3
22
44
42
18
8
-50
-59
-23
-58
-62
-139
-115
-67
-135
-98
-118
-100
-86
-67
-28
-48
-30
-24
-37
-40
-56
-44
-42
-110
-138
-128
-156
-122
-176
-152
-167
-223
-197
-206
-190
-171
-172
-164
-129
-133
-115
-110
-97
-49
-72
-97
-79
-101
-47
-90
-108
-174
-173
-146
-180
-154
-147
-148
-154
-122
-115
-105
-102
-111
-122
-98
-93
-93
-74
-96
-109
-115
-88
-75
-82
-70
-63
-45
-87
-79
-53
-41
-76
-46
-46
-64
-24
-53
-66
-24
-51
-38
-34
-31
-43
-86
-27
-64
-45
-55
-73
-49
-14
56
77
46
63
72
78
81
72
69
38
62
27
74
67
89
65
58
84
37
52
49
101
118
134
80
63
97
89
51
43
40
20
13
49
56
22
-5
34
23
19
6
-29
11
-6
-27
-6
-50
-10
-17
-5
15
31
12
9
58
18
8
-21
14
7
-55
-14
-21
-57
-57
-76
-54
-78
-48
-63
-97
-20
-11
-25
23
74
11
84
56
38
58
29
34
37
24
42
19
29
64
4
7
38
72
88
66
64
53
65
70
100
98
55
89
45
47
62
55
59
66
127
141
113
118
119
142
199
169
200
185
172
183
171
214
204
192
196
188
202
172
148
143
137
138
171
168
171
186
155
204
211
209
224
174
173
196
186
190
147
176
180
159
126
86
105
47
58
70
81
99
94
119
134
106
96
142
142
128
86
92
129
121
82
47
69
89
72
53
61
35
54
71
73
58
63
22
52
58
81
45
11
73
28
51
54
54
14
31
28
7
12
50
61
10
-16
34
44
65
15
78
97
66
109
103
112
89
72
88
134
93
103
81
112
115
97
88
110
121
77
101
89
109
137
130
138
178
159
165
156
168
182
174
199
159
201
193
164
206
193
201
200
185
209
222
189
158
154
151
153
141
163
163
119
138
176
138
133
130
72
83
106
137
103
107
111
114
127
94
106
137
109
131
128
135
115
115
63
91
113
70
91
79
86
69
81
98
104
135
135
137
143
127
136
107
102
89
40
41
83
68
65
105
86
120
91
83
82
85
82
84
74
90
69
8
68
31
10
8
-28
-33
-22
-46
-42
-26
-3
8
-11
9
34
67
26
43
55
77
95
97
102
87
105
145
143
117
129
126
163
147
119
84
71
78
110
143
97
93
125
93
91
74
107
66
74
102
104
119
109
97
149
118
94
87
104
112
34
44
54
44
69
30
43
66
26
47
40
54
50
57
79
63
36
56
62
57
24
54
49
34
56
64
60
91
29
11
31
8
-7
-32
-45
-55
-31
16
21
-31
13
4
-19
-39
-42
-60
-72
-66
-87
-52
-57
-75
-28
-62
-77
-37
-53
-94
-70
-82
-97
-77
-109
-85
-103
-125
-84
-100
-72
-92
-84
-81
-82
-60
-61
-73
-111
-68
-83
-66
-37
-52
-47
-63
-54
-80
-75
-63
-61
-46
-58
-29
-53
-105
-58
-109
-68
-24
-1
-14
-21
13
11
25
33
28
41
75
62
36
57
57
52
57
79
31
54
21
21
49
36
70
55
59
69
49
49
66
42
41
80
44
21
34
48
68
48
70
59
36
18
13
-14
-8
8
11
14
18
38
13
23
-48
-14
-79
-79
-63
-79
-63
-72
-72
-79
-12
-52
-83
-59
-46
-60
-90
-120
-81
-86
-100
-90
-117
-91
-100
-84
-65
-103
-82
-57
-79
-41
-62
-57
-51
-93
-95
-97
-70
-68
-86
-68
-55
-83
-80
-63
-81
-82
-40
-6
-32
-63
-63
-4
-7
-44
-36
-16
-21
24
24
15
17
1
27
-13
17
26
-40
-63
-17
-2
-6
-15
-25
32
-4
43
28
6
29
46
70
95
84
75
104
81
104
139
85
84
107
93
99
115
94
49
40
73
35
24
42
39
39
29
46
51
60
71
78
33
68
22
20
37
19
9
-8
0
20
21
-31
36
39
38
65
21
-4
-10
9
17
-40
14
-26
-25
19
-26
-21
-13
-19
-1
-8
-10
-17
10
44
4
21
-17
-6
15
8
-2
-26
4
-32
-82
-61
-38
-47
-50
-52
-84
-45
-47
-20
1
-34
-10
-18
-25
-8
-24
-51
2
4
-45
-15
14
-2
-11
-46
-38
-48
-11
-28
-15
-21
-20
-28
-1
24
18
-1
19
31
-13
33
-20
-14
-5
10
4
39
35
28
27
-25
-52
-15
18
8
-29
-37
-65
-54
-9
-42
-10
9
-30
-27
-18
-43
-41
-27
-13
1
-60
-68
-2
-37
-52
-54
-85
-80
-107
-75
-70
-45
-50
-73
-112
-115
-117
-132
-132
-217
-192
-189
-178
-214
-189
-182
-214
-213
-195
-196
-215
-207
-197
-184
-191
-183
-215
-192
-189
-204
-185
-139
-158
-208
-215
-219
-198
-225
-192
-197
-208
-194
-170
-158
-158
-131
-176
-196
-172
-132
-136
-162
-131
-85
-109
-135
-162
-150
-177
-205
-148
-183
-179
-166
-165
-143
-150
-124
-164
-131
-127
-152
-168
-164
-140
-168
-167
-166
-133
-126
-107
-97
-102
-136
-111
-54
-94
-115
-94
-54
-64
-58
-79
-58
-31
-43
-75
-78
-74
-79
-83
-96
-87
-105
-82
-103
-94
-100
-123
-119
-138
-173
-143
-116
-133
-129
-126
-124
-91
-105
-105
-103
-127
-111
-120
-101
-112
-123
-127
-171
-144
-171
-127
-155
-139
-136
-167
-178
-139
-139
-162
-159
-157
-160
-148
-166
-164
-123
-154
-153
-203
-206
-202
-216
-229
-201
-197
-176
-149
-128
-165
-178
-146
-156
-177
-188
-156
-163
-123
-120
-123
-118
-166
-160
-179
-143
-148
-126
-110
-102
-113
-145
-152
-117
-184
-197
-145
-127
-159
-152
-164
-189
-173
-202
-152
-182
-169
-134
-136
-115
-135
-137
-156
-145
-119
-128
-116
-117
-122
-100
-126
-124
-83
-124
-104
-86
-109
-131
-91
-131
-121
-132
-115
-96
-82
-35
-88
-23
-46
-79
-72
-91
-63
-57
-77
-86
-85
-48
-77
-92
-65
-37
-86
-90
-91
-76
-69
-151
-108
-101
-140
-110
-143
-156
-158
-143
-112
-172
-155
-161
-146
-150
-137
-181
-200
-187
-178
-176
-173
-175
-190
-146
-189
-188
-174
-163
-131
-176
-152
-144
-130
-148
-127
-124
-154
-124
-137
-180
-185
-173
-173
-193
-175
-195
-231
-233
-167
-130
-122
-77
-107
-129
-88
-145
-130
-147
-176
-154
-145
-151
-149
-97
-112
-93
-97
-79
-81
-81
-60
-52
-78
-60
-42
-94
-61
-47
-81
-54
-84
-62
-81
-68
-69
-73
-79
-69
-62
-94
-57
-33
-23
-47
-38
-48
-70
-53
-52
-31
-56
-47
-39
-14
-47
-73
-54
-74
-70
-30
-17
-68
-39
-68
-71
-44
-105
-104
-100
-82
-72
-86
-93
-124
-107
-113
-114
-106
-100
-95
-105
-126
-125
-155
-132
-107
-135
-137
-94
-132
-149
-130
-145
-105
-123
-92
-143
-143
-102
-88
-130
-89
-117
-139
-112
-107
-97
-143
-142
-142
-112
-138
-177
-147
-142
-93
-108
-125
-157
-123
-75
-133
-150
-165
-147
-135
-144
-144
-137
-162
-152
-108
-123
-83
-71
-92
-86
-72
-53
-38
-31
-20
11
-14
-8
-20
-19
-56
-40
-32
-48
-47
-67
-65
-50
-63
-69
-37
-44
-45
-13
-5
-44
-50
-40
-50
-35
-36
-76
-97
-85
-87
-86
-52
-74
-94
-87
-98
-88
-141
-98
-69
-110
-73
-91
-51
-118
-112
-131
-107
-120
-123
-70
-91
-31
-34
-56
-44
-44
-76
-47
-60
-98
-66
-38
-55
-94
-78
-77
-60
-66
-98
-90
-123
-120
-90
-101
-128
-150
-150
-148
-136
-114
-159
-147
-155
-154
-139
-170
-142
-169
-178
-187
-182
-185
-191
-180
-189
-165
-213
-214
-160
-119
-149
-169
-105
-110
-114
-120
-99
-102
-104
-65
-102
-103
-74
-52
-50
-64
-48
-51
-34
-50
-82
-75
-69
-101
-55
-81
-97
-113
-108
-122
-129
-123
-136
-109
-80
-59
-54
-42
-54
-39
-79
-96
-75
-101
-92
-61
-63
-78
-79
-59
-73
-68
-25
-84
-83
-102
-79
-73
-86
-62
-80
-67
-62
-56
-53
-74
-23
-5
-34
-30
-41
-22
-4
-12
11
-7
32
55
28
12
-10
-23
-35
-35
-25
-53
-67
-42
-58
-53
-81
-96
-51
-34
-47
-69
-98
-50
-55
-93
-85
-16
-38
-38
-24
-76
-27
-102
-92
-49
-72
-67
-97
-79
-62
-102
-71
-85
-114
-90
-99
-66
-85
-58
-41
-62
-13
-25
-66
-51
-44
-5
-10
-7
-13
-37
11
2
23
20
-5
10
-5
25
54
-5
20
0
-18
-18
-52
-22
-43
-54
-60
-56
-75
-29
-67
-88
-84
-147
-78
-104
-106
-125
-104
-61
-70
-48
-43
-43
-36
-2
-27
-26
1
-25
-47
-22
-2
-6
-10
13
18
-17
25
-20
-26
11
-7
-15
54
18
12
13
3
43
15
22
47
23
23
40
-14
4
-13
-52
-50
-57
-37
-35
-45
-79
-79
-80
-77
-46
-81
-64
-89
-96
-80
-92
-94
-123
-122
-130
-118
-108
-80
-96
-85
-38
-65
-35
-41
-63
-33
-40
-14
-31
-45
-7
-47
-56
-75
-63
-106
-88
-70
-63
-68
-66
-56
-71
-8
-65
-48
-71
-38
-60
-65
-11
-52
-50
-89
-39
-24
-36
-53
-51
-46
-57
-54
-36
-27
-2
-32
-50
-12
-27
-32
-83
-48
-44
-72
-86
-103
-81
-57
-54
-52
-15
-13
-13
-9
-39
-30
-59
-54
-72
-59
-73
-72
-77
-92
-11
-51
4
-28
-55
-65
-88
-81
-106
-135
-85
-43
-67
-58
-26
-68
-58
-88
-112
-54
-92
-106
-96
-36
0
-51
-49
-3
-36
-55
-39
-43
-47
-114
-71
-71
-80
-55
-66
-40
-47
-90
-72
-46
-76
-34
-58
-67
-47
-47
-45
-66
-115
-103
-73
-86
-82
-47
-22
-47
-15
-43
-39
-31
-53
-14
-48
-28
-59
-82
-98
-82
-67
-105
-77
-35
-64
-86
-128
-118
-99
-102
-138
-117
-95
-113
-115
-95
-86
-109
-107
-104
-130
-138
-140
-133
-112
-116
-99
-105
-121
-123
-77
-72
-83
-82
-49
-86
-86
-100
-115
-106
-132
-99
-83
-85
-75
-47
-64
-44
-31
-32
-12
-31
-26
22
-31
-54
-48
-51
-87
-61
-65
-98
-23
-22
-37
-28
-37
-48
-69
-59
-83
-74
-68
-53
-63
-100
-91
-93
-144
-116
-97
-70
-62
-64
-44
-42
-33
-46
-42
-65
-20
-29
-12
8
-2
-50
-1
13
-24
-8
-14
14
65
15
38
11
-31
-14
-11
-24
-4
-23
-19
-11
-58
-25
-1
-38
-16
-34
-69
-72
-74
-39
-51
-75
-50
-9
25
1
-24
41
25
18
-3
13
-25
-8
25
6
-26
-44
-15
-12
11
42
75
55
40
50
74
69
77
49
81
84
63
63
67
90
72
82
63
63
44
60
93
63
76
69
85
96
37
46
24
-1
-6
-25
-37
-43
3
-1
15
28
-7
-20
18
7
28
42
20
28
-15
-10
-43
-26
2
8
17
57
41
10
77
51
45
98
93
81
69
67
19
48
69
67
62
62
65
45
-14
52
63
57
85
58
127
129
98
102
99
104
95
95
90
50
55
29
25
55
42
50
64
76
91
68
92
104
50
66
26
29
24
35
36
17
6
-21
-2
0
16
59
88
35
51
97
33
19
18
27
20
51
82
81
65
71
62
103
93
92
111
98
139
83
76
40
82
38
76
130
128
129
105
110
138
127
96
102
99
133
102
49
73
64
48
43
33
58
62
66
86
120
150
85
72
76
49
58
39
23
16
44
66
87
63
99
103
109
98
105
96
93
79
110
138
123
131
126
113
109
137
116
92
109
109
74
45
62
71
102
74
61
38
25
50
70
108
76
47
55
59
65
75
71
96
82
6
12
38
31
38
60
47
100
114
66
116
77
86
104
154
143
120
157
109
153
173
247
192
214
226
223
220
216
214
169
172
183
183
147
151
168
181
159
173
172
174
139
139
130
122
144
111
99
128
124
110
135
126
120
137
132
129
146
107
143
148
118
155
149
115
145
124
115
168
148
158
175
123
144
149
151
139
94
138
123
103
147
134
162
178
130
138
107
130
134
124
129
140
128
131
113
92
125
80
115
127
121
106
88
99
71
90
140
126
122
130
108
118
78
119
124
121
128
142
128
109
132
107
141
173
172
145
156
151
153
164
218
196
183
207
194
196
176
194
193
204
248
228
226
228
211
183
177
186
153
159
183
166
123
138
139
147
144
120
187
175
169
157
122
149
110
94
146
126
135
155
123
143
118
100
94
136
157
189
175
130
159
152
136
148
169
171
167
175
178
169
139
165
156
148
160
185
189
210
200
179
216
189
176
185
144
132
120
139
152
107
126
96
87
105
79
60
54
33
78
52
18
28
19
30
20
59
29
55
40
62
66
52
72
13
28
49
62
64
67
76
120
107
134
115
106
157
137
192
196
178
144
131
160
175
159
157
142
141
166
161
188
183
199
126
164
188
168
176
120
165
192
194
170
160
144
154
151
102
162
188
124
112
141
155
152
129
127
90
65
52
90
90
109
94
154
166
105
133
160
132
140
123
108
175
120
125
129
128
158
162
177
158
167
127
140
146
114
134
111
130
88
91
104
116
134
90
88
82
92
106
121
106
74
75
62
80
49
-4
17
25
37
46
47
57
51
52
100
44
87
53
45
78
83
94
48
91
92
144
118
133
144
73
80
90
94
85
78
72
71
62
77
91
98
103
86
90
16
45
54
42
94
64
73
30
67
87
75
85
88
89
71
63
50
60
110
53
76
74
51
14
10
36
10
55
37
38
49
44
73
52
16
-22
-8
-12
-1
21
-14
-8
-3
9
-6
-24
-10
-9
17
29
4
46
72
66
37
-2
3
-5
11
24
35
11
19
56
47
40
38
36
44
24
-8
29
31
-9
-38
-26
-58
-9
-28
-63
-20
-53
-56
-46
-35
-54
-39
-64
-66
-43
-20
-43
-38
-72
-51
1
-24
-34
-65
-1
-19
-39
-13
-30
-46
3
3
-6
-6
-24
-45
-25
-13
12
1
-61
-27
-46
-25
2
16
31
14
25
26
44
39
-12
4
-2
-39
-32
-57
-65
-34
-46
-37
-16
-7
-16
3
66
69
63
26
71
48
33
55
61
40
31
40
52
77
58
112
91
98
58
24
17
87
61
67
59
40
38
52
52
35
41
22
11
7
15
13
28
0
19
25
14
-10
-45
-43
-12
-35
-23
-15
-39
-20
13
1
-22
-12
36
55
2
12
-16
-25
-33
-23
-26
-25
25
27
39
11
38
51
82
112
79
71
56
26
23
7
31
59
29
44
28
23
27
78
47
75
87
69
44
64
74
62
75
76
77
69
51
32
58
92
67
56
52
80
73
93
81
78
82
36
31
36
20
34
87
46
35
37
14
48
28
30
34
22
70
45
78
41
66
77
56
76
43
94
100
60
30
59
22
24
44
29
44
81
69
48
49
12
9
-8
50
2
-3
24
42
22
38
18
-3
32
5
10
-7
10
-4
-20
23
38
68
50
62
62
58
23
-8
47
37
47
5
-11
23
34
41
18
43
33
53
75
69
57
51
45
93
121
81
78
82
79
62
84
16
35
27
41
63
47
111
66
83
89
70
71
63
17
17
77
56
23
49
20
-17
1
-4
-11
-30
-9
6
6
26
24
-10
56
62
19
59
31
-3
37
2
21
-9
11
1
20
83
46
43
10
-7
0
0
3
-16
-25
-21
20
43
21
34
43
-14
-3
-10
-39
-31
-20
-56
-43
22
-40
-24
-53
-54
-58
-29
-2
-31
-42
-61
3
-6
28
23
2
-16
-4
-29
-1
13
-43
-3
-29
-18
12
29
-14
-1
7
10
15
-7
-20
-12
4
12
10
1
-5
-10
-3
14
17
24
27
1
5
20
29
32
-7
-2
-6
-10
5
-40
-44
-47
-31
-32
-12
-16
-44
-25
16
-19
-19
-19
-25
21
-13
-21
9
29
-3
55
-22
12
-12
-38
-11
-14
-11
-8
18
20
36
-4
-3
0
16
48
14
79
50
20
52
36
67
45
20
22
43
57
13
44
82
66
71
69
69
17
28
17
25
22
7
-12
-37
-25
11
-43
-25
-15
-30
-50
-58
-68
-79
-12
-1
-24
5
-8
-7
17
8
5
14
31
-24
-18
3
15
-30
-43
-23
-43
-51
-17
-21
-18
23
16
19
-29
-23
-33
-26
-48
-34
-44
-31
-63
-66
-39
-48
-51
-73
-70
-60
-74
-86
-40
-54
-90
-88
-73
-73
-51
-71
-88
-96
-87
-90
-66
-59
-99
-39
-36
-56
-37
-51
-29
-28
-32
-30
-26
3
-14
5
-11
-2
9
-1
-3
-36
-13
-45
-44
-21
-103
-48
-35
-41
-47
-36
-55
-72
-48
-67
-31
-61
-45
-36
-44
-22
-40
-59
-47
-31
-61
2
-15
-42
-65
-34
-55
-84
-73
-41
-47
-70
-16
-1
6
-17
7
-6
32
16
21
28
-3
60
34
36
33
23
9
-8
15
-12
7
-35
-15
-27
7
15
-20
-22
-36
-4
-28
-51
-33
-26
-47
-49
-67
-12
-59
-46
-51
-50
-23
-58
-52
-48
-40
-53
-62
-55
-50
-20
-54
-42
-45
-38
-1
2
30
41
25
39
38
38
36
3
22
28
33
58
48
56
108
60
60
80
67
34
38
91
15
21
7
-14
31
5
9
-2
23
6
40
47
-4
-11
6
17
-15
-27
-3
-48
-52
-50
-58
-22
-55
-29
-28
-17
-12
23
-17
-32
-15
11
-21
-21
-6
-34
1
-18
13
25
4
-31
-28
-41
-18
6
2
22
-12
5
30
16
20
15
-3
16
20
3
-8
15
16
-38
14
-14
-11
15
-3
-15
-41
-41
-28
-38
-48
-38
-61
-38
-29
-22
-56
-94
-49
-44
-20
-30
-27
-17
0
29
45
26
-12
10
19
-10
39
70
38
-9
-8
44
44
3
38
12
2
-2
-8
7
-8
14
-4
-6
2
17
40
29
53
2
-23
-8
0
13
17
29
13
-13
41
34
-1
21
-2
-2
-3
-29
-33
-4
28
-13
-8
-17
-9
-13
-20
-40
0
29
-45
7
-6
9
26
-1
12
-37
-23
-9
19
23
7
42
31
21
0
4
-11
29
-9
-8
-36
-32
9
28
32
39
43
31
64
50
30
11
34
40
27
18
10
-7
-2
20
15
19
-16
-7
8
6
39
51
-1
29
51
13
35
42
23
37
68
34
49
47
25
55
84
56
19
6
27
-13
-7
38
27
51
71
53
42
52
36
86
64
77
94
55
47
13
-7
18
18
17
-3
12
42
3
20
13
3
15
19
-19
-23
-36
-53
-48
-54
-33
-44
-19
-11
-28
7
25
-4
22
11
-32
-21
-62
-35
-40
-76
-65
-26
-25
-33
-23
-17
-40
-53
3
-28
-4
-6
-62
-58
-15
-45
-26
-28
-1
-21
-49
-44
-42
-6
-3
-1
-22
-21
0
-16
-19
-12
8
7
0
-11
-8
-9
20
10
-35
24
6
-21
13
-31
-6
15
-21
9
18
39
30
27
15
49
80
36
75
66
80
45
71
100
62
61
62
58
91
99
83
103
88
70
62
86
64
37
86
95
98
42
68
86
65
107
92
82
84
104
94
64
48
68
58
36
38
10
37
68
63
103
57
94
77
50
99
68
29
44
21
12
54
20
37
66
13
-22
-7
-3
-8
18
38
22
47
11
17
22
-37
15
25
15
28
48
22
75
109
119
118
105
101
79
78
70
84
6
0
27
4
33
11
8
51
54
39
65
51
52
58
63
60
67
77
72
34
54
84
51
27
13
56
58
49
81
74
80
94
116
124
84
95
106
58
49
117
87
74
85
96
92
101
79
52
67
77
111
108
97
120
116
112
145
156
148
94
99
108
103
72
51
55
87
96
113
109
106
139
152
129
104
142
90
91
125
134
96
85
105
98
104
114
126
122
112
148
132
142
179
164
162
127
134
129
114
103
81
112
119
155
198
185
193
189
164
156
167
112
109
133
116
111
131
132
127
123
113
109
143
121
121
155
156
139
119
147
125
95
124
159
161
162
136
131
127
100
120
120
117
142
138
147
138
90
90
145
134
101
138
126
127
150
133
159
173
169
190
170
179
157
156
194
166
146
172
148
165
152
134
170
176
161
165
152
152
121
123
124
100
147
114
125
94
108
169
153
128
75
94
131
135
99
107
96
71
102
80
88
59
49
48
16
58
39
37
64
28
7
66
44
48
34
70
68
61
76
79
93
64
96
56
75
55
20
39
60
64
72
74
75
64
65
46
20
27
16
52
64
85
63
77
103
62
120
76
108
111
102
139
76
106
113
93
70
96
95
100
112
95
130
123
83
104
141
148
126
139
161
168
189
139
165
145
175
154
156
119
58
132
151
160
127
102
119
119
135
173
133
151
178
149
150
175
198
167
131
150
158
165
180
168
158
154
184
190
197
181
170
141
126
149
92
175
171
116
139
109
133
149
167
151
131
163
177
133
149
158
114
127
132
112
99
109
99
93
67
94
118
95
131
115
125
102
111
78
95
140
80
94
95
76
98
105
120
96
132
137
131
107
52
58
44
112
81
53
74
76
120
83
128
121
131
171
120
120
75
37
59
50
48
61
44
91
67
58
51
73
105
73
74
93
94
95
64
86
67
68
134
98
111
87
106
106
94
97
101
116
123
124
130
132
150
142
147
163
160
171
146
152
122
103
130
169
151
171
161
176
166
140
113
89
80
77
102
100
155
141
93
120
123
119
150
158
154
150
109
118
122
107
95
98
123
87
104
80
76
108
86
114
109
99
87
109
116
104
72
82
125
124
120
115
113
116
128
110
82
73
82
101
74
84
73
67
93
110
102
88
126
95
108
119
135
99
81
101
95
134
124
87
105
104
87
88
65
61
76
59
48
70
77
123
106
125
95
67
91
46
80
94
117
92
59
110
131
89
98
102
82
89
117
59
72
41
62
53
46
34
35
25
21
87
-2
39
42
46
31
62
52
34
82
40
85
101
101
100
103
87
29
36
30
63
82
54
43
44
75
23
54
48
51
68
46
56
36
46
6
-7
-3
5
0
-60
-27
-15
-20
-35
-58
-26
-39
-22
-39
13
10
-35
-6
-45
-43
-49
-27
-44
-26
-50
-27
-43
-71
-75
-57
-16
-30
-40
-24
2
-79
-67
-80
-48
-24
-79
-85
-52
-50
-69
-48
-72
-54
-51
-28
-83
-90
-43
-55
-49
-64
-31
-31
-39
-57
-76
-74
-30
-52
-57
-43
-43
-36
-42
-98
-84
-20
-66
-53
-58
-19
-18
-11
18
-23
-12
-18
-46
-27
-13
-11
-14
-4
-7
-18
-1
-39
-55
-21
-27
-26
9
7
19
1
-29
4
-6
15
-31
-13
6
1
31
-35
-19
-10
-8
26
-20
-46
-41
-22
-22
-6
-6
-41
-20
-32
-26
-65
-54
-36
-60
-48
-93
-91
-88
-92
-67
-61
-41
27
-7
-24
27
13
4
-4
5
2
15
-4
3
-43
-4
66
55
39
27
27
4
28
38
-1
43
34
33
27
10
21
61
53
22
27
8
-7
18
-5
0
-32
-63
-37
-6
-29
-32
-31
-13
5
9
-8
-19
3
20
28
31
54
50
29
8
-27
-17
-25
-44
-18
-35
-30
20
-11
-24
13
0
6
4
-3
-5
10
23
16
-22
-12
3
58
26
41
13
-8
51
24
0
10
14
-45
-3
-29
-30
-25
-26
-20
-35
-10
8
-5
12
17
-49
1
13
-13
-34
-61
-21
-20
32
-4
-18
-23
-38
4
0
2
3
26
21
32
32
28
23
-10
-18
-40
-37
-38
-29
-29
-39
-32
-53
-36
-43
-31
-11
-31
-56
-49
-1
7
-38
-21
7
-28
-29
-34
-6
7
-14
10
10
13
32
1
16
48
46
6
20
25
48
68
31
62
7
24
54
28
37
-25
25
17
24
21
27
68
38
17
-10
-29
-67
-57
-63
-55
-73
-28
-32
-99
-40
-56
-34
-27
-25
-70
-73
-83
-111
-55
-75
-20
-48
-14
-21
8
35
7
50
-8
33
49
19
38
12
24
12
9
38
11
9
-2
-6
25
30
11
9
21
33
-25
-3
-18
-41
-34
-61
-40
-38
-36
-60
-93
-65
-65
-88
7
-32
-81
-92
-82
-80
-102
-54
-63
-90
-66
-67
-77
-108
-116
-72
-96
-69
-102
-103
-59
-96
-83
-103
-89
-126
-120
-44
-94
-47
-65
-117
-97
-102
-112
-81
-109
-115
-147
-104
-96
-155
-93
-76
-136
-144
-130
-147
-131
-108
-119
-83
-65
-106
-56
-70
-89
-76
-121
-128
-97
-118
-62
-108
-109
-72
-73
-74
-92
-51
-57
-39
-55
-84
-82
-82
-67
-67
-80
-84
-97
-93
-52
-52
-38
-52
-53
-39
-76
-39
-51
-65
-67
-32
1
-15
-63
-40
-28
16
32
10
3
-13
-23
-19
15
-20
-18
-39
-34
-48
-54
-57
-71
-55
-70
-97
-46
-19
-54
-75
-68
-42
-96
-73
-40
-51
-45
-73
-92
-81
-93
-50
-45
-95
-68
-80
-79
-53
-93
-86
-68
-55
-51
-32
-16
-36
-6
-37
-52
-34
-55
20
-18
-21
13
-28
-12
-47
-30
6
-8
15
54
24
27
6
-19
-34
-24
-67
-72
-46
-7
6
-47
-12
-17
21
-30
-22
-31
-36
-26
-9
-5
0
9
-28
-8
-16
-8
-24
-32
-36
-12
-9
-41
-63
-18
-38
-53
3
-40
5
-11
9
-25
-79
-46
-54
-37
-8
1
-9
0
7
-13
-15
-19
-46
-20
-15
-56
-22
-39
-47
-75
-36
-75
-47
-14
-47
-63
-83
-80
-80
-62
-27
-9
-57
-44
-75
-4
-18
-43
-5
-32
-34
-48
-40
7
-22
-36
-17
-22
-62
-59
-55
-32
-8
-19
-53
-36
-51
-71
-39
-106
-72
-74
-63
-90
-64
-59
-74
-38
-49
-65
-24
-54
-60
-71
-39
-52
-78
-62
-71
-52
-102
-68
-18
-14
-28
-30
-42
-61
-44
-61
-52
-45
-52
-56
-89
-51
-85
-83
-108
-108
-115
-122
-74
-80
-70
-70
-65
-75
-109
-78
-52
-30
-43
-115
-47
-44
-94
-83
-94
-78
-94
-87
-98
-96
-61
-83
-82
-90
-87
-87
-97
-95
-95
-71
-104
-86
-70
-81
-80
-90
-78
-101
-114
-127
-104
-95
-124
-81
-133
-118
-97
-127
-99
-98
-70
-122
-84
-60
-57
-64
-55
-24
-70
-57
-25
-54
-59
-41
-57
-47
-92
-74
-51
-78
-84
-101
-109
-81
-113
-115
-93
-106
-94
-95
-81
-94
-117
-125
-135
-90
-118
-125
-91
-102
-40
-44
-26
-39
-68
-53
-68
-57
-46
-70
-95
-75
-81
-97
-112
-68
-52
-93
-59
-83
-87
-28
-55
-24
-67
-80
-65
-97
-104
-109
-74
-64
-128
-109
-83
-76
-79
-84
-74
-53
-55
-59
-83
-82
-63
