2
26
29
-5
33
22
41
8
34
70
33
39
34
38
63
3
42
54
71
53
87
85
76
103
54
91
85
124
89
86
106
94
93
124
123
104
99
98
95
120
141
132
169
137
107
137
122
164
151
91
99
127
141
135
153
148
171
171
149
146
124
116
143
159
175
182
195
162
147
141
175
151
144
142
166
190
203
206
222
202
186
185
191
205
209
225
200
195
196
250
172
212
196
199
244
187
191
186
161
186
208
152
147
187
174
166
130
155
164
167
144
139
175
134
110
70
110
137
71
118
128
89
83
104
152
117
98
128
108
136
148
155
112
81
90
88
106
118
107
99
120
133
131
124
145
109
144
161
140
187
167
139
129
131
137
150
156
158
167
135
112
135
107
129
142
109
130
125
140
135
138
164
164
161
167
161
168
196
217
215
217
202
238
238
217
247
265
294
311
300
247
295
284
287
284
289
318
319
336
333
341
314
323
322
304
282
273
308
295
267
290
303
296
322
315
336
304
312
321
268
287
293
317
322
325
353
331
331
330
349
329
334
333
284
323
301
308
294
325
297
290
366
314
319
287
274
296
294
273
260
267
230
236
202
247
247
257
244
231
206
213
229
193
183
158
200
187
174
205
189
187
212
169
164
205
201
220
227
210
222
206
236
263
280
267
239
207
255
257
229
239
182
202
225
255
229
211
204
194
212
248
225
201
240
224
243
198
233
249
201
207
213
214
237
229
189
189
171
182
175
193
168
193
182
159
192
201
175
183
144
165
165
147
187
161
141
169
187
146
164
146
172
139
140
130
124
136
143
224
164
164
175
155
174
171
187
180
182
186
172
162
161
166
191
190
151
163
166
163
134
138
164
140
137
116
142
193
125
158
148
135
143
146
186
166
144
120
131
102
115
131
151
184
134
143
160
113
104
123
153
127
84
97
87
131
142
111
116
111
111
114
100
85
102
97
120
104
146
144
129
99
118
127
156
135
137
145
118
126
79
121
125
114
131
106
70
113
92
81
55
63
85
124
111
94
97
105
107
57
68
49
36
51
52
31
47
54
56
75
28
47
45
51
21
15
44
30
26
44
38
39
49
55
65
75
72
57
117
95
40
81
66
29
79
55
38
42
39
46
60
26
1
25
23
6
-4
13
-22
-24
59
30
24
19
-4
-23
-41
-1
-4
-18
-17
10
12
0
11
36
5
-50
-27
2
-18
-17
-49
-12
-21
1
-36
-49
-3
-3
-18
-41
-45
-32
-31
-56
-46
-57
-66
-75
-87
-67
-43
-59
-70
-30
-48
-87
-108
-98
-43
-45
-67
-38
-56
-68
-57
-28
9
4
10
26
-5
-7
-3
10
23
-8
-17
-35
-4
-29
-21
-4
-10
-25
4
-4
-19
-27
-52
-34
-37
-36
-72
-25
-54
-42
-40
-71
-17
-7
-18
-47
-59
-11
17
-13
-15
22
2
8
17
-1
63
28
25
42
52
56
31
58
57
45
-1
3
-5
-23
2
30
40
19
36
51
71
68
69
53
-11
15
23
0
44
20
-18
-32
-9
28
20
19
17
-4
10
-5
-24
4
42
38
33
55
57
-10
46
23
-13
54
40
33
46
50
29
58
26
35
19
23
52
46
69
57
44
45
55
54
21
28
-10
5
6
-14
-6
-28
-28
-9
-4
-35
-30
20
-57
-89
-66
-55
-27
-28
-60
-48
-63
-105
-58
-75
-84
-44
-74
-68
-50
-48
-36
-19
-57
-74
-77
-108
-43
-85
-94
-40
-70
-46
-30
-60
-62
-20
-58
-67
-52
-49
-41
-70
-56
-54
-63
-76
-54
-88
-106
-70
-43
-70
-81
-98
-127
-99
-114
-87
-68
-45
-39
-66
-29
-58
-32
-19
-42
-11
24
0
8
33
-1
-20
-36
-2
26
12
13
15
1
60
61
32
44
71
68
55
86
52
83
46
64
67
55
57
55
42
-6
9
14
23
61
42
5
25
-6
-7
33
41
31
-13
-4
18
-5
-9
14
17
-21
-35
-50
-46
-12
-1
3
6
-16
-36
11
35
-30
-62
-95
-48
-44
-64
-77
-50
-57
-35
-33
-63
-55
-75
-78
-139
-134
-117
-100
-151
-132
-108
-124
-164
-201
-141
-141
-170
-171
-176
-176
-184
-122
-102
-119
-131
-148
-162
-161
-140
-121
-143
-176
-156
-199
-171
-159
-150
-170
-158
-131
-188
-143
-148
-150
-134
-154
-157
-141
-130
-147
-178
-186
-195
-211
-208
-173
-201
-242
-204
-230
-216
-206
-200
-233
-241
-211
-241
-180
-163
-180
-202
-190
-202
-199
-202
-166
-163
-132
-187
-208
-137
-133
-104
-149
-150
-135
-103
-88
-82
-84
-80
-97
-132
-113
-111
-113
-121
-134
-124
-124
-188
-159
-149
-135
-156
-224
-214
-200
-168
-207
-209
-171
-178
-218
-204
-173
-153
-190
-205
-212
-194
-199
-179
-181
-247
-193
-193
-176
-158
-205
-154
-119
-155
-139
-175
-146
-122
-158
-128
-167
-139
-152
-128
-149
-150
-154
-193
-158
-198
-167
-128
-172
-153
-149
-198
-233
-210
-187
-197
-211
-229
-234
-227
-241
-226
-224
-247
-223
-226
-207
-202
-198
-260
-264
-258
-266
-238
-278
-288
-288
-266
-287
-299
-272
-251
-261
-288
-231
-288
-260
-250
-278
-245
-224
-225
-265
-249
-249
-273
-262
-268
-258
-219
-258
-269
-242
-264
-244
-238
-249
-240
-216
-220
-205
-216
-203
-199
-181
-179
-193
-212
-204
-145
-142
-122
-147
-171
-153
-184
-153
-155
-146
-155
-126
-133
-125
-115
-106
-114
-124
-100
-129
-93
-104
-81
-104
-113
-91
-92
-135
-128
-149
-152
-131
-150
-126
-118
-113
-108
-148
-156
-159
-142
-146
-130
-141
-171
-161
-150
-200
-188
-193
-177
-173
-190
-184
-198
-200
-215
-156
-197
-176
-170
-203
-160
-178
-184
-193
-222
-208
-220
-246
-202
-226
-208
-193
-210
-208
-235
-216
-209
-238
-263
-208
-224
-218
-203
-232
-240
-284
-250
-230
-267
-240
-228
-277
-255
-239
-239
-230
-270
-244
-243
-290
-282
-283
-257
-267
-291
-263
-244
-234
-228
-229
-235
-234
-246
-249
-257
-244
-294
-248
-228
-298
-276
-296
-285
-230
-277
-284
-253
-223
-267
-320
-250
-269
-249
-263
-260
-241
-235
-273
-297
-266
-279
-225
-272
-241
-221
-238
-214
-209
-226
-224
-235
-247
-242
-246
-212
-213
-211
-249
-240
-263
-237
-195
-236
-242
-259
-225
-233
-231
-233
-233
-237
-264
-234
-257
-270
-239
-209
-255
-253
-268
-256
-237
-209
-212
-227
-239
-183
-187
-228
-179
-187
-178
-185
-215
-224
-236
-213
-188
-219
-204
-196
-228
-215
-211
-219
-240
-199
-198
-227
-207
-208
-183
-199
-215
-209
-269
-273
-281
-256
-256
-270
-206
-264
-241
-230
-246
-206
-230
-231
-243
-269
-281
-296
-271
-277
-291
-278
-238
-260
-266
-296
-287
-292
-328
-318
-319
-342
-332
-294
-349
-331
-331
-307
-315
-293
-284
-300
-310
-291
-282
-270
-232
-246
-236
-250
-245
-227
-264
-266
-224
-263
-247
-209
-205
-204
-211
-199
-218
-198
-230
-205
-182
-206
-180
-211
-198
-220
-220
-216
-205
-201
-188
-165
-180
-207
-197
-248
-249
-217
-224
-217
-206
-190
-172
-204
-209
-196
-186
-152
-180
-180
-186
-168
-146
-103
-122
-124
-107
-110
-113
-93
-99
-90
-95
-116
-98
-92
-105
-113
-109
-149
-132
-139
-110
-125
-135
-161
-184
-184
-157
-167
-175
-154
-174
-166
-199
-228
-208
-179
-193
-197
-210
-243
-235
-217
-190
-210
-206
-211
-220
-217
-207
-239
-232
-202
-202
-195
-184
-200
-210
-226
-254
-199
-205
-205
-242
-226
-254
-222
-195
-215
-198
-201
-228
-214
-188
-181
-191
-243
-227
-217
-184
-223
-183
-157
-209
-185
-211
-180
-176
-228
-217
-220
-238
-215
-147
-200
-215
-178
-206
-182
-201
-205
-181
-201
-211
-203
-201
-179
-190
-193
-192
-232
-204
-219
-180
-178
-173
-150
-180
-156
-113
-138
-132
-127
-136
-121
-133
-119
-54
-84
-117
-106
-111
-123
-106
-75
-132
-144
-125
-84
-54
-79
-76
-78
-116
-89
-103
-75
-82
-75
-66
-104
-52
-77
-38
-53
-68
-70
-79
-57
-56
-69
-102
-78
-93
-59
-47
-106
-110
-138
-140
-186
-180
-156
-136
-132
-172
-148
-184
-162
-170
-147
-168
-196
-167
-191
-203
-225
-251
-273
-250
-224
-247
-204
-211
-220
-213
-231
-193
-202
-221
-189
-241
-278
-244
-284
-221
-262
-296
-226
-219
-265
-251
-211
-248
-266
-272
-264
-274
-256
-274
-277
-242
-244
-237
-264
-274
-275
-267
-250
-232
-235
-237
-281
-290
-291
-305
-308
-288
-300
-330
-325
-329
-308
-332
-339
-340
-357
-306
-299
-327
-315
-295
-304
-321
-338
-330
-338
-324
-320
-322
-348
-331
-330
-375
-334
-367
-346
-303
-279
-304
-272
-273
-260
-253
-274
-272
-283
-224
-267
-265
-302
-272
-244
-247
-210
-253
-204
-196
-254
-244
-250
-246
-250
-207
-210
-202
-162
-172
-200
-208
-183
-223
-195
-215
-194
-162
-175
-172
-125
-152
-140
-135
-143
-147
-156
-125
-167
-144
-168
-137
-133
-120
-163
-203
-173
-171
-149
-174
-173
-189
-159
-148
-122
-147
-152
-122
-139
-159
-111
-132
-121
-121
-108
-103
-154
-133
-118
-132
-172
-172
-161
-182
-186
-180
-237
-194
-172
-175
-211
-191
-152
-216
-224
-218
-182
-180
-186
-216
-205
-201
-198
-200
-225
-209
-208
-218
-235
-253
-257
-214
-266
-274
-311
-296
-249
-296
-272
-316
-324
-320
-350
-377
-362
-334
-348
-357
-378
-332
-321
-297
-292
-286
-275
-256
-304
-274
-293
-294
-256
-295
-240
-249
-260
-249
-209
-210
-208
-191
-201
-198
-215
-206
-201
-189
-194
-211
-217
-194
-209
-181
-182
-191
-176
-167
-140
-148
-141
-150
-167
-99
-107
-125
-133
-143
-162
-112
-155
-180
-137
-190
-154
-156
-156
-171
-135
-136
-134
-127
-110
-103
-65
-95
-119
-85
-98
-80
-129
-80
-72
-102
-108
-78
-108
-91
-124
-103
-114
-166
-142
-168
-136
-156
-144
-167
-139
-161
-158
-153
-129
-185
-172
-149
-198
-129
-170
-201
-216
-221
-238
-213
-211
-216
-233
-215
-221
-170
-155
-180
-183
-207
-210
-224
-194
-206
-205
-198
-231
-249
-268
-254
-228
-201
-211
-200
-188
-203
-187
-243
-247
-248
-196
-192
-182
-170
-202
-189
-187
-166
-191
-199
-157
-162
-180
-136
-168
-171
-165
-187
-148
-134
-124
-134
-128
-154
-156
-134
-116
-123
-162
-161
-169
-134
-152
-166
-160
-162
-116
-159
-139
-111
-143
-146
-156
-126
-134
-98
-67
-94
-48
-74
-106
-102
-113
-85
-133
-138
-148
-135
-143
-157
-136
-110
-78
-120
-127
-155
-138
-113
-157
-128
-140
-141
-138
-173
-151
-166
-139
-140
-163
-166
-105
-136
-150
-163
-178
-142
-188
-154
-144
-141
-146
-189
-171
-163
-173
-190
-187
-176
-149
-183
-210
-192
-252
-248
-206
-227
-228
-212
-202
-215
-207
-212
-215
-232
-252
-213
-220
-194
-219
-216
-168
-201
-217
-183
-193
-232
-221
-241
-236
-225
-253
-260
-247
-280
-269
-228
-235
-244
-209
-206
-222
-204
-197
-230
-232
-231
-187
-212
-264
-261
-203
-176
-205
-197
-165
-218
-210
-193
-198
-215
-255
-233
-216
-195
-235
-267
-225
-194
-236
-227
-231
-245
-279
-293
-263
-250
-232
-233
-222
-218
-203
-206
-229
-250
-263
-266
-291
-266
-290
-217
-210
-201
-187
-185
-159
-160
-174
-144
-178
-185
-180
-167
-165
-176
-148
-146
-96
-145
-106
-107
-130
-109
-92
-112
-110
-91
-101
-126
-129
-94
-89
-126
-126
-100
-103
-77
-104
-112
-109
-112
-97
-123
-115
-97
-146
-130
-140
-161
-146
-133
-122
-142
-131
-173
-142
-152
-160
-195
-186
-180
-207
-211
-204
-185
-156
-186
-182
-161
-197
-192
-170
-151
-157
-193
-175
-143
-174
-146
-144
-136
-165
-157
-164
-148
-124
-172
-150
-124
-147
-158
-119
-101
-113
-91
-69
-66
-80
-70
-83
-57
-71
-49
-32
-104
-79
-73
-76
-75
-62
-66
-64
-72
-72
-41
-23
-48
-58
-70
-94
-102
-134
-135
-110
-44
-39
-60
-6
-8
-75
-32
-23
-47
-48
7
3
-2
19
3
37
38
5
-6
39
39
34
0
-17
31
17
44
22
34
30
-5
16
0
14
-13
-12
-5
-12
-14
5
18
9
9
12
1
2
-39
-57
-56
-58
-68
-65
-86
-47
-39
-41
-26
-18
-59
-43
-22
-54
-42
-68
-55
-33
-31
-23
-67
-50
-66
-73
-80
-90
-66
-83
-91
-79
-58
-63
-88
-113
-66
-80
-51
-53
-81
-87
-106
-131
-80
-92
-134
-101
-98
-134
-124
-106
-129
-181
-150
-138
-124
-100
-138
-136
-97
-94
-127
-153
-146
-101
-114
-120
-116
-86
-133
-135
-139
-169
-149
-152
-129
-154
-111
-81
-138
-146
-128
-140
-149
-127
-96
-159
-141
-179
-219
-198
-192
-205
-206
-182
-197
-162
-194
-192
-157
-201
-177
-161
-172
-180
-181
-145
-170
-135
-119
-176
-160
-119
-98
-158
-183
-165
-173
-162
-169
-159
-154
-143
-160
-195
-145
-78
-120
-120
-134
-128
-131
-152
-102
-126
-119
-146
-128
-152
-138
-95
-117
-94
-112
-97
-112
-112
-91
-112
-136
-144
-131
-149
-130
-111
-122
-94
-122
-133
-108
-112
-163
-103
-140
-157
-122
-157
-134
-149
-135
-139
-157
-126
-168
-199
-191
-142
-111
-115
-107
-128
-124
-106
-136
-142
-125
-123
-143
-132
-151
-130
-159
-138
-127
-155
-131
-167
-155
-166
-159
-136
-174
-147
-186
-203
-195
-223
-207
-187
-151
-198
-238
-195
-245
-248
-262
-260
-271
-292
-208
-204
-213
-235
-245
-259
-264
-252
-228
-244
-280
-245
-210
-228
-183
-182
-232
-212
-216
-208
-225
-167
-184
-207
-209
-188
-192
-191
-174
-159
-159
-163
-138
-118
-127
-134
-168
-192
-152
-169
-170
-123
-137
-141
-137
-125
-133
-91
-112
-115
-94
-120
-72
-106
-100
-94
-90
-98
-84
-40
-63
-70
-59
-40
-22
-20
-6
-39
-47
-29
-8
-26
-34
-8
-20
-21
-10
25
-16
-5
11
3
-17
-2
-13
19
8
-23
33
-20
-20
-12
-38
-18
-1
-10
-12
25
12
20
39
38
38
43
29
-51
9
36
-22
32
34
-6
1
-1
24
22
9
-11
-5
-7
-50
-1
55
34
3
12
23
20
43
-4
-13
2
-5
-8
38
30
-6
-19
-5
42
10
-31
14
6
-10
-46
-50
-36
-52
-39
-25
8
-3
-6
-17
-24
-25
6
14
0
-31
-12
35
41
23
26
18
-10
22
29
55
23
25
25
14
36
21
8
-37
-24
-9
47
21
-22
-3
-34
-5
17
19
-13
-50
-53
-33
-45
-46
-18
-43
-31
-56
-49
-52
-44
-44
-32
-15
-23
-29
-44
-73
-62
-66
-112
-85
-47
-43
-27
-33
-56
-43
-39
-46
-56
-81
-94
-121
-83
-73
-143
-108
-99
-80
-101
-90
-57
-38
-116
-83
-91
-117
-92
-107
-96
-153
-132
-140
-137
-170
-162
-152
-115
-114
-127
-126
-119
-116
-143
-125
-156
-139
-143
-141
-128
-139
-145
-138
-120
-123
-157
-139
-138
-169
-145
-107
-110
-159
-112
-124
-131
-115
-151
-145
-135
-85
-152
-168
-130
-126
-163
-118
-146
-156
-160
-166
-167
-165
-144
-116
-136
-123
-119
-172
-101
-145
-103
-90
-76
-72
-72
-63
-74
-92
-82
-47
-96
-45
-79
-86
-59
-69
-67
-50
-29
-17
-9
-41
-34
-61
-16
-24
-59
-75
-57
-49
-50
-35
-65
-47
-27
-47
-61
-48
-58
-62
-17
-43
-33
-13
-35
-44
-27
-12
-57
-57
-63
-35
-80
-74
-38
-8
4
-27
-8
-6
-40
-30
-17
-27
-28
-38
-34
-51
-37
-68
-69
-36
-58
-49
-84
-62
-15
-83
-94
-69
-69
-73
-77
-114
-82
-93
-86
-108
-122
-76
-89
-106
-127
-94
-73
-117
-110
-104
-85
-100
-63
-88
-138
-128
-128
-94
-106
-108
-97
-130
-134
-106
-91
-67
-73
-111
-107
-82
-102
-65
-53
-62
-90
-105
-74
-97
-99
-112
-112
-135
-126
-72
-109
-93
-82
-99
-132
-106
-88
-94
-77
-96
-113
-139
-120
-101
-76
-77
-104
-109
-109
-68
-98
-96
-96
-114
-66
-52
-35
-23
-47
-34
-22
-45
-5
-10
8
-16
-36
-23
-15
-18
12
8
-6
58
49
91
79
60
93
93
72
47
60
102
98
124
160
118
128
78
104
128
124
118
79
100
97
96
115
155
143
179
174
185
212
168
147
150
145
134
155
178
190
192
213
177
189
200
201
155
133
158
132
129
159
132
117
151
117
135
177
138
126
133
130
136
137
151
125
134
119
104
123
123
93
109
99
62
98
108
94
109
65
35
63
42
48
38
78
79
61
72
82
97
114
123
72
90
107
87
97
111
126
130
97
84
98
35
54
22
1
23
34
28
16
3
2
3
18
46
9
19
9
8
11
18
24
30
22
7
33
9
9
11
-22
24
-9
-33
27
-7
19
33
51
9
36
42
43
19
31
61
1
36
11
30
41
36
47
9
17
39
46
25
5
-1
19
3
-1
32
27
-20
-6
33
21
-9
-5
-17
-4
12
-14
-5
19
-13
20
32
18
41
20
8
-10
-6
24
15
33
21
5
50
27
27
63
33
18
41
26
34
34
28
54
22
-19
-7
-24
-11
-24
-45
-12
-7
3
-2
-13
-8
1
-34
-55
-30
-36
-24
-27
-35
-14
-53
-17
31
-34
-17
10
-26
-25
10
14
-21
-28
-3
1
-41
-24
-11
-37
-26
-29
-33
-45
-54
-55
-66
-33
-43
-53
-15
-47
-41
-18
-36
-48
-57
-40
-40
-14
-4
-23
-46
-67
-35
-68
-40
-38
-45
-6
-12
13
-2
9
-39
-37
3
-22
15
3
68
11
-38
26
10
3
-1
2
3
-16
-4
-57
-6
1
-35
-48
-25
16
4
-16
-25
-21
-42
-34
-17
-11
-40
-32
-30
-14
-12
10
-17
12
4
-28
9
-36
-15
31
-3
-48
-9
-20
-11
6
-54
-75
0
-39
-54
-44
-55
14
0
16
42
37
10
17
39
17
37
23
55
110
91
99
82
88
82
45
66
56
62
69
12
23
28
18
25
19
-21
-9
-16
7
-2
-20
2
-6
19
-8
1
-25
-4
-4
1
-16
33
15
10
14
-12
22
5
29
9
26
4
-30
-27
7
-20
-12
-7
-21
5
-31
4
-10
-1
12
19
23
33
35
24
30
11
40
42
54
48
63
53
0
8
-10
9
18
20
40
26
29
17
23
15
29
57
59
63
19
-2
12
27
27
-3
4
13
40
37
40
77
24
31
51
22
81
62
43
93
110
118
131
133
136
161
140
136
158
130
125
166
142
134
126
116
131
127
127
116
132
130
106
111
108
124
98
101
143
160
113
109
88
52
45
97
89
-6
31
48
51
67
90
79
38
56
74
34
56
82
92
83
86
69
37
41
68
31
31
4
37
44
64
33
36
60
73
75
18
13
-9
-5
-44
21
33
10
2
43
30
31
6
-4
2
27
45
13
-2
1
16
23
14
-17
-41
-17
-15
-42
-14
-35
10
22
-32
-33
-47
14
-55
-62
-47
-38
-11
-58
-36
-24
-9
-6
24
-2
-7
24
-13
-78
-68
4
-35
-43
-58
-58
-3
-32
-54
-36
-30
-29
-52
-59
-32
-61
-40
-5
-60
-59
3
15
-4
0
-11
21
12
-23
6
57
37
28
9
-4
22
31
38
19
1
22
-19
-12
-64
-37
-33
-71
-49
-73
-73
-46
-74
-68
-94
-114
-77
-104
-80
-97
-87
-92
-117
-95
-135
-134
-109
-86
-104
-139
-160
-132
-92
-113
-112
-133
-126
-139
-126
-97
-103
-60
-79
-113
-71
-128
-87
-87
-108
-104
-78
-60
-86
-73
-55
-37
-28
-19
-11
-10
-46
-46
-48
-54
-41
-25
-20
-45
-39
-6
21
52
28
38
48
38
-16
27
43
15
60
25
-20
-10
-8
-10
-21
-46
36
17
-20
-51
-40
5
-16
-9
-67
-13
-43
-29
-53
-80
-74
-96
-47
-37
-34
-50
-66
-35
-77
-68
-30
-58
-55
-77
-59
-66
-85
-54
-54
-38
-81
-64
-50
-105
-96
-102
-73
-87
-103
-99
-76
-56
-36
-47
-83
-49
-47
-60
-41
-83
-101
-102
-77
-42
-74
-78
-95
-90
-55
-109
-103
-77
-89
-87
-61
-76
-67
-48
-41
-31
-98
-76
-79
-63
-56
-100
-101
-69
-74
-28
-8
-35
-24
-49
-43
-33
-38
-39
-9
5
-5
-24
30
55
7
54
37
79
55
55
61
34
55
51
22
-15
7
29
12
31
26
4
27
14
27
-18
-4
-15
-5
-64
-56
-27
-60
-6
-35
-42
-18
-4
-10
-28
-53
-9
-19
-27
-20
20
6
-3
-3
4
22
30
35
14
0
30
86
44
71
69
54
67
81
46
86
80
50
47
42
31
25
49
59
51
15
38
50
71
39
11
39
40
57
76
28
32
65
47
29
16
29
74
32
51
61
37
37
8
4
25
16
-5
-15
-4
-12
-9
6
19
14
22
-1
-32
-20
-37
-32
-35
-7
17
6
12
6
-14
-24
-14
-34
3
-27
-28
14
-19
-18
-7
0
-12
-10
18
-8
-20
33
7
-10
-5
-24
-15
40
62
10
10
34
-23
-33
-15
9
8
5
42
33
4
-12
1
15
11
-7
-38
-1
16
-32
1
2
-19
-33
-36
-61
-35
-26
-103
-100
-76
-54
-96
-77
-73
-73
-83
-83
-88
-84
-46
-109
-96
-87
-109
-101
-103
-74
-30
-54
-81
-62
-32
-21
-51
-21
-25
-63
-42
-40
-61
-53
-22
-38
-71
-62
-66
-92
-86
-67
-73
-73
-57
-83
-85
-87
-70
-22
-57
-108
-46
-61
-61
-30
-52
-46
-61
-60
-74
-87
-41
-40
-62
-65
-98
-102
-121
-112
-66
-101
-75
-66
-92
-79
-134
-107
-108
-108
-75
-89
-109
-59
-70
-96
-74
-68
-102
-89
-99
-97
-33
-63
-57
-64
-65
-67
-66
-60
-32
-67
-36
-53
-70
-39
-40
-31
-58
-14
-20
-4
-56
-66
-38
-38
-60
-111
-80
-49
-34
-65
-33
-47
-43
-42
-23
-24
-39
-22
-25
-28
-7
-19
-33
-33
-19
-17
-53
-27
-2
12
-31
-20
-23
-28
-10
-34
-16
-8
-7
-12
-39
-46
-43
-50
-31
-15
-15
29
-17
-22
-12
-6
11
-26
-11
7
0
13
29
46
25
6
23
8
24
-24
-30
-31
-37
-7
6
1
4
20
57
65
55
27
60
70
87
122
47
38
65
67
79
62
61
82
95
62
49
54
48
124
107
86
113
97
95
104
105
104
101
65
123
154
106
113
98
95
134
115
89
87
91
124
113
90
126
140
134
114
123
105
117
181
116
95
36
48
58
54
33
50
99
99
110
117
110
101
97
72
80
71
61
58
42
42
58
43
34
28
33
49
14
29
11
14
60
73
102
89
24
105
80
67
78
52
76
86
39
52
82
44
117
91
67
81
84
84
87
92
74
74
74
64
61
17
65
100
88
53
68
77
56
72
36
53
48
44
79
78
60
66
106
73
68
43
66
65
52
65
26
32
64
57
92
108
128
90
65
40
50
100
83
65
81
94
103
142
80
107
118
80
70
72
67
94
82
100
81
105
68
57
63
66
104
92
92
68
72
69
110
115
69
106
124
88
136
120
113
163
168
163
140
123
85
104
91
68
82
98
115
96
127
108
113
129
104
129
99
83
93
103
77
77
103
102
86
41
57
70
63
47
29
45
34
36
36
11
35
46
5
-12
-18
-5
-5
-30
16
37
41
34
30
39
39
39
74
84
30
71
83
65
76
105
101
73
88
91
99
47
60
78
65
96
89
30
53
58
57
83
64
48
45
37
48
40
73
123
69
68
86
47
58
78
61
46
59
59
51
61
78
108
77
82
128
97
116
122
113
121
128
152
149
141
115
115
143
128
116
138
102
56
102
90
106
112
109
102
117
120
111
62
79
83
79
87
38
22
29
55
51
-15
-5
47
27
21
61
70
61
85
73
21
67
54
40
92
56
95
76
84
66
91
154
125
94
122
118
129
131
98
96
119
147
112
94
122
129
133
122
80
34
48
54
41
45
75
76
43
70
64
60
33
55
81
66
7
39
58
37
87
59
67
32
87
73
43
65
27
57
70
55
53
27
56
45
30
34
75
71
83
107
81
77
47
59
43
63
72
52
74
88
109
99
120
67
118
93
125
123
83
43
65
105
68
115
73
65
52
68
69
86
119
74
106
89
84
109
115
84
133
132
92
155
138
148
137
126
82
73
107
133
127
132
121
65
93
68
63
69
90
97
87
100
106
122
129
81
54
25
47
42
-2
14
-36
-5
-1
-36
-63
-85
-111
-192
-247
-405
-689
-1113
-2583
-4243
-4972
-5783
-6464
-7623
-8932
-8556
-7643
-6758
-5547
-4770
-3868
-2565
-1698
-995
-788
-1229
-1897
-2701
-3230
-3395
-3621
-3791
-3745
-3282
-1831
-99
1003
2006
2821
3681
4809
5036
4851
4543
4099
4048
4114
4370
4992
5626
6822
8273
10070
11888
12893
13147
12890
12380
11244
9385
6600
3389
618
-1923
-4104
-5774
-7162
-7767
-7737
-7178
-6066
-4930
-3895
-3086
-2611
-2058
-1685
-1714
-2047
-2700
-3069
-2814
-2187
-1385
-456
734
2337
4297
5974
7329
8270
8598
8640
8095
7226
5943
4255
2414
607
-741
-1623
-2411
-2999
-3294
-3216
-2819
-2356
-2096
-2171
-2348
-2666
-2993
-3353
-3948
-4503
-4845
-4876
-4414
-3573
-2492
-1143
39
1609
2207
2003
2362
1955
1444
321
-2211
-3426
-4061
-5268
-5826
-6414
-6979
-6789
-6645
-6651
-6382
-6540
-7187
-8014
-8607
-9008
-9415
-9830
-10156
-10052
-8814
-6870
-5221
-3231
-1012
1083
3839
5916
7237
8564
9219
9657
9886
9986
9981
10027
10234
10518
11650
13226
14684
16158
17465
18811
19589
19618
18603
16549
14296
11032
6893
2373
-2345
-6139
-9520
-12649
-15066
-16368
-16209
-15451
-14579
-13236
-11466
-9440
-7793
-6830
-5784
-4740
-3945
-3460
-2886
-1779
-279
1635
3466
5572
8128
10581
12852
14402
15348
15824
15530
14481
12606
10179
7510
4599
1788
-972
-3336
-5034
-6286
-7260
-7903
-7924
-7702
-7453
-7472
-7701
-7723
-7739
-7978
-8251
-8388
-7983
-7201
-6142
-4655
-2757
-428
2018
4339
6617
8640
10293
11243
11562
11389
10743
9645
8124
5979
2541
-227
-2205
-4220
-6253
-9595
-12175
-13017
-14478
-15985
-17752
-19430
-19752
-20030
-20485
-20123
-19368
-17882
-16035
-14180
-11295
-8002
-4778
-1857
639
3334
6450
8671
9787
10549
11089
12051
12731
12418
12339
12397
12820
13472
13768
14461
15228
16047
16633
16973
17454
17642
17380
16193
14293
11796
9017
6342
2779
-1118
-4690
-7887
-9946
-11701
-13325
-13882
-13689
-12959
-11899
-10738
-9161
-7620
-6347
-5280
-4269
-3067
-2045
-1123
-275
889
2428
4255
6065
7530
9309
10979
12174
13136
13267
12871
12047
10539
8635
6350
3914
1490
-914
-3124
-4929
-6109
-6952
-7609
-8005
-8063
-7805
-7624
-7514
-7567
-7720
-7726
-7828
-7977
-7898
-7679
-7144
-6445
-5520
-4123
-2627
-1104
283
1465
2506
3116
3031
2302
1092
-513
-2264
-4292
-6599
-8730
-10614
-12072
-13023
-13643
-13786
-13460
-13009
-12181
-11167
-10033
-8764
-7672
-6553
-5215
-3740
-2149
-501
1349
3364
5450
7760
10076
12246
14418
16538
18330
20013
21521
22752
23745
24347
24781
25324
26066
26899
26986
25958
23114
18938
15298
11643
7253
889
-7361
-13374
-16761
-19668
-23105
-26773
-27862
-25983
-23877
-22114
-19558
-15928
-12376
-10198
-8319
-5118
-1640
182
445
1309
4178
7831
10016
11300
13171
15917
19046
20904
21698
22022
21410
20018
17843
14984
11777
7744
3118
-1347
-5142
-7988
-10208
-12350
-14429
-15603
-15521
-14384
-13513
-13543
-13522
-12705
-11246
-10035
-9686
-9177
-7892
-6226
-4390
-2447
261
3299
5877
7918
10486
11657
11137
10314
7787
5418
2294
-3011
-7290
-11427
-15483
-17877
-20521
-21967
-21688
-21349
-19879
-18001
-16208
-13912
-12349
-11055
-9763
-8953
-7918
-7087
-6522
-5209
-3203
-845
2210
5062
8136
12202
15430
18406
21031
22475
24175
24808
24666
24596
23676
22888
22264
21278
20821
20804
20739
20720
19739
17604
15347
12649
9360
4996
-998
-7120
-12486
-17123
-20995
-24882
-27585
-28151
-27062
-24740
-21819
-18428
-13987
-9590
-5967
-2517
534
3447
5183
5577
6105
7416
8812
9632
10135
11183
13201
15387
16910
18017
18589
18924
18396
16582
14264
11174
7365
2979
-1728
-5905
-9225
-12288
-14900
-16648
-17323
-16749
-15544
-14318
-12948
-11508
-9852
-8044
-6770
-5989
-5395
-4858
-4064
-3221
-3598
-4149
-4067
-4121
-3469
-3500
-4258
-3941
-4104
-4279
-4208
-5130
-5819
-6616
-8147
-9269
-10281
-11473
-12464
-13797
-14589
-14556
-14220
-13306
-12385
-10989
-8649
-5794
-2941
-110
2500
5302
8444
10730
12850
14640
16035
17689
18845
19920
21519
22681
24325
25989
26916
28586
30203
31582
32438
31772
28845
24388
19348
14389
8881
903
-8445
-15867
-20439
-23504
-27063
-30951
-31661
-29148
-25990
-23497
-21118
-17138
-12742
-10282
-9033
-6938
-3868
-1684
-1789
-1835
679
4794
8098
9814
11825
15781
20417
23261
24511
25075
25395
24796
22028
18241
14537
10413
5366
-341
-5159
-8145
-10526
-13031
-15346
-16422
-15870
-14642
-13985
-13808
-13588
-13085
-12248
-11733
-11657
-11643
-11232
-10190
-8630
-6741
-4253
-1235
931
2136
3612
5188
6479
6155
3531
1234
-650
-2803
-5232
-8867
-11927
-13593
-14777
-15358
-15584
-15663
-14953
-14236
-13489
-12330
-11347
-10494
-10152
-9961
-9030
-7270
-5382
-3684
-2107
320
3976
7695
10792
13397
15672
18121
20466
22050
23095
23699
24060
24450
24803
25169
25874
26669
27733
28850
28987
27475
23727
19587
16117
11901
5455
-3773
-12259
-17279
-20953
-25099
-29922
-32584
-31081
-28375
-26421
-23953
-19629
-14278
-10361
-8538
-5885
-1693
1516
1925
1092
2118
5582
8392
8987
9564
12088
16185
19434
20706
21768
23050
23612
22246
19236
16492
13614
9165
3242
-2397
-6306
-8940
-12113
-15679
-17869
-17979
-16867
-15796
-15356
-14547
-13244
-12060
-10934
-10321
-9734
-9187
-9076
-8641
-7261
-5957
-5249
-4871
-4468
-2815
-790
-146
-192
-668
-918
-585
-1449
-3117
-4887
-6819
-8408
-9953
-11521
-12516
-13530
-14521
-14858
-14581
-13436
-12189
-11347
-10186
-8392
-5853
-3312
-1394
308
2419
4920
7321
9411
10979
12847
14587
16192
17981
19510
21371
22887
24049
25362
26428
27658
28737
29256
30030
29581
26786
22408
17402
13430
9676
3021
-5507
-12532
-16665
-18721
-21637
-25594
-27031
-25482
-23095
-21048
-19311
-16332
-12532
-10328
-9062
-6973
-4133
-1575
-1020
-1133
632
3972
7261
9141
10456
13010
16620
19621
21196
21668
21807
21601
20035
17303
14301
10900
7053
2344
-2291
-5479
-7751
-10006
-12418
-14400
-14813
-13889
-13232
-13208
-13351
-13038
-11997
-11256
-11101
-11093
-10729
-9938
-8876
-8220
-7625
-6524
-5860
-5083
-4268
-3655
-2753
-2645
-3158
-3344
-3812
-4194
-5013
-6575
-7931
-8941
-9794
-10574
-11653
-12633
-13009
-13157
-12915
-12450
-11886
-10756
-9395
-7832
-5980
-3958
-1768
397
2385
4598
6935
8987
10957
12494
14070
15727
17300
18879
20337
21791
23523
24815
25813
27204
28893
30773
32054
32506
30708
27089
23039
18473
13301
6347
-2660
-10361
-15825
-19896
-23299
-26986
-28788
-27605
-25350
-23033
-20362
-17367
-13779
-10984
-9412
-7506
-5318
-3687
-3165
-3254
-2087
711
3513
5740
7900
10865
14997
18720
21222
22832
23645
23981
22991
20592
17576
13925
9640
4764
-167
-4048
-6898
-9563
-12117
-13841
-14314
-13621
-12887
-12681
-12452
-12066
-11344
-10867
-11057
-11381
-11424
-11224
-10616
-9676
-8078
-6037
-4690
-3289
-1578
387
2262
2509
1701
1015
109
-912
-2754
-5639
-7984
-9769
-11306
-12408
-13366
-13847
-13767
-13654
-13016
-12015
-11038
-10056
-9487
-8966
-7828
-6415
-5162
-4230
-3328
-1561
921
3214
5465
7444
9654
12062
14051
15924
17319
18510
19716
20641
21236
22222
23275
24200
25296
26407
28113
30137
30411
28194
24445
20510
17611
13385
5770
-3184
-10691
-15536
-18875
-23372
-27695
-29157
-28238
-26063
-23725
-20986
-16970
-13088
-10624
-8576
-5948
-2963
-1114
-1402
-1716
-288
2421
4868
6016
7341
10225
14115
17595
19889
21300
22501
22966
22140
20203
17580
14341
10084
4866
-76
-3793
-6850
-9922
-13049
-15264
-15595
-14838
-14112
-13781
-13569
-12655
-11338
-10544
-10243
-10249
-10104
-9822
-9399
-8745
-8170
-7283
-6322
-5250
-3789
-2418
-1262
-519
-460
-423
-636
-1339
-2552
-4381
-6434
-8179
-9755
-11300
-12709
-13958
-14514
-14563
-14252
-13559
-12610
-11486
-10148
-8559
-6827
-5062
-3533
-2132
-704
873
2766
4455
5963
7321
8821
10559
12252
13762
15007
16468
17893
19296
20661
21988
23444
24790
25828
27134
28615
29610
29216
26393
22650
19130
15488
10669
3554
-4307
-10329
-14761
-18236
-21698
-24762
-25469
-24446
-22705
-20476
-17767
-14705
-11869
-10057
-8341
-5966
-3948
-2823
-2712
-2373
-522
1987
4183
5988
8009
11064
14641
17589
19717
21097
21823
21865
20685
18717
16120
12778
8630
4022
-181
-3428
-6224
-8976
-11453
-13015
-13281
-12766
-12416
-12283
-12048
-11489
-10749
-10374
-10260
-10229
-10228
-9930
-9766
-9449
-8599
-7699
-6675
-5769
-4776
-3272
-2030
-1397
-1175
-1429
-1578
-2016
-3234
-4830
-6580
-8165
-9498
-10945
-12234
-13035
-13511
-13613
-13299
-12778
-11776
-10556
-9384
-8025
-6582
-4908
-3296
-1993
-709
781
2538
4279
5819
7182
8697
10364
11984
13638
15023
16337
17650
18921
20233
21658
22687
23595
24436
25275
26456
27348
27988
27253
24565
21210
17753
14616
10536
3768
-3556
-9490
-13361
-16022
-19794
-23302
-24414
-23580
-21721
-19893
-18010
-15122
-12223
-10259
-8335
-6093
-3903
-2440
-2338
-2019
-211
2167
4301
5631
7031
9828
13161
16012
17885
18909
19839
20274
19551
17923
15584
12651
9046
4765
762
-2490
-5319
-8221
-10954
-12843
-13275
-12939
-12809
-12765
-12686
-11877
-10769
-10127
-9892
-9810
-9569
-9035
-8647
-8572
-8148
-7682
-6969
-6037
-5308
-4467
-3618
-3219
-2762
-2570
-2651
-2783
-3674
-4798
-5899
-7064
-8101
-9230
-10490
-11297
-11747
-11821
-11566
-11220
-10452
-9345
-8022
-6424
-4860
-3356
-1777
-325
1222
2863
4325
5674
6908
8162
9678
11136
12466
13711
14922
16406
17973
19284
20607
21744
22946
24125
25167
26124
27070
27848
28158
26820
23767
20292
16908
13563
8572
1619
-5130
-10066
-13562
-16741
-20504
-23115
-23276
-22200
-20755
-19107
-16841
-13929
-11484
-9864
-7953
-5705
-3755
-2850
-2668
-1738
393
2746
4598
6019
8052
11195
14328
16694
18301
19403
20302
20258
19091
17286
14900
11859
8029
3807
109
-2889
-5782
-8684
-11250
-12740
-13043
-12884
-12992
-13039
-12724
-11963
-11184
-10839
-10658
-10428
-10138
-9679
-9293
-9292
-8804
-8344
-7946
-7278
-6814
-6091
-5367
-5204
-4808
-4590
-4605
-4599
-5267
-6142
-6934
-7751
-8550
-9668
-10831
-11566
-12072
-12415
-12444
-12289
-11752
-10814
-9642
-8100
-6485
-4720
-2947
-1293
416
2320
3974
5379
6511
7459
8849
10237
11419
12361
13333
14566
16210
17608
18815
20104
21363
22735
23981
24976
25995
26953
27110
25900
22854
19367
16157
12651
7676
941
-5617
-10339
-13679
-16818
-20293
-22721
-22722
-21588
-20120
-18408
-16149
-13385
-11054
-9485
-7657
-5462
-3678
-2774
-2518
-1640
474
2797
4620
6263
8389
11569
14921
17355
19141
20507
21464
21655
20628
18886
16609
13625
9860
5755
1956
-1139
-4117
-7135
-9706
-11275
-11674
-11653
-11866
-12028
-11754
-11136
-10403
-10170
-10181
-10165
-9945
-9738
-10090
-10217
-9903
-9486
-8918
-8459
-7851
-6511
-5409
-4526
-3775
-3350
-2732
-2554
-3143
-3941
-4927
-6084
-7368
-9105
-10667
-11768
-12736
-13412
-13840
-13857
-13171
-12124
-10959
-9499
-7931
-6085
-4384
-3088
-1602
-202
1191
2331
3090
4133
5244
6453
7701
8787
10105
11704
13425
15009
16514
17885
19372
20706
21747
22686
23602
24430
24548
23472
20845
17768
14749
11387
6934
1009
-5107
-9784
-13465
-16693
-19961
-22643
-23474
-23095
-22082
-20781
-18994
-16728
-14636
-13010
-11219
-9137
-7361
-6239
-5724
-4728
-2793
-554
1354
3093
5186
8051
11163
13705
15720
17168
18238
18667
18080
16924
15084
12563
9402
5821
2457
-433
-3248
-6014
-8466
-10065
-10701
-10873
-11044
-11172
-10944
-10312
-9560
-9136
-8906
-8659
-8443
-8082
-7697
-7180
-7342
-7750
-7571
-7278
-6481
-5983
-6151
-5777
-5303
-4492
-3593
-3740
-3919
-4007
-4374
-4734
-5397
-6367
-7422
-8728
-9838
-10454
-11057
-11415
-11537
-11434
-10539
-8848
-6979
-5261
-3881
-2209
-114
1717
3198
4385
5182
6026
6849
7856
8764
9479
10364
11403
12783
14483
16243
17701
19014
20094
21357
22417
23045
23320
22984
21710
19181
15699
12379
9094
5276
455
-5274
-9633
-12481
-14890
-17455
-20119
-21286
-20661
-19737
-18812
-17621
-16029
-14125
-12696
-11531
-10010
-8598
-7634
-7159
-6561
-5132
-2955
-876
884
2976
5742
9285
12293
14489
16305
17590
18570
18543
17461
15750
13330
10374
6887
3325
131
-2707
-5471
-7987
-9802
-10670
-10735
-10756
-10952
-10781
-10203
-9439
-8917
-8840
-8963
-8779
-8910
-9566
-10020
-10193
-9767
-9334
-9176
-8424
-7085
-5536
-3924
-2934
-1915
-680
51
220
-250
-1054
-1992
-3353
-4985
-6578
-8012
-9081
-9881
-10522
-10577
-9949
-8810
-7583
-6277
-4626
-2724
-1059
286
1567
2689
3932
4803
5463
6373
7202
8341
9560
10740
12177
13963
15713
17552
19192
20776
22472
23692
24606
25253
25729
26310
26891
26448
25057
22325
19306
16647
13483
9320
3862
-1803
-6175
-9501
-12765
-16031
-18834
-20010
-19908
-19340
-18377
-16913
-15090
-13329
-11685
-9873
-7664
-5748
-4554
-3639
-2313
-233
2065
3822
5419
7293
9855
12652
14833
16466
17760
18698
19226
18921
18009
16466
14305
11521
8408
5426
2687
-47
-2964
-5536
-7417
-8412
-9081
-9807
-10397
-10449
-10173
-9578
-9284
-9215
-9127
-8872
-8928
-9815
-10279
-10530
-10586
-10580
-10982
-10619
-9369
-8298
-6874
-5800
-4646
-2931
-1826
-1306
-1210
-1429
-1898
-2971
-4561
-6042
-7497
-8877
-9914
-10678
-10826
-10155
-9011
-7582
-5845
-3758
-1215
984
2725
4396
5639
6693
7178
7363
7705
7982
8400
8939
9592
10562
11954
13646
15356
17025
18769
20476
21948
22966
23959
24880
25601
25626
24671
22697
19837
17062
13846
9858
5222
-6
-4676
-8283
-11618
-14396
-16974
-18861
-19212
-18949
-18150
-17081
-15879
-14457
-12911
-11505
-9806
-8176
-6962
-5970
-4798
-3153
-1043
976
2826
4870
7130
9898
12478
14415
15992
17023
17792
17919
17211
16004
14144
11794
9138
6368
3703
1142
-1432
-3811
-5696
-6964
-7765
-8362
-9048
-9407
-9487
-9285
-9064
-9175
-9289
-9240
-9143
-8842
-8982
-9667
-9611
-9413
-8795
-8179
-7946
-7080
-5905
-4818
-3447
-2712
-2242
-1472
-1496
-1838
-2426
-3438
-4642
-6312
-8267
-9635
-10870
-12022
-12848
-13379
-13098
-12088
-10664
-9070
-7508
-5725
-3582
-1582
60
1474
2578
3667
4508
5304
6307
7071
8107
9370
10634
12295
14296
16020
17859
19510
21169
22993
24114
24923
25586
26073
26311
25623
23686
20740
17753
14688
10975
6323
926
-3956
-7626
-11093
-14174
-16915
-18860
-19292
-19242
-18696
-17632
-16156
-14527
-13080
-11880
-10211
-8439
-7108
-6333
-5542
-4036
-2073
-155
1447
3302
5572
8220
10723
12635
14267
15560
16435
16683
16058
15080
13541
11367
8715
5845
3243
863
-1674
-4053
-5981
-7164
-7809
-8296
-8836
-9088
-8904
-8561
-8245
-8228
-8229
-8144
-8155
-9207
-9874
-10063
-10139
-9939
-10374
-10332
-9128
-7893
-6462
-5255
-4560
-2944
-1610
-966
-777
-1156
-1601
-2496
-4037
-5520
-6866
-8364
-9598
-10551
-11039
-10685
-9854
-8755
-7462
-5813
-3521
-1222
410
1959
3314
4653
5715
6268
6957
7408
7998
8824
9755
10951
12403
13880
15564
17250
19115
20992
22469
23458
24293
25090
25665
26077
25986
25137
23631
21018
18198
15448
11919
7949
3166
-1820
-5395
-8642
-11642
-14373
-16824
-17621
-17592
-17347
-16622
-15611
-14313
-12880
-11535
-10066
-8346
-7074
-6025
-4943
-3660
-1760
228
1835
3610
5599
8025
10607
12480
14103
15390
16222
16787
16428
15535
14150
12069
9656
7029
4343
1765
-836
-3409
-5586
-7259
-8366
-9182
-9985
-10630
-10723
-10681
-10617
-10906
-11449
-11816
-12111
-12404
-12690
-13007
-13112
-12865
-12359
-11431
-10180
-8777
-7295
-5918
-4468
-2983
-1938
-1420
-1463
-1917
-2497
-3426
-4754
-6286
-7876
-9129
-10057
-10688
-11026
-10988
-10471
-9522
-8255
-6694
-5090
-3730
-2504
-1382
-295
691
1374
1851
2360
3183
4215
5380
6652
7976
9673
11588
13519
15309
16828
18218
19335
20258
20882
21066
21272
21145
21177
20813
19626
18029
15667
13281
10796
7524
3870
-281
-4473
-7618
-10828
-13616
-15882
-17782
-18531
-18515
-17993
-16981
-15582
-14142
-12366
-10570
-8667
-6626
-4974
-3621
-2160
-622
1220
2979
4422
6110
7830
9881
11964
13678
15322
16507
17381
17924
17840
17242
16133
14441
12399
10264
7980
5590
3115
505
-1938
-3925
-5605
-6863
-7875
-8392
-8257
-7839
-7208
-6669
-6174
-5698
-5184
-4776
-4442
-4100
-3855
-3505
-2999
-2358
-1466
-566
190
1022
1759
2414
2713
2497
1935
1010
-6
-1273
-2777
-4443
-6076
-7542
-8724
-9646
-10250
-10553
-10556
-10295
-9600
-8654
-7671
-6608
-5579
-4476
-3514
-2767
-2107
-1562
-1034
-352
514
1511
2626
3940
5555
7272
9104
10955
12542
13987
15190
16138
16937
17499
17869
18184
18360
17829
17013
15368
13116
10943
8066
4805
1212
-3054
-6624
-9819
-13057
-15439
-17680
-19300
-19756
-19774
-19172
-18027
-16878
-15240
-13359
-11665
-9656
-7859
-6293
-4819
-3380
-1781
29
1541
3144
4843
6503
8570
10314
11900
13218
14011
14675
14860
14452
13642
12284
10412
8391
6129
3789
1472
-960
-3260
-5045
-6634
-7760
-8682
-9531
-9880
-10044
-9916
-9944
-9962
-9827
-9764
-9773
-9850
-9548
-8855
-7886
-6818
-5689
-4551
-3564
-2959
-2661
-2579
-2414
-2114
-2086
-2267
-2669
-3173
-3994
-5175
-6516
-7961
-9259
-10303
-11118
-11471
-11461
-11007
-10208
-9123
-7686
-6028
-4350
-2871
-1546
-284
910
1845
2511
3115
3728
4475
5356
6250
7380
8722
10241
11798
13372
14896
16445
17733
18740
19564
20251
20819
21350
21667
22111
22054
21299
19932
17804
15708
13063
9692
5740
1269
-2842
-6266
-9793
-12857
-15447
-17264
-17922
-18017
-17571
-16607
-15262
-13741
-11957
-10273
-8443
-6596
-5225
-4043
-2769
-1367
282
1636
2903
4435
6052
7940
9641
11034
12340
13297
14005
14221
13869
13060
11726
9876
7702
5429
3024
698
-1769
-4066
-5776
-7032
-8020
-8686
-9238
-9273
-9011
-8587
-8317
-8322
-8238
-8362
-8417
-8650
-9066
-9333
-9533
-9642
-9331
-8962
-8230
-7371
-6649
-5786
-4961
-4060
-3322
-2929
-2821
-2700
-2751
-3137
-3818
-4829
-5870
-6847
-7705
-8400
-8831
-8876
-8412
-7668
-6521
-5104
-3639
-2197
-931
323
1420
2300
2822
3154
3500
3911
4395
4898
5602
6682
8001
9388
10846
12329
13996
15369
16586
17579
18279
18994
19364
19647
20050
19568
18798
17220
14892
13045
10375
6976
3279
-1149
-4720
-7791
-11273
-13927
-16277
-17970
-18359
-18435
-17961
-16688
-15501
-14192
-12706
-11445
-9790
-8440
-7640
-6661
-5606
-4164
-2434
-1081
457
2264
4309
6666
8621
10303
11972
13107
14038
14407
14061
13364
12094
10186
8099
5847
3490
1236
-1248
-3384
-4970
-6207
-7047
-7727
-8168
-8073
-7836
-7444
-7153
-7079
-6905
-6777
-6818
-6932
-7104
-7074
-6937
-6742
-6318
-5688
-4675
-3613
-2656
-1658
-638
209
768
847
538
113
-512
-1465
-2566
-3773
-4865
-5744
-6562
-7086
-7357
-7201
-6609
-5742
-4546
-2987
-1218
480
1948
3286
4477
5500
6218
6595
6943
7358
8016
8842
9620
10586
11720
12903
14310
15465
16348
17000
17427
17948
18308
18564
18757
19037
19366
18901
17952
16231
14029
11857
8827
5295
1437
-2859
-6444
-9923
-13222
-15711
-17896
-19164
-19574
-19435
-18452
-17014
-15465
-13821
-12029
-10184
-8322
-6765
-5700
-4536
-3364
-2095
-790
256
1556
3093
4880
6804
8473
10201
11731
12644
13379
13491
13168
12336
10826
8911
6738
4547
2273
-54
-2399
-4346
-5795
-6880
-7545
-8024
-8191
-7888
-7514
-6957
-6385
-5942
-5457
-5211
-5211
-5441
-5755
-5960
-6154
-6395
-6634
-6696
-6412
-5875
-5252
-4570
-3895
-3048
-2206
-1472
-925
-544
-412
-695
-1220
-2007
-2883
-3918
-5056
-5969
-6690
-7106
-7124
-6920
-6401
-5429
-4143
-2680
-1313
-179
809
1517
1987
2345
2531
2613
2771
3038
3667
4705
6096
7919
9835
11791
13872
15738
17391
18595
19331
20010
20442
20754
20811
19924
18468
16295
13655
10944
7407
3597
-610
-5038
-8540
-11650
-14299
-16363
-18205
-18996
-18841
-18276
-17235
-16157
-15006
-13548
-12068
-10704
-9275
-8143
-7191
-5996
-4711
-3053
-1230
467
2436
4551
6921
9441
11536
13389
14790
15664
16278
16159
15398
14081
12193
9915
7491
4902
2347
-160
-2620
-4600
-6046
-7136
-7757
-8158
-8216
-7767
-7163
-6448
-6005
-5858
-5765
-5717
-5846
-6097
-6286
-6081
-5611
-5224
-4591
-3717
-2728
-2048
-1998
-2474
-3274
-4057
-4704
-5526
-6241
-6619
-7036
-7700
-8644
-9724
-10836
-12025
-13214
-14029
-14485
-14501
-14019
-13217
-12085
-10425
-8430
-6497
-4712
-2981
-1290
208
1396
2379
3291
4147
4929
5754
6709
7835
9154
10529
11824
13368
14898
16356
17586
18443
19418
20264
20856
21271
21284
20682
19620
17807
15461
12778
9290
5509
1597
-2693
-6530
-10035
-13275
-15626
-17549
-18758
-19023
-18807
-17915
-16679
-15454
-13869
-12269
-10843
-9417
-8267
-7148
-6022
-4954
-3707
-2308
-826
872
2696
4595
6683
8550
10233
11664
12549
13060
13021
12367
11218
9433
7307
5050
2567
68
-2272
-4445
-6274
-7709
-8743
-9316
-9610
-9639
-9368
-9148
-8722
-8248
-7939
-7655
-7581
-7702
-7913
-8115
-8196
-8169
-8210
-7975
-7450
-6647
-5583
-4597
-3646
-2800
-2055
-1553
-1553
-1962
-2615
-3568
-4743
-6016
-7291
-8527
-9648
-10516
-10942
-10942
-10540
-9724
-8658
-7238
-5491
-3625
-1783
-170
1304
2700
3690
4359
4819
5052
5259
5409
5632
6190
7024
8140
9366
10811
12539
14455
16211
17633
18799
19830
20740
21401
22007
22184
21536
20098
17768
15239
12330
8767
5186
1744
-1304
-4012
-6945
-9884
-12309
-14435
-16078
-17249
-17918
-17807
-17283
-16539
-15284
-13733
-12022
-10459
-9195
-7789
-6252
-4617
-2856
-1253
499
2547
4620
6784
8814
10580
12244
13460
14238
14567
14269
13475
12163
10295
8190
6037
3716
1380
-855
-2828
-4306
-5442
-6349
-6909
-7185
-7095
-6848
-6541
-6062
-5986
-6123
-6405
-6826
-7140
-7727
-8452
-8995
-9284
-9100
-8987
-9191
-9268
-9095
-8411
-7115
-5124
-2673
-333
1499
2490
2839
2553
1628
158
-1784
-3899
-6010
-7957
-9642
-10860
-11251
-10930
-10133
-9016
-7884
-6441
-4894
-3369
-1949
-838
141
1032
1860
2688
3582
4595
5665
6880
8422
10196
12031
13779
15311
16727
18134
19227
19985
20406
20554
20894
20850
19970
18761
16963
15197
13252
10243
6831
3325
-89
-3097
-6413
-9743
-12254
-14077
-15365
-16236
-16592
-16016
-14909
-13883
-12532
-10822
-8837
-6931
-5409
-3978
-2285
-587
893
2163
3339
4937
6478
7991
9287
10500
11804
12739
13226
13331
13140
12540
11447
9746
7730
5684
3406
958
-1562
-3921
-5810
-7381
-8800
-9895
-10631
-10838
-10795
-10649
-10328
-9916
-9419
-9130
-8975
-8898
-8894
-8730
-8619
-8518
-8096
-7505
-6593
-5579
-4520
-3072
-1668
-394
629
1365
1779
1686
985
-269
-1759
-3424
-5084
-6649
-7997
-8914
-9400
-9497
-9141
-8334
-7153
-5814
-4373
-3038
-1742
-449
710
1670
2531
3347
4125
4945
5783
6820
8000
9320
10729
12136
13636
15129
16589
17908
19132
20166
20964
21694
22149
22614
22761
22224
21060
19477
17876
15963
13310
9822
6128
2697
-483
-3808
-7182
-10113
-12321
-14101
-15429
-16195
-16345
-15951
-15513
-14784
-13570
-11985
-10499
-9210
-8026
-6497
-4741
-3072
-1651
-310
1326
3017
4693
6165
7603
8908
9988
10731
11123
11235
10922
10115
8806
7155
5423
3618
1472
-886
-3144
-5109
-6758
-8302
-9694
-10756
-11426
-11768
-11950
-11995
-11866
-11701
-11590
-11536
-11497
-11245
-11152
-11269
-11333
-11171
-10498
-9789
-9086
-8195
-7142
-5786
-4421
-3482
-2715
-2191
-1985
-2122
-2738
-3565
-4540
-5823
-7126
-8225
-9056
-9492
-9750
-9666
-8986
-7824
-6270
-4717
-3222
-1602
-9
1454
2562
3328
4107
4759
5388
6181
7055
8227
9624
11150
12873
14752
16805
18631
20137
21500
22665
23575
24123
24237
24303
24123
23262
21874
20032
18235
16395
13749
10522
7100
3809
873
-2302
-5513
-8199
-10335
-12021
-13411
-14394
-14615
-14319
-13894
-13234
-12084
-10414
-8603
-7047
-5513
-3661
-1526
560
2239
3831
5681
7543
9279
10734
12025
13305
14306
14868
15115
15084
14758
13982
12697
11113
9445
7620
5554
3240
948
-1124
-2926
-4718
-6372
-7719
-8695
-9467
-10061
-10333
-10518
-10374
-10613
-11077
-11366
-11436
-11281
-11412
-11674
-11447
-10869
-9844
-8686
-7705
-6400
-5016
-3635
-2500
-1724
-1303
-1284
-1861
-2787
-3858
-5206
-6667
-8325
-9802
-10754
-11260
-11309
-11098
-10560
-9356
-7780
-6258
-4779
-3521
-2309
-1404
-909
-599
-430
-328
-144
154
690
1742
3136
4795
6703
8816
11091
13392
15367
16972
18279
19295
19965
20351
20457
20048
18906
17207
15335
13491
11336
8472
5101
1834
-1266
-4081
-7004
-10068
-12575
-14603
-16234
-17407
-18040
-18128
-17774
-17271
-16273
-14657
-12809
-10872
-9042
-7130
-4832
-2496
-199
1857
3708
5753
7774
9590
11266
12616
13802
14713
15205
15530
15557
15125
14287
13054
11566
10060
8243
6215
3988
1756
-138
-1888
-3586
-5109
-6325
-7185
-7829
-8351
-8590
-8687
-8586
-8562
-8775
-8963
-9158
-9048
-8580
-8136
-7521
-7007
-6680
-6216
-5852
-5368
-4634
-3907
-3148
-2481
-2026
-1767
-1869
-2262
-2804
-3379
-3992
-4929
-6288
-7676
-9059
-10070
-10536
-10430
-9512
-7911
-5902
-3637
-1436
488
2168
3271
4057
4607
4928
5234
5473
5802
6563
7618
8960
10585
12245
14085
16029
17838
19493
20682
21588
22304
22777
23151
22633
21344
19570
17576
15703
13235
10046
6577
3062
-181
-3239
-6187
-8979
-11401
-13374
-14965
-15732
-15953
-15872
-15641
-15170
-14161
-12594
-10920
-9445
-7988
-6310
-4279
-2226
-221
1641
3485
5385
7297
9127
10772
12233
13287
13959
14306
14455
14286
13476
12181
10592
8931
7198
5199
2994
723
-1311
-3061
-4674
-6106
-7331
-8323
-9015
-9445
-9703
-9685
-9717
-9602
-9458
-9655
-9714
-9778
-9799
-9739
-9828
-9627
-8992
-8267
-7141
-6131
-5087
-3783
-2693
-1795
-1201
-1061
-1243
-1916
-3052
-4270
-5730
-7312
-8842
-10128
-10895
-11273
-11178
-10455
-9484
-8027
-6113
-4228
-2524
-1045
278
1398
1993
2338
2518
2489
2508
2613
2973
3734
4876
6289
8112
10188
12374
14553
16470
18161
19628
20759
21605
22167
22580
22301
21017
19181
17107
15111
12671
9301
5398
1522
-1817
-4872
-8114
-11378
-14086
-16004
-17518
-18597
-19195
-19147
-18742
-18389
-17548
-16005
-14185
-12592
-11205
-9607
-7481
-5198
-3088
-1263
568
2743
4908
6932
8709
10256
11631
12605
13148
13387
13351
12766
11581
9994
8270
6553
4542
2263
-50
-2117
-3807
-5358
-6824
-8130
-9099
-9734
-10159
-10412
-10447
-10459
-10692
-10766
-10911
-10782
-10440
-10238
-9955
-9564
-8748
-7332
-6080
-4881
-3547
-2327
-926
127
677
863
577
-2
-995
-2351
-3710
-5195
-6875
-8318
-9380
-9842
-10004
-9976
-9513
-8520
-7214
-5620
-4066
-2825
-1551
-498
438
1136
1495
1830
2086
2504
3278
4358
5593
7046
8699
10850
13127
15266
17167
18754
20139
21323
22133
22622
22731
22786
22413
21300
19728
17856
16027
13762
10796
7276
3803
607
-2475
-5650
-8811
-11533
-13452
-14891
-15959
-16421
-16339
-15786
-14960
-13767
-12039
-10074
-8245
-6528
-4800
-2808
-732
1189
2807
4395
6109
7898
9454
10745
11910
12853
13494
13748
13665
13275
12404
11017
9235
7228
5174
2904
360
-2196
-4500
-6441
-8188
-9749
-11063
-11952
-12451
-12718
-12776
-12629
-12459
-12422
-12443
-12452
-12170
-11828
-11707
-11500
-11144
-10354
-9145
-7981
-6877
-5661
-4342
-3043
-2058
-1488
-1250
-1558
-2295
-3349
-4630
-6060
-7644
-9260
-10708
-11627
-12042
-12171
-12040
-11474
-10399
-8927
-7274
-5688
-4234
-2842
-1663
-606
238
757
1197
1550
2016
2841
3930
5366
6896
8612
10640
12835
15019
16892
18466
19907
21033
21807
22292
22539
22734
22600
21567
20159
18495
16849
15045
12249
8992
5645
2516
-441
-3578
-6762
-9474
-11594
-13219
-14422
-14974
-14859
-14289
-13496
-12254
-10519
-8420
-6345
-4571
-2730
-739
1311
3281
4824
6233
7804
9293
10698
11855
12844
13811
14468
14699
14713
14444
13788
12555
10858
8930
6905
4616
2042
-601
-3092
-5262
-7295
-9092
-10575
-11782
-12462
-12889
-13118
-13076
-13054
-13016
-13057
-13087
-13025
-12970
-12904
-12874
-12688
-12133
-11291
-10317
-9296
-8161
-6900
-5688
-4751
-4007
-3673
-3776
-4238
-5054
-6182
-7466
-8880
-10292
-11576
-12517
-12946
-13075
-12904
-12321
-11271
-9907
-8426
-6917
-5510
-4305
-3387
-2666
-2233
-1976
-1875
-1816
-1574
-1048
-70
1183
2759
4672
6889
9289
11716
13971
16093
17871
19407
20522
21362
22075
22429
22903
22531
21409
19929
18194
16617
14390
11121
7580
3984
729
-2511
-6026
-9188
-11877
-13917
-15524
-16380
-16435
-15891
-15110
-14098
-12493
-10427
-8314
-6522
-4989
-3336
-1526
237
1758
3017
4368
5814
7168
8463
9571
10660
11630
12157
12504
12651
12529
11833
10575
8962
7161
5227
3053
688
-1698
-3828
-5534
-7187
-8571
-9641
-10466
-10922
-11225
-11297
-11424
-11625
-11846
-12151
-12319
-12374
-12386
-12368
-12265
-11722
-10742
-9520
-8220
-6855
-5442
-3913
-2703
-1851
-1385
-1445
-1910
-2794
-3964
-5341
-6805
-8358
-9712
-10730
-11300
-11441
-11378
-10834
-9879
-8637
-7152
-5647
-4204
-2911
-1818
-859
-104
342
742
1006
1365
1977
2917
4105
5394
7046
9018
11075
13122
14992
16681
18271
19383
20222
20834
21203
21487
21619
21605
20850
19850
18481
16836
15209
12681
9610
6379
2640
-681
-4085
-7634
-10572
-13314
-15365
-16688
-17382
-17226
-16643
-15878
-14500
-12697
-10663
-8622
-6866
-5100
-3339
-1652
77
1694
3003
4489
5959
7488
9170
10509
11883
12973
13586
14136
14178
13766
12791
11197
9352
7224
4864
2304
-386
-2990
-5230
-7210
-8878
-10159
-11174
-11721
-12013
-12081
-12119
-12412
-12638
-12736
-12634
-12538
-12698
-12632
-12127
-11244
-9979
-8564
-7016
-5267
-3449
-1780
-280
776
1320
1294
704
-197
-1399
-2945
-4673
-6454
-8039
-9064
-9743
-10127
-10170
-9793
-8850
-7759
-6501
-5180
-3947
-2752
-1832
-1033
-401
96
477
802
1245
1970
2988
4131
5537
7178
8983
11095
12984
14828
16485
17911
19112
19813
20294
20598
20716
20811
20916
21237
21180
20503
19542
18209
16995
15151
12078
8456
4648
918
-2696
-6684
-10455
-13348
-15622
-17031
-17749
-17531
-16396
-15129
-13490
-11399
-9056
-6654
-4751
-3398
-2077
-674
538
1612
2364
3291
4568
5901
7476
8910
10363
11741
12642
13201
13419
13164
12269
10564
8307
5976
3345
460
-2498
-5429
-7839
-9765
-11382
-12524
-13179
-13452
-13320
-13213
-13136
-12918
-12878
-12767
-12822
-13063
-12972
-12708
-12386
-11738
-10855
-9563
-7885
-6276
-4648
-3039
-1506
-352
178
189
-125
-936
-2199
-3757
-5405
-6986
-8572
-9807
-10582
-11024
-10973
-10573
-9927
-8960
-7805
-6589
-5380
-4367
-3367
-2379
-1635
-1040
-572
57
843
1626
2553
3725
5126
6859
8602
10260
12175
14006
15734
17120
18177
19131
19823
20102
20186
20153
20396
20651
20959
21476
21224
20677
19741
18481
17067
14514
11066
7197
3070
-720
-4601
-8571
-11991
-14555
-16186
-17016
-16960
-16048
-14626
-13052
-11071
-8870
-6601
-4646
-3330
-2240
-1124
-162
810
1700
2519
3655
5062
6663
8519
10292
11931
13299
14223
14848
14948
14367
12991
10975
8576
5963
3146
285
-2602
-5178
-7195
-8687
-9727
-10275
-10462
-10292
-9950
-9978
-9788
-9667
-9818
-10145
-10776
-11138
-11179
-11194
-10756
-10103
-9005
-7267
-5375
-3406
-1549
108
1538
2345
2499
2276
1415
13
-1769
-3692
-5413
-6998
-8444
-9340
-9787
-9794
-9180
-8412
-7494
-6397
-5365
-4302
-3569
-2974
-2356
-2013
-1749
-1470
-1089
-436
356
1289
2642
4140
5857
7787
9567
11427
13253
14804
16131
17080
17804
18504
18700
18730
18730
18625
19020
19346
19870
20767
20851
20622
20027
18801
17633
15195
11560
7649
3310
-627
-4440
-8628
-12067
-14473
-15948
-16313
-16148
-15047
-13150
-11261
-9124
-6841
-4725
-2785
-1674
-1039
-256
359
1089
1723
2111
3182
4653
6289
8172
9902
11800
13402
14438
15103
15109
14442
13031
10859
8230
5564
2670
-297
-3139
-5722
-7475
-8714
-9596
-9798
-9852
-9360
-8822
-8757
-8378
-8336
-8444
-8636
-9309
-9660
-9708
-9748
-9261
-8616
-7539
-5751
-4110
-2347
-725
681
1904
2296
2051
1507
299
-1310
-3221
-5271
-7017
-8577
-9895
-10583
-10807
-10533
-9728
-8940
-7938
-6933
-6038
-5156
-4755
-4414
-4128
-4071
-4043
-4005
-3726
-3106
-2343
-1365
-54
1490
3283
5185
6926
8719
10398
11909
13235
14004
14723
15253
15449
15619
15511
15677
16139
16604
17410
18607
19618
20086
20095
19445
18598
17105
14201
10531
6254
2038
-1870
-6156
-10168
-13189
-15257
-16297
-16543
-16002
-14453
-12605
-10700
-8697
-6729
-4827
-3580
-2927
-2540
-2204
-1803
-1355
-1063
-452
815
2484
4482
6571
8646
10774
12487
13645
14297
14210
13470
11876
9614
7097
4459
1745
-1004
-3540
-5537
-6891
-7759
-8173
-8299
-8089
-7798
-7835
-7984
-8159
-8555
-9245
-10319
-11202
-11551
-11740
-11495
-10834
-9716
-7960
-5793
-3597
-1446
521
2193
3229
3418
3222
2507
1113
-772
-2775
-4589
-6181
-7587
-8554
-8968
-8960
-8394
-7547
-6700
-5734
-4786
-4036
-3563
-3306
-3044
-2914
-3055
-3141
-2947
-2525
-1916
-1077
115
1627
3464
5474
7439
9250
10963
12565
13837
14766
15362
15664
15611
15340
15218
15086
14939
14998
15219
15931
17066
17565
17647
17345
16536
15646
13611
10351
6667
2603
-1343
-5245
-9391
-12666
-15004
-16689
-17441
-17282
-16086
-14234
-12485
-10639
-8473
-6392
-4594
-3701
-3248
-2746
-2421
-2141
-1896
-1639
-781
438
1848
3710
5687
7757
9631
10814
11732
12234
11884
10774
8823
6451
3944
1170
-1661
-4339
-6723
-8399
-9650
-10444
-10618
-10505
-10066
-9968
-9993
-9886
-9903
-10183
-10922
-11860
-12327
-12368
-12122
-11418
-10385
-8748
-6532
-4349
-2343
-529
803
1635
1751
1412
896
145
-754
-1987
-3584
-5136
-6692
-8036
-8682
-8751
-8233
-7483
-6835
-6052
-5015
-4048
-3280
-3005
-3128
-3467
-4323
-5312
-6105
-6498
-6420
-6103
-5428
-4229
-2671
-710
1338
3315
5380
7274
9085
10566
11634
12579
13140
13310
13226
13205
13245
13345
13586
14143
15059
16293
17157
17414
17323
17004
16304
14564
11596
8075
4510
823
-3143
-6957
-10178
-12452
-13979
-14947
-14841
-13809
-12127
-10409
-8748
-6801
-4944
-3465
-2708
-2408
-2043
-1746
-1681
-1632
-1336
-620
491
1877
3446
5274
7226
8897
10136
11034
11453
11348
10328
8686
6663
4479
2155
-397
-2755
-4750
-6289
-7379
-8088
-8432
-8329
-8307
-8572
-8847
-9060
-9238
-9724
-10698
-11617
-12227
-12439
-12273
-11918
-11146
-9873
-8192
-6192
-4291
-2388
-789
208
721
890
555
-338
-1812
-3575
-5168
-6568
-7759
-8689
-9248
-9280
-8782
-7988
-7066
-6114
-5092
-4139
-3372
-2651
-1986
-1541
-1294
-1147
-816
-204
468
1283
2120
3329
4818
6377
7929
9334
10809
12125
13162
13904
14439
14765
14728
14360
14012
13749
13590
13514
13495
13838
14513
15513
16005
15966
15689
15167
14422
12536
9623
6526
3259
31
-3383
-6802
-9349
-11171
-12468
-13129
-12981
-11939
-10487
-9221
-7874
-6189
-4433
-3140
-2629
-2304
-1796
-1340
-1168
-1026
-549
345
1593
2881
4544
6512
8449
10129
11372
12375
13009
13036
12210
10765
9095
7186
4979
2489
111
-1911
-3589
-5014
-6159
-6801
-7117
-7731
-8517
-9067
-9496
-9897
-10954
-12280
-13131
-13527
-13640
-13650
-13436
-12521
-11057
-9330
-7490
-5694
-3795
-2158
-1233
-646
-229
-404
-1229
-2627
-3930
-5046
-6121
-7083
-7897
-8304
-8153
-7590
-7036
-6369
-5603
-4798
-4113
-3742
-3334
-2868
-2674
-2737
-2719
-2289
-1684
-1086
-396
662
2065
3693
5340
6948
8619
10188
11568
12731
13579
14318
14813
14975
14993
15026
15140
15176
15303
15540
16216
16863
17688
18094
17934
17732
17254
16438
14630
11979
9104
6204
3375
246
-2832
-5373
-7145
-8185
-8879
-8838
-8100
-7080
-5956
-4778
-3488
-2285
-1566
-1441
-1442
-1538
-1567
-1865
-2219
-2315
-1901
-1052
-38
1222
2752
4332
5870
7071
7979
8546
8591
8001
6831
5509
3903
2091
49
-1958
-3532
-4811
-5837
-6634
-7075
-7534
-8149
-8428
-8739
-9016
-9600
-10602
-11501
-12138
-12376
-12387
-12425
-12178
-11225
-9788
-8145
-6458
-4739
-3067
-1791
-780
-45
262
-1
-678
-1536
-2399
-3170
-3937
-4617
-5213
-5343
-4925
-4306
-3675
-3031
-2426
-1800
-1406
-1128
-852
-799
-835
-867
-783
-448
-29
449
1186
2162
3462
4983
6397
7821
9286
10730
12013
13058
13867
14346
14605
14620
14430
14324
14023
13718
13668
13840
14305
14900
15771
16515
16806
16926
16673
16341
15197
13098
10418
7430
4712
1902
-1177
-4101
-6328
-7542
-8383
-8796
-8470
-7625
-6560
-5618
-4625
-3363
-2408
-2152
-2230
-2349
-2286
-2406
-2669
-2810
-2595
-1851
-861
323
1671
3139
4544
5680
6526
6951
6990
6434
5243
3779
2020
163
-1821
-3820
-5602
-6982
-7887
-8574
-9178
-9884
-10267
-10420
-10693
-11031
-11752
-12484
-13085
-13619
-13856
-13992
-13947
-13515
-12686
-11461
-9852
-8164
-6438
-4864
-3424
-2011
-1116
-654
-738
-1092
-1562
-2228
-3039
-3832
-4550
-5194
-5457
-5409
-5329
-5096
-4847
-4448
-3887
-3325
-2705
-2423
-2093
-1473
-708
372
1455
2617
3538
3929
3900
3570
3048
2641
2313
2300
2692
3308
4084
4989
5865
6762
7562
8150
8704
9074
9416
9967
10535
11313
12087
12796
13488
13644
13613
13292
12775
11825
9766
7157
4541
2202
-97
-2687
-5269
-7000
-7866
-8421
-8669
-8380
-7586
-6525
-5816
-5058
-4154
-3559
-3518
-4047
-4484
-4596
-4887
-5502
-5869
-5831
-5120
-4296
-3390
-2016
-638
770
1939
2809
3488
3741
3417
2607
1563
370
-835
-2286
-3793
-4993
-5945
-6555
-7190
-7813
-8183
-8478
-8656
-8840
-9166
-9525
-9852
-10207
-10274
-10180
-9910
-9471
-8843
-7878
-6627
-5189
-3895
-2741
-1697
-794
-113
169
77
-311
-947
-1661
-2519
-3268
-3975
-4626
-4961
-5167
-5022
-4677
-4346
-3991
-3641
-3211
-2730
-2399
-2189
-2038
-1892
-1729
-1593
-1303
-928
-428
230
1203
2325
3612
4999
6317
7680
8970
10125
11029
11695
12168
12415
12435
12321
12019
11594
11112
10732
10448
10295
10361
10564
10871
10877
10714
10424
9935
9233
7916
6097
4154
2160
296
-1592
-3584
-5186
-6197
-6778
-6896
-6803
-6340
-5535
-4722
-3959
-3143
-2433
-1971
-1765
-1762
-1675
-1512
-1399
-1299
-1035
-485
350
1241
2177
3044
3943
4692
5081
5333
5179
4702
3916
2825
1671
521
-703
-1945
-2983
-3924
-4529
-5051
-5670
-6103
-6438
-6751
-6938
-7352
-7832
-8070
-8295
-8321
-8211
-7992
-7437
-6790
-5915
-4777
-3628
-2412
-1463
-620
124
677
909
758
416
-39
-490
-1094
-1658
-2133
-2531
-2682
-2714
-2554
-2244
-1862
-1483
-1110
-693
-206
254
615
936
1261
1620
2122
2522
3076
3785
4549
5558
6538
7640
8785
9863
10966
11884
12681
13359
13704
13909
13943
13823
13637
13210
12776
12478
12162
11950
11938
11939
12214
12412
12177
11921
11444
10888
10114
8534
6749
4920
3018
1300
-678
-2502
-3719
-4603
-5164
-5366
-5277
-4680
-4144
-3745
-3109
-2435
-1784
-1515
-1633
-1468
-1254
-1215
-1090
-994
-636
43
672
1469
2436
3252
4049
4551
4818
5021
4837
4344
3585
2568
1591
632
-522
-1621
-2541
-3319
-3932
-4666
-5401
-5870
-6343
-6848
-7463
-8016
-8449
-8919
-9311
-9545
-9539
-9324
-9009
-8420
-7688
-6765
-5704
-4909
-4093
-3304
-2671
-2273
-2191
-2262
-2465
-2813
-3257
-3708
-4126
-4479
-4733
-4860
-4841
-4689
-4450
-4128
-3821
-3470
-3002
-2620
-2362
-2125
-1980
-1777
-1591
-1400
-1102
-800
-310
273
1140
2079
3113
4274
5433
6595
7715
8735
9484
10031
10368
10489
10493
10323
10039
9656
9308
9086
8596
8244
8056
7970
7875
7352
6707
6364
5908
5205
4163
3101
2257
1513
548
-483
-1178
-1662
-2098
-2517
-2692
-2564
-2330
-2294
-2235
-1974
-1532
-1401
-1445
-1400
-1311
-1207
-1208
-1289
-1188
-964
-817
-629
-460
-236
-45
46
-15
-107
-271
-457
-937
-1465
-1973
-2505
-3074
-3671
-4226
-4732
-5083
-5514
-5965
-6302
-6452
-6689
-7003
-7322
-7497
-7603
-7780
-7899
-7851
-7662
-7452
-7181
-6834
-6343
-5807
-5357
-4896
-4577
-4293
-4084
-4155
-4306
-4487
-4736
-5070
-5413
-5771
-5910
-6072
-6141
-6080
-5925
-5638
-5391
-5117
-4727
-4315
-3906
-3556
-3381
-3194
-2963
-2751
-2659
-2543
-2212
-1810
-1302
-560
288
1247
2235
3234
4233
5243
6080
6708
7092
7256
7327
7180
6906
6562
6310
6128
5960
5653
5211
4751
4281
3840
3446
3108
2813
2506
2108
1826
1301
442
-434
-1507
-2443
-3207
-4028
-4633
-5085
-5410
-5651
-5873
-5943
-5938
-6012
-6074
-6227
-6450
-6656
-6947
-7249
-7398
-7553
-7459
-7258
-6993
-6611
-6172
-5689
-5263
-4835
-4532
-4344
-4268
-4214
-4357
-4544
-4676
-4938
-5100
-5233
-5347
-5357
-5431
-5383
-5336
-5354
-5320
-5454
-5589
-5670
-5839
-5981
-6103
-6230
-6203
-6093
-5908
-5531
-5080
-4508
-3884
-3259
-2658
-2118
-1676
-1320
-1086
-948
-873
-931
-1001
-1125
-1256
-1260
-1322
-1328
-1215
-1110
-910
-706
-482
-244
16
261
502
722
923
1079
1169
1282
1438
1633
1903
2229
2694
3245
3817
4484
5163
5833
6448
6958
7297
7508
7630
7565
7437
7210
6936
6696
6561
6490
6443
6450
6550
6742
6965
7190
7394
7609
7709
7672
7639
7280
6758
6149
5472
4749
3922
3198
2581
2144
1703
1432
1322
1351
1493
1501
1566
1663
1791
1772
1635
1483
1348
1207
957
797
769
740
738
723
778
901
947
946
809
674
435
143
-212
-581
-969
-1351
-1749
-2090
-2335
-2584
-2809
-3101
-3258
-3379
-3573
-3826
-4091
-4418
-4725
-5018
-5349
-5579
-5740
-5767
-5708
-5548
-5252
-4961
-4642
-4327
-4042
-3780
-3574
-3525
-3472
-3456
-3523
-3518
-3553
-3578
-3493
-3302
-3070
-2799
-2370
-2008
-1607
-1206
-814
-511
-293
-188
-179
-181
-178
-255
-299
-223
-52
224
633
1187
1726
2361
3018
3633
4123
4474
4669
4719
4613
4404
4157
3820
3511
3243
3113
3161
3231
3379
3649
3923
4220
4543
4682
4708
4652
4466
4186
3828
3508
3202
2889
2624
2515
2531
2586
2631
2757
2913
3021
3154
3191
3057
2908
2619
2396
2150
1868
1751
1511
1425
1417
1470
1626
1656
1746
1788
1779
1692
1523
1257
897
567
224
-96
-418
-717
-1017
-1226
-1420
-1567
-1715
-1862
-2067
-2264
-2445
-2625
-2836
-3052
-3275
-3477
-3587
-3597
-3556
-3515
-3370
-3180
-2975
-2775
-2658
-2485
-2349
-2302
-2248
-2148
-2052
-2001
-1928
-1748
-1606
-1417
-1229
-1071
-909
-774
-574
-611
-573
-594
-649
-730
-778
-818
-849
-879
-814
-672
-502
-266
-34
304
635
971
1250
1605
1818
2052
2231
2377
2515
2556
2592
2640
2692
2834
2933
3122
3361
3567
3824
4057
4287
4463
4556
4582
4521
4370
4205
4016
3827
3644
3472
3429
3401
3473
3610
3783
4013
4216
4416
4612
4749
4942
5112
5171
5281
5285
5284
5189
5027
4875
4668
4502
4327
4157
3931
3763
3600
3455
3264
3050
2871
2593
2276
1973
1539
1115
680
148
-303
-744
-1192
-1670
-2116
-2551
-2879
-3224
-3535
-3778
-4035
-4280
-4497
-4678
-4815
-4925
-5036
-5149
-5259
-5267
-5297
-5206
-5104
-5021
-4886
-4718
-4546
-4387
-4209
-4046
-3884
-3692
-3552
-3366
-3172
-2966
-2717
-2453
-2239
-1983
-1720
-1534
-1320
-1140
-997
-889
-754
-660
-541
-414
-259
-71
111
394
751
1081
1435
1763
2067
2394
2611
2804
2909
2973
3011
3000
3001
2991
2970
2932
2925
2932
2959
2994
3041
3059
3092
3061
3026
2945
2811
2735
2666
2596
2483
2481
2539
2506
2611
2714
2713
2774
2844
2911
2921
2929
2962
2961
2972
3041
3140
3206
3213
3208
3192
3059
2910
2685
2359
2093
1711
1345
981
611
234
-72
-195
-277
-261
-152
20
184
435
680
853
1041
1154
1205
1246
1203
1057
842
521
76
-338
-806
-1290
-1752
-2147
-2559
-2888
-3169
-3458
-3676
-3873
-4115
-4259
-4410
-4591
-4676
-4818
-4981
-5076
-5187
-5237
-5251
-5263
-5184
-5040
-4839
-4605
-4333
-3991
-3643
-3294
-2866
-2489
-2082
-1707
-1382
-1035
-744
-443
-254
-76
134
307
471
652
802
960
1110
1267
1449
1564
1723
1804
1889
1973
2047
2114
2193
2286
2359
2519
2632
2735
2827
2925
2994
2989
3018
3065
2999
2986
2936
2833
2802
2782
2761
2771
2825
2822
2916
2974
3038
3116
3169
3248
3229
3228
3183
3133
3074
3083
3026
3017
3010
3042
3109
3124
3224
3261
3309
3285
3265
3246
3169
3068
2899
2670
2495
2370
2175
2033
1903
1781
1704
1575
1459
1350
1225
1043
854
704
534
361
145
27
-80
-198
-298
-395
-442
-459
-537
-660
-758
-856
-1016
-1179
-1313
-1482
-1687
-1760
-1858
-1932
-1934
-1959
-1960
-1952
-1982
-2028
-2061
-2125
-2142
-2181
-2225
-2264
-2305
-2327
-2259
-2157
-2079
-1975
-1830
-1666
-1539
-1385
-1288
-1226
-1211
-1118
-1021
-981
-920
-868
-820
-725
-644
-526
-370
-309
-216
-106
-67
-16
37
47
96
119
187
221
373
505
577
722
876
1048
1155
1278
1370
1429
1571
1631
1738
1784
1904
1968
2011
2091
2155
2200
2269
2299
2262
2327
2305
2336
2322
2367
2336
2382
2418
2446
2473
2511
2469
2507
2533
2483
2447
2361
2348
2221
2180
2068
2003
1941
1859
1756
1676
1623
1559
1438
1379
1353
1208
1154
1042
976
908
793
717
596
451
340
235
85
-91
-194
-382
-519
-610
-686
-686
-667
-589
-452
-329
-166
50
233
418
535
726
862
967
999
1024
1030
972
907
781
699
577
455
311
188
30
-87
-159
-194
-200
-242
-182
-115
-77
-6
34
38
14
-79
-162
-270
-354
-479
-642
-744
-903
-1036
-1173
-1292
-1451
-1553
-1631
-1686
-1780
-1813
-1830
-1840
-1754
-1752
-1670
-1541
-1407
-1290
-1189
-1050
-929
-814
-700
-593
-536
-460
-330
-286
-251
-148
-116
-100
-61
-30
-76
-88
-43
-77
-71
-109
-98
-71
-59
-24
34
87
147
189
226
289
280
326
366
331
329
335
276
313
372
397
451
470
489
554
586
605
556
509
519
432
346
308
250
207
225
216
206
244
242
250
248
209
172
116
93
-9
-80
-149
-207
-277
-315
-287
-248
-236
-229
-209
-173
-195
-211
-214
-220
-201
-251
-268
-302
-255
-221
-155
-89
4
94
138
204
302
403
472
520
547
612
646
732
768
823
833
859
886
922
907
937
999
1057
1013
1056
1077
1048
1051
1026
1037
1062
1049
1033
1062
975
987
953
929
929
898
874
889
912
916
871
929
908
880
848
806
778
729
609
525
540
507
467
399
357
368
385
385
391
386
327
344
320
278
203
176
90
23
3
-46
-49
-93
-136
-93
-120
-148
-159
-188
-209
-279
-297
-368
-399
-465
-471
-507
-509
-529
-570
-545
-580
-567
-533
-551
-566
-535
-527
-465
-436
-440
-413
-378
-333
-311
-270
-251
-231
-220
-196
-123
-53
-46
28
98
102
205
227
293
357
437
505
523
601
643
742
778
807
846
913
988
1036
1145
1135
1216
1221
1276
1338
1364
1420
1414
1439
1453
1477
1462
1483
1407
1406
1329
1249
1225
1131
1052
962
928
846
758
723
698
639
593
502
463
443
417
402
333
309
260
208
215
144
144
110
84
80
51
23
-19
-51
-49
-26
-107
-84
-55
-71
-94
-100
-71
-57
-52
-52
-29
-56
-6
41
21
67
127
107
150
214
220
202
223
287
287
276
292
319
306
294
290
293
280
282
268
284
296
275
278
241
201
184
128
100
81
41
41
40
56
55
58
93
94
98
125
151
181
141
159
134
196
226
183
259
338
385
376
426
484
518
546
588
636
648
674
746
704
752
748
749
819
798
842
869
848
922
907
928
964
988
1015
1033
1037
1048
1020
1053
1042
968
995
979
958
971
926
899
919
893
897
892
894
865
874
856
816
823
819
768
767
765
724
759
735
732
737
737
733
735
728
723
707
645
667
596
615
595
581
563
574
555
508
537
535
570
518
489
437
452
431
400
355
363
347
320
325
287
319
310
322
313
325
326
331
304
303
344
306
295
260
225
269
302
270
275
247
257
299
298
334
323
344
392
388
394
398
383
397
425
443
458
432
441
441
445
477
544
511
551
580
648
618
639
650
607
645
612
654
626
603
644
633
653
660
648
626
607
637
608
598
623
638
648
622
601
633
619
595
591
560
545
581
566
542
535
515
492
503
499
504
455
442
472
430
400
385
373
340
315
311
308
292
340
322
324
279
305
293
271
250
180
173
190
202
161
199
197
206
195
261
228
213
230
212
197
145
165
157
151
144
99
98
125
119
104
128
129
166
166
165
177
197
216
224
220
207
192
174
220
212
168
194
223
245
246
195
217
219
248
269
279
294
281
266
303
260
300
305
308
341
283
294
343
397
401
395
416
407
415
413
417
391
374
373
393
377
376
373
380
368
336
398
400
390
337
317
335
307
284
234
250
226
242
221
217
239
179
177
159
164
158
158
150
132
72
39
82
28
55
45
30
-9
-12
5
-30
-18
-36
-5
-7
-39
-52
-67
-72
-20
-29
-85
-89
-66
-76
-51
-35
-57
-57
-61
-75
-31
-40
-59
-73
-68
-100
-117
-73
-126
-69
-102
-111
-112
-109
-87
-118
-84
-75
-82
-126
-83
-57
-79
-55
-33
-53
-52
-75
-51
-76
-76
-20
4
-13
-35
-4
-2
5
21
27
-14
-1
-17
33
47
36
67
61
90
78
91
117
88
112
121
100
148
126
125
146
108
126
101
66
51
110
95
84
110
133
138
115
136
122
131
134
154
124
123
70
78
105
86
49
53
47
47
67
68
90
87
26
42
9
-25
-29
-57
-61
-123
-101
-142
-158
-161
-205
-201
-172
-195
-223
-231
-226
-221
-283
-308
-311
-319
-312
-338
-351
-309
-346
-354
-356
-339
-386
-360
-342
-359
-344
-360
-369
-363
-351
-382
-346
-362
-341
-311
-360
-318
-320
-316
-331
-308
-270
-274
-263
-272
-288
-273
-265
-232
-228
-243
-237
-245
-229
-187
-194
-213
-167
-136
-179
-136
-137
-114
-63
-89
-69
-118
-84
-69
-53
-22
-22
-4
-10
21
27
23
-12
-6
-40
-47
-8
10
-4
25
54
4
22
26
32
48
29
55
56
53
53
12
14
20
32
-10
7
76
51
57
27
32
47
27
8
9
-19
-43
-12
-28
-44
-77
-63
-36
-47
-54
-99
-78
-46
-104
-106
-92
-116
-119
-94
-103
-97
-106
-114
-71
-102
-128
-124
-146
-151
-123
-190
-187
-169
-188
-118
-140
-175
-148
-178
-164
-167
-191
-165
-149
-122
-182
-169
-160
-179
-150
-169
-133
-138
-108
-95
-97
-81
-123
-101
-99
-79
-70
-106
-66
-60
-62
-87
-43
-32
-36
27
41
52
27
6
32
92
89
96
147
119
134
123
117
138
124
165
168
174
147
160
198
164
163
169
176
177
195
212
211
222
205
187
231
240
213
146
193
213
184
205
194
213
244
270
227
201
172
168
196
184
132
164
142
105
119
128
144
85
81
85
54
52
45
27
4
-27
-11
-23
-56
-72
-58
-61
-79
-74
-79
-72
-104
-78
-112
-105
-87
-121
-111
-140
-91
-137
-117
-121
-126
-120
-136
-145
-183
-139
-183
-189
-158
-193
-162
-164
-163
-167
-178
-116
-124
-154
-118
-117
-129
-157
-143
-99
-131
-122
-81
-110
-131
-98
-110
-76
-92
-78
-22
-53
-36
-11
-16
-30
-13
-6
-10
11
41
43
53
25
-19
-3
44
28
55
45
42
38
71
80
63
41
14
3
22
20
24
49
52
33
27
57
46
99
72
64
82
76
93
97
92
64
89
63
83
32
30
39
2
17
-27
-35
-32
-27
-73
-66
-77
-58
-54
-92
-88
-104
-103
-94
-94
-147
-121
-120
-191
-180
-215
-207
-219
-221
-197
-203
-208
-210
-222
-190
-194
-232
-191
-197
-229
-237
-223
-227
-225
-211
-223
-223
-194
-219
-190
-234
-242
-191
-188
-205
-197
-224
-220
-198
-206
-182
-169
-186
-182
-186
-176
-144
-138
-206
-170
-136
-169
-166
-186
-175
-148
-167
-192
-144
-148
-141
-159
-118
-96
-104
-119
-91
-101
-120
-123
-116
-90
-82
-77
-63
-84
-108
-86
-101
-67
-78
-88
-89
-89
-55
-36
-38
-44
-57
-37
-37
-67
-63
-69
-71
-92
-56
-91
-115
-126
-90
-133
-125
-121
-136
-112
-154
-122
-138
-173
-159
-172
-168
-191
-197
-161
-192
-173
-203
-228
-210
-212
-201
-219
-212
-210
-197
-195
-219
-188
-183
-186
-187
-220
-220
-248
-237
-188
-188
-228
-208
-211
-184
-208
-211
-222
-220
-179
-218
-216
-217
-205
-187
-175
-171
-164
-179
-170
-156
-173
-131
-138
-146
-146
-145
-155
-130
-119
-99
-63
-84
-15
-49
-70
-54
-29
-15
-5
-37
-30
-19
-44
-2
-35
4
-22
-18
5
38
5
32
61
28
57
74
63
31
32
15
58
53
39
45
22
37
67
14
45
34
37
47
80
71
68
93
84
73
38
42
-2
12
5
-21
-18
-32
-53
-28
-29
-68
-76
-89
-77
-107
-122
-103
-140
-116
-125
-115
-75
-120
-142
-112
-169
-163
-188
-151
-168
-181
-196
-257
-252
-249
-210
-196
-212
-221
-162
-168
-169
-207
-200
-211
-218
-161
-176
-186
-158
-154
-159
-147
-156
-162
-163
-156
-177
-162
-126
-71
-73
-86
-103
-85
-82
-64
-36
-45
-62
-60
-49
-32
-29
-52
11
-22
-30
9
-1
3
66
62
67
103
69
112
128
168
155
186
207
193
218
206
178
183
199
164
146
125
167
166
137
134
172
184
161
175
171
158
164
163
162
106
130
149
156
123
121
99
116
104
92
60
109
78
31
92
55
18
-24
5
-7
-7
-59
-55
-105
-110
-99
-127
-118
-180
-148
-159
-146
-181
-153
-158
-181
-167
-178
-185
-168
-211
-209
-215
-237
-206
-223
-239
-293
-236
-250
-243
-256
-268
-256
-247
-259
-298
-276
-322
-295
-285
-275
-270
-251
-217
-211
-216
-219
-239
-213
-214
-218
-191
-191
-177
-174
-186
-184
-176
-151
-180
-188
-147
-174
-128
-122
-119
-98
-91
-101
-72
-54
-30
-55
-34
-13
-10
25
30
24
39
22
18
6
9
14
-24
-6
7
34
-3
-16
-11
35
15
34
5
2
14
47
-26
-46
36
15
14
19
57
14
65
7
-10
12
-5
0
-17
-19
22
-16
-57
0
-20
-16
-32
-85
-15
-29
-65
-65
-76
-83
-77
-103
-75
-55
-74
-100
-109
-89
-124
-104
-64
-45
-104
-92
-103
-151
-124
-150
-165
-166
-163
-154
-125
-160
-139
-153
-165
-140
-207
-175
-173
-163
-133
-177
-165
-122
-91
-85
-91
-108
-87
-87
-122
-98
-115
-113
-98
-66
-101
-95
-91
-86
-81
-81
-68
-50
-58
-29
3
-17
24
8
38
41
-22
-36
9
59
30
68
86
118
77
30
75
59
94
96
79
85
60
60
80
103
107
117
116
121
97
114
131
118
114
109
98
127
160
135
139
125
153
188
179
168
177
168
165
149
209
169
156
192
162
178
168
132
151
182
184
144
133
162
101
104
68
78
79
106
115
71
130
88
81
59
70
53
46
63
56
85
47
74
77
65
35
29
84
77
14
28
67
62
36
14
34
31
22
24
58
59
77
48
49
46
43
45
24
59
51
56
132
119
112
110
93
73
61
85
79
103
112
97
33
90
124
92
140
176
162
167
174
124
134
102
129
122
134
136
102
106
90
95
119
157
162
160
148
163
215
209
177
156
144
159
130
142
140
137
136
148
170
163
189
201
209
196
197
204
222
246
213
211
278
236
220
224
183
199
174
201
185
175
183
151
169
163
160
152
155
136
165
153
143
154
110
152
125
119
150
152
122
126
110
102
145
138
153
186
137
84
133
124
133
151
155
164
166
170
137
118
124
122
104
87
108
116
99
84
68
98
33
25
89
66
47
6
55
41
33
52
24
-2
15
27
41
48
15
-15
16
13
18
57
26
7
8
37
38
15
24
26
61
9
47
28
60
65
73
60
22
82
81
34
54
39
49
66
57
70
49
62
52
12
-28
20
53
19
14
0
8
48
23
25
58
61
22
8
37
26
23
61
58
48
24
42
22
60
84
43
64
62
37
24
32
52
38
47
43
70
55
31
49
104
99
92
83
83
85
53
92
96
64
84
138
143
130
139
147
117
147
151
165
142
150
170
171
147
158
171
143
144
159
171
176
167
153
187
185
162
199
179
178
172
142
153
185
184
178
197
202
216
223
198
221
214
196
174
167
205
153
147
146
146
155
157
150
120
145
153
165
152
114
155
144
116
160
185
162
212
226
151
152
152
142
155
125
157
155
163
181
155
161
165
143
122
151
128
137
101
153
134
161
156
156
194
132
146
149
109
99
144
138
129
122
126
155
118
108
120
99
93
93
91
85
66
83
68
74
84
67
75
75
127
129
124
97
126
165
123
111
116
142
129
130
172
166
174
148
156
144
178
180
208
219
204
253
200
221
236
252
254
254
260
253
281
292
286
286
324
287
281
291
300
324
321
259
238
268
296
265
249
294
293
231
225
280
264
253
253
253
250
244
248
263
253
263
225
241
265
225
188
235
218
148
206
192
171
210
189
163
149
183
219
196
206
229
209
212
205
154
131
110
90
114
94
75
92
55
92
108
85
113
103
102
38
49
56
65
82
98
89
97
115
59
48
29
79
66
62
54
76
81
57
44
79
87
80
86
105
130
101
154
124
118
158
141
162
145
134
83
97
75
50
44
78
112
87
26
69
68
61
37
14
35
54
67
100
83
66
88
85
90
120
99
54
110
105
86
94
121
124
160
112
176
194
163
203
162
130
133
151
187
161
137
159
145
148
139
140
106
114
92
132
134
81
101
96
116
159
127
98
87
117
127
78
58
66
67
75
67
35
61
66
55
79
60
54
70
51
88
78
52
31
72
85
111
109
61
101
81
70
103
22
21
44
17
32
30
39
21
11
52
42
1
29
23
53
61
8
32
-10
-21
1
13
18
41
49
54
59
47
69
65
3
22
-12
18
50
61
45
37
78
65
106
131
98
131
134
120
127
134
145
173
155
141
179
135
138
183
188
186
221
194
215
195
139
129
186
203
164
138
152
183
201
175
201
198
188
253
193
189
164
206
229
215
203
187
202
170
184
201
215
196
199
198
218
219
229
196
148
179
211
187
197
200
170
170
164
153
162
189
199
181
171
177
177
180
191
187
154
158
169
156
164
134
141
198
168
189
158
129
166
156
139
122
156
160
107
131
111
151
145
130
136
111
127
117
183
165
167
185
139
134
175
162
147
135
131
148
143
118
137
174
140
142
107
107
117
160
158
98
177
185
146
162
149
159
146
136
139
148
184
154
157
173
170
159
153
173
194
152
91
123
111
96
114
122
104
92
109
54
84
137
121
59
51
101
82
81
49
72
89
70
111
102
111
111
116
120
129
149
110
119
136
169
157
142
136
141
152
142
161
117
126
93
120
153
191
181
146
167
193
213
191
196
200
189
155
173
195
166
145
145
178
145
169
172
189
205
199
195
216
235
188
199
234
213
221
188
143
178
178
170
163
123
107
107
96
71
102
60
48
42
52
80
90
106
111
92
75
101
80
104
75
96
73
75
84
74
93
93
55
58
97
56
49
46
26
62
49
30
11
-7
9
-1
13
-7
-24
-58
-49
-20
-27
-54
1
5
-7
37
-1
49
37
8
-13
-36
-28
-28
9
-45
-36
-37
-70
-80
-84
-60
-88
-77
-84
-89
-74
-80
-58
-31
-70
-55
-62
-81
-63
-43
-45
-51
-28
-23
-52
-16
-22
-38
-28
-23
7
3
-13
10
11
-18
60
44
37
-7
-38
-32
-53
-63
-70
-43
-37
-61
-59
-45
-75
-7
-17
-28
-42
-57
-52
-12
13
-3
50
55
28
47
65
66
106
98
92
58
69
49
62
75
82
106
63
104
106
125
73
112
103
68
97
85
98
94
112
75
72
78
85
98
83
92
99
98
118
82
107
113
80
55
46
61
80
48
65
101
81
117
84
77
54
36
48
47
71
60
60
29
10
50
23
49
17
32
38
5
53
49
64
-4
22
16
-7
-19
-22
9
-9
-10
-24
16
8
-12
-21
-20
-2
32
28
62
14
-12
3
-10
-2
-14
-5
-6
33
45
47
43
22
24
60
32
49
70
57
96
63
61
92
69
71
74
61
76
69
45
58
94
79
107
68
51
76
51
88
62
89
74
63
72
80
120
70
62
37
58
122
101
56
93
87
56
62
61
64
49
55
40
45
57
24
5
13
65
37
10
32
47
38
14
14
2
9
38
31
63
59
38
32
-2
15
1
51
53
6
28
42
33
17
0
1
23
6
10
34
39
-10
17
43
17
31
20
20
36
44
35
-11
47
60
33
43
63
68
96
102
122
56
57
78
44
57
74
59
27
56
54
49
47
48
76
79
60
44
62
69
77
63
27
33
0
39
50
73
92
75
135
65
109
144
114
97
85
85
87
114
81
68
85
75
107
96
47
47
46
80
25
73
72
86
98
79
96
66
42
37
54
96
58
39
43
73
68
51
69
79
101
89
73
48
61
99
47
39
61
57
72
48
59
37
-10
19
35
17
-15
-6
-9
5
-2
16
34
47
63
71
57
64
58
14
21
26
80
25
33
62
99
63
56
54
68
79
44
-3
25
41
11
79
37
45
57
30
68
46
51
64
62
87
62
60
99
88
57
17
5
40
34
21
4
27
43
-18
13
42
26
39
36
40
18
-31
11
-4
-18
-25
-33
-16
-49
-25
-24
10
-31
-7
-30
-11
0
-23
-43
-56
-27
-28
-42
-46
-1
2
-10
-14
-20
-23
-32
-57
-53
-28
-96
-73
-66
-54
-47
-72
-31
-87
-53
-82
-65
-21
-48
-49
-52
-19
-42
-15
-26
-37
-3
13
-7
0
18
-16
41
60
56
50
6
28
8
18
81
73
93
85
95
105
134
114
76
69
87
88
81
82
23
59
106
100
126
53
71
87
37
44
46
53
60
72
35
5
5
56
43
36
-9
-11
-8
32
57
51
6
18
36
30
62
23
46
64
63
42
27
16
-11
19
38
49
87
71
105
66
79
97
80
66
88
104
27
13
31
60
99
74
97
90
97
65
50
52
70
45
76
81
48
94
27
20
66
76
61
23
-12
42
28
39
87
81
110
50
67
91
95
79
51
32
62
56
80
116
49
73
62
33
39
37
13
1
14
44
57
36
14
17
-10
-50
-16
-51
-50
-63
-17
-4
-26
-42
-36
-3
-21
-24
-25
-18
-51
-50
-43
-56
-6
-47
-54
17
-32
2
28
-18
35
60
47
20
28
34
-9
20
65
87
124
159
94
88
120
116
95
122
88
105
131
134
124
126
141
72
117
130
107
64
49
100
73
94
76
64
64
26
29
61
64
27
48
38
44
57
112
64
22
29
27
-15
-38
-17
-10
-3
-5
26
23
-5
28
28
-5
-11
-10
-7
4
-26
-85
-117
-92
-76
-90
-100
-93
-97
-94
-89
-79
-87
-87
-110
-137
-99
-139
-100
-136
-97
-113
-127
-142
-148
-134
-128
-108
-152
-92
-106
-89
-103
-110
-155
-138
-124
-124
-94
-117
-105
-148
-113
-117
-77
-60
-82
-54
-66
-50
-63
-51
-51
-40
-64
-15
-35
-37
-30
-38
-23
-71
-76
-67
-55
-99
-81
-84
-84
-48
-64
-30
-56
-18
-24
-46
-21
-7
12
-31
-47
-52
-49
-24
-8
-23
-22
-46
-11
-17
-1
13
6
27
27
3
0
-2
-18
-43
-28
-13
-13
10
-23
-29
-30
-61
-36
-37
-79
-78
-27
-61
-9
-16
-42
-27
-47
-38
-43
-89
-109
-113
-92
-83
-98
-84
-115
-126
-108
-92
-91
-43
-72
-82
-63
-25
-60
-48
-65
-87
-60
-57
-78
-90
-75
-64
-78
-116
-101
-130
-135
-97
-84
-78
-104
-67
-105
-76
-43
-88
-54
-68
-68
-62
-22
-43
-43
-60
-39
-28
-38
-40
-42
-49
-16
-17
-29
-60
-12
21
41
17
2
41
12
29
15
43
25
45
47
4
23
72
63
-11
-9
44
23
1
-29
-4
21
13
11
29
63
16
37
47
40
23
43
26
7
-25
-19
-28
10
18
8
17
26
3
-42
-31
-43
-39
-65
-55
-38
-4
-23
-7
-36
-36
-52
-40
-19
-12
-17
-31
-14
-47
-12
-38
-56
-39
-5
-57
-48
-28
-24
-61
-46
-38
-92
-87
-98
-99
-77
-113
-138
-103
-110
-144
-75
-106
-76
-113
-95
-68
-97
-66
-96
-68
-105
-77
-103
-104
-110
-98
-95
-108
-108
-96
-71
-80
-88
-117
-94
-55
-48
-93
-106
-78
-176
-158
-143
-140
-121
-130
-98
-76
-81
-80
-108
-110
-93
-110
-95
-118
-121
-160
-165
-163
-179
-175
-145
-180
-141
-143
-184
-158
-126
-148
-204
-190
-188
-151
-160
-152
-166
-170
-150
-142
-140
-162
-202
-184
-128
-134
-130
-137
-127
-146
-129
-147
-136
-142
-164
-198
-183
-169
-181
-185
-194
-201
-156
-202
-209
-188
-194
-164
-190
-218
-224
-216
-249
-210
-217
-189
-220
-217
-227
-239
-199
-252
-233
-217
-181
-210
-219
-233
-208
-252
-235
-224
-249
-231
-210
-211
-198
-247
-251
-232
-248
-247
-221
-188
-225
-228
-233
-237
-262
-229
-209
-217
-204
-216
-178
-196
-199
-213
-222
-218
-237
-240
-256
-223
-226
-234
-224
-215
-199
-222
-214
-199
-193
-172
-155
-196
-198
-216
-162
-157
-164
-105
-154
-128
-126
-169
-156
-176
-162
-160
-197
-176
-207
-193
-184
-150
-163
-186
-177
-157
-157
-176
-161
-176
-167
-168
-171
-211
-227
-187
-181
-197
-224
-210
-231
-235
-227
-199
-162
-205
-224
-225
-230
-240
-263
-235
-237
-215
-237
-219
-210
-223
-200
-237
-202
-232
-226
-203
-227
-181
-172
-204
-220
-192
-203
-204
-210
-210
-186
-204
-228
-209
-221
-182
-201
-191
-174
-202
-224
-196
-207
-223
-217
-241
-168
-187
-142
-175
-188
-166
-139
-96
-112
-116
-89
-87
-92
-103
-121
-131
-112
-82
-94
-85
-95
-87
-79
-49
-70
-98
-67
-91
-84
-85
-110
-114
-139
-129
-115
-104
-116
-150
-160
-172
-141
-126
-169
-149
-108
-106
-103
-114
-84
-79
-134
-95
-85
-100
-124
-173
-164
-182
-205
-191
-160
-175
-154
-122
-137
-153
-154
-131
-122
-121
-98
-133
-124
-93
-113
-122
-131
-132
-136
-118
-113
-111
-86
-109
-115
-112
-131
-143
-132
-172
-127
-119
-186
-145
-159
-129
-124
-138
-151
-178
-175
-218
-206
-186
-195
-174
-192
-194
-150
-140
-181
-183
-210
-214
-224
-217
-266
-264
-244
-197
-193
-232
-206
-242
-221
-245
-246
-256
-245
-241
-274
-228
-236
-239
-199
-227
-197
-206
-205
-190
-186
-208
-249
-261
-266
-246
-261
-267
-286
-246
-246
-247
-268
-287
-277
-256
-235
-266
-261
-240
-227
-237
-233
-236
-235
-214
-171
-184
-230
-199
-223
-227
-262
-239
-209
-208
-203
-208
-225
-213
-204
-271
-227
-208
-215
-220
-238
-222
-193
-194
-215
-188
-175
-222
-207
-199
-204
-189
-201
-242
-240
-236
-245
-256
-244
-264
-280
-264
-293
-300
-266
-265
-217
-207
-213
-252
-294
-243
-264
-294
-256
-296
-271
-281
-279
-276
-295
-326
-363
-302
-345
-340
-278
-275
-324
-347
-311
-327
-299
-299
-295
-328
-306
-292
-373
-313
-351
-401
-366
-359
-355
-348
-293
-307
-321
-346
-323
-346
-348
-338
-318
-310
-343
-317
-351
-331
-296
-303
-316
-271
-303
-299
-269
-293
-244
-253
-253
-264
-265
-248
-203
-221
-249
-255
-207
-227
-183
-194
-211
-216
-241
-253
-244
-236
-239
-211
-193
-165
-156
-155
-203
-197
-170
-156
-174
-147
-206
-231
-221
-229
-256
-200
-177
-196
-202
-209
-194
-192
-218
-245
-229
-226
-207
-217
-202
-172
-224
-241
-263
-250
-298
-259
-236
-261
-256
-264
-267
-274
-235
-243
-262
-243
-228
-269
-257
-214
-256
-252
-276
-235
-230
-248
-236
-258
-252
-243
-222
-248
-231
-197
-182
-176
-198
-194
-219
