52
110
56
68
54
93
73
21
16
59
26
49
70
62
75
94
48
35
73
36
75
61
55
53
56
44
60
46
62
34
19
28
44
57
4
27
34
32
35
31
-5
-7
-7
-1
49
64
55
74
34
59
95
13
36
50
40
34
46
44
39
57
58
56
39
28
33
40
44
75
56
63
98
100
110
96
114
97
99
99
99
79
64
103
94
82
32
63
52
25
63
81
129
89
67
56
61
78
83
56
34
22
41
39
75
70
86
110
100
118
107
120
96
93
57
54
78
53
41
90
73
95
92
84
98
63
61
76
39
95
83
70
45
72
60
44
63
35
55
76
39
84
87
50
104
81
139
131
139
165
154
133
133
139
130
129
71
77
76
67
94
60
78
80
64
124
143
138
128
59
93
99
106
75
60
91
62
85
121
136
114
118
118
117
116
74
90
105
65
102
86
63
102
86
108
97
104
139
149
139
118
129
112
129
131
107
72
72
81
70
80
98
67
39
53
20
50
65
42
71
74
65
79
36
57
62
31
27
29
37
-4
44
81
98
64
58
31
48
69
52
93
45
40
66
30
34
40
11
39
6
6
-8
8
22
64
47
12
45
37
-7
31
26
3
28
-30
1
-15
32
12
23
44
6
34
-11
-13
5
31
32
-6
-23
4
-3
-46
3
12
6
4
35
-2
18
28
19
58
46
38
28
8
41
51
16
44
54
116
80
81
100
104
110
72
17
25
70
67
57
82
58
85
95
62
53
53
116
60
74
115
82
61
74
56
80
112
82
87
82
63
92
108
98
125
116
62
113
120
107
69
70
66
66
54
48
57
45
7
8
19
-35
-38
-25
-23
26
28
-22
-25
-32
-6
-8
7
20
-3
-15
-30
-50
-30
-55
-27
-44
-56
-68
-89
-70
-46
-60
-78
-17
-13
-36
-75
-68
-45
-78
-85
-95
-111
-61
-78
-96
-66
-24
-21
-96
-69
-75
-60
-36
-63
-103
-46
-9
-63
-54
-75
-57
-73
-34
-29
15
3
-20
-24
0
-17
-58
-11
-54
-7
-47
-60
-65
-14
0
6
-18
-20
-25
-15
6
-9
20
-21
10
24
28
11
27
23
-21
-2
13
13
45
26
6
23
65
33
29
47
21
35
62
33
14
-5
18
32
11
-6
-23
10
27
8
24
34
17
5
42
62
-2
9
-13
-27
-20
-22
3
-22
-6
-20
-27
3
14
28
14
-40
-5
-42
-74
-40
-43
-85
-89
-17
-29
-21
-25
-52
-26
-64
-88
-64
-91
-89
-101
-110
-111
-102
-107
-118
-83
-120
-137
-115
-166
-130
-122
-165
-70
-60
-128
-90
-88
-126
-96
-117
-117
-93
-63
-107
-89
-81
-115
-96
-85
-100
-123
-114
-112
-108
-73
-74
-94
-73
-93
-58
-44
-41
-8
-6
-36
-33
-8
-12
5
40
27
32
90
53
2
-21
-9
41
12
14
29
63
42
6
21
49
62
70
32
0
54
19
42
82
54
25
18
38
19
7
-8
58
61
13
-9
12
3
12
-42
-30
-32
-19
-7
-35
-5
-44
-72
-42
-51
-41
-26
-3
-47
-77
-25
-48
-22
-26
-68
-47
-90
-41
-11
-73
-20
-35
-65
-41
-52
-58
-31
-63
-38
-29
-19
-28
-53
-55
-58
-106
-58
-54
-76
-59
-46
-44
-91
-69
-69
-52
-87
-77
-75
-64
-70
-95
-80
-49
-65
-100
-53
-89
-104
-115
-99
-79
-81
-87
-70
-111
-95
-96
-131
-77
-126
-126
-136
-161
-155
-143
-104
-131
-108
-87
-91
-79
-114
-95
-94
-141
-129
-103
-117
-110
-114
-97
-85
-79
-108
-74
-103
-141
-44
-74
-89
-68
-88
-92
-76
-65
-85
-109
-100
-91
-50
-45
-62
-42
-52
-52
-49
-69
-81
-81
-67
-99
-64
-49
-55
-56
-61
-95
-116
-46
-58
-66
-48
-83
-98
-60
-91
-107
-108
-61
-81
-77
-52
-57
-45
-70
-81
-77
-92
-70
-39
-64
-46
-84
-63
-58
-65
-99
-88
-70
-90
-123
-124
-135
-161
-111
-100
-122
-92
-139
-134
-89
-119
-99
-121
-126
-76
-95
-113
-117
-110
-129
-132
-150
-160
-135
-112
-102
-93
-84
-66
-67
-95
-93
-94
-99
-82
-101
-70
-129
-124
-101
-119
-132
-120
-103
-123
-85
-82
-53
-69
-77
-76
-76
-75
-72
-82
-94
-100
-106
-90
-91
-74
-96
-101
-97
-139
-102
-93
-122
-82
-115
-72
-64
-85
-36
-54
-89
-90
-58
-57
-69
-74
-62
-58
-92
-56
-91
-113
-76
-111
-124
-56
-98
-124
-84
-68
-100
-124
-97
-151
-105
-115
-106
-56
-74
-75
-87
-81
-107
-81
-63
-72
-63
-26
-67
-74
-92
-90
-43
-52
-52
-36
-21
-33
-13
-55
-17
-70
-30
-21
-55
-25
-70
-47
-59
-20
-32
-82
-85
-91
-85
-76
-84
-80
-85
-18
-21
-76
-71
-32
-65
-108
-47
-29
-35
-42
-26
-105
-67
-84
-101
-69
-101
-79
-74
-63
-54
-41
-81
-67
-76
-102
-94
-83
-102
-87
-89
-132
-83
-82
-103
-100
-127
-112
-95
-133
-86
-115
-121
-122
-145
-120
-140
-135
-129
-116
-139
-97
-136
-110
-95
-117
-83
-137
-156
-122
-111
-113
-76
-120
-113
-131
-164
-138
-167
-182
-136
-143
-129
-129
-151
-132
-155
-125
-105
-128
-126
-157
-113
-99
-104
-61
-50
-78
-81
-71
-68
-54
-70
-57
-46
-68
-43
-4
-14
-13
-18
-76
-86
-28
-16
-17
-1
-3
48
47
-15
27
-7
-5
19
1
6
3
-1
25
0
20
24
29
79
26
-7
16
31
-3
-22
37
40
-14
2
11
-13
-12
13
-40
-25
-2
0
-33
-16
-40
-42
2
-20
-5
12
-19
-20
-19
-65
-23
-18
-25
-6
-26
-27
-55
-53
18
-15
-5
-5
-42
-12
13
-32
-31
-26
-39
-24
-45
-40
-34
-47
-36
-42
-46
13
-28
-25
-43
-63
-12
-92
-80
-81
-47
-25
-25
-31
-54
-52
-48
-54
-90
-42
-33
-39
-50
2
13
-24
11
-62
-27
-25
-32
-35
-63
-28
-13
-50
-44
-2
-42
-23
-34
-42
-28
-86
-65
-55
-53
-52
-45
-10
-67
-43
7
-39
-22
-31
-55
-54
-29
-42
-36
-28
-44
-27
-40
-40
-21
38
35
48
22
-25
-14
9
29
14
5
29
26
-6
4
37
33
30
-11
7
29
35
41
-1
-3
17
51
-6
12
17
-6
-11
-31
-4
11
-11
18
7
-16
-39
-49
-39
-82
-46
-39
-39
-69
-30
-32
8
26
-24
-27
-3
-27
-18
7
-38
3
-7
4
-15
-81
-41
-35
-26
15
-40
-37
9
-29
-36
-15
-46
-53
-76
-52
-55
-33
-64
-87
-81
-65
-38
-70
-34
-5
-12
-36
-43
-54
-57
-49
-38
-53
-36
-75
-93
-80
-60
-74
-80
-89
-72
-82
-96
-23
-48
-56
-60
-22
-30
-29
-40
-32
-10
-42
-26
-54
-59
-21
-47
-50
-15
-14
1
5
18
37
48
25
70
47
43
-3
18
37
0
12
-13
18
-16
5
62
68
71
58
67
34
24
40
41
22
13
54
67
42
26
72
67
14
73
96
60
53
9
-7
50
58
56
31
-9
25
-6
24
4
15
43
-11
-19
-19
-16
5
29
4
-6
37
-3
-19
-29
-6
-8
-3
-7
-63
-55
-42
-60
-73
-107
-104
-79
-99
-86
-132
-103
-95
-108
-105
-147
-196
-164
-139
-169
-143
-119
-152
-133
-130
-149
-121
-143
-164
-167
-211
-148
-160
-129
-120
-129
-78
-89
-83
-91
-99
-88
-85
-85
-40
-87
-69
-85
-87
-93
-69
-49
-55
-65
-37
-49
-82
-11
-6
4
-40
-6
36
10
21
7
-27
-4
-20
20
-1
-8
13
-3
11
35
8
3
74
69
44
30
47
74
73
84
90
105
114
101
94
104
119
47
69
98
92
99
100
133
79
87
81
89
135
105
97
156
148
90
114
97
89
80
65
87
65
82
81
67
97
68
72
66
57
63
93
23
-1
25
27
13
47
39
40
40
57
71
59
75
30
62
17
41
33
49
40
-23
30
17
16
-16
-45
-26
-52
-70
-25
-58
-38
-27
-77
-37
-79
-66
-96
-24
-57
-81
-28
-87
-88
-100
-39
-56
-67
-73
-79
-73
-77
-52
-68
-65
-66
-69
-62
-50
-10
-50
-97
-65
-49
-60
-52
-66
-84
-87
-56
-62
-63
-39
-97
-65
-39
-24
-61
-87
-67
-118
-89
-47
-87
-81
-119
-110
-93
-85
-28
-16
-50
-48
-60
-38
-23
-86
-61
-56
-41
-57
-69
-87
-15
-60
-102
-66
-47
-52
-65
-62
-51
7
-60
-26
-3
-71
-44
-72
-78
-52
-45
-37
7
-63
-8
1
18
6
-34
19
-28
-51
-18
6
-18
-31
-38
-27
-38
-49
-56
25
35
-2
-13
-41
-63
-39
-60
-54
-86
-80
-102
-110
-70
-50
-49
-38
15
-23
-7
22
9
-21
-7
39
11
-2
2
-5
22
12
-7
11
-2
-33
11
18
10
-22
-30
-46
-12
19
-42
-39
-33
-17
-42
-37
-33
-67
-61
-52
-26
-27
-36
-96
-64
-71
-67
-49
-64
-48
-30
-21
-65
-74
-54
-34
-26
-69
-57
-37
-36
-23
-36
-26
34
8
-24
-24
-54
-20
-52
-36
-44
-46
-37
-36
-62
-86
-114
-84
-41
-41
-26
-73
-80
-82
-60
-50
-61
-51
-90
-85
-69
-73
-99
-85
-51
-77
-73
-78
-126
-107
-71
-64
-43
-51
-22
-27
-14
-20
-9
2
39
54
18
56
34
15
23
43
55
44
70
44
38
40
52
78
46
43
58
53
54
18
31
17
19
19
15
39
32
36
13
2
6
24
34
54
16
-5
12
65
48
8
0
66
40
-17
30
6
47
31
35
8
8
16
-9
-9
15
-24
-18
12
-19
-33
-36
-76
-96
-72
-104
-116
-94
-119
-125
-107
-139
-109
-73
-103
-162
-111
-106
-83
-117
-180
-173
-168
-135
-146
-101
-139
-135
-157
-148
-168
-106
-135
-159
-123
-152
-146
-127
-104
-142
-110
-139
-120
-161
-164
-137
-113
-154
-169
-137
-160
-125
-93
-117
-121
-103
-147
-135
-105
-73
-126
-131
-96
-121
-132
-133
-106
-141
-121
-111
-90
-81
-112
-58
-70
-72
-59
-61
-74
-51
-13
-33
-55
-25
-34
-46
-27
-13
-13
6
-3
35
11
21
45
4
50
48
40
69
43
38
60
23
85
48
66
105
90
116
70
72
62
62
79
41
23
18
31
63
42
79
57
42
38
37
30
29
54
43
17
-2
-38
-45
-31
-15
-13
16
-17
-30
18
-44
-42
-33
-22
-10
-32
-2
-20
25
-21
-9
15
-12
-16
-67
-42
-43
-41
-25
-40
-75
-88
-68
-95
-74
-47
-69
-57
-110
-103
-100
-77
-122
-55
-29
-48
-38
-79
-67
-66
-75
-80
-120
-91
-86
-101
-59
-132
-148
-108
-81
-143
-115
-134
-150
-108
-90
-107
-109
-114
-130
-111
-65
-86
-79
-36
-64
-69
-135
-137
-84
-90
-105
-107
-108
-122
-84
-71
-83
-66
-65
-50
-64
-49
-26
-36
-54
-6
-58
-65
-19
6
-5
-16
6
-10
-20
-32
-17
-46
-24
-15
-86
-23
-57
-47
-19
-51
-20
-36
-24
-52
-38
-28
-51
-60
-92
-65
-38
-76
-68
-48
-50
-42
-84
-57
-82
-63
-18
-31
-16
-4
-14
-32
-57
-91
-48
-57
-40
-52
-76
-51
-68
-71
-21
-30
-15
-31
-33
-45
-12
22
-34
-26
-5
-19
-44
-30
-46
-52
-13
-19
-91
-104
-70
-50
-49
-41
-16
-96
-65
-50
-67
-15
-41
-61
-28
-45
-52
-19
-60
-72
-78
-77
-6
-46
-72
-34
-77
-60
-19
17
-6
29
23
0
59
15
-11
5
3
-30
-9
-6
14
37
20
12
-13
-14
-17
-34
-60
-18
-10
-4
-25
-35
-18
-6
-43
-27
29
11
12
13
34
57
-28
-2
-24
-34
-37
-35
-7
-35
4
-3
-17
-12
12
-12
-26
-68
-57
-35
-30
-26
-20
-6
-11
-13
-60
-58
-60
-71
-64
-49
-51
-102
-50
-38
-45
-42
-71
-63
-108
-67
-79
-66
-78
-96
-82
-102
-97
-102
-95
-70
-58
-36
-77
-146
-78
-94
-144
-149
-124
-156
-138
-143
-156
-137
-167
-116
-131
-117
-106
-87
-108
-82
-83
-110
-84
-42
-61
-128
-56
-82
-88
-100
-82
-130
-121
-127
-135
-204
-188
-90
-124
-111
-99
-76
-75
-92
-155
-110
-87
-134
-129
-104
-73
-89
-119
-64
-28
-73
-53
-31
4
-10
-12
-56
-35
-56
-37
-44
-69
-30
-30
-30
-56
-76
-51
-31
-38
13
21
-15
-48
12
-69
-7
7
6
38
1
42
56
21
12
8
-13
-17
-45
0
23
11
-6
11
1
-13
14
15
47
37
28
54
26
25
91
43
9
45
28
2
17
13
-36
9
-31
9
25
-26
-2
22
2
39
15
5
-12
-23
-13
-49
-77
-61
-28
-29
-19
-54
-69
-76
-65
-116
-92
-100
-57
-83
-54
-44
-65
-64
-81
-45
-123
-85
-114
-119
-89
-88
-119
-134
-127
-165
-167
-161
-113
-138
-108
-162
-136
-95
-133
-74
-149
-158
-152
-153
-135
-126
-104
-149
-109
-160
-140
-130
-140
-94
-146
-60
-99
-99
-62
-80
-116
-77
-82
-96
-56
-92
-89
-90
-85
-138
-85
-86
-96
-116
-57
-55
-78
-86
-70
-63
-152
-135
-115
-109
-125
-98
-64
-96
-114
-74
-114
-94
-97
-97
-76
-99
-117
-84
-70
-131
-125
-126
-126
-76
-112
-115
-116
-115
-84
-59
-58
-112
-114
-78
-43
-102
-43
-64
-77
-58
-113
-106
-115
-107
-106
-89
-42
-37
-63
-72
-68
-55
-35
-8
-10
-13
-8
-36
9
-45
-26
-10
-24
-24
-25
-13
-34
-13
1
8
-5
-22
2
17
-24
14
1
-27
-16
-38
-57
-23
-56
-45
-31
-36
-62
-70
-64
-55
-24
-27
-26
-49
-38
-33
-31
10
-41
-59
-55
-74
-85
-101
-118
-67
-33
-29
-2
-13
-62
-36
3
-53
-44
-46
-25
-16
-22
-26
-29
-15
-44
-32
-24
-47
-32
-41
-42
-53
-18
-29
-26
-49
-66
-49
-57
-29
-48
-65
-72
-15
-44
-55
-28
-62
-53
3
-16
-27
-4
0
11
-12
5
11
25
11
40
31
-11
9
20
44
37
21
53
-4
80
81
44
49
44
22
42
52
30
45
39
39
-3
29
31
-5
42
39
-13
5
-24
-16
16
-1
-14
-49
-24
-42
-67
-65
-60
-22
-63
-4
-8
-72
-63
-89
-84
-101
-77
-86
-77
-76
-110
-64
-119
-110
-88
-93
-43
-30
-62
-32
-33
-55
-89
-42
-56
-66
-90
-113
-97
-95
-76
-90
-77
-52
-115
-148
-102
-70
-104
-81
-84
-82
-67
-30
-33
-19
-48
-68
-86
-48
-49
-118
-97
-85
-41
-32
-31
-25
-25
-66
-10
33
-10
25
69
22
16
13
60
24
14
16
10
22
18
18
75
70
-6
39
21
69
51
35
43
43
33
23
29
23
51
3
34
38
57
37
-5
52
105
92
42
91
68
39
69
32
32
108
84
85
92
107
107
66
113
53
66
101
91
49
81
65
81
110
88
100
90
70
78
59
35
77
96
77
64
101
46
29
51
46
39
41
17
43
61
11
34
40
48
48
15
7
-42
-17
-2
15
30
21
64
34
-23
15
19
18
19
-15
-1
-37
-26
-12
-16
-18
-16
27
-16
-7
0
-3
3
13
-54
-61
-70
-80
-63
-59
-33
-51
-61
-40
-36
-18
-29
-32
32
-33
-19
13
-26
-10
35
-8
-21
9
-12
-13
-14
-59
-73
-29
-33
-12
-18
-31
-30
1
4
24
5
-38
2
-23
-20
-8
-26
29
-66
-89
-69
-96
-15
-43
-44
-29
-35
-59
-87
-39
-49
-64
-49
-30
-66
-83
-19
-40
-46
11
-17
4
30
-9
-46
-37
-64
-37
7
6
-20
-24
-44
-9
-7
-74
-24
-41
-44
-24
-67
-49
-29
-57
-59
-69
-71
-61
-55
-19
-14
-37
-63
-66
-49
-42
-78
-65
-28
-38
-50
-50
-21
-74
-52
-54
-22
-59
-88
4
6
3
-11
-16
17
-1
-9
11
12
67
70
41
69
73
31
58
34
6
16
-11
-3
40
38
49
40
49
82
25
27
36
44
42
14
85
83
44
0
-7
42
17
65
43
16
72
45
44
41
36
39
-1
23
3
16
78
78
85
82
48
67
4
10
60
52
48
-4
32
15
51
29
53
35
-10
9
-16
-44
-25
19
46
35
31
17
37
32
47
34
48
16
-7
62
-17
16
56
21
56
20
25
54
31
46
49
25
30
41
32
54
69
37
44
92
50
60
27
43
42
27
38
28
72
80
47
53
54
51
43
42
78
43
27
84
61
56
82
90
72
95
91
72
62
90
75
50
95
77
88
75
106
63
51
73
45
57
19
22
-14
39
45
45
31
36
-20
-7
16
-1
10
3
6
-29
-23
-33
12
26
3
-23
-35
20
-26
-28
-1
13
3
-38
8
3
-39
-17
60
62
22
57
23
26
9
32
42
70
104
47
79
35
4
95
84
52
87
84
93
60
106
128
127
105
123
160
116
105
77
105
133
152
193
190
196
195
168
199
149
169
149
156
160
137
194
203
190
131
149
178
163
165
200
162
181
166
140
146
171
181
152
136
147
179
174
119
138
165
146
134
117
113
115
118
102
131
88
81
155
116
70
43
51
100
60
87
67
101
84
33
85
85
87
99
98
112
54
64
38
34
56
18
34
14
62
11
-14
-6
10
-4
-7
37
-11
13
6
4
-1
2
39
42
58
83
77
51
40
44
57
41
34
58
74
66
43
56
96
20
43
39
16
62
66
37
42
1
-1
55
46
16
-25
26
32
20
2
4
21
-21
-12
-19
47
9
-4
29
36
28
10
69
32
14
2
-3
-1
13
17
-23
-27
15
-41
-21
7
-7
19
-7
24
-1
22
10
14
40
47
41
6
24
-15
20
35
31
22
-5
56
40
-4
10
-4
1
34
28
42
17
48
76
43
31
61
67
16
24
57
33
10
32
10
43
-1
-21
-14
1
8
-9
-14
-4
13
21
55
45
-1
56
69
18
67
54
58
68
91
73
61
24
65
49
43
73
46
108
91
74
41
40
30
86
74
95
57
75
68
47
55
43
59
74
38
82
64
3
66
44
68
40
46
25
50
-5
-3
27
10
16
28
54
65
57
65
71
79
84
80
76
75
67
48
60
51
32
35
27
46
57
39
53
23
41
39
33
32
54
64
2
34
21
45
40
6
50
30
56
57
71
109
58
67
39
38
106
96
74
63
64
57
91
20
28
66
57
85
67
99
70
63
76
65
52
56
100
83
67
48
93
89
64
112
95
137
139
136
66
49
124
112
89
115
84
131
105
118
104
105
116
75
100
101
124
116
115
109
105
138
134
124
125
132
132
118
100
53
75
98
105
116
97
100
85
117
124
63
122
134
88
90
74
94
85
91
88
82
51
59
63
33
49
46
59
70
52
35
14
2
24
59
17
40
76
17
29
42
128
55
15
36
62
31
57
66
68
40
65
73
11
58
29
57
56
29
37
41
44
19
44
87
52
18
49
77
39
62
85
57
48
74
84
67
80
48
93
85
69
73
35
82
74
35
70
75
84
60
72
93
105
104
89
94
43
82
100
88
80
96
102
85
101
96
84
75
114
103
125
89
95
116
92
87
116
86
92
96
132
116
61
134
102
123
124
117
135
126
66
111
99
81
80
53
60
18
32
-5
41
34
10
70
29
74
-3
3
16
14
49
31
62
-6
13
-39
-37
-47
12
6
-59
-39
-46
-16
-49
-4
-10
-29
-42
-48
20
-17
-2
2
-36
-10
4
42
16
3
-11
-45
-18
10
17
49
40
37
34
43
0
-22
14
-6
-31
-17
26
-4
29
17
8
16
7
17
29
31
35
24
32
68
76
94
31
75
44
48
42
44
86
53
99
61
74
99
109
113
125
117
99
118
76
83
108
89
88
90
76
59
55
44
52
62
77
76
65
71
63
70
39
77
70
46
82
80
96
91
85
72
39
48
79
21
26
53
33
6
20
27
10
-10
-22
-45
-16
-19
-16
1
-8
-4
6
18
6
-39
-77
-42
-38
-52
-15
-17
-31
11
12
-24
-43
-39
-41
-73
-63
-59
-46
-27
-10
-30
-29
17
-8
-40
-26
-18
-46
-24
-32
-25
12
-25
-34
-32
-33
-1
-21
-17
-11
-10
-24
-14
-4
-44
-67
-16
-28
-62
-33
-6
-35
-67
-28
-22
-17
-39
-22
-23
-21
-21
-10
-13
-53
-63
-54
-35
-21
-27
-40
-37
12
-11
-15
7
-24
-47
-31
-29
-52
-10
-23
-38
-56
-11
-33
-60
-13
-12
-14
-11
22
-14
-2
15
-7
-10
19
9
6
17
40
46
16
-20
-22
12
-25
-4
11
-7
-18
-28
6
7
-11
-37
-44
-62
-25
-61
-56
-12
-57
-60
-56
-66
-67
-67
-52
-34
-31
-39
-51
-42
-49
-13
-44
-47
-22
-18
-36
-52
17
-27
-70
-46
-31
-41
-30
-44
-43
-69
-102
-45
9
-32
-28
-6
-59
-80
-94
-67
-52
-48
-66
-51
-30
-37
-48
-68
-64
-65
-74
-37
-56
-69
-17
-68
-73
-14
-26
-59
-62
-50
-85
-48
-96
-75
-20
-75
-72
-78
-74
-36
-56
-27
-64
-65
-53
-35
-78
-66
-71
-88
-64
-88
-81
-49
-18
-44
-87
-118
-111
-69
-66
-27
-35
-10
-53
-41
7
-30
-6
-34
-32
-18
-23
-38
-8
-60
-26
-16
-77
-65
-54
-39
-58
-38
-46
-9
-35
-27
-42
-91
-38
-54
-58
-46
-50
-31
1
17
-10
-11
-14
3
-13
-59
-40
-2
-13
-32
-17
-38
-18
-41
-77
-17
-51
-64
-44
-8
-64
-64
-65
-77
-51
-50
-85
-85
-82
-96
-61
-64
-56
-57
-71
-93
-80
-64
-105
-128
-87
-41
-58
-65
-110
-85
-85
-92
-68
-156
-75
-90
-93
-84
-114
-125
-138
-112
-102
-98
-101
-116
-141
-77
-130
-105
-88
-57
-52
-54
-78
-89
-58
-124
-102
-82
-57
-72
-70
-52
-82
-100
-92
-113
-105
-73
-76
-83
-50
-67
-83
-47
-72
-30
-65
-65
0
-23
-26
-52
-71
-15
-24
-44
-34
-21
-36
-43
-56
-27
-65
-76
-70
-57
-28
-33
16
51
14
-17
-10
-29
-30
11
-22
-29
-31
-64
-17
-73
-47
-58
-101
-69
-73
-55
-51
-94
-68
-60
-92
-22
-12
-44
-58
-57
-71
-45
-67
-23
-51
-34
-14
-33
-41
-28
-36
-94
-49
-48
-49
-35
-19
-41
-35
-44
-6
-8
-7
-15
-27
-36
-83
-81
-82
-59
-61
-44
-43
-35
-47
-50
-71
-39
-30
-47
-16
-53
-71
-68
-54
-23
-23
-41
-62
-60
-57
-61
-53
-51
-42
-17
-23
-47
-29
-49
-43
-51
-35
-18
-41
-26
-44
-26
-63
-51
-38
-31
-10
-22
-19
-36
-37
-5
-57
-83
-59
-66
-43
-32
-30
-54
-55
-49
-49
-53
-10
-10
-21
-9
-36
-18
-51
-49
-34
-64
20
-6
-25
-23
-47
-44
-28
-51
-57
-5
-10
-13
23
14
33
28
-9
8
-47
-18
13
-35
-14
23
13
37
3
7
72
29
34
60
16
-8
55
34
27
4
26
0
0
-9
29
39
-24
-2
6
-5
-2
15
18
69
37
62
47
80
63
66
98
63
75
44
52
13
56
63
62
78
25
43
5
-11
19
-17
-8
32
9
22
43
44
54
47
33
57
66
16
20
36
1
42
0
5
71
11
37
47
-3
27
20
4
26
28
18
43
24
17
65
40
79
58
70
44
49
29
17
56
87
74
112
117
66
84
99
103
109
102
31
49
34
107
69
87
90
51
46
12
57
36
21
27
2
52
90
100
81
57
67
49
65
45
64
67
71
42
11
14
46
69
39
59
44
45
90
31
67
66
79
104
74
99
79
37
28
55
75
88
78
112
114
120
103
100
136
86
122
95
122
111
97
107
110
122
156
135
114
109
110
105
83
86
76
84
131
123
104
107
106
101
120
104
95
129
109
106
88
83
86
70
65
62
101
94
52
108
69
103
128
97
110
87
67
63
96
89
46
77
87
64
77
56
67
55
54
54
82
79
74
114
64
82
77
89
62
47
26
8
18
45
64
63
51
72
55
39
38
62
58
53
60
52
50
44
90
53
54
39
59
62
57
114
110
71
46
96
91
24
74
60
86
71
81
58
54
112
81
92
72
83
89
103
104
73
59
102
59
69
117
49
74
94
87
88
67
113
113
46
58
44
-13
18
22
21
-4
-12
19
29
11
27
45
2
10
0
-12
33
49
-7
2
34
14
46
20
4
67
25
19
31
0
57
14
18
53
2
35
23
13
23
22
9
21
54
55
27
12
23
43
49
35
21
35
57
73
70
88
64
91
99
57
55
94
97
57
85
71
91
103
103
78
77
70
58
60
76
73
51
74
86
101
113
139
74
73
82
64
62
70
136
106
83
85
118
100
67
68
94
76
40
63
79
92
68
52
56
27
31
49
101
93
40
65
100
56
66
59
26
57
8
39
28
-18
17
74
53
26
44
9
67
45
45
23
34
63
75
70
54
-2
-25
-16
-26
-21
-21
6
-30
-25
10
-8
-34
-24
-22
14
-31
-49
-15
-30
-23
13
-19
-38
-28
15
8
-33
-39
-51
-34
-25
-37
-47
-3
-8
-18
-19
30
53
26
38
2
-7
-18
-14
11
-17
-32
-5
16
13
-19
-26
15
17
4
-12
-10
-21
31
19
35
75
12
-2
-39
-14
14
32
15
-7
22
-12
-5
9
-1
38
25
27
13
-27
-2
-13
-17
-12
-7
-40
13
25
19
33
2
-1
29
47
26
7
25
43
38
42
44
67
14
13
18
15
30
-19
30
48
25
-1
2
-7
-47
-35
-49
-34
-14
-44
-39
-61
-44
-19
-43
-24
-62
-35
-43
-56
-49
-57
-61
-69
-57
-56
-61
-59
-54
-81
-88
-93
-51
-42
-82
-60
-81
-88
-81
-72
-53
-53
-72
-94
-26
-43
-84
-115
-66
-95
-82
-49
-84
-92
-80
-102
-102
-104
-86
-64
-74
-55
-103
-49
-50
-50
-71
-69
-51
-85
-87
-86
-100
-101
-80
-125
-106
-88
-79
-91
-110
-100
-118
-116
-75
-67
-63
-84
-98
-96
-66
-89
-30
-34
-49
-33
-21
-28
-37
-31
-78
-63
-53
-37
-69
-82
-85
-70
-91
-35
-69
-95
-87
-93
-61
-103
-104
-110
-95
-94
-71
-71
-68
-94
-95
-65
-69
-68
-96
-99
-52
-75
-88
-124
-93
-102
-110
-120
-119
-119
-105
-85
-133
-138
-138
-106
-114
-83
-102
-119
-101
-106
-104
-120
-112
-128
-159
-81
-128
-131
-113
-117
-89
-152
-135
-147
-135
-157
-113
-114
-131
-95
-106
-138
-122
-109
-119
-91
-88
-63
-83
-111
-104
-77
-86
-77
-89
-40
-58
-58
-42
-59
-40
-3
-18
-39
-33
-70
-36
-58
-99
-42
-46
-74
-73
-61
-51
-49
-62
-47
-86
-62
-53
-92
-65
-116
-92
-95
-84
-62
-56
-61
-57
-31
-66
-57
-72
-90
-27
-11
-46
-82
-53
-71
-62
-75
-69
-35
-40
-10
-18
-20
9
-20
-19
-9
-65
-61
-49
-60
-52
-62
-77
-49
-54
-64
2
-2
-38
-11
-50
-14
-25
-40
-35
-52
-69
-58
-72
-67
-95
-68
-44
-93
-46
-72
-90
-105
-102
-67
-53
-69
-83
-105
-90
-110
-112
-85
-98
-90
-97
-113
-121
-92
-87
-90
-70
-71
-104
-112
-89
-103
-89
-106
-134
-129
-130
-128
-159
-98
-90
-154
-147
-132
-132
-141
-131
-149
-120
-99
-149
-148
-154
-135
-122
-144
-146
-112
-96
-125
-144
-121
-91
-124
-113
-118
-101
-86
-96
-69
-105
-99
-81
-135
-106
-105
-106
-110
-91
-112
-92
-75
-61
-77
-128
-108
-148
-88
-100
-151
-55
-110
-136
-137
-109
-100
-63
-104
-125
-66
-100
-120
-116
-79
-70
-79
-57
-91
-95
-46
-58
-48
-73
-51
-55
-62
-72
-43
-26
-15
-47
-92
-96
-79
-79
-89
-88
-107
-106
-70
-60
-113
-76
-79
-70
-69
-100
-121
-156
-85
-98
-122
-118
-112
-155
-161
-91
-129
-110
-106
-122
-94
-112
-121
-151
-146
-100
-119
-115
-126
-118
-65
-110
-126
-99
-122
-88
-42
-106
-68
-82
-130
-113
-105
-78
-86
-71
-107
-81
-61
-85
-115
-123
-147
-94
-78
-104
-85
-84
-94
-119
-102
-104
-110
-148
-103
-110
-117
-131
-117
-108
-130
-94
-123
-145
-155
-136
-135
-109
-120
-153
-183
-110
-144
-195
-172
-158
-109
-140
-125
-161
-172
-135
-128
-127
-146
-112
-116
-66
-84
-68
-94
-118
-129
-136
-124
-140
-151
-151
-188
-156
-181
-195
-188
-173
-157
-167
-145
-172
-138
-115
-152
-162
-161
-170
-133
-177
-162
-129
-172
-144
-136
-137
-143
-159
-132
-128
-117
-116
-126
-97
-163
-152
-92
-113
-137
-113
-91
-90
-79
-68
-90
-108
-95
-60
-58
-116
-80
-113
-122
-123
-132
-117
-127
-104
-89
-120
-78
-117
-149
-114
-138
-141
-125
-95
-72
-100
-111
-102
-87
-140
-124
-92
-89
-92
-88
-135
-173
-159
-122
-70
-120
-115
-97
-137
-113
-120
-137
-93
-100
-126
-105
-129
-92
-80
-122
-108
-126
-121
-109
-116
-130
-113
-105
-87
-73
-97
-78
-123
-111
-100
-113
-133
-140
-101
-107
-129
-108
-113
-121
-90
-97
-66
-71
-97
-115
-105
-78
-123
-104
-106
-111
-90
-105
-91
-100
-67
-79
-93
-93
-130
-100
-146
-105
-119
-139
-110
-151
-128
-119
-150
-149
-133
-138
-143
-119
-167
-190
-165
-154
-155
-220
-196
-167
-198
-159
-179
-206
-157
-160
-150
-182
-202
-127
-142
-162
-164
-203
-135
-138
-176
-174
-151
-200
-185
-178
-216
-164
-182
-203
-186
-179
-178
-167
-145
-174
-171
-168
-155
-162
-171
-159
-180
-134
-156
-169
-209
-174
-120
-136
-156
-157
-150
-144
-206
-181
-148
-186
-107
-158
-218
-202
-243
-173
-135
-123
-149
-154
-136
-142
-140
-100
-142
-116
-107
-174
-112
-126
-103
-139
-105
-120
-156
-109
-92
-163
-180
-135
-144
-114
-131
-107
-107
-108
-120
-75
-71
-92
-63
-63
-73
-69
-114
-103
-103
-157
-181
-173
-108
-102
-88
-104
-63
-96
-103
-65
-101
-80
-110
-81
-92
-115
-102
-81
-79
-86
-98
-77
-79
-84
-104
-87
-47
-54
-68
-76
-47
-68
-75
-111
-93
-68
-75
-97
-76
-74
-95
-48
-69
-61
-89
-80
-103
-133
-74
-86
-82
-70
-17
-53
-64
-54
-96
-53
-101
-75
-11
-56
-51
-62
-52
-49
-59
-71
-59
-52
-71
-44
-76
-95
-104
-65
-68
-70
-69
-75
-70
-76
-93
-87
-70
-65
-96
-92
-30
-92
-107
-85
-95
-105
-75
-114
-104
-100
-102
-108
-90
-90
-103
-85
-114
-115
-103
-94
-129
-69
-65
-60
-58
-67
-47
-52
-43
-41
-89
-55
-62
-47
-41
-74
-44
-64
-29
-15
-37
-50
-28
34
27
-32
-10
-19
-19
-41
-44
-51
-37
2
-32
-35
-10
-43
-61
-69
-66
-47
-87
-88
-92
-59
-63
-88
-49
-42
-23
-25
-26
-53
-121
-77
-66
-68
-102
-129
-97
-97
-81
-90
-33
-66
-84
-94
-76
-63
-147
-129
-117
-96
-142
-139
-101
-83
-90
-120
-123
-132
-134
-147
-177
-198
-194
-124
-150
-165
-180
-208
-163
-229
-221
-263
-253
-212
-191
-195
-190
-151
-138
-150
-168
-136
-155
-182
-157
-160
-165
-149
-167
-193
-153
-173
-172
-129
-158
-222
-173
-172
-216
-185
-192
-194
-166
-152
-136
-169
-172
-165
-177
-145
-149
-145
-126
-146
-109
-140
-157
-163
-171
-162
-159
-120
-163
-182
-183
-171
-139
-158
-145
-168
-143
-129
-156
-119
-133
-138
-145
-145
-159
-157
-129
-142
-128
-99
-90
-150
-140
-124
-105
-104
-87
-75
-91
-63
-112
-103
-62
-95
-68
-32
-41
-83
-56
-44
-95
-105
-72
-39
-19
-59
-31
-69
-74
-21
-42
-71
-46
-52
-34
-20
-15
-20
-39
-11
-39
-45
-74
-51
-18
-61
-65
-46
-34
-34
-47
-20
-69
-62
-54
-69
-50
-40
-60
-46
-22
-3
-3
-36
-10
-13
-44
-59
-18
-50
-87
-64
-75
-121
-113
-117
-143
-88
-118
-108
-119
-183
-138
-166
-151
-154
-156
-121
-135
-134
-126
-105
-137
-96
-134
-119
-102
-89
-120
-73
-88
-118
-129
-82
-56
-80
-65
-53
-1
-25
-26
-86
-33
-37
-33
-59
-51
-78
-103
-144
-140
-138
-102
-88
-107
-113
-149
-124
-180
-194
-155
-99
-141
-154
-100
-124
-155
-131
-96
-113
-122
-118
-79
-58
-90
-32
-26
-58
-91
-56
-19
-14
-33
-65
-18
-7
-27
-78
-72
-20
-45
-87
-113
-125
-142
-165
-179
-245
-320
-360
-444
-570
-954
-1760
-2064
-2310
-2684
-3338
-4377
-4886
-5380
-5618
-6002
-6487
-6715
-6833
-6455
-6161
-5739
-5130
-4598
-3824
-2949
-2037
-810
98
1015
2023
2956
4061
5192
6125
6762
7398
8279
9276
9847
10131
10581
10678
10691
10535
10237
9832
8797
7683
6469
5337
4133
2577
980
-746
-2040
-3045
-4162
-5235
-6245
-6877
-7240
-7592
-7641
-7644
-7690
-7669
-7413
-6930
-6551
-6206
-5834
-5287
-4802
-4155
-3272
-2470
-1734
-1008
-23
1041
2079
3113
3765
4528
5321
6062
6739
6888
6997
6985
6803
6586
6159
5649
4945
4121
3313
2581
1957
1073
231
-530
-1408
-1990
-2555
-3311
-4145
-4908
-5509
-6163
-6850
-7581
-8320
-9064
-9696
-10189
-10704
-11015
-11368
-11473
-11342
-11078
-10520
-9936
-9227
-8405
-7400
-6176
-4967
-3769
-2592
-1261
126
1430
2774
3999
5179
6433
7674
8871
10019
11169
12251
13299
14301
15187
16101
16794
17342
17649
17635
17307
16388
15216
13741
12006
9946
7276
4565
1907
-502
-2938
-5548
-7724
-9559
-10836
-11813
-12707
-13154
-13166
-12999
-12679
-12265
-11582
-10718
-10065
-9480
-8713
-7864
-6962
-6098
-5302
-4343
-3171
-1789
-393
1009
2443
3925
5595
7196
8625
9805
10677
11478
12064
12175
12132
11738
11030
10051
8790
7471
6144
4746
3201
1608
255
-834
-1822
-2776
-3702
-4474
-4999
-5375
-5793
-6231
-6621
-6962
-7199
-7417
-7672
-7910
-7972
-8059
-7931
-7634
-7260
-6755
-6422
-6212
-5767
-5179
-4701
-4317
-4221
-4075
-3846
-3584
-3292
-3311
-3301
-3217
-2947
-2692
-2430
-2070
-1796
-1369
-870
-312
477
1107
1710
2349
3032
3801
4620
5311
5819
6495
7116
7966
8611
9071
9523
9893
10370
10627
10681
10466
10073
9692
9065
8168
7132
5898
4683
3294
1803
631
-625
-1777
-2903
-3918
-4628
-5121
-5427
-5818
-6136
-6212
-6091
-5934
-5825
-5778
-5692
-5442
-5206
-4976
-4666
-4378
-3980
-3526
-2879
-2180
-1453
-580
199
1051
1971
2894
3851
4483
4946
5432
5678
5865
5779
5433
4928
4287
3670
2866
1990
1003
28
-884
-1885
-2776
-3751
-4668
-5561
-6491
-7357
-8255
-9029
-9876
-10667
-11449
-12048
-12484
-12918
-13152
-13167
-12925
-12411
-11630
-10555
-9227
-7678
-5859
-3962
-1888
180
2316
4391
6318
8223
9908
11515
12894
14024
15053
15997
16784
17383
17883
18314
18694
19050
19285
19201
18592
17638
16600
15521
13908
11659
8871
5996
3445
776
-2108
-5329
-8231
-10444
-12383
-14079
-15477
-16307
-16615
-16694
-16532
-15813
-14751
-13562
-12610
-11682
-10377
-8808
-7338
-6246
-5291
-4242
-2766
-1234
60
1300
2559
4007
5560
7140
8581
9936
11074
12083
12991
13646
14048
13990
13558
12849
11804
10644
9360
7750
5870
3896
2132
582
-899
-2394
-3923
-5169
-5908
-6520
-7288
-8332
-9507
-10276
-11060
-12137
-13568
-14953
-16045
-16983
-17832
-18593
-18798
-18692
-18106
-17179
-16074
-14363
-12152
-9904
-7760
-5514
-2999
-410
1706
3538
5153
6752
8221
9420
10329
10947
11593
12498
13387
13904
14473
15309
16202
16910
17595
18279
18891
19046
18966
18681
17869
16871
15329
13513
11155
8521
5973
3175
301
-2587
-5213
-7597
-9823
-11493
-12762
-13844
-14353
-14535
-14253
-13897
-13345
-12447
-11546
-10638
-9850
-8843
-7921
-7130
-6353
-5564
-4602
-3620
-2490
-1313
-101
1316
2848
4468
5944
7434
9022
10317
11433
12334
12905
13234
13143
12788
12048
11052
9852
8381
6795
5075
3351
1730
98
-1539
-3268
-4762
-6008
-7253
-8515
-10068
-11425
-12497
-13611
-14843
-16177
-17316
-18167
-18684
-19060
-19331
-19210
-18658
-17742
-16602
-15121
-13333
-11378
-9264
-6998
-4577
-2118
312
2599
4679
6639
8595
10459
11984
13182
14232
15306
16362
17265
17898
18535
19173
19683
20167
20490
20670
20794
20824
20878
20230
19039
17578
15638
14006
11646
8780
5387
1712
-1129
-4153
-7223
-10454
-13304
-15167
-16728
-17912
-18686
-18938
-18444
-17922
-17182
-15909
-14412
-12643
-11312
-10175
-8843
-7120
-5545
-4349
-3468
-2523
-996
377
1850
3144
4429
6016
7562
9288
10832
12189
13415
14204
14902
15340
15432
15178
14235
13054
11599
9939
8268
6218
4128
1886
-226
-1964
-3398
-4842
-6339
-7548
-8391
-9311
-10898
-12200
-13383
-14787
-16325
-18183
-19624
-20935
-21936
-22407
-22929
-22922
-22073
-20645
-18941
-17161
-14716
-11854
-8969
-5990
-3274
-447
2186
4462
6661
8334
9674
11094
12247
13092
13698
14415
15468
16173
16692
17444
18445
19342
19991
20634
21149
21433
21598
21652
21038
19953
18598
17087
15048
12183
9465
6586
3506
137
-3293
-6212
-8917
-11228
-13215
-15190
-16636
-17092
-17163
-17161
-17119
-16488
-15328
-14185
-13128
-12133
-10837
-9514
-8387
-7300
-6115
-4992
-3583
-2248
-1205
194
1841
3710
5348
6725
8407
10124
11705
12967
13864
14657
15018
15116
14919
14195
13204
11835
10259
8511
6415
4283
2004
-387
-2714
-4887
-7098
-9434
-11605
-13415
-15194
-16913
-18533
-19877
-20904
-21703
-22285
-22582
-22533
-22072
-21334
-20342
-19116
-17589
-15722
-13746
-11632
-9296
-6763
-4272
-1760
645
3135
5508
7744
9900
11697
13385
14973
16473
17737
18664
19490
20164
20844
21349
21664
22035
22024
22097
22086
22094
21951
21317
20691
19397
18064
16128
13870
11539
8374
5296
1438
-2291
-5545
-8767
-11673
-14883
-17401
-18915
-19753
-20268
-20782
-20608
-19508
-18211
-16637
-15301
-13618
-11638
-10014
-8441
-7111
-5425
-3839
-2477
-1531
-466
1123
2775
4289
5388
6875
8660
10408
12024
13216
14374
15490
16133
16511
16446
15966
15226
13834
12267
10274
8387
6276
3821
1442
-827
-2719
-4537
-6187
-7702
-9530
-12236
-13999
-15201
-16775
-18639
-21316
-22949
-24095
-24832
-24945
-25767
-25836
-25127
-23407
-21207
-19477
-17037
-14330
-11798
-8690
-5877
-2734
9
1863
4173
6141
8106
9982
11475
12446
13089
14338
15999
17164
17652
18185
18985
20053
20917
21492
21831
21806
21906
22006
21946
21668
20909
19994
18718
16863
15064
12661
10322
7400
4289
1163
-2492
-5297
-8048
-10544
-13311
-15942
-17123
-17863
-18200
-18691
-18997
-18181
-17021
-15679
-14460
-13513
-11789
-10112
-8682
-7395
-6236
-4440
-3000
-1905
-1027
465
2473
4113
5310
6441
8175
10078
11664
12744
13592
14442
15200
15567
15348
14728
14069
12980
11374
9559
7695
5999
3809
868
-1970
-4355
-6528
-8820
-11853
-14652
-16983
-18740
-20080
-21934
-23464
-24605
-24872
-24646
-24622
-24054
-23001
-21709
-20154
-18627
-16607
-14282
-12338
-10163
-8129
-5851
-3127
-715
1431
3241
5271
7817
10133
11863
13404
14855
16527
18030
19123
19970
20356
20860
21234
21419
21517
21372
21129
20866
20309
20062
19893
19616
19214
17968
16900
15237
13273
11637
9016
6295
2653
-979
-3763
-6777
-9568
-12832
-15801
-17561
-18715
-19162
-19776
-20107
-19396
-18249
-16700
-15258
-13619
-11483
-9749
-8259
-6806
-4987
-3104
-1757
-993
-329
996
2555
4070
4795
5496
6901
8553
10224
11268
12310
13440
14266
14857
14960
14927
14654
13544
12085
10353
8562
7003
4760
2274
-293
-2347
-4303
-7400
-9576
-11895
-13842
-15763
-18461
-19940
-21621
-22543
-23177
-24573
-24940
-24997
-23903
-22991
-22544
-21104
-19582
-17353
-15262
-13735
-11352
-9246
-6977
-4518
-2485
-231
2052
4327
6231
7980
9827
12107
13872
14881
16192
17313
18633
19457
19783
20145
20154
20772
20947
20808
20615
20204
20418
20334
19983
19982
19594
19073
17825
16252
14375
12572
10496
7530
4097
186
-2843
-5541
-8554
-11812
-15013
-16966
-18122
-18834
-19411
-19836
-19177
-17986
-16666
-15050
-13645
-11624
-9654
-8390
-6980
-5606
-3747
-2294
-1688
-1123
-42
1580
3155
4126
4878
6225
7904
9852
11179
12308
13503
14505
15377
15494
15402
15182
14385
12947
11123
9185
7549
5531
3039
497
-1769
-3364
-4905
-6493
-9489
-11870
-13040
-14453
-15743
-18643
-20563
-21826
-23128
-23480
-24732
-25279
-25357
-24762
-23405
-22625
-20773
-18605
-16706
-14416
-12485
-9373
-6179
-4270
-2023
-121
2268
4761
6777
8330
9373
10661
12572
14434
15189
15799
16694
17692
18486
18906
19606
19870
20144
20394
20497
20733
20805
20823
20794
20215
20016
20112
19222
17761
15494
13476
11719
8973
5928
2306
-1362
-4386
-7238
-9775
-12705
-15232
-16724
-17818
-18311
-18521
-18225
-17310
-16465
-15406
-13887
-12333
-10577
-9140
-8171
-7098
-5819
-4278
-2876
-2206
-1616
-318
1212
3017
4201
5466
7116
8600
10458
11765
13077
14183
14741
15223
15091
14757
14389
13248
11634
9617
7724
6118
4184
2002
-317
-2310
-3744
-6019
-8455
-10400
-12454
-13835
-16280
-18655
-20364
-22131
-22813
-24248
-25533
-25917
-25819
-24567
-24013
-23157
-21422
-19423
-16937
-14905
-12763
-9915
-7577
-4915
-2631
-572
1790
3923
5898
7497
8963
10821
12784
13955
15028
15933
17089
18261
18762
19379
19587
20037
20609
20714
20819
20825
20845
21180
20825
20458
20707
20214
19723
18036
16391
14717
12527
10365
6935
3394
-212
-3318
-6177
-9346
-12397
-14965
-16758
-17937
-18559
-18987
-18790
-18253
-17342
-16052
-14631
-13133
-11352
-9922
-8882
-7551
-6322
-4552
-3530
-2757
-1839
-799
996
2413
3864
5092
6493
8460
10257
11729
13017
14025
15013
15579
15535
15527
15001
14054
12471
10561
8790
6958
5049
2680
320
-1894
-4214
-6263
-8436
-10756
-12718
-15061
-17066
-19065
-20808
-21924
-23486
-24611
-25557
-25652
-25192
-24813
-23960
-23076
-21529
-19479
-17532
-15384
-13225
-11046
-8356
-5908
-3418
-1056
1194
3356
5332
7339
9293
11153
12632
13971
14973
16135
17245
17985
18561
18546
18903
19279
19466
19745
19564
19628
19787
19802
20120
20140
20196
20220
19672
19108
17930
16499
14614
12250
9399
6116
2738
-762
-4135
-7492
-10552
-13343
-15599
-17103
-18097
-18472
-18590
-18282
-17252
-15991
-14587
-13095
-11671
-9961
-8609
-7427
-6150
-5189
-4036
-3145
-2241
-1410
-367
1072
2400
3697
5060
6793
8654
10368
11673
13041
14146
15044
15559
15444
15169
14426
13316
11730
9842
7890
5944
3784
1540
-602
-2417
-4070
-6967
-9107
-11110
-12879
-14319
-17234
-19183
-21108
-22608
-23222
-24826
-25693
-26184
-25845
-24819
-24262
-22886
-21286
-19391
-17049
-15146
-12390
-9648
-7379
-4703
-2580
-123
2330
4568
6538
7992
9484
11416
13196
14308
15102
15868
16819
17628
17805
18143
18291
18425
18752
18608
18762
18760
18755
19148
18824
18935
19261
19384
19236
18294
17516
16358
14558
12576
10009
7054
3824
202
-2949
-6166
-9238
-11899
-14385
-16322
-17430
-17768
-17758
-17603
-17131
-15841
-14280
-12932
-11453
-10052
-8492
-7268
-6220
-5015
-4045
-3068
-2284
-1617
-603
431
1772
3266
4230
5736
7334
9095
10700
11792
13072
13862
14479
14653
14404
13868
12718
11378
9727
7827
5846
3854
1577
-1054
-3531
-5669
-7631
-9735
-12117
-14136
-15997
-17709
-19098
-20624
-21902
-23036
-23751
-23959
-24208
-23952
-23468
-22741
-21727
-20606
-18810
-16953
-15214
-13253
-11180
-8705
-6241
-3844
-1530
551
2815
5154
7290
9105
10633
12018
13322
14365
15173
15774
16109
16348
16272
16359
16429
16358
16406
16135
16138
16295
16435
16664
16717
16908
17424
17889
17981
17616
16978
16241
15054
13219
11099
8537
5878
2789
-452
-3535
-6399
-8803
-11252
-13495
-14981
-15634
-15676
-15703
-15534
-14800
-13543
-12033
-10760
-9717
-8435
-7289
-6261
-5451
-4826
-4038
-3323
-2746
-2288
-1491
-336
943
2070
3174
4619
6330
8040
9477
10592
11606
12481
13067
13125
12821
12117
11152
9895
8252
6520
4733
2937
1134
-703
-2233
-3549
-4579
-6534
-8741
-9989
-11518
-12596
-14947
-17378
-18832
-20809
-21518
-22813
-24248
-24701
-24908
-23869
-23131
-22232
-20369
-18546
-16447
-14311
-11960
-9088
-6887
-4785
-2817
-729
1415
3358
5016
6091
7183
8537
10215
11186
11571
12316
13009
13906
14264
14465
14740
14751
15133
15299
15679
16111
16245
16778
17068
17259
18032
18584
19214
18906
18568
18376
17488
16240
14192
12009
9281
6377
3369
14
-3204
-6351
-9004
-11652
-13914
-15348
-16205
-16505
-17000
-16932
-15896
-14802
-13609
-12475
-11455
-10055
-8941
-7750
-6848
-6309
-5437
-4689
-3840
-3212
-2245
-916
311
1559
2950
4703
6589
8296
9809
11237
12512
13659
14410
14671
14494
13943
13192
12145
10710
8944
7313
5529
3681
1910
307
-1067
-3433
-5345
-7187
-8847
-10249
-12788
-14729
-16764
-18607
-19427
-21079
-22259
-23190
-23526
-22758
-22482
-21683
-20368
-18983
-17105
-15350
-13287
-10875
-8943
-6884
-4913
-2879
-654
1510
3195
4708
5939
7674
9444
10474
11420
11993
12851
13653
13877
14403
14347
14270
14500
14453
14812
14734
14766
15111
15055
15482
16075
16683
17219
17452
18032
18388
18300
17590
16204
14735
12988
10807
8030
4648
1158
-2058
-5108
-8247
-11265
-13833
-15544
-16800
-17685
-18030
-17678
-16902
-16018
-14923
-13643
-12243
-10747
-9613
-8988
-8262
-7537
-6537
-5953
-5724
-5200
-4428
-3116
-1817
-551
922
2720
4645
6631
8469
10257
11916
13236
14258
14675
15041
14975
14357
13219
11718
10283
8726
7047
5115
3367
1731
501
-1406
-3879
-5237
-6885
-8107
-10190
-12701
-14077
-15873
-16743
-17927
-19728
-20251
-20679
-20086
-19655
-19702
-18406
-17065
-15699
-13950
-12572
-10162
-8036
-6433
-4210
-2280
-23
2339
4088
5769
7201
8829
10983
11995
12679
13403
14006
14917
14898
14810
14832
14313
14335
14089
13904
13866
13722
13989
14213
14351
15172
15961
16458
17124
17584
18395
18721
18005
17176
15677
14157
12404
9523
6440
2728
-601
-3472
-6732
-9687
-12402
-14459
-15712
-16735
-17209
-16939
-16392
-15566
-14670
-13670
-12361
-11143
-10265
-9720
-9527
-8992
-8255
-7947
-7773
-7806
-7209
-6057
-4982
-3457
-1994
-78
2155
4321
6694
8754
10753
12499
13662
14492
14945
15089
14757
13717
12353
10940
9458
7879
6093
4330
2672
1344
181
-1876
-3836
-5252
-6550
-7944
-10387
-12723
-14514
-16413
-17831
-19779
-21610
-22676
-23396
-23260
-23453
-23290
-22143
-20880
-19326
-17643
-15827
-13020
-10856
-8836
-6432
-4228
-1582
781
2707
4583
6158
8158
10176
11301
12230
12853
13729
14445
14327
14520
14391
14330
14418
14222
14525
14602
14917
15273
15389
15860
16510
17265
17655
17833
18363
19050
19059
18447
17282
15848
14603
12716
10176
6963
3399
410
-2588
-5541
-8586
-11423
-13317
-14915
-16075
-16709
-16893
-16477
-16036
-15489
-14462
-13395
-12071
-11052
-10600
-10106
-9316
-8339
-7619
-7293
-7018
-6246
-5194
-3996
-2848
-1700
-72
1664
3475
5378
7080
8894
10366
11490
12272
12627
12777
12216
10926
9274
7421
5624
3775
1826
211
-1183
-1985
-2318
-3038
-3814
-5022
-6569
-8085
-9893
-11261
-12480
-13822
-14941
-16119
-16757
-17188
-17761
-18169
-18747
-19028
-18549
-17883
-16956
-15854
-14494
-12614
-10646
-8564
-6407
-4314
-2006
157
2104
4125
5792
7427
8789
9776
10797
11520
12191
12539
12501
12661
12710
12733
12796
12664
12739
13037
13409
13883
14332
15010
15666
16318
16941
17526
18288
18675
18830
18437
17487
16332
14760
13136
10682
7655
4581
1328
-1377
-4293
-7094
-9591
-11907
-13363
-14242
-14813
-15154
-15163
-14734
-14014
-13350
-12436
-11534
-10712
-10198
-9856
-9335
-8771
-8252
-8003
-7823
-7516
-6576
-5386
-4028
-2790
-1511
409
2271
4261
6012
7626
9151
10317
11327
12113
12687
13093
13250
13029
12693
12165
11576
10509
8897
6882
4758
2561
200
-3790
-7241
-9364
-12028
-14127
-17852
-20429
-21965
-24261
-24561
-26162
-27362
-27070
-26891
-24866
-24329
-23396
-20860
-19546
-17563
-15748
-14005
-10716
-9484
-7935
-5859
-4565
-2340
-1048
-69
1066
1561
3404
5246
5671
6715
7346
8471
9538
9286
10162
10277
10031
10581
10162
10848
11124
11156
12053
11856
12605
13772
14526
15537
15537
16415
17619
17813
17924
16855
15748
14672
12958
11229
8305
4892
2034
-763
-3399
-6267
-9081
-10851
-12471
-13425
-14029
-14149
-13656
-13258
-12462
-11678
-10683
-9441
-8314
-7758
-7562
-7086
-6168
-5345
-5204
-5241
-4812
-3945
-3031
-1930
-902
503
2215
3937
5854
7536
9442
11111
12447
13453
14246
15211
15817
15646
15074
14489
13787
12748
10963
8966
6628
4068
1628
-925
-3046
-5216
-7329
-9344
-11466
-13036
-14662
-16253
-18102
-20181
-21410
-22097
-22486
-22686
-22700
-21907
-20429
-18859
-16961
-15227
-13270
-11095
-9033
-6709
-4546
-2352
-118
1764
3627
5580
7432
9087
10226
11064
11973
12727
13348
13492
13265
13178
12993
13056
12984
12558
12576
12482
12686
12952
12924
13577
13785
14201
14780
14970
15802
16049
16500
16533
15890
15450
14119
12897
11297
8911
6694
3590
827
-1679
-4518
-6576
-9046
-11050
-12213
-13242
-13456
-13855
-13978
-13563
-13202
-12334
-11672
-11055
-10206
-9724
-9279
-8688
-8300
-7527
-6942
-6676
-5945
-5249
-4060
-2835
-1877
-436
1051
2940
5143
6867
8667
10096
11155
12300
12679
13012
13041
12606
12420
12019
11933
11456
10347
8892
6927
5154
3698
1904
-360
-2103
-4228
-6037
-8216
-11056
-13007
-15603
-17188
-18411
-20379
-21098
-22298
-22591
-22363
-22747
-21634
-20805
-19817
-18052
-17069
-14730
-12530
-11032
-8609
-7079
-4984
-2770
-1100
905
2260
3795
5848
7169
8485
9537
10141
11284
11518
11742
12231
11664
11812
11453
11117
11388
11056
11164
11274
11022
11537
11800
12314
13037
12887
13885
14400
15055
15844
15373
15213
14027
13012
12181
9829
7818
4871
2091
-252
-3322
-5488
-8027
-10070
-11242
-12776
-13084
-13573
-13532
-12806
-12968
-12151
-11283
-10246
-9058
-8849
-8223
-7410
-6690
-5853
-5485
-4914
-3975
-2823
-1262
261
1864
4020
6241
8578
11027
13303
15689
17359
18256
19068
19265
19451
19029
17593
16322
14627
13367
12245
10750
9640
8271
7359
6004
4466
3163
996
-1025
-3407
-6101
-8357
-11249
-13657
-16021
-18549
-19950
-21576
-22451
-23193
-23774
-22999
-22483
-21247
-19845
-18710
-16750
-15227
-13501
-11582
-10030
-8092
-6235
-4447
-2533
-839
1081
2688
3959
5262
6360
7393
8145
8527
8783
9174
9246
9411
9378
9157
9350
9449
9594
9885
9926
10324
10713
10999
11421
11833
12409
12865
13082
13547
13925
14200
14027
12884
11786
10766
9770
8310
5693
2995
775
-1026
-2903
-5336
-7860
-9593
-10628
-11490
-12323
-12987
-12934
-12595
-12269
-11987
-11414
-10308
-9370
-9010
-8782
-8228
-7077
-5950
-5628
-5236
-4497
-3049
-1473
-478
696
2136
4113
6099
7541
8937
9979
10685
10978
10728
10770
11239
11487
11279
10616
10163
9877
9373
8564
7207
5741
4125
2491
547
-1897
-4498
-7412
-10176
-12957
-15818
-18434
-20959
-23107
-24693
-25349
-25225
-24947
-24265
-23286
-21996
-20234
-18571
-16925
-15388
-13956
-12058
-10019
-7956
-6001
-4159
-2077
-70
1982
4012
5792
7307
8527
9650
10688
11493
12003
12173
12124
11982
11989
11893
11606
11172
10687
10613
10593
10563
10799
10862
11379
11879
12411
13183
13516
14097
14549
14948
15494
15232
14521
13557
12428
11571
9949
7598
5071
2524
605
-1355
-3756
-6095
-8072
-9242
-10162
-11170
-11809
-11886
-11770
-11547
-11368
-10747
-9556
-8728
-8139
-7856
-7277
-6198
-5346
-4715
-4318
-3535
-2008
-545
778
2342
4178
6983
9772
12260
14481
15903
16766
16601
15496
13981
12345
11100
10285
9647
9204
8759
8053
6966
5663
4505
3420
2263
981
-358
-1974
-3841
-6009
-8409
-10705
-13171
-15177
-17093
-18865
-19782
-20399
-20572
-20730
-20810
-20135
-19247
-18174
-17007
-16005
-14653
-13247
-11764
-10088
-8629
-7008
-5310
-3675
-1966
-333
1369
3072
4199
5291
6359
7291
8065
8333
8568
8671
8714
8969
8902
8740
8784
8842
9277
9539
9777
10335
10657
11297
11940
12320
13117
13549
14060
14672
15002
15585
15172
14303
13481
12551
11721
9888
7387
5023
2629
843
-1300
-3897
-5942
-7612
-8372
-8950
-9783
-9868
-9816
-9747
-9619
-9764
-9185
-8598
-8569
-8562
-8652
-8048
-7010
-6437
-5828
-5224
-3981
-2032
-471
1120
2718
5043
8334
11517
14215
15845
16114
15418
13912
12389
11383
10411
9356
7809
5993
4422
2862
1498
-36
-1475
-2367
-3142
-3924
-4737
-5965
-7408
-9042
-10873
-12405
-14094
-15579
-16966
-18570
-19586
-20245
-20457
-20492
-20649
-20292
-19561
-18572
-17336
-16260
-15039
-13608
-12144
-10270
-8571
-6898
-5124
-3421
-1559
170
1773
3386
4693
5778
6870
7861
8761
9377
9591
9792
9797
9866
9978
9784
9685
9610
9684
10156
10338
10742
11158
11532
12197
12641
13426
13882
14050
14439
14756
15140
14870
13762
12568
11384
10418
8758
6349
3762
1488
-19
-1583
-3766
-5794
-7246
-7972
-8577
-9448
-9758
-9687
-9325
-9098
-8946
-8344
-7405
-6629
-6465
-6527
-6199
-5315
-4577
-4415
-4363
-3838
-2592
-1312
-367
574
1878
3523
5158
6597
8070
9451
10757
11712
12155
12659
12985
13103
12646
11705
10969
10352
9673
8464
6671
4790
2753
355
-2896
-6515
-9922
-12991
-15541
-17810
-19284
-19960
-20063
-19695
-19547
-19224
-18903
-18669
-18650
-19080
-19257
-19059
-18771
-18349
-18043
-17218
-15696
-14123
-12245
-10551
-8607
-6442
-4470
-2486
-769
859
2529
3966
5046
5947
6727
7467
7907
7889
7977
8024
8162
8091
7892
8022
7996
8255
8624
8674
9119
9568
10035
10794
11057
11705
12375
12674
13390
13576
13713
13250
12159
11666
10727
9509
7644
5028
3196
1347
-185
-1797
-4025
-5438
-6401
-7052
-7616
-8517
-8755
-8785
-8878
-8889
-8868
-8222
-7718
-7508
-7344
-6969
-6103
-5114
-4454
-4076
-3432
-2332
-960
-30
418
839
969
744
-40
-616
-124
1250
2967
4510
5794
7120
8096
8620
8655
8106
7553
6608
5184
3321
1504
-173
-1713
-3184
-5117
-6980
-9040
-10874
-12506
-14349
-15816
-17380
-18647
-19418
-20047
-20026
-19986
-19906
-19363
-18824
-17745
-16524
-15548
-14278
-13196
-11673
-9777
-8050
-6197
-4456
-2619
-513
1410
3336
5036
6334
7652
8553
9365
9987
10024
10031
9736
9355
9178
8778
8533
8183
7789
8012
8187
8485
9033
9234
9835
10399
10938
11721
12016
12563
13008
13368
14011
13673
12919
11944
10879
10118
8746
6705
4543
2438
925
-569
-2485
-4383
-5887
-6782
-7460
-8350
-9167
-9562
-9821
-9985
-10334
-10449
-9929
-9514
-9286
-9103
-8464
-7081
-5797
-4787
-3830
-2826
-1305
41
572
640
358
598
1927
4761
9487
15142
20140
23286
24790
24948
22979
18687
12891
6952
2668
530
-29
149
450
302
275
-39
-1495
-3493
-6322
-8717
-10798
-13156
-14966
-17017
-18686
-19856
-21100
-21409
-21800
-21875
-21426
-21312
-20571
-19737
-18847
-17706
-17241
-16567
-15384
-14089
-12598
-11443
-10093
-8351
-6577
-4528
-2510
-779
1044
2740
4312
5773
6689
7478
8004
8069
8174
8197
8219
8238
7885
7864
8078
8386
9076
9399
9939
10670
11491
12657
13341
13979
14687
15353
16209
16796
16840
16331
15323
14434
13583
12110
9994
7415
5100
3166
1200
-810
-2890
-4662
-5909
-6721
-7535
-8174
-8473
-8623
-8552
-8546
-8095
-7090
-6180
-5676
-5756
-5513
-4817
-4256
-4001
-3956
-3651
-2755
-1835
-930
-62
854
2207
3382
4481
5443
6315
7208
7829
8278
8633
8918
8784
8045
6920
5761
4734
3600
2163
501
-1307
-2725
-4004
-5669
-7467
-9479
-11002
-12439
-14111
-15441
-16974
-18093
-19074
-19866
-20004
-20273
-20100
-19581
-19207
-18398
-17326
-16058
-14703
-13801
-12517
-10971
-9330
-7616
-6178
-4582
-2801
-929
990
2802
4262
5670
6974
8102
9135
9776
10337
10599
10521
10517
10455
10365
10150
9694
9377
9419
9647
9977
10174
10467
10891
11581
12361
12881
13386
13845
14404
14847
15235
15265
14547
13518
12591
11749
10701
8824
6568
4535
2701
1318
-450
-2606
-4318
-5571
-6171
-6906
-7784
-8187
-8480
-8642
-8942
-9093
-8739
-8440
-8638
-9049
-9348
-9401
-9648
-10589
-11846
-13014
-13254
-12686
-11636
-9765
-6938
-3122
1020
4768
8341
12073
14850
15009
13010
10909
9293
7520
5907
5549
5875
6440
6735
5928
4134
1859
-15
-1790
-3666
-5810
-7909
-9554
-11013
-12314
-13562
-14834
-15809
-16747
-17495
-18180
-18771
-19065
-19382
-19584
-19662
-19348
-18757
-18178
-17907
-17248
-16190
-14907
-13539
-12264
-10850
-9164
-7287
-5393
-3514
-1826
-60
1586
3115
4381
5429
6368
6952
7259
7480
7681
7961
8033
8007
8125
8446
8957
9459
9938
10294
10837
11575
12292
12850
13226
13655
14099
14447
14835
14884
14716
13807
12721
12154
11266
10281
8309
6125
4384
2688
1543
-125
-2033
-3254
-4148
-4465
-5178
-6183
-6413
-6839
-6985
-6882
-6678
-5696
-4921
-4194
-3195
-1975
-198
1264
1850
1998
1914
1805
1399
155
-1114
-1716
-1352
131
2141
4748
7785
10078
11676
11919
11045
10280
9391
8400
7178
5812
4992
3643
2110
370
-1490
-2255
-3354
-4664
-6200
-8191
-9642
-11416
-13258
-15035
-17175
-18744
-20263
-21548
-22362
-22963
-23111
-22908
-22673
-21808
-20623
-19183
-17842
-16781
-15340
-13714
-11970
-10378
-8917
-7467
-5636
-3781
-1920
-209
1197
2681
3921
5047
5884
6328
6764
6733
6484
6331
6087
6038
5728
5357
5468
5516
6109
6671
7181
7929
8609
9794
10852
11743
12621
13446
14503
15421
16309
17068
17160
16743
16174
15820
15328
14271
12425
10301
8477
6907
5347
3475
1088
-1028
-2666
-4244
-5834
-7758
-9033
-10038
-10977
-11629
-12364
-12560
-12605
-12584
-12143
-11521
-10321
-8954
-7966
-6689
-5035
-3386
-1580
930
4287
7801
11045
13512
14855
16090
17426
16890
13848
10968
10456
11466
11873
10897
9109
6797
4756
3007
975
-836
-2740
-4036
-5283
-7148
-8979
-11059
-12639
-13923
-15422
-16581
-18074
-19216
-20008
-20775
-20947
-21202
-21122
-20777
-20531
-19859
-18862
-17771
-16793
-16059
-14946
-13640
-12167
-10702
-9441
-8032
-6414
-4568
-2770
-1205
202
1577
2890
4008
4857
5444
5908
6084
6063
6024
5945
5921
5749
5502
5431
5658
6135
6688
7220
7655
8502
9610
10597
11536
12295
13281
14409
15397
16486
17295
17626
17761
17466
17592
17502
16728
15585
13571
11956
10603
9071
7519
5320
3569
2386
1151
52
-1491
-2805
-3668
-4737
-5519
-5994
-6194
-6105
-6352
-6344
-5932
-5507
-5146
-5397
-6348
-7132
-7280
-6856
-5421
-3218
-282
2768
5884
9416
12770
15845
17963
18869
18890
17925
16293
14271
11878
9765
8009
6742
5940
4856
3639
1964
529
-728
-2700
-4733
-7203
-9466
-11688
-14028
-15822
-17878
-19516
-20786
-21905
-22270
-22554
-22411
-21897
-21620
-20784
-19647
-18350
-16908
-16057
-14777
-13341
-11979
-10409
-9154
-7757
-6271
-4720
-2928
-1271
85
1544
2839
3946
4961
5509
6070
6256
6111
6017
5772
5609
5419
5134
5059
5135
5491
6202
6799
7553
8388
9430
10670
11656
12697
13659
14477
15400
16129
16913
17293
17063
16363
15572
15068
14188
12842
11010
9064
7607
6355
5008
3364
1590
459
-421
-1177
-2103
-3099
-3688
-4520
-5360
-5907
-6360
-6447
-6777
-7212
-7152
-6843
-6356
-6717
-8067
-9713
-11443
-11949
-10715
-8299
-4849
-1172
2096
4957
7673
10660
13328
15123
16122
16285
16008
15476
14364
13247
12108
11220
10723
9901
8612
7270
5556
4014
2318
-144
-2266
-4763
-6848
-8524
-10520
-11874
-13330
-14444
-14933
-15511
-15400
-15223
-15005
-14490
-14399
-13922
-13314
-13074
-12680
-12564
-12197
-11407
-10817
-9921
-9188
-8247
-6836
-5312
-3692
-2078
-654
782
2200
3282
4323
5031
5450
5774
5696
5761
5787
5654
5660
5487
5581
5937
6336
6962
7453
8056
8911
9706
10684
11239
11839
12549
13034
13715
14133
14557
14705
14335
13802
13124
12616
11702
10356
8696
6989
5796
4485
3290
1730
265
-509
-1078
-1351
-1847
-2230
-2138
-2060
-1926
-1809
-1870
-2025
-2598
-3300
-3840
-4189
-4252
-4408
-4549
-4265
-3309
-1807
-312
1010
2088
3035
3586
3632
3370
3380
4209
5552
6755
7256
6920
5847
4849
5256
6803
8155
8591
7783
6282
4792
3517
2582
1433
-84
-1819
-3778
-5732
-7947
-10199
-12252
-14167
-15627
-16768
-17593
-17889
-17919
-17539
-17123
-16541
-15578
-14567
-13507
-12582
-11647
-10506
-9364
-8199
-7175
-6132
-4899
-3555
-2102
-802
482
1700
2886
3913
4598
5118
5415
5453
5305
5067
4780
4499
4288
3966
3864
4006
4335
4825
5343
6038
6767
7770
8592
9238
10049
10650
11377
11830
12254
12830
13147
13285
13109
12498
12001
11524
10597
9544
7861
6442
5383
3966
2781
1211
-182
-1009
-2039
-2676
-3401
-4211
-4333
-4728
-5137
-5243
-5457
-5305
-5501
-5907
-5632
-5169
-3836
-2226
-650
675
541
-1245
-3954
-6226
-6753
-5340
-2347
2150
6873
11208
14324
15225
14535
12629
10429
8511
6630
5189
4516
4330
4609
4662
4085
3054
1918
797
-817
-2888
-5137
-7239
-9160
-11085
-13136
-15360
-17601
-19516
-20839
-21708
-22226
-22386
-22103
-21651
-21007
-20014
-18838
-17571
-16661
-15711
-14319
-12836
-11498
-10299
-9106
-7800
-6317
-4688
-3209
-1960
-770
481
1662
2626
3295
3792
4079
4001
3827
3695
3613
3430
3107
3061
3370
3844
4647
5397
6083
7099
8185
9414
10537
11274
12271
13250
14027
14819
15413
16160
16432
16391
16170
15542
15213
14275
12981
11441
9400
8066
6446
4686
2893
782
-318
-1664
-2950
-4096
-5575
-6349
-7150
-8003
-8504
-9158
-9488
-9686
-10105
-10070
-9923
-9386
-8704
-7936
-6497
-4405
-2246
-652
375
1055
1336
1187
1244
1660
2448
4150
6021
7671
9054
9728
10116
9965
9363
8788
8300
7870
7266
6258
5229
4099
2710
1162
-1113
-3298
-5511
-7658
-9422
-11504
-13194
-14538
-15674
-16165
-16575
-16509
-16267
-16080
-15724
-15389
-14870
-14308
-13932
-13590
-13167
-12557
-11716
-10872
-10061
-9138
-7932
-6491
-4927
-3588
-2318
-1068
103
1193
1854
2252
2550
2438
2253
1899
1569
1430
1072
934
793
1072
1670
2216
2806
3426
4199
5195
6044
6576
7082
7483
7924
8366
8501
8819
9239
9518
9693
9646
9391
9252
9076
8377
7685
6636
5744
5086
3973
3175
2211
1245
806
-121
-661
-1139
-1745
-1784
-1958
-1814
-1562
-1663
-1631
-1740
-1548
-692
54
819
1476
1825
2378
3095
4537
7186
11115
16058
20109
21428
20129
15594
7876
-522
-6217
-7206
-4863
-1185
2562
5063
6256
6325
5258
3323
289
-3164
-6797
-10297
-13382
-16059
-17856
-18871
-19340
-19305
-19459
-19697
-19892
-20000
-19849
-19716
-19485
-19000
-18335
-17654
-16931
-16127
-15027
-14072
-13136
-12230
-11228
-9971
-8818
-7664
-6508
-5418
-4097
-2640
-1375
-182
958
2121
3228
4063
4698
5190
5463
5639
5569
5541
5424
5268
5203
5174
5246
5604
5984
6519
6940
7397
8124
8617
9132
9302
9387
9722
9729
9803
9849
9778
10020
10114
10234
10272
10162
10129
10001
9644
9109
8448
7657
6924
6030
5086
4304
3426
2793
2195
1645
1456
1281
1429
1667
2028
2821
3570
4369
5108
5755
6650
7394
7578
7059
5693
4517
4530
5875
7644
8953
10014
10619
9441
5182
14
-3351
-4229
-2385
807
3800
5999
7412
8036
8010
7682
7152
6460
5295
3812
2157
452
-1242
-3114
-5236
-7268
-9291
-11148
-12907
-14675
-16180
-17481
-18499
-19163
-19649
-19866
-19763
-19398
-18877
-18293
-17355
-16420
-15583
-14759
-13864
-12808
-11745
-10801
-9773
-8710
-7541
-6250
-4914
-3643
-2567
-1483
-475
284
879
1247
1407
1333
1145
927
658
288
-43
-255
-301
-10
349
957
1620
2375
3421
4475
5499
6417
7175
7951
8622
9092
9548
9739
9964
10172
10215
10185
9937
9810
9453
8972
8452
7692
7061
6251
5390
4598
3610
2894
1990
1290
890
552
514
136
-414
-501
-299
589
1724
2710
3814
4356
4415
3892
2773
1393
68
-604
-496
108
1367
3117
5098
7391
9570
10956
11712
12073
12083
11515
9331
6377
4025
3080
3528
4109
4672
5001
4703
4069
2817
1165
-622
-2733
-4742
-6904
-9117
-10933
-12588
-13715
-14564
-15389
-15592
-15620
-15310
-14829
-14478
-13950
-13514
-13049
-12537
-12057
-11483
-11013
-10665
-10253
-9734
-9133
-8419
-7689
-6907
-5969
-4798
-3456
-2204
-903
332
1485
2599
3520
4163
4647
4833
4893
4793
4589
4324
3911
3522
3298
3230
3337
3568
3895
4342
4861
5550
6244
6845
7349
7830
8354
8725
9082
9475
9733
10096
10346
10481
10721
10855
10996
10810
10530
10276
9805
9266
8517
7666
6770
6017
5212
4256
3161
1924
736
-475
-1612
-2643
-3642
-4581
-5480
-6255
-6708
-6814
-6283
-5156
-3367
-817
1935
4246
5320
4958
3787
2413
1598
2104
3743
6286
9193
11904
14413
16068
16723
16214
14892
13365
11689
9810
7791
5657
3732
2184
999
199
-528
-984
-1371
-1997
-2768
-4005
-5368
-6541
-7785
-8678
-9663
-10701
-11463
-12080
-12485
-12930
-13235
-13271
-13173
-12949
-12592
-12208
-11698
-11234
-10907
-10361
-9904
-9324
-8656
-8054
-7380
-6571
-5570
-4500
-3578
-2652
-1668
-824
-45
526
913
1156
1198
1213
1097
935
757
494
430
389
452
723
1158
1577
2054
2669
3479
4242
4833
5408
5926
6414
6860
7173
7451
7767
7783
7790
7665
7490
7337
6854
6313
5602
4861
4361
3407
2420
1442
377
-266
-1095
-1911
-2551
-3223
-3500
-3754
-3880
-3540
-3236
-2499
-1652
-820
371
1506
2612
3480
3939
4064
3586
2067
-11
-2097
-3381
-3318
-2370
-790
896
2370
3288
3260
2851
2530
2534
3092
3960
5296
7195
9198
10857
11502
10910
9501
7808
6502
5082
3363
1695
-47
-1588
-3225
-4766
-5964
-7040
-7883
-8663
-9325
-9868
-10138
-10144
-10034
-9859
-9458
-9065
-8680
-8211
-7780
-7187
-6737
-6532
-6300
-5996
-5723
-5470
-5323
-5172
-5012
-4586
-4017
-3374
-2634
-1995
-1164
-324
349
873
1262
1477
1489
1466
1391
1298
1087
936
888
954
1312
1746
2344
2905
3560
4505
5279
6082
6651
7143
7672
7967
8257
8363
8329
8040
7627
7322
6843
6201
5483
4606
3770
2969
2123
1289
291
-546
-1244
-1848
-2416
-3044
-3407
-3873
-4405
-4822
-5151
-5466
-5815
-6215
-6263
-6096
-5859
-5404
-4967
-4128
-2994
-1515
301
1848
3243
4532
5593
6368
6944
7362
7712
7949
8167
8614
8853
9060
9118
8930
8800
8506
8316
8025
7224
6232
5515
5340
5483
5394
5217
4960
4518
3949
2935
1825
642
-988
-2761
-4609
-6052
-6943
-7729
-8202
-8643
-9014
-9194
-9425
-9426
-9312
-9014
-8489
-8264
-8326
-8581
-9123
-9658
-10347
-10916
-11225
-11415
-11314
-11118
-10818
-10158
-9276
-8279
-7332
-6391
-5456
-4355
-3430
-2668
-2077
-1648
-1229
-1090
-913
-937
-928
-930
-929
-660
-435
-12
561
1017
1620
2273
3017
3732
4236
4723
5110
5462
5623
5500
5255
4897
4476
3834
2990
2142
1433
748
-156
-1110
-1856
-2350
-2572
-2897
-3355
-3519
-3423
-3182
-3089
-3022
-2801
-2475
-2118
-1964
-1751
-1390
-949
-598
-346
71
652
1299
1952
2519
3238
4158
5096
5961
6479
7018
7542
8008
8390
8666
9003
9275
9466
9448
9123
8725
8176
7285
6386
5322
4436
3594
2655
1758
849
222
-299
-882
-1410
-1918
-2295
-2655
-3070
-3598
-4179
-4557
-5049
-5540
-5957
-6399
-6664
-6864
-7063
-7167
-7145
-6958
-6786
-6492
-6190
-5919
-5648
-5662
-5921
-6296
-6718
-7117
-7592
-7971
-8138
-8098
-7979
-7754
-7405
-6970
-6336
-5619
-4833
-3989
-3226
-2392
-1616
-910
-253
249
797
1166
1440
1744
2084
2440
2795
3092
3521
4002
4515
4989
5479
5996
6370
6772
7024
7131
7126
7063
6761
6298
5785
5166
4288
3422
2533
1618
845
-3
-721
-1312
-1750
-2045
-2170
-2306
-2299
-2268
-2205
-2127
-2148
-2190
-2249
-2320
-2384
-2356
-2288
-2125
-1936
-1553
-1094
-498
213
890
1612
2403
3289
4253
5198
6121
6862
7467
7922
8100
8186
8108
8024
7858
7577
7222
6795
6202
5584
4964
4423
3936
3429
2987
2512
2085
1605
1178
679
163
-285
-751
-1197
-1531
-1819
-2068
-2249
-2299
-2223
-2015
-1726
-1364
-893
-416
140
797
1487
2133
2760
3327
3841
4147
4162
3931
3369
2542
1525
420
-704
-1569
-2112
-2336
-2322
-2162
-1861
-1524
-1277
-1118
-1081
-1224
-1417
-1793
-2152
-2627
-3133
-3536
-3959
-4329
-4680
-5008
-5210
-5428
-5579
-5708
-5821
-5832
-5911
-5946
-5979
-5987
-6011
-6014
-5965
-5886
-5777
-5564
-5409
-5200
-4905
-4581
-4185
-3814
-3427
-3036
-2641
-2216
-1839
-1500
-1199
-883
-619
-325
-92
174
488
761
1064
1332
1701
2055
2385
2691
2929
3177
3408
3485
3481
3415
3236
2987
2581
2123
1640
1099
493
-181
-799
-1395
-1935
-2423
-2953
-3345
-3637
-3865
-3990
-4093
-4100
-4081
-4063
-3975
-3866
-3686
-3426
-3253
-2999
-2683
-2341
-1983
-1568
-1177
-793
-359
63
569
951
1405
1852
2150
2526
2810
3044
3180
3322
3352
3331
3290
3175
2983
2740
2595
2446
2244
2083
1890
1660
1491
1318
1194
990
744
551
373
144
-63
-237
-417
-581
-698
-799
-803
-750
-604
-457
-224
73
436
794
1066
1390
1791
2192
2477
2772
2955
3205
3378
3570
3739
3823
3923
3975
4047
4079
4072
3947
3833
3665
3448
3233
2967
2637
2279
1876
1460
1063
679
266
-166
-576
-881
-1220
-1542
-1769
-1977
-2134
-2263
-2353
-2414
-2431
-2416
-2359
-2250
-2167
-2025
-1857
-1737
-1573
-1368
-1154
-894
-640
-422
-137
154
421
655
911
1075
1180
1350
1406
1426
1480
1459
1384
1320
1263
1185
1034
933
808
661
542
366
182
27
-182
-383
-606
-871
-1128
-1402
-1661
-1920
-2162
-2414
-2601
-2836
-2973
-3033
-3101
-3162
-3159
-3122
-3056
-2931
-2798
-2690
-2522
-2384
-2180
-1981
-1907
-1774
-1614
-1495
-1354
-1274
-1144
-1030
-898
-803
-752
-660
-615
-543
-491
-517
-509
-513
-553
-571
-627
-669
-747
-802
-851
-930
-1006
-1002
-1017
-1001
-1041
-996
-977
-1007
-942
-960
-967
-894
-852
-859
-768
-731
-673
-650
-588
-519
-391
-285
-172
-55
44
160
270
393
512
626
640
739
836
866
866
928
947
983
990
949
963
918
882
818
823
790
774
688
698
638
524
434
368
325
216
183
108
70
28
-2
-3
-29
-52
-67
-43
-14
31
65
68
99
126
92
150
150
147
181
204
164
239
297
243
296
330
401
417
435
411
505
489
471
472
446
494
461
478
470
448
466
464
438
432
452
474
462
461
463
461
462
467
440
436
425
479
475
425
439
474
491
477
544
530
546
616
641
645
693
723
695
736
741
762
725
725
727
708
725
686
704
673
630
633
669
654
660
632
607
647
629
619
520
536
520
530
550
496
521
498
493
525
548
532
551
563
576
541
541
537
537
559
572
554
569
546
545
518
456
486
422
461
413
372
395
380
344
315
321
229
213
192
183
94
25
-39
-75
-65
-133
-179
-235
-291
-338
-336
-425
-471
-451
-515
-537
-550
-538
-549
-555
-516
-520
-456
-424
-420
-377
-353
-290
-209
-208
-120
-65
-8
87
126
177
201
294
352
378
431
438
512
538
582
579
606
637
629
697
696
685
703
755
767
798
798
762
782
791
807
809
776
752
701
739
754
743
727
728
731
718
707
690
738
717
738
704
755
727
668
702
675
613
615
585
619
592
567
585
508
542
491
453
448
428
375
345
356
284
277
213
162
171
137
62
27
36
-60
-83
-117
-116
-147
-245
-264
-260
-284
-333
-329
-321
-334
-385
-342
-348
-367
-319
-370
-384
-395
-403
-390
-392
-384
-417
-449
-407
-416
-401
-372
-360
-353
-369
-310
-312
-299
-297
-285
-240
-231
-220
-187
-171
-166
-110
-102
-76
-89
-109
-75
-86
-75
-18
-30
-33
-10
-18
-58
-53
-36
-7
5
22
-14
6
91
100
74
107
143
118
156
156
194
205
225
215
208
264
248
278
261
248
310
268
282
295
265
318
297
281
265
247
252
258
283
287
297
319
318
317
302
251
274
242
201
213
187
185
164
137
108
56
71
45
-13
-42
-64
-84
-178
-182
-238
-271
-277
-318
-373
-386
-390
-441
-441
-485
-507
-541
-556
-552
-566
-537
-524
-571
-525
-536
-560
-582
-591
-590
-589
-583
-594
-574
-601
-592
-583
-561
-543
-514
-515
-490
-447
-450
-441
-384
-379
-370
-362
-385
-317
-255
-223
-265
-249
-179
-116
-143
-133
-118
-104
-79
-48
4
-51
-17
15
-15
-12
48
54
75
121
159
167
131
157
226
235
222
300
344
346
429
451
439
480
482
504
541
571
620
612
666
681
691
692
716
754
759
790
795
842
867
861
888
873
874
946
946
934
949
946
945
944
939
949
912
861
841
828
816
808
797
795
737
744
713
665
637
609
571
562
535
502
471
455
421
402
377
334
313
291
313
246
249
249
248
232
238
192
195
216
200
195
180
180
142
134
120
142
124
155
204
167
154
190
222
212
216
233
212
203
229
295
280
290
306
331
369
315
373
371
385
373
387
369
404
419
428
427
394
411
384
398
396
366
349
347
361
310
296
275
258
233
228
246
237
252
211
227
211
216
153
184
169
148
150
124
124
76
90
139
88
39
79
61
51
46
83
86
61
62
89
39
15
65
62
44
8
13
-17
-49
-54
-68
-90
-119
-147
-205
-188
-255
-326
-275
-346
-377
-359
-380
-348
-374
-443
-453
-477
-475
-517
-501
-530
-543
-548
-637
-551
-562
-548
-549
-568
-562
-542
-551
-568
-536
-543
-511
-473
-442
-448
-414
-372
-337
-336
-337
-339
-330
-332
-304
-227
-218
-258
-248
-214
-224
-228
-230
-242
-251
-224
-216
-221
-218
-185
-214
-199
-139
-147
-132
-93
-102
-84
-77
-100
-83
-85
-55
-32
-28
-10
-13
18
26
78
64
56
91
85
147
178
132
134
171
153
180
192
216
222
169
228
180
225
245
241
208
168
176
205
209
140
150
113
155
102
73
49
11
-3
-21
-31
-91
-138
-199
-173
-215
-243
-261
-298
-310
-365
-391
-354
-358
-412
-412
-407
-417
-439
-465
-454
-486
-462
-463
-485
-487
-484
-510
-488
-474
-477
-465
-458
-422
-441
-447
-450
-390
-446
-402
-411
-412
-390
-360
-328
-372
-372
-365
-369
-360
-282
-324
-334
-304
-319
-288
-310
-316
-275
-297
-278
-287
-276
-211
-204
-244
-190
-207
-185
-123
-114
-100
-95
-58
-37
-26
43
75
106
132
152
193
185
216
274
259
322
361
330
372
384
406
398
368
417
407
378
412
403
409
434
439
402
442
427
428
421
396
363
381
396
421
409
382
417
362
400
369
345
356
342
351
343
351
355
345
272
301
336
331
295
279
322
295
293
308
266
252
292
268
272
289
282
256
251
231
209
205
162
218
195
142
141
145
152
166
160
141
162
193
156
158
165
178
194
170
152
168
189
169
198
168
181
146
188
159
155
170
174
200
194
159
171
198
208
214
234
236
275
256
243
288
243
252
294
307
283
298
324
341
341
339
306
339
350
367
371
350
382
434
388
389
431
431
464
447
428
483
447
462
479
428
423
415
444
416
411
382
357
327
386
385
362
379
322
303
271
279
224
175
221
195
198
174
140
93
103
148
39
81
104
69
75
34
59
84
8
-5
13
-21
-14
7
-39
-38
-61
-75
-48
-73
-49
-69
-124
-75
-137
-143
-123
-153
-126
-97
-122
-122
-107
-85
-63
-42
-29
-54
-2
-46
-46
-19
-7
-37
-46
-19
7
-3
-19
-18
-3
19
-2
-12
-14
33
37
42
35
70
107
102
102
84
123
186
196
158
181
174
173
240
218
213
265
219
252
265
287
278
270
219
245
272
247
268
253
282
253
278
310
283
235
279
249
261
244
252
283
239
244
226
218
159
133
170
158
125
113
82
57
49
41
26
49
44
5
36
8
5
-14
13
-32
-27
-24
-28
-52
-103
-33
-55
-70
-66
-141
-118
-137
-143
-130
-185
-166
-175
-170
-183
-181
-198
-170
-178
-194
-162
-149
-182
-202
-189
-162
-145
-139
-145
-132
-122
-76
-55
-64
-91
-43
-26
-10
31
15
39
52
35
49
30
35
37
22
22
22
81
44
48
75
60
50
55
66
78
30
44
108
60
108
149
125
142
137
111
95
159
164
148
166
185
173
182
189
202
176
170
216
173
205
173
176
232
173
208
224
233
231
214
218
253
228
219
193
161
160
208
138
117
117
89
108
89
86
51
72
97
106
60
13
-28
1
-9
-57
-84
-87
-128
-153
-123
-186
-216
-182
-185
-190
-249
-234
-225
-221
-212
-233
-246
-244
-232
-221
-235
-249
-225
-238
-264
-207
-206
-225
-196
-180
-193
-164
-193
-185
-181
-151
-124
-121
-104
-94
-67
-111
-104
-75
-93
-72
-34
-70
-83
-56
-55
-87
-82
-85
-86
-37
-36
-62
-72
-9
-49
-21
-6
-58
-10
21
33
-1
34
9
70
115
99
139
130
109
110
136
177
161
165
224
187
214
283
229
197
277
262
259
298
330
287
272
287
281
303
291
297
256
323
301
269
279
233
233
253
178
177
192
158
198
182
162
191
158
151
125
96
91
99
95
-1
37
9
-27
7
-27
-18
-8
-22
-110
-97
-77
-100
-82
-124
-116
-109
-119
-140
-143
-173
-101
-123
-194
-170
-141
-78
-100
-96
-118
-97
-84
-102
-106
-100
-71
-71
-44
-75
-45
-48
-65
-73
-58
-54
-81
-54
-88
-65
-108
-78
-33
-106
-84
-133
-99
-103
-122
-64
-69
-67
-70
-20
-6
-16
-11
-9
-5
43
44
24
17
25
48
43
65
108
104
57
54
109
125
142
173
195
205
190
203
251
239
228
255
228
238
315
294
280
296
265
272
306
294
250
257
272
237
238
251
194
196
221
228
197
149
164
133
145
116
82
91
94
106
30
84
77
92
74
40
32
41
45
17
49
-24
17
58
64
80
48
33
48
-26
20
15
3
18
26
19
28
24
35
69
-12
27
37
33
45
42
65
71
5
33
38
10
-2
-17
-18
3
41
20
8
13
20
-7
-10
-6
13
4
31
53
28
44
67
87
48
39
79
98
117
114
90
123
87
123
135
138
140
166
193
195
191
209
229
245
283
264
327
304
297
301
284
308
273
282
281
266
322
323
274
306
297
336
342
312
319
311
288
311
238
248
210
241
275
270
250
206
208
193
209
171
149
145
160
203
139
100
141
97
130
154
115
151
140
143
172
180
129
129
160
162
54
103
151
86
131
68
119
73
47
102
73
89
98
73
70
114
62
95
116
76
89
104
136
46
71
69
89
99
87
109
48
39
113
85
127
142
99
110
112
124
106
145
118
97
89
77
101
89
79
102
90
91
108
86
125
134
116
200
172
176
165
182
232
216
196
203
213
231
239
231
255
248
239
265
260
292
247
272
267
267
272
255
287
261
300
269
273
308
251
250
320
301
232
252
263
249
277
304
280
265
256
256
274
265
223
225
251
242
280
236
245
269
252
209
218
222
220
216
221
219
194
167
195
168
230
232
207
203
186
245
242
240
216
229
240
236
254
219
215
238
233
203
171
214
231
199
174
196
195
211
198
166
158
122
138
158
159
130
106
108
134
143
137
132
138
115
171
158
120
112
104
154
172
222
201
185
198
210
244
206
206
226
247
244
219
279
285
235
270
263
278
279
267
252
240
271
283
310
293
285
291
299
299
279
250
241
294
284
221
204
255
218
230
229
242
239
168
194
185
185
193
172
159
159
176
137
141
152
121
139
143
178
179
158
155
198
172
158
174
166
183
180
204
206
157
198
168
177
162
114
161
140
169
221
190
169
164
172
135
122
164
143
169
165
122
164
167
176
192
133
148
171
173
199
230
253
241
200
197
219
202
245
236
237
251
221
216
238
265
226
222
273
297
306
291
288
269
285
280
257
255
234
277
314
318
300
290
322
285
293
295
311
300
285
298
276
310
308
321
293
286
314
316
292
312
294
259
283
305
298
270
231
244
255
249
287
268
261
247
280
254
258
240
245
270
219
205
241
251
228
227
224
244
201
220
214
173
170
186
244
191
208
174
200
235
205
204
233
210
199
211
197
220
216
239
244
239
283
282
236
265
268
230
222
278
279
294
280
270
263
265
267
270
262
259
265
255
256
259
247
255
298
313
285
303
332
337
323
296
294
308
340
334
343
341
336
361
369
339
341
376
362
369
363
358
382
382
389
390
353
368
400
426
446
421
424
405
405
417
388
409
377
343
377
402
379
382
365
381
347
331
317
316
334
344
302
268
292
248
274
248
263
266
254
260
213
206
216
213
214
227
200
238
214
189
228
202
202
219
209
205
186
182
178
180
195
197
139
122
145
163
138
80
86
102
130
107
118
111
139
181
169
170
168
164
164
144
109
118
143
136
142
151
153
163
150
138
178
179
158
140
142
149
161
179
205
237
157
153
212
233
223
241
212
227
201
200
245
247
241
266
268
297
300
309
325
313
329
348
354
346
306
285
324
321
349
316
326
329
316
350
327
372
389
393
329
358
351
311
353
350
388
383
376
305
325
315
345
299
264
308
244
244
267
255
221
232
230
250
211
226
230
216
236
213
211
228
189
156
162
185
163
147
138
113
105
105
117
108
68
58
70
74
102
126
77
93
54
35
40
37
24
55
44
26
71
6
24
-4
7
7
-26
13
-23
4
0
6
5
13
76
35
57
44
43
48
46
28
57
89
81
76
74
69
91
107
92
114
106
117
122
120
159
129
176
162
161
160
157
182
207
206
201
221
192
215
191
210
211
212
195
229
223
196
205
225
214
213
258
218
230
225
202
231
212
190
190
198
219
229
235
222
231
201
216
229
211
229
248
254
185
219
253
201
226
222
225
258
203
242
231
217
206
154
145
157
134
141
150
151
128
169
192
196
170
163
178
120
165
146
165
184
186
166
124
145
163
166
174
177
176
137
149
141
177
142
137
160
146
212
136
164
168
177
164
159
220
173
123
145
172
189
164
160
143
131
134
164
166
159
199
153
164
177
180
189
205
162
170
182
169
149
116
134
150
178
235
228
230
248
208
226
253
272
255
235
276
195
232
265
233
245
237
222
229
263
253
224
235
207
244
254
202
182
234
199
216
197
158
204
173
220
188
172
149
174
172
114
148
160
156
126
156
116
138
125
89
102
76
100
108
65
57
100
81
100
101
127
97
124
92
71
57
59
116
61
90
96
71
102
108
74
119
125
115
105
68
106
96
96
87
91
107
96
99
116
76
118
134
72
104
71
97
122
88
74
99
146
153
171
129
150
150
106
135
117
143
182
148
178
169
158
126
95
135
116
138
196
148
183
194
216
226
222
215
169
160
207
176
209
221
172
190
184
198
237
187
178
200
170
221
214
221
217
201
186
145
156
153
188
147
164
187
144
198
192
155
189
188
148
189
182
184
186
196
184
183
160
174
201
192
143
127
127
142
140
143
166
148
190
173
162
164
122
157
191
202
193
181
182
192
165
206
137
158
198
152
181
226
192
150
134
129
161
164
173
141
155
108
116
106
95
148
114
142
180
175
182
195
183
151
160
187
211
256
226
211
224
246
259
202
230
234
217
202
172
206
183
203
236
169
192
229
172
195
217
209
202
183
175
201
209
207
194
198
184
136
92
97
109
107
117
116
128
115
54
69
95
91
102
52
19
44
44
80
52
48
88
19
39
18
-1
29
-44
-29
-19
-20
-30
4
-11
-79
-36
-34
-29
-23
-48
-16
-26
-38
-29
-37
-20
-47
-18
-14
-28
-19
-43
14
22
-24
18
-25
-34
-28
-42
-28
-26
21
15
20
22
21
21
17
93
67
62
72
50
71
93
67
88
117
71
109
104
117
114
139
125
99
152
167
148
140
127
156
184
148
152
159
186
159
149
125
158
179
156
173
191
220
208
214
209
227
239
252
232
237
263
262
269
265
268
270
319
300
306
303
265
263
253
224
285
270
247
257
233
254
271
256
244
279
283
229
229
236
246
251
223
240
192
231
226
198
230
195
239
219
197
196
202
167
156
252
211
211
209
169
152
157
135
150
158
165
188
175
175
206
140
152
179
126
123
122
120
146
135
175
152
140
142
143
161
103
150
122
107
123
81
123
101
133
153
141
105
140
119
69
56
75
63
51
73
62
98
49
7
39
78
58
62
107
109
81
76
78
101
78
95
53
109
98
38
107
99
90
85
122
99
88
106
81
114
117
60
49
89
108
79
66
68
108
69
38
42
24
72
24
33
63
44
94
61
55
57
70
67
36
34
53
71
39
37
69
42
35
54
52
46
94
79
79
96
79
107
144
118
100
101
119
163
165
151
155
158
167
126
106
125
147
195
176
113
151
157
142
151
118
132
162
179
171
183
140
135
140
150
189
185
166
132
177
227
197
211
261
231
232
271
272
243
235
280
250
284
285
268
262
270
257
291
278
276
288
265
318
247
279
280
245
272
249
248
256
270
275
306
278
270
241
263
275
240
276
222
203
228
218
210
227
255
237
206
193
175
176
167
226
185
183
197
193
211
141
157
148
158
155
125
135
159
113
122
131
146
155
131
116
120
127
100
152
118
98
112
72
104
107
109
123
76
103
111
86
107
90
59
103
116
117
91
72
71
36
19
67
117
100
68
93
103
102
82
36
83
119
65
57
42
41
30
27
51
79
66
90
69
42
65
55
21
49
52
46
88
36
31
61
38
48
66
65
63
109
78
67
93
95
104
88
76
72
65
84
60
77
82
118
57
64
93
80
109
128
93
64
100
129
116
81
100
113
54
92
128
126
151
135
84
61
79
69
93
138
116
134
158
140
129
155
182
146
161
195
157
186
221
143
160
232
219
218
231
236
236
244
227
224
235
231
249
236
220
255
255
222
181
243
181
181
220
223
240
213
226
201
230
222
233
207
218
207
185
223
169
212
180
174
162
194
140
132
148
135
151
184
195
154
148
159
162
135
170
192
192
179
223
186
188
164
133
171
224
191
199
163
170
186
177
190
202
199
171
145
143
199
172
154
144
146
199
149
166
158
203
183
121
132
150
133
126
140
99
123
93
84
98
100
125
99
60
84
76
56
24
47
66
46
64
81
71
43
53
32
15
43
62
46
46
54
70
58
42
84
57
30
42
58
43
23
60
38
35
50
21
77
77
89
39
-10
26
6
49
25
26
15
50
-4
-28
78
8
14
75
49
51
56
60
68
81
135
110
113
125
105
91
87
97
90
100
114
103
143
142
132
128
140
122
120
142
125
135
146
135
150
170
169
203
197
149
132
160
136
131
135
171
150
152
158
152
167
168
169
199
137
170
213
193
216
162
154
190
176
170
170
200
199
215
197
232
222
202
255
175
201
196
217
206
181
202
203
213
214
167
176
178
135
177
181
160
128
164
213
172
153
118
164
171
139
140
129
93
100
97
85
132
146
148
172
137
144
167
114
178
176
146
155
174
200
179
157
176
186
148
154
188
183
184
195
167
149
121
132
121
82
126
119
104
113
133
127
105
118
167
172
153
155
128
131
110
129
142
160
156
127
155
154
176
174
141
140
130
112
91
154
106
90
153
115
100
98
115
106
105
94
93
130
119
96
128
137
102
73
69
69
72
75
88
72
45
29
74
13
33
30
59
36
41
58
33
41
23
76
46
116
76
44
57
47
45
45
25
80
97
64
108
92
70
80
46
64
123
81
92
81
65
115
136
80
77
102
95
110
76
101
122
134
128
78
116
138
126
124
156
159
154
124
109
114
120
130
114
172
125
155
165
141
151
128
169
175
162
129
150
185
175
161
163
167
165
187
194
177
213
202
215
192
129
161
223
202
188
248
205
203
238
208
215
220
247
251
207
249
245
240
257
260
227
232
177
207
207
226
252
252
228
163
206
145
158
183
188
178
208
211
202
160
171
184
150
163
146
139
129
123
109
122
128
91
103
149
131
171
195
165
119
80
104
83
96
84
80
69
72
85
41
44
60
43
35
68
4
-9
33
50
29
3
10
14
33
52
3
10
33
-24
-11
-7
53
31
-14
24
9
12
33
19
17
9
6
-41
-57
0
-20
-15
23
5
28
41
31
16
16
30
53
31
84
41
50
35
26
66
65
44
27
62
7
33
43
24
32
39
10
-4
17
33
26
6
46
63
39
73
91
63
110
74
17
47
65
35
56
69
59
73
105
108
94
83
76
59
95
80
75
89
99
99
43
98
89
77
62
95
57
1
16
69
90
45
61
81
103
71
75
119
114
73
85
74
48
54
33
87
94
117
132
135
78
100
124
73
97
99
122
118
97
117
54
75
86
43
85
79
90
53
47
65
67
64
66
57
39
50
62
45
69
59
26
70
31
30
52
24
81
77
97
80
96
63
91
88
96
132
89
104
95
88
116
116
95
99
81
92
99
86
61
124
88
84
94
104
105
95
144
128
100
85
71
83
78
66
98
59
104
58
73
129
78
82
57
34
35
0
18
-1
15
25
58
60
38
62
54
78
52
48
43
69
68
46
11
46
23
56
58
62
100
102
104
66
69
63
64
75
77
79
78
100
73
61
92
66
98
84
92
84
102
112
125
108
134
153
84
138
136
126
141
118
125
111
114
162
125
156
169
181
181
148
171
150
152
170
164
140
168
165
180
149
160
161
147
162
139
139
113
116
145
149
139
161
122
139
148
100
132
125
147
122
123
130
118
82
75
82
86
104
41
84
84
11
0
18
31
15
-19
12
21
-4
-29
-13
-11
-22
44
0
-37
-48
-18
5
-25
-57
5
5
-25
-7
-36
-20
-14
-32
-28
-15
-20
-9
18
15
14
-8
32
12
-14
4
-7
14
0
-7
0
17
3
5
45
-9
35
1
-2
21
0
2
7
2
-20
-2
0
3
7
21
15
4
-25
-9
16
19
52
54
67
82
63
