13
-2
20
-6
18
-9
12
12
0
-8
23
5
-1
23
7
16
28
-19
-39
-21
-10
-28
8
-29
-62
-68
-65
-35
-92
-100
-47
-14
-20
-42
-18
-66
-66
-69
-70
-55
-71
-69
-41
-45
-86
-131
-83
-101
-103
-95
-111
-77
-93
-54
-45
-89
-39
-56
-81
-53
-27
-61
-65
-52
-86
-45
-64
-22
-30
-80
-4
-32
-85
-12
-53
-40
-20
-28
0
-12
4
-12
-17
-16
-55
-33
-21
-27
-34
-40
-33
18
24
15
1
-27
-13
5
0
10
47
21
10
-25
-10
-17
-77
-76
-70
-80
-46
-79
-48
-53
-73
-30
-42
-54
-31
-11
29
27
32
15
-13
16
-31
28
-3
-28
-28
-24
-31
-73
14
-31
-58
7
-36
-22
-25
-88
-64
-92
-83
-46
-61
-45
-15
-45
-69
-48
-42
-61
-37
-65
-31
-50
-52
-49
-66
-23
-42
-68
-84
-96
-56
-22
-41
-27
-50
-41
-57
-49
-38
-56
-19
-6
-18
-14
-18
-49
-32
-49
-23
25
-6
-2
1
5
12
26
9
-19
14
31
-5
22
13
44
59
23
11
14
29
15
-17
-11
-67
-62
-23
-24
2
10
2
10
10
40
-2
-20
5
-12
-8
-32
-41
-35
-42
-41
-20
-18
-56
-32
-26
-1
-11
-25
-12
8
-36
12
45
70
37
28
19
5
40
64
62
50
100
61
53
66
46
61
75
33
70
71
3
3
17
34
23
-28
-5
6
34
7
2
-10
-53
19
4
-20
-76
-32
18
-1
-48
-14
-13
8
-20
31
16
36
53
51
77
38
-2
-13
16
-2
50
27
39
54
53
73
44
111
97
88
81
7
68
54
42
82
50
44
29
28
17
-16
-8
-59
-32
-24
-54
-67
-58
-66
-95
-15
-59
-65
-11
2
5
-3
-40
-63
-37
-45
-36
20
6
2
1
-10
-13
22
-14
-21
22
-10
-30
-12
3
-8
12
17
22
3
11
-6
-20
-19
-6
-26
-5
-41
-46
-19
-20
4
-3
11
-6
-12
-30
-24
-62
-52
-28
-64
-62
-28
-37
-55
-68
-55
-25
1
-1
-10
-13
-29
-28
-11
-55
-81
-31
-67
-34
-9
-68
-33
-74
-78
-14
-90
-138
-90
-78
-99
-93
-81
-74
-108
-101
-60
-45
-38
-28
-38
-17
-23
-14
-27
-30
-14
-31
-8
-30
21
-21
-27
6
-14
1
-40
0
37
5
23
51
43
48
33
29
26
33
40
-1
22
6
23
42
-1
48
14
17
42
85
71
54
60
9
29
-3
-15
4
-12
-2
-25
-16
2
-19
37
60
17
61
6
-2
3
6
-10
-32
-11
-5
-6
-27
16
-14
-11
13
30
0
-12
-6
-3
-22
-16
-12
-1
0
13
-5
-21
-34
-16
-14
-7
29
12
5
23
68
89
69
43
37
29
16
51
12
6
-39
25
46
6
62
81
21
59
59
-1
39
27
22
32
20
30
43
16
32
32
-17
0
35
-8
18
1
16
28
68
62
48
66
60
95
93
88
91
44
76
95
79
112
77
59
44
70
88
23
49
81
119
89
60
85
66
68
119
79
60
101
107
68
77
95
69
75
102
116
109
96
47
64
89
99
108
97
127
104
133
123
126
162
143
138
139
111
112
125
97
166
134
90
126
113
125
104
99
117
122
139
163
151
143
133
186
150
147
174
117
134
116
154
145
183
140
161
163
141
183
159
139
132
155
171
175
162
179
153
178
154
162
119
137
118
84
132
138
136
98
83
105
106
94
106
64
141
102
74
103
73
75
84
116
122
106
155
166
144
135
151
119
97
132
135
164
138
142
173
152
170
138
163
148
155
162
127
133
125
109
128
128
95
86
96
114
86
80
85
110
100
149
123
66
62
111
85
56
49
52
96
75
46
-14
2
33
39
24
61
56
3
28
19
7
12
22
46
37
33
37
49
49
24
24
38
10
27
9
21
24
-10
-33
-15
-10
-57
-65
-65
-61
-75
-72
-63
-33
-41
-42
-62
-83
-88
-86
-101
-70
-37
-9
-32
-21
-25
-5
14
-19
11
-34
-15
22
17
3
-5
-15
-43
-27
-29
-68
-61
-55
-61
-49
-33
-72
-40
-18
-43
-20
-31
-25
-55
-51
-31
-30
-6
-58
-73
-107
-119
-80
-94
-46
-38
-93
-65
-80
-48
-31
-73
-28
-58
-38
-16
-47
-79
-50
-49
-53
-31
2
-33
-41
-30
19
7
-16
5
18
13
18
-1
3
-19
-32
-11
30
-11
-4
34
-26
-19
-30
-58
-63
-33
-90
-79
-16
3
-36
-63
-36
-67
-34
-76
-19
12
-18
-18
2
-10
-24
-19
-59
-22
-6
-20
21
3
-9
19
7
19
45
73
28
38
36
29
54
48
57
75
120
86
106
89
-23
19
34
61
28
-15
28
1
0
1
8
-14
7
-18
-43
14
-16
-17
-43
-20
-4
-45
31
11
24
-12
0
34
-24
26
19
14
13
-5
11
-9
10
24
2
40
22
29
38
20
10
47
12
28
63
44
61
48
80
39
47
36
-4
19
37
55
15
26
-18
25
47
-2
40
23
-9
17
35
-10
28
34
64
73
53
83
75
49
34
55
49
90
106
133
138
71
114
102
129
139
117
158
124
130
137
117
113
104
97
105
118
142
114
76
108
93
116
96
63
99
93
108
152
150
143
145
141
87
117
118
163
174
171
166
137
131
118
144
179
121
164
129
126
207
146
213
200
155
169
169
166
171
200
189
184
194
213
194
175
227
202
199
153
165
147
182
170
156
266
197
231
236
211
208
161
176
196
214
201
204
167
174
134
124
132
148
123
147
114
131
122
140
96
71
101
107
75
76
134
65
78
143
122
94
88
79
34
41
64
52
51
82
55
78
101
63
88
69
108
92
59
34
94
65
35
57
48
76
40
76
69
87
52
45
93
82
21
53
57
14
24
-2
11
45
23
35
37
16
62
11
25
76
66
51
26
52
39
-7
41
34
31
25
-3
0
42
14
-11
-4
12
-19
-19
-29
-62
-23
-15
-10
-14
-23
-9
-5
0
21
-23
-24
51
47
3
9
39
33
-7
-21
-16
12
0
-24
2
34
48
49
56
60
58
5
34
26
31
17
7
42
43
-9
0
6
-17
-39
-59
-64
-14
-60
-50
-64
-69
-40
-42
-66
-46
11
-34
-6
-41
-34
-40
-54
-20
-20
-55
-55
-69
-11
-12
-52
-51
-17
-17
-41
-28
-48
-13
-7
-74
-82
-66
-40
-38
-33
-42
-36
-48
-76
-56
-90
-75
-54
-34
-80
-99
-75
-51
-90
-86
-80
-122
-69
-100
-93
-29
-54
-81
-68
-84
-80
-55
-42
-81
-52
-50
-21
-5
-31
-17
-53
-35
-61
-23
-14
23
-8
-17
3
30
-40
-16
15
1
-26
-49
-57
4
20
-20
26
-42
-36
-64
-15
-35
-48
-39
-84
-76
-68
-54
-76
-74
-43
-49
-55
-47
-53
-18
-16
-10
-48
-53
-20
-43
-39
-18
-52
-24
-5
-42
-95
-103
-87
-78
-60
-41
-47
-75
-51
-90
-83
-56
-57
-32
-54
-37
-4
-13
-26
-8
-34
-69
-73
-69
-67
-31
-65
-34
-40
-74
-84
-95
-59
-116
-65
-23
-73
-81
-64
-109
-119
-99
-143
-125
-109
-131
-112
-113
-108
-110
-129
-125
-136
-139
-115
-114
-122
-134
-95
-121
-90
-64
-90
-65
-66
-95
-89
-52
-41
-18
10
-35
-91
-76
-102
-76
-59
-21
-13
-66
-70
-41
-38
-21
-14
-76
-25
-32
-10
-18
-50
-61
-52
-37
-86
-34
-73
-30
-32
-54
4
-28
-52
-40
-27
-37
32
34
0
20
31
1
31
9
-32
-6
-2
10
9
-11
14
-12
-11
-13
-3
41
5
-4
-30
-37
-14
-29
-47
-97
-84
-92
-90
-66
-69
-78
-62
-69
-34
-26
-7
6
-43
-53
-61
-47
-37
-22
-34
8
-27
-37
-28
-48
-19
-16
-10
0
-2
13
-29
-5
-9
2
18
-15
38
-7
-18
-36
-67
-68
-83
-93
-44
-17
-53
-69
-2
-39
-42
-50
-137
-91
-70
-103
-56
-88
-70
-42
-57
-44
-76
-52
-40
-24
-19
-60
-16
-32
-86
6
-34
-35
-38
-26
-5
-31
-34
-64
-4
29
-9
4
-5
-40
1
-51
-51
-14
-60
-58
-80
-65
-32
-74
-60
-38
-37
-65
-25
-47
-81
-84
-54
-74
-53
-97
-106
-55
-71
-64
-94
-74
-58
-33
-45
-47
-35
-29
-16
-3
-25
-41
-13
9
24
-13
-16
-55
-32
-6
-23
-34
-26
-29
14
-29
-64
-54
-31
-87
-107
-74
-86
-97
-106
-56
-107
-105
-83
-65
-86
-91
-93
-91
-71
-63
-86
-92
-59
-82
-65
-129
-123
-56
-57
-54
-27
-37
-70
-74
-39
-76
-66
-74
-125
-68
-53
-45
-97
-86
-53
-96
-75
-98
-74
-54
-85
-98
-106
-83
-93
-65
-73
-85
-105
-76
-75
-34
-91
-97
-72
-105
-75
-70
-71
-109
-53
-28
-73
-42
-91
-74
-22
-50
-17
-12
-14
-50
-23
-41
5
2
18
20
14
7
20
35
17
-1
-32
-37
-45
-1
-5
-31
-54
-65
-34
-35
-46
-65
-33
-35
-56
-30
-63
-52
-29
-44
-56
-83
-12
-5
-92
-50
-34
-55
-20
-43
-40
-32
-54
-20
-33
-47
-45
-39
-73
-75
-10
-23
-16
-35
-41
-27
-21
-60
-31
-51
-39
-57
-42
23
-20
14
-6
0
14
15
35
46
15
-6
-18
-2
19
22
28
18
-7
-28
-41
-46
-38
-46
-40
-70
-46
-64
-75
-41
-50
-51
-62
-59
-10
-24
-22
-86
-86
-45
-50
-38
-56
-52
-16
-10
-49
-47
-53
2
-6
-20
-5
-50
-33
-59
-51
-49
-53
-12
-56
-80
-57
-22
-32
-74
-78
-104
-83
-54
-120
-76
-89
-70
-64
-100
-75
-96
-37
-60
-66
-55
-38
-34
-26
-23
8
-26
-77
-66
-57
-37
-61
-80
-64
-72
-42
-43
-37
-48
-56
8
-26
-55
-76
-28
-8
-21
-36
-35
-36
-21
-36
-24
16
-17
-30
-62
-13
-37
-30
-28
-18
-36
-57
-34
-75
-71
-32
-44
-75
-57
-84
-80
-91
-122
-123
-170
-95
-132
-162
-114
-76
-64
-104
-161
-168
-132
-157
-111
-101
-114
-73
-103
-141
-157
-146
-143
-116
-98
-105
-115
-129
-103
-141
-123
-93
-120
-62
-128
-127
-80
-141
-84
-100
-138
-124
-106
-116
-103
-73
-110
-68
-78
-134
-81
-80
-93
-98
-86
-108
-96
-90
-103
-87
-79
-131
-124
-135
-125
-86
-117
-100
-115
-106
-57
-93
-100
-66
-113
-112
-104
-72
-79
-80
-69
-94
-56
-100
-64
-59
-55
-90
-113
-83
-75
-112
-92
-88
-128
-117
-70
-72
-118
-106
-76
-87
-104
-108
-133
-120
-103
-133
-145
-95
-117
-95
-82
-123
-141
-118
-82
-103
-92
-87
-77
-105
-107
-128
-113
-133
-116
-132
-144
-165
-126
-146
-185
-138
-177
-158
-169
-191
-191
-166
-164
-173
-187
-190
-156
-162
-225
-174
-183
-192
-156
-174
-148
-138
-162
-147
-118
-128
-169
-155
-131
-140
-204
-180
-147
-160
-132
-170
-172
-109
-133
-125
-109
-113
-105
-114
-149
-190
-138
-115
-117
-127
-126
-108
-119
-113
-115
-105
-104
-98
-81
-120
-93
-103
-77
-77
-55
-57
-20
-43
-68
-56
-105
-111
-118
-71
-59
-87
-93
-107
-93
-57
-86
-85
-87
-78
-114
-93
-78
-99
-95
-112
-123
-111
-142
-138
-115
-136
-115
-106
-101
-117
-118
-118
-158
-141
-156
-160
-145
-92
-158
-135
-115
-159
-152
-145
-117
-143
-147
-113
-101
-94
-103
-98
-55
-89
-72
-61
-38
-32
-57
-57
-85
-41
-63
-47
-65
-70
-27
-63
-87
-92
-37
-42
-46
-68
-29
-13
-51
-48
-22
-97
-92
-83
-78
-84
-104
-114
-127
-161
-191
-153
-178
-166
-173
-176
-205
-186
-154
-174
-156
-159
-157
-149
-139
-143
-90
-110
-158
-123
-100
-134
-131
-128
-97
-88
-84
-93
-88
-88
-106
-64
-106
-82
-104
-92
-141
-145
-126
-179
-137
-168
-128
-131
-120
-160
-143
-135
-143
-135
-125
-165
-185
-135
-185
-168
-179
-176
-170
-179
-201
-182
-244
-189
-183
-235
-171
-201
-158
-156
-181
-170
-174
-193
-221
-169
-135
-168
-180
-190
-238
-262
-273
-243
-220
-230
-223
-232
-261
-264
-236
-273
-230
-245
-246
-241
-242
-191
-225
-237
-253
-219
-250
-238
-249
-293
-265
-209
-263
-239
-205
-220
-198
-262
-206
-239
-185
-194
-238
-216
-250
-190
-180
-217
-170
-190
-209
-243
-212
-230
-237
-227
-264
-243
-243
-198
-221
-272
-268
-290
-271
-240
-268
-254
-235
-238
-253
-244
-239
-259
-315
-276
-268
-276
-229
-258
-273
-285
-262
-274
-289
-267
-291
-263
-263
-270
-248
-261
-291
-304
-244
-236
-249
-252
-246
-237
-227
-210
-172
-175
-207
-236
-245
-254
-271
-264
-249
-239
-231
-253
-267
-226
-280
-246
-210
-225
-243
-260
-197
-258
-245
-250
-291
-272
-245
-259
-216
-242
-210
-203
-219
-204
-212
-198
-232
-194
-184
-181
-215
-215
-181
-217
-195
-217
-216
-202
-236
-198
-183
-200
-240
-211
-223
-193
-199
-179
-159
-177
-173
-169
-186
-188
-199
-218
-233
-221
-178
-196
-124
-168
-186
-174
-215
-239
-235
-223
-231
-177
-163
-179
-176
-129
-62
-108
-95
-102
-132
-97
-97
-87
-82
-72
-99
-72
-82
-86
-67
-84
-41
-61
-23
-33
-31
-18
-86
-63
-97
-126
-134
-123
-122
-119
-78
-130
-101
-130
-158
-162
-171
-151
-146
-131
-130
-106
-135
-164
-172
-182
-170
-176
-171
-151
-129
-132
-98
-100
-93
-135
-134
-133
-138
-151
-187
-163
-144
-148
-134
-122
-138
-119
-147
-140
-128
-94
-105
-103
-140
-153
-110
-140
-149
-172
-127
-141
-116
-78
-135
-99
-76
-157
-114
-91
-153
-98
-146
-147
-158
-91
-122
-132
-104
-159
-110
-133
-131
-110
-87
-83
-60
-63
-106
-68
-72
-101
-101
-108
-105
-124
-75
-87
-100
-73
-99
-106
-107
-81
-67
-128
-112
-76
-100
-100
-79
-103
-110
-106
-106
-122
-148
-106
-157
-136
-135
-128
-136
-105
-110
-167
-132
-120
-140
-90
-100
-138
-115
-67
-46
-95
-85
-47
-112
-115
-73
-98
-73
-65
-36
-58
-70
-128
-124
-157
-170
-124
-189
-149
-163
-150
-119
-130
-122
-94
-116
-105
-139
-145
-173
-213
-146
-135
-138
-139
-131
-174
-157
-170
-195
-192
-170
-179
-244
-178
-172
-169
-135
-135
-148
-158
-159
-172
-148
-136
-200
-213
-199
-215
-235
-209
-192
-229
-245
-203
-202
-214
-222
-201
-194
-236
-245
-188
-244
-218
-166
-195
-186
-212
-212
-226
-242
-274
-247
-232
-272
-233
-166
-155
-206
-239
-256
-213
-211
-219
-250
-238
-252
-230
-204
-239
-185
-168
-171
-169
-174
-175
-202
-202
-198
-219
-214
-211
-215
-200
-227
-185
-258
-228
-213
-208
-189
-227
-227
-247
-242
-272
-265
-257
-237
-224
-234
-262
-276
-227
-236
-288
-272
-219
-268
-267
-268
-287
-261
-209
-237
-225
-197
-244
-242
-243
-287
-270
-220
-233
-214
-207
-192
-243
-291
-302
-257
-255
-242
-266
-248
-248
-236
-245
-238
-219
-216
-217
-261
-246
-227
-189
-197
-158
-160
-171
-156
-140
-130
-161
-137
-139
-122
-133
-162
-118
-101
-117
-122
-138
-154
-127
-95
-82
-95
-104
-141
-131
-68
-80
-87
-52
-62
-65
-43
-49
-43
-15
-40
-28
-55
-56
-63
-76
-24
-38
-43
-49
-45
-33
-41
-64
-88
-38
-40
-95
-30
-64
-100
-79
-32
-40
-23
6
-11
-17
-16
-8
-46
-5
31
4
36
24
19
15
-44
-36
17
-10
-27
-76
-55
-62
-90
-53
-63
-63
-91
-45
-29
-10
13
23
-11
-13
-33
-65
-44
-68
-66
-71
-85
-71
-59
-40
-77
-24
-22
-31
-34
-66
-58
-95
-75
-36
-36
-23
-33
-74
-67
-70
-59
-44
-66
-61
-72
-73
-10
-74
-90
-54
-58
-58
-114
-91
-109
-118
-88
-71
-95
-77
-54
-71
-54
-40
-84
-68
-98
-110
-103
-145
-94
-139
-99
-124
-143
-65
-100
-89
-49
-38
-62
-69
-60
-67
-74
-28
-60
-46
-40
-46
-48
-31
-19
-15
-49
-52
-37
-50
13
-11
-19
5
-15
-31
-50
-77
-82
-74
-26
-51
-79
-89
-47
-11
-59
-72
-53
-25
-54
7
-31
-47
-10
-42
-21
-43
-40
-28
-17
-83
-87
-95
-106
-31
-54
-71
-43
-62
-77
-55
-24
-53
-68
-80
-79
-87
-101
-55
-41
-77
-73
-47
-54
-44
-71
-78
-66
-71
-72
-71
-130
-111
-92
-76
-81
-92
-112
-103
-91
-88
-120
-140
-123
-120
-89
-121
-113
-117
-119
-131
-113
-118
-102
-122
-140
-140
-125
-141
-128
-91
-142
-100
-82
-82
-55
-55
-77
-40
-57
-103
-92
-82
-56
-41
-53
-39
-49
-28
-64
-56
-42
-103
-49
-88
-49
-42
-55
-67
-79
-45
-69
-57
-69
-12
26
3
-28
-44
-33
-53
-43
-78
-82
-71
-21
-16
5
-28
-64
-57
-58
-10
-35
-4
-37
-28
-41
-44
-82
-85
-57
-81
-96
-88
-38
-55
-73
-80
-94
-61
-41
-69
-81
-83
-48
-31
-78
-107
-65
-67
-77
-71
-67
-60
-83
-54
-72
-16
-46
-50
-65
-95
-107
-113
-138
-131
-139
-149
-102
-129
-109
-90
-69
-123
-108
-108
-113
-83
-105
-99
-99
-115
-53
-109
-69
-37
-94
-78
-90
-97
-94
-43
-86
-81
-93
-103
-83
-76
-90
-117
-122
-107
-102
-144
-113
-116
-74
-72
-107
-70
-82
-57
-69
-50
-26
-67
-71
-51
-58
-77
-131
-139
-66
-67
-47
-47
-56
-84
-112
-97
-100
-123
-88
-95
-92
-64
-83
-44
-36
-32
2
18
22
-6
-41
-28
7
-6
3
17
-3
20
49
11
-3
-28
-60
-63
-31
-29
-36
-23
-2
-28
-67
-14
-8
-15
-33
-36
-32
-36
25
-21
-39
-21
26
23
0
23
-4
-6
11
46
-4
20
32
-21
-9
-29
3
22
-15
-47
-74
-83
-85
-54
-62
-89
-45
-38
-47
-38
-44
-107
-14
14
13
3
-9
44
40
67
-17
7
-19
-25
-13
-57
-60
-30
-35
-61
-44
-77
-51
-58
-79
-106
-96
-94
-101
-93
-151
-99
-85
-93
-80
-55
-97
-64
-59
-104
-73
-91
-84
-88
-67
-64
-76
-113
-76
-105
-43
-146
-21
-183
-35
-247
4
-846
-2551
-832
1225
136
-1277
-2228
-2389
-476
261
-345
-1550
-1964
-1336
-1804
-1562
172
-496
-2270
-1810
-1135
-1059
-1163
-951
-471
-808
-1172
-1274
-1229
-419
335
-163
-698
-652
-554
-277
93
698
624
-166
-490
105
524
805
817
460
482
261
191
607
1076
1173
636
13
340
768
670
806
740
590
187
-110
252
722
623
387
-83
-331
-171
58
257
22
-125
-289
-739
-554
-168
-227
-448
-629
-802
-663
-789
-710
-502
-554
-658
-895
-1013
-709
-617
-673
-446
-689
-829
-785
-689
-413
-349
-483
-587
-591
-569
-319
-302
-274
-386
-413
-383
-341
-235
29
-78
-284
-121
-198
-130
135
146
94
-7
-158
22
177
305
345
-81
-46
103
163
419
365
218
92
93
190
289
329
309
208
66
208
119
203
355
214
77
118
10
26
140
180
147
-74
-310
-350
-180
-107
-177
-400
-470
-540
-706
-684
-511
-439
-572
-1082
-1281
-985
-817
-909
-1101
-1540
-1400
-1200
-1257
-1217
-1467
-1500
-1460
-1435
-1381
-1206
-1392
-1394
-1393
-1219
-955
-1059
-1164
-904
-791
-748
-584
-566
-491
-363
-299
-188
-237
38
99
-123
121
350
250
461
448
285
440
510
757
690
556
680
514
527
881
880
685
728
800
825
856
963
1062
944
893
1025
1052
1105
1259
1274
1322
1167
997
1098
1274
1394
1094
708
778
852
689
593
368
280
205
-223
-404
-471
-547
-805
-1095
-1277
-1420
-1708
-1969
-1954
-2103
-2173
-2482
-2709
-2802
-2888
-2935
-2934
-3037
-3152
-3252
-3270
-3092
-2979
-2958
-2938
-2961
-2808
-2617
-2434
-2139
-1953
-1834
-1607
-1417
-1080
-690
-440
-210
87
386
688
996
1379
1904
2256
2543
2745
3012
3367
3867
4319
4580
4746
5104
5375
5600
6082
5867
5562
5708
5985
5849
5509
5160
5050
4903
4608
4235
3672
3186
2715
2173
1731
1387
775
-55
-528
-781
-1195
-1821
-2399
-2639
-2813
-3314
-3709
-3815
-3934
-4183
-4327
-4212
-4206
-4291
-4268
-4035
-3765
-3671
-3540
-3359
-3065
-3012
-2765
-2317
-2024
-2036
-1842
-2384
-2856
-1854
-1111
-1379
-1913
-2559
-2825
-2283
-1637
-1605
-2381
-2824
-2845
-3106
-2607
-1863
-2265
-2856
-2783
-2601
-2401
-2003
-1465
-1315
-1358
-990
-841
-499
272
902
1273
1671
2099
2367
2802
3754
4534
4800
5161
5512
6021
6481
6817
7487
8186
7863
6984
6605
7197
8156
7986
6887
6096
5656
5432
5077
4761
4438
3507
2156
1361
1216
973
151
-789
-1352
-1912
-2880
-3601
-3716
-3653
-4022
-4891
-5499
-5573
-5585
-5527
-5364
-5233
-5395
-5691
-5631
-4902
-4243
-4032
-3913
-3680
-3220
-2819
-2488
-1992
-1384
-1064
-1017
-962
-567
-127
119
305
547
360
-948
-1603
-415
573
183
-1138
-2764
-3183
-2270
-1527
-1940
-2999
-3653
-4271
-4661
-3785
-2925
-3559
-4463
-4583
-4219
-3793
-3355
-2705
-2203
-2139
-2132
-1942
-1337
0
1051
1312
1567
1874
2311
3259
4540
5672
5946
5837
6108
6729
7646
8512
9000
9219
9487
9012
8380
8104
8637
9599
9373
7850
6400
5713
5729
5959
5501
4564
3151
1486
579
417
611
156
-1395
-2939
-3660
-4016
-4278
-4510
-4589
-4936
-6083
-7070
-6976
-6296
-5838
-5889
-6143
-6271
-6332
-6190
-5257
-4120
-3589
-3715
-3988
-3597
-2698
-1827
-1068
-604
-666
-865
-1038
-322
848
1396
932
413
-51
211
116
-1162
-579
503
-512
-2132
-3337
-3836
-2733
-1984
-2700
-4389
-5578
-5317
-5359
-5035
-3764
-4327
-6302
-6636
-5436
-4390
-3976
-3695
-3349
-3510
-3317
-2375
-1502
-340
940
814
688
1728
2619
3630
4668
5537
6277
5972
6005
7278
8297
9115
9580
9197
9303
9832
10328
11181
11244
9911
8470
8114
9261
10234
8194
6042
5852
5870
5137
3684
2721
2984
2043
-289
-1379
-1457
-1393
-2443
-4170
-4224
-4133
-5675
-7117
-6640
-5379
-5496
-7590
-8348
-6916
-6291
-6735
-6768
-5716
-4946
-5770
-6105
-4269
-2645
-2534
-2979
-2430
-901
-488
-769
232
1616
1971
1382
1252
1821
2857
2021
1267
2777
3273
1503
-1724
-2399
931
2108
-468
-2736
-4957
-5028
-3190
-2956
-3726
-5311
-7058
-8088
-8069
-6047
-4783
-7180
-8873
-7873
-7346
-7398
-6722
-5298
-4713
-5271
-5501
-4609
-3272
-1673
-460
-357
-3
492
843
1984
4315
5672
5394
4836
5527
6971
8168
9396
9946
9651
9662
10094
11064
12879
13836
14060
12837
10445
8271
8746
12653
15391
11936
5151
1973
5037
8892
7702
3717
1564
516
-1420
-3274
-1875
706
-974
-6491
-9031
-7084
-5490
-7104
-8319
-6433
-5886
-9744
-12996
-10241
-5141
-4325
-7676
-9083
-7258
-6371
-6663
-4876
-1188
-392
-3607
-5543
-2286
1774
2422
1227
1613
2686
1914
928
2802
6174
6234
3315
249
1517
4326
4002
1699
67
314
-125
-2039
-1812
-1128
-3372
-4762
-4888
-5233
-6164
-7208
-7259
-7302
-7605
-7842
-9444
-10410
-8304
-7080
-8277
-8603
-7751
-7119
-7162
-6020
-3816
-3332
-3963
-3304
-1766
-263
908
1328
2120
2929
3576
4025
4845
6363
7628
7525
7240
8050
9222
9742
10199
10841
11337
11445
11506
12330
13709
13820
12353
10118
8305
9707
12587
12516
8945
4730
3316
5210
6640
5388
2514
-66
-1232
-1833
-2683
-2547
-2238
-3897
-6767
-8318
-7643
-6640
-7484
-8344
-7699
-7689
-9438
-10792
-9224
-6010
-5218
-7138
-8071
-6968
-5511
-4729
-3623
-1671
-1124
-2515
-2984
-928
1749
2785
1719
1206
2187
2911
2906
3447
4322
4811
2254
-873
1478
4610
3555
786
-2696
-3467
-1200
-519
-1493
-3682
-6237
-6523
-6752
-6316
-5080
-6881
-9380
-9807
-9184
-8313
-8748
-9392
-8478
-8289
-8836
-8574
-7902
-6361
-5174
-5068
-4465
-3838
-3409
-2173
-562
1069
1892
1415
1597
2960
4519
5752
6230
6261
6572
6903
7340
8772
9703
9875
9530
9321
9891
11189
11914
12421
12423
11939
11940
11378
10075
8935
8909
10783
10088
6893
4926
4312
4758
4661
2453
1531
1363
-889
-3195
-4083
-2663
-1622
-4490
-7647
-7245
-6333
-6892
-8029
-7853
-6247
-7156
-9831
-9509
-6986
-5469
-6031
-7212
-6145
-4690
-5211
-4953
-2866
-1023
-940
-2415
-2101
427
1358
1072
992
1747
3062
2371
1118
2362
3575
3047
565
-992
1163
2440
-100
-2138
-2470
-2765
-2804
-3132
-4001
-5486
-6496
-6576
-6921
-7135
-6801
-8077
-9788
-9124
-7825
-8481
-9591
-9027
-7755
-7901
-8217
-7222
-6300
-5854
-5244
-4362
-3437
-2501
-1984
-1163
17
1147
1736
1773
2623
3886
4462
4680
5093
5860
6513
6550
6748
7759
8316
8370
8451
8811
9264
9964
9705
9525
10980
12394
12326
12024
11353
9296
7405
8357
11970
13232
9096
3443
1855
5171
8288
6716
2177
-262
-193
-708
-2037
-1803
-578
-1839
-5778
-8018
-6579
-4907
-5537
-6895
-6709
-6360
-8210
-10204
-8673
-5028
-3843
-6130
-8245
-7325
-5342
-4345
-3594
-2248
-1647
-2835
-3904
-2298
756
2020
1248
474
1004
1308
1294
1374
2957
4542
1702
-1897
-913
1448
1955
792
-1383
-2812
-3597
-3501
-2856
-3043
-3580
-5087
-7722
-8248
-6381
-5959
-7607
-8626
-8381
-8862
-10136
-9561
-7734
-7271
-8237
-8962
-8698
-7509
-6253
-5399
-4629
-4047
-4022
-4113
-2929
-656
985
704
423
1106
2071
2856
3459
4601
5495
5108
4575
5193
6335
7468
7811
7248
7408
7763
7762
8228
9477
10448
10395
9630
9991
11116
12141
12237
10443
7906
7370
9598
11730
10670
6292
2971
3705
6394
6822
3819
743
167
277
-953
-2061
-1664
-1580
-3515
-6046
-6393
-5226
-5249
-6476
-6798
-6084
-6345
-8281
-8992
-6913
-4651
-4897
-6624
-7055
-5723
-4547
-4080
-3168
-1971
-1899
-2791
-2731
-810
1011
1224
586
902
1473
1750
942
433
2215
3170
1613
-168
-894
-599
220
350
-128
-2019
-4181
-4260
-3439
-3010
-3343
-5049
-6972
-7562
-6999
-6430
-6867
-7581
-7917
-8741
-9293
-8586
-7634
-7409
-7597
-7696
-7399
-7044
-6362
-5074
-3997
-3479
-3429
-3328
-2527
-923
457
1141
1382
1400
1797
2444
3559
4863
5278
4915
4652
4905
5832
7109
7411
6915
6516
6969
7599
7840
8513
9099
8942
8941
9338
9975
10872
11888
11594
9245
6703
7040
9921
11864
10185
5715
2580
3559
6362
6635
4059
1428
413
-129
-1136
-1468
-945
-1268
-3234
-5518
-6160
-5455
-5219
-5670
-5751
-5599
-6572
-8364
-8528
-6420
-4404
-4697
-6294
-6980
-6154
-4954
-3934
-2859
-2084
-2413
-3284
-3071
-1366
468
876
440
175
364
-83
93
1528
1435
735
271
-1110
-1237
-336
-803
-1252
-1723
-2781
-3918
-4915
-3979
-3019
-4505
-6314
-7084
-7362
-7100
-6928
-7120
-7683
-8875
-9436
-9167
-8670
-7838
-7708
-8461
-8528
-7937
-7311
-6651
-5895
-4908
-4461
-4741
-4301
-3025
-1816
-773
-277
-174
127
541
1446
2526
3214
3463
3239
3159
3759
4747
5287
5243
5146
5350
5456
6143
6926
7093
6650
7182
7862
8432
8815
9048
9500
10381
9911
8123
6264
6775
9734
10751
7705
4143
2715
4084
5967
5122
2823
988
-373
-1122
-1425
-1383
-1117
-2313
-4661
-5854
-5724
-5539
-5558
-6011
-5999
-6196
-7550
-8561
-7771
-6012
-4892
-5585
-6781
-6721
-5972
-4822
-3633
-2794
-2501
-3031
-3460
-2491
-800
240
527
123
171
370
781
1276
1093
681
380
124
-215
-210
-392
-916
-1381
-1578
-2542
-3607
-3647
-3217
-3768
-4995
-5827
-6222
-6578
-6630
-6521
-7029
-7998
-8365
-8237
-8027
-7594
-7240
-7547
-7759
-7261
-6409
-5822
-5267
-4433
-3878
-3648
-3174
-2123
-991
-171
225
703
1188
1758
2575
3072
3557
4151
4355
4425
4734
5209
5878
6140
6232
6371
6248
6432
7351
7631
8165
8102
7783
8432
9364
9411
10257
10884
11228
10410
8656
7712
8210
10002
11113
8956
5320
3947
4763
6257
6147
4125
2174
737
-251
-135
-79
-322
-881
-2820
-4645
-4592
-4299
-4110
-4286
-4618
-4985
-5947
-6978
-6267
-4929
-3944
-3979
-5147
-5410
-4690
-3755
-2507
-1690
-1599
-1657
-1976
-1641
-182
1024
1466
1399
1130
1242
1642
2321
3162
3309
1594
-1190
-923
2267
3242
1274
-1313
-3193
-2808
-1117
-421
-1681
-3862
-4914
-5381
-5618
-4709
-4093
-5670
-7569
-7747
-7071
-6997
-7271
-6589
-5988
-6721
-7419
-7031
-6046
-4724
-3752
-3608
-3750
-3612
-2788
-1522
-238
808
1057
613
921
2113
3367
4114
4248
4225
4402
4277
4752
5901
6497
6508
6231
5757
6215
6939
7300
7686
7891
7987
7790
7696
8506
9690
10351
10149
9678
10510
11868
10526
8010
7231
9187
11600
11111
6947
3922
4374
6662
7675
5510
2515
1539
1252
568
149
420
298
-1531
-4018
-4222
-3532
-3449
-3944
-4507
-4587
-4931
-6326
-6724
-5387
-3865
-3671
-4999
-5885
-5223
-4117
-3290
-2543
-1989
-2065
-2656
-2675
-1218
348
799
467
162
267
419
571
1183
1239
731
373
63
-170
-170
-545
-780
-732
-1278
-2447
-3609
-3568
-2704
-3057
-4301
-5076
-5643
-6022
-5928
-5771
-5770
-6448
-7245
-7374
-6959
-6356
-5954
-6173
-6286
-5869
-5395
-4925
-4246
-3339
-2702
-2594
-2356
-1544
-641
87
841
1445
1814
1936
2172
2954
3727
4246
4494
4346
4369
4606
5204
5810
6209
6440
6083
5824
6388
7289
7869
7954
7702
7850
8075
8752
9853
10258
10382
10602
10906
10716
9074
7718
8702
11084
11879
8888
4839
4327
6636
8296
7011
3946
2219
2272
1764
944
1022
1062
-24
-2075
-3527
-3282
-2721
-3032
-3524
-3836
-4305
-5242
-6373
-5675
-3755
-3192
-4166
-5440
-5630
-4431
-3384
-2661
-2021
-2157
-2572
-2635
-1919
-374
672
521
217
230
613
1177
1684
2319
2548
1500
-57
-1113
-736
1198
1936
534
-1611
-3706
-4348
-2729
-1116
-1413
-3852
-6417
-6997
-6281
-5351
-4621
-5548
-7579
-8783
-8643
-7557
-6506
-5959
-6149
-7100
-7739
-6875
-5353
-3916
-2787
-2548
-2940
-3051
-2092
-216
1491
2267
2262
1714
1823
2994
4370
5494
5715
5129
4749
5011
5703
6641
7361
7518
7077
6397
6363
7376
8662
9290
8872
8219
8190
8444
9713
11160
11543
10996
10735
11538
11424
9658
8668
10024
12029
11880
8590
5249
5153
7449
8992
7196
3810
2073
2263
2222
1216
801
837
-229
-2775
-4184
-3463
-2723
-3218
-4008
-4614
-5255
-6206
-6723
-5753
-4400
-4116
-5374
-6744
-6371
-4859
-4034
-3667
-3415
-3420
-3668
-3753
-2838
-1282
-524
-802
-1252
-1161
-529
25
654
1309
1318
324
-372
-425
-1628
-2254
-828
134
-972
-3334
-5581
-5809
-4382
-3018
-3723
-6677
-8539
-8236
-7974
-7683
-6979
-7567
-9847
-11463
-10533
-8841
-8611
-8825
-8795
-9330
-9734
-8874
-7498
-6254
-5422
-5218
-5444
-5324
-4036
-2174
-1106
-588
-175
-239
-334
536
2342
3539
3224
2553
2704
3045
3801
4736
5415
5304
4652
4326
5083
5958
6825
7058
6753
6704
6818
7066
8149
9199
9604
9616
9322
10049
9648
8122
7366
8477
10308
10512
7148
4166
4272
5986
7062
5975
2902
1358
1023
818
506
242
-302
-1230
-3451
-4474
-3853
-3682
-4071
-4535
-5104
-5595
-6401
-6942
-5948
-4892
-4596
-5262
-6397
-6356
-5239
-4413
-3594
-3100
-3351
-3539
-3410
-2527
-1109
-456
-491
-700
-785
-315
438
1019
1788
1753
1192
812
1019
441
-456
-252
-218
-765
-1158
-2304
-3389
-3565
-3649
-3678
-4547
-5560
-5973
-6853
-7381
-6753
-6722
-7731
-8714
-8974
-8521
-8355
-8164
-7576
-7770
-8006
-7514
-6774
-6023
-5017
-4296
-3877
-3412
-2603
-1294
-430
192
915
1426
1668
2356
3249
3998
4176
4154
4431
4584
4708
5314
5648
5669
5472
5340
5761
6604
7048
7126
6973
7297
7910
7968
8376
9262
9605
9424
9515
10451
11242
9861
8264
7742
7976
9870
10450
7331
4543
4450
5556
6312
4960
2934
2166
1244
289
0
-220
-419
-1117
-2899
-3893
-3909
-4007
-4054
-4343
-4383
-4709
-5938
-6575
-5657
-4721
-4189
-4621
-5542
-5488
-4975
-4223
-3266
-2870
-2843
-2857
-3050
-2466
-1316
-691
-402
-417
-449
-220
-20
552
1458
1518
1213
1027
1058
417
-217
-589
-568
127
169
-1510
-3054
-3515
-3139
-2632
-3073
-4051
-5338
-6570
-6489
-5778
-5838
-6453
-7348
-8212
-8304
-7770
-7078
-6895
-7014
-6869
-6784
-6892
-6100
-4712
-3848
-3563
-3374
-2860
-2156
-1390
-253
753
996
951
1297
1824
2738
3529
3763
3534
3505
3758
4281
4602
5029
5515
5264
4913
5165
5798
6335
6525
6618
6482
6898
7386
7683
8194
8963
9646
9455
9727
9800
8591
7794
7966
9248
10470
8995
5919
4381
4951
6986
7168
4492
2309
1752
1422
1234
856
445
-153
-1656
-3084
-3461
-3378
-3010
-3330
-4138
-4512
-5120
-6156
-5754
-4722
-4026
-4255
-5409
-5859
-5097
-4268
-3420
-2869
-2919
-2975
-3225
-2886
-1529
-526
-199
-334
-627
-231
521
975
1572
1973
1704
1422
1202
1441
1776
558
-1081
-1356
-445
-35
-1113
-3052
-4130
-4438
-4190
-3834
-4635
-6096
-7143
-7589
-7618
-7323
-7394
-8100
-9241
-9703
-9013
-8663
-8724
-8453
-8033
-8076
-8141
-7513
-6388
-5571
-5010
-4311
-3784
-3348
-2580
-1663
-840
-85
382
745
1013
1419
2292
2828
2917
3151
3605
3688
3939
4700
5245
5158
5043
5407
5797
6207
6906
7544
6824
6704
8102
8988
8673
9375
9964
10081
10348
9419
7765
7094
8733
10892
10114
6418
4009
4264
6091
7064
5454
2819
1376
1106
992
495
361
213
-1215
-3179
-3766
-3726
-3351
-3118
-3598
-4298
-4791
-5664
-5688
-4595
-3372
-2931
-3808
-4631
-4294
-3160
-1946
-1013
-843
-960
-1265
-1238
-200
916
1502
1552
967
572
942
1478
2148
2621
2402
1827
1475
1375
1949
1146
-1711
-1823
485
799
-1079
-3364
-4854
-4380
-3439
-2802
-4060
-6842
-7652
-6959
-7059
-6800
-6401
-7671
-9580
-9775
-8152
-7268
-8136
-7880
-6957
-7395
-7716
-6604
-5189
-4277
-3817
-3318
-2897
-2773
-1687
-142
482
898
1391
1462
1674
2370
3707
4214
3743
3822
4421
4306
4570
5613
6185
5852
5507
5667
6203
6576
7242
7805
7705
7446
7899
8708
9165
10232
10853
10644
9790
9057
8185
7644
9753
11778
9741
5906
3871
4825
7173
7253
5011
2849
1164
859
1138
366
93
137
-1558
-3708
-4540
-4140
-3416
-3763
-4365
-4778
-5873
-6872
-6548
-5517
-4184
-4113
-5602
-6577
-6091
-4826
-3529
-3074
-3033
-2969
-3542
-3395
-2128
-853
-199
-375
-821
-820
-436
315
1369
1652
1439
930
390
529
1284
223
-2494
-2641
-454
-87
-2169
-4609
-5735
-5262
-4254
-3936
-5561
-8131
-8800
-8272
-8265
-8171
-8164
-9450
-11290
-11341
-9674
-9150
-10023
-9874
-9075
-9261
-9513
-8480
-7083
-6316
-5960
-5457
-4915
-4429
-3428
-2117
-1270
-972
-640
-370
104
810
1898
2276
2036
2086
2485
2806
3087
3760
4176
3980
3521
3775
4614
5165
5359
5456
5522
5776
6051
6769
7542
8162
8377
8717
9171
7981
6307
6233
7750
9361
9057
6046
3277
2861
4739
6276
4737
1745
324
-268
-614
-900
-1139
-1549
-2751
-4809
-5856
-5924
-5485
-5237
-5799
-6445
-6948
-7961
-8379
-7306
-5968
-5383
-6227
-7345
-7289
-6210
-5081
-4048
-3911
-4198
-4345
-4369
-3588
-2485
-1655
-1513
-2061
-2514
-2014
-1363
-832
-305
-312
-757
-1180
-1399
-810
-1483
-4185
-4307
-2002
-1709
-3691
-6044
-7342
-6725
-5720
-5455
-6846
-9531
-10373
-9652
-9654
-9470
-9252
-10474
-12247
-12525
-10877
-9765
-10563
-10624
-9671
-9699
-9815
-8792
-7372
-6352
-5852
-5374
-4726
-4271
-3280
-1789
-934
-590
-64
103
406
1349
2667
3184
2656
2755
3231
3513
4058
4951
5304
5270
4958
4949
5737
6525
6822
7086
7191
6913
7529
8153
8831
9653
10005
9854
10375
9826
8550
7784
7414
8970
10439
8658
5387
3568
3868
6143
6546
4470
2260
1081
696
1094
791
637
246
-1257
-2836
-3278
-3221
-2419
-2551
-3343
-3845
-4562
-5357
-4906
-4137
-3042
-2815
-4057
-4762
-4431
-3381
-2020
-1453
-1659
-1704
-1855
-1525
-462
586
1438
1465
967
1194
1789
2533
3351
3506
3275
3178
2591
2372
2960
2491
1009
710
1470
960
-809
-1898
-2135
-2124
-2228
-2841
-4306
-5833
-5869
-5289
-5683
-6436
-6638
-7280
-8263
-8036
-6759
-6616
-7463
-7417
-6590
-6304
-6166
-5251
-4221
-3833
-3580
-2880
-2068
-1270
-452
359
898
1255
1785
2428
3002
3716
4415
4498
4215
4676
5508
6013
5970
6276
6606
6500
6422
7005
7551
7930
8039
7997
8138
8668
9272
10044
10520
10557
10993
11580
12402
11751
10344
9243
9445
11515
12715
10317
7112
5592
6660
8645
8134
5502
3643
2751
2611
2431
1635
1165
723
-682
-2142
-2692
-2588
-2247
-2835
-3346
-3600
-4455
-5336
-5064
-4341
-3218
-3395
-4610
-5111
-4507
-3623
-2503
-2127
-2190
-2075
-2211
-1857
-892
-16
689
614
309
550
954
1558
2241
2485
2480
2196
1741
1903
1492
891
118
-165
467
-250
-2102
-2696
-3150
-3232
-3209
-4102
-5214
-6197
-6763
-6472
-6636
-7123
-7368
-8238
-9038
-8642
-8048
-7907
-8009
-7856
-7359
-7287
-7054
-5825
-4900
-4492
-3877
-3330
-2636
-1695
-725
149
839
1259
1702
2238
2851
3815
4162
4159
4537
5006
5157
5444
5810
6211
6500
6499
6497
6471
6912
7546
7580
7629
7918
7908
8354
9122
9437
9961
10476
10657
11453
10461
8697
7942
8526
10978
12147
8869
4988
4169
5934
8079
7428
4419
2255
1471
1553
1724
886
545
-3
-1811
-3290
-3455
-3280
-2769
-3201
-3808
-4250
-5305
-6150
-5440
-4330
-3397
-3787
-5269
-5766
-4937
-3823
-2650
-2329
-2520
-2556
-2811
-2383
-976
15
505
315
-146
176
783
1447
2294
2468
2277
1851
1504
1715
2388
166
-1764
99
1293
-138
-1956
-3726
-3819
-3176
-2955
-3118
-5305
-7062
-6396
-6420
-6835
-6300
-6666
-8213
-9233
-8469
-6871
-7360
-8073
-6856
-6452
-7074
-6608
-5441
-4233
-3555
-3390
-2532
-1919
-1591
-253
896
1419
1813
2092
2286
2843
3695
4912
4812
4307
4858
5248
5359
5968
6612
6767
6510
5877
6550
7207
7558
7970
8028
7903
8187
8436
9427
10487
10838
10663
11208
11640
10368
8573
8254
10664
12645
11246
7395
4723
4985
7991
8896
6482
3436
2081
1784
1956
1532
1469
715
-769
-2508
-3326
-3283
-2502
-2640
-3351
-3985
-4696
-5671
-5860
-4715
-3231
-3061
-4513
-5518
-5292
-4149
-2750
-1988
-2125
-2444
-2811
-2491
-1413
-233
692
670
35
-97
379
1191
2087
2486
1938
1540
1109
1051
1430
1128
224
-668
-643
-503
-1471
-2754
-3255
-3567
-3843
-4232
-5033
-6121
-6927
-7065
-6839
-7206
-7913
-8474
-8952
-9029
-8449
-8086
-8254
-8527
-8274
-7732
-7268
-6801
-5936
-5313
-4961
-4432
-3546
-2651
-1898
-1242
-522
35
370
1007
1648
2167
2677
3116
3244
3499
3924
4300
4668
4959
5097
5176
5369
5657
5818
6152
6428
6536
7035
7148
7307
7867
8572
9044
9570
9733
10347
10190
8874
7510
7439
9674
11345
9409
5619
3766
4695
7012
6950
4664
2238
1177
992
1056
278
-63
-460
-1810
-3585
-4124
-3993
-3625
-3983
-4450
-4850
-5662
-6693
-6530
-5639
-4367
-4296
-5619
-6383
-5844
-4765
-3599
-3062
-3039
-3068
-3285
-2892
-1820
-758
-31
-10
-266
-123
405
1031
1864
2202
2233
2099
1366
1544
2241
2359
1590
-1068
-2682
-711
741
-305
-2308
-4532
-5253
-4381
-3559
-3643
-5515
-7254
-7004
-6853
-7098
-6534
-6632
-7726
-8334
-7784
-6838
-6842
-6981
-5710
-5069
-5593
-5353
-4468
-3362
-2272
-1502
-976
-959
-886
258
1512
2088
2588
2681
2466
2765
3457
4489
4872
4551
4652
4741
4762
5212
5964
6272
6151
5693
5951
6411
6772
7300
7731
7416
7696
8179
8679
9449
10330
9812
7947
6483
6232
8503
10205
8601
5160
2906
2868
5024
5535
3634
1257
3
-722
-962
-1652
-1611
-2029
-3254
-4881
-5709
-6037
-5589
-5656
-5788
-6144
-7012
-8033
-8137
-7459
-5961
-5369
-6410
-7428
-7332
-6397
-5169
-4235
-4024
-3936
-4258
-4238
-3395
-2108
-1148
-1001
-1211
-1197
-1039
-410
519
1147
1088
772
237
378
756
1150
1005
552
-2509
-5695
-3169
408
-645
-3773
-7030
-8464
-6794
-4802
-4288
-6760
-10070
-9949
-8935
-9243
-8295
-7518
-9063
-10982
-10665
-8616
-7987
-8511
-7051
-5842
-6928
-7457
-5983
-4100
-2381
-1702
-1508
-1591
-1756
-405
1659
2596
2764
2760
2281
2230
3138
4850
5556
4714
4414
4673
4423
4811
6117
6650
6532
5639
5142
5799
6842
7396
7851
7399
7148
7699
8397
9240
10475
10696
8660
6802
6364
7911
10127
10208
7362
4332
3102
4712
6339
5351
3198
1719
511
-113
-628
-587
-442
-1388
-3040
-4303
-5103
-4905
-4371
-4380
-4714
-5494
-6652
-7306
-6843
-5525
-4206
-4676
-5919
-6419
-5771
-4634
-3377
-2829
-2569
-2834
-3204
-2718
-1417
-105
674
498
174
309
799
1833
2881
3170
3102
2629
2288
2767
3132
3162
1252
-110
273
424
-96
-929
-2992
-4013
-4202
-4410
-4580
-5716
-6903
-7237
-7882
-8076
-7770
-8265
-9096
-9238
-8981
-8610
-8725
-8640
-7944
-7602
-7456
-6822
-6387
-5743
-4708
-3951
-3212
-2632
-2305
-1389
-438
217
883
1345
1522
1892
2439
3120
3611
3707
3927
4206
4377
4940
5303
5529
5584
5608
6015
6380
6444
6647
7369
7589
7653
7642
8339
9138
9733
10041
10850
10744
8936
7475
7122
9342
11812
10508
6398
3630
3792
6834
7835
5526
2683
1427
1109
1175
453
227
274
-1021
-2971
-3930
-4142
-3314
-3222
-3830
-4292
-5044
-6193
-6243
-5381
-3901
-3235
-4631
-5859
-5749
-4606
-3190
-2334
-2395
-2479
-2847
-2767
-1730
-549
461
525
-79
-26
489
1171
1969
2505
2445
2281
1645
1633
2250
2764
2699
893
-1238
-1782
-777
447
-60
-2656
-4636
-5440
-4734
-3879
-4258
-5877
-7195
-8069
-8054
-7604
-7408
-7535
-8222
-9070
-9010
-8538
-8018
-7402
-6747
-6520
-6544
-6638
-5754
-4328
-3223
-2402
-2049
-1993
-1541
-484
769
1815
2153
2087
2073
2304
3117
4035
4487
4648
4521
4248
4454
4986
5732
6323
6124
5505
5439
5977
6824
7066
7263
7543
7459
7635
8379
9233
10403
10673
8623
6494
5733
7679
10766
10510
6642
3222
2362
4837
6706
5345
2590
713
-211
-113
-562
-1054
-918
-1794
-3574
-4994
-5734
-5091
-4514
-4975
-5337
-6058
-7436
-7866
-7231
-5819
-4638
-5504
-6892
-7304
-6441
-5039
-3901
-3675
-3466
-3793
-4138
-3377
-2149
-804
-252
-797
-1130
-787
-259
644
1395
1539
1486
825
392
1047
1564
2078
755
-2433
-3196
-1289
-134
-652
-3100
-5607
-6031
-5324
-4196
-4388
-6602
-8040
-8160
-8475
-8105
-7626
-7894
-8780
-9580
-9208
-8434
-8515
-7975
-6912
-6735
-6936
-6790
-6011
-4487
-3370
-2626
-2072
-2131
-1720
-439
718
1626
2098
2021
2107
2261
3149
4394
4651
4598
4538
4474
4750
5346
5905
6505
6384
5829
5946
6389
6841
7400
7649
7773
8047
8222
8385
9389
10421
11312
10175
7874
6553
7704
10403
11710
9039
5205
3588
4848
7095
6987
4581
2383
1268
808
779
412
233
-328
-1810
-3308
-3884
-3937
-3467
-3516
-3677
-4290
-5278
-6275
-5848
-4831
-3419
-3459
-4772
-5686
-5126
-3915
-2640
-2073
-2021
-2147
-2579
-2251
-1093
136
763
626
176
125
622
1260
2167
2492
2313
1897
1319
1392
2033
1988
1768
1187
-987
-2750
-1708
-219
-481
-2439
-4830
-6012
-5611
-4550
-4180
-5788
-7631
-8149
-8173
-8208
-7624
-7156
-7835
-9144
-9178
-8007
-7503
-7363
-6480
-5814
-6009
-6125
-5353
-3935
-2577
-1921
-1516
-1389
-1254
-352
900
1748
2156
2101
1883
1814
2470
3531
3894
3447
3334
3333
3580
4070
4631
5029
4957
4711
4871
5295
5876
6398
6903
7161
7372
7680
8173
9221
10301
10705
8907
7231
6810
8395
10723
10797
7633
4646
3651
5447
7219
6292
3543
1747
707
443
77
-285
-522
-1536
-3478
-4791
-5252
-5031
-4747
-5130
-5726
-6446
-7545
-8035
-7408
-6417
-5399
-6061
-7344
-7646
-6708
-5505
-4368
-4110
-4032
-4298
-4519
-3704
-2261
-1132
-815
-1111
-1327
-996
-362
487
1324
1463
1252
735
500
944
1587
1856
1693
914
-1843
-4182
-2939
-332
-3
-2319
-5957
-7797
-7079
-4959
-3930
-5683
-8467
-9693
-9782
-9260
-7953
-7110
-8246
-10288
-10823
-9453
-8393
-7870
-6961
-6486
-7162
-7624
-6716
-4839
-3078
-2296
-2232
-2497
-2456
-1410
355
1686
2093
1823
1266
1194
2110
3722
4529
4189
3644
3392
3498
4257
5344
6012
5648
4863
4341
5095
6340
6771
7190
7176
6858
6967
7725
8708
10284
9794
7408
5656
5443
7896
10245
8712
5215
2855
2742
4953
5676
4014
2009
583
-298
-425
-1053
-952
-834
-2227
-3884
-4720
-5109
-4516
-4395
-4580
-4877
-5649
-6868
-6768
-6176
-4714
-3945
-4955
-5939
-5926
-5015
-3654
-2745
-2535
-2349
-2754
-2758
-1908
-631
587
820
230
110
566
1182
2100
2681
2704
2532
1948
1875
2528
2869
3151
1581
-291
-389
-320
20
279
-1337
-3097
-4086
-4318
-3525
-3599
-4611
-5259
-6498
-7171
-6562
-6250
-6424
-6772
-7492
-7673
-7697
-7479
-6452
-6094
-6254
-6094
-6000
-5626
-4524
-3549
-2551
-2064
-2263
-1619
-629
228
1224
1878
2000
2107
2160
2982
3944
4323
4700
4666
4357
4575
5119
5812
6326
6053
5896
6046
6021
6730
7514
7309
7533
7837
8030
8616
9325
9711
10589
9920
7977
6942
7080
9229
10948
8851
5319
3641
3900
6210
6706
4492
2193
751
182
517
11
-115
-561
-2380
-3928
-4308
-4495
-3783
-4002
-4567
-5011
-5960
-6990
-6366
-5564
-4432
-4345
-5798
-6497
-5951
-4969
-3641
-3002
-3238
-3247
-3679
-3302
-1976
-904
-212
-356
-1065
-846
-60
687
1518
1598
1347
1138
792
1059
1814
1943
1832
1356
606
-710
-3553
-3521
-417
252
-2157
-5447
-7898
-7031
-4933
-3971
-5072
-8358
-10380
-9587
-8722
-7772
-6910
-8120
-10292
-11109
-9622
-7554
-7225
-7212
-6508
-6867
-7536
-6390
-4490
-2684
-2209
-2474
-2306
-2073
-1405
454
1889
1956
1549
872
976
1964
3295
4361
3799
2783
2709
3115
3978
4896
5350
5254
4328
3530
4567
6060
6469
6725
6839
6668
6740
7413
8598
10192
9122
6887
5418
5569
8386
10093
7659
4252
2631
3364
5273
4998
3219
1670
319
-223
-431
-1143
-909
-1099
-2738
-3985
-4548
-4751
-4332
-4549
-4558
-4630
-5710
-6678
-6239
-5418
-4048
-3955
-4954
-5381
-5020
-4121
-2778
-2211
-1927
-1699
-2122
-1716
-668
333
1201
1216
897
1133
1537
2090
3050
3335
3437
3146
2638
2876
2918
2776
3033
2633
1375
474
-208
104
578
-311
-1812
-3107
-3969
-3501
-3321
-4022
-4843
-5873
-6681
-6776
-6612
-6186
-6302
-7155
-7427
-7360
-7164
-6344
-5897
-5599
-5342
-5468
-5096
-4170
-3238
-2290
-1736
-1700
-1376
-777
-91
883
1519
1710
1664
1523
2039
2886
3272
3445
3330
3175
3246
3561
4062
4654
4359
4000
4025
4224
4802
5170
5179
5324
5375
5839
6280
6721
7565
8293
7889
5992
4729
4751
6774
8360
7040
3680
1532
1586
3652
4300
2773
509
-1195
-2032
-1900
-2105
-2247
-2817
-4258
-5856
-6700
-6757
-6179
-6193
-6695
-7324
-8213
-9026
-8880
-8116
-7025
-6685
-7681
-8547
-8383
-7256
-5881
-5085
-5110
-5236
-5478
-4955
-3792
-2695
-1984
-1958
-2271
-2059
-1474
-718
128
443
397
270
-29
207
859
1146
1192
900
199
-243
-2834
-4082
-1650
-202
-1657
-4309
-7199
-7302
-5610
-4354
-4427
-7168
-9701
-9356
-8677
-7893
-6712
-7184
-9108
-10378
-9521
-7353
-6763
-6861
-6128
-6135
-6864
-6204
-4475
-2708
-1851
-2061
-1937
-1695
-1110
494
2043
2443
2178
1801
1864
2666
3699
4942
4861
4057
3824
4129
4858
5949
6492
6409
5788
5027
5718
7077
7526
7763
7629
7603
7815
8312
9485
10557
10752
9065
7402
6905
8165
9987
10181
7928
5292
3980
4800
6141
5922
4542
2583
840
392
572
677
504
-587
-2144
-3286
-3873
-3584
-3188
-3255
-3663
-4473
-5457
-5768
-5124
-4233
-3451
-3844
-4534
-5045
-4502
-3387
-2185
-1750
-1767
-1939
-2096
-1456
-354
752
1207
868
647
883
1442
2133
2838
2980
2756
2368
2190
2541
3048
3206
3089
2419
1709
463
-1904
-2021
555
1214
-1120
-4224
-6277
-5613
-3855
-2840
-3901
-7069
-8912
-8079
-7184
-6353
-5741
-6702
-8785
-9626
-7892
-5909
-5830
-5844
-5201
-5517
-6042
-4959
-2962
-1437
-1180
-1323
-1136
-901
-51
1734
2979
2915
2382
2126
2534
3416
4623
5484
4899
3994
4062
4714
5567
6416
6761
6271
5543
5347
6581
7656
7957
7882
7781
7688
8464
9427
10279
11287
10259
8026
7393
7929
9755
10768
9009
6582
5138
4705
6058
6480
5286
3891
2175
869
797
706
783
561
-1118
-2511
-3254
-3572
-2992
-2865
-3134
-3502
-4692
-5606
-5072
-4303
-3350
-3101
-3989
-4533
-4425
-3738
-2421
-1616
-1548
-1620
-1973
-1698
-710
241
1094
1138
599
711
1147
1680
2490
2849
2772
2559
2053
2298
2415
2309
2619
2245
594
-350
-377
-188
-94
-861
-2313
-3538
-4208
-3941
-3776
-4521
-5309
-6104
-7134
-7285
-6805
-6573
-6959
-7754
-7902
-7701
-7720
-7090
-6387
-6157
-6122
-6156
-5770
-4832
-3950
-3142
-2533
-2478
-2220
-1452
-593
264
779
928
995
1071
1613
2443
2858
2967
2908
2846
3071
3456
4007
4548
4455
4193
4343
4770
5078
5569
6091
6142
6087
6335
7128
7852
8586
9103
9360
8067
7199
7237
7809
9328
9834
7751
5479
4615
5715
7383
7008
5342
3650
2257
2057
2577
2238
1508
354
-1222
-2244
-2701
-2574
-2211
-2807
-3642
-4327
-5044
-5253
-4654
-4114
-3533
-4122
-5013
-5122
-4486
-3525
-2513
-2388
-2724
-2822
-2628
-1773
-819
-188
154
-141
-308
193
798
1422
1968
1865
1616
1495
1200
1175
1707
1802
1189
23
-922
-812
-860
-1077
-1457
-2677
-3816
-4283
-4531
-4561
-4856
-5507
-6183
-7155
-7516
-7082
-7135
-7389
-7509
-7856
-7980
-7976
-7374
-6595
-6273
-6363
-6102
-5666
-5073
-4165
-3325
-2659
-2410
-2199
-1556
-790
-70
619
828
786
1032
1475
2048
2527
2827
3023
2940
2897
3317
3909
4330
4523
4388
4191
4415
4892
5369
5798
6006
6028
6276
6694
7307
7999
8497
8302
6672
5945
5978
6819
7943
7438
4972
3328
2598
3461
4491
3638
1856
233
-1122
-1089
-877
-1273
-1990
-3270
-4810
-5529
-6011
-5824
-5756
-6577
-7328
-8108
-8785
-8793
-8300
-7809
-7298
-7853
-8633
-8431
-7576
-6448
-5460
-5382
-5437
-5459
-5058
-3888
-2844
-2185
-1874
-2025
-1816
-1003
-139
704
1177
1160
1340
1345
1026
1340
2016
1988
1225
78
-531
-473
-583
-910
-1528
-2657
-3654
-4184
-4460
-4475
-4755
-5291
-6015
-6814
-6896
-6249
-6067
-6108
-6106
-6144
-6116
-5829
-4971
-3984
-3692
-3727
-3386
-2982
-2297
-1456
-677
-185
-211
-6
622
1051
1398
1747
1554
1070
755
643
786
849
663
441
-28
-124
398
1080
1530
1694
1811
2140
2739
3544
4360
4974
5491
6132
6542
7487
8283
8944
9050
7862
7183
7210
8006
9163
8557
6382
5003
4404
4949
5428
4578
3119
1643
285
2
-59
-353
-1008
-2340
-3846
-4396
-4736
-4717
-4738
-5280
-5946
-6606
-7363
-7157
-6712
-6247
-6007
-6626
-7182
-6878
-6173
-5382
-4721
-4625
-4545
-4659
-4413
-3454
-2561
-2120
-1919
-2077
-1990
-1492
-1003
-324
74
-44
-54
-104
-92
99
111
243
-8
-920
-1466
-1633
-1679
-1783
-2280
-3043
-3824
-4527
-4601
-4658
-5097
-5446
-5869
-6625
-7002
-6823
-6496
-6550
-6861
-6897
-6768
-6750
-6384
-5593
-5122
-5036
-4934
-4462
-3666
-3021
-2281
-1525
-1248
-951
-342
377
1067
1718
1995
2180
2232
2344
3000
3638
3861
3980
3827
3742
4050
4631
5240
5303
4857
4771
5086
5407
6026
6418
6350
6413
6808
7307
8075
8644
9085
8716
7141
6934
7328
7999
8915
7992
5836
4772
4580
5346
5601
4631
3530
2169
960
1064
1138
840
234
-1009
-2192
-2542
-2716
-2428
-2463
-3053
-3486
-4125
-4686
-4261
-3634
-3195
-3132
-3835
-4046
-3644
-3093
-2219
-1573
-1520
-1554
-1607
-1202
-197
579
1038
960
723
1040
1643
2246
2846
3025
2765
2707
2653
2905
3346
3391
3148
2696
2166
1769
-144
-1182
320
691
-1157
-3335
-4997
-5105
-4383
-4144
-4911
-7107
-8623
-8175
-7883
-7837
-7354
-7775
-9242
-9895
-8863
-7359
-7392
-7638
-6783
-6568
-7014
-6279
-4766
-3642
-3268
-3222
-2690
-2199
-1662
-343
707
825
657
728
1153
1878
2720
3416
3194
2557
2831
3494
3937
4456
4841
4721
4407
4282
4935
5963
6343
6205
6183
6520
7093
7655
8313
9005
8950
7367
6726
7111
7892
8755
8202
6329
5114
4809
5243
5683
4962
4058
2811
1306
943
1361
1245
666
-604
-1736
-2093
-2407
-2449
-2286
-2510
-2943
-3788
-4484
-4054
-3286
-3141
-3032
-3367
-3619
-3529
-3076
-2230
-1459
-1301
-1473
-1533
-1181
-278
490
905
1143
980
1016
1461
2026
2641
2984
2772
2650
2661
2864
3213
3284
3256
2952
2545
1200
-103
661
1549
756
-688
-2152
-3032
-2939
-2428
-2232
-3414
-5100
-5521
-5482
-5458
-5027
-4746
-5595
-6746
-6627
-5622
-5297
-5266
-4696
-4319
-4663
-4605
-3528
-2344
-1663
-1299
-907
-712
-383
560
1766
2469
2398
2403
2539
2876
3648
4449
4598
4299
4097
4357
4688
5072
5573
5786
5549
5313
5396
5907
6501
6683
6729
6778
6808
7321
8019
8514
8966
9097
8511
7616
7847
8365
8499
8426
7681
6547
6088
5836
5682
5550
5073
4187
3014
1875
1739
1977
1629
590
-430
-1182
-1503
-1767
-1697
-1723
-2322
-3173
-3579
-3544
-3212
-3032
-3119
-3109
-3370
-3493
-3093
-2511
-2065
-1630
-1639
-1648
-1375
-866
-221
230
519
570
565
818
1368
1841
2176
2233
1974
2045
2262
2380
2574
2608
2448
2050
1645
125
-947
212
1151
122
-1745
-3728
-4057
-2915
-2122
-2603
-4754
-6405
-6069
-5528
-5312
-4979
-5340
-6648
-7519
-6857
-5358
-5075
-5432
-5141
-4978
-5182
-4612
-3466
-2362
-1894
-1958
-1688
-1245
-603
486
1492
1768
1520
1492
1900
2555
3230
3893
3770
3229
3179
3673
4295
4771
4903
4858
4662
4400
4700
5597
6198
6158
5903
5738
6015
6697
7456
8045
8093
7924
7334
6666
7215
8209
8062
7357
6344
5598
5712
5813
5415
4831
4168
3738
2832
1599
1553
2009
1432
208
-747
-1170
-1390
-1838
-1935
-1864
-2483
-3214
-3628
-3630
-3069
-2899
-3223
-3404
-3397
-3294
-3017
-2656
-2075
-1723
-1899
-1859
-1440
-843
-237
50
151
425
534
697
1149
1569
2003
1932
1599
1797
2194
2172
1689
1450
1669
1477
914
331
-374
-695
-594
-1056
-1802
-2325
-2978
-3410
-3484
-3675
-4026
-4649
-5110
-5141
-5238
-5302
-5338
-5502
-5668
-5526
-5219
-4984
-4830
-4457
-3971
-3807
-3510
-2830
-2295
-1878
-1402
-829
-358
-6
444
1023
1365
1566
1817
2194
2558
2746
3024
3221
3388
3527
3770
3922
4107
4323
4343
4423
4639
4805
4959
5054
5158
5369
5691
5974
6282
6590
6816
7069
7620
7191
6330
6420
7361
7360
6397
5540
5347
5509
5615
4829
3773
3220
3310
2995
1807
1108
1222
709
-340
-858
-974
-1306
-2199
-2645
-2379
-2544
-3209
-3688
-3711
-3361
-3328
-3716
-3740
-3421
-3231
-3154
-3012
-2626
-2319
-2167
-2065
-1617
-1162
-878
-762
-494
-26
225
245
424
801
1089
1154
1078
1176
1080
698
781
1118
798
-47
-852
-1106
-757
-692
-1472
-2530
-3126
-3140
-3250
-3582
-3885
-4238
-4876
-5354
-5193
-4959
-5202
-5615
-5644
-5517
-5499
-5334
-4977
-4672
-4405
-4216
-4013
-3624
-3049
-2421
-1941
-1630
-1209
-723
-273
191
695
1131
1342
1436
1716
2215
2592
2801
3012
3136
3140
3272
3649
4062
4181
4084
4065
4160
4535
4849
4934
4975
4971
5190
5552
5916
6037
6232
6526
6853
6825
6002
5884
6715
7089
6227
4930
4792
5302
5339
4625
3630
2975
3176
3148
2023
953
905
800
-49
-860
-1071
-1172
-1971
-2601
-2496
-2441
-3108
-3724
-3877
-3551
-3552
-3840
-4075
-3977
-3706
-3583
-3578
-3263
-2877
-2780
-2639
-2374
-2064
-1700
-1563
-1404
-1062
-818
-678
-611
-345
42
152
69
130
119
-506
-703
-148
-126
-884
-1583
-2153
-2118
-1864
-2174
-2900
-3800
-4108
-3954
-4328
-4569
-4574
-5131
-5832
-5805
-5476
-5421
-5881
-5923
-5626
-5772
-5705
-5338
-5023
-4801
-4584
-4348
-4053
-3647
-3091
-2487
-2198
-1895
-1453
-1075
-725
-292
221
483
423
591
1004
1275
1430
1691
1896
2024
2033
2075
2366
2644
2775
2676
2753
2908
2998
3211
3382
3560
3586
3714
4109
4259
4343
4606
4865
4937
4443
4045
4620
5143
5034
4076
3036
3190
3911
3699
2801
1861
1520
1475
1026
649
443
-126
-777
-1452
-1728
-1548
-1907
-2625
-2958
-2954
-3133
-3721
-4014
-3595
-3422
-3988
-4259
-4065
-3860
-3720
-3631
-3402
-3187
-3180
-3152
-2651
-2260
-1938
-1841
-1921
-1550
-1185
-1044
-882
-615
-334
-270
-415
-307
-371
-762
-497
-218
-567
-964
-1635
-2091
-1694
-1386
-1780
-2784
-3592
-3447
-3304
-3618
-3722
-4037
-4755
-5192
-4958
-4580
-4768
-5139
-5205
-5199
-5292
-5095
-4694
-4514
-4394
-4289
-4116
-3842
-3418
-2877
-2435
-2237
-2080
-1683
-1377
-987
-528
-149
-28
-126
164
595
770
991
1202
1289
1352
1480
1734
2057
2211
2195
2220
2317
2486
2823
3064
3230
3378
3657
3894
4082
4395
4864
5078
5179
5532
5218
4846
5258
5649
5473
4953
4266
3750
3688
4081
4096
3146
1968
1577
1452
1475
1422
794
-106
-781
-1018
-995
-1299
-1804
-2043
-2380
-2926
-3213
-3192
-3189
-3296
-3607
-3774
-3894
-3981
-3925
-3584
-3309
-3357
-3590
-3511
-3201
-2978
-2605
-2457
-2450
-2452
-2297
-2077
-1665
-1416
-1345
-1377
-1485
-1334
-939
-1120
-1720
-1591
-1138
-1397
-1916
-2088
-2136
-2221
-2328
-2458
-2907
-3340
-3216
-3247
-3579
-3680
-3672
-4013
-4284
-4089
-3726
-3971
-4355
-4057
-3704
-3808
-3727
-3236
-2928
-2969
-2793
-2245
-1899
-1708
-1256
-809
-582
-394
0
297
583
932
1304
1358
1362
1695
2143
2333
2340
2636
2843
2793
2922
3307
3549
3529
3440
3563
3692
3887
4078
4268
4420
4089
4199
4665
4845
5172
5362
5095
5310
5335
5173
5282
5415
5806
5583
4800
4713
4592
4608
4860
4393
3739
3509
3119
2863
2837
2618
2300
1768
1160
1107
1000
533
373
253
-29
-320
-690
-753
-619
-629
-809
-1072
-1096
-1027
-1067
-960
-767
-751
-835
-817
-746
-558
-313
-288
-333
-365
-322
-213
-141
-35
-67
-136
-61
-287
-652
-527
-267
-568
-1045
-1426
-1608
-1576
-1550
-1781
-2232
-2692
-2825
-2826
-2974
-3125
-3252
-3574
-3978
-3987
-3748
-3704
-4061
-4172
-3979
-4031
-4032
-3862
-3636
-3447
-3444
-3348
-3032
-2778
-2468
-2026
-1707
-1472
-1193
-890
-491
-142
196
478
509
652
1011
1268
1473
1716
1844
1784
1894
2114
2327
2480
2572
2614
2583
2574
2750
2982
3113
3091
3035
3111
3226
3330
3561
3728
3519
3484
3809
4080
3956
3878
4087
4008
3787
3767
3857
3980
3810
3387
3173
3106
3036
2885
2485
2106
1814
1761
1630
1173
890
603
231
40
-106
-370
-576
-949
-1244
-1312
-1495
-1661
-1877
-2030
-1966
-2069
-2170
-2256
-2303
-2179
-2042
-2165
-2130
-2034
-2063
-1876
-1717
-1684
-1621
-1628
-1536
-1293
-1201
-1251
-1251
-1355
-1299
-1162
-1269
-1403
-1548
-1668
-1569
-1534
-1742
-1916
-2148
-2129
-2042
-2160
-2286
-2412
-2637
-2616
-2472
-2506
-2617
-2702
-2694
-2603
-2582
-2442
-2276
-2299
-2237
-2143
-2071
-1824
-1543
-1370
-1251
-1171
-946
-654
-384
-146
38
124
237
398
590
768
914
1017
1129
1213
1396
1526
1556
1622
1775
2014
2023
1990
2045
2116
2223
2328
2402
2344
2380
2553
2696
2690
2693
2925
3018
2920
3051
3247
3106
3007
3241
3490
3303
3057
3338
3560
3325
3115
3073
3134
3056
3206
3127
2726
2619
2658
2672
2483
2233
2175
1897
1528
1644
1621
1338
1002
737
659
631
428
240
-5
-201
-159
-295
-440
-557
-675
-682
-701
-829
-880
-886
-993
-998
-920
-981
-1169
-1168
-1113
-1044
-1102
-1150
-1203
-1301
-1312
-1330
-1346
-1513
-1559
-1515
-1651
-1733
-1689
-1714
-1782
-1708
-1670
-1797
-1856
-1781
-1754
-1834
-1853
-1806
-1810
-1887
-1870
-1723
-1651
-1690
-1729
-1702
-1619
-1537
-1378
-1314
-1317
-1226
-1084
-943
-889
-805
-690
-627
-545
-454
-392
-288
-187
-123
-81
-10
76
125
217
262
273
383
395
498
579
614
620
593
646
661
701
752
770
699
826
1003
982
905
1086
1255
1224
1193
1232
1312
1366
1476
1352
1363
1476
1532
1563
1782
2059
2117
2272
2588
2915
3152
3195
3097
3136
3217
3025
2635
2438
2458
2114
1575
1318
1184
958
849
829
589
380
252
229
183
157
332
349
221
310
624
816
764
676
484
304
108
-3
-285
-632
-863
-1158
-1357
-1387
-1421
-1562
-1623
-1612
-1602
-1631
-1539
-1448
-1421
-1271
-1226
-1110
-987
-968
-840
-600
-467
-471
-486
-374
-99
103
48
20
127
273
351
419
329
237
357
544
544
409
441
403
366
427
502
416
345
339
420
428
232
179
270
422
480
399
329
320
469
603
573
611
644
626
627
731
882
899
1008
1009
938
931
1065
1223
1163
1028
1086
1212
1099
1055
1088
1025
1101
1283
1221
950
783
1013
1132
946
792
771
773
767
800
761
621
524
563
569
453
384
415
345
322
415
263
69
149
335
268
112
44
18
125
239
219
38
-2
105
117
86
101
162
33
-102
-127
0
166
145
13
-62
-4
81
115
128
154
179
145
48
36
181
236
221
220
212
180
188
203
339
380
318
244
301
483
456
507
654
641
527
680
805
891
846
804
824
930
1030
1026
969
1035
1150
1231
1196
1090
1159
1201
1178
1163
1143
1091
1110
1145
1050
923
945
998
962
868
843
797
706
639
680
715
577
422
473
575
476
299
403
439
414
379
303
231
276
524
518
437
447
502
428
407
513
601
568
612
651
600
665
841
889
704
723
1035
1035
774
912
1183
1141
1000
1073
1218
1156
1130
1267
1287
1212
1263
1331
1181
1202
1461
1369
1007
1086
1326
1284
1094
1077
1096
1039
968
910
845
922
956
764
560
458
680
804
601
350
470
583
557
529
475
421
544
611
554
476
566
722
803
827
767
770
872
1004
1039
1059
1024
1142
1211
1180
1097
1187
1234
1209
1132
1076
1007
1091
1178
1051
921
898
953
863
818
837
836
745
765
789
742
648
683
734
796
732
689
773
729
788
963
938
728
708
909
1054
1004
914
891
910
995
1066
1031
973
1088
1184
1036
987
1113
1227
1196
1089
1166
1206
1102
1083
1258
1406
1298
1154
1239
1425
1422
1357
1565
1517
1479
1554
1631
1685
1660
1795
1857
1794
1755
1731
1789
1851
1842
1891
1789
1693
1687
1630
1577
1434
1353
1239
1171
1114
1020
1054
1120
1072
906
907
1001
1031
971
932
867
764
718
757
814
830
854
861
886
977
1147
1281
1298
1252
1381
1449
1465
1564
1593
1528
1522
1689
1629
1419
1430
1462
1483
1371
1271
1100
1056
1131
1093
878
655
664
658
573
475
417
206
69
107
141
10
-125
-180
-251
-268
-203
-269
-427
-568
-549
-495
-488
-526
-555
-643
-686
-610
-642
-763
-778
-759
-768
-794
-918
-1005
-1041
-1006
-929
-1057
-1203
-1297
-1267
-1269
-1270
-1322
-1478
-1544
-1568
-1509
-1611
-1680
-1703
-1682
-1752
-1865
-1853
-1949
-2008
-1964
-2044
-2150
-2239
-2224
-2169
-2222
-2272
-2312
-2390
-2453
-2452
-2441
-2443
-2437
-2575
-2662
-2604
-2466
-2450
-2634
-2681
-2595
-2562
-2587
-2562
-2607
-2698
-2595
-2517
-2618
-2777
-2698
-2600
-2678
-2725
-2696
-2720
-2787
-2791
-2747
-2798
-2898
-2879
-2823
-2825
-2924
-2889
-2907
-2961
-2938
-2903
-2968
-3041
-3033
-3089
-3113
-3145
-3093
-3115
-3232
-3288
-3206
-3213
-3243
-3354
-3277
-3278
-3332
-3331
-3367
-3353
-3354
-3259
-3294
-3405
-3475
-3381
-3306
-3284
-3315
-3424
-3459
-3411
-3343
-3302
-3342
-3416
-3436
-3435
-3414
-3396
-3387
-3452
-3461
-3418
-3470
-3473
-3497
-3554
-3599
-3616
-3680
-3750
-3810
-3863
-3883
-3937
-3986
-4080
-4166
-4208
-4169
-4184
-4257
-4299
-4361
-4432
-4464
-4484
-4524
-4517
-4602
-4701
-4683
-4658
-4675
-4700
-4740
-4779
-4770
-4707
-4755
-4803
-4821
-4824
-4780
-4752
-4741
-4747
-4703
-4605
-4453
-4346
-4276
-4205
-3992
-3723
-3558
-3371
-3202
-3050
-2748
-2457
-2281
-2166
-2024
-1864
-1678
-1511
-1369
-1278
-1217
-1212
-1140
-1067
-1017
-981
-1008
-1004
-986
-957
-1044
-1018
-1044
-1021
-965
-997
-984
-1005
-950
-930
-895
-959
-958
-934
-927
-803
-746
-758
-808
-805
-717
-671
-651
-707
-707
-691
-753
-789
-859
-829
-849
-897
-962
-1010
-998
-1003
-979
-976
-988
-945
-947
-974
-896
-771
-674
-662
-689
-659
-594
-508
-464
-431
-363
-382
-406
-310
-169
-132
-99
-52
-65
-112
-28
99
146
118
87
135
122
103
144
147
168
154
207
160
156
169
201
187
208
278
264
222
253
334
292
280
262
344
389
441
504
489
434
446
457
472
507
491
503
487
507
557
550
548
491
483
456
434
468
507
495
470
483
505
493
496
559
584
527
507
532
539
500
510
549
531
464
460
546
471
440
467
488
479
514
505
411
459
509
476
470
452
490
488
451
419
419
449
434
424
455
422
393
423
416
370
367
375
299
317
304
316
332
302
320
341
337
318
367
372
363
407
457
444
371
401
405
436
454
465
433
433
454
430
452
466
468
504
479
511
548
556
565
548
622
625
630
650
685
659
744
767
779
843
840
882
972
1035
1108
1145
1157
1232
1324
1406
1442
1523
1559
1615
1653
1682
1784
1800
1893
1920
1985
2038
2041
2130
2117
2134
2146
2106
2134
2165
2182
2076
2077
2067
2045
2057
2014
1990
1902
1875
1831
1795
1742
1695
1732
1633
1631
1595
1542
1505
1446
1466
1428
1424
1321
1291
1297
1276
1217
1222
1172
1114
1100
1045
1048
1034
1030
1008
1025
1004
1010
995
999
1026
1034
1023
984
1043
1025
1021
1064
1031
1030
1040
1056
1007
1032
1033
1063
1005
1032
1045
1026
1029
1001
1030
1001
1005
1001
990
1016
971
944
963
960
932
928
904
908
886
914
900
860
836
821
820
844
809
805
819
844
819
844
833
703
715
767
771
706
660
665
629
615
661
572
563
543
504
506
531
468
463
492
451
441
418
425
384
382
400
363
343
351
354
337
383
422
327
361
363
377
361
353
356
365
343
344
367
342
372
348
355
356
332
344
313
294
340
317
305
313
299
317
356
318
354
380
323
361
310
262
308
303
331
334
322
313
289
298
275
272
274
246
232
188
152
201
204
206
215
191
190
148
178
157
130
129
107
172
132
116
128
122
94
90
77
86
124
137
125
98
56
73
47
-10
14
17
23
-8
22
22
19
20
13
7
-8
-33
-57
-39
-52
-72
-74
-130
-121
-127
-130
-164
-114
-105
-168
-190
-150
-176
-182
-208
-213
-187
-213
-265
-234
-193
-211
-165
-178
-193
-169
-155
-189
-164
-170
-186
-131
-155
-160
-125
-148
-125
-132
-119
-108
-93
-70
-121
-98
-134
-131
-68
-51
-34
-14
-14
-18
-21
-5
-1
-31
6
7
30
40
42
23
7
68
27
37
40
42
58
59
81
78
57
74
68
29
79
89
67
36
81
104
96
111
124
125
123
99
119
133
130
141
164
166
130
136
124
148
208
134
146
140
125
137
80
101
78
99
112
100
89
72
79
66
76
96
99
74
18
37
63
46
62
72
71
82
61
30
90
69
14
14
10
25
-12
-60
-79
-72
-42
-13
-28
7
-5
15
15
12
53
41
49
5
15
11
1
20
7
-29
9
-3
-22
-10
-45
-40
-63
-39
-29
-30
-26
-3
-41
-74
-47
-31
-28
15
-22
-21
-30
-79
-60
-40
-58
-75
-68
-80
-76
-100
-121
-74
-91
-118
-156
-138
-118
-156
-133
-168
-186
-207
-199
-202
-254
-242
-217
-246
-275
-282
-297
-333
-328
-316
-311
-307
-354
-312
-322
-367
-391
-429
-405
-443
-437
-457
-502
-498
-491
-512
-527
-530
-508
-557
-562
-553
-585
-581
-548
-571
-535
-534
-497
-563
-592
-564
-624
-610
-650
-636
-641
-665
-642
-604
-627
-589
-643
-661
-664
-611
-660
-677
-701
-692
-704
-749
-699
-744
-701
-734
-746
-750
-735
-725
-760
-770
-805
-733
-722
-749
-762
-758
-726
-712
-726
-673
-708
-674
-636
-703
-673
-697
-678
-735
-738
-673
-672
-691
-697
-712
-706
-678
-682
-649
-674
-647
-643
-653
-632
-670
-616
-609
-617
-571
-610
-616
-637
-659
-632
-668
-665
-652
-610
-610
-611
-586
-566
-576
-602
-568
-543
-543
-558
-546
-543
-537
-561
-537
-544
-560
-573
-566
-569
-556
-522
-552
-538
-525
-517
-527
-533
-560
-530
-532
-540
-548
-545
-554
-510
-537
-583
-510
-479
-482
-493
-496
-470
-459
-465
-427
-426
-481
-468
-421
-405
-435
-398
-360
-346
-356
-400
-396
-396
-411
-384
-416
-411
-400
-343
-351
-390
-373
-406
-392
-384
-355
-334
-385
-378
-387
-426
-417
-386
-405
-425
-379
-410
-431
-432
-387
-370
-375
-358
-347
-347
-327
-357
-366
-303
-320
-332
-348
-345
-308
-332
-316
-342
-334
-335
-341
-333
-376
-318
-356
-344
-304
-301
-294
-298
-277
-273
-282
-270
-262
-263
-259
-296
-291
-261
-306
-318
-293
-294
-333
-368
-342
-348
-378
-373
-374
-353
-363
-372
-363
-392
-357
-374
-349
-325
-352
-340
-360
-388
-380
-395
-386
-414
-411
-409
-420
-444
-458
-390
-378
-402
-381
-391
-405
-374
-373
-368
-389
-355
-403
-384
-365
-369
-345
-341
-298
-332
-333
-368
-319
-335
-401
-325
-316
-396
-384
-364
-370
-360
-380
-377
-349
-348
-357
-376
-355
-360
-349
-338
-338
-325
-319
-294
-308
-289
-285
-293
-299
-333
-352
-322
-307
-344
-325
-296
-320
-303
-287
-291
-282
-217
-242
-273
-229
-221
-175
-201
-199
-199
-225
-209
-196
-187
-175
-178
-178
-160
-136
-160
-179
-187
-184
-185
-160
-164
-137
-113
-149
-134
-146
-146
-162
-169
-154
-112
-126
-134
-128
-101
-99
-130
-132
-142
-93
-126
-126
-101
-102
-79
-62
-66
-146
-105
-104
-105
-109
-114
-61
-92
-126
-140
-88
-106
-96
-77
-120
-117
-127
-135
-121
-100
-114
-115
-119
-89
-131
-102
-65
-135
-119
-78
-99
-94
-88
-46
-70
-54
-39
-69
-47
-46
-41
-40
-41
-42
-6
-11
-5
5
9
14
-46
-50
-59
-49
-18
-3
31
25
28
10
12
15
-7
12
-8
-13
1
12
-40
-13
13
-7
4
9
55
87
85
64
87
67
82
43
39
22
12
41
58
99
67
96
73
105
86
40
59
103
87
62
55
48
52
55
48
34
63
42
24
25
39
58
75
42
53
62
76
81
110
103
128
99
63
61
73
58
-8
60
37
19
35
25
45
15
15
-18
31
41
-14
3
35
15
-3
8
-4
-48
-57
-49
-65
-31
-17
-32
-12
-27
-24
-17
-40
-28
-81
-18
-3
21
0
-31
9
-18
-29
2
21
17
39
81
83
57
61
37
79
33
69
59
50
79
20
32
10
14
-18
12
-27
-61
-8
-2
-21
-54
-24
-13
-10
-33
-32
-54
-46
-44
-31
6
48
47
-4
9
9
-3
-18
-23
-37
-62
-21
-32
-39
-15
-34
-23
-21
-17
-54
-43
-22
-15
-24
-21
-24
-33
-37
-50
-62
-29
-32
-35
-25
-41
-49
-62
-125
-87
-113
-95
-92
-97
-39
-69
-96
-120
-126
-127
-138
-127
-89
-109
-133
-136
-186
-159
-132
-169
-132
-152
-188
-134
-115
-145
-175
-157
-159
-176
-160
-151
-163
-130
-124
-127
-129
-176
-161
-121
-116
-189
-170
-190
-150
-133
-184
-176
-207
-177
-181
-179
-160
-174
-165
-155
-124
-113
-133
-145
-111
-133
-169
-190
-178
-156
-175
-179
-152
-123
-134
-134
-173
-167
-193
-179
-116
-135
-142
-121
-121
-134
-114
-105
-129
-167
-110
-107
-155
-134
-189
-177
-145
-121
-117
-116
-130
-134
-161
-136
-132
-138
-91
-98
-71
-92
-101
-128
-156
-139
-122
-96
-120
-116
-113
-106
-147
-160
-115
-144
-145
-159
-186
-134
-82
-121
-159
-147
-143
-150
-113
-162
-160
-209
-196
-229
-222
-229
-241
-238
-259
-220
-261
-245
-247
-244
-267
-255
-279
-293
-320
-293
-272
-326
-277
-296
-321
-296
-281
-307
-299
-299
-314
-282
-278
-279
-246
-270
-290
-318
-336
-296
-314
-277
-304
-275
-285
-257
-207
-238
-230
-238
-203
-217
-243
-268
-203
-205
-178
-167
-172
-169
-183
-173
-176
-171
-175
-166
-223
-172
-182
-192
-179
-155
-146
-172
-133
-155
-163
-130
-147
-105
-124
-90
-93
-132
-107
-139
-109
-139
-144
-128
-136
-115
-81
-72
-110
-80
-129
-99
-117
-121
-142
-114
-83
-96
-73
-109
-92
-114
-105
-91
-105
-121
-110
-125
-119
-153
-122
-134
-178
-127
-146
-133
-127
-148
-146
-140
-198
-197
-176
-208
-173
-178
-190
-219
-177
-136
-132
-163
-180
-136
-144
-151
-143
-186
-151
-158
-147
-132
-200
-172
-133
-132
-129
-110
-143
-146
-159
-139
-148
-159
-125
-143
-158
-156
-171
-161
-151
-115
-159
-113
-132
-156
-88
-151
-173
-118
-106
-143
-135
-126
-108
-103
-127
-142
-144
-127
-110
-62
-81
-75
-88
-96
-109
-94
-36
-90
-71
-76
-100
-90
-68
-67
-107
-66
-75
-52
-54
-86
-55
-64
-52
-49
-53
-63
-29
-51
-40
-108
-91
-84
-67
-60
-95
-89
-124
-84
-65
-56
-87
-63
-71
-65
-67
-77
-69
-128
-90
-96
-137
-78
-93
-114
-138
-135
-138
-173
-166
-166
-131
-160
-145
-173
-157
-143
-160
-125
-157
-163
-158
-189
-183
-150
-150
-200
-215
-219
-222
-254
-226
-198
-211
-202
-157
-167
-179
-132
-187
-215
-178
-185
-204
-214
-216
-192
-191
-191
-191
-216
-162
-150
-133
-115
-176
-210
-182
-155
-198
-166
-125
-152
-164
-142
-157
-145
-132
-150
-107
-132
-114
-88
-141
-109
-154
-166
-129
-123
-109
-96
-94
-84
-45
-87
-58
-55
-71
-49
-76
-131
-125
-134
-110
-87
-98
-144
-108
-63
-56
-53
-77
-104
-164
-97
-108
-55
-45
-116
-76
-103
-133
-99
-126
-120
-87
-161
-125
-132
-157
-169
-152
-140
-138
-162
-168
-144
-154
-161
-150
-144
-189
-173
-175
-137
-104
-114
-116
-115
-106
-136
-137
-123
-122
-129
-155
-155
-178
-147
-145
-161
-164
-200
-185
-177
-166
-143
-161
-183
-173
-177
-201
-206
-226
-184
-188
-216
-235
-159
-197
-153
-143
-158
-129
-110
-98
-113
-148
-142
-126
-139
-127
-127
-90
-122
-104
-154
-167
-139
-139
-135
-156
-147
-128
-98
-96
-122
-167
-156
-103
-187
-141
-147
-144
-87
-99
-119
-142
-125
-120
-75
-50
-45
-47
-45
-95
-59
-59
-59
-82
-70
-79
-138
-70
-89
-58
-38
-51
-91
-57
-59
-61
-60
-137
-81
-98
-124
-114
-118
-91
-62
-79
-94
-122
-118
-70
-91
-65
-9
-57
-80
-70
-113
-149
-111
-127
-174
-151
-163
-110
-123
-151
-145
-122
-123
-116
-117
-103
-117
-86
-86
-99
-120
-117
-131
-110
-70
-55
-97
-97
-25
-67
-69
-80
-61
-61
-58
-92
-109
-60
-28
-78
-74
-39
-36
-53
-66
-33
-34
-28
-31
-25
-18
-14
-18
-34
-89
-44
3
-4
25
16
-39
-31
-41
-27
8
-33
-48
-83
-24
-18
-42
-13
-52
-33
-27
-53
-36
-66
-72
-77
-45
-43
-58
-44
-65
-43
-21
-5
6
-18
-2
-12
-20
-72
-83
-48
-55
-57
-67
-63
-55
-48
-72
-68
-50
-78
-65
-38
-70
-81
-45
-52
-67
-51
-38
-97
-55
-29
-44
-39
-62
-29
-108
-72
-26
-58
-73
-86
-86
-54
-43
-54
-32
-86
-65
-49
-46
-60
-27
-26
-20
-40
-37
-29
-56
-63
-69
-63
-66
-66
-71
-59
-104
-106
-82
-39
-116
-102
-33
-66
-7
-25
-42
-32
-77
-85
-54
-73
-99
-69
-80
-88
-87
-66
-48
-55
-41
-70
-31
-59
-90
-69
-128
-81
-52
-43
-58
-39
11
-16
7
-17
-16
-34
-5
22
14
-43
-27
-26
-66
-34
-53
7
2
0
-22
-61
-47
-55
-30
-61
-14
-60
-6
-37
-61
-81
-94
-83
-75
-45
-55
-25
-30
-55
-92
-48
-36
-52
-77
-59
-103
-88
-73
-49
-51
-100
-85
-88
-50
-92
-72
-70
-89
-74
-93
-113
-117
-103
-111
-108
-110
-149
-123
-112
-123
-137
-105
-123
-126
-148
-127
-129
-147
-151
-152
-107
-105
-102
-160
-157
-147
-183
-143
-136
-151
-105
-107
-156
-111
-130
-174
-141
-131
-153
-133
-129
-155
-131
-146
-115
-143
-79
-96
-132
-113
-72
-112
-67
-65
-57
-105
-104
-95
-151
-106
-127
-67
-130
-121
-137
-130
-152
-184
-133
-146
-122
-134
-135
-135
-123
-108
-63
-94
-109
-135
-140
-141
-66
-89
-128
-88
-90
-46
-52
-57
-92
-65
-63
-55
-35
-59
-86
-77
-61
-56
-82
-95
-61
-105
-99
-71
-90
-92
-97
-116
-145
-155
-159
-165
-137
-110
-168
-133
-124
-130
-113
-131
-153
-159
-187
-169
-160
-134
-123
-140
-138
-195
-160
-132
-171
-158
-153
-187
-214
-180
-163
-191
-242
-189
-221
-183
-191
-202
-154
-193
-147
-166
-164
-160
-189
-217
-175
-136
-204
-155
-140
-179
-219
-211
-231
-187
-193
-200
-182
-172
-189
-208
-123
-137
-159
-146
-142
-202
-137
-162
-143
-143
-139
-182
-185
-116
-189
-134
-151
-184
-133
-80
-147
-115
-169
-130
-111
-92
-137
-133
-120
-134
-114
-95
-63
-92
-108
-116
-96
-76
-95
-75
-54
-93
-89
-63
-108
-139
-74
-114
-150
-151
-85
-95
-122
-131
-171
-144
-144
-179
-202
-183
-181
-166
-189
-192
-180
-191
-178
-152
-130
-148
-124
-122
-169
-124
-150
-111
-108
-108
-133
-150
-106
-126
-125
-152
-141
-145
-139
-146
-180
-142
-146
-173
-158
-196
-201
-174
-185
-176
-154
-149
-155
-185
-184
-169
-198
-208
-170
-206
-204
-173
-185
-165
-159
-185
-138
-167
-186
-150
-151
-136
-151
-167
-154
-147
-113
-137
-103
-129
-133
-118
-169
-100
-110
-103
-98
-100
-90
-76
-92
-115
-147
-148
-141
-151
-100
-105
-96
-138
-92
-136
-154
-168
-133
-128
-97
-60
-90
-67
-62
-42
-40
-51
-63
-56
-100
-127
-81
-52
-43
-60
-63
-70
-78
-75
-96
-118
-148
-133
-102
-149
-133
-115
-139
-169
-135
-122
-161
-125
-107
-121
-138
-103
-142
-108
-131
-163
-146
-188
-172
-136
-154
-130
-182
-171
-158
-210
-154
-142
-127
-158
-150
-152
-147
-79
-131
-169
-156
-132
-95
-81
-143
-139
-143
-161
-126
-142
-105
-116
-125
-100
-133
-121
-148
-132
-107
-150
-139
-104
-126
-143
-187
-133
-171
-157
-102
-144
-129
-148
-142
-126
-69
-50
-122
-118
-107
-128
-133
-117
-72
-75
-81
-90
-99
-102
-130
-99
-118
-112
-120
-138
-132
-97
-86
-126
-95
-120
-150
-101
-119
-94
-91
-91
-100
-81
-104
-101
-79
-96
-89
-91
-110
-138
-87
-89
-51
-64
-71
-75
-69
-25
-44
-27
-31
-94
-57
-4
-37
-12
-40
-62
-20
-69
-72
-68
-60
-52
-88
-73
-99
-97
-114
-100
-81
-102
-90
-53
-62
-98
-116
-148
-130
-150
-100
-112
-106
-56
-86
-93
-103
-119
-121
-109
-120
-97
-62
-59
-34
-67
-79
-96
-73
-76
-105
-114
-131
-113
-120
-102
-128
-114
-56
-81
-129
-97
-112
-92
-76
-129
-67
-94
-60
-72
-95
-52
-55
-56
-42
-61
-107
-83
-121
-83
-104
-109
-106
-114
-87
-50
-47
-57
-45
-64
-62
-80
-62
-60
-89
-73
-91
-88
-65
-105
-120
-98
-100
-127
-102
-138
-135
-111
-80
-66
-87
-99
-101
-139
-102
-79
-94
-114
-119
-79
-90
-78
-105
-81
-112
-132
-128
-146
-99
-119
-137
-95
-100
-86
-99
-115
-120
-102
-85
-104
-94
-117
-94
-77
-132
-85
-67
-112
-114
-142
-99
-91
-96
-92
-92
-78
-97
-129
-104
-135
-123
-128
-135
-116
-157
-225
-166
-165
-148
-133
-171
-117
-120
-105
-145
-130
-140
-125
-154
-113
-100
-86
-97
-121
-114
-110
-148
-84
-50
-125
-100
-86
-78
-71
-94
-82
-77
-107
-74
-138
-93
-114
-94
-104
-113
-113
-79
-51
-105
-72
-95
-123
-105
-112
-106
-73
-80
-91
-81
-73
-83
-56
-69
-57
-34
-30
-11
-83
-104
-105
-107
-108
-79
-84
-107
-99
-75
-72
-129
-80
-98
-89
-53
-58
-50
-64
-74
-109
-118
-75
-78
-45
-35
-87
-66
-85
-91
-98
-147
-127
-130
-112
-67
-113
-118
-100
-87
-93
-93
-72
-102
-76
-88
-80
-117
-114
-87
-129
-135
-60
-68
-115
-35
-56
-71
-83
-79
-75
-62
-39
7
-3
9
-4
-36
-41
-70
-69
-54
-8
4
-26
-45
-21
-78
-9
18
-16
-20
-29
-25
-39
-51
-70
-22
-22
-59
-51
-62
-90
-100
-79
-70
-102
-64
-60
-62
-3
-8
-25
-74
-51
-91
-70
-36
-57
12
20
1
-13
-43
-69
-72
-81
-86
-80
-79
-119
-98
-48
-112
-96
-80
-87
-74
-92
-44
-52
-64
-82
-44
-82
-55
-45
-92
-79
-113
-81
-78
-86
-111
-24
-141
-127
-89
-213
-86
-178
-148
-58
-157
-96
-116
-90
-42
-57
-51
-89
-63
-64
-135
-64
-104
-140
-138
-123
-88
-140
-147
-102
-120
-110
-72
-124
-129
-92
-127
-151
-160
-173
-152
-144
-109
-122
-115
-104
-97
-119
-133
-112
-103
-116
-157
-66
-85
-149
-76
-73
-94
-98
-71
-61
-88
-25
-55
-86
-102
-90
-94
-113
-99
-53
-40
-64
-79
-94
-52
-59
-3
-12
-101
-123
-104
-77
-87
-82
-72
-119
-71
-69
-126
-99
-77
-70
-107
-78
-122
-106
-108
-104
-114
-90
-83
-132
-133
-135
-99
-109
-101
-123
-95
-67
-102
-123
-126
-90
-135
-169
-99
-125
-116
-112
-119
-143
-160
-122
-97
-87
-112
-101
-131
-146
-139
-151
-131
-147
-128
-141
-103
-86
-113
-108
-107
-123
-131
-96
-113
-110
-119
-96
-99
-75
-66
-84
-48
-140
-120
-103
-140
-100
-87
-90
-151
-147
-112
-145
-171
-169
-171
-162
-123
-136
-170
-126
-160
-210
-187
-212
-180
-147
-150
-151
-123
-117
-139
-159
-173
-141
-147
-131
-150
-195
-170
-167
-150
-153
-158
-122
-131
-165
-141
-166
-147
-156
-128
-127
-151
-123
-145
-99
-128
-140
-116
-126
-121
-114
-98
-92
-76
-97
-109
-101
-136
-92
-75
-87
-86
-117
-138
-82
-67
-57
-53
-129
-88
-86
-118
-87
-68
-49
-119
-93
-70
-69
-111
-106
-100
-125
-108
-138
-130
-140
-134
-121
-122
-113
-66
-78
-73
-93
-104
-113
-142
-159
-182
-192
-175
-188
-189
-152
-205
-177
-162
-172
-192
-184
-220
-212
-181
-209
-189
-202
-176
-168
-161
-112
-135
-179
-161
-198
-211
-174
-165
-177
-163
-140
-171
-232
-200
-163
-190
-174
-159
-170
-149
-155
-156
-155
-94
-158
-171
-171
-185
-142
-152
-137
-136
-119
-146
-141
-141
-129
-127
-71
-81
-96
-67
-82
-73
-59
-31
-59
-46
-47
-50
-29
-81
-100
-102
-68
-61
-88
-56
-25
-40
-36
-10
-54
-53
-17
-19
25
-42
-15
12
-14
7
-13
-35
-62
-66
-42
42
67
41
-22
-27
5
3
-55
-46
-3
-4
6
50
26
26
26
4
50
56
69
54
16
-33
-49
35
31
38
4
5
45
2
-19
-49
-25
16
-12
0
-35
-13
21
11
18
0
-39
-35
-28
-25
-35
-52
-56
-53
-35
-59
-72
-38
2
8
-7
-49
-14
-28
-31
-12
-13
-26
-56
-28
18
25
-13
-35
-38
-17
-9
8
3
-12
-24
-13
-38
-29
-44
-42
-49
-43
-38
-37
-22
-130
-130
-51
-109
-110
-103
-120
-93
-85
-122
-110
-135
-136
-102
-73
-56
-37
-87
-83
-64
-54
-46
-56
-67
-64
-25
-37
-36
-15
-18
-18
-32
-22
-16
-39
4
8
17
-60
-41
16
-20
12
-8
20
33
46
8
1
41
55
52
1
21
0
28
44
11
54
23
29
39
33
31
17
22
45
80
72
63
84
96
27
16
30
-7
0
1
15
40
16
3
2
12
37
9
26
30
22
20
5
11
-32
-32
-37
-64
-40
-26
13
20
15
18
15
-7
-1
-22
-14
33
31
-12
-28
-25
13
4
-7
-11
-35
-36
-30
-45
-59
-59
-26
-35
-33
-15
-7
-7
16
7
-48
-27
-26
7
27
45
8
33
32
33
10
37
47
3
6
-26
-23
-20
-48
-17
17
-13
2
12
-31
-61
-46
-9
6
14
25
9
32
2
-14
-26
-55
-46
-60
-33
-62
-17
-7
-72
-89
-107
-87
-97
-97
-89
-66
-87
-39
-45
-55
-50
-57
-48
-78
-53
-92
-99
-118
-131
-124
-130
-76
-54
-56
-46
-50
-81
-80
-40
-40
-71
-9
-79
-82
-61
-76
-56
-40
-37
-64
-23
-57
-92
-71
-62
-89
-67
-81
-71
-62
-78
-102
-53
-77
-94
-50
-100
-47
-60
-63
-60
-137
-66
-80
-100
-61
-57
-65
-120
-105
-118
-122
-100
-143
-118
-72
-117
-117
-109
-124
-93
-132
-140
-106
-81
-76
-68
-137
-146
-82
-122
-124
-135
-113
-143
-138
-125
-189
-157
-148
-160
-152
-123
-116
-123
-111
-109
-148
-151
-120
-104
-100
-133
-100
-85
-82
-102
-109
-93
-92
-80
-74
-70
-45
-46
-89
-71
-82
-111
-95
-45
-19
-45
-68
-78
-95
-98
-76
-89
-103
-96
-54
-41
-66
-72
-43
-58
-67
-81
-38
-44
-54
-39
-65
-76
-59
-36
-56
-20
-47
-51
-26
-15
-58
-49
-30
-78
-47
-4
-12
-26
-5
-2
8
48
3
47
50
-1
22
-14
22
23
-13
31
9
52
53
1
-4
-29
-17
-24
6
21
-4
-26
-69
-38
-59
-67
-6
-28
-38
-20
-19
-43
-71
-58
-68
-39
-44
-56
-67
-55
-3
-35
-34
4
-28
-6
-18
23
52
8
34
55
45
31
-12
8
20
17
24
21
13
-8
-50
3
35
-12
21
-13
-29
2
-4
44
28
30
35
34
3
9
21
11
31
34
12
3
68
33
58
46
-19
24
18
15
25
23
21
9
13
-7
-11
4
-22
-28
7
19
44
-3
-20
-28
-31
-40
-51
-10
12
-7
1
0
-2
-48
-73
-51
-66
-67
3
-12
-32
-40
-41
-17
-46
-41
-21
-55
-44
-11
-48
-72
-42
-73
-71
-44
-22
-15
1
-17
-2
11
12
3
22
71
44
47
43
70
40
79
53
11
28
32
70
56
90
77
80
96
66
26
92
89
77
94
99
60
89
96
78
75
41
101
53
69
97
70
95
91
65
37
49
65
89
66
83
78
74
57
37
55
55
73
47
39
22
42
44
-6
38
45
31
16
61
38
-7
35
39
14
-13
-7
-16
-29
12
-23
-42
-7
7
0
-8
-39
-15
16
-23
-16
13
5
27
26
-8
9
-1
21
-19
-10
-9
16
21
-19
17
38
7
41
21
-20
58
3
51
20
47
-6
-3
56
-9
16
23
16
55
55
-4
11
16
20
13
18
32
21
23
12
41
28
-16
23
20
-11
-38
-38
-7
6
29
26
27
-5
-2
68
40
40
65
20
40
41
46
53
-22
1
20
19
-6
31
32
55
41
48
26
79
64
91
90
42
60
59
60
74
70
32
24
8
66
40
28
35
23
29
52
29
54
22
30
38
35
41
29
-9
-40
-9
0
-26
-19
-6
6
-3
-39
-34
-15
-32
-42
-32
-67
-35
-77
-45
14
-50
-43
-13
-30
-43
-37
-26
-87
-96
-89
-77
-60
-91
-72
-86
-94
-96
-87
-92
-85
-97
-89
-51
-74
-95
-96
-88
-90
-45
-72
-25
-36
-19
-50
-90
-44
-51
-47
-49
-7
-33
-48
-44
-32
-55
-13
-23
-19
-33
-11
8
-33
-23
-59
-100
-83
-81
-54
-64
-55
-46
-78
-46
-41
-55
-55
-57
14
-35
-6
-4
-2
7
22
29
-11
26
-4
18
5
7
31
55
70
53
66
39
59
64
41
43
42
7
19
31
42
75
64
65
34
38
4
55
58
88
114
96
84
85
44
63
58
54
44
67
95
70
71
54
104
70
67
-3
0
47
61
81
63
63
55
72
78
52
75
34
31
18
-2
28
43
29
-34
-12
-30
20
8
5
-22
-30
15
19
0
-27
-16
-3
0
-19
53
1
9
67
8
-3
31
35
-14
13
-13
-2
45
49
50
1
11
27
21
61
24
52
18
-5
15
-6
-6
-9
10
-4
10
22
10
16
28
28
33
31
9
45
55
70
109
99
85
51
66
73
79
119
119
94
131
118
92
109
104
118
119
112
114
126
174
186
173
186
126
159
146
118
147
141
206
181
159
136
93
89
101
111
123
118
120
131
125
123
110
149
120
91
52
91
49
102
120
79
99
19
85
24
65
13
45
56
33
66
41
45
43
73
-19
7
10
21
15
-6
21
67
63
37
29
41
39
6
17
30
-5
-38
-37
-47
-18
-18
13
-9
18
24
26
31
-42
12
11
24
27
-29
-30
57
14
-21
7
10
17
-10
27
34
0
6
40
26
-13
31
46
11
5
15
-21
-8
16
-12
-32
-23
-43
-57
7
2
-23
-26
0
-16
10
19
-15
26
-22
-19
-11
39
-1
15
14
29
67
10
67
20
-24
-23
7
11
14
43
-8
19
10
-14
20
4
4
-20
38
38
15
23
30
36
52
38
31
63
40
42
56
73
40
67
29
-20
15
51
15
-13
33
-2
-2
31
60
5
-2
-3
-37
-24
-37
-38
6
25
23
8
6
19
-1
5
4
1
-7
-3
-20
-18
-32
-21
-48
-85
-84
-59
-46
-35
50
-7
-20
-49
-32
-12
-70
-67
-51
-47
-68
-67
-62
-40
-59
-43
-89
-103
-55
-46
-46
-5
-35
-55
-28
-55
-31
-65
-45
-11
-45
-35
-44
-24
-23
-8
17
-22
4
-6
-29
-32
-64
8
8
5
11
6
-25
-6
37
12
-33
-2
-11
-29
-4
-26
10
4
-39
-66
-90
-60
-25
-8
-19
-42
-46
-28
19
31
-19
-13
12
9
3
32
12
56
81
89
65
91
87
21
44
69
51
-3
23
3
15
46
85
87
42
78
99
73
22
66
55
12
13
34
25
15
25
9
8
-7
-22
-25
-3
43
8
-19
12
13
15
-6
-13
34
28
-3
13
41
51
13
36
53
65
51
3
88
68
42
116
107
100
113
122
116
169
144
113
141
196
145
142
147
90
132
171
141
148
169
142
127
111
139
107
146
145
142
148
129
139
103
109
60
64
110
50
104
101
87
72
40
45
82
109
86
69
62
101
83
76
81
81
74
89
52
60
73
34
46
76
68
24
40
63
47
46
46
32
54
63
49
41
43
16
0
35
16
58
42
-10
-59
-5
20
2
30
16
9
0
12
16
-10
36
48
60
53
52
86
43
23
20
48
65
53
30
54
81
86
67
116
86
68
113
68
58
89
97
94
77
75
50
70
94
55
87
55
71
63
52
61
59
69
100
104
63
76
33
77
51
33
71
-4
35
44
63
76
70
91
67
116
91
59
91
99
92
87
77
83
78
120
109
91
126
88
66
55
125
44
54
60
44
61
88
102
75
96
51
22
3
41
34
33
64
14
29
43
31
56
33
26
23
51
66
45
55
25
4
22
-11
22
58
16
3
-10
59
56
48
29
-4
5
-6
14
7
28
29
28
-8
-17
1
20
34
49
40
24
47
24
5
9
24
-7
1
7
35
39
51
-6
19
35
31
45
16
33
13
-7
-19
2
25
55
19
34
48
41
63
65
74
114
98
133
144
122
152
137
122
142
131
145
155
166
173
154
154
141
120
105
126
168
189
200
176
168
204
192
183
192
184
203
192
219
202
190
225
183
173
200
197
230
190
147
205
205
199
244
184
154
200
184
208
169
154
148
163
151
124
141
161
134
153
122
169
183
141
122
111
112
132
167
117
161
135
115
97
89
120
72
50
48
57
104
99
67
78
71
96
90
118
93
100
119
148
136
146
173
142
144
99
167
166
145
174
129
122
108
108
130
139
124
133
125
113
171
188
161
129
133
156
187
160
174
187
168
186
142
113
149
152
138
141
149
138
181
159
191
189
181
206
176
228
192
192
161
190
201
176
174
183
183
148
169
162
192
164
239
196
158
168
187
183
168
157
173
169
167
179
136
164
148
158
155
217
189
185
196
176
186
157
150
157
228
185
182
160
169
180
153
191
125
141
201
180
187
210
192
213
181
189
188
187
157
159
160
183
162
182
199
196
176
161
223
185
183
171
131
177
