43
61
64
23
43
19
0
-13
-33
4
2
-16
3
-43
-46
-54
-64
-12
-86
-77
-78
-100
-70
-107
-106
-112
-96
-80
-104
-132
-138
-99
-102
-121
-114
-122
-87
-111
-130
-113
-99
-61
-83
-104
-110
-132
-119
-49
-71
-134
-99
-129
-107
-104
-74
-60
-69
-63
-83
-43
-72
-104
-141
-100
-152
-160
-61
-123
-85
-106
-110
-66
-102
-98
-86
-115
-118
-144
-165
-120
-111
-113
-92
-106
-96
-116
-93
-111
-94
-78
-89
-53
-39
-54
-35
-15
-35
28
-34
-25
-51
-78
-51
-58
-83
-102
-94
-126
-103
-106
-101
-101
-99
-102
-73
-85
-93
-107
-113
-107
-73
-91
-86
-74
-123
-58
-68
-77
-58
-96
-77
-36
-59
-87
-73
-68
-62
-91
-40
-43
-49
-44
-59
-71
-112
-78
-43
-64
-70
-92
-111
-107
-147
-132
-102
-130
-144
-111
-163
-163
-107
-150
-114
-127
-123
-160
-142
-148
-127
-112
-155
-132
-164
-171
-158
-199
-165
-138
-156
-119
-127
-148
-183
-154
-159
-193
-163
-152
-112
-125
-131
-130
-167
-149
-148
-155
-115
-108
-88
-72
-96
-72
-79
-53
-9
-28
-54
-57
-30
-4
-11
-37
-34
-8
-39
-18
-64
-73
-40
-72
-17
-60
-32
-30
-46
-65
-22
-17
-41
-17
-13
-3
-14
-4
-49
-56
-65
-57
-18
-47
-47
-70
-43
-24
-10
22
-55
-27
12
-42
-41
-31
-63
-33
-14
-4
8
-20
-41
-37
-55
-103
-80
-87
-96
-62
-52
-74
-113
-109
-135
-120
-92
-111
-84
-109
-131
-106
-131
-147
-188
-153
-148
-192
-139
-122
-83
-94
-126
-119
-92
-107
-87
-60
-36
-85
-88
-78
-50
-73
-48
-8
-36
-9
-6
5
-34
-14
-7
-33
-30
-8
17
-60
-33
-13
-20
-39
-81
-47
-29
-65
-71
-30
-59
-43
-84
-48
-102
-80
-71
-104
-103
-113
-116
-166
-139
-115
-111
-111
-109
-102
-106
-143
-161
-151
-159
-184
-194
-191
-161
-142
-155
-222
-170
-164
-205
-200
-198
-176
-237
-211
-178
-214
-238
-226
-240
-232
-223
-216
-214
-226
-213
-219
-226
-261
-261
-237
-266
-279
-257
-265
-262
-241
-230
-269
-198
-196
-167
-132
-113
-123
-182
-153
-172
-146
-126
-114
-135
-141
-143
-119
-118
-127
-123
-110
-81
-118
-133
-117
-70
-81
-98
-63
-49
-48
-16
-32
-45
-23
-10
-9
30
44
-19
-12
-4
-42
14
31
15
18
59
45
43
83
53
63
93
66
58
90
83
85
101
63
87
80
89
103
65
76
50
48
34
47
29
-13
21
-28
-27
-36
-22
-9
-4
0
-5
-24
-18
9
-23
-7
-6
0
-51
-57
-91
-55
-38
-38
-74
-88
-95
-110
-91
-104
-125
-157
-178
-160
-122
-116
-136
-161
-157
-142
-159
-166
-161
-140
-127
-193
-157
-180
-181
-153
-178
-184
-233
-232
-187
-198
-171
-170
-168
-159
-191
-148
-140
-166
-190
-177
-185
-140
-169
-183
-186
-174
-168
-170
-148
-197
-160
-176
-191
-135
-153
-109
-70
-122
-127
-114
-125
-139
-131
-142
-123
-149
-122
-98
-146
-97
-92
-79
-54
-60
-64
-84
-94
-104
-109
-91
-70
-42
-34
-40
-35
-44
-44
-59
-59
8
-1
-38
-26
-22
-14
-77
-76
-27
-55
-47
-37
-45
-17
-26
-47
5
-37
-9
-8
-70
-48
13
9
-52
-36
-30
-20
-11
-19
-40
-7
20
-5
-51
-41
-52
-53
-19
-31
-23
-69
-82
-19
-50
-103
-98
-96
-75
-97
-97
-45
-121
-102
-77
-111
-85
-90
-66
-58
-45
-30
-29
-67
-48
-59
-83
-58
-80
-66
-58
-51
-47
-58
-50
-53
-56
-82
-10
12
-38
-16
-15
-39
-30
-36
-5
-42
-38
17
17
20
-9
-27
-5
-37
-48
-6
-29
-78
-104
-67
-47
-63
-69
-80
-74
-59
-86
-118
-121
-82
-86
-84
-116
-111
-103
-87
-62
-64
-62
-102
-68
-46
-79
-91
-60
-79
-42
-72
-137
-157
-109
-118
-155
-125
-128
-124
-90
-111
-138
-120
-133
-150
-103
-94
-95
-94
-98
-67
-89
-121
-96
-67
-117
-100
-63
-86
-98
-109
-121
-131
-120
-102
-122
-151
-140
-159
-107
-111
-101
-81
-54
-27
-68
-25
-32
-21
11
5
24
-6
3
36
3
-11
3
17
33
35
38
22
21
45
13
13
43
21
48
43
37
18
52
62
63
68
59
78
44
40
48
42
34
70
43
33
20
-2
28
-23
1
27
-49
-8
25
8
15
-12
-26
-33
-8
0
21
54
16
29
43
-5
49
55
45
61
35
60
64
33
53
34
-24
-17
14
27
13
-15
-1
-36
-13
25
-3
-15
-30
30
-22
-8
5
8
-7
0
52
55
44
33
37
6
7
-3
-19
21
3
7
23
-15
-20
-36
-31
-52
-51
-23
-38
-23
-4
-59
-2
36
-42
-23
-12
-10
-13
-7
20
19
-25
-23
-5
-32
-9
-50
-50
-60
-74
-32
-96
-71
-23
-35
-21
-42
-44
-34
-7
-25
6
48
24
-24
-13
-46
-16
-1
-20
28
-30
-59
-52
-71
-98
-74
-52
-66
-41
-24
-80
-68
-34
-66
-59
-33
-35
-3
-25
-94
-66
-69
-68
-69
-18
-19
-26
-37
-26
5
10
12
-68
-77
-96
-104
-95
-78
-109
-63
-44
-48
-43
3
-10
-36
-6
-43
-28
-52
-40
-37
4
46
16
-4
66
55
83
59
73
22
49
22
46
28
-26
9
12
22
-12
28
-39
-5
-34
-15
-50
-65
-49
-94
-47
-49
-82
-30
-32
-42
-18
15
3
-1
-21
-35
-33
15
72
54
48
37
46
32
34
84
111
30
64
64
58
47
56
13
22
50
55
47
34
66
31
31
20
53
32
47
62
40
85
63
34
48
65
80
54
50
14
22
8
22
35
-2
-16
0
4
-25
-42
-52
-14
-25
-4
-27
-56
-51
-15
-6
-30
-72
-48
-50
-61
-50
-54
-55
-58
-69
-21
-38
-3
31
20
48
-20
11
31
21
48
22
-8
39
26
4
-43
-40
-42
-47
-48
-46
-49
-87
-38
-29
-24
-9
-45
-65
-44
-63
-44
-66
-39
-60
-27
-22
-57
-5
5
12
-14
-14
-22
5
-2
-5
-37
-51
-37
-1
-30
-51
-28
-45
-40
-60
9
15
11
30
72
78
31
54
62
82
50
71
65
46
83
70
68
33
36
2
-3
29
20
-24
32
-17
-25
9
16
35
31
26
9
29
68
70
53
75
88
112
131
96
91
90
81
85
110
120
94
112
123
96
77
117
100
77
73
126
109
84
125
108
127
138
114
112
153
139
119
89
76
76
84
77
59
60
80
68
98
115
78
52
79
137
93
121
118
65
65
76
117
108
82
100
112
151
162
133
100
157
187
153
175
155
129
146
128
131
133
104
142
132
95
104
123
107
52
65
66
16
53
73
75
70
77
79
59
22
16
49
73
75
70
54
96
92
72
67
90
68
68
121
98
90
125
117
105
121
119
84
85
85
93
117
99
127
156
169
174
139
149
211
160
145
123
138
128
100
128
114
120
140
136
136
134
122
125
111
136
114
113
146
147
140
154
117
145
119
120
161
102
133
169
207
155
189
184
180
182
145
158
144
150
137
147
85
121
130
137
131
102
110
158
151
139
215
185
189
203
150
184
169
133
121
152
156
139
176
137
130
126
132
120
108
95
59
126
127
101
88
102
123
142
155
139
139
84
114
76
97
127
87
69
90
68
52
54
44
71
83
81
95
84
79
78
58
59
67
34
74
66
97
51
26
123
70
90
106
78
93
97
79
77
92
55
88
126
71
86
109
110
111
111
68
58
60
66
98
70
105
107
66
72
53
81
105
99
80
100
103
87
57
38
44
32
73
39
73
85
91
36
56
55
45
92
34
80
38
67
41
4
7
11
34
38
62
22
6
21
19
71
27
-5
17
34
12
-1
17
10
12
16
15
60
52
47
20
-9
-6
54
40
46
56
10
-4
-32
7
-42
-47
-25
-41
-49
-40
-44
-36
-55
-79
-41
-29
-21
-14
-17
-10
8
32
64
48
23
88
60
42
80
77
71
112
61
42
56
66
27
74
79
49
93
64
83
45
79
41
44
122
95
82
87
71
65
87
80
132
147
121
112
117
139
144
87
106
120
111
106
102
124
123
130
134
125
101
96
61
123
120
106
90
113
110
119
110
116
138
129
160
99
99
116
120
130
130
140
114
100
126
117
123
141
100
99
115
122
126
137
115
82
123
111
67
130
151
108
102
158
140
114
110
92
105
79
86
123
130
129
116
127
147
80
116
108
121
89
67
52
66
64
49
80
66
23
13
42
60
61
37
70
69
95
54
46
73
25
63
23
47
70
58
-2
42
47
25
59
84
96
93
107
42
83
103
97
67
42
67
64
85
114
90
92
128
108
90
97
37
44
102
71
86
109
126
102
99
94
69
69
78
129
122
71
101
107
60
94
60
80
102
85
102
144
144
151
129
124
135
162
169
144
180
173
164
172
198
187
164
117
154
150
145
160
164
143
149
156
156
172
162
158
129
186
140
161
149
126
162
127
116
124
152
175
188
190
165
138
132
102
129
121
116
111
119
135
98
90
156
141
91
92
101
118
73
87
79
59
39
30
66
79
22
18
14
5
29
50
57
14
48
4
11
9
15
36
42
88
94
76
101
116
49
89
41
61
98
86
104
85
72
91
77
66
107
83
73
73
71
88
76
57
72
73
69
71
52
45
73
78
53
48
89
91
48
75
51
26
23
8
10
8
56
73
69
46
59
59
95
71
59
80
75
75
86
104
78
66
44
38
66
14
14
36
20
60
36
25
14
-8
-34
-31
-3
5
24
0
-16
-9
40
-5
-2
40
42
47
34
50
51
51
81
59
33
78
65
64
88
91
136
87
124
103
60
129
102
90
139
115
131
135
129
127
93
104
159
155
148
115
126
88
77
103
73
71
55
52
18
71
36
6
41
31
44
37
26
20
0
37
14
39
65
64
60
48
84
53
83
122
103
131
146
124
167
164
150
142
95
112
140
128
168
155
143
156
139
133
135
166
203
163
150
146
196
162
134
167
166
149
141
173
107
108
94
86
126
137
141
113
89
87
106
97
143
139
157
176
159
138
92
109
128
137
122
78
107
91
107
107
40
39
57
95
53
48
45
-9
3
13
51
48
38
30
33
73
70
62
80
98
116
112
72
136
141
113
123
124
134
127
138
99
119
77
93
97
104
159
124
94
81
91
97
118
95
82
128
211
170
132
135
183
186
129
186
150
194
159
154
161
161
123
141
159
117
153
114
76
100
138
124
75
56
102
95
109
98
135
103
111
115
105
95
102
105
108
139
148
142
115
151
111
82
126
107
105
106
80
86
90
124
117
124
103
133
114
94
134
144
120
138
145
137
116
115
110
145
151
152
141
141
136
101
165
130
160
168
166
179
178
181
148
135
139
148
79
86
135
90
66
90
136
129
122
119
109
68
84
126
153
124
160
141
128
163
142
168
155
161
169
161
187
160
157
125
179
100
128
166
156
132
77
117
95
116
104
160
130
104
113
108
83
88
78
73
79
72
75
74
70
39
67
55
38
83
61
65
58
59
4
35
25
23
13
-8
22
8
18
68
24
53
65
45
35
23
6
-24
-16
-54
-37
-50
-86
-39
-87
-73
-76
-108
-96
-86
-86
-114
-126
-119
-106
-77
-74
-76
-73
-67
-23
-55
-61
-84
-63
-71
-62
-117
-75
-50
-18
-14
-43
-55
-79
-41
-45
-46
12
-11
-21
-14
14
2
-14
-10
26
16
-51
27
25
48
14
-19
34
47
41
28
-4
-8
42
44
32
26
9
52
47
41
20
22
20
20
12
14
50
33
9
60
67
3
61
51
35
43
49
71
62
45
74
51
56
87
88
101
68
49
63
89
70
90
60
11
22
37
27
23
13
24
3
30
25
7
-13
-8
53
20
59
61
30
49
60
51
35
48
59
48
39
28
54
43
49
30
49
87
103
82
53
76
83
99
77
71
52
36
45
71
57
90
64
48
28
5
8
15
34
39
1
6
27
20
33
19
9
-9
6
16
-3
-2
25
17
-20
0
-37
-21
19
8
3
-2
38
38
32
6
6
25
47
90
65
97
119
94
109
109
120
101
115
98
105
123
66
69
55
60
89
47
86
65
55
81
43
47
33
21
11
29
13
13
27
-13
8
34
15
27
56
19
37
61
63
36
0
25
23
19
-9
23
24
-9
9
-20
15
25
18
11
40
52
40
75
49
44
33
51
61
62
33
43
0
10
62
40
22
12
47
17
-2
8
27
-2
-37
-29
-16
-20
7
-55
-33
-33
-43
-44
-88
-27
-75
-80
-106
-46
-87
-108
-41
-44
-29
1
-19
-30
-30
7
-1
13
24
-14
-19
-9
-12
-48
-2
-21
-8
26
-11
-7
2
-24
-39
-13
-53
-39
-31
-61
-43
-32
-21
-32
-25
-17
-2
-31
42
19
21
12
17
3
5
15
5
-8
-51
-4
-23
-2
-39
-51
-47
-58
-49
-33
-22
-23
-29
-89
-61
-8
-69
-26
-8
13
-5
-36
-39
-56
-65
-58
-51
-41
-35
-55
-69
-57
-73
-57
-40
-61
-58
-60
-63
-41
-75
-84
-62
-101
-55
-16
-36
-18
-4
-27
-33
-30
-33
-23
3
20
-51
-64
-32
-21
-37
-46
-20
-51
-39
-34
-9
-7
-16
1
-15
-13
-21
-6
-67
-95
-78
-99
-101
-113
-110
-113
-96
-91
-67
-76
-46
-60
-66
-78
-83
-65
-102
-75
-98
-62
-93
-112
-53
-79
-63
-100
-58
-72
-104
-111
-101
-105
-137
-86
-103
-92
-72
-103
-116
-76
-80
-100
-93
-106
-79
-90
-91
-94
-116
-116
-108
-88
-151
-119
-137
-135
-98
-107
-52
-18
-72
-82
-165
-114
-82
-93
-82
-136
-116
-146
-120
-84
-84
-83
-93
-79
-118
-120
-101
-109
-79
-81
-93
-66
-51
-49
-45
-52
-33
-56
-63
-78
-38
-73
-84
-44
-67
-33
-82
-59
-47
-84
-124
-67
-65
-78
-44
-24
-13
-30
-38
-37
-34
-60
-19
-31
-12
-42
-57
-59
-60
-16
-2
30
-4
19
17
-3
-24
-21
-8
-19
17
-34
-63
-54
-39
-81
-5
-32
-53
-28
-46
0
-10
2
-12
29
42
33
38
30
19
24
-16
-1
20
-2
-11
-8
-7
-31
-51
-22
-52
-64
-57
-41
-18
-61
-44
-37
-38
-58
-45
-22
-34
-62
-14
-57
-68
-18
-45
-54
-63
-39
-33
-35
37
22
39
21
2
-4
18
8
-5
-11
-2
53
0
25
3
-9
-41
8
8
-1
35
-7
-19
-23
-19
-30
7
34
20
16
-29
2
36
18
-6
-18
-9
-31
25
12
35
15
36
52
34
86
108
94
123
133
135
112
102
104
137
110
105
97
129
170
132
136
140
129
99
128
96
117
116
100
103
56
72
80
46
31
-16
-25
-26
-9
0
-12
43
-22
-37
-21
-36
-39
-31
-41
-27
-9
6
8
10
39
34
31
-8
-15
12
-6
8
1
-26
-35
-33
4
-16
-7
-12
-38
-47
-4
-33
-23
-61
-83
-52
-61
-78
-84
-97
-139
-124
-112
-158
-171
-138
-119
-87
-114
-125
-119
-163
-145
-175
-151
-128
-176
-145
-139
-130
-118
-99
-113
-167
-156
-143
-127
-107
-119
-46
-64
-76
-44
-59
-55
-36
-29
-1
1
-10
-22
-9
2
-11
-26
-17
4
-33
-8
22
-76
-65
-67
-66
-48
-36
-8
-78
-28
-37
-19
-6
-76
-39
-40
-66
-76
-32
-22
-85
-54
-24
-40
-42
-54
-10
-35
-14
-8
-40
-15
-39
-78
-60
-56
-45
-68
-65
-81
-44
-50
-83
-56
-71
-70
-54
-58
-85
-76
-48
-57
-65
-36
-54
-60
-56
-83
-76
-66
-64
-96
-52
-88
-116
-58
-77
-98
-125
-120
-133
-140
-133
-143
-138
-150
-154
-153
-152
-197
-175
-156
-155
-178
-206
-130
-139
-125
-127
-127
-104
-126
-107
-119
-117
-166
-134
-116
-131
-99
-95
-83
-107
-69
-102
-123
-102
-125
-106
-93
-112
-58
-104
-82
-80
-94
-59
-68
-66
-20
-27
-27
5
-27
-11
-29
-20
-34
-43
-43
-26
-8
-81
-38
-34
-53
-47
-48
-28
-38
-31
-46
-68
-77
-70
-81
-48
-17
-57
-46
-51
-63
-45
-51
-48
-39
-42
-47
-7
-34
-38
-54
-49
-68
-62
-52
-59
-102
-108
-104
-97
-126
-51
-38
-89
-101
-103
-56
-31
-16
-23
-10
-23
-48
-30
-20
-36
-14
-43
-19
-5
-3
-31
-30
-43
-28
-18
-22
-12
27
1
9
54
-12
-39
-4
-4
-10
-3
-41
-13
-23
-62
-19
-66
-28
-34
-49
-40
-24
-7
-43
-37
-43
-27
-17
-22
-41
-20
19
-7
-6
27
-14
9
-11
-3
2
14
55
45
14
46
-17
-20
22
28
26
29
53
37
54
24
21
11
-56
-41
-13
-23
-31
-1
-6
-45
-18
2
-39
1
2
32
39
9
23
-4
17
53
38
14
39
27
32
81
53
26
63
41
4
17
37
34
30
1
31
53
59
37
19
35
-1
-11
52
96
60
9
32
2
20
4
11
27
17
17
-3
-5
27
48
21
19
-27
-15
-5
-20
26
-2
31
11
-38
-4
-33
2
-39
-59
-55
-73
-51
-16
-28
-19
-65
-58
6
-11
14
8
-19
-11
-37
-45
-8
-6
-27
-26
-25
-72
-63
-51
-43
-64
-49
-47
-60
-32
-10
-46
-56
-16
-23
-12
-17
-25
-32
-51
-25
-41
-81
-62
-58
-33
-51
-58
-58
-86
-45
-32
-17
-75
-83
-39
-83
-80
-54
-63
-90
-47
-76
-92
-61
-23
-30
-22
4
-34
-42
-18
-13
-27
-22
6
-7
-47
-7
-10
-48
-18
2
16
-10
1
0
1
15
-11
4
-15
2
-16
-31
-11
-27
-12
-34
-64
-38
-24
-9
4
-9
23
23
7
-7
19
20
26
25
22
-17
-19
20
-15
-19
-28
9
-8
-5
20
-4
5
44
23
-12
12
26
-24
22
4
22
-21
8
3
-8
35
-16
-5
-71
-38
-14
-38
-19
-7
-27
5
-10
-20
-57
-62
-14
-18
-27
-26
4
-16
-2
-21
21
-32
-68
-59
-24
-48
-40
-40
-83
-76
-74
-62
-87
-31
-61
-42
-34
-16
-15
-42
-19
-61
-49
-64
-46
-50
-76
-89
-64
-71
-88
-126
-160
-78
-69
-51
-77
-72
-6
-37
-53
-63
-35
-38
-41
-29
-19
-70
-45
-61
-70
-53
-77
-56
-102
-86
-67
-38
-84
-81
-87
-79
-96
-108
-95
-101
-90
-29
-9
-41
-26
-30
-50
-3
-30
-25
-10
-48
-16
-1
-25
-55
-45
-33
-21
19
30
14
-33
-3
-5
-42
-5
-16
-2
-5
37
14
17
42
-22
-5
39
21
-2
37
25
20
0
-21
22
13
-3
-15
59
42
13
0
-32
-50
-35
-19
-12
-4
6
-4
22
13
-11
17
46
37
18
44
-9
16
-42
-29
9
-12
-2
-29
-2
-36
-15
30
-5
16
-24
-18
-25
-17
7
-47
-51
-69
-38
-21
-46
-33
-67
-45
-18
-36
-41
-40
-64
-79
-47
-45
-72
-40
-7
-23
-31
-31
0
-40
-18
-32
-22
-10
-33
1
-29
-5
10
-21
-37
2
-8
2
-25
-73
-32
-52
-78
-41
-26
-16
25
18
11
36
9
-15
-26
0
-19
-8
0
-17
-15
13
-24
-10
35
-9
-26
-33
11
-17
-32
-38
-49
34
17
22
12
-21
0
17
38
45
68
95
85
66
33
13
15
50
33
54
80
32
36
68
31
47
50
22
32
45
66
120
114
98
89
32
34
-5
55
55
35
13
31
35
3
-13
3
-6
6
25
-3
24
17
-17
2
22
13
44
7
10
-29
-6
-33
-47
-25
-38
-8
-27
-19
-6
-19
-2
37
29
18
1
11
31
46
18
0
-13
-16
5
-2
17
0
27
26
-17
-9
-5
0
-3
26
-27
2
-21
-21
-31
9
15
-21
25
29
33
-3
36
91
49
28
20
69
74
64
50
47
59
90
65
35
105
113
96
106
119
69
80
76
108
132
151
126
123
110
119
102
106
126
104
137
100
103
119
55
89
127
74
77
128
114
85
70
87
125
77
69
87
100
93
97
108
97
104
110
131
106
45
87
112
110
118
107
141
149
154
123
99
78
114
94
95
64
22
79
67
31
29
72
60
55
71
39
16
31
32
31
28
60
77
50
65
55
30
77
56
52
22
44
99
44
79
101
49
63
48
47
89
107
98
2
-4
57
43
46
82
52
63
81
75
21
10
26
17
23
77
84
24
16
20
47
64
81
58
73
69
41
21
9
17
48
49
22
28
88
82
48
61
71
54
41
56
54
58
50
41
82
106
112
118
124
112
100
96
116
138
155
131
91
57
88
49
39
85
103
108
83
111
76
71
70
81
93
58
50
86
104
69
95
85
91
78
109
101
84
77
86
88
53
88
55
103
94
72
54
45
63
69
82
60
64
70
21
22
59
42
37
37
38
53
46
-6
-12
4
17
52
62
77
34
8
33
69
80
27
43
32
30
39
18
63
63
50
48
-4
-1
33
7
51
44
41
67
34
58
80
62
6
44
35
-29
42
52
72
37
17
-13
0
54
46
70
23
30
8
70
133
124
104
61
72
83
101
91
91
104
72
79
85
55
18
74
17
31
58
15
59
21
49
40
81
43
45
69
93
97
18
110
81
48
96
106
116
109
101
103
69
93
82
115
104
100
133
158
142
121
140
106
151
152
136
132
147
196
215
212
180
161
158
149
194
177
212
166
191
191
197
207
155
139
167
178
157
178
204
233
172
200
197
176
197
202
190
175
206
187
189
201
195
185
182
158
172
194
200
174
184
206
222
196
158
165
187
195
196
191
205
220
143
198
155
142
194
170
178
158
156
200
210
215
207
233
223
188
226
180
232
228
236
231
186
235
213
218
217
227
224
234
230
215
234
221
244
234
204
175
213
213
227
218
213
245
255
241
247
274
237
231
236
224
237
266
246
291
253
272
292
265
304
289
265
274
322
349
361
368
326
330
335
382
369
360
354
399
416
420
403
415
448
417
428
427
415
380
419
419
421
431
443
433
430
411
412
405
408
422
411
416
431
430
425
440
472
472
470
462
427
422
424
420
460
447
403
435
455
451
442
457
462
479
474
458
458
457
450
439
441
435
440
470
491
519
546
519
475
523
478
478
521
515
470
502
504
508
514
467
494
486
501
488
482
468
496
502
489
515
514
503
463
473
499
518
557
503
502
509
504
476
515
523
504
529
490
527
528
549
561
546
587
547
528
539
553
572
565
563
550
588
545
540
551
492
524
488
509
484
497
517
536
526
557
562
537
539
480
576
548
549
547
561
592
588
628
594
596
585
585
643
615
593
595
618
642
657
655
634
608
613
584
597
635
646
662
609
620
573
601
557
598
581
573
594
590
600
579
590
576
576
573
576
570
618
613
623
592
598
627
560
589
568
495
518
561
561
516
540
546
494
499
549
546
503
490
496
492
515
480
476
463
459
464
468
500
496
452
449
463
456
455
446
416
434
467
449
445
478
480
465
488
476
489
475
465
458
469
462
466
473
501
464
426
438
448
506
473
469
481
433
450
469
433
458
453
442
429
440
425
403
375
375
388
388
415
408
354
379
371
357
369
363
402
346
331
369
336
398
392
392
388
355
421
394
359
362
385
335
341
334
353
347
342
346
310
337
311
315
308
320
356
383
359
395
387
350
362
386
340
337
355
368
353
319
346
310
311
319
288
305
276
306
307
288
293
269
259
239
242
243
306
262
253
295
241
249
204
238
222
212
212
189
188
149
184
184
211
182
167
159
141
164
155
174
155
163
131
146
156
141
105
97
103
153
143
127
109
127
125
120
161
177
146
158
152
119
88
75
81
94
107
76
94
87
114
102
70
126
114
103
96
117
151
126
114
136
142
125
140
127
126
146
136
118
107
88
118
101
77
77
66
87
37
39
32
23
45
25
5
-13
3
0
-41
-16
3
26
29
25
42
12
29
-17
37
30
-20
12
-2
23
-7
-13
-32
-15
6
-7
-1
-59
-26
-15
3
5
-54
-24
9
17
-8
-1
1
49
-18
16
16
-20
29
26
37
63
48
48
99
63
43
14
21
19
-17
9
12
16
10
17
30
58
61
36
8
27
8
-2
-21
14
52
-9
6
6
60
41
-16
-11
4
-8
-3
35
40
48
72
19
-18
-22
-48
-75
-69
-40
-17
-59
-22
-3
-32
-1
8
9
-1
-41
-17
20
-16
45
18
-2
-9
-28
-34
-16
11
1
-5
-18
-41
-47
-31
-5
-50
-43
-51
-14
-2
-30
-57
-26
15
-21
20
-4
21
-1
10
-9
-1
-32
-21
-3
41
5
11
28
-4
23
-4
-5
-19
19
-10
5
6
13
28
-1
49
-23
-12
-1
-44
-4
-22
-58
-49
24
-3
5
-22
-55
-27
-66
-73
-47
-81
-92
-77
-62
-54
-73
-52
-67
-65
-62
-43
-78
-59
-45
-54
-42
-76
-56
-62
-44
-20
-7
-13
6
-48
-39
-16
-32
1
-61
-52
-54
-114
-104
-111
-95
-79
-38
-71
-50
-26
-14
-2
2
-29
-13
-5
-12
3
-10
-6
-18
-43
-75
-34
-21
-43
-47
9
-77
-50
-21
-75
-16
-51
-64
-42
-11
-29
-28
8
-39
-30
-9
-22
-30
-110
-80
-40
-71
-68
-78
-68
-73
-53
-64
-81
-49
-88
-58
-70
-76
-71
-57
-86
-93
-103
-122
-77
-112
-125
-90
-102
-109
-126
-105
-44
-47
-53
-103
-118
-54
-42
-89
-128
-84
-49
-40
-67
-75
-33
-62
-61
-41
-28
-28
-15
-39
-19
-10
-21
-39
-72
-45
-39
-30
-53
-55
-66
-57
-38
-43
-65
-33
-62
-49
-84
-77
-64
-53
-42
-73
-82
-118
-115
-104
-87
-133
-126
-130
-137
-141
-161
-86
-107
-90
-113
-126
-90
-106
-94
-117
-93
-112
-105
-89
-120
-148
-102
-123
-121
-116
-154
-111
-96
-114
-120
-99
-143
-91
-78
-127
-93
-133
-155
-138
-161
-135
-102
-143
-168
-152
-146
-164
-181
-151
-128
-131
-117
-132
-138
-142
-150
-144
-125
-151
-160
-126
-160
-107
-136
-183
-119
-135
-173
-166
-167
-146
-134
-104
-108
-80
-141
-125
-104
-130
-96
-80
-65
-111
-82
-78
-66
-97
-139
-141
-137
-112
-135
-116
-103
-150
-82
-76
-89
-78
-95
-103
-112
-75
-70
-64
-74
-73
-70
-82
-64
-117
-88
-88
-85
-69
-91
-83
-75
-73
-47
-42
-37
-28
-18
-21
-10
16
5
23
32
51
21
2
21
-17
7
1
-20
-3
-7
-27
4
-32
-74
-63
-59
-28
-46
-17
39
-21
-12
-18
-41
-67
-75
-84
-86
-72
-97
-66
-101
-107
-87
-119
-99
-130
-150
-125
-118
-163
-150
-136
-164
-126
-151
-149
-136
-181
-128
-134
-157
-153
-153
-134
-107
-120
-117
-137
-134
-77
-99
-51
-69
-116
-59
-76
-79
-68
-87
-92
-71
-80
-57
-88
-98
-105
-98
-90
-111
-98
-163
-142
-137
-137
-151
-172
-142
-141
-144
-175
-174
-170
-169
-139
-203
-238
-213
-180
-149
-146
-110
-190
-160
-110
-156
-131
-115
-112
-123
-119
-99
-80
-69
-101
-73
-75
-27
-21
-42
-90
-113
-144
-103
-109
-101
-110
-153
-121
-110
-73
-111
-76
-100
-64
-78
-84
-64
-87
-94
-88
-106
-111
-88
-95
-136
-119
-94
-107
-98
-120
-42
-12
-58
-57
-57
-34
-66
-74
-50
-61
-105
-75
-79
-88
-72
-80
-63
-104
-106
-49
-73
-89
-134
-82
-53
-67
-49
-49
-44
-42
-72
-62
-22
-72
-77
-46
-83
-69
-86
-91
-73
-101
-118
-96
-94
-64
-40
-93
-82
-119
-102
-110
-108
-111
-131
-133
-144
-107
-172
-168
-134
-119
-108
-148
-139
-105
-100
-86
-112
-88
-107
-134
-91
-90
-94
-124
-118
-114
-90
-115
-118
-120
-119
-114
-87
-60
-63
-54
-56
-41
-61
-91
-84
-69
-80
-80
-54
-94
-103
-93
-96
-102
-51
-63
-92
-90
-82
-111
-90
-100
-102
-108
-107
-53
-91
-104
-142
-92
-109
-154
-146
-144
-81
-94
-123
-127
-111
-138
-182
-139
-130
-106
-67
-120
-135
-86
-109
-105
-150
-134
-137
-175
-141
-124
-112
-149
-105
-114
-125
-110
-124
-147
-117
-103
-123
-141
-131
-166
-197
-141
-125
-171
-185
-162
-209
-157
-140
-220
-219
-235
-225
-194
-223
-211
-226
-190
-157
-215
-217
-214
-179
-217
-191
-150
-220
-144
-182
-217
-190
-194
-168
-203
-190
-151
-186
-193
-189
-166
-141
-158
-147
-169
-184
-157
-153
-118
-133
-165
-143
-176
-134
-148
-135
-131
-138
-98
-109
-103
-139
-105
-113
-125
-114
-110
-99
-103
-129
-137
-99
-120
-147
-109
-135
-153
-130
-151
-150
-168
-156
-142
-150
-149
-129
-119
-133
-98
-86
-102
-93
-100
-96
-98
-120
-97
-39
-18
-25
-43
-29
-21
-52
-23
-15
-65
-60
-46
-44
-59
-65
-51
-78
-97
-66
-68
-96
-122
-137
-100
-102
-75
-88
-131
-182
-161
-147
-162
-171
-161
-160
-142
-168
-170
-188
-208
-146
-174
-178
-168
-149
-165
-204
-199
-215
-190
-195
-198
-165
-178
-203
-214
-214
-209
-220
-209
-199
-173
-148
-162
-164
-149
-157
-156
-162
-132
-121
-155
-122
-164
-162
-145
-140
-148
-158
-163
-143
-167
-159
-157
-144
-109
-157
-173
-203
-130
-176
-150
-172
-167
-183
-157
-200
-193
-157
-175
-211
-227
-216
-228
-243
-269
-232
-238
-214
-209
-186
-225
-201
-229
-245
-205
-210
-212
-226
-256
-269
-222
-261
-238
-214
-239
-231
-202
-278
-254
-204
-220
-178
-200
-189
-204
-212
-207
-218
-179
-202
-192
-179
-195
-198
-209
-221
-197
-190
-200
-145
-171
-183
-172
-191
-187
-209
-252
-226
-196
-174
-161
-187
-167
-190
-174
-149
-167
-156
-174
-158
-160
-213
-147
-111
-113
-86
-121
-169
-135
-107
-167
-157
-184
-154
-122
-151
-182
-169
-152
-150
-139
-132
-135
-136
-112
-149
-138
-167
-138
-138
-131
-140
-152
-152
-200
-175
-195
-178
-172
-159
-134
-143
-110
-120
-141
-139
-118
-119
-132
-132
-153
-149
-117
-129
-132
-101
-126
-123
-111
-145
-135
-114
-103
-117
-107
-88
-60
-106
-107
-106
-159
-140
-154
-97
-115
-133
-89
-75
-155
-141
-128
-151
-190
-205
-210
-197
-149
-175
-160
-146
-165
-176
-213
-228
-206
-244
-209
-238
-230
-230
-237
-218
-214
-210
-202
-168
-184
-142
-128
-153
-184
-177
-177
-178
-171
-180
-144
-106
-92
-116
-84
-90
-72
-119
-142
-112
-92
-133
-123
-110
-119
-132
-143
-123
-110
-93
-84
-92
-95
-53
-89
-42
-50
-53
-95
-99
-82
-93
-122
-135
-145
-136
-150
-147
-124
-162
-160
-189
-209
-135
-169
-201
-130
-150
-153
-155
-160
-178
-175
-182
-156
-135
-146
-149
-118
-116
-139
-160
-137
-149
-147
-109
-122
-94
-133
-109
-139
-104
-93
-135
-123
-172
-156
-141
-197
-223
-183
-160
-160
-134
-162
-174
-164
-166
-137
-137
-133
-191
-181
-196
-180
-177
-182
-159
-143
-131
-163
-127
-133
-161
-152
-147
-161
-131
-125
-167
-147
-141
-120
-133
-152
-161
-129
-128
-147
-159
-157
-150
-138
-172
-176
-183
-164
-131
-160
-145
-140
-134
-120
-106
-122
-156
-168
-169
-146
-126
-150
-192
-137
-146
-201
-169
-163
-187
-179
-168
-155
-143
-161
-160
-150
-178
-192
-157
-155
-127
-143
-131
-96
-112
-97
-103
-142
-141
-127
-166
-141
-137
-134
-122
-130
-157
-107
-137
-122
-111
-173
-142
-159
-149
-124
-136
-130
-86
-133
-163
-140
-164
-172
-250
-206
-173
-211
-233
-218
-177
-199
-185
-224
-238
-228
-226
-187
-180
-209
-175
-189
-180
-180
-217
-191
-213
-207
-223
-193
-204
-230
-182
-210
-158
-176
-205
-151
-122
-176
-167
-163
-178
-151
-164
-162
-151
-161
-183
-173
-192
-141
-183
-190
-176
-193
-204
-167
-195
-218
-227
-181
-158
-199
-169
-199
-209
-207
-185
-198
-185
-216
-227
-277
-267
-251
-274
-338
-452
-470
-1903
-3082
-1414
5
-941
-2775
-4189
-3521
-2233
-1919
-2766
-4412
-4639
-3558
-3920
-4223
-3552
-3980
-4708
-4528
-3706
-3575
-4088
-3364
-2205
-2498
-2853
-2315
-1930
-1195
-130
148
-153
-58
890
1797
1910
2579
3183
2954
3160
3859
4418
4924
4913
5240
5571
5539
5672
5551
5399
5720
5864
5629
4952
4175
4049
4209
3868
3099
2452
1884
1349
726
269
112
-571
-1424
-1983
-2444
-2765
-3127
-3563
-3778
-4063
-4591
-4876
-4979
-4892
-4785
-4895
-4991
-5035
-4991
-4587
-4217
-4065
-3827
-3711
-3426
-2985
-2695
-2287
-1955
-1628
-1375
-1216
-1019
-595
-310
-102
-83
-89
94
66
125
309
343
117
-51
-158
-175
-166
-274
-361
-630
-850
-813
-943
-874
-898
-1060
-1063
-1089
-1144
-1015
-876
-771
-520
-486
-445
-207
42
566
780
793
1001
1300
1665
2086
2228
2682
2933
3032
3505
3952
4108
4509
4631
4245
4300
4629
4755
4829
4447
4169
4080
3794
3641
3531
3171
2866
2403
1693
1621
1455
874
480
101
-141
-701
-1336
-1418
-1313
-1781
-2287
-2616
-2801
-2733
-3003
-3157
-2989
-3082
-3321
-3374
-3230
-3024
-2953
-3032
-2880
-2751
-2694
-2679
-2571
-2222
-2089
-2307
-2314
-2139
-2028
-1837
-1830
-1940
-1889
-1978
-2099
-1943
-1918
-1931
-2116
-2347
-2289
-2362
-2530
-2536
-2504
-2631
-2805
-2942
-2825
-2699
-2738
-2663
-2675
-2654
-2446
-2340
-2109
-1693
-1472
-1369
-1181
-779
-420
-77
289
646
999
1244
1646
2023
2521
2979
3198
3500
3850
4278
4745
4944
5120
5575
5873
6160
6643
6804
7236
6957
5943
6088
6635
6949
6819
5424
4649
4911
4716
4106
3597
3053
2851
1697
402
562
588
-127
-1030
-1785
-2003
-2368
-3379
-3510
-3147
-3513
-4181
-4990
-4966
-4345
-4480
-4815
-4586
-4472
-4461
-4517
-4337
-3474
-2963
-3158
-2999
-2631
-2100
-1778
-1698
-1169
-668
-792
-884
-551
-154
175
8
-227
-153
-128
-325
-452
-548
-621
-949
-1458
-1502
-1770
-1986
-2197
-2528
-2870
-3130
-3497
-3742
-3791
-3970
-4114
-4410
-4610
-4425
-4368
-4439
-4272
-4120
-4023
-3902
-3506
-2997
-2629
-2388
-1922
-1462
-1092
-549
52
542
1030
1455
1888
2587
3112
3573
3927
4330
5041
5413
5686
6105
6508
6928
7309
7647
7896
8274
8655
9292
10054
9641
7677
6317
7510
9794
10182
7402
3720
3371
5770
6807
4663
1742
1032
1984
1119
-1121
-1855
-964
-740
-2697
-5094
-5347
-4338
-4298
-5079
-5474
-5422
-6084
-7406
-7094
-5129
-4044
-5137
-6489
-6153
-4456
-3699
-4091
-3554
-2200
-1677
-2348
-2702
-1268
615
939
375
335
882
1257
1199
1647
2609
2520
1438
709
1058
1574
1459
781
102
-303
-1020
-1593
-1669
-1499
-2050
-3282
-4147
-4343
-4502
-5014
-5366
-5433
-5777
-6711
-7431
-7079
-6428
-6487
-6933
-7113
-6883
-6561
-6232
-5597
-4874
-4448
-4348
-4068
-3293
-2213
-1449
-950
-417
264
723
1126
1915
2879
3539
3582
3831
4333
5075
5621
5991
6303
6803
7113
7203
7779
8404
8576
9078
9326
9751
10371
10404
10826
10775
8316
6008
7916
11236
11879
7179
1516
2324
7300
8472
3987
-886
-96
3209
1412
-3478
-3912
-431
692
-3893
-8309
-6588
-3166
-3803
-6538
-7027
-5271
-5478
-8511
-8600
-4490
-2411
-4946
-8165
-6968
-3049
-2216
-4232
-3998
-1202
-4
-1959
-3427
-682
2805
2522
368
121
1826
2928
2168
1939
3417
3727
2133
917
1437
2711
2532
1115
501
235
-530
-1241
-1291
-1003
-1442
-3307
-4627
-4516
-4274
-4867
-5734
-5997
-6075
-7300
-8446
-7789
-6733
-7026
-8040
-8437
-7878
-7394
-7297
-6688
-5901
-5568
-5681
-5711
-4633
-3005
-2318
-2283
-1941
-1153
-414
-69
626
1881
2528
2440
2290
2845
4057
4741
4757
5047
5117
5494
5438
5747
7079
7578
7252
7129
6710
7797
9000
9492
9573
8231
9036
11697
10773
7449
5186
6552
11850
12443
6229
1267
2648
7382
8642
3359
-392
1648
3060
843
-2282
-2657
338
195
-3778
-5902
-4975
-3851
-3897
-5338
-4974
-4273
-6522
-7929
-6401
-3973
-3085
-5097
-6788
-5224
-3665
-3715
-3623
-2831
-1416
-1313
-2701
-2348
-474
707
1076
646
373
618
433
1033
2451
2508
1489
194
-349
980
1552
666
61
-728
-1469
-1852
-2151
-1896
-1964
-3316
-4477
-4927
-5121
-5092
-5525
-6190
-6242
-6892
-7908
-7988
-7438
-6681
-6997
-7993
-7875
-7226
-6898
-6305
-5709
-5232
-4849
-5002
-4477
-3205
-2231
-1510
-1261
-1077
-289
283
808
1841
2551
2730
2701
2758
3363
4254
4893
5176
4810
4764
5337
5735
6373
6972
6901
7043
7360
7457
8140
8996
9614
10569
10936
10725
11510
8514
5449
8358
12830
14256
9609
1646
1436
8219
11529
7564
755
-455
4397
4202
-1259
-2998
158
2805
-569
-6957
-7310
-3163
-1894
-3567
-5568
-6060
-5739
-7561
-8070
-4612
-2852
-4593
-7381
-7903
-5058
-3242
-4242
-4000
-2464
-1999
-2914
-4094
-2306
945
1442
249
-475
-429
637
1374
1912
3099
2568
748
324
1014
2073
2373
1481
768
198
-880
-1113
-596
-314
-743
-2740
-4197
-3991
-3931
-4193
-4585
-5320
-5989
-7087
-7971
-7223
-6301
-6504
-7464
-8430
-8206
-7282
-7016
-6626
-5881
-5755
-6000
-6044
-5100
-3394
-2550
-2472
-2284
-2058
-1392
-534
274
1336
1959
1650
1431
1929
2984
3901
3940
3954
4135
3981
4188
5039
5594
5981
6130
5736
5453
6122
7765
8123
7666
8131
8455
9122
10433
10930
12254
11139
5810
5084
10190
14470
13964
6112
31
4662
11137
10635
4055
-505
3006
6838
2078
-3184
-1854
2502
3346
-2580
-7523
-5044
-2016
-2383
-4066
-5354
-5132
-5774
-8189
-6699
-3380
-3426
-5645
-7537
-6498
-4033
-4182
-4918
-3314
-1889
-2199
-3891
-4393
-1317
1120
449
-399
-651
-157
837
1125
1845
2629
1717
907
1026
1316
1829
1637
1313
1274
151
-995
-1001
-519
-138
-1079
-2970
-3590
-3601
-4020
-4176
-4708
-5214
-5715
-7024
-7570
-7003
-6695
-6810
-7384
-8038
-7749
-7599
-7433
-6422
-5946
-6135
-6162
-5974
-4885
-3698
-3334
-2681
-2218
-2084
-1525
-891
-28
1261
1503
1169
1383
1891
2755
3276
3360
3656
3608
3409
3871
4420
4924
5304
4832
4665
5500
5738
6295
6846
6403
6983
7598
7891
8744
9508
10130
11156
11054
7377
4889
8014
12655
14057
8697
1715
2280
8472
11016
6651
1139
1304
5079
3977
-958
-2231
1020
3339
-222
-5596
-6029
-2866
-1660
-3020
-4687
-5156
-5357
-7110
-7143
-4596
-3275
-4686
-6836
-7072
-5323
-4191
-4575
-4004
-2805
-2673
-3689
-4509
-2881
-473
168
-571
-1236
-1011
-302
458
1174
2001
1716
689
468
686
880
1151
1347
1006
-3
-1357
-1782
-991
-504
-1176
-2895
-4107
-4047
-4044
-4808
-5118
-5223
-5907
-7030
-7936
-7739
-7154
-7240
-7628
-8173
-8466
-8202
-7890
-7385
-6528
-6229
-6474
-6550
-5893
-4463
-3479
-3123
-2714
-2417
-2165
-1568
-658
429
994
810
684
1193
1867
2372
2766
2779
2659
2770
3165
3503
3539
4034
4416
4271
4252
4625
5162
5408
5370
6142
6801
7061
7291
7692
8433
9563
10929
10876
7935
4651
6442
11415
13180
9644
3528
1664
6477
10071
7522
2357
953
3566
4399
382
-2484
-413
2106
825
-3866
-6438
-4496
-2529
-3062
-4494
-5460
-6235
-7100
-7736
-6177
-4413
-5198
-6944
-7811
-6842
-5647
-5457
-5399
-4258
-3564
-4427
-5326
-4680
-2408
-909
-1286
-2024
-2171
-1733
-731
248
746
696
33
-545
-403
133
498
403
84
-471
-1376
-1974
-1817
-1382
-1736
-2766
-3941
-4650
-4944
-5055
-4989
-5286
-6246
-7379
-8004
-8026
-7397
-7196
-7832
-8458
-8586
-8294
-8067
-7664
-6938
-6411
-6645
-6767
-6218
-5077
-3935
-3359
-3015
-2781
-2474
-1834
-755
122
678
938
886
1019
1653
2688
3127
3129
3431
3402
3451
3954
4570
4659
5132
5653
5061
4945
6117
6512
6312
6704
7191
7078
7173
7856
9031
9478
9610
10797
9893
7559
6598
8640
11787
12228
8515
4692
4295
7620
9679
7474
3481
3318
4323
3355
952
227
1685
2267
-338
-3559
-4233
-2990
-2114
-2879
-4221
-4705
-5850
-6824
-6305
-4841
-4083
-5059
-6545
-6873
-5734
-5081
-4601
-4156
-3711
-3790
-4435
-4408
-3069
-1520
-821
-1176
-1749
-1697
-1019
-224
941
1204
456
-250
-466
152
468
472
104
-452
-1010
-1658
-2021
-1916
-1750
-2382
-3555
-4391
-4911
-5303
-5263
-5073
-5655
-6719
-7860
-8189
-7607
-7221
-7364
-7938
-8448
-8505
-8142
-7724
-7094
-6567
-6561
-6651
-6523
-5644
-4507
-3814
-3306
-2947
-2858
-2566
-1866
-771
158
285
21
-48
375
1373
1777
1720
2134
2125
1637
1681
2483
3325
3177
2957
3312
3208
3074
3877
4630
5055
4798
4281
5130
6000
6195
7068
7533
7554
8472
8130
6147
4707
5793
8843
9882
6815
2950
1848
4476
7026
5687
2129
582
1159
1540
275
-1475
-1009
-190
-1741
-4148
-5463
-5185
-4187
-4194
-5203
-6318
-7631
-8352
-7850
-7007
-6293
-7038
-8617
-9053
-8324
-7715
-7406
-7323
-7149
-7135
-7875
-8213
-7468
-6431
-5918
-6323
-7000
-7255
-6810
-5996
-5146
-4895
-5262
-5517
-5403
-4737
-4105
-4090
-4542
-5261
-5099
-4662
-5177
-5623
-5821
-6322
-6602
-6823
-7390
-7877
-7984
-7869
-8081
-8931
-9312
-9075
-8958
-8820
-8653
-8867
-9148
-8865
-8169
-7650
-7553
-7316
-6675
-6318
-6003
-5386
-4789
-4105
-3393
-3343
-3225
-2687
-2286
-1661
-1053
-1081
-1530
-1491
-773
-206
-299
-444
-213
15
266
345
83
515
1359
1565
1142
812
1523
2868
2949
2870
3248
3325
4154
5098
4836
5624
6796
7259
7210
6019
4539
4515
6571
8921
8018
4174
2034
3333
5597
5897
3816
1463
1473
1786
763
-771
-1130
-123
-387
-3093
-5139
-5012
-4120
-3980
-4540
-5649
-6400
-7407
-7622
-6854
-5880
-5647
-6540
-7529
-7231
-6200
-5665
-5006
-4486
-4075
-4046
-4280
-3784
-2292
-930
-555
-727
-888
-456
487
1431
1992
1925
1536
1204
1181
1688
2175
2117
1458
899
497
229
370
498
-31
-917
-1391
-1688
-2112
-2207
-2264
-2575
-3427
-4148
-4270
-4261
-4316
-4211
-4391
-4857
-5156
-4985
-4539
-4125
-3720
-3372
-3355
-3270
-2751
-1882
-949
-328
-224
-216
354
1050
1896
2466
2452
2669
3376
3677
3636
4131
4918
5415
5465
4854
5081
6323
6686
6867
7134
7077
7214
7480
8077
8942
8759
8824
9334
9388
9569
10168
10938
12039
11902
12142
12209
10437
8724
9879
12756
13701
10884
6921
5834
8183
10095
9176
5995
4089
4627
4556
3041
1672
2090
2455
1046
-1799
-3118
-2696
-2038
-2297
-3460
-4744
-5825
-6879
-6789
-5830
-5259
-6156
-7282
-7869
-7295
-6546
-6144
-5798
-5464
-5393
-5877
-6069
-5142
-3533
-2656
-2550
-2660
-2574
-1607
-225
788
1191
834
546
857
1372
1516
1319
716
135
-204
-839
-899
-919
-1626
-2509
-3507
-3898
-3937
-4455
-5126
-5389
-5699
-6326
-7078
-7463
-7072
-6907
-7291
-7710
-7983
-7889
-7413
-6985
-6642
-6369
-6361
-6084
-5452
-4795
-3928
-3467
-3095
-2554
-2220
-1911
-1301
-593
256
338
-199
222
946
1214
1601
1744
1602
1550
1888
2332
2623
2630
2700
3193
2769
2302
3230
3703
3546
3765
3162
3123
4206
4306
4193
4763
4994
5547
6316
5278
3816
2747
3812
6914
7856
4983
1776
1297
4568
6765
5111
2245
1568
2501
3004
1423
-138
993
1912
338
-1998
-3037
-2239
-1300
-1781
-2893
-3678
-4636
-5253
-5040
-4274
-3533
-4544
-5680
-5856
-5176
-4576
-4208
-4212
-3714
-3394
-3861
-3980
-3197
-1867
-1100
-1391
-1838
-1809
-1383
-409
462
222
-295
-615
-885
-615
-94
-201
-803
-1344
-2077
-2534
-2676
-2648
-2846
-3918
-5033
-5389
-5594
-5839
-6258
-6587
-6909
-7711
-8489
-8474
-8145
-8009
-8052
-8486
-8814
-8633
-8248
-7708
-7159
-6765
-6544
-6335
-5903
-4971
-4164
-3378
-2702
-2548
-2247
-1557
-922
-138
571
725
1060
1344
1474
2106
2731
3034
3166
3297
3355
3701
4332
4922
5305
5022
4857
5601
5951
6370
6810
6599
7178
7854
7293
7523
8488
9574
9840
10010
9351
7803
6145
7849
10733
10403
7661
5002
3782
6004
7668
6004
3106
2201
2506
2052
-82
-1318
-150
-60
-1830
-4352
-5704
-5194
-4195
-4517
-5577
-6636
-7284
-7822
-7755
-6750
-5592
-6389
-7321
-7442
-6723
-6114
-5417
-4979
-4484
-4220
-4454
-4317
-3494
-1986
-958
-920
-1019
-901
-182
952
1904
2307
2098
1666
1884
2638
3158
3121
2790
2558
2294
1362
274
976
2326
1635
-425
-2082
-2519
-1629
-1087
-1765
-3107
-4542
-4904
-4720
-4853
-4732
-4503
-5228
-6227
-6365
-5528
-4877
-4664
-4071
-3516
-3939
-4219
-2983
-1310
-173
21
-217
135
1076
2050
2889
3565
3870
3841
3597
4105
5117
5692
5748
5791
5836
5704
5851
6675
7492
7520
7412
7556
7429
7855
8787
9281
9425
9558
9818
9893
10661
11597
12261
12487
13048
12523
11505
10486
10496
12994
14339
11677
9170
7511
8439
10647
10294
7527
5981
5847
5567
4575
3221
3743
4039
2575
704
-582
-598
323
130
-599
-1122
-2220
-3240
-2720
-2271
-1145
-1406
-2517
-3090
-2610
-1934
-1280
-868
-463
-208
-666
-690
160
1103
1927
2255
1991
1795
2121
2761
3752
4598
4420
3821
3270
3400
4019
4008
4064
3992
3128
2238
1670
1480
2202
2116
774
-524
-1492
-1516
-1036
-1361
-2081
-2833
-3751
-4505
-4450
-3885
-3627
-4225
-4988
-5096
-5019
-4660
-3807
-3309
-3193
-3110
-3057
-2447
-1404
-418
485
673
480
1030
1929
2670
3268
3725
4094
4001
3856
4516
5427
5599
5579
5573
5565
5481
5999
6882
6908
6528
6762
6920
6948
7294
7647
8440
9050
8003
7620
9095
10304
10619
10639
11442
10231
8689
8321
8725
10542
11783
10009
6486
4427
6274
8590
7753
4980
3643
3489
3019
1926
883
1384
1607
364
-1807
-3351
-3274
-1919
-2037
-3024
-3632
-4564
-5624
-5337
-4371
-3307
-3798
-4764
-5290
-4978
-4330
-3429
-3058
-2742
-2591
-3083
-3113
-2403
-1360
-436
-479
-1088
-1273
-959
-434
114
313
344
-193
-989
-1157
-834
-289
115
-377
-1636
-2894
-3228
-2306
-1439
-1979
-3601
-5146
-5749
-5478
-4881
-4704
-5553
-6748
-7558
-7647
-7315
-6771
-6368
-6664
-7341
-7692
-7406
-6654
-5533
-4647
-4619
-4997
-4938
-4013
-2576
-1420
-849
-798
-750
-428
365
1196
2095
2509
1827
1464
1922
2154
2451
3044
2952
2319
1815
1956
2315
2615
3149
3326
2536
2329
3195
3763
4219
4521
4830
5379
5277
5959
7265
7776
8263
9643
8914
7146
6487
7225
9801
10989
8726
5942
4271
5700
7994
7393
4684
3400
3021
2503
1569
102
593
718
-897
-2929
-4563
-4915
-4137
-4351
-5306
-6032
-7263
-8257
-7953
-7142
-5935
-6329
-7378
-7674
-7078
-6442
-5483
-4804
-4340
-4022
-4479
-4503
-3484
-2290
-1312
-1190
-1632
-1716
-1430
-832
13
279
142
-35
-695
-1073
-1019
-942
-746
-1448
-3336
-4434
-4516
-4551
-4847
-6115
-7687
-8399
-9125
-9597
-9802
-10427
-10692
-11124
-12531
-12988
-12567
-12361
-12481
-12967
-13299
-13273
-13526
-13117
-12038
-11822
-11989
-11689
-11361
-10594
-9673
-8855
-7984
-7626
-7370
-6935
-6213
-5111
-4176
-4069
-4003
-3579
-3140
-2520
-2021
-1404
-868
-851
-1042
-409
513
925
1531
1801
1483
2369
3520
3379
3688
4627
5400
5698
5373
6002
7066
7757
8745
9497
9369
8087
7432
7182
8266
10520
10570
7873
5341
4949
7247
8058
6525
4830
4030
3479
3088
2093
1639
2535
2432
620
-1353
-1952
-887
-160
-579
-1157
-1743
-2722
-2996
-2396
-1403
-635
-1317
-2060
-2225
-1622
-896
-101
313
730
739
234
549
1599
2859
3572
3323
3044
3214
3694
4454
5258
5519
5493
5265
4983
4993
5099
5477
5604
5320
4415
3132
1873
1606
2909
3177
1440
-659
-2145
-2267
-1515
-1312
-2185
-3877
-5351
-5490
-5334
-5433
-5045
-5191
-6147
-6953
-7037
-6229
-5459
-4921
-4357
-4453
-5048
-4589
-3129
-1687
-773
-643
-605
-281
315
1563
3069
3474
3181
3189
3707
4223
4718
5645
6295
5645
5301
5965
6205
6424
7602
8031
7255
6560
7166
8776
8977
8642
9005
9166
9585
10391
10575
11173
11724
13110
13346
10963
8986
9379
12255
14755
12948
9003
6764
7738
10817
11123
8061
5817
6202
6157
5162
3599
3486
4486
4156
1726
-271
-573
552
1031
392
-618
-1479
-2666
-2589
-1767
-673
-343
-1653
-2564
-1930
-1078
-609
-55
393
990
796
335
702
2134
3501
3894
3458
3286
3573
4260
5225
6035
6073
5638
5379
5511
5889
6169
6059
5950
5272
4027
3791
4132
4272
3814
2522
1289
829
726
560
-7
-729
-1115
-1965
-3103
-3196
-2633
-2697
-3431
-3994
-4149
-4152
-4153
-3760
-3112
-3150
-3262
-3123
-2691
-1714
-758
-192
104
441
861
1564
2206
3049
3820
3852
3741
4004
4394
5188
5913
5873
5614
5671
5827
5965
6513
7231
7033
6638
6903
7096
7587
8395
8339
8023
8563
9283
9278
9332
10249
11376
11349
11597
11690
10176
8524
9085
11788
13050
10672
7551
5971
6975
9225
9155
6469
4324
4352
4531
3456
1899
2408
3055
1796
-337
-1586
-1516
-669
-457
-1090
-1964
-2807
-3701
-3522
-2650
-1448
-1671
-2986
-3438
-2806
-2042
-1463
-1072
-649
-146
-533
-837
-128
1178
2187
2227
1810
1768
2163
2796
3620
4258
4241
3759
3344
3852
4420
4725
3622
2955
3933
3633
2432
958
-166
1526
2517
595
-1672
-3011
-2870
-1531
-1782
-3128
-4339
-5461
-5252
-5151
-5340
-4918
-5444
-6363
-6433
-6212
-5952
-5376
-5040
-4435
-4315
-5089
-4478
-3155
-2046
-1300
-1212
-1393
-1002
-69
1097
1705
1695
1891
1716
1860
2736
3311
3312
3482
3519
3404
3433
3822
4242
4653
5099
4862
4319
4999
5865
6011
6532
7320
7066
6888
7802
8862
9663
10084
10629
9777
8020
6661
8183
11346
11527
8554
5439
4289
6532
8596
7214
4043
3117
3467
2803
1021
-2
1059
1228
-482
-2888
-4148
-3583
-2483
-2732
-3419
-3909
-5029
-5620
-4991
-3697
-2309
-2908
-3996
-4045
-3115
-2477
-1823
-1361
-762
-652
-1342
-1303
-503
779
1743
1597
1129
1209
1570
2197
3196
3704
3613
2935
2622
3120
3200
3208
3077
2679
2486
1780
781
626
878
565
-237
-1408
-2294
-2577
-2745
-2956
-3495
-4189
-5089
-5687
-5815
-5728
-5744
-6006
-6339
-6778
-6704
-6371
-6050
-5574
-5152
-5047
-5107
-4607
-3696
-2816
-2191
-1737
-1395
-950
-267
405
1125
1868
2269
2118
2124
2870
3589
3905
4162
4264
4058
4254
4735
4954
5175
5489
5588
5280
5387
5906
6337
6988
7274
6906
7011
7850
8517
8960
9449
10142
10888
9647
7506
6503
8338
11488
11350
7584
4305
3985
6892
8283
6152
3135
2688
2993
2321
694
-199
727
875
-1021
-3389
-4092
-3366
-2908
-3255
-3785
-4462
-5791
-6534
-5960
-4672
-3829
-4788
-6059
-6112
-5083
-4568
-4075
-3724
-3114
-2968
-3437
-3320
-2388
-1101
-307
-418
-658
-565
-139
664
1699
2125
1936
1585
1485
2211
2606
2552
2528
2344
1613
845
980
1004
581
194
-546
-1467
-1975
-2407
-2827
-3210
-3421
-3932
-5166
-6206
-5812
-5336
-5705
-6404
-6825
-6882
-7064
-6941
-6167
-5800
-5976
-6000
-5686
-5297
-4396
-3541
-3017
-2742
-2436
-1942
-1353
-554
424
733
749
951
1262
1894
2388
2514
2824
3042
2635
2612
3205
3626
3961
3855
3623
3616
3847
4392
4977
4977
4660
5166
6015
6124
6207
6972
7661
8457
9212
7686
5406
5343
7312
9797
9326
6051
3268
3197
5639
6799
5093
2533
1762
1934
1375
216
-450
329
-56
-1758
-3414
-4101
-3814
-3250
-3290
-3982
-4768
-6081
-6708
-6057
-4924
-4390
-5480
-6511
-6573
-5836
-5217
-4790
-4514
-4010
-3999
-4520
-4279
-3264
-2111
-1435
-1483
-1633
-1530
-1060
-263
694
1162
1052
724
630
1346
1960
1907
1560
1520
1192
590
256
-364
-701
-253
-495
-1830
-3004
-3772
-3673
-3264
-3640
-4557
-5842
-6614
-6270
-5913
-6108
-6423
-6951
-7206
-7250
-7101
-6330
-5795
-5704
-5463
-5269
-5071
-4169
-3092
-2336
-1803
-1578
-1120
-535
370
1421
1893
2023
2153
2361
2680
3565
4032
4057
3999
3887
4008
4294
4799
5108
5202
5114
4950
4864
5423
6057
6420
6494
6667
6531
6867
7982
8769
8872
9186
10006
9058
7247
6889
8090
10247
10351
7353
4907
4357
6081
7285
6233
3694
2640
2346
1816
1063
384
730
231
-1354
-2805
-3737
-3606
-3072
-3124
-3893
-4585
-5922
-6538
-5717
-4913
-4365
-5127
-6078
-6323
-5656
-5002
-4394
-4102
-3918
-3847
-4201
-3985
-3108
-2233
-1531
-1509
-1898
-1877
-1407
-670
118
537
327
-28
-260
141
797
1015
679
127
-113
-545
-933
-1398
-1683
-1396
-1963
-3422
-4207
-4606
-4658
-4431
-5167
-6282
-6975
-7480
-7399
-7393
-7654
-7634
-8124
-8756
-8555
-8128
-7638
-7307
-7269
-6921
-6748
-6643
-5643
-4464
-4001
-3537
-3150
-2690
-2016
-1051
51
547
592
873
1417
1888
2605
3123
3233
3443
3620
3932
4107
4425
4909
5241
5210
5044
5357
5747
6183
6492
6833
6802
6813
7221
8199
8647
9171
9791
10172
10064
8719
8078
8305
9120
11090
10042
7105
5603
5836
7417
7698
6242
4457
3592
2805
2790
2400
1744
1685
873
-514
-1590
-2127
-1666
-1476
-1851
-2521
-3128
-4449
-4283
-3404
-2750
-2630
-3431
-4083
-4017
-3256
-2620
-1960
-1857
-1702
-1795
-2014
-1344
-488
257
572
321
198
432
887
1404
2116
2135
1848
1504
1210
1717
2195
2118
1611
1159
514
-364
-518
-272
-207
-1040
-2336
-3339
-3823
-3939
-3749
-4129
-5250
-6122
-6721
-7116
-6962
-6722
-6794
-7593
-8303
-8249
-7823
-7520
-6896
-6584
-6811
-6908
-6597
-5653
-4664
-4081
-3569
-3290
-3160
-2377
-1420
-589
314
589
555
803
1354
2096
2716
3010
3091
3039
2996
3430
3954
4406
4663
4432
4163
4269
4778
5335
5744
5825
5646
5770
6247
7002
7706
8050
8746
9119
9541
9138
7805
7541
8139
9809
10247
8215
6168
5092
5897
7287
6755
4874
3518
2770
2198
2127
1461
1278
760
-573
-1663
-2314
-2657
-2478
-2342
-2827
-3487
-4604
-5320
-4779
-4132
-3489
-3980
-4844
-5016
-4574
-4088
-3302
-2773
-2819
-2660
-2848
-2548
-1775
-1017
-382
-270
-305
-208
56
490
1422
1958
1855
1517
1329
1686
2219
2327
2121
1720
1384
1183
926
459
199
-177
-1398
-2043
-2273
-2657
-3187
-3983
-4984
-5494
-5891
-6270
-6593
-7342
-7679
-7882
-8416
-8689
-8572
-8544
-8596
-8659
-8564
-8275
-8308
-7967
-7172
-6742
-6510
-6152
-5683
-5027
-4259
-3661
-3071
-2678
-2341
-1948
-1539
-880
-384
-218
63
404
490
731
1139
1318
1630
1803
1664
1868
2010
2253
2688
2664
2677
2896
2955
3381
3864
4527
4957
4934
5334
5968
4872
3987
3762
3981
5718
5765
3376
1529
750
2063
3133
1803
-280
-936
-1442
-1689
-2191
-3144
-3046
-3600
-4847
-5728
-6411
-6475
-6181
-6673
-7284
-7564
-8560
-8942
-8430
-7916
-7264
-7850
-8450
-8267
-7492
-6879
-6153
-5828
-5381
-4965
-5049
-4451
-3440
-2659
-2052
-1778
-1666
-1341
-831
-146
722
1062
1064
1056
1009
1521
2008
2022
1872
1611
1425
1303
943
281
45
19
-461
-962
-1744
-2753
-3011
-3065
-3319
-3990
-4918
-5522
-5583
-5838
-5911
-6134
-6614
-6854
-6870
-6758
-6443
-6256
-6118
-5820
-5737
-5337
-4629
-4124
-3400
-2774
-2359
-1995
-1446
-543
341
795
1133
1550
1746
2268
2877
3167
3503
3658
3644
3804
4186
4512
4646
4507
4643
4829
4757
4965
5415
5364
5379
5635
5816
6066
6402
7168
7601
7849
8280
8981
7804
6537
6678
7453
9021
8903
6571
4860
4269
5682
6767
5567
3551
2921
2539
2026
1662
944
1021
484
-628
-1558
-2265
-2327
-1929
-2064
-2544
-2998
-4161
-4709
-3814
-3085
-2662
-3480
-4159
-4098
-3432
-2925
-2360
-2072
-1854
-1631
-1790
-1513
-637
51
645
585
473
742
1186
1769
2512
2830
2630
2482
2560
2909
3331
3442
3568
3434
3228
2918
2761
2299
405
1161
3054
1080
-1359
-2119
-2161
-1095
-1272
-2809
-4557
-5487
-4764
-3931
-5402
-5956
-5387
-6140
-7073
-6874
-5746
-5434
-6569
-6213
-5028
-5545
-5885
-4260
-3159
-2908
-3049
-2712
-1978
-1325
-25
790
589
662
1490
1844
2259
2857
3378
3455
2995
3455
4045
4123
4164
4571
4606
4338
4369
4779
5342
5461
5388
5451
5457
6240
6679
6882
7270
8015
8673
8999
9094
8172
7654
7507
8118
9817
9477
7129
5717
5435
6555
7228
6092
4290
3575
2950
2774
2357
1492
1424
970
-242
-1285
-1890
-1888
-1607
-1882
-2433
-2885
-4126
-4247
-3406
-2981
-2820
-3456
-4030
-3849
-3286
-2931
-2381
-2182
-2026
-1827
-1956
-1499
-681
-107
324
402
311
609
1186
1706
2360
2559
2467
2471
2500
3004
3494
3524
3494
3367
3137
2925
2749
2717
3026
2360
164
-247
1067
949
-181
-1559
-2826
-2687
-2429
-2729
-3594
-4723
-4967
-4799
-5557
-5770
-5251
-5450
-5950
-6277
-5806
-5260
-5677
-5220
-4001
-3980
-4356
-3769
-2916
-2066
-1483
-1062
-582
-406
274
1131
1637
2057
2341
2495
2677
2927
3274
3758
3782
3943
4134
3946
3921
4329
4833
4961
4759
4696
4952
5068
5644
5824
5826
6446
6721
6940
7548
8133
8838
9638
8331
7030
7274
8077
9590
9551
7295
6011
5578
6062
6745
6242
4818
3983
2988
2213
2166
1529
1362
837
-354
-1254
-2022
-2561
-2224
-1950
-2539
-3302
-4375
-4865
-4206
-3835
-3411
-3739
-4353
-4600
-4243
-3841
-3077
-2689
-2605
-2599
-2745
-2361
-1694
-1096
-506
-220
-344
-382
-44
565
1333
1661
1556
1490
1430
1606
2110
2398
2407
2168
1829
1304
1092
1305
1056
516
61
-949
-1750
-1966
-2193
-2679
-3461
-4238
-5010
-5592
-5857
-6012
-6421
-6975
-7459
-7736
-7942
-8096
-7846
-7672
-7938
-7995
-7731
-7450
-7120
-6524
-6000
-5731
-5616
-5129
-4350
-3689
-3015
-2556
-2244
-1885
-1449
-941
-370
-26
195
304
351
651
994
1284
1526
1500
1449
1519
1753
2042
2408
2736
2657
2449
2710
3324
3731
4150
4610
4804
5276
6089
6774
7339
6342
5424
5703
6329
7623
7579
5564
4517
4376
4845
5219
4193
3063
2774
1787
1053
944
278
24
-369
-1410
-2166
-2788
-3095
-2697
-2705
-3177
-3655
-4541
-4720
-4067
-3897
-3627
-3826
-4367
-4305
-3972
-3665
-2892
-2587
-2552
-2324
-2360
-2082
-1345
-740
-181
10
-79
96
574
1159
1753
1883
1902
1871
1738
1972
2280
2361
2311
2004
1348
716
726
777
387
-175
-1199
-2168
-2670
-2909
-3095
-3675
-4705
-5410
-6048
-6653
-6605
-6776
-7249
-7809
-8293
-8365
-8438
-8476
-8140
-8008
-8300
-8237
-8014
-7623
-6947
-6516
-6081
-5875
-5737
-5127
-4366
-3813
-3186
-2763
-2553
-2223
-1861
-1394
-989
-798
-680
-732
-770
-453
-140
-115
-21
6
7
199
450
845
990
970
1272
1718
1997
2335
2746
3277
3837
4305
5027
5744
6662
6777
5254
4953
5837
6740
7641
6576
4866
4763
4768
4708
4812
4297
3751
2788
1328
1149
1454
1051
480
-575
-1330
-1695
-2609
-2881
-2369
-2444
-3118
-4095
-4923
-4472
-3850
-3983
-3816
-4041
-4348
-4386
-4210
-3518
-2765
-2710
-2735
-2722
-2505
-1854
-1370
-991
-337
-264
-384
-82
422
1120
1555
1543
1580
1689
1729
1973
2365
2693
2569
2100
1472
1211
1561
1669
1194
209
-761
-1068
-1287
-1516
-1993
-3048
-3889
-4211
-4691
-5134
-5458
-5855
-6146
-6693
-7058
-7130
-7237
-7156
-6896
-7042
-7232
-7112
-6688
-6007
-5573
-5334
-4935
-4647
-4209
-3482
-2935
-2389
-1806
-1372
-1003
-705
-366
261
638
895
963
920
1168
1592
1885
2128
2123
2083
2376
2503
2817
3209
3373
3678
3859
3684
3933
4633
5239
5711
6049
6095
6683
7665
8519
7580
6371
6644
7346
8386
8372
6743
5791
5702
5937
6025
5193
4348
3982
3245
2045
1827
1520
1213
448
-516
-996
-1601
-2159
-2256
-2315
-2488
-2964
-3917
-4360
-3807
-3649
-3514
-3749
-3968
-3999
-3962
-3746
-3251
-2790
-2712
-2714
-2821
-2439
-1925
-1547
-1066
-831
-800
-797
-620
-83
545
700
595
729
801
944
1100
1289
1479
1274
645
297
356
362
246
-545
-1578
-2118
-2559
-2653
-3088
-3918
-4787
-5491
-6040
-6292
-6534
-7106
-7531
-7956
-8276
-8529
-8727
-8617
-8522
-8538
-8576
-8437
-8220
-7735
-7026
-6494
-6022
-5749
-5244
-4474
-3657
-2874
-2150
-1748
-1286
-539
181
773
1141
1562
1952
2130
2278
2771
3060
3169
3302
3305
3428
3437
3575
3887
4034
3968
4113
4286
4315
4572
4991
5563
5862
5855
6590
7094
7642
8263
7051
6320
7319
7721
7987
7705
6038
5886
6114
5709
5406
4774
4028
3755
2665
1693
1612
1098
386
-304
-1313
-1682
-2430
-3333
-3159
-3146
-4040
-4619
-5306
-5478
-4943
-5221
-5304
-5280
-5575
-5616
-5284
-5025
-4375
-4229
-4253
-3889
-3688
-3313
-2743
-2441
-1930
-1542
-1553
-1319
-792
-296
156
284
368
702
888
1041
1353
1542
1737
1515
882
764
1012
999
803
230
-518
-962
-1333
-1520
-1680
-2172
-2916
-3595
-4203
-4380
-4362
-4589
-5033
-5607
-5915
-5907
-5890
-5883
-5597
-5669
-5874
-5790
-5465
-4916
-4486
-4149
-3722
-3330
-3025
-2508
-1803
-1183
-636
-348
-27
397
821
1265
1601
1740
1960
2136
2199
2501
2661
2941
3185
3039
3015
3311
3511
3754
3991
3875
3861
3904
4120
4544
4691
4848
5361
5691
5948
6322
6895
7633
6986
6189
6896
7276
7468
7539
6513
6018
6102
5730
5364
5103
4563
4361
3363
2096
2047
1823
1306
696
-240
-603
-1109
-1903
-2059
-1813
-2376
-2792
-3442
-3769
-3303
-3329
-3427
-3314
-3410
-3469
-3364
-3171
-2669
-2177
-2241
-1995
-1789
-1480
-1100
-855
-397
63
122
189
639
996
1427
1676
1801
2021
2155
2233
2425
2624
2840
2809
2112
1732
1860
1817
1783
1315
292
-418
-630
-634
-680
-1507
-2593
-3024
-3379
-3565
-3743
-4283
-4679
-5037
-5371
-5385
-5470
-5538
-5346
-5446
-5549
-5377
-5240
-4863
-4291
-3863
-3551
-3320
-3063
-2403
-1761
-1177
-642
-426
-131
379
868
1345
1644
1700
1991
2164
2249
2423
2546
2696
2945
2925
2793
2748
2969
3388
3526
3426
3270
3410
3638
4128
4457
4377
4319
4664
5397
5903
6047
6444
6859
6431
5523
5922
6499
6579
6291
5250
4603
4740
4477
3947
3332
2942
2734
1775
444
326
354
-253
-1146
-1949
-2203
-2592
-3358
-3551
-3383
-3737
-4269
-4917
-5191
-4712
-4777
-5043
-4840
-4817
-4953
-5024
-4823
-4178
-3780
-3832
-3723
-3554
-3077
-2656
-2485
-1981
-1536
-1480
-1342
-984
-523
-51
44
148
401
532
619
854
1109
1228
900
139
33
396
336
-268
-1001
-1598
-1719
-1944
-2378
-2822
-3461
-3982
-4339
-4740
-5056
-5293
-5681
-5989
-6244
-6460
-6488
-6656
-6581
-6402
-6397
-6447
-6298
-5970
-5565
-5156
-4909
-4537
-4191
-3792
-3313
-2778
-2257
-1853
-1563
-1145
-627
-416
-117
276
442
550
707
817
1020
1221
1256
1421
1393
1496
1757
1857
2021
2060
2165
2359
2495
2633
2822
3140
3366
3628
3993
4282
4794
5258
5589
6102
5889
5097
5557
6678
6777
6161
4885
4817
5892
6001
4776
3736
3407
3907
3931
2430
1676
1843
1444
883
177
-221
-262
-1026
-1626
-1226
-1551
-2281
-2617
-2769
-2330
-2438
-3086
-3117
-2710
-2586
-2476
-2616
-2447
-1953
-1925
-1892
-1393
-1091
-781
-718
-526
32
234
261
675
1067
1305
1535
1543
1828
2231
2204
2241
2401
2303
1868
1641
1669
1687
1021
291
266
188
-270
-892
-1607
-1870
-1972
-2440
-3077
-3584
-3789
-3922
-4436
-4871
-4736
-4880
-5339
-5507
-5217
-5022
-5233
-5277
-4837
-4475
-4454
-4151
-3739
-3395
-3014
-2650
-2209
-1821
-1442
-1088
-746
-477
-142
76
132
364
621
727
740
732
886
979
954
1124
1390
1286
1226
1335
1452
1638
1673
1604
1819
2122
2227
2280
2431
2630
3074
3500
3795
3968
4007
4666
4760
3939
3885
4644
5141
4625
3635
3396
3862
3901
3410
2720
2262
2233
1896
1101
519
406
268
-634
-1339
-1423
-1564
-2364
-2942
-2786
-2840
-3483
-4133
-4202
-3832
-3828
-4267
-4463
-4186
-4024
-4092
-4071
-3704
-3305
-3314
-3291
-2954
-2434
-2148
-2033
-1779
-1296
-946
-913
-681
-227
192
300
308
587
873
990
1004
808
527
499
378
149
157
-128
-783
-1141
-1274
-1572
-1967
-2466
-2709
-3027
-3544
-3923
-4105
-4339
-4608
-4891
-5144
-5287
-5447
-5383
-5370
-5496
-5344
-5209
-5218
-4951
-4583
-4350
-4180
-3843
-3457
-3093
-2815
-2410
-2006
-1674
-1308
-1023
-733
-489
-343
-132
207
372
394
475
718
938
908
1071
1352
1536
1499
1511
1619
1854
2298
2452
2314
2067
2324
3067
3393
3237
3193
3385
4001
4385
4405
4647
5011
4639
4297
4663
4974
5107
5127
4126
3548
3572
3863
3839
3037
2314
2267
1771
1160
959
748
314
-335
-1315
-1405
-1577
-2128
-2379
-2724
-3115
-3338
-3996
-4327
-4007
-4080
-4492
-4674
-4830
-4756
-4811
-4788
-4385
-4421
-4590
-4493
-4454
-4118
-3727
-3761
-3627
-3340
-3306
-3183
-2995
-2641
-2276
-2332
-2481
-2387
-2366
-2563
-2647
-2727
-2483
-2652
-3303
-3624
-3793
-3939
-3917
-4316
-4855
-5080
-5438
-5757
-5878
-5994
-6241
-6734
-7273
-7305
-7365
-7652
-7782
-7817
-7969
-8241
-8368
-8178
-8013
-8094
-8100
-8018
-8038
-7876
-7545
-7314
-7075
-6894
-6734
-6510
-6249
-5871
-5600
-5431
-5214
-5052
-4957
-4714
-4491
-4207
-3957
-4012
-3927
-3554
-3271
-3074
-2884
-2759
-2572
-2414
-2312
-2063
-1683
-1501
-1417
-1306
-1186
-886
-439
-166
-44
173
571
977
1205
1618
1531
764
616
1436
2544
2970
2037
878
535
1357
2416
2336
1344
586
188
147
521
581
221
-519
-1348
-1505
-1444
-1626
-1922
-2150
-2612
-3060
-3666
-4061
-4006
-3943
-3857
-4370
-5027
-5285
-5015
-4643
-4354
-4283
-4567
-4543
-4332
-3862
-3378
-3165
-3035
-2836
-2493
-2302
-1919
-1554
-1141
-841
-760
-775
-1144
-915
-138
13
-342
-747
-1157
-1129
-779
-696
-1000
-1665
-2135
-2207
-2271
-2224
-2314
-2671
-3102
-3335
-3322
-3188
-3231
-3256
-3078
-3217
-3440
-3292
-3012
-2598
-2412
-2394
-2350
-2235
-2005
-1594
-1152
-954
-800
-722
-510
-203
93
442
680
649
636
816
1084
1303
1537
1719
1554
1461
1587
1877
1986
2089
2265
2234
2114
2197
2534
2765
2752
2637
2717
2740
2690
2923
3007
2896
2905
3034
2861
2638
2719
3045
3096
2723
2418
2530
2588
2439
2365
2236
1867
1675
1998
2001
1256
859
1238
1394
900
272
-22
14
191
0
-573
-1141
-1528
-1454
-1502
-2145
-2526
-2724
-3105
-3254
-3307
-3757
-4007
-4088
-3993
-3965
-4241
-4258
-4018
-3940
-3705
-3582
-3568
-3302
-3311
-3234
-2894
-2711
-2714
-2679
-2817
-2970
-3320
-3970
-4688
-5374
-6249
-7197
-7969
-8546
-8742
-8857
-8942
-8913
-8764
-8107
-7369
-6464
-5568
-4865
-4278
-3659
-3074
-2624
-2434
-2568
-2596
-2700
-2930
-3103
-3219
-3351
-3566
-3808
-4021
-4163
-4166
-4149
-4131
-4182
-4220
-4348
-4557
-4609
-4655
-4887
-5237
-5685
-6252
-6913
-7594
-8267
-8940
-9679
-10411
-10844
-11132
-11166
-10952
-10690
-10427
-10107
-9599
-9139
-8673
-8265
-7798
-7291
-6946
-6746
-6458
-6089
-5716
-5545
-5459
-5249
-5089
-4805
-4398
-4378
-4406
-4141
-4002
-4002
-3786
-3664
-3563
-3565
-3768
-3878
-3848
-4093
-4399
-4459
-4916
-5531
-6077
-6656
-7496
-8366
-8989
-9853
-10620
-11042
-11176
-11050
-10381
-9371
-8825
-8284
-7584
-6985
-6552
-6238
-6122
-6155
-6253
-6322
-6152
-6412
-6898
-6865
-6747
-6929
-7309
-7402
-7423
-7575
-7465
-7276
-7481
-7664
-7422
-7176
-6873
-6541
-6422
-6335
-6034
-5565
-5147
-4913
-4502
-4073
-3812
-3592
-3266
-2852
-2386
-2216
-2063
-1708
-1493
-1255
-974
-604
-336
-187
-190
3
274
541
710
715
837
1009
1216
1366
1572
1661
1821
1958
2088
2307
2579
2739
2830
3054
3189
3311
3441
3624
3887
4085
4084
4063
4200
4447
4628
4704
4778
4891
4940
5015
5213
5363
5464
5607
5676
5696
5667
5842
6189
6187
6103
6173
6249
6334
6528
6651
6647
6663
6726
6842
6875
6846
7012
7156
7147
7202
7135
7033
6965
7161
7383
7309
7182
7066
6946
7180
7437
7320
7027
6904
7107
7177
6989
6926
7029
6883
6766
6781
6622
6500
6540
6455
6294
6050
5933
5968
5773
5614
5533
5354
5133
4995
4879
4702
4481
4300
4265
4068
3850
3629
3444
3459
3478
3353
3030
2834
2909
2945
2885
2741
2645
2709
2693
2690
2712
2727
2666
2770
2772
2752
2740
2776
2920
2937
2969
2969
2955
2981
3188
3310
3248
3285
3278
3340
3410
3482
3646
3670
3658
3601
3543
3568
3786
3772
3650
3641
3566
3609
3672
3706
3613
3529
3477
3556
3596
3554
3464
3515
3606
3563
3606
3522
3548
3766
3847
3786
3795
3940
3973
4153
4294
4245
4188
4163
4262
4408
4500
4399
4177
4161
4299
4296
4227
4144
4066
4137
4127
3990
3994
3760
3721
3806
3709
3528
3380
3422
3479
3516
3530
3434
3298
3352
3534
3627
3751
3776
3661
3788
3918
4087
4287
4338
4290
4363
4520
4442
4490
4585
4487
4253
4015
3722
3324
3100
2887
2363
1795
1368
999
708
452
209
-105
-378
-433
-401
-399
-364
-290
-222
-233
-188
-113
-159
-137
-7
-4
-109
-124
-49
-30
46
153
328
479
534
642
960
1288
1435
1467
1678
1860
1804
1921
2059
2021
1875
1798
1798
1687
1609
1487
1297
1113
922
825
698
464
272
174
93
-3
-158
-217
-275
-389
-461
-466
-602
-690
-799
-786
-783
-980
-1039
-1035
-1067
-1163
-1150
-1118
-1234
-1360
-1406
-1461
-1497
-1511
-1614
-1713
-1740
-1844
-1893
-1803
-1866
-2104
-2019
-1935
-2146
-2193
-1972
-1999
-2144
-2134
-2082
-2111
-2086
-1948
-1844
-1769
-1672
-1566
-1573
-1501
-1311
-1049
-873
-837
-720
-525
-464
-311
-10
123
35
93
229
354
374
328
488
601
545
531
614
713
907
1051
1018
929
1157
1433
1442
1495
1720
1831
1823
2028
2221
2228
2218
2519
2769
2575
2490
2718
2796
2880
3162
3231
2899
2871
3306
3467
3331
3277
3366
3291
3268
3391
3402
3211
3126
3211
3229
3101
2878
2758
2868
2870
2722
2448
2309
2278
2306
2218
1970
1815
1817
1843
1655
1595
1662
1671
1510
1372
1337
1447
1471
1368
1208
1169
1117
972
1050
1015
876
806
700
615
538
491
406
328
315
212
115
-15
-10
7
-25
-64
-133
-193
-256
-232
-67
45
-2
16
160
232
241
423
521
437
425
454
534
500
438
482
496
373
145
133
142
23
-192
-292
-415
-812
-1026
-1003
-1168
-1554
-1897
-2150
-2421
-2792
-3227
-3624
-4048
-4399
-4662
-4974
-5298
-5474
-5482
-5409
-5359
-5233
-4996
-4835
-4659
-4309
-3950
-3786
-3657
-3530
-3234
-3002
-2874
-2762
-2739
-2687
-2670
-2542
-2479
-2604
-2673
-2765
-2812
-2783
-2720
-2767
-2858
-2788
-2596
-2454
-2477
-2384
-2236
-2179
-2159
-2027
-1907
-1867
-1799
-1690
-1501
-1389
-1194
-936
-590
-274
32
420
584
763
1121
1588
1979
2200
2483
2740
3033
3271
3594
3830
3910
4032
4201
4345
4383
4448
4514
4626
4632
4676
4796
4720
4691
4819
4878
4912
4848
4739
4748
4785
4937
4993
4811
4692
4665
4664
4714
4677
4639
4550
4519
4454
4491
4502
4510
4512
4498
4567
4539
4519
4499
4580
4642
4640
4539
4407
4417
4447
4489
4439
4389
4265
4150
4090
4164
4211
4130
4075
4071
4029
3970
4118
4175
4272
4296
4208
4129
4197
4393
4414
4442
4553
4523
4494
4591
4704
4815
4970
5006
5016
5043
5092
5157
5276
5342
5418
5549
5589
5595
5676
5892
6012
6074
6097
6114
6147
6195
6148
6122
6178
6095
6033
5986
5914
5874
5770
5668
5500
5289
5167
4972
4738
4554
4395
4171
3978
3840
3736
3556
3392
3270
3145
3108
3095
2989
2939
2894
2844
2820
2829
2800
2695
2631
2625
2669
2667
2604
2552
2536
2482
2447
2429
2374
2259
2206
2161
2075
1944
1820
1749
1682
1653
1496
1432
1347
1177
1047
1068
1075
934
812
696
662
648
699
704
653
622
687
797
857
935
1050
1084
1159
1268
1517
1652
1728
1932
2086
2250
2455
2671
2870
3090
3276
3499
3614
3748
3932
4077
4232
4307
4402
4404
4390
4501
4599
4592
4476
4432
4341
4268
4291
4238
4166
4081
4027
4037
4014
3977
4057
4043
3925
3788
3665
3566
3416
3327
3292
3153
2959
2809
2803
2790
2786
2748
2744
2821
2825
2888
2961
3053
3111
3097
3125
3173
3124
3130
3081
3008
2953
2817
2684
2551
2488
2455
2395
2255
2098
1972
1827
1736
1598
1520
1413
1250
1039
946
909
840
828
736
630
496
459
359
304
259
159
139
9
-49
-75
-142
-184
-158
-169
-221
-227
-207
-114
-22
34
37
65
138
224
275
359
470
545
560
591
668
773
801
872
894
898
902
892
974
937
942
888
862
784
720
662
597
575
539
568
587
611
712
862
979
1157
1287
1483
1666
1878
2000
2051
2109
2156
2226
2242
2312
2328
2318
2347
2353
2338
2379
2458
2504
2490
2510
2539
2607
2648
2735
2851
2858
2919
2955
3037
3032
3013
2978
2892
2801
2660
2523
2398
2336
2237
2135
2103
2078
2147
2232
2286
2294
2387
2484
2452
2438
2349
2200
1996
1824
1550
1186
720
188
-289
-865
-1378
-1942
-2474
-2876
-3178
-3411
-3551
-3565
-3484
-3435
-3343
-3279
-3125
-2933
-2839
-2705
-2599
-2494
-2394
-2303
-2157
-2029
-1983
-1779
-1646
-1590
-1447
-1339
-1194
-1051
-927
-766
-627
-551
-330
-165
-23
189
388
460
614
796
939
1043
1173
1310
1384
1513
1577
1648
1744
1743
1748
1823
1841
1826
1864
1869
1807
1842
1804
1782
1779
1783
1824
1808
1794
1858
1831
1813
1852
1869
1893
1891
1958
1941
1989
1997
2014
2048
2053
2065
2071
2072
2045
2050
2014
1969
1925
1901
1862
1814
1771
1730
1650
1567
1424
1410
1385
1276
1225
1124
1056
987
966
874
816
749
682
596
509
465
398
327
261
170
93
29
-1
-101
-142
-158
-173
-176
-196
-170
-142
-176
-178
-102
-82
-67
5
46
62
151
182
205
218
250
286
329
390
420
447
478
476
507
542
507
519
534
561
569
589
617
648
652
653
686
729
677
736
700
777
790
788
832
813
831
829
828
814
805
791
816
770
870
835
845
876
872
877
849
843
790
838
815
856
835
848
824
807
852
835
828
781
854
866
906
952
917
911
958
956
947
983
1053
1104
1059
1053
1139
1134
1177
1200
1215
1281
1275
1315
1401
1426
1436
1448
1459
1534
1512
1557
1585
1583
1626
1599
1635
1676
1655
1694
1759
1761
1740
1792
1736
1784
1782
1786
1780
1728
1703
1675
1677
1655
1662
1643
1641
1622
1584
1556
1552
1567
1590
1549
1496
1531
1517
1496
1508
1493
1486
1471
1462
1467
1466
1436
1460
1422
1405
1414
1384
1411
1353
1373
1365
1303
1333
1324
1272
1294
1261
1220
1232
1169
1175
1115
1101
1096
1092
1064
1024
1037
966
994
1020
998
1036
961
929
940
916
906
890
905
841
865
879
907
852
853
871
764
762
739
784
753
707
677
680
707
678
626
564
604
574
553
517
453
426
386
369
328
276
308
251
197
167
130
94
43
73
3
30
-25
-84
-86
-127
-122
-124
-150
-217
-220
-272
-312
-312
-313
-358
-361
-352
-366
-397
-353
-389
-378
-374
-383
-347
-326
-311
-318
-359
-383
-343
-341
-323
-307
-344
-322
-362
-355
-353
-388
-355
-389
-371
-358
-352
-351
-370
-391
-403
-408
-394
-367
-353
-339
-344
-323
-309
-341
-354
-344
-328
-375
-365
-439
-451
-455
-507
-548
-625
-646
-694
-800
-816
-860
-948
-1000
-1027
-1101
-1148
-1182
-1255
-1334
-1413
-1425
-1469
-1553
-1589
-1565
-1650
-1696
-1729
-1748
-1786
-1807
-1826
-1854
-1862
-1846
-1831
-1903
-1845
-1838
-1852
-1862
-1876
-1893
-1900
-1828
-1851
-1792
-1770
-1757
-1687
-1699
-1669
-1615
-1603
-1550
-1506
-1525
-1474
-1420
-1377
-1345
-1305
-1341
-1346
-1253
-1223
-1192
-1102
-1109
-1066
-1022
-1050
-978
-991
-927
-939
-940
-876
-892
-858
-841
-833
-826
-852
-851
-807
-838
-813
-772
-757
-759
-773
-722
-719
-732
-748
-684
-655
-688
-661
-644
-626
-623
-570
-582
-555
-583
-568
-521
-506
-435
-504
-487
-447
-453
-451
-456
-431
-460
-465
-448
-415
-420
-484
-441
-433
-437
-379
-378
-362
-351
-350
-318
-310
-285
-246
-299
-291
-262
-265
-262
-269
-258
-262
-236
-224
-200
-196
-196
-202
-212
-240
-214
-219
-212
-248
-181
-167
-210
-193
-234
-199
-204
-210
-217
-224
-238
-230
-263
-226
-226
-242
-235
-210
-206
-249
-207
-209
-210
-249
-275
-288
-295
-321
-314
-262
-337
-329
-311
-373
-348
-372
-364
-334
-345
-351
-395
-422
-417
-454
-483
-483
-456
-481
-508
-544
-555
-582
-567
-594
-640
-630
-654
-633
-606
-622
-655
-626
-640
-606
-617
-590
-555
-597
-547
-591
-543
-539
-554
-529
-514
-524
-506
-513
-512
-501
-515
-483
-456
-478
-467
-467
-461
-432
-432
-409
-446
-447
-444
-419
-424
-442
-413
-410
-448
-497
-433
-411
-458
-446
-453
-454
-456
-451
-462
-469
-473
-488
-461
-444
-482
-455
-454
-460
-416
-429
-421
-365
-367
-353
-341
-355
-350
-354
-328
-331
-322
-272
-300
-291
-270
-234
-235
-249
-248
-228
-225
-226
-180
-198
-209
-186
-153
-187
-182
-199
-188
-184
-166
-181
-182
-200
-211
-197
-247
-247
-229
-263
-236
-249
-266
-243
-266
-295
-288
-247
-253
-267
-268
-257
-256
-234
-182
-181
-209
-156
-179
-168
-143
-171
-174
-156
-142
-134
-122
-130
-108
-104
-129
-112
-143
-142
-131
-195
-202
-186
-158
-138
-149
-165
-191
-138
-182
-190
-168
-212
-275
-217
-192
-232
-175
-175
-171
-202
-212
-197
-189
-230
-191
-193
-156
-181
-189
-182
-218
-171
-185
-210
-211
-205
-190
-208
-174
-207
-195
-138
-151
-122
-145
-184
-175
-137
-152
-179
-159
-163
-159
-182
-222
-190
-226
-239
-256
-255
-256
-250
-267
-253
-286
-266
-287
-272
-266
-255
-273
-256
-233
-235
-210
-212
-197
-200
-200
-200
-181
-155
-135
-173
-152
-185
-209
-197
-221
-194
-169
-172
-177
-205
-163
-190
-179
-193
-215
-176
-190
-146
-198
-252
-212
-255
-300
-304
-328
-306
-328
-308
-369
-357
-374
-390
-358
-345
-403
-353
-334
-401
-328
-299
-311
-321
-327
-331
-340
-336
-324
-313
-300
-324
-328
-291
-308
-333
-331
-352
-340
-331
-365
-367
-376
-371
-353
-394
-313
-322
-351
-354
-359
-346
-381
-379
-358
-344
-388
-410
-399
-384
-370
-408
-420
-390
-406
-418
-435
-396
-396
-416
-371
-425
-439
-414
-412
-389
-418
-423
-350
-323
-335
-384
-419
-403
-441
-412
-390
-424
-423
-396
-382
-404
-423
-404
-425
-437
-386
-411
-441
-429
-453
-494
-470
-457
-471
-472
-450
-445
-421
-439
-494
-458
-490
-443
-449
-495
-484
-529
-497
-480
-455
-476
-468
-466
-504
-489
-467
-449
-488
-525
-464
-471
-431
-450
-491
-477
-469
-448
-457
-451
-404
-424
-458
-459
-457
-394
-429
-416
-423
-459
-457
-447
-449
-452
-462
-470
-482
-462
-515
-503
-534
-542
-516
-560
-529
-540
-529
-500
-546
-552
-543
-521
-524
-530
-553
-562
-565
-558
-570
-607
-586
-575
-624
-598
-536
-555
-573
-557
-530
-499
-518
-499
-502
-510
-521
-493
-469
-446
-453
-466
-429
-445
-425
-426
-443
-476
-442
-463
-490
-476
-479
-519
-540
-505
-519
-522
-559
-521
-543
-551
-516
-604
-597
-577
-585
-569
-596
-608
-597
-581
-565
-606
-617
-561
-550
-581
-613
-566
-570
-570
-547
-513
-531
-519
-529
-542
-482
-507
-524
-531
-528
-517
-489
-474
-517
-571
-548
-551
-532
-502
-519
-536
-581
-592
-633
-606
-622
-631
-643
-636
-614
-644
-633
-646
-626
-672
-693
-684
-674
-692
-690
-675
-728
-691
-694
-696
-724
-712
-714
-736
-756
-711
-702
-727
-700
-696
-688
-678
-648
-645
-668
-682
-707
-679
-653
-689
-692
-665
-657
-656
-634
-663
-669
-644
-654
-689
-695
-698
-698
-670
-680
-686
-690
-694
-698
-689
-680
-732
-719
-696
-660
-660
-678
-678
-750
-729
-724
-711
-684
-681
-640
-661
-680
-684
-660
-666
-663
-679
-677
-679
-689
-678
-702
-686
-661
-683
-697
-684
-682
-665
-679
-691
-702
-687
-696
-730
-730
-737
-715
-705
-724
-732
-742
-716
-740
-754
-782
-761
-767
-763
-742
-702
-747
-757
-738
-733
-740
-752
-680
-761
-736
-711
-730
-750
-741
-758
-757
-686
-668
-699
-712
-678
-712
-721
-689
-656
-718
-703
-699
-682
-710
-728
-658
-742
-722
-709
-738
-724
-687
-714
-736
-762
-720
-766
-759
-709
-768
-769
-767
-741
-745
-772
-762
-761
-782
-759
-762
-737
-779
-778
-810
-781
-765
-756
-743
-742
-735
-759
-755
-757
-755
-770
-738
-771
-761
-755
-732
-782
-733
-716
-721
-676
-717
-705
-708
-708
-701
-686
-685
-675
-655
-664
-673
-691
-706
-653
-723
-728
-680
-662
-692
-706
-692
-703
-714
-740
-730
-706
-720
-697
-687
-710
-717
-734
-689
-708
-702
-660
-687
-684
-646
-677
-669
-674
-685
-685
-699
-690
-665
-696
-714
-685
-702
-672
-689
-692
-707
-692
-697
-735
-705
-728
-720
-769
-746
-754
-718
-743
-745
-730
-706
-658
-747
-685
-684
-675
-656
-703
-682
-690
-708
-679
-671
-659
-712
-706
-710
-707
-709
-725
-685
-697
-684
-678
-721
-722
-698
-706
-726
-710
-701
-725
-737
-742
-770
-726
-723
-768
-742
-737
-724
-751
-761
-729
-754
-755
-755
-711
-691
-691
-680
-674
-652
-651
-648
-703
-708
-679
-718
-715
-725
-732
-757
-763
-725
-749
-733
-741
-729
-705
-708
-723
-727
-718
-733
-709
-704
-696
-726
-696
-691
-726
-679
-676
-697
-708
-702
-659
-657
-638
-717
-691
-631
-681
-649
-647
-660
-684
-730
-730
-682
-692
-697
-692
-727
-706
-699
-695
-700
-658
-701
-656
-677
-665
-622
-638
-647
-642
-619
-614
-567
-643
-621
-607
-645
-602
-646
-621
-633
-647
-658
-704
-669
-644
-674
-730
-708
-738
-718
-747
-781
-750
-792
-784
-771
-795
-785
-746
-759
-782
-764
-758
-747
-772
-776
-769
-755
-764
-757
-753
-746
-730
-734
-744
-721
-748
-740
-738
-735
-743
-718
-666
-673
-693
-672
-629
-669
-638
-673
-652
-657
-674
-675
-670
-680
-717
-704
-733
-712
-736
-719
-724
-757
-746
-744
-735
-787
-745
-817
-829
-781
-786
-792
-803
-780
-775
-825
-822
-734
-754
-717
-710
-709
-731
-727
-745
-748
-721
-724
-717
-740
-779
-748
-732
-749
-748
-751
-751
-758
-723
-760
-795
-743
-717
-742
-767
-749
-722
-718
-713
-725
-721
-652
-702
-681
-653
-631
-643
-647
-692
-718
-730
-742
-696
-697
-695
-689
-631
-693
-706
-707
-726
-698
-702
-700
-714
-715
-719
-688
-696
-675
-674
-666
-675
-679
-696
-699
-690
-683
-642
-650
-665
-680
-672
-667
-654
-662
-688
-676
-734
-679
-708
-714
-712
-700
-702
-700
-725
-753
-751
-746
-764
-785
-721
-739
-739
-774
-796
-764
-780
-758
-737
-712
-740
-722
-682
-681
-663
-666
-716
-720
-674
-691
-672
-705
-724
-709
-718
-694
-696
-697
-679
-689
-711
-691
-717
-707
-670
-700
-697
-681
-642
-659
-665
-692
-712
-735
-688
-689
-694
-700
-722
-698
-677
-686
-701
-708
-738
-741
-749
-747
-796
-818
-838
-829
-857
-826
-816
-800
-813
-800
-744
-757
-746
-774
-736
-758
-785
-689
-686
-695
-682
-679
-596
-639
-664
-654
-647
-642
-683
-648
-677
-685
-622
-678
-646
-661
-642
-616
-672
-664
-643
-693
-700
-684
-697
-685
-730
-690
-683
-741
-696
-709
-749
-741
-729
-671
-682
-707
-700
-672
-653
-661
-668
-654
-677
-673
-682
-724
-667
-625
-645
-656
-673
-701
-703
-687
-659
-680
-648
-656
-662
-654
-688
-663
-666
-644
-667
-638
-635
-656
-644
-697
-688
-707
-712
-754
-696
-713
-726
-725
-736
-699
-728
-691
-688
-749
-709
-680
-716
-660
-656
-679
-643
-658
-652
-625
-625
-603
-646
-640
-583
-630
-609
-626
-585
-575
-607
-610
-617
-637
-654
-614
-615
-604
-636
-613
-612
-636
-630
-643
-597
-660
-644
-636
-654
-629
-663
-651
-652
-669
-618
-646
-660
-635
-661
-664
-640
-653
-678
-654
-639
-640
-667
-696
-667
-668
-629
-593
-655
-606
-639
-623
-635
-649
-610
-644
-627
-638
-646
-608
-623
-617
-644
-683
-653
-693
-681
-681
-667
-644
-652
-642
-664
-670
-657
-672
-655
-648
-654
-664
-638
-628
-644
-661
-644
-616
-596
-606
-611
-610
-577
-611
-600
-584
-584
-581
-604
-579
-595
-562
-587
-567
-585
-564
-537
-558
-576
-571
-581
-575
-532
-566
-544
-563
-552
-559
-553
-592
-576
-534
-568
-570
-580
-596
-589
-558
-574
-579
-576
-571
-592
-591
-586
-579
-587
-597
-595
-572
-555
-567
-582
-598
-582
-593
-585
-612
-580
-591
-598
-571
-562
-586
-593
-596
-602
-611
-578
-552
-557
-548
-542
-552
-574
-572
-542
-554
-584
-548
-545
-544
-561
-561
-540
-553
-561
-558
-575
-569
-544
-554
-530
-582
-562
-522
-533
-538
-500
-516
-533
-535
-550
-517
-514
-513
-509
-509
-530
-506
-525
-446
-453
-473
-477
-494
-443
-457
-442
-483
-455
-443
-442
-442
-439
-418
-401
-417
-401
-380
-407
-431
-434
-405
-430
-400
-433
-443
-446
-469
-453
-521
-480
-414
-438
-448
-433
-433
-436
-418
-451
-439
-432
-418
-433
-415
-369
-387
-404
-386
-408
-403
-411
-414
-404
-390
-403
-408
-407
-417
-383
-413
-414
-389
-419
-389
-403
-416
-376
-347
-369
-386
-430
-393
-405
-438
-405
-415
-419
-462
-468
-470
-454
-457
-476
-472
-460
-496
-498
-501
-528
-573
-563
-502
-499
-489
-474
-504
-476
-494
-502
-477
-485
-505
-506
-498
-498
-471
-484
-489
-489
-471
-483
-498
-562
-570
-520
-504
-488
-502
-517
-511
-507
-556
-501
-515
-543
-506
-595
-592
-518
-549
-543
-509
-534
-552
-502
-552
-515
-476
-512
-451
-435
-426
-392
-428
-430
-457
-409
-397
-389
-387
-381
-399
-387
-387
-398
-408
-484
-459
-435
-455
-444
-410
-422
-436
-432
-393
-404
-405
-431
-372
-351
-349
-364
-402
-369
-355
-327
-331
-331
-334
-345
-357
-351
-349
-347
-396
-403
-379
-396
-411
-425
-399
-403
-427
-433
-409
-381
-442
-408
-401
-412
-437
-447
-436
-431
-436
-382
-436
-397
-413
-455
-429
-456
-423
-459
-457
-421
-445
-451
-461
-473
-442
-415
-400
-409
-402
-424
-432
-428
-425
-432
-417
-427
-435
-396
-430
-424
-404
-398
-416
-416
-409
-423
-425
-441
-435
-425
-414
-426
-456
-398
-406
-449
-446
-410
-410
-428
-436
-414
-441
-465
-465
-465
-444
-442
-450
-490
-464
-399
-446
-454
-425
-448
-445
-454
-450
-433
-474
-448
-467
-418
-398
-412
-388
-398
-382
-372
-378
-382
-359
-385
-367
-341
-336
-352
-382
-362
-371
-354
-339
-356
-332
-346
-313
-325
-334
-315
-369
-356
-364
-341
-349
-412
-393
-355
-342
-358
-371
-359
-365
-342
-321
-328
-327
-340
-332
-333
-337
-304
-305
-318
-334
-346
-342
-356
-392
-362
-416
-390
-364
-359
-370
-364
-375
-390
-354
-316
-314
-340
-298
-291
-304
-301
-320
-327
-300
-281
-224
-254
-208
-248
-267
-260
-276
-257
-306
-324
-310
-319
-331
-289
-316
-340
-325
-335
-343
-351
-362
-330
-347
-345
-338
-334
-339
-344
-312
-312
-323
-297
-298
-260
-272
-314
-333
-355
-324
-324
-312
-310
-296
-306
-295
-338
-321
-300
-291
-321
-348
-284
-279
-259
-287
-289
-254
-242
-277
-255
-239
-222
-250
-259
-234
-254
-251
-279
-266
-269
-237
-222
-204
-213
-217
-214
-175
-220
-239
-228
-240
-172
-190
-178
-150
-168
-144
-157
-177
-215
-180
-170
-193
-215
-223
-175
-175
-162
-165
-171
-175
-147
-153
-172
-143
-139
-146
-103
-150
-153
-170
-178
-182
-213
-220
-223
-239
-224
-241
-244
-212
-236
-224
-226
-232
-269
-248
-240
-255
-260
-253
-253
-277
-243
-293
-284
-258
-299
-287
-318
-306
-270
-254
-311
-308
-326
-312
-255
-308
-288
-309
-304
-308
-210
-253
-254
-256
-284
-261
-264
-273
-307
-303
-340
-305
-295
-303
-242
-279
-228
-205
-216
-212
-259
-220
-222
-215
-218
-209
-232
-203
-182
-249
-237
-195
-185
-175
-197
-217
-244
-231
-232
-196
-199
-246
-251
-251
-221
-212
-232
-208
-220
-229
-237
-233
-192
-189
-247
-232
-243
-249
-228
-227
-255
-220
-208
-225
-200
-236
-210
-208
-179
-167
-145
-184
-186
-186
-213
-186
-189
-170
-194
-217
-181
-159
-159
-138
-167
-136
-137
-144
-157
-141
-131
-66
-104
-110
-84
-121
-78
-146
-128
-133
-103
-129
-114
-100
-123
-133
-169
-177
-150
-168
-159
-158
-170
-155
-177
-189
-187
-173
-190
-218
-217
-215
-277
-258
-277
-248
-277
-272
-274
-262
-233
-257
-254
-257
-211
-189
-220
-187
-212
-235
-196
-198
-203
-229
-209
-233
-208
-186
-128
-183
-166
-155
-138
-144
-150
-134
-163
-168
-159
-163
-137
-154
-175
-181
-171
-183
-151
-168
-195
-184
-229
-202
-244
-237
-173
-190
-137
-146
-167
-124
-165
-152
-165
-244
-212
-172
-192
-169
-197
-200
-219
-250
-200
-192
-199
-189
-167
-196
-162
-186
-188
-166
-146
-131
-165
-223
-207
-178
-200
-216
-201
-153
-162
-175
-202
-163
-189
-192
-145
-158
-168
-151
-163
-155
-162
-134
-147
-152
-161
-142
-140
-131
-98
-179
-167
-170
-121
-149
-154
-158
-168
-170
-212
-179
-187
-157
-166
-142
-163
-200
-175
-184
-180
-180
-211
-192
-202
-167
-179
-191
-194
-227
-180
-157
-199
-155
-173
-185
-169
-188
-186
-200
-201
-185
-177
-169
-169
-151
-118
-167
-151
-130
-138
-123
-149
-148
-130
-103
-98
-93
-122
-78
-75
-122
-87
-90
-108
-104
-118
-100
-91
-113
-81
-126
-97
-154
-169
-116
-116
-117
-143
-126
-129
-89
-124
-105
-94
-129
-140
-144
-104
-90
-73
-65
-81
-99
-66
-68
-78
-79
-121
-42
-31
-76
-28
-20
-40
-62
-63
-19
-39
-34
-39
-70
-47
-78
-112
-91
-84
-94
-114
-144
-126
-104
-112
-115
-100
-86
-66
-78
-79
-86
-139
-104
-93
-99
-65
-151
-103
-114
-95
-74
-81
-74
-101
-97
-62
-107
-115
-44
-98
-82
-114
-96
-88
-100
-111
-87
-64
-136
-137
-137
-132
-133
-91
-107
-98
-94
-77
-110
-99
-86
-138
-119
-122
-79
-110
-90
-58
-41
-49
-22
-6
-39
19
23
55
36
8
26
-2
-8
12
10
1
-32
8
-18
-69
-27
-42
-30
-25
-19
-9
-9
-3
-29
-68
-52
-76
-53
-20
-33
-35
-42
-22
-61
-90
-43
-6
-47
-44
-3
-34
-51
-54
-56
14
-18
-17
-25
1
-24
-44
18
-20
26
10
21
24
20
10
-4
-11
25
26
44
44
2
1
7
47
1
-13
-56
-14
0
-12
-10
-2
-15
-32
-3
-36
-8
20
-20
-70
-38
-28
-60
-28
-5
7
-10
-17
-35
-7
-13
-41
-56
-28
-10
-62
-18
-55
-59
-70
-81
-44
-73
-71
-89
-96
-41
-69
-52
-20
-57
-24
-45
-37
-47
-18
24
-25
-4
17
-7
-3
-11
-18
-10
14
29
51
29
14
24
7
22
6
-10
-20
29
41
3
46
68
44
17
40
18
-10
7
-15
-11
-20
3
-29
-12
-7
13
-15
-2
26
1
-51
-17
6
-47
-17
-19
-54
-40
-56
-70
-68
-35
-35
-46
-53
-73
-30
-19
-35
-29
-40
-25
-20
-24
-14
-23
-6
0
0
-15
2
17
18
18
14
-19
2
-11
-10
8
-11
-11
-15
-43
-33
13
-67
-89
-50
-42
-7
-59
-33
-80
-109
-60
-72
-33
-21
-55
-42
-16
-61
-53
-26
-38
-47
-46
-34
-42
-48
-57
-75
-59
-37
-79
-89
-84
-87
-77
-57
-54
-12
-14
-48
15
-17
-37
-15
17
11
-25
15
-6
4
-13
-7
18
-13
-15
