108
85
96
53
36
76
33
43
75
39
34
32
19
34
38
21
76
9
-12
18
-25
40
36
57
42
81
86
71
54
-17
30
40
21
33
49
52
80
31
41
75
36
49
63
100
39
67
53
21
61
37
35
-26
44
45
0
31
19
31
53
32
25
37
45
12
-18
14
27
-4
-9
20
13
-20
-12
-23
44
57
25
47
40
48
40
11
42
60
25
-20
-27
12
9
4
-23
-12
24
22
34
36
49
36
13
7
37
5
-34
-14
-10
34
21
28
-13
-15
31
-38
19
52
9
38
43
19
13
37
-12
15
32
53
49
26
59
28
30
70
53
49
57
68
58
66
61
51
47
57
29
48
55
39
51
25
62
5
1
11
-19
29
-9
8
14
19
16
33
30
-6
3
6
7
-35
-17
10
11
0
-37
-33
3
8
4
-25
-23
1
12
20
48
-3
-58
-12
-36
-33
-13
10
-16
-53
-32
-24
-29
-80
-92
-102
-71
-74
-63
-69
-50
-31
-47
-52
-83
-61
-67
-46
-56
-37
-29
-64
-77
-109
-134
-104
-75
-72
-53
-45
-39
-31
-26
-15
-9
-48
-20
-5
-39
-25
-17
-1
-15
-13
-34
-68
-51
-8
-27
-24
-31
-36
-57
-33
-6
-16
-12
2
-6
2
6
-23
8
14
-18
18
17
-11
-1
14
12
12
33
11
47
45
16
22
39
47
34
37
47
54
88
129
86
48
96
87
82
94
87
100
84
101
120
85
104
77
77
65
94
91
79
110
78
98
85
48
41
68
60
38
53
17
33
42
23
22
32
27
39
34
45
49
28
18
95
31
19
99
40
13
22
53
19
18
36
23
8
-1
-33
5
17
-10
-21
7
12
6
-19
-34
-28
-37
-43
-18
10
-20
1
-33
-5
19
-7
2
9
-24
7
2
-2
16
-27
4
51
84
35
61
28
40
69
74
96
113
113
115
109
93
115
121
106
111
119
96
102
129
109
75
81
57
111
79
120
135
132
137
116
117
101
92
98
99
45
99
95
71
84
77
88
67
85
107
138
132
143
114
105
71
97
126
132
154
138
95
87
86
81
116
73
122
109
120
117
101
94
82
96
95
125
118
110
108
105
109
87
62
45
54
63
43
29
85
63
10
49
12
26
0
-45
-7
-7
-26
-31
27
-17
-51
-51
-54
-68
-51
-58
-64
-65
-65
-83
-97
-57
-80
-69
-48
-40
-49
-50
-55
-47
-47
-98
-133
-77
-62
-82
-53
-13
-20
-12
28
-11
-40
-31
-14
-35
-32
-22
-62
-80
-47
-43
-86
-78
-65
-62
-49
-17
-9
-15
-17
-12
-18
-49
-51
-13
1
-38
-12
-27
6
7
-14
-9
-10
-41
-30
-25
-31
7
-10
25
35
-2
-27
-10
14
-3
2
15
-4
-7
1
-18
6
-12
-9
-16
-26
4
-35
0
-20
-57
-10
-40
-64
-29
-44
-24
28
-12
-35
-55
8
-3
-36
-28
-70
-71
-74
-21
-44
-42
-43
-69
-51
-37
-42
6
3
-21
-16
-27
-5
-33
-3
-22
-29
-24
-31
-31
-21
-40
-39
-36
-52
-75
-59
-51
-86
-98
-69
-106
-87
-76
-54
-86
-81
-33
-91
-56
-53
-81
-37
-48
-40
-20
-55
-41
-30
-44
-91
-65
-90
-124
-82
-73
-86
-108
-94
-92
-111
-108
-95
-125
-111
-109
-111
-124
-138
-103
-82
-132
-141
-131
-137
-84
-96
-113
-117
-130
-134
-84
-94
-93
-115
-103
-72
-120
-130
-142
-64
-112
-124
-106
-73
-87
-81
-80
-113
-48
-97
-46
-73
-68
-43
-42
-73
-60
-66
-53
-37
-11
-4
-13
-12
-22
22
-7
16
-8
36
52
19
13
76
72
38
55
35
31
-3
19
-17
27
14
5
38
16
54
20
30
3
4
50
39
25
73
65
62
43
21
18
16
54
30
29
59
21
-9
-4
-4
-19
10
69
50
41
48
16
49
30
57
38
14
15
-9
-1
-4
18
-1
8
-8
-22
-15
-10
-29
22
9
9
32
14
-31
-21
-30
-8
19
-11
-7
-11
-35
-50
-22
-22
-12
-64
-76
-25
-38
-21
-4
-40
-1
-24
-42
9
-33
5
-17
-68
-59
-55
-28
-7
4
13
-36
-56
-30
-14
-1
-58
27
20
-4
41
8
27
6
-25
2
12
-35
-11
-5
-6
12
50
50
35
21
1
14
-20
-46
-10
8
-4
20
-11
-9
-21
-90
-58
-71
-18
-44
-22
19
-2
20
-30
6
36
34
3
5
20
31
31
54
87
33
41
41
72
92
39
35
24
20
27
31
32
47
67
16
28
33
5
10
9
47
33
-10
9
16
-9
3
-9
-12
11
4
3
-21
16
29
16
67
37
68
89
100
105
106
88
86
76
34
81
129
144
65
65
84
88
79
57
39
59
55
76
75
32
23
7
29
50
29
-19
-10
18
-6
-1
30
-28
7
-16
-27
33
9
-15
10
10
-20
31
34
28
33
18
41
43
75
59
26
46
85
111
91
69
111
146
84
84
80
57
76
52
75
75
52
96
76
88
96
104
77
68
73
56
115
109
108
179
158
133
150
157
149
119
115
105
138
129
87
87
150
176
136
148
178
163
169
194
164
125
134
133
138
127
136
135
125
98
99
116
74
78
87
116
111
77
89
136
121
118
100
86
86
56
108
89
112
79
66
104
79
133
115
106
97
93
153
124
133
133
135
152
127
125
155
139
177
115
117
129
92
119
143
119
112
90
74
94
63
82
129
110
83
90
108
54
66
90
48
27
47
49
34
57
69
78
68
64
59
47
50
46
17
30
7
20
22
17
27
41
28
65
89
104
86
115
88
74
118
110
82
115
131
156
144
105
153
118
115
124
147
153
167
140
111
149
136
171
149
127
133
139
158
157
150
100
141
124
130
143
172
148
159
143
100
165
124
139
151
172
161
162
166
154
160
137
154
121
138
191
220
205
218
185
197
225
165
191
154
119
131
147
113
106
105
136
171
145
156
171
166
218
155
136
139
159
145
154
170
157
145
123
153
165
139
134
209
163
148
167
172
146
153
175
162
174
135
156
136
125
78
95
132
112
96
114
120
86
90
82
90
57
69
100
49
58
100
61
46
45
22
4
1
-4
40
4
12
22
-9
33
71
44
-3
48
31
42
42
20
62
27
75
36
7
28
28
-6
0
54
-6
-36
-1
-6
22
23
5
24
-3
1
32
38
3
19
18
67
16
23
23
-6
17
39
-11
-1
51
13
31
73
57
13
39
64
52
45
57
48
49
40
60
14
56
32
74
47
89
61
89
77
45
95
51
85
72
117
105
83
62
75
116
90
78
99
102
82
45
67
63
34
77
73
78
60
74
78
35
123
65
62
76
54
70
49
80
56
52
83
49
54
27
28
34
51
60
10
36
85
69
105
47
30
54
78
76
81
80
67
62
37
62
27
29
46
76
47
18
44
24
29
12
-12
-19
-40
2
6
-30
2
13
-8
-18
-7
-2
-39
-52
-38
-33
-63
-53
-58
-74
-58
-78
-38
-24
-43
-36
-42
-38
-22
-28
-15
-16
-32
-27
-20
-32
3
3
0
-6
-22
-8
-3
-37
-4
-34
-24
-18
14
27
14
-9
-53
-30
-28
-15
-26
-30
-40
-34
-29
-40
-12
0
-50
-47
24
53
76
51
18
-28
-12
-29
-10
30
28
56
63
59
82
78
62
48
37
52
18
59
52
72
71
40
33
8
-12
-9
-23
-42
4
-13
-24
-4
-13
-20
-66
-56
-59
-71
-80
-87
-122
-80
-71
-88
-59
-85
-126
-107
-71
-65
-103
-126
-100
-87
-71
-83
-68
-75
-84
-61
-81
-47
-85
-81
-85
-111
-101
-123
-122
-104
-107
-136
-135
-110
-124
-106
-95
-105
-66
-93
-95
-107
-98
-101
-107
-117
-72
-99
-127
-97
-117
-49
-74
-71
-20
-25
-68
-84
-82
-99
-58
-47
-60
-46
-26
-8
4
-24
17
24
-38
-19
11
-19
-3
24
9
29
-12
-2
7
1
-15
0
-5
-11
7
10
-25
12
61
38
14
21
5
-3
6
-37
27
41
31
18
32
55
35
82
20
16
37
24
10
13
14
12
29
-69
15
-12
-31
21
-1
25
22
-22
-39
21
-14
-7
34
-3
24
8
5
31
-3
-30
43
49
28
38
6
36
26
-15
-3
8
-9
-10
-6
-24
-56
-30
-27
-17
-62
-55
-37
-37
-22
-67
-80
-102
-94
-61
-94
-108
-109
-74
-58
-55
-74
-59
-36
-41
-32
-56
-48
-7
7
-18
-40
-65
-36
-23
-59
-53
-75
-98
-88
-130
-119
-101
-93
-78
-48
-56
-81
-96
-100
-115
-96
-123
-90
-66
-113
-58
-65
-100
-58
-89
-76
-60
-56
-112
-55
-41
-42
-64
-81
-47
-35
-19
10
3
-22
8
-50
28
14
2
22
-5
20
26
46
29
52
61
61
89
73
80
85
58
33
76
63
28
85
61
23
52
66
54
27
43
70
51
42
45
-16
27
20
20
58
13
16
-1
-22
5
15
29
34
-13
28
8
-26
-40
-26
-29
-50
-26
2
-2
-23
-49
-56
-46
-28
-47
-59
-31
-57
-90
-70
-37
-18
-23
-73
-60
-77
-101
-114
-43
-37
-41
-33
-70
-47
-76
-73
-21
17
-21
-54
-26
-29
-21
-9
-61
-29
-11
-50
-44
-70
0
-12
-22
10
-34
-78
-62
-24
-67
-19
-47
-78
-57
-75
-68
-79
-68
-83
-55
-87
-103
-78
-77
-48
-50
-49
-111
-99
-95
-83
-38
-82
-90
-144
-136
-157
-114
-92
-93
-101
-105
-58
-99
-90
-106
-125
-140
-115
-133
-97
-131
-96
-77
-78
-119
-117
-104
-117
-58
-94
-95
-110
-141
-90
-82
-103
-92
-94
-76
-58
-45
-36
-60
-93
-87
-85
-68
-122
-132
-68
-56
-111
-61
-37
-80
-71
-59
-65
-34
-49
-84
-82
-32
-46
-36
-45
-97
-110
-109
-51
-82
-58
-87
-57
-52
-69
-41
-30
-44
-54
-56
-99
-117
-129
-109
-100
-88
-85
-67
-74
-53
-90
-62
-46
-70
-93
-94
-65
-121
-137
-131
-90
-52
-69
-84
-93
-93
-101
-154
-150
-174
-143
-148
-159
-131
-116
-132
-157
-145
-195
-176
-204
-168
-167
-169
-146
-110
-83
-65
-79
-115
-134
-178
-151
-143
-142
-126
-107
-102
-131
-74
-39
-72
-58
-90
-86
-104
-94
-111
-147
-164
-107
-106
-121
-110
-147
-110
-93
-70
-59
-50
-34
-43
-62
-60
-34
-24
-20
-38
-51
-30
-58
-48
-59
-32
-43
-8
-45
-50
-21
-42
-75
-66
-43
-75
-84
-73
-5
-50
-76
-67
-42
-49
-67
-56
-42
-31
-74
-61
-44
-81
-83
-64
-19
-35
-30
-46
-78
-55
-68
-55
-108
-72
-51
-80
-66
-62
-58
-52
-66
-106
-97
-96
-46
-65
-63
-67
-56
-34
-41
-34
-43
-35
-67
-56
-10
-1
-3
-21
-33
-32
-53
-36
-63
-80
-61
-20
-58
-54
-51
-51
-49
-54
-103
-125
-56
-96
-58
-29
-79
-51
-64
-44
-65
-57
-52
-78
-91
-131
-82
-57
-80
-83
-57
-74
-121
-93
-90
-66
-49
-39
-95
-90
-68
-44
-32
-29
-32
12
-26
-81
-55
-95
-66
-41
-100
-83
-58
-84
-81
-78
-91
-61
-74
-80
-98
-128
-120
-105
-97
-86
-40
-60
-51
-62
-31
-59
-38
-9
-32
-43
-55
-31
-47
-34
-44
-58
-49
-50
-61
-62
-59
-72
-44
-31
-42
-11
-27
4
-48
-73
-69
-70
-64
-82
-69
-84
-21
-33
3
17
-28
19
-30
-1
-41
-26
9
-16
-37
-41
-48
-100
-51
-75
-42
-63
-55
-84
-34
-6
-5
-9
-38
2
-76
-66
-90
-61
-66
-52
-16
-32
-15
-9
-56
-60
-26
-80
-94
-67
-78
-61
-71
-87
-75
-88
-85
-97
-111
-63
-51
-70
-106
-97
-103
-56
-20
-64
-68
-61
-79
-118
-57
-123
-108
-87
-92
-71
-70
-57
-90
-130
-149
-123
-154
-93
-82
-102
-99
-132
-160
-105
-112
-115
-76
-161
-143
-148
-116
-89
-81
-119
-122
-74
-58
-75
-108
-100
-96
-81
-122
-97
-79
-108
-109
-89
-84
-103
-137
-160
-106
-126
-87
-64
-54
-71
-76
-35
-89
-118
-101
-68
-53
-41
-1
12
-26
-9
-18
-22
-33
-71
-80
-58
-72
-133
-121
-103
-105
-73
-73
-89
-51
-41
-37
-66
-52
-54
-113
-81
-97
-91
-97
-109
-125
-168
-166
-164
-111
-89
-97
-75
-35
-53
-56
-71
-95
-106
-118
-128
-138
-143
-130
-189
-172
-139
-160
-132
-167
-111
-100
-70
-60
-89
-91
-139
-147
-147
-138
-114
-156
-147
-145
-196
-128
-132
-171
-166
-141
-96
-146
-141
-185
-135
-165
-198
-161
-186
-140
-148
-187
-198
-149
-190
-179
-159
-171
-130
-159
-168
-129
-111
-142
-175
-207
-166
-146
-148
-139
-146
-131
-175
-132
-124
-165
-142
-106
-117
-81
-93
-144
-166
-167
-90
-100
-99
-92
-78
-75
-43
-38
-56
-48
-50
-28
-44
-45
-19
-5
-13
-71
-55
-15
-25
-12
0
14
34
-14
-29
-35
-14
32
41
39
36
-6
25
-14
-45
2
3
6
8
18
33
94
88
53
60
36
30
25
-1
23
8
-24
-21
15
-7
-3
2
20
26
35
25
-3
-33
20
-22
-11
22
-15
35
-1
23
61
55
42
39
49
71
63
51
59
14
14
15
17
-63
-41
3
2
27
-22
3
-37
-45
-72
-27
-30
-17
-26
-85
-74
-51
-34
-15
18
-38
-17
-47
-69
-40
-53
-65
-60
-48
-35
-29
-30
-5
-13
15
-8
8
21
-2
-6
-20
-9
-11
-1
-48
-58
-23
-4
13
-20
-16
-4
-1
-18
42
0
-18
30
25
19
48
6
7
-8
-39
-10
-34
-33
-14
-38
-27
-13
-34
-28
19
32
25
-11
-25
-29
1
17
-41
-38
-22
-7
-5
-31
-37
7
-22
-2
26
3
4
-4
-41
23
-9
-5
3
-18
-9
-29
-43
-36
-51
-52
-4
-57
19
-17
-60
-22
-9
-10
-25
-53
-22
-34
-52
-41
-59
-30
-63
-52
-26
7
-23
-13
19
-7
-13
-21
-22
3
1
6
-35
-9
-9
-42
-36
-91
-59
-42
-52
-48
0
6
-24
5
-13
-17
-36
-75
-80
-42
-48
-66
-35
-36
-40
-17
-13
-23
-70
-71
-20
-53
-38
-84
-42
-20
-10
26
-46
25
-11
-54
-9
-81
-43
-21
-13
29
-17
-6
-5
0
0
43
-3
-41
-16
-36
-71
-12
9
0
-14
-63
-18
-17
16
36
5
-14
-15
29
2
10
-16
-24
-23
-14
-65
-63
-49
-75
-31
-36
37
-18
-44
9
-9
9
29
12
23
4
14
22
-83
-49
49
21
-15
-6
55
54
11
46
54
22
31
30
-8
41
58
28
56
96
84
54
4
-31
20
26
-3
12
-6
-46
-53
-84
-29
-10
-6
-38
-23
-19
-48
-12
11
-6
-10
-42
-71
-29
-14
-10
-66
-31
-46
-69
-86
-97
-86
-52
-58
-53
-6
-38
-26
-89
-129
-97
-64
-110
-83
-49
-37
-12
-2
-46
-20
-24
-17
1
-46
-50
-35
-32
-38
-2
9
29
33
-13
27
22
14
31
29
24
-13
0
-16
-39
-42
-43
21
34
21
45
95
110
51
55
76
111
117
126
94
65
90
64
49
70
97
73
20
20
80
98
112
86
69
68
62
38
71
33
36
17
-9
2
-17
43
50
20
40
-7
20
98
75
86
78
41
54
71
95
100
67
31
57
63
47
43
35
41
64
112
86
71
66
109
98
39
90
89
73
43
84
90
91
104
81
61
55
45
57
71
70
45
67
59
50
32
57
22
-4
27
82
88
110
93
85
85
47
68
58
50
66
92
87
85
72
78
81
80
24
85
80
57
15
59
56
-7
21
32
48
38
51
69
45
18
9
5
0
-4
7
33
12
-2
-8
-18
0
6
5
-9
-9
-21
-33
-48
-18
18
-25
7
35
62
49
44
45
12
35
12
12
11
-9
9
67
35
48
63
72
42
30
32
25
67
24
49
59
4
58
64
37
40
23
41
36
27
78
89
79
76
67
69
53
84
72
73
71
75
67
40
24
-10
0
23
34
45
59
43
57
65
61
23
14
-21
-13
22
-37
-2
25
20
28
-26
17
13
-2
-3
-27
0
12
15
19
-8
-25
-43
-21
-41
-70
-92
-70
-61
-59
-56
-84
-54
-55
-45
-64
-51
-26
-49
-58
-85
-64
-89
-75
-48
-61
-47
-77
-62
-79
-64
-25
-19
-49
3
-28
-30
-30
-1
14
-15
-20
-64
-79
-68
-18
-52
-54
-44
-92
-113
-73
-63
-79
-91
-83
-83
-103
-109
-90
-96
-82
-70
-130
-134
-91
-116
-109
-89
-94
-87
-112
-83
-84
-83
-44
-101
-94
-80
-109
-72
-88
-69
-72
-30
-27
-35
-40
-68
-31
-28
-28
-24
-11
-12
-73
-12
-9
-28
12
-36
-49
-58
-74
-72
-4
9
-1
-20
-37
-35
-42
-16
17
-6
-45
-36
-27
25
-7
-50
-51
-67
-90
-91
-72
-84
-20
-17
16
18
8
5
-29
0
28
-8
21
19
-8
34
4
21
-6
-26
8
1
7
18
29
0
22
5
-3
-34
-7
5
3
23
-5
13
-26
-16
-25
-3
-26
-2
14
-30
-28
-58
-54
-43
-39
-55
-82
-52
-32
-48
-25
-24
-58
-88
-88
-40
-14
-45
-115
-80
-91
-76
-38
-79
-49
-23
-26
-31
-3
-20
-47
22
-5
19
14
-54
-29
-40
-46
-67
-47
-35
-37
-26
-16
-23
-29
-19
-29
-36
-25
-31
-11
-12
-10
16
0
32
1
8
22
-11
3
-6
28
10
8
57
33
-29
-1
8
14
30
15
-9
14
14
15
33
15
53
46
25
-8
80
87
58
72
57
21
-3
41
4
-7
52
17
-36
-45
-73
-44
-41
-14
29
-11
-32
-54
-74
-61
-79
-71
-100
-99
-42
-69
-25
-49
-93
-85
-63
-82
-73
-92
-86
-112
-115
-93
-106
-103
-107
-135
-130
-105
-76
-90
-69
-81
-162
-104
-90
-92
-93
-128
-117
-60
-85
-95
-124
-123
-133
-115
-102
-92
-63
-69
-88
-96
-94
-90
-59
-68
-104
-53
-29
-36
-35
-34
-55
-64
-16
-66
-53
-80
-90
-80
-82
-68
-47
-27
-11
-10
-22
-57
-50
-46
-58
-73
-102
-84
-90
-51
-59
-89
-52
-91
-93
-94
-92
-100
-114
-56
-79
-84
-74
-69
-97
-108
-79
-62
-75
-121
-71
-85
-104
-86
-110
-84
-123
-99
-59
-43
-42
-33
-19
-55
-68
-37
-41
-42
-23
-71
-29
-34
-42
-78
-86
-90
-70
-52
-67
-58
-57
-48
-73
-76
-77
-74
-58
-33
-13
-71
-70
-62
-80
-44
-28
-52
-50
-38
-71
-63
-100
-108
-71
-119
-86
-67
-119
-119
-118
-72
-114
-89
-93
-119
-127
-120
-148
-129
-91
-136
-141
-117
-134
-126
-103
-154
-123
-166
-151
-152
-155
-111
-140
-104
-77
-56
-128
-108
-143
-130
-113
-105
-82
-135
-96
-138
-119
-139
-120
-144
-118
-119
-160
-115
-107
-103
-124
-82
-107
-103
-126
-104
-88
-97
-102
-98
-100
-105
-93
-124
-125
-137
-144
-100
-111
-97
-73
-77
-63
-59
-64
-99
-145
-120
-96
-80
-98
-98
-75
-84
-74
-89
-129
-109
-106
-115
-131
-132
-119
-118
-146
-134
-122
-158
-175
-153
-130
-185
-142
-115
-78
-109
-126
-105
-126
-138
-132
-135
-148
-145
-114
-96
-106
-153
-178
-194
-157
-128
-164
-150
-148
-189
-165
-200
-195
-146
-173
-185
-174
-151
-148
-137
-138
-134
-142
-141
-188
-181
-183
-161
-116
-150
-102
-85
-136
-156
-151
-152
-163
-132
-166
-163
-168
-145
-131
-140
-122
-133
-122
-169
-166
-167
-150
-108
-94
-68
-79
-123
-175
-194
-159
-155
-154
-154
-133
-107
-141
-126
-126
-117
-135
-167
-114
-118
-89
-96
-134
-140
-145
-118
-111
-122
-155
-136
-134
-136
-100
-134
-148
-122
-169
-178
-171
-178
-184
-194
-163
-132
-140
-140
-100
-91
-124
-149
-155
-141
-140
-118
-87
-135
-136
-124
-84
-122
-157
-103
-159
-170
-149
-155
-125
-162
-132
-135
-129
-131
-152
-100
-97
-104
-112
-120
-115
-140
-104
-167
-164
-136
-119
-90
-83
-100
-121
-118
-98
-76
-96
-73
-109
-78
-108
-94
-70
-87
-70
-119
-74
-74
-100
-92
-116
-59
-77
-84
-47
-63
-31
-76
-121
-42
-65
-45
-56
-103
-118
-112
-103
-89
-81
-129
-124
-112
-58
-106
-78
-63
-67
-59
-93
-94
-86
-105
-145
-122
-82
-62
-72
-91
-123
-103
-135
-128
-116
-94
-113
-106
-53
-71
-49
-68
-36
-29
-52
-67
-75
-87
-97
-69
-89
-97
-88
-96
-77
-135
-119
-109
-116
-112
-86
-70
-101
-33
-66
-112
-95
-74
-130
-134
-111
-110
-105
-116
-114
-137
-142
-107
-105
-88
-84
-57
-74
-88
-99
-80
-53
-83
-130
-129
-94
-91
-81
-103
-72
-48
-44
-91
-75
-75
-106
-119
-87
-149
-129
-127
-121
-66
-89
-52
-87
-74
-85
-68
-108
-122
-142
-144
-114
-107
-81
-93
-113
-110
-113
-112
-157
-150
-169
-150
-122
-119
-94
-128
-107
-150
-117
-167
-83
-139
-121
-150
-103
-215
-186
-283
-234
-552
-2209
-1745
-289
-271
-780
-2260
-3390
-1659
-1073
-1701
-2103
-2410
-2644
-2749
-2801
-2155
-2046
-2659
-2914
-3018
-2542
-2262
-2520
-2143
-1603
-1697
-2207
-2291
-1607
-661
-344
-699
-668
-324
71
238
790
1179
1477
1215
1267
1787
2291
2567
2721
2882
3194
3464
3404
3595
4206
4132
3731
3492
3560
4185
4270
3295
2784
2662
2875
2767
2091
1575
1378
891
489
199
-200
-285
-889
-1595
-1677
-1847
-2321
-2589
-2663
-2835
-3024
-3420
-3629
-3344
-3176
-3378
-3498
-3402
-3168
-3169
-3056
-2739
-2430
-2401
-2192
-2025
-1680
-1340
-1223
-939
-558
-393
-286
-129
238
551
707
736
792
943
1172
1088
1117
1308
1183
999
942
948
994
899
478
415
277
63
-171
-502
-523
-732
-1023
-1424
-1653
-1775
-1788
-2075
-2229
-2282
-2474
-2663
-2557
-2375
-2326
-2387
-2498
-2222
-1923
-1736
-1603
-1524
-1088
-781
-603
-339
79
536
807
963
1350
1941
2259
2689
3026
3526
4249
4740
4947
4809
4857
5295
6166
6679
6477
5353
4103
4200
6163
7095
5653
2690
1708
3815
5015
3254
888
1133
2168
1094
-1394
-1373
472
276
-2092
-3521
-2418
-1906
-3397
-4200
-2725
-1952
-4010
-5862
-4701
-2205
-2312
-4191
-4468
-3016
-2440
-3410
-3222
-1556
-611
-1706
-2425
-1366
120
238
-136
482
1253
1032
396
1007
2464
2994
2313
1700
2051
2719
2798
2729
2847
3082
2714
2154
1967
2450
2780
2380
1440
1208
1029
908
-252
-3021
-1794
465
-790
-2485
-5316
-6708
-2923
-2485
-4296
-5266
-6514
-6717
-6000
-5686
-4682
-5142
-6394
-6377
-6221
-4906
-4475
-4698
-3721
-3337
-3791
-3782
-3183
-1694
-118
-509
-1053
-843
-124
1226
1778
2390
2516
2289
2155
2871
3797
4602
4532
4222
4528
4524
4970
5852
6530
7610
7085
5406
4978
5842
7256
8062
6614
5177
4781
4949
5210
4781
4054
4083
3293
1916
1271
680
899
1044
-39
-1167
-2092
-2978
-2675
-2323
-2480
-3025
-4235
-4945
-4645
-4274
-3779
-3834
-4290
-4364
-4511
-4384
-3602
-2983
-2537
-2468
-2875
-2553
-1986
-1303
-509
-129
-178
-161
-198
486
1391
1759
1841
1459
1216
1574
1814
2036
2184
1956
1446
996
707
927
1018
724
124
-580
-1137
-1325
-1485
-1561
-1888
-2736
-3361
-3871
-4073
-4004
-4000
-4304
-4775
-5262
-5509
-5337
-4813
-4501
-4686
-4894
-4963
-4521
-3789
-3236
-2808
-2549
-2460
-2188
-1556
-755
40
460
602
882
1205
1785
2718
3218
3681
3854
3700
4210
5187
5906
6402
6611
6922
7710
8406
8606
9265
8509
7400
6978
7413
9516
9959
7223
4634
4243
6045
7452
5450
2746
2166
2424
1907
523
-486
412
143
-2156
-3951
-3806
-2919
-2986
-4291
-4661
-4406
-5519
-6613
-5969
-4141
-3454
-5181
-6722
-5563
-3976
-3658
-3844
-3322
-2319
-2456
-3330
-2513
-561
463
28
-453
183
1060
1229
1580
2673
3342
2741
1916
2279
3688
4239
3745
3337
3474
3471
3111
3022
3633
3922
3246
2047
1709
1794
1940
-463
-2609
-726
208
-1360
-3307
-6499
-5950
-3088
-4179
-6091
-7052
-7833
-7927
-7612
-7103
-6490
-7581
-8679
-8469
-7396
-6337
-6542
-6487
-5344
-5094
-5438
-4975
-3712
-2011
-1195
-2001
-2071
-914
253
1026
1652
2281
2232
2187
2463
3548
4754
4979
4318
4474
5274
5619
6112
6367
7039
7460
7246
7539
8486
9465
9469
8536
7334
6891
7596
9102
9594
7906
4437
3315
5278
7390
6072
2237
620
2096
2586
264
-1653
-748
608
-1397
-4802
-5099
-2950
-2243
-4303
-5571
-4734
-4602
-6275
-6758
-4378
-2712
-4255
-6886
-6136
-3398
-2485
-3795
-3911
-2014
-1253
-2694
-3103
-800
1211
730
-610
-173
1484
1826
1295
2156
3525
3383
1877
1682
3342
4636
3917
2933
3147
3670
3188
2534
2773
3863
1763
-1954
-1243
1352
1504
-502
-4862
-5682
-2678
-2945
-5087
-5844
-5928
-6653
-8156
-8621
-6927
-6639
-7944
-9155
-8887
-7598
-7860
-8164
-6575
-5396
-6053
-6927
-6319
-4014
-2160
-2559
-3119
-2207
-928
-503
-25
1427
2529
2463
1845
2291
3797
4998
4670
4712
5556
5911
5873
5975
7283
8704
8398
8208
8802
9729
10526
10297
9792
9724
8562
7752
9299
10911
9602
6198
3666
5621
8171
6305
2580
1338
2695
2806
-261
-2353
-559
442
-1910
-5049
-5589
-3442
-3265
-5545
-6152
-4958
-5306
-7091
-7766
-5567
-3413
-5085
-7221
-6541
-4229
-3429
-4553
-4380
-2304
-1618
-2997
-3146
-1274
749
655
-498
126
1535
1639
1415
2204
3730
3822
2410
2038
3499
4613
4256
3488
3510
4046
3490
2745
3073
3949
3470
2261
-1092
-2180
593
961
-290
-2143
-6223
-6284
-4088
-4420
-5056
-6428
-8440
-9059
-8964
-8437
-7787
-8397
-8892
-9639
-9999
-9207
-8536
-7232
-6085
-6920
-7604
-6863
-5761
-3828
-2251
-2486
-2714
-2518
-1713
-217
1424
2181
1959
1630
1973
2820
3780
4861
4974
4906
4801
4665
5151
6678
7771
7613
7198
6770
7406
8639
9619
10094
10010
9955
9112
7968
7581
8276
9846
10521
7994
4364
3192
5091
7347
6442
2757
522
682
1188
133
-1321
-835
-298
-2520
-5378
-5857
-4045
-2577
-3925
-5940
-6069
-5976
-6644
-6561
-4885
-3218
-4484
-7038
-7019
-4410
-2621
-2723
-3609
-2968
-2083
-2730
-2749
-844
1170
1264
-310
-856
712
1972
2257
2565
3143
3153
2046
1532
3153
4855
4677
3328
2503
2799
3138
1826
1356
2378
2329
740
-1526
-2573
-1491
-1229
-2542
-3788
-5272
-6011
-6492
-7114
-6399
-6339
-8293
-9569
-9577
-8948
-8432
-8881
-8850
-8413
-8710
-8947
-8331
-6650
-5359
-5611
-5929
-5260
-4146
-2917
-2067
-1372
-649
-537
-593
355
2059
2997
2838
2495
2900
3730
4079
4445
4994
5331
5607
5186
4887
5951
6962
6998
7205
6906
6649
7588
7650
8161
9964
10577
9321
6786
4865
6703
10210
11085
7845
3565
2357
4825
6702
5787
3567
1800
1310
682
-388
-317
560
327
-1491
-3678
-4771
-3888
-2890
-2632
-3068
-4367
-5860
-6481
-5347
-3543
-2813
-3919
-5232
-5503
-4676
-3508
-2795
-2172
-2064
-2521
-3115
-2672
-1250
157
630
154
-415
-466
203
1393
2517
2787
2109
1251
1186
2096
3200
3449
3252
2502
1937
1497
1992
1516
-844
-164
937
-334
-1404
-4411
-5865
-2177
-2044
-4946
-6922
-8019
-7355
-6405
-7359
-7725
-8086
-9105
-9543
-9328
-8016
-7582
-8355
-7990
-7671
-7773
-6963
-6086
-5051
-3605
-3919
-4655
-3478
-1644
-416
-94
38
167
737
1473
2282
3008
3873
3604
3014
3696
4562
4960
5382
5429
5518
5595
5796
6129
6874
7442
7523
7297
7788
8490
9060
9706
10588
10328
7926
5193
5697
10237
13302
9864
2639
162
5237
10133
7706
1767
-325
2468
3434
75
-2332
95
2133
-578
-5044
-5935
-3188
-1808
-3164
-4343
-4458
-5506
-7155
-6772
-3629
-1872
-4413
-7330
-6770
-4242
-3016
-3737
-3708
-2418
-2341
-3882
-3829
-1665
484
298
-1021
-1067
-351
61
795
2041
2877
2107
527
606
2563
3710
3411
2575
2395
2388
1990
1882
2916
3316
2636
-335
-3571
-1674
655
-218
-1474
-4982
-7445
-5511
-5138
-5534
-5729
-7425
-9442
-10004
-9396
-8009
-7883
-8657
-9503
-10266
-9592
-9035
-8167
-6127
-6005
-7443
-7420
-6209
-4507
-2357
-1865
-2354
-2234
-1793
-910
629
2413
2684
1938
1833
2360
3205
4665
5226
4902
4714
4349
4258
5165
6571
7231
6730
5963
5940
6668
7587
8438
8535
8869
9250
8944
9647
9740
6870
5481
8037
11526
11680
5743
204
2911
9247
10139
4198
-1222
663
4436
2587
-1166
-1257
1040
1018
-3322
-6041
-3615
-1339
-2491
-4445
-5157
-4849
-5848
-6985
-4994
-2612
-3543
-6544
-7728
-5345
-2848
-3550
-4574
-3672
-2913
-3361
-4088
-3006
-577
-71
-1363
-1852
-1125
-250
225
852
1919
1788
348
65
1526
3067
3172
2028
1521
1240
638
985
1587
1966
970
-1529
-2394
-1338
-1072
-2086
-3454
-4248
-4392
-5626
-6842
-6386
-6014
-6575
-8110
-9465
-9089
-8433
-8548
-8560
-8622
-9002
-9268
-9307
-8136
-6644
-6505
-7015
-6959
-5921
-4678
-4044
-3313
-2345
-2014
-2037
-1672
-673
874
1541
1196
1198
1534
2052
2665
3267
3682
3601
3135
3149
3666
4544
4996
4664
4358
4768
4967
5089
5599
6196
6607
6934
6945
7129
8444
8873
5955
3023
4871
9574
11476
6571
-517
34
6692
9364
4501
-1330
-650
3340
2501
-1993
-2847
236
1278
-2628
-6606
-5235
-2274
-2823
-4754
-5250
-5087
-6131
-7895
-6800
-3503
-3373
-6510
-8343
-6609
-4012
-4046
-5245
-4415
-3035
-3505
-4623
-4061
-1486
-144
-1202
-2067
-1337
-533
-210
568
1760
2231
1044
98
1186
3018
3568
2784
2257
2608
2532
988
686
2389
3005
1505
-666
-2154
-1292
-375
-1306
-2282
-3007
-4233
-5402
-5865
-5126
-4433
-5756
-7508
-8185
-7859
-7372
-7323
-7178
-6879
-7528
-8507
-7958
-6314
-5003
-4859
-5450
-5301
-4392
-3440
-2362
-1186
-463
-495
-807
-191
1455
2743
3193
2905
2851
3277
3758
4268
5062
5730
5620
4791
4651
5326
6185
6851
6829
6565
6542
6120
6221
7826
9062
8959
8113
7729
9052
11663
10861
6294
4424
8419
13085
12595
5710
931
4512
10469
10120
4124
484
3055
5695
3194
-559
-79
2694
2271
-1963
-4166
-2382
-951
-1853
-3030
-3228
-3608
-5200
-6099
-3898
-1652
-2848
-5835
-6329
-4157
-2685
-3538
-4004
-2805
-2044
-2831
-3656
-2558
-383
122
-798
-1224
-687
-72
363
1198
2163
1927
712
473
1826
3154
3152
2431
2355
2139
1126
1017
2184
2868
1935
-396
-1595
-773
-112
-839
-2027
-2643
-3246
-4502
-5393
-4717
-4094
-4854
-6643
-7771
-7281
-6806
-6993
-6948
-6908
-7271
-7908
-8040
-6862
-5344
-5145
-5665
-5782
-5001
-3869
-3107
-2241
-1313
-1136
-1376
-1050
61
1578
2229
1970
1832
2009
2321
3020
3851
4396
4358
3413
3181
4066
5032
5299
5137
4892
4711
4699
5128
5800
6746
6940
6059
5956
7182
8696
9790
8488
4577
3284
6625
10662
10783
5157
-133
2233
7551
7848
3064
-362
1396
3686
953
-2571
-1904
807
757
-3345
-6272
-4760
-2936
-3605
-4496
-4809
-5270
-6868
-8005
-6087
-3427
-4277
-6793
-7605
-5911
-4426
-4969
-5227
-3773
-2998
-3933
-4900
-4031
-1677
-722
-1525
-1840
-1463
-1155
-676
353
1588
1698
385
-53
1067
2498
2821
2398
1920
1401
1143
1306
1844
2530
1512
-242
-706
-479
-476
-896
-1462
-2008
-2774
-4145
-4745
-4243
-3730
-4304
-5803
-6646
-6464
-6243
-6056
-5763
-5876
-6291
-6701
-6744
-5594
-4365
-4063
-4292
-4162
-3488
-2675
-1846
-838
80
289
298
571
1528
2905
3643
3695
3699
3802
4075
4681
5476
6087
6117
5460
5306
5841
6692
7358
7268
6588
6665
6834
7105
7999
8197
8330
8893
8674
8690
9966
11376
10881
6816
4778
8512
13065
12862
6479
817
4322
10674
10212
4112
563
3292
6520
3144
-1555
-242
3433
2738
-2128
-4777
-2389
-426
-1996
-3222
-3030
-3436
-5128
-6414
-4292
-1404
-2840
-6010
-6335
-4137
-2799
-3838
-4363
-2517
-1683
-3057
-4089
-2912
-454
325
-1022
-1324
-544
-256
35
974
2142
2188
674
229
1714
3007
3002
2446
2081
1759
1404
1136
1672
2629
1618
-469
-1080
-688
-348
-893
-1996
-2498
-2929
-4165
-4946
-4780
-4307
-4688
-6210
-7234
-6993
-6804
-6751
-6587
-6659
-6884
-7290
-7586
-6535
-5231
-4941
-5183
-5156
-4470
-3665
-2943
-2037
-1058
-753
-935
-716
440
1782
2313
2429
2453
2726
2979
3334
4138
4808
4774
4301
3927
4376
5319
5673
5743
5487
5204
5477
5669
6181
7229
7148
6664
7093
7575
8415
9653
9993
7231
4034
5232
9664
12263
8992
1867
731
6314
9769
6524
1035
559
4139
4267
-433
-2368
670
3045
57
-4775
-4901
-2008
-1504
-3089
-3716
-3695
-4597
-6416
-6250
-3135
-2031
-4466
-6624
-5701
-3538
-3286
-4316
-3592
-1780
-2052
-3607
-3930
-1765
438
103
-1151
-1088
-346
20
592
1722
2519
1807
484
1030
2582
3534
3087
2517
2339
1871
1633
1877
2449
2683
1091
-487
-305
-7
-402
-1030
-1760
-1991
-3029
-4529
-4644
-3899
-3718
-4711
-6431
-6911
-6345
-6335
-6220
-6089
-6375
-6729
-7148
-6916
-5549
-4561
-4639
-4908
-4687
-3805
-2952
-2265
-1211
-565
-638
-571
-47
1160
2380
2671
2545
2633
2848
3277
3696
4280
5002
4710
3994
4002
4466
5426
5978
5651
5154
4854
4935
6036
6800
6879
6579
6350
6914
8059
8793
9388
9160
5688
4006
6894
10394
11186
6864
890
2319
7739
8795
4630
654
1743
4891
2838
-1385
-1084
2008
2819
-1008
-4839
-3458
-1123
-1677
-2732
-3179
-3654
-4628
-6107
-4995
-2186
-2558
-4956
-6073
-4851
-3296
-3739
-4435
-2957
-1906
-2894
-4224
-3852
-1386
57
-954
-1690
-1261
-753
-289
286
1405
2143
1177
345
1184
2526
3316
2989
2685
2853
1919
1440
2301
3136
3352
1905
-287
75
896
576
50
-804
-1496
-2193
-3476
-3567
-2726
-2815
-3800
-5445
-6042
-5260
-5144
-5107
-4787
-5367
-5971
-6163
-5767
-4248
-3399
-3791
-4114
-3796
-2900
-2039
-1411
-392
187
-76
61
507
1688
3078
3169
2789
2952
3144
3527
4157
4761
5061
4736
4137
4211
4459
5269
5826
5477
4994
5013
4966
5446
6040
6551
6596
6158
6273
6832
7949
9153
9648
7896
4390
3965
7947
11566
10665
4386
280
3859
8651
7948
3193
563
2659
4288
1097
-2026
-287
2608
1562
-2952
-5220
-3160
-1525
-2242
-3054
-3313
-4267
-5721
-6345
-4093
-1879
-3128
-5593
-5897
-4350
-3355
-3780
-3645
-2028
-1781
-3310
-4120
-2711
-283
321
-809
-1346
-951
-705
-201
906
1912
1637
228
-210
964
2134
2230
1606
1575
1024
-151
-88
746
1146
418
-1565
-2654
-1977
-1750
-2810
-3466
-3731
-4315
-5581
-6647
-6139
-5436
-5817
-7137
-8411
-8223
-7550
-7633
-7516
-7229
-7792
-8158
-7929
-7079
-5899
-5535
-5699
-5527
-4825
-4050
-3428
-2550
-1278
-969
-1304
-845
132
1342
2255
2128
2004
2462
2717
3084
3790
4246
4368
4097
3910
3953
4432
5097
5300
5102
4874
4688
4984
5759
6254
6301
6030
6374
6864
7266
7754
9002
9783
8330
4760
3999
7789
11517
10390
4515
662
3688
8207
7732
3409
885
2465
3868
1367
-1457
-185
2254
1272
-2607
-4711
-3244
-1723
-2249
-2866
-3353
-4347
-5751
-5997
-4065
-2175
-3208
-5358
-5805
-4529
-3475
-3660
-3391
-2188
-1938
-3217
-3815
-2501
-346
312
-581
-985
-631
-253
296
1378
2300
2087
932
569
1692
2747
3034
2702
2559
2054
803
817
1907
2396
1854
-161
-1741
-1049
-625
-1343
-2030
-2723
-3537
-4816
-5978
-5597
-4943
-5459
-6962
-8562
-8630
-7998
-8090
-8081
-8023
-8707
-9284
-9272
-8509
-7212
-6742
-7025
-7126
-6695
-5837
-4965
-3932
-2850
-2533
-2867
-2498
-1444
-238
680
899
811
989
1188
1625
2540
3289
3262
2663
2522
2955
3449
4049
4362
4035
4005
3844
3790
4628
5304
5450
5413
5094
5651
6237
6961
7667
8298
7977
5421
3355
5410
9192
10141
6108
1086
1069
5672
7220
4211
743
544
2210
1172
-1631
-1952
197
311
-2518
-5534
-5312
-3461
-3517
-4255
-4643
-5453
-6720
-7595
-6546
-4354
-4083
-6182
-7412
-6757
-5355
-4980
-5147
-4371
-3731
-4406
-5169
-4460
-2855
-1638
-1854
-2436
-2264
-2057
-1482
-488
516
778
-77
-703
86
1245
1805
1809
1589
1550
615
-283
885
2072
1667
452
-1460
-1809
-760
-755
-1686
-2282
-3047
-4076
-5082
-5231
-4337
-4468
-5634
-6810
-7453
-7026
-6621
-6705
-6366
-6364
-7275
-7440
-6664
-5480
-4457
-4439
-4639
-4368
-3640
-2616
-1693
-790
23
-82
-259
509
1570
2610
2998
2582
2508
2831
3044
3438
4010
4331
4096
3525
3378
4044
4631
4875
4723
4296
4195
4398
4898
5387
5410
5726
5793
5852
6172
6677
7464
9118
9310
6863
4638
4677
8097
11140
9368
4420
1996
4053
7702
7414
3973
1959
2724
3047
1689
-263
435
2163
1051
-2081
-3554
-2953
-1649
-1558
-2336
-2956
-4082
-5430
-5134
-3612
-2304
-2930
-5041
-5513
-4313
-3536
-3454
-3161
-2736
-2485
-3360
-3885
-2854
-1291
-601
-1191
-1967
-1914
-1400
-765
181
802
347
-317
-512
200
1127
1451
1358
1198
933
-136
-641
693
1494
615
-763
-2226
-2194
-1210
-1702
-2687
-3160
-3923
-4662
-5652
-5819
-4922
-5132
-6378
-7370
-7783
-7317
-7001
-7106
-6756
-6846
-7675
-7686
-6752
-5590
-4872
-5068
-5163
-4562
-3739
-2805
-2019
-1254
-461
-439
-416
474
1608
2471
2910
2841
2879
3226
3688
4218
4700
4902
4650
4415
4693
5120
5532
5873
5894
5594
5576
5610
5876
6662
7315
6813
6469
7233
7410
8000
8797
9272
9580
8016
5321
5296
8407
10991
9447
4705
2066
4219
7367
6975
3997
1819
2546
2778
958
-402
535
1570
478
-2399
-4048
-3010
-1928
-2163
-2688
-3314
-4317
-5555
-5525
-3886
-2490
-3318
-5059
-5695
-4774
-3611
-3551
-3305
-2681
-2658
-3396
-3670
-2677
-1106
-418
-889
-1420
-1393
-866
-131
777
1486
1261
442
149
935
1929
2357
2233
1845
1674
859
108
1058
1964
1335
183
-1539
-2090
-1106
-1329
-2025
-2760
-3726
-4568
-5458
-5743
-5009
-5069
-6197
-7343
-8051
-7612
-7131
-7293
-7159
-7286
-7967
-8146
-7495
-6515
-5638
-5682
-5901
-5691
-5173
-4153
-3372
-2677
-2001
-2036
-2259
-1598
-495
445
858
624
691
934
1207
1839
2400
2724
2613
2077
2041
2728
3475
3996
3787
3306
3454
3723
4432
5342
5290
5231
5491
5649
6499
7508
7869
8650
9075
7652
6220
5697
7701
10870
10161
6152
3553
4323
7604
8308
5537
3280
3392
3418
2815
1360
1392
2805
1791
-901
-2141
-1857
-843
-693
-1558
-1940
-2651
-4195
-4100
-2723
-1478
-1532
-3468
-4323
-3302
-2270
-1942
-1654
-1466
-1064
-1529
-2051
-991
467
1093
866
287
366
950
1377
2208
2932
2600
1975
1641
2035
3063
3249
2892
2515
2021
1576
736
664
1615
1328
-420
-2000
-2762
-2443
-2036
-2931
-4507
-5400
-6106
-6694
-7207
-7167
-7149
-8025
-9125
-9612
-9572
-9239
-9101
-9190
-9173
-9470
-9935
-9361
-8172
-7344
-7224
-7438
-7213
-6508
-5493
-4540
-3870
-3431
-2965
-2845
-2381
-1085
-3
352
475
638
982
1585
2330
2921
3175
3312
3221
3139
3735
4733
5107
5053
4852
4940
5290
5604
5967
6762
6848
6790
6855
7001
7933
9099
9108
9481
8936
7167
6251
7287
9565
10927
8238
4086
3301
5988
8184
6661
3337
2459
3357
2787
1288
543
1450
2105
0
-2680
-2675
-1536
-1070
-1655
-2435
-2888
-3753
-4807
-3963
-2345
-1858
-3102
-4651
-4473
-2992
-2443
-2544
-2129
-1733
-1789
-2375
-2254
-782
460
450
3
-149
273
935
1520
2392
2890
2367
1754
2000
3018
3934
3869
3497
3346
3158
3079
2547
2425
3287
2758
1290
599
-148
-51
424
-468
-1670
-2542
-3352
-3571
-3740
-3943
-4215
-5231
-6081
-6178
-6327
-6107
-5994
-6359
-6334
-6534
-6897
-6165
-5259
-4815
-4675
-4823
-4601
-3867
-2983
-2090
-1639
-1529
-1078
-819
-347
696
1305
1460
1553
1589
1956
2508
2888
3342
3429
3356
3255
3193
3791
4675
4649
4233
4139
4422
5013
5440
5450
5705
6094
6066
6362
6994
7575
8341
8607
8818
8014
6139
5602
7262
9896
10007
6273
2631
3183
6690
7732
5195
2013
1792
2702
1986
346
110
1110
705
-1555
-3622
-3243
-2070
-2040
-2737
-3540
-4121
-5255
-5649
-4471
-2951
-3177
-4930
-5854
-5181
-3745
-3434
-3457
-3137
-2773
-2998
-3421
-2824
-1327
-300
-607
-1100
-1019
-458
214
964
1861
1881
1153
820
1486
2550
3044
2739
2368
2201
2220
1982
1420
1684
2284
1346
-16
-674
-1052
-886
-692
-1781
-3074
-3689
-4297
-4504
-4640
-4874
-5415
-6373
-6981
-7043
-6958
-6769
-6885
-7161
-7176
-7375
-7339
-6472
-5713
-5498
-5496
-5483
-5167
-4214
-3308
-2625
-2359
-2289
-1882
-1406
-498
313
660
749
810
961
1472
2063
2508
2751
2681
2573
2759
2963
3599
4083
3891
3871
4075
4015
4499
5124
5318
5407
5511
5728
6198
6797
7653
8152
8601
8214
6320
4787
5960
8714
10084
7595
3344
2000
4823
7238
6090
2985
1486
2057
2026
723
-127
574
977
-564
-3107
-3713
-2688
-2107
-2433
-3005
-3877
-4968
-5825
-5124
-3428
-2816
-4153
-5647
-5650
-4397
-3592
-3589
-3186
-2802
-2920
-3399
-3220
-2003
-624
-268
-833
-1028
-777
-65
855
1695
2088
1610
986
1310
2251
3028
3197
2918
2627
2466
2301
2530
2302
1989
2002
1147
443
312
-723
-1131
-791
-1471
-2599
-3563
-4258
-4201
-4187
-4744
-5440
-6260
-6497
-6600
-6776
-6593
-6569
-6928
-6952
-6915
-6828
-6051
-5618
-5481
-5153
-4898
-4633
-3970
-3002
-2262
-2087
-2027
-1536
-971
-241
522
734
851
1057
1229
1707
2312
2674
2687
2571
2726
3019
3166
3660
4057
4002
3993
3916
4215
4875
5180
5209
5245
5507
5921
6192
6633
7547
7916
8437
7929
5933
4769
5968
8680
9843
6935
2763
1961
4813
7132
5688
2217
991
1910
1690
295
-563
363
743
-1242
-3736
-3843
-2622
-2205
-2787
-3504
-3936
-4901
-5841
-4950
-3205
-2609
-3993
-5516
-5333
-3688
-3006
-3084
-2756
-2338
-2329
-2797
-2587
-1124
187
207
-290
-498
-70
702
1316
2146
2562
2019
1459
1704
2692
3558
3541
3077
2813
2648
2593
2842
2413
1690
1609
1485
997
388
-762
-1344
-879
-989
-2188
-3651
-4196
-3844
-3844
-4527
-5300
-5814
-5973
-6140
-6398
-6277
-6151
-6386
-6468
-6287
-6079
-5675
-5337
-5038
-4615
-4182
-3903
-3577
-2872
-1904
-1537
-1531
-1137
-517
116
750
1108
1317
1521
1796
2132
2534
2970
3171
3088
3208
3430
3696
3965
4239
4423
4433
4483
4701
5091
5306
5381
5714
6044
6306
6570
6988
7810
8275
8720
8494
7147
5932
6230
8397
10162
8496
4850
2996
4630
7392
7100
4060
1914
2420
2978
1900
422
694
1536
334
-2109
-3049
-2400
-1544
-2061
-2917
-3453
-4144
-5291
-5093
-3722
-2716
-3556
-5257
-5548
-4372
-3375
-3320
-3293
-2835
-2438
-2753
-2914
-1941
-531
70
-290
-563
-275
412
1110
1892
2417
2287
1852
1774
2565
3540
3710
3402
3146
3151
3088
3148
2699
2399
2798
2111
1002
847
137
-213
137
-626
-1869
-2526
-3106
-3182
-3290
-3747
-4387
-5118
-5452
-5481
-5691
-5632
-5550
-5875
-5876
-5795
-5920
-5209
-4576
-4515
-4246
-3866
-3561
-3052
-2219
-1448
-1066
-1001
-557
-21
659
1550
1803
1854
2114
2490
2852
3312
3646
3861
3879
3974
4177
4147
4630
5254
5160
4954
4991
5129
5630
5987
6157
6132
6086
6359
6723
7233
7914
8113
8386
9008
7895
6190
5711
7063
9707
9816
5998
2868
3241
6374
7712
5126
2161
1956
2458
2007
805
266
1195
872
-1517
-3133
-2876
-1912
-1698
-2503
-3175
-3679
-4893
-5211
-3925
-2569
-2577
-4213
-5338
-4463
-3127
-2755
-2642
-2444
-2220
-2250
-2677
-1882
-361
422
300
-186
-134
540
1205
1798
2655
2663
2155
1881
2284
3282
3781
3576
3189
2986
2834
2859
2852
2345
2227
2062
989
617
339
-742
-632
-691
-1799
-2686
-3437
-3871
-3659
-3918
-4643
-5367
-5991
-5984
-6020
-6175
-5969
-6153
-6441
-6271
-6241
-5967
-5232
-5040
-4909
-4437
-4173
-3788
-3120
-2290
-1718
-1621
-1462
-892
-187
520
985
1041
1306
1629
1954
2328
2640
3023
3208
2939
2892
3290
3783
4208
4155
4003
4144
4380
4500
4951
5160
5383
5622
5503
5638
6404
6928
7791
7995
8152
8167
6677
5475
6134
8215
9627
7832
4117
2732
4665
6977
6442
3562
1776
2262
2132
1168
412
739
971
-426
-2771
-3280
-2472
-2034
-2303
-3006
-3743
-4519
-5455
-4998
-3561
-2940
-3860
-5290
-5558
-4310
-3381
-3282
-3045
-2810
-2737
-2959
-2826
-1723
-499
-202
-455
-597
-415
288
941
1677
2175
1876
1373
1447
2168
2970
3184
2862
2676
2443
2302
2410
1903
1859
2188
1136
191
-119
-864
-736
-567
-1678
-2713
-3472
-4000
-3880
-4048
-4565
-5215
-6026
-6303
-6267
-6339
-6062
-6280
-6620
-6480
-6500
-6456
-5673
-5183
-4976
-4750
-4658
-4330
-3618
-2682
-2000
-1895
-1794
-1305
-784
-16
643
847
1029
1247
1424
1814
2299
2698
2963
2772
2743
2940
3254
3817
4083
4080
4040
3952
4243
4770
4924
5250
5350
5331
5826
6196
6621
7402
7576
8097
8684
7244
5928
5781
7059
9551
9213
5491
3290
3747
6202
7239
4876
2392
2259
2145
1752
946
531
1181
438
-1805
-2770
-2701
-2185
-1885
-2676
-3332
-3759
-5109
-5254
-3935
-2991
-3064
-4559
-5504
-4668
-3603
-3195
-2861
-2849
-2644
-2636
-2960
-2182
-999
-372
-281
-611
-689
-91
460
1170
2017
1881
1394
1179
1544
2535
3037
2862
2603
2288
2076
2236
2366
1905
1338
1238
739
22
-326
-1169
-1559
-1368
-1970
-3359
-4155
-4387
-4323
-4520
-5267
-5950
-6446
-6719
-6718
-6715
-6705
-6768
-7150
-7179
-6836
-6651
-6166
-5656
-5521
-5296
-4992
-4669
-3961
-3124
-2590
-2438
-2355
-1789
-1077
-524
0
300
324
509
832
1179
1597
1933
2121
1998
1913
2171
2504
2935
3336
3278
3006
3183
3485
3940
4262
4535
4655
4722
4809
5450
6239
6920
7028
7321
7122
6047
5313
5466
7075
8604
7040
3941
2554
3518
5748
5656
3144
1279
1227
1179
716
-38
-47
36
-1357
-3205
-3652
-3354
-2803
-3047
-3903
-4434
-5049
-6159
-5691
-4484
-3826
-4384
-5888
-6105
-5066
-4191
-3881
-3706
-3652
-3411
-3529
-3509
-2400
-1398
-1028
-1185
-1377
-1161
-460
118
838
1361
1119
727
745
1332
2260
2520
2210
1953
1745
1686
1968
2194
1616
799
572
372
-160
-694
-1365
-1578
-1694
-2347
-3583
-4477
-4408
-4187
-4889
-5839
-6208
-6490
-6789
-6836
-6790
-6775
-7002
-7376
-7291
-6810
-6512
-6302
-6065
-5834
-5511
-5256
-4856
-4357
-3734
-3170
-3064
-3059
-2430
-1620
-1270
-948
-649
-483
-293
89
460
831
1064
931
795
925
1292
1529
1538
1654
1778
1785
1924
2190
2414
2663
3062
3428
3577
3725
4201
5018
5892
6268
6496
6337
5125
4540
4952
6095
7334
6012
3222
2045
2538
4101
4129
2147
240
-220
-472
-926
-1642
-2063
-2004
-3075
-4743
-5508
-5546
-5120
-4996
-5565
-6311
-6819
-7683
-7316
-6120
-5453
-5662
-6753
-7120
-6176
-5163
-4708
-4353
-4257
-3909
-3812
-3769
-2807
-1789
-1261
-1197
-1416
-1295
-639
7
713
1217
1082
766
737
1166
2008
2362
2095
1834
1569
1477
1678
1943
2058
937
-325
133
266
-510
-994
-1908
-2480
-2483
-3169
-4252
-4606
-4488
-4736
-5909
-6626
-6308
-6533
-6849
-6825
-7116
-7147
-7283
-7515
-6907
-6287
-6514
-6472
-6159
-5685
-5200
-4816
-4300
-3876
-3425
-2925
-2793
-2395
-1382
-865
-923
-593
-101
169
493
871
1265
1470
1432
1625
1844
2249
2575
2489
2556
3046
3178
3062
3376
3853
4315
4543
4303
4446
4949
5789
6525
6522
6920
7206
7922
7748
6526
6305
7155
8023
8341
6669
5054
4995
5612
6022
5678
4235
3223
2753
2246
2129
1993
1336
554
-283
-923
-1263
-1765
-1698
-1389
-1914
-2860
-3506
-3747
-2975
-2451
-2644
-3157
-3540
-3491
-2914
-2476
-2002
-1664
-1797
-1720
-1523
-1051
-354
178
436
573
571
653
1224
1822
2341
2516
2250
2218
2391
2826
3330
3456
3283
3070
2737
2818
3096
3175
2769
1575
1025
1171
918
555
-59
-977
-1599
-2019
-2452
-3005
-3417
-3718
-4426
-5319
-5493
-5447
-5709
-5896
-6116
-6383
-6443
-6456
-6225
-5739
-5602
-5639
-5456
-5121
-4546
-4061
-3506
-3020
-2823
-2429
-1896
-1465
-804
-52
125
322
731
1157
1493
1806
2162
2389
2475
2572
2759
2848
3155
3434
3442
3564
3631
3713
3953
4286
4389
4580
4761
4791
5281
5573
5661
6071
6640
7227
7451
7943
7827
6576
6319
7021
7610
8014
6959
5140
4936
5219
5288
5140
4148
3109
2602
1743
1309
1198
776
227
-822
-1742
-1924
-2486
-2787
-2437
-2801
-3732
-4294
-4743
-4428
-3771
-3890
-4148
-4412
-4564
-4190
-3915
-3448
-2769
-2833
-2895
-2643
-2390
-1649
-1008
-730
-456
-320
-235
212
806
1434
1837
1626
1589
1808
2146
2660
2883
2775
2727
2486
2377
2617
2832
2408
1423
930
1132
848
293
-313
-1115
-1488
-1919
-2716
-3387
-3481
-3721
-4352
-5365
-5689
-5565
-5809
-6106
-6346
-6483
-6635
-6783
-6648
-6060
-5777
-5901
-5771
-5453
-4892
-4377
-3969
-3531
-3117
-2669
-2259
-1839
-1278
-463
-128
-14
373
704
1065
1449
1759
1991
2099
2159
2335
2496
2792
3021
3000
3046
3053
3189
3435
3834
4147
3899
3945
4342
4853
5226
5297
5380
5783
6598
7248
7479
7367
6120
5613
6663
7294
7446
6385
4809
4747
5103
4928
4452
3728
3201
2726
1462
729
915
779
188
-868
-1817
-2060
-2407
-2906
-2734
-2715
-3514
-4274
-4858
-4486
-3749
-3799
-4187
-4369
-4411
-4181
-3912
-3570
-2812
-2642
-2820
-2630
-2363
-1688
-1061
-699
-340
-220
-193
149
793
1416
1832
1695
1599
1960
2323
2585
2799
2885
2834
2625
2483
2666
2836
2681
1747
988
1097
990
669
14
-999
-1332
-1719
-2326
-2865
-3331
-3756
-4127
-5003
-5514
-5388
-5642
-5998
-6272
-6472
-6475
-6629
-6582
-6141
-5902
-5958
-5840
-5546
-5063
-4530
-4161
-3697
-3251
-2943
-2445
-1983
-1437
-673
-239
-98
265
647
1072
1387
1717
2096
2252
2335
2561
2850
3112
3351
3512
3638
3867
3976
4182
4514
4962
5335
5233
5169
5738
6365
6695
6987
7105
7665
8529
8925
8869
7622
7064
8170
8699
8779
7807
6154
6162
6607
6126
5478
4797
4068
3917
2856
1649
1643
1282
703
-227
-1381
-1761
-2170
-2868
-2689
-2759
-3857
-4376
-4952
-4863
-4242
-4448
-4938
-5022
-5081
-4935
-4740
-4678
-3948
-3728
-3850
-3608
-3378
-2849
-2183
-1923
-1614
-1274
-1255
-851
-191
273
759
726
653
1125
1357
1767
1975
1892
1999
1985
1711
1977
2102
2037
1189
19
445
811
201
-420
-1789
-2418
-2001
-2450
-3441
-3935
-4466
-4714
-5151
-5967
-5952
-5962
-6364
-6652
-6932
-6773
-6643
-6950
-6560
-5964
-6212
-6091
-5643
-5225
-4444
-4107
-3918
-3520
-3011
-2330
-1802
-1534
-897
-392
-295
216
575
936
1324
1400
1642
2035
2100
2216
2353
2461
2698
2707
2899
3267
3245
3364
3596
3751
4086
4362
4224
4551
5142
5530
5919
6053
6589
7143
7620
7148
6017
6089
7198
7590
7127
5825
4891
5293
5624
4818
3952
3559
3269
2535
1485
879
948
550
-331
-1301
-1833
-1923
-2504
-3045
-2924
-3028
-3874
-4444
-4607
-4192
-3870
-4153
-4508
-4462
-4191
-4015
-3872
-3519
-2924
-2787
-2783
-2545
-2085
-1498
-1073
-864
-582
-241
-102
263
810
1203
1410
1334
1471
1841
2140
2380
2497
2480
2500
2423
2387
2524
2705
2084
1138
1008
1218
977
341
-632
-1287
-1345
-1657
-2243
-2958
-3391
-3652
-4135
-4742
-4928
-4999
-5324
-5650
-5805
-5752
-5810
-5903
-5689
-5248
-5163
-5153
-4796
-4367
-3829
-3412
-3051
-2673
-2181
-1647
-1208
-817
-285
278
503
871
1247
1609
1861
2023
2260
2534
2725
2711
2742
2956
3161
3176
3260
3441
3597
3717
3849
4024
4250
4332
4417
4709
5131
5424
5531
5858
6473
6940
7323
7801
7145
6043
6431
7306
7756
7355
5509
4824
5624
5829
5005
3912
3358
3520
2898
1330
751
923
822
-24
-1461
-1839
-1789
-2551
-2960
-2694
-3023
-3683
-4393
-4588
-3764
-3557
-4013
-4302
-4235
-3829
-3588
-3765
-3214
-2432
-2427
-2384
-2177
-1685
-937
-645
-411
10
207
412
784
1295
1883
2008
1834
2100
2456
2645
2861
2865
2975
3052
2787
2697
2914
2915
2146
1335
1315
1373
1006
197
-793
-1152
-1302
-1785
-2574
-3178
-3593
-3970
-4457
-5046
-5159
-5338
-5758
-6061
-6071
-5967
-6142
-6278
-5986
-5612
-5615
-5465
-5171
-4694
-4201
-3851
-3494
-3038
-2474
-2014
-1605
-1258
-691
-153
121
474
844
1216
1481
1674
1890
2223
2341
2407
2560
2683
2836
2850
2985
3325
3509
3482
3494
3629
3945
4188
4260
4554
4880
4941
5107
5473
6162
6680
6953
7117
6320
5443
6147
7149
7191
6463
4856
4356
5124
5291
4310
3406
2992
2909
2151
903
563
818
392
-589
-1835
-2138
-2175
-2730
-3070
-2829
-3356
-4135
-4637
-4586
-3914
-3820
-4284
-4626
-4493
-4120
-3903
-3857
-3297
-2786
-2901
-2911
-2538
-1958
-1344
-1108
-938
-570
-431
-243
235
869
1300
1317
1135
1412
1772
2061
2240
2198
2274
2226
2016
2039
2217
2233
1270
279
414
669
241
-523
-1643
-2194
-2285
-2689
-3497
-4024
-4429
-4784
-5471
-6092
-6106
-6231
-6548
-6872
-6993
-7021
-7192
-7241
-6805
-6381
-6600
-6578
-6229
-5687
-5200
-4801
-4439
-4102
-3644
-3180
-2704
-2297
-1613
-1216
-1061
-745
-299
125
318
475
648
824
914
1159
1347
1496
1524
1581
1727
2056
2221
2079
2185
2558
2899
2985
2840
3204
3696
4046
4271
4306
4586
5457
6102
6357
5750
4507
4641
5906
6369
5927
4402
3517
4013
4256
3644
2781
2279
2197
1681
130
-357
-31
-221
-1079
-2257
-2911
-2865
-3318
-3826
-3635
-3803
-4636
-5337
-5642
-4910
-4555
-5005
-5297
-5267
-5045
-4757
-4724
-4419
-3632
-3577
-3660
-3429
-2920
-2255
-1834
-1643
-1294
-1025
-859
-412
94
690
907
726
896
1346
1594
1845
1956
2019
1982
1861
1798
2025
1982
956
480
712
581
353
-683
-1907
-1840
-1841
-2468
-3326
-4040
-4382
-4430
-5044
-5548
-5838
-6198
-6350
-6672
-6720
-6541
-6849
-6929
-6471
-6284
-6187
-5920
-5721
-5187
-4661
-4390
-4062
-3617
-2993
-2429
-2102
-1735
-1152
-768
-253
219
434
801
989
1250
1594
1872
1952
2047
2254
2534
2593
2497
2741
2945
3176
3358
3297
3485
3693
3814
4135
4424
4734
4915
5011
5464
6104
6445
7016
6878
5739
5526
6284
6921
6774
5613
4507
4797
5132
4596
3512
3053
3199
2881
1407
404
455
535
57
-1192
-1974
-1928
-2514
-3163
-3152
-3014
-3529
-4371
-4919
-4485
-4048
-4288
-4612
-4618
-4253
-4111
-4297
-4050
-3248
-2901
-2971
-2949
-2622
-1901
-1560
-1332
-1018
-665
-549
-402
34
651
957
858
880
1136
1408
1598
1661
1727
1842
1751
1482
1543
1664
1727
864
-301
-275
-181
-235
-563
-2038
-3022
-3086
-3278
-3531
-4097
-5055
-5510
-5788
-6246
-6328
-6620
-6867
-7086
-7454
-7428
-7407
-7431
-7023
-6650
-6769
-6610
-6378
-5975
-5227
-4706
-4388
-4199
-3877
-3326
-2691
-2197
-1727
-1369
-1205
-781
-522
-141
254
389
592
744
829
999
1236
1434
1598
1478
1519
1739
1933
2239
2427
2286
2529
2646
2768
3284
3626
3799
4151
4307
4840
5418
5785
6096
5263
4579
5323
5914
5733
5205
4097
3974
4487
4050
3077
2796
2519
2328
1329
232
175
183
-383
-1231
-2072
-2252
-2515
-3299
-3453
-3138
-3767
-4402
-4799
-4661
-4237
-4336
-4633
-4590
-4443
-4396
-4292
-4148
-3517
-3157
-3272
-3026
-2672
-2280
-1834
-1574
-1254
-754
-600
-456
-28
488
946
998
939
1280
1489
1673
1866
1950
2063
2045
1867
1870
2046
1996
1535
490
208
553
283
-146
-1079
-2038
-2200
-2329
-2778
-3397
-4054
-4350
-4648
-5292
-5489
-5605
-5806
-5928
-6240
-6366
-6300
-6339
-6073
-5570
-5501
-5517
-5316
-4945
-4290
-3799
-3444
-3108
-2839
-2259
-1669
-1251
-702
-172
31
312
686
1024
1439
1584
1787
1935
2033
2169
2420
2579
2664
2663
2755
3033
3148
3340
3561
3496
3768
3969
3875
4221
4566
4764
5235
5452
5710
6220
6405
6819
6759
5869
5889
6682
6758
6340
5254
4661
5253
5340
4377
3470
3095
3121
2829
1594
861
862
523
-132
-1085
-1539
-1576
-2206
-2849
-2734
-2888
-3494
-3953
-4176
-3782
-3700
-4126
-4294
-4047
-3817
-3716
-3756
-3536
-2962
-2810
-2675
-2435
-2125
-1724
-1399
-1126
-791
-502
-349
-35
293
719
883
903
1152
1413
1540
1628
1696
1824
1884
1755
1687
1833
1830
1583
1463
476
-181
92
-62
-433
-1040
-2294
-2756
-2886
-3210
-3637
-4319
-4846
-5137
-5789
-6185
-6070
-6217
-6361
-6781
-7144
-6987
-6931
-6765
-6293
-6097
-6203
-6079
-5797
-5242
-4554
-4259
-3972
-3826
-3365
-2666
-2303
-1906
-1335
-1029
-878
-623
-350
109
393
504
574
587
688
969
1151
1368
1322
1088
1236
1548
1779
1972
1923
1910
2114
2259
2525
2797
3104
3357
3376
3701
4242
4621
5208
5723
4768
3914
4360
5251
6069
5265
3224
2938
3938
4374
3715
2128
1643
2115
1574
637
58
-154
-149
-970
-2082
-2071
-2271
-3092
-3284
-3227
-3371
-3896
-4850
-4811
-4029
-4048
-4456
-4919
-4917
-4220
-4099
-4252
-3802
-3566
-3388
-3140
-3123
-2523
-1984
-1883
-1476
-1121
-953
-619
-347
134
723
732
689
988
1295
1761
1881
1749
1919
1943
1951
2076
2102
2034
2031
1430
532
452
507
224
-112
-907
-1844
-2349
-2504
-2721
-3197
-3557
-4184
-4868
-5152
-5056
-5022
-5194
-5480
-5827
-5884
-5764
-5544
-5185
-4807
-4812
-4891
-4569
-4129
-3602
-2982
-2484
-2394
-2174
-1635
-1206
-643
-88
202
274
449
874
1267
1548
1750
1849
1791
1870
1962
2053
2444
2525
2326
2201
2266
2521
2790
2876
2947
2950
3028
3260
3370
3685
4023
4134
4344
4723
4954
5390
5897
6211
5895
5243
5351
6244
6788
6435
4965
4224
4914
5605
5179
4223
3355
3268
3192
2560
2151
2000
1491
726
-22
-172
-201
-798
-1287
-1303
-1572
-2025
-2555
-2692
-2203
-2016
-2451
-2895
-2802
-2488
-2225
-2129
-1931
-1652
-1663
-1492
-1156
-651
-158
-65
9
322
626
944
1212
1585
1916
2002
2000
2206
2553
2876
2998
2950
2974
3024
2954
2976
3219
3087
2900
2259
1459
1470
1262
942
1068
110
-969
-1375
-1953
-1943
-1803
-2509
-3364
-4122
-4414
-4040
-4102
-4297
-4575
-5138
-5180
-4963
-4838
-4306
-4118
-4360
-4181
-3990
-3676
-2905
-2394
-2061
-1846
-1684
-1272
-746
-97
568
673
634
1003
1348
1784
2234
2362
2417
2409
2356
2533
2819
3103
3234
3001
2926
3087
3277
3543
3739
3717
3633
3636
3927
4259
4293
4300
4707
5157
5441
5432
5378
5828
6639
7262
6509
5537
5731
6707
7421
7128
5607
4749
5241
5762
5515
4959
4032
3510
3218
2794
2485
2329
1838
1105
438
113
-113
-602
-792
-817
-1222
-1805
-2319
-2522
-2086
-1862
-2226
-2704
-2842
-2668
-2332
-2129
-1839
-1661
-1694
-1645
-1402
-907
-433
-232
-133
145
334
577
1005
1380
1706
1829
1733
1900
2168
2442
2727
2740
2716
2645
2523
2594
2775
2851
2045
1278
1042
1061
1163
591
-498
-1020
-1549
-1635
-1754
-2348
-2849
-3298
-3950
-4157
-4066
-4248
-4528
-5010
-5050
-4981
-5114
-4993
-4742
-4492
-4395
-4271
-4220
-3697
-3197
-2702
-2270
-2162
-1821
-1421
-982
-436
115
336
473
717
1145
1520
1655
1896
2075
2109
2098
2291
2513
2684
2794
2639
2566
2704
2989
3175
3217
3142
3104
3218
3570
3903
3848
3847
3973
4141
4657
4948
4833
5086
5485
5820
5744
5019
4994
5920
6294
5861
4802
4018
4499
5107
4795
4028
3217
2786
2759
2346
1997
1808
1246
531
38
-258
-424
-840
-1224
-1202
-1620
-2234
-2497
-2580
-2332
-2150
-2513
-2872
-2980
-2850
-2402
-2203
-2259
-2137
-2134
-2001
-1601
-1276
-904
-671
-654
-410
-173
108
474
750
897
1106
1138
1189
1543
1819
1992
1906
1849
1866
1842
2021
2113
2012
1487
794
549
476
315
112
-595
-1440
-1745
-2001
-2308
-2494
-2943
-3496
-3956
-4414
-4451
-4431
-4590
-4803
-5055
-5229
-5231
-5147
-4793
-4481
-4477
-4444
-4269
-4080
-3550
-2961
-2736
-2578
-2308
-2011
-1507
-984
-491
-149
-75
159
511
724
1033
1326
1420
1457
1469
1565
1773
2012
2117
2081
2086
2116
2213
2340
2526
2719
2722
2596
2603
2874
3112
3242
3498
3605
3726
3855
4057
4497
4972
5200
4813
4217
4482
5151
5591
5059
3989
3566
3939
4259
4014
3404
2707
2284
1990
1884
1698
1307
671
9
-298
-360
-740
-1247
-1445
-1544
-1895
-2301
-2727
-2691
-2477
-2457
-2654
-2967
-3055
-2857
-2612
-2419
-2132
-2189
-2258
-1980
-1643
-1146
-961
-957
-792
-559
-277
9
252
458
699
779
864
972
1199
1401
1458
1480
1462
1450
1407
1467
1505
1094
381
143
218
31
-276
-888
-1531
-1752
-1917
-2270
-2772
-3117
-3328
-3632
-4037
-4171
-4258
-4469
-4587
-4654
-4695
-4741
-4744
-4531
-4181
-4034
-3974
-3768
-3596
-3206
-2755
-2443
-2193
-1953
-1531
-1208
-926
-441
-14
99
345
616
882
1123
1249
1420
1461
1645
1810
1858
1816
1919
2125
2153
2212
2324
2421
2551
2636
2658
2691
2837
2974
3091
3223
3217
3340
3688
3867
3886
4181
4507
4523
4182
4024
4257
4823
4899
4245
3486
3300
3706
3857
3422
2864
2448
2054
1629
1466
1410
1219
417
-385
-530
-540
-837
-1246
-1579
-1778
-1937
-2290
-2670
-2596
-2534
-2452
-2623
-2934
-2929
-2807
-2615
-2370
-2176
-2188
-2111
-2132
-1754
-1290
-1116
-975
-892
-710
-559
-231
11
300
393
413
560
674
924
1154
1137
1132
1119
1131
1182
1222
1221
840
151
16
276
157
-279
-906
-1451
-1406
-1366
-1830
-2271
-2707
-2928
-2987
-3245
-3374
-3494
-3863
-3933
-3916
-3881
-3927
-4027
-3891
-3569
-3503
-3485
-3232
-3078
-2814
-2403
-2109
-1964
-1733
-1360
-1042
-761
-384
-37
107
296
601
775
946
1073
1166
1320
1395
1436
1551
1572
1703
1832
1780
1816
1926
2132
2231
2247
2268
2331
2095
1803
2286
2758
2557
2587
2277
2172
2677
3064
3103
3207
3269
3076
2779
2814
3397
3828
3657
3088
2671
2886
3205
3087
2911
2726
2364
2046
2035
1942
1940
1753
1381
940
690
577
410
239
180
44
-477
-820
-844
-795
-661
-879
-1155
-1284
-1347
-1303
-1191
-1126
-1070
-1155
-1258
-1097
-932
-670
-543
-582
-586
-454
-375
-166
83
221
196
196
311
414
506
668
653
667
611
534
362
171
310
320
87
-233
-753
-998
-780
-745
-1017
-1389
-1826
-1974
-1946
-2128
-2260
-2414
-2692
-2886
-2991
-2959
-2894
-3001
-2999
-3064
-3193
-3097
-2908
-2778
-2568
-2506
-2517
-2406
-2231
-1908
-1640
-1505
-1369
-1272
-1141
-876
-680
-451
-303
-293
-282
-189
-79
94
103
84
87
100
192
279
357
398
347
359
446
434
464
571
590
602
594
658
744
809
845
855
802
848
993
1065
1178
1230
1182
1159
1240
1176
1149
1147
1091
1082
952
662
558
513
404
253
11
-277
-471
-780
-999
-1115
-1493
-1715
-2071
-2507
-2699
-2841
-3018
-3247
-3747
-4058
-4131
-4339
-4501
-4710
-4913
-5060
-5190
-5241
-5256
-5196
-5168
-5228
-5298
-5201
-4939
-4807
-4626
-4397
-4192
-3957
-3728
-3445
-2934
-2508
-2294
-2028
-1817
-1521
-1181
-1096
-874
-509
-446
-478
-447
-386
-174
-122
-291
-364
-396
-404
-420
-510
-513
-481
-716
-932
-958
-943
-941
-1094
-1154
-1162
-1230
-1294
-1272
-1256
-1231
-1214
-1250
-1254
-1259
-1060
-1018
-1002
-976
-872
-801
-789
-693
-605
-458
-461
-449
-389
-325
-249
-165
-156
-124
-48
-44
41
122
139
214
226
270
314
332
427
496
487
469
518
535
566
690
782
804
807
815
871
933
943
1044
1121
1181
1199
1154
1119
1194
1344
1540
1466
1222
987
867
1071
1262
981
583
189
22
96
-26
-346
-799
-1187
-1419
-1619
-1976
-2241
-2603
-2923
-3150
-3499
-3880
-4159
-4373
-4592
-4810
-5216
-5476
-5554
-5698
-5923
-6018
-6108
-6215
-6312
-6360
-6270
-6236
-6074
-5989
-6002
-5931
-5762
-5584
-5332
-5131
-5058
-4912
-4659
-4420
-4246
-4074
-3927
-3793
-3647
-3457
-3362
-3260
-3055
-2944
-2897
-2837
-2729
-2684
-2617
-2555
-2447
-2403
-2425
-2393
-2373
-2254
-2119
-2119
-2104
-2046
-1916
-1795
-1695
-1623
-1558
-1473
-1407
-1273
-1191
-1047
-957
-865
-746
-642
-515
-384
-341
-191
-55
-10
61
95
175
336
425
456
437
409
480
513
599
592
540
553
590
530
515
606
546
487
525
535
523
462
400
388
337
325
307
293
240
220
171
52
-39
31
7
-60
-126
-159
-150
-218
-240
-258
-244
-368
-485
-564
-666
-782
-825
-933
-1147
-1364
-1491
-1621
-1840
-2015
-2152
-2335
-2608
-2841
-3039
-3211
-3308
-3429
-3648
-3958
-4086
-3994
-3954
-4065
-4321
-4289
-4129
-4007
-3865
-3797
-3732
-3664
-3431
-3150
-2921
-2738
-2824
-2867
-2612
-2204
-2050
-2164
-2139
-1987
-1776
-1616
-1534
-1523
-1481
-1388
-1354
-1267
-1213
-1147
-1097
-1114
-1020
-1027
-1050
-1103
-1088
-1008
-1017
-1103
-1107
-1067
-1072
-977
-956
-1004
-1012
-997
-912
-833
-848
-889
-804
-759
-694
-612
-536
-472
-415
-322
-278
-160
-68
16
86
219
298
402
489
546
702
808
898
945
1020
1101
1194
1263
1350
1426
1419
1469
1509
1572
1617
1584
1494
1457
1435
1416
1361
1244
1102
1025
917
708
544
398
296
251
167
76
-59
-122
-54
-57
-16
-29
66
82
101
184
240
264
282
344
320
360
366
349
338
341
346
297
269
259
280
176
43
-12
32
5
-101
-146
-201
-306
-379
-422
-512
-621
-658
-725
-838
-876
-923
-1005
-1017
-1067
-1166
-1259
-1353
-1327
-1341
-1466
-1523
-1598
-1675
-1693
-1710
-1790
-1875
-1946
-1938
-2041
-2151
-2193
-2318
-2429
-2451
-2590
-2664
-2745
-2926
-3070
-3120
-3172
-3226
-3358
-3466
-3470
-3488
-3511
-3555
-3531
-3482
-3428
-3381
-3340
-3266
-3176
-3076
-2947
-2828
-2661
-2505
-2366
-2220
-2002
-1758
-1595
-1455
-1244
-1116
-889
-721
-591
-452
-347
-95
103
238
338
460
591
738
890
975
1073
1135
1238
1315
1336
1339
1435
1400
1299
1230
1181
1109
988
934
770
589
334
196
27
-160
-375
-631
-905
-1134
-1422
-1732
-1918
-2152
-2354
-2523
-2657
-2675
-2702
-2627
-2464
-2277
-2042
-1824
-1608
-1369
-1163
-959
-762
-637
-487
-336
-213
-127
-90
14
69
75
111
43
40
5
-19
-158
-216
-322
-511
-601
-700
-869
-996
-1139
-1244
-1291
-1452
-1569
-1671
-1736
-1792
-1855
-1838
-1844
-1876
-1887
-1901
-1868
-1847
-1823
-1763
-1691
-1610
-1588
-1581
-1470
-1376
-1329
-1237
-1163
-1085
-1032
-989
-927
-826
-672
-619
-560
-446
-334
-223
-90
29
99
231
377
433
542
675
807
875
1019
1077
1185
1254
1294
1387
1464
1520
1530
1611
1637
1723
1746
1834
1881
1999
2098
2153
2253
2335
2460
2577
2675
2790
2853
2929
3003
3071
3174
3263
3344
3362
3264
3280
3369
3351
3264
3182
3101
2993
2932
2822
2653
2509
2351
2214
2069
1862
1755
1543
1395
1341
1250
1154
1008
949
873
853
851
888
923
965
970
1021
1118
1230
1344
1440
1515
1567
1583
1583
1595
1610
1653
1569
1456
1310
1231
1125
1040
860
699
583
355
223
60
-101
-220
-277
-341
-364
-421
-405
-421
-446
-458
-468
-545
-660
-780
-904
-983
-1172
-1318
-1506
-1687
-1777
-1807
-1813
-1794
-1810
-1733
-1672
-1567
-1378
-1204
-1080
-948
-796
-632
-524
-404
-295
-224
-134
-40
-19
-12
44
101
150
179
153
141
133
86
96
172
194
222
264
262
331
360
469
528
628
724
769
862
980
1062
1168
1280
1396
1362
1431
1519
1586
1658
1641
1710
1718
1803
1770
1849
1826
1865
1900
1843
1905
1910
1963
1969
2041
2064
2063
2071
2084
2113
2144
2183
2193
2154
2159
2116
2117
2198
2165
2161
2103
2061
2046
2020
2027
2009
1987
1956
1938
1939
1894
1904
1892
1891
1927
1890
1881
1833
1821
1843
1844
1840
1840
1833
1784
1788
1825
1860
1800
1714
1693
1646
1651
1594
1563
1490
1429
1358
1304
1247
1224
1182
1100
1037
995
1011
982
897
879
857
863
867
906
931
965
1102
1148
1209
1309
1475
1607
1737
1947
2130
2296
2383
2602
2758
2854
2936
3025
3103
3092
3081
3038
2998
2966
2844
2683
2540
2362
2208
2073
1906
1717
1591
1454
1326
1238
1226
1183
1204
1213
1318
1394
1545
1674
1791
1944
2091
2318
2416
2539
2670
2750
2900
3017
3072
3123
3188
3278
3328
3376
3407
3463
3518
3506
3497
3497
3523
3488
3445
3423
3414
3327
3281
3260
3218
3143
3112
3071
2955
2913
2846
2809
2729
2655
2571
2477
2388
2344
2297
2252
2218
2108
2022
2005
1954
1972
1896
1884
1863
1852
1838
1847
1886
1864
1930
1943
1931
1966
1950
1985
2009
2018
2040
2040
2070
2117
2094
2099
2123
2095
2139
2132
2111
2134
2150
2179
2217
2172
2201
2179
2178
2221
2206
2226
2292
2275
2324
2332
2304
2372
2405
2367
2364
2353
2358
2436
2408
2426
2436
2421
2404
2404
2455
2396
2373
2362
2334
2329
2358
2344
2354
2319
2298
2352
2383
2383
2381
2369
2352
2422
2406
2442
2425
2387
2365
2403
2404
2354
2412
2370
2350
2354
2287
2348
2340
2295
2305
2332
2340
2370
2418
2368
2369
2380
2345
2401
2386
2310
2356
2371
2374
2386
2391
2365
2343
2387
2339
2324
2287
2275
2241
2204
2169
2118
2133
2114
2092
2056
2020
1950
1879
1912
1859
1797
1769
1745
1726
1659
1660
1683
1659
1635
1587
1613
1596
1567
1531
1521
1525
1545
1529
1509
1510
1502
1520
1528
1484
1505
1510
1463
1467
1448
1501
1498
1487
1511
1453
1468
1400
1361
1361
1341
1320
1293
1278
1224
1207
1177
1204
1109
1049
1035
968
946
948
932
841
818
790
759
732
728
671
612
585
512
557
525
475
479
476
474
420
380
389
366
318
295
273
249
288
282
268
271
260
303
320
363
387
388
444
471
598
646
729
786
842
909
942
1026
1065
1151
1211
1257
1305
1305
1370
1381
1463
1459
1454
1498
1508
1521
1478
1547
1491
1529
1492
1429
1416
1383
1362
1301
1271
1193
1168
1087
1034
997
942
853
794
743
666
599
516
459
364
303
217
189
135
15
-42
-115
-180
-265
-353
-451
-501
-588
-695
-728
-773
-846
-926
-956
-1020
-1042
-1043
-1091
-1074
-1072
-1047
-1041
-1091
-1054
-1038
-1006
-1042
-1043
-1062
-1078
-1087
-1099
-1130
-1142
-1162
-1207
-1215
-1241
-1211
-1323
-1323
-1288
-1336
-1313
-1320
-1321
-1322
-1324
-1287
-1279
-1291
-1252
-1259
-1205
-1182
-1086
-973
-887
-756
-652
-550
-440
-274
-135
33
164
316
478
632
791
985
1143
1208
1353
1470
1535
1662
1755
1855
1915
1935
2001
2063
2061
2103
2068
2025
2007
1974
1988
1946
1848
1838
1784
1758
1745
1708
1740
1656
1628
1632
1582
1546
1588
1594
1588
1550
1586
1592
1600
1614
1537
1584
1588
1574
1598
1602
1628
1539
1580
1614
1619
1630
1651
1714
1687
1673
1650
1707
1729
1729
1722
1747
1723
1730
1810
1767
1812
1780
1759
1784
1806
1806
1787
1784
1808
1811
1818
1834
1842
1881
1880
1897
1917
1878
1898
1939
1903
1930
1922
1920
1924
1930
1945
1954
1906
1864
1893
1900
1883
1918
1865
1842
1871
1819
1829
1802
1776
1799
1783
1768
1754
1712
1699
1706
1678
1674
1605
1592
1515
1509
1513
1460
1486
1446
1423
1393
1408
1402
1356
1329
1331
1373
1381
1352
1358
1364
1388
1368
1355
1413
1442
1436
1402
1397
1468
1519
1493
1491
1505
1521
1490
1525
1506
1457
1470
1450
1454
1471
1450
1441
1420
1419
1379
1375
1401
1403
1387
1428
1459
1409
1447
1490
1495
1469
1448
1492
1480
1501
1513
1492
1537
1522
1513
1584
1539
1527
1547
1543
1506
1476
1508
1516
1518
1490
1511
1520
1537
1522
1540
1499
1475
1460
1421
1481
1477
1538
1503
1462
1420
1421
1431
1396
1420
1395
1357
1408
1384
1363
1388
1373
1357
1325
1338
1315
1327
1323
1241
1240
1224
1208
1232
1245
1228
1199
1224
1232
1227
1189
1190
1217
1196
1199
1195
1189
1201
1206
1190
1180
1134
1125
1097
1041
1020
1034
1043
1030
992
978
966
1006
974
992
998
974
952
903
962
961
959
960
938
907
925
907
943
911
899
897
850
846
857
878
855
859
836
853
809
819
793
810
764
759
776
780
810
782
802
804
802
748
804
807
807
792
793
779
784
760
765
754
785
787
788
778
735
758
747
733
740
766
721
752
760
780
781
781
786
797
759
804
822
844
873
869
875
844
830
863
852
775
812
779
763
764
762
696
683
673
653
695
669
670
670
650
661
643
631
667
626
599
635
656
664
641
640
662
633
704
668
700
658
630
648
635
639
593
597
600
566
600
575
597
615
615
612
572
611
604
612
608
591
569
550
572
571
586
597
580
590
564
546
513
483
458
458
465
474
462
414
344
424
428
374
363
365
354
310
336
371
422
417
394
357
378
377
358
420
413
363
352
377
367
300
334
301
251
270
268
261
298
283
286
273
244
219
211
231
247
246
269
268
252
282
288
256
265
266
266
259
205
219
252
185
203
203
193
211
188
194
211
204
204
198
181
186
166
174
198
176
176
234
255
247
243
255
252
268
303
290
287
296
268
276
233
208
172
128
165
128
142
126
98
106
122
100
89
134
107
78
63
135
114
120
119
110
121
101
122
145
141
133
132
113
79
81
111
129
141
102
142
167
82
99
58
68
49
31
48
48
69
49
82
90
108
54
71
41
60
60
64
71
40
56
63
78
28
-2
-12
-10
-9
8
-45
-12
-3
-17
-26
-38
-22
-29
-9
0
15
0
29
29
80
71
39
41
42
39
17
-17
-15
-16
-40
-25
-49
-47
-41
-54
-63
-102
-102
-99
-132
-121
-132
-173
-121
-113
-128
-40
-49
-73
-33
-81
-25
-9
-25
-27
-72
-55
-73
-74
-55
-91
-96
-67
-106
-130
-104
-132
-120
-129
-201
-138
-165
-206
-187
-227
-225
-253
-292
-266
-289
-288
-284
-293
-300
-337
-324
-316
-274
-270
-353
-347
-352
-298
-314
-330
-328
-351
-312
-351
-357
-354
-350
-334
-361
-357
-299
-324
-298
-311
-300
-275
-297
-260
-295
-270
-314
-295
-305
-306
-276
-299
-298
-288
-336
-394
-368
-367
-396
-396
-389
-383
-361
-417
-420
-459
-432
-425
-435
-441
-454
-417
-415
-422
-388
-363
-354
-398
-385
-424
-459
-417
-432
-468
-496
-459
-476
-452
-438
-405
-415
-410
-405
-419
-396
-393
-430
-426
-453
-449
-407
-421
-415
-445
-411
-347
-375
-383
-364
-387
-425
-432
-450
-462
-490
-472
-472
-479
-470
-490
-503
-496
-471
-450
-468
-436
-450
-522
-477
-461
-448
-476
-440
-403
-405
-403
-403
-459
-454
-444
-481
-437
-445
-477
-480
-479
-544
-499
-478
-510
-530
-518
-486
-512
-535
-488
-529
-525
-499
-502
-461
-486
-503
-476
-477
-468
-479
-461
-473
-493
-496
-483
-510
-529
-518
-521
-547
-549
-565
-562
-530
-539
-522
-574
-558
-553
-536
-537
-521
-530
-499
-497
-531
-503
-485
-503
-493
-487
-512
-510
-535
-466
-519
-513
-488
-531
-561
-557
-562
-577
-522
-559
-561
-561
-603
-595
-578
-601
-582
-572
-567
-584
-605
-618
-579
-525
-551
-546
-543
-574
-577
-616
-598
-597
-597
-589
-612
-564
-544
-577
-611
-634
-617
-602
-612
-624
-629
-613
-613
-604
-631
-629
-599
-631
-594
-612
-637
-595
-618
-578
-611
-647
-617
-643
-622
-621
-602
-620
-603
-623
-614
-619
-639
-597
-656
-642
-624
-598
-593
-596
-594
-624
-600
-604
-649
-643
-590
-596
-625
-609
-618
-642
-644
-671
-676
-678
-647
-680
-646
-644
-699
-688
-663
-702
-669
-650
-671
-675
-633
-630
-633
-622
-677
-640
-671
-677
-687
-673
-642
-638
-663
-613
-609
-637
-644
-639
-606
-633
-616
-624
-616
-629
-620
-635
-651
-625
-607
-593
-625
-603
-646
-640
-611
-603
-578
-615
-598
-629
-669
-676
-651
-618
-642
-695
-696
-718
-720
-643
-652
-687
-682
-696
-698
-692
-715
-709
-658
-672
-699
-689
-678
-675
-694
-663
-673
-685
-701
-717
-737
-723
-743
-732
-696
-716
-748
-786
-694
-758
-780
-760
-766
-747
-793
-737
-761
-755
-756
-777
-733
-743
-753
-796
-791
-782
-766
-802
-850
-827
-797
-798
-813
-823
-791
-817
-849
-824
-831
-827
-837
-826
-808
-813
-832
-804
-808
-771
-808
-807
-828
-839
-792
-802
-785
-821
-797
-788
-765
-769
-772
-756
-769
-748
-744
-719
-723
-742
-753
-758
-800
-786
-815
-805
-792
-764
-779
-776
-772
-773
-736
-756
-708
-713
-756
-738
-732
-739
-748
-735
-737
-700
-679
-715
-692
-687
-702
-733
-742
-689
-723
-779
-740
-720
-731
-780
-763
-767
-744
-732
-753
-775
-783
-752
-757
-723
-800
-748
-792
-779
-727
-775
-785
-802
-806
-796
-730
-744
-740
-734
-701
-715
-725
-674
-740
-736
-702
-752
-737
-723
-716
-697
-679
-719
-789
-777
-730
-728
-746
-759
-788
-797
-793
-803
-799
-851
-807
-799
-806
-793
-848
-821
-842
-849
-836
-849
-862
-893
-894
-858
-859
-839
-852
-895
-841
-838
-798
-783
-817
-752
-788
-768
-769
-757
-731
-788
-749
-736
-774
-737
-756
-754
-693
-684
-750
-764
-715
-731
-747
-748
-738
-738
-720
-714
-707
-763
-743
-721
-725
-728
-724
-679
-731
-732
-722
-734
-765
-761
-771
-738
-741
-777
-722
-714
-726
-730
-732
-725
-716
-699
-697
-697
-701
-693
-670
-683
-662
-668
-636
-627
-642
-651
-667
-647
-664
-672
-669
-652
-668
-673
-693
-672
-717
-735
-719
-750
-726
-705
-694
-728
-729
-716
-722
-709
-710
-719
-711
-751
-716
-691
-711
-696
-723
-689
-702
-731
-719
-698
-706
-716
-724
-701
-704
-711
-688
-724
-738
-743
-745
-727
-738
-760
-758
-738
-750
-725
-766
-777
-733
-782
-784
-797
-780
-763
-806
-753
-714
-716
-762
-742
-745
-768
-747
-684
-718
-748
-683
-721
-693
-666
-709
-700
-706
-721
-680
-677
-693
-721
-741
-715
-690
-721
-690
-678
-683
-702
-696
-679
-708
-704
-699
-677
-634
-689
-702
-682
-647
-662
-682
-640
-672
-692
-674
-660
-639
-621
-620
-611
-674
-664
-642
-625
-604
-654
-648
-681
-680
-665
-652
-669
-661
-708
-696
-626
-661
-647
-666
-649
-666
-681
-657
-687
-675
-708
-645
-622
-633
-633
-625
-627
-648
-669
-665
-660
-714
-681
-709
-668
-699
-703
-716
-744
-717
-704
-721
-717
-709
-707
-707
-703
-676
-722
-666
-649
-661
-664
-650
-668
-638
-647
-645
-657
-675
-651
-682
-671
-711
-659
-671
-680
-693
-667
-622
-623
-662
-613
-619
-677
-699
-655
-630
-666
-658
-685
-635
-691
-654
-651
-671
-663
-696
-687
-695
-701
-711
-707
-765
-728
-725
-727
-731
-722
-702
-715
-705
-672
-683
-668
-682
-670
-654
-661
-644
-687
-645
-642
-619
-621
-656
-615
-650
-633
-636
-639
-601
-586
-600
-643
-642
-621
-622
-630
-640
-617
-589
-611
-615
-664
-640
-614
-644
-634
-627
-642
-626
-625
-630
-636
-624
-617
-631
-634
-626
-620
-627
-622
-549
-555
-583
-607
-581
-616
-574
-563
-611
-632
-612
-622
-610
-618
-596
-618
-623
-623
-651
-625
-659
-606
-632
-633
-637
-631
-621
-633
-646
-663
-653
-676
-647
-637
-627
-672
-678
-659
-666
-636
-653
-622
-626
-592
-594
-670
-635
-628
-627
-621
-609
-583
-604
-604
-651
-612
-623
-590
-586
-637
-613
-634
-614
-597
-606
-568
-593
-617
-583
-599
-578
-607
-595
-563
-584
-578
-559
-552
-524
-574
-586
-591
-577
-564
-560
-548
-533
-571
-579
-554
-604
-589
-545
-553
-586
-568
-571
-571
-554
-591
-528
-493
-572
-524
-521
-525
-534
-520
-479
-541
-518
-485
-499
-490
-469
-484
-443
-480
-465
-441
-449
-456
-469
-447
-460
-429
-457
-448
-458
-466
-431
-486
-493
-516
-517
-474
-482
-507
-466
-452
-469
-473
-463
-457
-468
-486
-465
-466
-491
-438
-444
-448
-444
-460
-488
-468
-429
-445
-430
-420
-447
-441
-426
-467
-496
-465
-416
-401
-383
-451
-429
-404
-452
-471
-466
-441
-454
-398
-388
-391
-386
-419
-395
-367
-374
-369
-370
-370
-399
-382
-376
-379
-408
-403
-376
-338
-347
-345
-360
-363
-358
-390
-375
-408
-389
-389
-411
-422
-433
-436
-423
-453
-434
-456
-456
-467
-446
-427
-454
-460
-461
-475
-468
-470
-466
-434
-478
-458
-480
-475
-464
-493
-515
-514
-533
-510
-522
-580
-573
-562
-555
-562
-562
-551
-581
-582
-558
-540
-517
-538
-503
-521
-533
-517
-542
-531
-504
-494
-470
-505
-472
-468
-467
-448
-446
-436
-444
-462
-475
-483
-472
-465
-475
-516
-485
-477
-464
-439
-477
-476
-482
-463
-477
-470
-493
-510
-505
-507
-467
-470
-512
-523
-485
-470
-511
-486
-497
-491
-455
-443
-442
-427
-478
-461
-469
-467
-427
-414
-410
-459
-441
-501
-498
-485
-499
-498
-435
-485
-489
-449
-435
-481
-447
-485
-508
-464
-474
-467
-505
-483
-509
-517
-502
-544
-527
-477
-500
-508
-511
-557
-588
-551
-532
-542
-531
-520
-560
-577
-519
-530
-517
-503
-504
-538
-499
-481
-490
-465
-499
-491
-529
-514
-494
-477
-467
-453
-465
-502
-478
-454
-476
-488
-441
-449
-481
-501
-477
-452
-466
-453
-483
-451
-426
-487
-501
-494
-496
-525
-504
-476
-529
-523
-528
-542
-488
-525
-531
-497
-480
-503
-505
-517
-495
-466
-523
-445
-436
-439
-401
-417
-339
-371
-385
-358
-368
-387
-373
-355
-343
-361
-406
-391
-370
-357
-388
-407
-367
-352
-391
-384
-363
-405
-401
-357
-374
-374
-336
-366
-413
-388
-407
-379
-422
-459
-416
-426
-413
-391
-384
-413
-414
-406
-416
-384
-356
-379
-354
-414
-385
-366
-409
-385
-367
-346
-380
-370
-343
-334
-300
-344
-346
-332
-349
-327
-311
-337
-317
-309
-342
-334
-349
-364
-321
-280
-345
-340
-349
-366
-349
-367
-350
-321
-327
-346
-334
-348
-354
-315
-324
-325
-314
-287
-297
-317
-312
-349
-296
-292
-294
-284
-269
-322
-298
-298
-311
-316
-342
-306
-293
-292
-306
-323
-300
-295
-321
-300
-279
-281
-239
-287
-295
-264
-229
-247
-258
-231
-285
-283
-245
-224
-219
-197
-228
-247
-223
-262
-249
-252
-238
-222
-187
-212
-216
-230
-249
-171
-178
-198
-204
-178
-171
-140
-172
-171
-211
-199
-150
-172
-152
-143
-87
-94
-95
-127
-155
-167
-153
-118
-156
-171
-151
-179
-185
-177
-164
-178
-172
-180
-165
-158
-197
-176
-201
-166
-158
-213
-197
-190
-215
-203
-210
-214
-241
-233
-239
-239
-249
-264
-232
-273
-285
-244
-221
-237
-217
-254
-224
-193
-206
-217
-232
-226
-205
-203
-212
-184
-184
-160
-234
-242
-223
-231
-248
-253
-221
-229
-217
-205
-200
-215
-217
-202
-194
-189
-200
-178
-181
-187
-205
-195
-196
-233
-207
-263
-272
-265
-278
-260
-302
-270
-254
-240
-235
-269
-228
-221
-221
-210
-233
-226
-239
-249
-210
-203
-222
-192
-180
-200
-202
-216
-217
-181
-211
-202
-189
-200
-199
-204
-186
-191
-196
-229
-210
-226
-234
-241
-244
-209
-258
-277
-236
-249
-187
-194
-184
-192
-219
-199
-198
-183
-211
-170
-200
-145
-146
-195
-206
-239
-230
-211
-236
-218
-159
-201
-173
-189
-215
-201
-167
-163
-181
-175
-215
-236
-253
-224
-236
-230
-231
-193
-169
-139
-182
-201
-177
-175
-124
-158
-168
-170
-160
-194
-211
-220
-221
-206
-200
-159
-185
-170
-157
-187
-173
-214
-166
-185
-203
-160
-213
-178
-209
-233
-172
-161
-160
-159
-163
-221
-191
-167
-143
-102
-140
-120
-142
-151
-183
-246
-200
-211
-228
-233
-250
-242
-284
-259
-215
-216
-257
-293
-251
-244
-276
-264
-242
-242
-228
-230
-260
-253
-264
-296
-298
-245
-218
-226
-178
-226
-226
-130
-155
-216
-152
-146
-187
-145
-168
-150
-150
-151
-121
-146
-154
-160
-155
-165
-134
-128
-167
-137
-120
-146
-160
-153
-133
-107
-134
-121
-93
-84
-135
-100
-121
-123
-111
-120
-96
-98
-93
-126
-152
-174
-191
-122
-94
-105
-123
-98
-88
-88
-50
-100
-102
-109
-84
-70
-32
-33
-22
-45
-54
-35
-85
-73
-40
-61
-43
-18
-71
-60
-47
-51
-33
-64
-71
-15
-7
-31
-32
-43
-40
-45
-62
-50
-55
-34
-20
-39
-51
-33
-34
-61
-39
-29
-30
-40
-22
-8
-45
-40
-49
-30
-27
-22
-49
-63
-29
-59
-91
-57
-70
-92
-56
-55
-60
-94
-84
-70
-58
-70
-88
-78
-72
-109
-117
-121
-142
-115
-126
-98
-128
-142
-135
-134
-114
-95
-96
-128
-133
-88
-106
-85
-61
-115
-79
-77
-86
-104
-91
-55
-74
-109
-75
-63
-96
-102
-66
-98
-111
-86
-126
-121
-127
-86
-89
-117
-75
-66
-42
-64
-50
-69
-17
-25
-2
-17
-41
-24
-121
-61
-85
-72
-59
-80
-63
-64
-102
-103
-53
-81
-76
-49
-64
-58
-29
-27
-46
-13
-25
-5
-5
0
-4
3
9
-12
-33
-74
-83
-43
-8
-37
-39
-23
-28
-52
-74
-44
-39
-64
-56
-57
-78
-89
-93
-59
-67
-92
-36
-65
-38
-61
-45
-25
-58
-58
-48
-38
-99
-76
-63
-71
-80
-124
-135
-115
-128
-149
-113
-116
-107
-48
-113
-123
-89
-125
-118
-148
-128
-105
-97
-76
-79
-105
-128
-113
-123
-97
-93
-109
-110
-95
-94
-122
-112
-185
-149
-140
-167
-156
-167
-161
-158
-154
-147
-187
-157
-158
-148
-155
-130
-105
-66
-69
-78
-82
-68
-57
-88
-96
-85
-72
-87
-82
-96
-72
-72
-81
-74
-97
-100
-74
-77
-88
-50
-37
-38
-61
-49
-38
-57
-35
-67
-37
-44
-87
-99
-65
-83
-61
-18
-8
-51
-45
-52
-79
-88
-48
-55
-90
-57
-59
-40
-78
-41
-33
-18
-42
-38
-23
-32
-21
-20
4
4
45
5
-24
-53
-49
-39
-84
-46
-79
-71
-58
-43
-36
-5
-26
-74
-49
-66
-63
-80
-58
-93
-33
-53
-59
-56
-91
-31
-33
-98
-83
-67
-57
-35
-91
-73
-102
-134
-121
-111
-132
-156
-96
-92
-152
-126
-159
-157
-140
-154
-119
-134
-157
-157
-198
-143
-151
-126
-125
-169
-164
-168
-179
-158
-150
-170
-97
-100
-116
-90
-119
-95
-119
-165
-154
-164
-129
-161
-137
-136
-131
-120
-112
-100
-113
-48
-100
-68
-78
-103
-74
-71
-69
-100
-93
-57
-44
-71
-75
-95
-86
-84
-66
-56
-23
-24
-36
4
-9
-36
-41
-21
-17
32
29
45
62
64
69
65
74
66
47
39
54
72
69
61
33
5
25
33
35
44
44
76
76
34
38
39
13
25
49
31
45
68
34
54
73
71
53
62
81
100
98
93
65
37
51
33
19
19
-2
-4
-26
-53
-57
-73
-77
-90
-70
-84
-59
-34
-69
-99
-73
-47
-96
-104
-117
-100
-87
-49
-28
-36
-52
-54
-64
-105
-96
-123
-92
-144
-152
-141
-150
-151
-161
-100
-86
-46
-81
-93
-87
-133
-142
-134
-134
-122
-117
-126
-127
-139
-118
-143
-195
-180
-139
-205
-120
-119
-139
-137
-158
-124
-137
-118
-114
-81
-71
-82
-117
-63
-72
-22
-24
-93
-58
-117
-101
-124
-75
-70
-78
-49
-92
-112
-107
-56
-64
-89
-80
-82
-89
-84
-93
-72
-89
-87
-125
-50
-64
-79
-60
-83
-79
-58
-76
-88
-38
-29
-51
-76
-51
-20
-23
-56
-20
-50
-47
-47
-41
-26
-86
-59
-73
-82
-122
-62
-52
-49
-80
-66
-75
-102
-33
-86
-42
-42
-52
-44
-56
-73
-82
-56
-61
-53
-89
-60
-64
-100
-91
-91
-79
-84
-73
-91
-58
-100
-35
14
-51
-68
-43
-13
11
-18
-75
-62
-54
-74
-58
-68
-72
-52
-83
-56
-81
-119
-106
-102
-91
-76
-40
-86
-51
-43
-64
-66
-66
-40
-78
-90
-49
-74
-52
-19
18
-8
32
-9
-21
21
-7
26
-3
25
8
-27
-10
-41
-21
24
5
0
25
32
6
16
-14
-20
33
26
10
9
33
49
38
37
75
55
38
45
39
-23
4
26
-17
-9
12
16
28
27
60
47
58
80
30
41
26
42
10
13
43
74
45
15
44
32
47
30
6
25
-34
1
16
67
34
62
58
-5
1
-13
24
21
16
11
28
25
24
29
38
28
46
54
32
3
11
23
-5
26
36
46
27
-7
-15
-6
22
37
17
12
15
23
31
-8
-6
17
-10
-28
-35
14
17
-21
-15
-22
-19
-4
-25
-31
-32
-27
-43
-11
-7
-32
-51
-16
-25
20
-8
-23
-7
-51
-48
-42
-35
-61
-33
-26
-46
-57
-15
2
-27
3
-17
-30
33
-20
-19
2
-14
-8
-55
-63
-55
-55
-35
-36
-44
-30
-48
-69
-48
-27
-28
-35
-21
-27
-1
41
-12
31
-19
-8
16
2
31
27
40
22
23
17
65
14
6
59
39
32
48
98
87
77
52
51
81
67
70
106
115
137
114
81
115
61
41
52
77
89
74
100
88
106
99
106
127
161
152
144
147
120
137
107
98
83
83
119
82
83
58
56
82
46
66
75
66
69
53
59
84
81
48
53
92
38
57
37
48
63
32
32
43
81
60
94
92
87
113
82
85
97
50
82
51
46
51
-8
-6
27
0
-5
-23
-1
2
-13
12
9
31
-5
38
64
36
37
33
16
42
26
5
14
-19
-6
-34
-20
-52
-66
-36
-1
23
59
40
18
41
11
26
-3
-19
13
1
-13
-34
-30
-3
-35
-24
-43
-45
21
-46
-37
16
-5
-1
-10
16
24
18
11
31
59
22
35
48
32
14
65
67
32
66
68
95
110
83
101
115
72
127
139
105
98
105
140
111
98
88
60
95
68
85
111
115
114
137
130
93
134
114
83
112
114
87
107
112
95
69
120
71
70
106
51
110
102
87
79
67
61
57
59
33
58
60
68
73
53
56
95
102
32
1
43
42
82
42
70
91
52
49
39
49
74
70
70
101
24
67
75
53
74
70
49
41
89
97
36
-6
45
29
46
50
59
46
34
25
38
44
71
60
52
39
71
78
61
107
63
76
74
53
59
68
47
65
78
54
66
74
125
102
128
126
116
122
66
59
111
117
109
112
84
98
118
82
46
88
50
47
44
64
116
99
83
94
105
93
138
167
155
145
130
119
141
170
175
151
160
174
181
177
160
160
136
146
135
143
142
164
218
200
180
202
199
157
133
128
164
191
146
159
137
131
147
111
125
150
166
199
168
150
175
139
123
143
170
111
116
120
106
160
101
116
138
105
132
115
97
74
135
180
132
160
118
107
81
62
95
102
68
78
105
98
115
86
66
82
52
54
24
20
68
35
74
66
50
59
19
37
71
53
90
103
101
120
89
131
120
126
172
124
139
117
75
124
148
130
143
137
121
104
130
130
102
101
112
136
116
146
137
152
174
173
171
153
168
161
137
142
170
177
165
175
157
146
164
142
152
160
154
129
145
152
147
139
157
108
131
181
123
145
160
165
119
139
175
198
183
173
178
180
146
123
139
192
170
161
161
143
133
117
183
139
121
156
158
167
164
152
136
155
131
137
126
184
178
164
188
158
145
174
192
165
171
182
213
176
195
158
197
187
212
202
198
178
138
191
192
186
160
142
157
171
171
175
160
190
199
133
164
141
158
142
166
155
109
153
143
157
140
152
100
143
140
116
147
111
122
120
112
124
118
132
172
159
147
165
154
167
162
166
163
127
160
151
173
178
189
156
178
196
168
158
168
169
143
147
136
161
156
155
192
193
197
211
219
222
157
168
146
176
163
172
152
171
187
160
108
142
130
82
117
111
160
209
168
172
197
182
211
209
216
180
203
249
236
240
240
250
204
207
254
202
181
210
239
203
205
220
188
187
183
213
203
186
216
197
181
209
211
171
170
209
188
138
155
166
169
154
201
195
165
188
145
170
191
174
187
140
156
166
162
146
152
161
170
149
170
164
168
180
148
172
160
167
140
130
121
135
128
153
149
160
172
138
172
140
169
191
131
163
168
138
121
122
124
149
135
145
122
105
121
155
124
135
144
84
101
102
114
99
126
146
87
135
139
111
90
83
123
123
84
114
109
107
124
108
102
