5
4
-35
-50
-67
-92
-46
-41
-64
-72
-84
-77
-48
-72
-77
-82
-47
-31
-74
-74
-38
6
-67
-21
-21
-19
-36
-10
-31
-10
7
-8
-18
-8
-11
-7
3
-26
-51
-47
-50
-66
-27
-7
-12
-51
-25
-58
-71
-16
-51
-84
-58
-71
-71
-61
-85
-78
-69
-58
-2
-4
-11
25
19
1
22
36
9
27
43
65
82
41
89
15
35
81
75
82
66
29
-4
59
20
22
35
33
32
37
20
43
23
41
29
22
47
33
126
101
111
133
94
85
80
62
41
18
6
31
21
52
23
-3
-6
7
-1
40
-3
-53
-48
-17
-10
-41
-13
-73
-60
-65
-79
-65
-49
2
-39
-34
-9
-48
-53
-35
-38
-52
1
-28
-24
14
14
19
11
-17
-15
-40
13
18
-17
-32
-16
-14
-55
-74
-49
-92
-77
-61
-79
-76
-45
9
-18
11
-5
10
22
25
42
30
41
12
46
47
50
71
66
46
8
46
-24
-37
7
-10
37
15
20
32
25
46
40
63
58
8
28
47
41
35
34
25
6
-5
26
24
44
64
51
49
61
30
28
90
97
99
117
57
54
50
35
19
-8
10
-22
-16
-21
-23
-4
16
-8
23
3
7
45
-1
-32
-60
-29
-22
32
-4
-22
3
29
18
12
59
14
22
-5
9
20
-3
-17
4
23
31
6
-19
-37
-69
-48
3
5
4
23
-22
-18
17
-15
3
-19
-13
3
36
45
4
21
9
-57
-12
-3
-54
-76
-53
-42
-78
-41
-23
-36
-52
-108
-78
-76
-90
-73
-93
-114
-83
-109
-100
-89
-79
-57
-77
-69
-91
-71
-107
-93
-83
-77
-26
-10
-24
-54
-20
1
-14
-6
-40
-47
-33
-73
-44
-79
-81
-103
-103
-74
-60
-58
-88
-84
-99
-77
-79
-111
-75
-45
-77
-94
-40
-64
-72
-51
-71
-29
-104
-78
-45
-48
-33
-55
-57
-50
-62
-76
-63
-44
-14
-41
-30
-49
-68
-92
-113
-47
-49
-58
-75
-62
-35
-81
-68
-100
-83
-71
-90
-60
-44
-59
-85
-25
8
-40
-42
-41
-67
-60
-52
-54
-41
-40
12
8
-49
29
4
-6
21
9
15
22
20
37
60
2
22
6
-32
-21
-23
-23
-8
-2
-72
-37
-48
-63
-57
-94
-66
-56
-41
-25
-27
-49
-41
-49
-62
-31
-56
-71
-47
-44
-89
-105
-81
-111
-18
-23
-39
-38
-48
-6
-28
-9
-27
-9
-15
9
-1
-29
-25
-68
-42
-91
-115
-60
-101
-56
-68
-98
-100
-74
-30
-61
-44
-38
-70
-37
-62
-60
-11
-35
-16
-25
-60
10
7
-30
-26
-25
-29
-35
-8
30
16
20
-19
5
-1
-26
-20
-4
34
-47
-19
-21
-11
-27
-13
9
9
19
-18
29
-15
-11
-4
-38
-25
-1
-22
-7
27
45
44
18
44
-31
-2
4
-17
35
28
17
17
9
-20
-80
-53
-56
-33
-26
-19
-7
-37
-24
-24
-3
-8
11
18
0
-1
41
13
-6
-14
18
38
31
21
28
32
5
-7
-40
11
3
2
18
-13
-23
-31
-20
-22
-9
-7
-54
-47
-40
-69
-109
-69
-69
-48
-39
-52
-20
-2
-22
-20
1
-9
-43
-53
-7
-11
-31
-40
-6
-14
-12
12
-9
-18
-40
-36
-13
12
-5
-60
-39
-2
-24
6
-15
0
8
14
37
-9
-4
34
17
37
80
21
63
31
63
115
103
88
68
134
89
52
84
85
107
94
60
26
80
67
80
113
87
67
30
68
69
108
73
80
52
65
73
58
68
49
111
94
108
87
88
103
98
97
121
83
75
82
61
93
79
52
31
22
17
31
62
53
33
54
3
-16
-17
-38
-52
-47
-21
-17
-58
-65
-57
-41
-22
-1
41
7
-3
39
10
4
-22
-22
14
36
19
36
10
27
41
16
-11
15
-14
-36
-20
-62
-79
-70
-31
-72
-92
-134
-113
-77
-108
-125
-125
-103
-113
-133
-114
-96
-101
-46
-63
-76
-44
-85
-43
-12
-46
-46
-60
-35
-24
-62
-65
-76
-75
-77
-71
-58
-26
-45
-57
-49
-98
-74
-74
-36
-17
-42
-71
-100
-94
-80
-39
-27
-49
-3
-38
-22
1
-48
-9
18
1
-4
31
7
23
44
59
61
62
83
69
45
38
30
2
22
-24
9
30
-38
1
-16
-22
-25
-29
-17
-22
-12
11
3
23
65
35
27
24
24
67
31
63
41
29
47
36
76
86
79
56
16
11
32
29
18
-20
-2
42
-41
8
-8
1
27
-17
-25
-29
4
-32
-3
-35
-11
-30
19
19
27
25
17
11
23
54
44
84
54
59
66
69
87
75
80
71
58
45
37
69
12
47
39
52
37
45
39
-3
2
21
-29
-31
20
-42
-72
-58
-27
-28
-5
-2
-6
0
-21
38
69
45
26
21
58
76
84
72
66
63
50
69
95
63
63
65
51
55
41
24
50
46
15
11
13
7
5
38
7
39
7
-23
41
23
36
30
13
61
51
15
-15
37
44
45
48
36
92
33
37
18
17
61
49
50
75
103
65
91
72
63
81
66
50
14
53
52
81
90
75
53
31
64
102
79
46
59
19
42
54
27
52
68
46
59
87
77
94
85
49
63
33
68
93
63
37
18
40
21
55
43
17
20
-14
42
66
17
63
89
77
36
50
42
70
61
65
73
79
116
71
79
49
49
92
104
71
49
4
44
52
34
33
5
9
9
-8
-20
-9
-28
-13
-4
35
-28
-2
31
28
-2
22
42
41
19
23
11
46
42
53
79
59
73
57
88
70
22
4
41
16
45
30
40
48
49
15
84
110
90
92
114
130
99
93
103
122
97
97
82
126
150
81
84
119
74
77
73
87
84
73
118
68
56
50
35
-12
12
48
12
-22
-40
-12
-36
-60
6
12
-19
15
-5
-17
25
46
40
8
20
55
15
82
56
65
68
30
52
27
60
68
99
56
94
115
93
62
62
54
13
36
-18
-8
-14
-22
19
-10
-60
-60
-59
-29
-20
-52
-59
-74
-106
-101
-82
-62
-33
12
1
-5
-24
-4
21
-18
6
11
-5
5
18
20
25
64
48
30
37
75
60
-12
1
-23
-9
-48
-46
-33
-67
-60
-60
-4
1
-18
-5
28
24
12
25
31
-11
-17
49
2
18
21
44
30
40
39
24
64
75
129
78
57
80
101
97
55
81
59
74
83
86
54
34
44
48
35
30
3
43
64
35
57
41
86
87
80
74
69
76
92
91
129
135
109
113
151
136
99
85
77
96
101
108
142
149
146
146
130
142
123
135
145
125
130
151
88
114
122
137
121
113
119
94
64
66
77
59
75
87
96
118
101
97
82
101
125
104
122
105
104
111
114
73
67
111
125
94
133
96
92
84
54
71
75
81
23
44
14
8
70
34
30
45
71
70
58
33
39
135
137
76
116
125
104
147
155
144
146
91
140
143
161
180
147
139
114
149
120
163
161
149
140
133
82
117
114
92
85
95
103
127
107
114
145
159
181
142
155
149
124
169
175
164
176
155
155
132
121
121
113
65
73
100
112
96
62
63
44
38
36
74
113
83
106
98
81
150
141
146
136
113
134
134
110
107
100
111
103
114
103
92
103
77
80
91
120
87
70
43
42
55
53
87
51
53
83
41
66
91
49
49
67
39
39
54
41
94
108
43
46
52
35
13
14
61
57
35
39
67
76
83
72
65
85
58
69
50
37
96
100
112
86
70
99
84
58
56
57
25
-34
-30
2
19
12
-6
-3
31
65
40
13
45
50
44
11
63
100
64
80
84
84
64
35
70
102
76
72
98
99
72
77
38
74
89
23
42
54
47
22
46
5
41
18
18
16
-13
40
34
4
40
18
23
21
41
48
65
63
35
88
115
117
88
33
29
74
44
90
67
114
82
86
138
118
89
70
91
89
80
84
83
66
95
112
90
82
101
47
83
90
118
142
173
168
136
158
98
140
115
116
114
100
103
58
25
48
71
61
86
37
64
68
42
65
71
51
71
71
18
33
40
74
104
104
126
125
121
114
142
153
155
196
163
196
176
139
138
107
96
105
132
95
139
166
111
101
101
76
61
78
65
93
90
32
45
29
11
27
16
-3
12
-23
-12
-49
-30
14
8
45
52
87
67
23
60
47
87
37
54
101
36
38
24
87
46
49
85
98
52
50
5
32
22
8
53
23
22
25
22
30
38
30
42
24
70
48
38
45
11
35
46
53
92
87
53
80
54
23
40
50
41
35
48
83
75
17
28
26
37
52
32
63
50
27
59
97
74
77
83
84
102
99
103
113
111
81
123
97
103
91
58
27
49
34
30
71
84
76
58
81
74
53
55
25
37
-14
43
48
5
102
85
91
85
40
59
57
64
63
66
91
129
132
145
139
136
126
83
90
90
38
70
37
74
50
21
27
-31
12
48
27
63
33
23
69
44
63
66
26
54
65
53
53
48
35
60
77
86
73
37
51
62
73
34
39
83
44
43
40
27
22
65
63
57
88
48
45
29
-3
10
20
40
43
58
59
0
49
42
56
31
44
49
54
65
44
53
21
2
-21
14
38
27
63
88
37
16
8
25
-22
-18
4
-12
10
-41
23
12
-36
9
46
20
2
8
-6
9
22
23
20
19
-18
-5
16
10
-20
22
27
28
38
48
49
59
41
48
-10
-30
12
-34
-38
-2
-12
-49
-25
-21
-57
-32
-42
-7
-15
-13
4
-10
-16
-4
29
8
-17
-30
-31
-35
-51
-36
-35
-1
24
-19
1
-26
-21
-34
-32
-8
-25
-7
-61
-32
7
-45
-25
-50
-6
5
10
-32
-44
-69
-109
-71
-107
-88
-64
-28
-62
-70
-53
-46
-55
-63
-58
14
-27
-34
-20
-75
-2
23
14
-12
20
4
-9
-20
-21
-55
-22
-51
-19
-68
-57
-5
-60
1
-28
-49
-18
-28
-43
-59
-55
-21
-44
-51
-31
10
51
49
51
92
71
59
63
36
106
37
23
72
32
-3
-13
-7
36
63
44
24
-21
18
2
-29
4
29
2
-9
32
37
40
16
15
50
37
10
41
42
17
15
-2
11
47
55
35
48
75
28
53
74
70
33
11
22
13
29
37
55
40
60
19
13
47
40
17
2
-15
20
31
17
31
54
41
72
40
19
54
-9
21
30
38
36
91
91
52
27
28
27
61
52
43
-7
-1
27
-33
14
-9
-9
12
-9
-25
-2
-13
-47
-40
-86
-58
-64
-27
-55
-41
-14
-6
-4
-61
-47
-48
-51
-33
-57
-54
-48
-78
-53
-42
-63
-22
4
-20
-27
-50
-41
-95
-81
-65
-60
-59
-84
-48
-37
-45
-54
-93
-89
-87
-73
-55
-60
-40
-72
-65
-76
-64
-37
-76
-57
-46
-83
-73
-67
-77
-53
-77
-31
-58
-44
-80
-87
-25
-48
-55
-66
-38
-100
-86
-117
-128
-95
-64
-102
-94
-70
-96
-67
-99
-122
-86
-50
-77
-55
-18
-37
-40
-25
-4
31
35
-4
33
-11
-10
-42
-16
-17
-60
-52
-36
-23
-61
-17
-13
-21
-48
0
-32
-63
-72
-85
-90
-102
-95
-87
-74
-82
-111
-89
-95
-96
-57
-59
-14
-63
-74
-77
-28
-29
-22
11
-9
-4
-26
-10
0
-18
-22
-10
-31
-20
-46
-33
-65
-79
-77
-54
-64
-87
-106
-78
-134
-143
-99
-140
-113
-81
-72
-96
-83
-65
-69
-71
-37
-30
-9
-31
-95
-72
-79
-81
-43
-25
-50
-43
-27
-52
-20
8
-24
-7
1
-39
-20
-79
-98
-70
-105
-112
-108
-86
-112
-137
-153
-183
-143
-162
-147
-83
-116
-95
-86
-99
-82
-98
-107
-101
-133
-156
-93
-110
-102
-98
-99
-85
-75
-52
-61
-37
-43
-54
-51
-63
-53
-37
-54
-67
-23
-25
-69
-55
-63
-45
-67
-57
-82
-79
-83
-148
-146
-99
-89
-68
-78
-69
-89
-116
-82
-63
-83
-63
-39
-77
-37
-25
-23
-48
-6
-9
-50
-38
-15
6
-33
-28
-75
-66
-69
-68
-69
-38
-42
-62
-10
4
7
-10
-17
-45
-58
-60
-51
-37
-67
-49
-64
-62
-111
-110
-77
-78
-56
-81
-79
-66
-71
-63
-27
-49
-10
-63
-57
-77
-57
-68
-94
-43
-47
-39
-13
-48
-20
-27
-75
-80
-70
-95
-30
-19
-50
-77
-64
-75
-143
-93
-76
-60
-90
-102
-95
-75
-90
-80
-88
-81
-43
-55
-81
-98
-89
-95
-110
-113
-100
-39
-80
-64
-46
-54
-72
-88
-104
-69
-34
-53
-80
-63
-49
-32
-30
-53
-74
-83
-39
-65
-68
-90
-88
-85
-74
-77
-101
-117
-99
-85
-65
-66
-19
-39
-65
-58
-51
-17
-2
34
-39
-19
-50
-59
-40
-32
-33
-65
-42
-70
-82
-70
-44
-39
-25
-16
-8
-11
-36
-14
-15
-58
-13
-57
-18
-4
-14
11
-42
9
-4
-6
-7
-17
15
-9
1
5
-36
-15
-9
-26
-27
-32
-24
-31
-21
-26
-21
2
-19
-4
19
8
34
-7
-4
18
28
35
7
26
-11
8
-50
-41
-21
-39
-42
-56
-72
-77
-64
-63
-36
-46
-52
-48
-83
-94
-82
-72
-82
-90
-84
-79
-70
-39
-45
-74
-81
-37
-80
-99
-82
-99
-118
-94
-149
-101
-78
-95
-125
-172
-124
-172
-140
-130
-154
-130
-121
-129
-145
-129
-145
-125
-139
-137
-124
-126
-140
-157
-151
-157
-148
-137
-122
-128
-120
-137
-130
-85
-68
-86
-109
-68
-108
-97
-126
-99
-103
-121
-99
-111
-91
-113
-58
-64
-104
-109
-39
-45
-98
-76
-15
-21
-67
-74
-85
-69
-87
-81
-128
-111
-120
-66
-69
-82
-98
-124
-46
-113
-87
-60
-43
-61
-75
-45
-50
-22
-78
-87
-98
-124
-60
-72
-89
-24
-55
-75
-54
-64
-81
-126
-152
-119
-142
-87
-66
-99
-104
-130
-117
-117
-73
-91
-128
-80
-67
-95
-88
-48
-86
-65
-75
-94
-72
-92
-43
-28
-50
-48
0
-49
-33
-19
-52
-25
-38
-28
-69
-106
-101
-115
-185
-98
-81
-112
-53
-5
-56
-62
-81
-80
-45
-82
-96
-89
-62
-101
-92
-124
-129
-87
-67
-61
-54
-70
-83
-85
-36
-56
-43
3
-57
-3
47
42
20
23
0
5
-8
-44
1
-36
0
-13
33
17
-9
15
2
7
-25
-4
-9
-17
-6
-8
-28
-8
-36
-21
-25
-12
-24
-46
-31
-42
-32
-37
-11
-9
-46
-42
-71
-41
-43
-44
-26
-47
-66
-55
-45
-59
-44
-78
-61
-35
-27
-64
-61
-32
18
17
-4
-11
-53
-14
-37
-53
-53
-57
-69
-62
-28
6
-13
-52
-72
-62
-66
-85
-67
-69
-85
-59
-17
-15
0
-6
-4
6
32
21
35
59
32
75
54
55
41
32
17
17
22
-20
-14
-15
10
-47
-69
-34
-10
-52
-38
-40
-25
5
-13
-6
-49
-22
-20
-38
-41
-50
-23
-12
-88
-56
-50
-21
-63
-57
-48
-51
-11
-38
0
0
6
23
10
38
29
6
35
-5
23
-12
-27
-6
-25
-25
-32
-9
-4
17
-10
-20
-24
-20
-69
-33
15
-13
13
-3
-48
-33
-19
-38
8
-18
-43
-19
-12
-5
-35
-11
-10
-57
-21
-7
-56
-53
-13
-12
-15
-44
-18
-23
-63
-18
-31
-37
-49
-40
-64
-33
-46
-58
-87
-57
-61
-112
-67
-86
-72
-105
-65
-73
-75
-84
-97
-62
-48
-101
-115
-64
-54
-66
-56
-81
-33
-51
-47
-34
-54
-31
-51
-3
-13
-66
-48
-36
-63
-35
-13
-20
-50
-46
-37
-23
-7
-18
-29
23
3
-22
10
22
51
28
9
3
-12
9
-1
-4
-20
-3
15
6
-20
-16
-22
-32
-40
-46
-65
-40
-24
-28
-17
-55
-20
-10
6
-12
7
4
5
5
3
-3
-51
-23
-40
-72
-48
-63
-87
-101
-66
-46
-82
-48
-44
-51
-39
-30
-52
-64
-61
-60
-80
-80
-66
-66
-43
-32
-90
-83
-106
-95
-71
-70
-46
-59
-39
-16
-14
-34
-37
-44
-49
-50
-52
-50
-27
-1
14
-5
-49
-29
-16
-70
-47
-49
-104
-67
-61
-56
-23
-60
-68
-66
-95
-70
-64
-78
-76
-55
-81
-38
-33
-82
-79
-119
-86
-101
-38
-56
-84
-64
-71
-66
-95
-80
-67
-37
-57
-59
-52
-35
-38
-42
-19
-37
-17
-59
-30
-25
-1
18
-7
3
-36
10
-22
-62
-59
-82
-59
-123
-96
-114
-112
-141
-121
-89
-104
-70
-74
-69
-75
-50
-69
-53
-57
-76
-64
-54
-81
-78
-72
-82
-53
-72
-82
-86
-89
-128
-99
-108
-95
-73
-49
-76
-135
-115
-85
-70
-95
-74
-84
-64
-82
-91
-90
-114
-110
-121
-110
-78
-87
-70
-96
-98
-80
-75
-67
-41
-63
-56
-46
-50
-43
-55
-38
-73
-74
-59
-37
-69
-54
-62
-44
-27
-61
-43
-26
0
-11
9
21
-1
-11
-26
10
15
24
24
25
-27
-4
18
-45
-37
-18
13
-8
-60
-33
0
-27
-3
-2
34
26
23
12
-49
-25
-21
-14
-3
-17
41
46
11
32
-35
-4
-43
-18
-20
-14
17
-36
-31
-6
-5
-38
-18
16
4
-2
-8
-23
28
3
-23
-29
-53
-24
-73
-77
-46
-72
-23
-22
-48
-54
-20
-40
-43
-32
-31
-53
-40
-49
-48
17
-2
12
45
-1
29
-11
1
36
48
40
58
14
36
27
27
36
-4
4
0
4
-24
-4
-41
-66
-51
-52
-51
-32
-23
-19
-46
-23
-63
-29
5
-8
-20
-39
-65
-38
-48
-63
-65
-70
-66
-54
-34
-101
-62
-50
-2
2
-20
5
-36
-9
-7
-46
-39
-23
-48
-45
-44
-51
-26
-56
-36
-59
-62
-83
-133
-97
-102
-80
-97
-59
-62
-47
-64
-80
-35
-59
-54
-58
-29
-52
-18
-32
-114
-88
-105
-87
-92
-121
-124
-79
-64
-70
-42
-19
-13
-27
-6
-37
-10
-5
-53
-26
-16
-55
-96
-50
-57
-52
-36
-46
-40
-64
-39
-51
-71
-50
-67
-85
-66
-58
-34
-65
-70
-31
-47
-22
-39
-5
-29
-49
-30
-13
-50
-43
-39
-5
6
-4
35
6
7
-13
15
29
43
29
27
28
9
23
-11
11
51
68
22
26
45
-15
0
13
25
44
21
15
22
34
24
-35
-21
-2
-35
-30
-23
-16
-40
5
-33
-22
1
14
16
-5
15
8
2
9
19
29
38
26
49
106
89
67
74
55
86
83
51
46
61
55
62
81
52
33
59
58
65
63
33
56
37
37
44
39
94
75
55
34
52
49
21
60
34
14
16
-2
40
70
23
48
65
46
48
40
15
12
28
17
-30
11
-13
-36
-37
-7
-4
-16
-15
-11
-3
-14
-32
19
45
-17
7
22
-26
-65
-45
-72
-79
-69
-72
-51
-61
-80
-43
-82
-96
-37
-58
-31
-18
-29
-21
-37
-14
-23
-38
-39
-39
-28
9
14
-28
-57
-43
-27
-21
-45
-46
-14
-27
-62
-20
-51
-32
-21
-25
-42
-18
-7
2
-6
-68
-41
-49
-29
-25
-33
-11
-25
-49
-18
-18
-16
-21
3
24
-38
-32
-18
-30
9
36
46
21
31
20
45
32
-3
15
17
6
-34
6
-3
16
-25
-24
-22
-32
-28
-11
23
-32
35
-4
-57
-12
-11
-13
-39
-4
-25
-36
-4
10
-14
-38
-4
-36
-42
-9
15
-22
-43
-22
-31
-31
-26
-5
-5
27
21
16
38
-4
-19
-9
28
-1
-4
7
26
-35
10
11
-47
-24
-63
-48
-75
-77
-80
-70
-63
-78
-59
-89
-75
-33
-62
-26
-65
-25
-21
-34
-49
-81
-42
-35
-68
-76
-21
-42
-12
28
-53
-28
24
-15
-34
-3
-4
-13
-8
-15
-40
-7
-16
-40
-26
-37
-78
-52
-47
-34
-59
-95
-22
-60
-48
-19
-71
-55
-45
-124
-103
-67
-82
-69
-49
-25
-26
-11
-8
-1
42
-23
-26
-2
1
-17
-48
13
18
13
4
4
-15
1
39
37
24
32
8
-3
5
27
27
51
39
14
-14
-17
-7
19
21
30
42
-28
33
4
-17
41
17
32
20
39
23
16
15
40
31
42
64
12
25
31
49
70
74
60
37
22
13
24
27
45
16
0
29
51
-7
17
15
7
-28
-31
3
3
-25
9
2
-47
-35
-38
-41
-55
-41
-55
-34
-44
-20
5
-28
-57
-59
-38
-69
-49
-49
-78
-37
-17
6
48
8
19
19
0
2
-13
31
51
45
36
61
50
10
-16
-30
2
-19
-51
-40
-2
-6
-45
-53
-45
-16
-34
-34
-40
-40
-11
-17
-20
-57
-59
-30
-7
-6
-30
-13
-58
-61
-26
-30
-29
-58
-60
-6
3
-5
-18
17
-14
-33
20
24
16
38
52
37
73
81
58
54
47
33
82
34
-43
3
-45
-30
-28
-72
-60
-47
-69
-58
3
-3
-15
-1
-29
-72
-9
-51
-37
-12
3
-36
-11
-19
-7
-15
-25
35
30
0
-14
38
-32
-6
7
-31
-4
15
43
76
72
75
68
35
1
24
-4
17
21
3
-15
-52
-14
-34
-33
-8
-49
-51
-18
-50
-47
-75
-78
-77
-93
-64
-88
-63
-59
-72
-81
-60
-57
-64
-60
-84
-112
-127
-83
-103
-78
-65
-41
-58
-62
-70
-63
-55
-36
-31
-44
-8
-29
-11
-39
-33
-63
-72
-43
-16
-32
-64
-55
-47
-72
-29
-26
-59
-69
-18
-6
-51
-36
-29
-20
-46
-12
-24
-17
-12
-31
-18
7
39
15
18
0
-44
-29
-26
-38
-3
12
-9
-32
10
22
14
26
14
69
61
38
57
45
45
20
-6
10
5
-58
-48
-42
-13
-36
-32
1
5
0
9
22
52
32
-10
6
28
35
18
13
-1
21
27
-6
5
42
24
-10
18
-38
-28
2
-9
-32
-19
-20
-31
-51
-52
-61
-53
-87
-112
-43
-10
-15
-16
-91
-72
-75
-121
-70
-87
-51
-79
-78
-71
-53
-49
-46
-44
-73
-80
-59
-73
-34
-14
-64
-73
-43
-100
-83
-41
-64
-62
-65
-54
-39
-29
-88
-65
-70
-88
-101
-102
-95
-117
-124
-111
-74
-36
-67
-75
-49
-69
-30
-88
-29
-40
-79
-47
-55
-10
-40
-46
-51
-41
-42
-42
-9
-35
-9
-15
9
40
11
15
1
-16
-17
-15
-30
1
-23
-40
-78
-67
-62
-64
-51
-58
-53
-84
-24
-111
-61
-526
-1494
-2018
-2173
-1764
-1140
-1684
-2526
-3185
-3472
-3030
-2811
-2576
-2457
-2882
-2987
-2768
-2743
-2274
-2093
-1932
-1365
-1007
-995
-1005
-962
-382
261
720
998
854
799
1060
1371
1899
2292
2151
2100
1922
1961
2189
2149
2247
2294
2285
2278
1985
1667
1738
1798
2005
2119
1832
1545
1240
1122
1180
1088
887
483
135
57
-129
-441
-714
-962
-1083
-1137
-1322
-1568
-1795
-1889
-1833
-1803
-1844
-1932
-2151
-2162
-2075
-1952
-1798
-1857
-1853
-1767
-1643
-1557
-1470
-1413
-1240
-1064
-929
-802
-801
-751
-683
-617
-435
-320
-371
-390
-417
-394
-329
-292
-288
-280
-312
-291
-225
-139
-65
16
117
222
333
434
491
650
977
1192
1415
1542
1694
2010
2197
2420
2560
2698
2954
3223
3346
3339
3376
3405
3424
3332
2906
2427
2094
2053
2069
1688
959
326
-93
-278
-564
-929
-1228
-1652
-2051
-2277
-2393
-2459
-2635
-2728
-2640
-2483
-2450
-2562
-2506
-2307
-1933
-1636
-1489
-1415
-1350
-1108
-842
-594
-389
-354
-363
-316
-300
-270
-305
-320
-386
-505
-730
-982
-1153
-1248
-1312
-1384
-1414
-1508
-1684
-1826
-1812
-1651
-1408
-1330
-1252
-1094
-971
-732
-462
-205
44
363
622
854
1162
1389
1683
2015
2351
2597
2777
2987
3143
3362
3663
3711
3726
3886
3930
4019
3952
3837
3858
3754
3375
2725
2104
1971
1913
1639
1037
258
-346
-766
-1098
-1341
-1564
-1893
-2373
-2787
-2885
-2907
-2981
-3066
-3030
-2891
-2799
-2755
-2734
-2528
-2103
-1762
-1510
-1275
-1122
-991
-835
-476
-138
65
120
110
74
52
94
32
-31
-116
-249
-549
-810
-1072
-1316
-1415
-1498
-1596
-1827
-2118
-2326
-2308
-2223
-2109
-2050
-2055
-2035
-1960
-1766
-1569
-1268
-978
-678
-407
-202
19
298
636
967
1297
1558
1687
1769
1946
2201
2384
2591
2783
2718
2605
2729
2908
3014
3104
2990
2921
2937
2903
2905
2898
2969
2950
2735
2637
2421
1922
1523
1423
1400
1333
906
280
-214
-389
-531
-751
-929
-1058
-1383
-1752
-1936
-2028
-1971
-1968
-1988
-1954
-1917
-2038
-2196
-2081
-1757
-1480
-1354
-1425
-1495
-1468
-1412
-1192
-1064
-944
-923
-1042
-1208
-1237
-1208
-1244
-1247
-1289
-1371
-1531
-1702
-1818
-1820
-1781
-1737
-1832
-1950
-2013
-2082
-2020
-1836
-1679
-1564
-1558
-1522
-1341
-1255
-981
-739
-524
-210
-36
52
219
494
785
1116
1348
1523
1637
1623
1784
1990
2296
2503
2534
2536
2667
2852
3148
3422
3521
3658
3806
3836
4066
4343
4385
4345
3902
3385
3374
3631
3629
3068
2258
1919
1700
1400
1126
625
280
-42
-659
-925
-1001
-1331
-1508
-1753
-1781
-1766
-2082
-2179
-2098
-1865
-1573
-1567
-1590
-1385
-1251
-1022
-673
-420
-171
-39
32
293
456
511
600
622
780
736
514
376
211
109
45
-215
-549
-797
-1205
-1486
-1730
-2012
-2209
-2568
-2965
-3117
-3245
-3408
-3502
-3607
-3566
-3583
-3552
-3465
-3418
-3176
-3009
-2850
-2585
-2406
-2244
-2031
-1819
-1536
-1324
-1179
-1044
-891
-717
-517
-389
-240
-41
81
183
340
446
563
701
814
979
1142
1215
1311
1569
1807
2152
1899
1836
2592
3146
3644
4024
3476
3374
3975
4629
5541
6024
5572
5384
5306
5489
5216
4502
4817
5112
4536
3834
2643
1871
1909
1657
1041
662
-19
-955
-1867
-2170
-1887
-2156
-2505
-2883
-3303
-3254
-3311
-3566
-3170
-2556
-2261
-2149
-2122
-1974
-1526
-1066
-427
227
545
719
639
799
1348
1754
1979
2030
1933
1779
1522
1258
1261
1245
1025
615
74
-404
-887
-1368
-1625
-1784
-2035
-2561
-3197
-3625
-3882
-4006
-4008
-4017
-4125
-4211
-4368
-4371
-4112
-3877
-3641
-3455
-3260
-3087
-2981
-2863
-2554
-2248
-1865
-1707
-1716
-1660
-1630
-1497
-1273
-1074
-1026
-1002
-1052
-972
-841
-637
-458
-319
-332
-415
-335
-94
220
557
612
695
992
1350
1993
2572
3041
3575
4048
4557
5168
5757
6366
6897
7697
8427
9185
9803
10229
10257
9888
8869
7690
7043
7074
7282
6370
4333
2424
1179
497
-87
-1078
-2040
-2950
-4201
-5391
-6091
-6387
-6420
-6536
-6626
-6411
-6375
-6520
-6419
-5629
-4286
-3166
-2620
-2216
-1651
-756
296
1361
2433
3263
3612
3866
4241
4734
5190
5393
5570
5604
5304
4664
4045
3561
3317
3077
2465
1698
767
-206
-1028
-1534
-1786
-2130
-2781
-3456
-4079
-4441
-4615
-4611
-4764
-6431
-7307
-6276
-5373
-4748
-5068
-6528
-6540
-5159
-4268
-4138
-4093
-3757
-3809
-3833
-2828
-2548
-2898
-2546
-2390
-2262
-1643
-1969
-2939
-2829
-1814
-1457
-1842
-2207
-2553
-2753
-2083
-1403
-1544
-1541
-1771
-2191
-1712
-971
-660
-549
-334
4
322
781
1394
1969
2749
3668
4123
4562
5526
6114
6746
7649
8231
9012
9771
10140
10659
10687
10334
9855
8896
8387
8161
7333
6466
5176
3405
2230
1163
314
-528
-1978
-3186
-4133
-5023
-5575
-6310
-6842
-6790
-6854
-6967
-6852
-6788
-6358
-5696
-4911
-3897
-3074
-2552
-1854
-1046
145
1340
2090
2822
3456
3943
4438
4910
5259
5680
5702
5620
5442
5025
4681
4144
3670
3377
2726
1937
1111
158
-551
-1115
-1706
-2172
-2784
-3550
-4102
-4516
-4644
-4666
-4834
-4932
-6327
-7745
-6949
-5706
-4800
-4630
-6065
-6875
-5962
-4732
-4065
-3797
-3441
-3483
-3978
-3250
-2602
-2807
-2373
-2062
-2159
-1789
-2028
-2950
-3069
-2163
-1409
-1617
-2040
-2403
-2900
-2480
-1593
-1401
-1327
-1429
-2011
-1939
-1107
-603
-432
-105
245
593
997
1412
1842
2716
3791
4635
5022
5771
6301
6707
7904
8821
9410
9996
10212
10786
11423
11072
10133
9141
8946
9211
8312
6592
5183
3917
3137
2109
709
-400
-1423
-2804
-3954
-4802
-5252
-5905
-6894
-7146
-6908
-6845
-6974
-7125
-6832
-5765
-4997
-4347
-3682
-2926
-2089
-1251
-220
988
1963
2443
3032
3680
4436
4982
5173
5459
5783
5696
5586
5220
4907
4565
4043
3495
2952
2313
1465
482
-248
-732
-1271
-2051
-2778
-3406
-3850
-4244
-4645
-4850
-4946
-4995
-5019
-6370
-7634
-6770
-5610
-4686
-4414
-5793
-6670
-5822
-4545
-3754
-3419
-3189
-3388
-3880
-3157
-2449
-2661
-2258
-2015
-2249
-1913
-2076
-2956
-3136
-2343
-1621
-1800
-2186
-2665
-3219
-2856
-1912
-1653
-1540
-1615
-2294
-2279
-1511
-835
-564
-186
104
185
400
925
1558
2373
3467
3981
4347
5116
5315
5959
7160
8254
8949
8801
8950
9791
10704
11256
11125
10272
9655
9132
8723
8679
8023
6211
4307
3127
2977
2367
720
-1286
-2523
-2975
-3497
-4578
-5628
-6195
-6620
-6723
-6711
-6646
-6663
-6815
-6500
-5414
-4315
-3686
-3551
-3026
-1799
-474
421
1106
1790
2486
3269
3852
4540
5007
5186
5292
5447
5622
5555
5042
4461
4208
3927
3421
2636
1685
989
256
-370
-953
-1582
-2359
-3154
-3721
-4066
-4331
-4723
-5061
-5142
-5158
-5015
-5590
-7237
-7412
-6061
-4992
-4377
-5048
-6426
-6253
-5061
-4035
-3555
-3380
-3321
-3794
-3790
-2755
-2647
-2783
-2389
-2416
-2387
-2191
-2858
-3496
-3060
-2161
-1908
-2310
-2682
-3230
-3298
-2401
-1665
-1581
-1646
-2162
-2513
-1828
-914
-475
-312
-106
98
340
852
1642
2198
3003
3799
4284
5165
5813
5901
6378
7190
8383
9458
9549
9743
10032
10384
11258
11036
9920
9327
8910
8960
8617
6684
4903
3844
3355
3072
1579
-417
-1648
-2668
-3354
-3799
-4708
-5434
-6077
-6738
-6647
-6411
-6394
-6382
-6317
-5502
-4484
-4096
-3746
-3143
-2179
-794
170
783
1537
2025
2734
3602
4288
4967
5107
4997
5247
5400
5388
5213
4671
4398
4065
3395
2731
1948
1088
547
-26
-581
-1211
-2225
-2990
-3465
-3840
-4016
-4407
-4935
-5072
-5170
-5196
-4997
-5600
-7218
-7415
-5980
-4853
-4289
-4937
-6421
-6327
-4826
-3782
-3562
-3390
-3323
-3795
-3745
-2726
-2582
-2911
-2547
-2490
-2515
-2252
-2801
-3609
-3155
-2115
-1875
-2283
-2685
-3094
-3137
-2228
-1526
-1557
-1634
-1944
-2142
-1462
-571
-316
-303
35
372
869
1548
1813
2208
3157
4208
4798
5614
5961
5933
6740
7602
8561
9311
9470
9404
9650
10211
11158
11436
10420
9083
8101
8120
8818
8024
5634
3730
2655
2440
2210
612
-1157
-2346
-3211
-3636
-4300
-5165
-5756
-6440
-6606
-6069
-5993
-6277
-6604
-6262
-4972
-3825
-3348
-3172
-2793
-1753
-442
469
1359
1921
2322
2927
3613
4339
4832
4821
4881
5119
5190
4983
4481
3954
3771
3449
2884
2193
1235
529
-138
-738
-1130
-1781
-2582
-3226
-3825
-4139
-4396
-4769
-4924
-4991
-5077
-6589
-8168
-7392
-6016
-5118
-4798
-6186
-7231
-6374
-5192
-4448
-3855
-3428
-3586
-4337
-3771
-2788
-2900
-2573
-2159
-2359
-2120
-2210
-3128
-3213
-2299
-1548
-1746
-2143
-2516
-3046
-2857
-1870
-1405
-1296
-1441
-2148
-2336
-1738
-1046
-651
-264
18
161
176
489
1106
1988
3166
3718
3840
4295
5088
5786
6440
7333
8147
8290
8255
8864
9528
10334
10956
10517
10278
10246
9132
8214
7992
8134
8185
6452
3950
2502
1653
1521
1057
-506
-1689
-2986
-4526
-4919
-5122
-5447
-5756
-6424
-6535
-6349
-6532
-6517
-6100
-5176
-3828
-3414
-3293
-2820
-2244
-1107
199
1160
2019
2354
2377
2924
3687
4485
4978
4902
4928
4850
4379
4059
3756
3499
3411
2797
2005
1206
242
-390
-869
-1298
-1600
-2353
-3302
-3939
-4467
-4602
-4629
-4821
-4847
-5157
-5787
-7151
-8149
-7007
-5499
-4871
-4858
-6218
-7112
-6155
-4900
-3944
-3307
-3184
-3629
-4199
-3648
-2780
-2796
-2482
-2067
-2286
-2349
-2600
-3350
-3178
-2178
-1505
-1657
-2265
-2774
-3107
-2653
-1554
-1028
-1102
-1470
-2173
-2088
-1201
-487
-90
105
253
568
973
1395
1991
2763
3711
4509
4881
5216
5593
6172
7342
7992
8412
8780
8443
8870
9818
10546
10957
10752
10448
9723
8516
7528
7342
8049
8293
6212
3274
1458
895
1205
868
-417
-1680
-3437
-4807
-5371
-5436
-5171
-5362
-6072
-6139
-6093
-6332
-6293
-5854
-4604
-3101
-2627
-2715
-2556
-1957
-637
717
1950
2798
2831
2685
3010
3712
4595
5176
5118
5076
4782
4224
3718
3325
3353
3272
2666
1922
937
-72
-758
-1205
-1370
-1374
-2147
-3156
-3952
-4367
-4461
-4308
-4877
-6774
-7321
-6450
-5793
-5305
-5781
-7000
-6904
-5687
-4799
-4625
-4566
-4243
-4425
-4096
-2855
-2796
-3164
-2745
-2510
-2349
-1841
-2092
-2746
-2661
-1786
-1509
-1865
-2127
-2483
-2641
-2019
-1449
-1545
-1570
-1845
-2134
-1897
-1457
-1207
-1121
-805
-496
-370
-219
209
691
1636
2509
2888
3250
3608
4172
5014
6014
6939
7390
7574
7785
8227
8981
9579
9738
9884
10496
10934
11197
10385
8343
7262
7569
8576
8987
6986
3650
1319
772
1625
1969
500
-1518
-3484
-4776
-4667
-4585
-4916
-5397
-5927
-5932
-5785
-6124
-6342
-5968
-4722
-3209
-2441
-2599
-2833
-2558
-1179
623
2034
2632
2347
2149
2686
3609
4521
5081
5064
4940
4719
4285
3933
3575
3388
3366
2976
2344
1327
94
-759
-967
-1012
-1110
-1819
-3079
-3945
-4465
-4401
-4223
-4242
-5695
-7565
-7234
-6110
-5463
-5174
-6333
-7216
-6220
-5019
-4566
-4631
-4298
-3802
-3947
-3254
-2356
-2912
-3014
-2418
-2142
-1663
-1505
-2345
-2861
-2220
-1317
-1379
-1891
-2091
-2448
-2378
-1623
-1390
-1629
-1570
-1879
-1935
-1487
-1211
-1186
-1051
-446
18
164
134
271
883
2115
3083
3498
3510
3595
4390
5518
6560
7416
7476
7297
7894
8381
9043
9933
10017
10192
10481
10368
10621
9704
8149
7755
7653
8086
7996
5636
3237
1739
897
1287
1071
-241
-1751
-3804
-4981
-4836
-4840
-4944
-5497
-6158
-6053
-6043
-6288
-5992
-5487
-4426
-3299
-2953
-2683
-2546
-2138
-754
755
1931
2552
2250
2248
2861
3681
4591
4984
4852
4697
4334
3922
3746
3498
3370
3091
2440
1792
805
-245
-761
-1133
-1251
-1537
-2488
-3363
-4128
-4583
-4568
-4443
-5010
-6680
-7483
-6710
-5919
-5469
-5799
-6941
-6917
-5674
-4928
-4753
-4568
-4183
-4094
-3895
-2909
-2734
-3145
-2865
-2475
-2166
-1713
-2013
-2775
-2731
-1947
-1564
-1841
-2160
-2443
-2631
-2253
-1713
-1705
-1727
-1914
-2172
-1992
-1562
-1482
-1477
-1084
-502
-170
-131
112
341
1087
2117
2795
3268
3521
3801
4424
5346
6125
6852
7125
7475
7890
8304
8677
9059
9273
9851
10557
10557
10173
8972
7465
7383
7787
7887
7134
5042
3347
1903
706
559
495
-163
-1429
-3745
-5220
-5104
-4898
-5078
-5641
-6058
-5800
-6159
-6689
-6290
-5440
-4212
-3444
-3266
-2862
-2514
-2307
-1227
318
1747
2391
1963
1879
2517
3237
4087
4526
4625
4615
3977
3381
3262
3084
2991
2704
2110
1575
521
-647
-1205
-1419
-1471
-1710
-2654
-3567
-4437
-5349
-6120
-6316
-5860
-5697
-6126
-6775
-7466
-7490
-6776
-6087
-5415
-5051
-5137
-5390
-5309
-4458
-3548
-3064
-2778
-2780
-2987
-2924
-2806
-2592
-2014
-1653
-1751
-2088
-2405
-2614
-2522
-2189
-1783
-1659
-1979
-2367
-2617
-2368
-1957
-1649
-1658
-1735
-1745
-1672
-1301
-833
-416
-78
371
886
1508
2016
2347
2937
3673
4678
5410
5806
6118
6480
6698
7390
8245
8751
8829
8904
9128
9433
10163
10316
10018
8976
7578
6792
6898
7281
6773
4791
2818
1505
707
151
-328
-1081
-2062
-3527
-4762
-5227
-5283
-5539
-5830
-5851
-5619
-5691
-6125
-6100
-5314
-4064
-3115
-2654
-2414
-2070
-1589
-657
639
1803
2404
2451
2550
2958
3582
4089
4472
4558
4525
4221
3646
3240
2970
2743
2495
2023
1438
528
-413
-1182
-1536
-1671
-1986
-2694
-3934
-5228
-5969
-6040
-5778
-5678
-6035
-6689
-7020
-7023
-6664
-6200
-5601
-5059
-4953
-4838
-4652
-4341
-3786
-3083
-2513
-2234
-2316
-2499
-2494
-2241
-1714
-1344
-1387
-1669
-1998
-2231
-2123
-1946
-1835
-1826
-1962
-2128
-2280
-2289
-2119
-1880
-1709
-1656
-1710
-1631
-1409
-1039
-494
37
377
754
1261
1779
2312
2870
3481
4326
5275
5699
5790
6226
6807
7383
8102
8506
8626
8920
9266
9717
10164
10436
10130
8560
7533
7691
7744
7568
6333
4279
3154
2414
1507
467
-434
-831
-1666
-3343
-4318
-4763
-5051
-5096
-5603
-5599
-5183
-5589
-5989
-5679
-4778
-3605
-3045
-2872
-2191
-1577
-935
-56
919
2077
2686
2759
3109
3624
4118
4520
4682
4958
5045
4536
4072
3750
3482
3305
2812
2236
1704
761
-70
-699
-1092
-1322
-1917
-2982
-4211
-5122
-5237
-5197
-5520
-5704
-6196
-6775
-6694
-6455
-6288
-5867
-5361
-5084
-4933
-4559
-4204
-4046
-3505
-2715
-2472
-2383
-2306
-2504
-2328
-1855
-1528
-1464
-1662
-1844
-2088
-2166
-1881
-1829
-1964
-2021
-2154
-2327
-2252
-2178
-2034
-1846
-1773
-1893
-2000
-1847
-1364
-720
-206
99
185
482
1255
2117
2847
3203
3659
4365
5080
5814
6379
6754
7164
7608
7938
8447
9033
9396
9617
9672
9838
10314
10296
9016
7674
6976
7075
7312
6323
4528
2777
1342
769
342
-326
-938
-2443
-4125
-4694
-4776
-4991
-5432
-5991
-5936
-5635
-5721
-5862
-5769
-5085
-3999
-3297
-2618
-2086
-1907
-1313
-307
964
2143
2531
2510
2780
3282
3945
4371
4529
4604
4482
4104
3746
3339
3045
2732
2119
1668
1084
213
-684
-1408
-1847
-2050
-2696
-4078
-5305
-5761
-5759
-5877
-6263
-6874
-7274
-7163
-6894
-6891
-6675
-6149
-5836
-5551
-5033
-4658
-4586
-4263
-3675
-3106
-2661
-2573
-2784
-2819
-2369
-1995
-1959
-1969
-2113
-2398
-2534
-2410
-2336
-2382
-2581
-2719
-2714
-2669
-2631
-2664
-2599
-2373
-2322
-2383
-2321
-1987
-1461
-862
-548
-320
97
548
1305
2225
2929
3337
3596
4185
5055
5855
6444
6552
6872
7550
8013
8400
8761
9075
9459
9835
9909
9912
9044
7637
6893
6956
7268
6729
4821
2877
1601
815
388
-154
-866
-1890
-3608
-4849
-5104
-4984
-5134
-5610
-5885
-5717
-5711
-6017
-5843
-5145
-4002
-3197
-2824
-2375
-1906
-1429
-547
667
1925
2635
2531
2630
3066
3726
4345
4565
4650
4625
4210
3645
3240
3057
2871
2433
1736
1131
358
-548
-1232
-1745
-1957
-2381
-3986
-5363
-5647
-5630
-5742
-6213
-7034
-7374
-7150
-6952
-6979
-6958
-6462
-6060
-5928
-5279
-4779
-4822
-4644
-4046
-3384
-2840
-2732
-2987
-3037
-2643
-2171
-2187
-2214
-2274
-2488
-2551
-2409
-2389
-2481
-2606
-2738
-2684
-2630
-2637
-2761
-2710
-2433
-2309
-2377
-2333
-2148
-1715
-1146
-608
-156
44
352
1027
1928
2891
3552
3632
4122
5034
5495
6020
6593
7112
7547
7796
8221
8655
9081
9460
9494
9884
10340
9160
7381
6688
6816
7239
6453
4556
2714
1350
625
29
-621
-1134
-2413
-4154
-5024
-5116
-5294
-5719
-6202
-6200
-5865
-5911
-6149
-6037
-5391
-4423
-3607
-2953
-2398
-2120
-1700
-814
447
1703
2219
2223
2575
3031
3522
3941
4177
4332
4301
3849
3434
3110
2743
2342
1763
1331
851
17
-996
-1732
-2151
-2306
-2792
-3979
-5405
-6181
-6142
-5990
-6149
-6788
-7451
-7645
-7154
-6755
-6630
-6335
-5990
-5712
-5196
-4708
-4458
-4245
-3839
-3260
-2733
-2434
-2511
-2728
-2566
-2065
-1763
-1791
-1959
-2249
-2446
-2301
-2169
-2101
-2289
-2430
-2423
-2347
-2218
-2199
-2222
-2100
-1922
-1840
-1740
-1478
-1078
-539
-23
349
659
1029
1629
2523
3379
3893
4248
4685
5419
6109
6522
6997
7506
8104
8684
8846
9091
9452
9777
10126
10572
9931
8434
7304
7006
7505
7330
5945
3968
2044
964
754
364
-181
-1344
-3295
-4475
-4716
-4743
-4895
-5658
-5887
-5669
-5570
-5685
-5746
-5392
-4471
-3523
-2753
-2037
-1872
-1696
-942
324
1743
2552
2621
2720
2966
3568
4253
4610
4703
4572
4145
3866
3678
3194
2837
2358
1908
1484
681
-375
-1245
-1786
-1995
-2322
-3085
-4717
-6117
-6275
-5879
-5723
-6204
-7126
-7735
-7454
-6791
-6506
-6422
-6012
-5696
-5517
-4923
-4334
-4325
-4164
-3602
-2953
-2466
-2465
-2763
-2882
-2411
-1790
-1719
-2010
-2393
-2657
-2685
-2471
-2271
-2357
-2718
-2978
-2896
-2732
-2588
-2583
-2598
-2454
-2301
-2200
-1992
-1742
-1252
-647
-113
275
577
958
1705
2419
3294
4030
4301
4785
5225
5784
6267
6813
7355
7673
8017
8536
8871
9125
9515
9773
9489
8362
7118
6707
6790
6803
5682
3919
2419
1158
185
-406
-936
-1620
-2912
-4488
-5242
-5365
-5522
-5986
-6306
-6229
-5997
-6236
-6311
-5922
-5168
-4323
-3695
-3078
-2406
-2034
-1655
-661
557
1622
2071
2096
2363
2908
3406
3836
4094
4108
3924
3449
3028
2831
2511
2035
1479
1070
499
-398
-1285
-1942
-2257
-2474
-2890
-3568
-4254
-4815
-5187
-5314
-5786
-6935
-7530
-7069
-6347
-5908
-6232
-7050
-7082
-6069
-4982
-4561
-4388
-4217
-4333
-4183
-3280
-2670
-2730
-2759
-2741
-2700
-2420
-2473
-2781
-2758
-2390
-2173
-2468
-2719
-2900
-2962
-2675
-2119
-1842
-1887
-2170
-2382
-2239
-1790
-1211
-898
-646
-300
-30
214
640
1276
2116
2945
3546
4001
4363
4846
5565
6298
6842
7546
8174
8190
8510
8841
9270
10158
10674
10619
10511
9635
8467
7814
7578
7898
7487
5569
3856
2322
1140
713
112
-390
-1067
-2882
-4543
-5126
-5179
-4841
-5130
-5667
-5627
-5883
-6222
-5941
-5301
-4088
-3367
-3145
-2607
-2221
-1783
-953
67
1372
2313
2267
2365
2600
3021
3764
4145
4369
4394
3731
3120
2752
2521
2416
2016
1326
786
-42
-917
-1608
-2156
-2306
-2664
-3318
-4304
-5763
-6888
-6659
-6283
-5960
-6282
-7350
-7927
-7721
-7009
-6335
-5968
-5527
-5278
-5445
-5150
-4514
-4140
-3586
-3102
-2808
-2651
-2921
-3156
-3092
-2639
-2044
-2043
-2514
-2925
-3227
-3113
-2826
-2594
-2486
-2718
-3041
-3009
-2830
-2471
-2139
-2122
-1983
-1897
-1742
-1490
-1023
-347
367
800
1121
1704
2361
3063
3740
4295
4893
5631
6169
6467
6870
7536
7902
8369
8828
9115
9313
9712
9968
10381
10443
9134
7673
7187
7331
7188
5800
4019
2786
1891
1104
119
-870
-1346
-2097
-3611
-4253
-4492
-4799
-5116
-5314
-5176
-4710
-4963
-5147
-4790
-3874
-2849
-2410
-1891
-1165
-728
-284
558
1513
2594
2970
3039
3391
3749
4080
4295
4391
4561
4403
3840
3422
3118
2734
2311
1694
1256
768
-168
-966
-1638
-2024
-2227
-2627
-3527
-4904
-5916
-5860
-5549
-5412
-5782
-6610
-6928
-6610
-6036
-5753
-5620
-5142
-4820
-4663
-4252
-3956
-3747
-3452
-2995
-2593
-2392
-2555
-2815
-2863
-2544
-2088
-2017
-2342
-2698
-2978
-3050
-2797
-2592
-2562
-2746
-2911
-2863
-2664
-2405
-2223
-2172
-2112
-1870
-1683
-1405
-1045
-584
-1
621
1231
1637
2095
2650
3498
4249
4809
5377
5816
6264
6868
7495
7786
7998
8449
9052
9445
9878
9937
10015
10050
9096
7843
7281
7422
7486
6258
4396
3012
1989
1296
466
-510
-929
-1708
-3246
-4352
-4768
-4733
-4814
-5175
-5189
-5034
-5220
-5306
-4992
-3986
-2954
-2407
-2071
-1536
-887
-294
518
1608
2681
3129
3214
3488
3872
4385
4777
4895
5055
4890
4285
3780
3419
3234
2947
2364
1749
1138
334
-530
-1201
-1504
-1615
-2137
-3319
-4644
-5397
-5464
-5327
-5221
-5350
-5987
-6452
-6321
-5950
-5487
-4985
-4623
-4461
-4228
-3761
-3624
-3447
-2858
-2306
-2061
-1970
-2050
-2230
-2207
-1899
-1487
-1375
-1601
-1956
-2303
-2290
-1964
-1781
-1786
-1888
-2072
-2168
-2035
-1702
-1417
-1302
-1316
-1358
-1205
-787
-309
175
720
1246
1709
2128
2603
3342
4133
4713
5284
5961
6444
6898
7263
7541
8118
8801
9265
9518
9614
9954
10467
10880
10872
9542
7791
7220
7618
7870
6964
4912
3133
2054
1311
627
-57
-724
-1680
-3308
-4402
-4466
-4474
-4767
-5251
-5242
-4850
-4765
-5010
-4949
-4052
-2875
-2100
-1675
-1144
-667
-243
557
1789
3000
3561
3425
3522
4049
4618
5034
5086
5163
5024
4446
3896
3645
3384
3018
2386
1814
1328
509
-468
-1247
-1559
-1543
-2401
-4044
-4884
-5050
-5145
-5261
-5770
-6170
-6146
-6007
-5840
-5803
-5453
-4969
-4752
-4292
-3489
-3321
-3346
-3173
-2622
-1870
-1618
-1674
-1759
-1733
-1477
-1346
-1235
-1235
-1486
-1745
-1787
-1719
-1622
-1715
-1914
-1814
-1670
-1618
-1585
-1436
-1242
-1023
-979
-802
-503
-83
492
938
1380
1933
2230
2715
3446
4265
5216
5720
6014
6430
6850
7584
8356
8739
9197
9345
9321
9838
10552
11048
11229
11237
10745
9327
8183
7964
8095
7877
6620
4493
2759
1998
1358
547
-153
-801
-2047
-3535
-4345
-4466
-4417
-4621
-4917
-4914
-4666
-4707
-4864
-4384
-3264
-2248
-1610
-1112
-633
-156
437
1338
2551
3580
3956
3836
3938
4488
4977
5291
5381
5283
5027
4413
3871
3569
3204
2781
2192
1565
932
41
-912
-1537
-1791
-1955
-2973
-4463
-5406
-5525
-5420
-5368
-5557
-5984
-6246
-6143
-5890
-5515
-4938
-4392
-4257
-4039
-3484
-3085
-3001
-2644
-2021
-1611
-1483
-1557
-1728
-1706
-1364
-1165
-1090
-1161
-1409
-1839
-1892
-1703
-1551
-1567
-1687
-1763
-1717
-1533
-1338
-1056
-883
-799
-779
-608
-227
314
721
1086
1719
2327
2740
3280
3918
4696
5485
6075
6740
7275
7751
8163
8550
8975
9567
9976
10251
10558
11120
11579
11843
11373
9682
8469
8125
8357
8305
6864
4744
3010
1811
1296
832
127
-767
-2264
-3730
-4080
-4208
-4354
-4665
-4980
-4772
-4536
-4665
-4663
-4244
-3259
-2092
-1425
-831
-367
-41
625
1776
3023
3981
4085
4041
4297
4694
5258
5547
5555
5507
5114
4496
4039
3625
3270
2856
2144
1483
771
-207
-976
-1629
-1907
-2186
-3551
-4862
-5356
-5532
-5533
-5687
-6196
-6421
-6420
-6194
-5992
-5850
-5355
-4936
-4750
-4124
-3519
-3363
-3322
-3061
-2415
-1970
-1928
-1961
-2047
-2025
-1752
-1649
-1647
-1793
-2100
-2295
-2278
-2142
-2013
-2241
-2469
-2435
-2275
-1981
-1829
-1750
-1524
-1443
-1367
-935
-610
-167
428
872
1390
1902
2386
2970
3527
4364
5314
5923
6381
6649
6989
7709
8355
8952
9433
9439
9571
9907
10437
11083
11398
11068
9635
8113
7755
7862
7688
6769
4859
3044
1895
1291
664
-134
-1109
-2218
-3477
-4269
-4522
-4675
-4944
-5214
-5184
-4816
-4565
-4579
-4475
-3813
-2632
-1682
-1075
-618
-120
514
1387
2437
3487
4074
4133
4184
4546
5073
5382
5368
5187
5005
4572
3996
3506
3045
2502
1869
1303
587
-190
-1100
-1807
-2265
-2517
-2763
-3428
-4054
-4497
-4711
-5587
-6755
-6719
-5755
-5027
-4850
-5455
-6283
-6265
-5264
-4050
-3351
-3127
-3273
-4044
-3970
-2901
-2256
-2228
-2387
-2490
-2636
-2802
-2869
-2899
-2865
-2535
-2459
-2775
-3088
-3496
-3620
-3157
-2345
-1876
-2049
-2502
-2597
-2269
-1752
-1199
-814
-704
-556
-320
71
696
1228
1822
2469
3202
3761
4122
4405
4918
5835
6626
7153
7453
7471
7585
8021
8663
9354
9810
9917
10083
9412
7931
6923
6666
6953
6964
5571
3360
1438
258
-193
-474
-828
-1624
-3482
-5272
-5785
-5589
-5327
-5529
-5923
-5922
-5838
-5900
-5622
-5041
-4049
-3104
-2465
-1773
-1272
-942
-388
745
2157
3214
3375
3180
3214
3549
4213
4720
4912
4653
3978
3274
2885
2649
2358
1760
1134
595
-169
-1143
-1944
-2502
-2756
-2900
-3252
-3946
-5220
-6676
-6831
-5962
-5335
-5274
-6076
-6944
-6978
-6213
-5309
-4879
-4504
-4264
-4463
-4416
-3709
-3212
-3062
-2805
-2585
-2427
-2645
-2978
-3138
-2970
-2487
-2274
-2731
-3202
-3568
-3735
-3416
-3028
-2868
-3045
-3408
-3454
-3128
-2708
-2219
-1912
-1857
-1853
-1718
-1492
-899
-188
478
1000
1445
1830
2100
2568
3416
4472
5261
5723
5918
6089
6260
6768
7445
8122
8831
8915
8596
8653
9133
9992
10096
8627
6846
5942
6121
6659
5831
3780
1704
244
-162
-320
-803
-1835
-3492
-4867
-5139
-5003
-5032
-5632
-6302
-6061
-5428
-5097
-4993
-4971
-4429
-3433
-2483
-1447
-842
-660
-306
586
1990
3178
3453
3356
3463
3876
4536
4786
4786
4610
4167
3759
3498
3149
2636
1919
1137
767
345
-426
-1377
-2249
-2548
-2653
-3019
-3440
-4744
-6176
-6141
-5597
-5135
-5040
-5864
-6555
-6407
-5646
-4865
-4635
-4324
-3963
-4210
-3803
-3033
-2987
-2899
-2648
-2323
-2056
-2201
-2485
-2812
-2801
-2224
-2064
-2364
-2763
-3177
-3317
-3005
-2609
-2454
-2619
-2927
-2852
-2537
-2099
-1671
-1453
-1389
-1224
-1011
-649
-243
329
899
1491
2090
2545
2797
3252
3994
4840
5730
6230
6355
6442
6781
7452
8017
8554
9082
9027
8989
9329
9681
10231
9689
7920
6806
6547
6761
6584
5036
3141
1573
444
-75
-460
-1009
-1751
-3496
-4903
-4990
-4875
-4939
-5400
-5771
-5326
-4945
-4900
-4745
-4379
-3433
-2449
-1715
-905
-336
-150
408
1394
2718
3705
3750
3656
3838
4287
4852
5056
4973
4801
4287
3691
3324
2972
2570
1945
1218
761
106
-781
-1544
-2125
-2418
-2529
-3271
-4704
-5563
-5766
-5383
-5053
-5174
-5794
-6380
-6269
-5493
-4849
-4442
-4183
-4267
-4065
-3366
-2839
-2574
-2530
-2323
-1976
-1757
-1745
-1936
-2200
-2134
-1813
-1694
-1853
-2337
-2704
-2848
-2625
-2237
-2231
-2562
-2775
-2737
-2360
-1919
-1628
-1490
-1538
-1487
-1131
-620
-40
546
915
1348
1948
2650
3258
3653
4247
5034
5719
6274
6766
7063
7406
7961
8447
8670
9055
9391
9584
9971
10309
10372
9714
8257
7149
6845
7034
6885
5468
3490
1766
510
-81
-333
-817
-1578
-3104
-4661
-5219
-5066
-4829
-4975
-5200
-5185
-5052
-5029
-4767
-4164
-3217
-2280
-1562
-968
-457
-125
445
1497
2686
3601
3764
3740
3696
3935
4455
4819
4961
4747
4063
3292
2823
2611
2287
1806
1096
373
-424
-1338
-1990
-2466
-2755
-2907
-3653
-5275
-6463
-6485
-5909
-5532
-5668
-6274
-6921
-6781
-5996
-5381
-4887
-4458
-4417
-4468
-3927
-3235
-3102
-3094
-2694
-2343
-2171
-2299
-2538
-2817
-2713
-2336
-2217
-2431
-2926
-3431
-3614
-3319
-2879
-2746
-3071
-3404
-3417
-3080
-2598
-2154
-2019
-2036
-1943
-1712
-1290
-632
-89
451
1044
1561
1896
2325
3083
3918
4699
5374
5972
6373
6664
7123
7435
7778
8412
8955
9213
9371
9487
9470
9101
8104
7115
6662
6618
6431
4962
2927
1505
463
-108
-613
-1464
-2311
-3414
-4886
-5589
-5600
-5355
-5448
-5968
-6028
-5762
-5676
-5296
-4762
-3981
-2916
-2319
-1914
-1352
-694
60
929
1894
2804
3125
3140
3277
3575
4127
4481
4484
4286
3798
3119
2619
2285
2025
1616
879
132
-623
-1463
-2163
-2673
-2939
-3094
-3592
-4160
-4595
-5040
-5225
-5218
-5487
-6415
-6849
-6221
-5595
-5157
-5027
-5424
-5591
-4826
-3873
-3397
-3255
-3031
-3123
-3333
-2673
-2167
-2416
-2667
-2668
-2691
-2703
-2716
-3010
-3250
-3128
-2866
-2863
-2994
-3028
-3104
-2941
-2298
-1711
-1576
-1783
-1956
-1750
-1263
-575
70
435
697
1023
1415
1929
2526
3212
4076
4824
5412
5707
5644
6184
6963
7640
8321
8514
8646
8762
8982
9499
10281
10492
9078
7011
6233
6649
6913
6152
4218
2079
874
126
-509
-1035
-1726
-2968
-4535
-5296
-5160
-5166
-5713
-6115
-6098
-5509
-5088
-5175
-5035
-4343
-3403
-2388
-1539
-868
-410
-158
555
1812
2984
3482
3434
3379
3725
4141
4385
4483
4261
3967
3474
2934
2600
2069
1315
670
210
-235
-956
-2009
-2813
-3243
-3468
-3737
-5026
-6215
-6435
-6182
-5793
-5845
-6546
-6931
-6886
-6204
-5358
-5038
-4794
-4671
-4622
-3946
-3225
-2917
-2809
-2828
-2536
-2220
-2179
-2300
-2546
-2675
-2427
-2283
-2395
-2771
-3284
-3452
-3327
-2999
-2798
-3057
-3409
-3363
-3058
-2496
-2042
-2007
-2066
-2128
-1841
-1200
-571
-21
429
802
1318
1843
2404
3035
3723
4490
5108
5652
6107
6224
6356
6884
7778
8576
8812
8656
8459
8632
9410
10052
9229
7354
5918
5675
6101
5751
4078
1798
309
-63
-312
-1172
-2172
-3297
-4550
-5173
-5214
-5064
-5333
-6005
-6328
-5794
-4975
-4585
-4531
-4291
-3428
-2368
-1475
-744
-280
133
744
1672
2742
3430
3524
3376
3541
4045
4500
4434
4104
3682
3253
2887
2502
2053
1369
490
-154
-638
-1170
-1845
-2732
-3306
-3558
-3748
-4973
-6266
-6484
-6123
-5629
-5630
-6379
-6901
-6790
-6141
-5393
-4895
-4581
-4540
-4742
-4148
-3224
-2807
-2729
-2847
-2694
-2319
-2247
-2409
-2574
-2697
-2503
-2470
-2573
-2852
-3371
-3635
-3473
-3019
-2810
-3046
-3435
-3481
-3150
-2531
-2093
-1979
-2017
-2049
-1826
-1271
-631
-70
282
697
1330
1830
2198
2692
3459
4310
5086
5449
5645
5871
6222
6846
7497
7978
8353
8329
8320
8591
9153
9343
8383
6840
5947
5928
5949
4996
2964
1194
380
71
-449
-1656
-2904
-3861
-4677
-5018
-5101
-5286
-5740
-6274
-6261
-5542
-4898
-4692
-4621
-4220
-3185
-2146
-1415
-853
-359
286
1124
2015
2794
3245
3311
3493
3916
4330
4475
4277
3926
3641
3316
3007
2578
1902
1182
425
-181
-627
-1254
-1991
-2711
-3179
-3403
-3620
-4497
-5731
-6296
-6017
-5468
-5156
-5466
-6264
-6583
-6013
-5034
-4352
-4034
-4033
-4159
-3933
-3126
-2582
-2413
-2375
-2337
-2253
-2165
-2184
-2435
-2504
-2377
-2206
-2299
-2607
-3118
-3477
-3400
-3017
-2652
-2701
-3066
-3198
-3075
-2645
-1961
-1586
-1469
-1570
-1488
-1127
-480
117
703
1182
1553
2032
2480
2984
3428
4111
4986
5670
6019
6105
6321
6672
7201
7925
8513
8796
8902
8868
9101
9195
8221
6901
6158
6220
6206
4715
2458
1075
785
725
-382
-2219
-3258
-3914
-4497
-4813
-5085
-5249
-5811
-6475
-6278
-5370
-4693
-4646
-4672
-4017
-2837
-2001
-1483
-891
-164
710
1460
2219
3001
3338
3368
3620
4153
4682
4634
4209
3866
3669
3319
2941
2390
1799
1124
249
-253
-746
-1397
-2149
-2859
-3203
-3367
-3730
-4290
-5431
-6490
-6218
-5477
-5044
-5108
-5944
-6613
-6230
-5127
-4123
-3874
-3908
-3796
-3952
-3483
-2551
-2265
-2342
-2366
-2286
-2213
-2315
-2476
-2641
-2703
-2436
-2307
-2718
-3193
-3629
-3685
-3187
-2634
-2484
-2783
-3152
-3058
-2507
-1838
-1250
-1194
-1316
-1221
-864
-241
422
990
1378
1737
2227
2844
3390
3899
4409
4956
5712
6357
6682
6735
6916
7315
7905
8573
8916
8937
9013
8971
8187
6886
6157
6067
6119
5223
3196
1388
446
283
-284
-1467
-2570
-3433
-4369
-5000
-5217
-5217
-5342
-5756
-5923
-5512
-5006
-4772
-4602
-3942
-2824
-1971
-1456
-968
-280
383
1179
2064
2974
3423
3439
3459
3770
4277
4541
4419
4189
3867
3400
2901
2406
1922
1401
684
21
-539
-1250
-1993
-2706
-3091
-3184
-3416
-3840
-4253
-4460
-4819
-5815
-6288
-5324
-4198
-4014
-4601
-5471
-5643
-4704
-3517
-2868
-2819
-2860
-3187
-3520
-2883
-1818
-1797
-2158
-2329
-2276
-2372
-2689
-2837
-2875
-2730
-2468
-2649
-3135
-3500
-3688
-3441
-2725
-2119
-2055
-2453
-2730
-2344
-1618
-849
-466
-462
-503
-404
75
951
1779
2208
2482
2806
3444
4076
4476
4900
5667
6488
6914
6970
6953
7263
7834
8497
9081
9350
9380
8966
7817
6837
6597
6647
6389
4912
2793
1360
833
651
-177
-1688
-2797
-3448
-4159
-4789
-5174
-5319
-5436
-5795
-5770
-5315
-4981
-4866
-4714
-3840
-2559
-1718
-1432
-1049
-342
655
1511
2289
3046
3412
3431
3553
3964
4475
4629
4304
4042
3868
3500
2912
2297
1804
1324
652
-34
-594
-1239
-1974
-2651
-3026
-3130
-3387
-3895
-4273
-4386
-4321
-4230
-4171
-4028
-3769
-4099
-5167
-5416
-4462
-3421
-2762
-2870
-3637
-4155
-3829
-2994
-2476
-2173
-2091
-2836
-3521
-3114
-2680
-2803
-2913
-3022
-3150
-3427
-3744
-3833
-3880
-3527
-3003
-2838
-2903
-2987
-3095
-2726
-1852
-913
-560
-780
-961
-792
-260
618
1452
1863
1978
1957
2172
2770
3637
4450
4885
5115
5432
5746
5985
6440
6943
7380
7926
8291
8428
8557
8755
8329
7230
6367
6202
6297
5653
3747
1788
928
1013
759
-666
-2412
-3316
-3817
-4201
-4492
-4780
-5059
-5585
-5960
-5646
-4908
-4487
-4435
-4340
-3396
-2296
-1713
-1350
-814
7
931
1726
2374
2919
3083
3145
3408
4023
4427
4291
3848
3450
3263
3047
2616
2065
1504
778
101
-475
-952
-1561
-2294
-2875
-3159
-3257
-3615
-4028
-4312
-4299
-4053
-3961
-3837
-3779
-3704
-3522
-3107
-3958
-5435
-4702
-3039
-2186
-1935
-2991
-4495
-4564
-3302
-2144
-2170
-2456
-2901
-4231
-4417
-3025
-2805
-3429
-3738
-3886
-4039
-4072
-4102
-4134
-4104
-3417
-2775
-2917
-3018
-3069
-3000
-2134
-873
-103
-357
-1078
-1036
-330
737
1814
2066
1838
1756
1998
2651
3742
4395
4616
4861
5199
5582
5836
6176
6525
7017
7857
8486
8495
8381
7894
6734
5982
6286
6831
6369
4295
1782
566
772
1173
420
-1272
-2815
-3958
-4574
-4554
-4351
-4542
-5252
-5919
-5810
-5238
-4930
-4947
-4675
-3773
-2683
-2063
-1838
-1541
-911
16
1115
2176
2769
2625
2439
2691
3433
4196
4332
3943
3496
3069
2720
2473
2155
1849
1195
424
-128
-711
-1357
-2027
-2576
-2755
-2846
-3193
-3679
-4199
-4325
-4206
-3742
-4005
-5234
-5261
-4432
-3767
-3281
-3590
-4332
-4308
-3652
-2733
-2536
-2607
-2506
-2996
-3158
-2241
-2021
-2379
-2640
-2784
-2692
-2676
-2810
-3001
-3458
-3313
-2984
-3082
-3108
-3271
-3454
-3251
-2662
-2043
-1837
-2027
-1769
-1307
-770
-193
-22
147
465
821
1419
2086
2425
2723
3138
3736
4413
4836
5033
5351
5774
6383
6904
7046
7346
7740
8109
8459
8807
9210
9150
7981
6750
6268
6464
6700
5473
3085
1509
1230
1295
579
-883
-2023
-2838
-3516
-3911
-4085
-4190
-4440
-5047
-5148
-4387
-3840
-3802
-3895
-3329
-2123
-1272
-857
-450
126
843
1573
2412
3280
3647
3558
3637
4065
4714
4840
4538
4204
3900
3562
3159
2806
2338
1727
967
321
-31
-585
-1242
-1942
-2374
-2387
-2683
-3082
-3421
-3521
-3461
-3355
-3216
-3449
-4121
-4453
-4148
-3363
-2429
-2354
-2965
-3388
-3209
-2573
-1963
-1563
-1552
-2086
-2411
-2324
-2113
-1932
-2021
-2391
-2516
-2519
-2698
-2954
-3226
-3122
-2797
-2669
-2607
-2779
-2920
-2808
-2259
-1550
-958
-783
-885
-831
-475
105
664
1189
1619
1918
2093
2481
2923
3465
4067
4566
5085
5474
5680
5921
6342
7020
7656
7828
7854
7964
8415
9000
9312
8796
7524
6391
6234
6630
6248
4536
2455
1285
1104
991
27
-1418
-2608
-3413
-3822
-3891
-3881
-4244
-5108
-5576
-5105
-4231
-3828
-3898
-3903
-3232
-2101
-1249
-713
-242
164
740
1611
2586
3183
3272
3166
3358
3960
4388
4354
3934
3530
3280
3033
2801
2320
1677
936
295
-124
-514
-1176
-1897
-2461
-2758
-2816
-3032
-3399
-3733
-3792
-4235
-4988
-4715
-4041
-3725
-3700
-4113
-4353
-4043
-3475
-2911
-2712
-2561
-2403
-2682
-2679
-2080
-1752
-1936
-2120
-2133
-2128
-2335
-2550
-2578
-2686
-2627
-2620
-2832
-2947
-3072
-3157
-2931
-2518
-2103
-2037
-2211
-1958
-1526
-1074
-590
-333
-106
18
233
763
1446
2069
2462
2660
3029
3506
4068
4626
4977
5462
6094
6559
6945
7096
7111
7463
7942
8548
9065
9407
9259
7943
6355
5664
6322
6857
5638
3238
1273
601
829
459
-918
-2151
-3048
-3812
-4210
-4173
-4170
-4751
-5554
-5343
-4466
-3803
-3886
-4259
-3728
-2458
-1352
-764
-359
-28
373
1099
2163
3238
3599
3322
3121
3543
4220
4439
4192
3828
3519
3126
2801
2395
1914
1249
546
95
-228
-686
-1631
-2419
-2794
-2716
-2801
-3049
-3407
-3705
-4267
-5052
-4936
-4179
-3603
-3469
-3966
-4517
-4382
-3743
-2998
-2551
-2311
-2242
-2657
-2807
-2144
-1856
-1793
-1858
-1995
-2075
-2239
-2490
-2636
-2649
-2508
-2410
-2669
-2840
-3089
-3323
-3087
-2551
-2039
-1834
-2080
-2102
-1792
-1254
-575
-195
-85
-36
36
467
1246
1889
2314
2500
2842
3377
3924
4433
4886
5214
5499
6004
6355
6735
6965
7088
7508
7951
8421
8652
8665
8288
7199
6046
5713
5896
5587
4159
2131
984
666
303
-580
-1818
-2660
-3349
-4065
-4460
-4506
-4680
-5043
-5445
-5238
-4478
-4229
-4293
-4111
-3308
-2200
-1543
-1159
-656
-176
456
1182
1975
2706
2902
2756
2901
3365
3704
3747
3455
3150
2889
2485
2070
1595
1047
484
-106
-618
-995
-1559
-2218
-2808
-3066
-3118
-3332
-3609
-3797
-4445
-5412
-5478
-4837
-4126
-3896
-4393
-4926
-4831
-4199
-3472
-3110
-2894
-2736
-2935
-2956
-2458
-2061
-2038
-2231
-2267
-2142
-2195
-2466
-2657
-2754
-2620
-2500
-2621
-2786
-3019
-3182
-3062
-2686
-2161
-1929
-2130
-2039
-1770
-1276
-779
-516
-273
-113
-6
364
1030
1708
2116
2361
2678
3135
3708
4299
4786
5083
5550
6030
6311
6570
6840
7062
7342
7847
8390
8579
8698
8543
7496
6247
5758
5961
6111
5162
3092
1348
620
766
372
-941
-1922
-2723
-3668
-4025
-4020
-3971
-4244
-4852
-4954
-4214
-3709
-3589
-3701
-3138
-1882
-1076
-603
-205
265
738
1381
2225
3284
3666
3328
3158
3467
4164
4379
4096
3693
3379
2965
2621
2221
1900
1357
498
-54
-444
-867
-1547
-2279
-2599
-2583
-2737
-2960
-3306
-3574
-4251
-5313
-5073
-3833
-3123
-3290
-4264
-4887
-4526
-3495
-2546
-2219
-2370
-2476
-2940
-2906
-1997
-1459
-1710
-2103
-2214
-2054
-2231
-2563
-2594
-2640
-2424
-2334
-2616
-2870
-3111
-3221
-2831
-2144
-1610
-1693
-2112
-2034
-1485
-836
-224
13
32
35
160
720
1450
2048
2382
2704
3072
3632
4131
4436
4771
5153
5918
6425
6553
6583
6560
6779
7391
7928
8335
8548
8496
8147
6941
5828
5727
6043
6104
4850
2647
986
375
500
357
-540
-1647
-2889
-3886
-3971
-3725
-3658
-4036
-4633
-4606
-4036
-3721
-3577
-3388
-2716
-1768
-1047
-545
-86
117
552
1361
2366
3230
3328
3025
2877
3249
3837
4118
3967
3648
3056
2457
2199
1940
1647
1109
396
-107
-515
-1107
-1720
-2299
-2463
-2508
-2678
-2946
-3207
-3545
-3635
-3731
-4466
-4865
-4461
-3767
-3275
-3269
-3779
-4159
-3923
-3050
-2339
-2116
-2091
-2436
-2963
-2649
-2078
-1805
-2008
-2304
-2413
-2588
-2722
-2705
-2842
-2843
-2664
-2639
-2679
-2845
-2982
-2808
-2311
-1666
-1200
-1276
-1482
-1398
-1015
-445
137
477
619
693
937
1383
1885
2475
2854
3220
3777
4203
4546
4789
5139
5672
6260
6665
6671
6614
6788
7188
7587
7993
8189
8008
7226
6089
5294
5351
5730
5448
3877
1894
547
168
322
66
-776
-1972
-3173
-3796
-3762
-3601
-3651
-3983
-4203
-4070
-3714
-3454
-3187
-2779
-2104
-1316
-670
-181
3
240
883
1764
2679
3164
3086
2884
2927
3191
3648
3810
3642
3284
2662
2210
1974
1666
1254
681
186
-265
-823
-1350
-1840
-2252
-2430
-2462
-2605
-2819
-3612
-4650
-4942
-4316
-3440
-3204
-3763
-4495
-4738
-4284
-3343
-2663
-2450
-2562
-2915
-3004
-2535
-1994
-1801
-1978
-2025
-1926
-2054
-2312
-2544
-2565
-2481
-2282
-2208
-2443
-2874
-3144
-3051
-2566
-1897
-1717
-1944
-2087
-1901
-1355
-803
-446
-190
-179
-124
177
660
1235
1721
2019
2444
2927
3332
3663
3951
4255
4721
5464
6041
6354
6247
6042
6143
6629
7298
7801
7853
7755
7765
7114
5917
5266
5333
5836
5561
3858
1662
245
251
601
297
-746
-1988
-3307
-3913
-3784
-3557
-3449
-3694
-4100
-4211
-3952
-3577
-3310
-2993
-2268
-1505
-906
-569
-436
-253
353
1393
2318
2795
2614
2298
2263
2660
3236
3527
3432
2858
2197
1774
1523
1407
1093
633
91
-530
-995
-1494
-2057
-2333
-2413
-2535
-2662
-3041
-3724
-4671
-5177
-4541
-3572
-3376
-3895
-4677
-5022
-4464
-3468
-2820
-2685
-2791
-3013
-3169
-2862
-2221
-2060
-2304
-2290
-2158
-2238
-2486
-2716
-2736
-2611
-2409
-2329
-2571
-2890
-3130
-3074
-2629
-2016
-1832
-2030
-2176
-1998
-1502
-1032
-598
-313
-358
-301
-9
473
1039
1501
1843
2333
2791
3100
3297
3708
4301
4879
5326
5581
5647
5715
5807
6071
6441
6874
7208
7242
7043
7028
7031
6398
5551
5032
4917
4936
4138
2439
998
384
393
196
-489
-1376
-2427
-3337
-3526
-3383
-3223
-3305
-3741
-4065
-3798
-3352
-2970
-2572
-2216
-1683
-1212
-729
-243
27
453
985
1668
2303
2486
2332
2324
2488
2863
3132
3101
2834
2317
1778
1496
1337
1134
795
133
-462
-876
-1274
-1603
-1989
-2267
-2471
-2673
-3003
-3885
-4662
-4693
-4224
-3792
-3714
-4110
-4712
-4749
-4156
-3441
-2977
-2783
-2899
-3172
-2932
-2364
-2050
-2130
-2128
-2112
-2163
-2190
-2233
-2408
-2487
-2403
-2314
-2335
-2549
-2798
-3052
-2851
-2425
-2033
-2015
-2159
-2109
-1931
-1488
-987
-516
-504
-571
-441
20
673
1225
1555
1810
2104
2540
3095
3525
3977
4318
4601
4864
5183
5495
5722
5775
5884
6043
6325
6719
6895
6908
7038
6844
5930
5016
4668
4980
5119
4272
2538
1046
376
489
421
-125
-1032
-2142
-3010
-3301
-3083
-2810
-2988
-3494
-3753
-3507
-3202
-2957
-2656
-2202
-1643
-1131
-763
-494
-99
208
766
1481
2123
2272
2113
2098
2300
2707
2982
2961
2650
2205
1719
1461
1365
1117
729
89
-414
-705
-1117
-1603
-2009
-2264
-2331
-2447
-2782
-3545
-4242
-4522
-4506
-3934
-3429
-3688
-4172
-4483
-4273
-3714
-3102
-2620
-2668
-2877
-2726
-2552
-2410
-2057
-1927
-1972
-2058
-2042
-2088
-2339
-2467
-2336
-2266
-2173
-2270
-2590
-2818
-2744
-2423
-2052
-1809
-1819
-1883
-1855
-1477
-1023
-664
-431
-389
-203
74
477
1014
1454
1761
2170
2542
2907
3300
3671
4100
4525
4845
5113
5379
5520
5550
5639
5965
6355
6521
6524
6475
6615
6860
6592
5657
4759
4437
4631
4617
3653
2138
844
291
250
210
-256
-1209
-2341
-3033
-2974
-2701
-2593
-2919
-3407
-3370
-2966
-2590
-2316
-2095
-1837
-1395
-817
-260
167
256
434
908
1694
2345
2410
2223
2134
2233
2599
2801
2741
2472
1899
1414
1155
1136
945
485
-122
-533
-798
-1155
-1535
-1966
-2158
-2215
-2370
-2904
-3737
-4265
-4198
-3815
-3479
-3414
-3765
-4175
-4181
-3729
-3182
-2751
-2515
-2652
-2796
-2639
-2271
-2085
-2045
-1945
-1954
-2087
-2206
-2258
-2392
-2426
-2241
-2141
-2260
-2445
-2635
-2718
-2532
-2150
-1829
-1755
-1780
-1772
-1608
-1192
-683
-362
-298
-241
-89
278
793
1322
1754
2031
2291
2588
3085
3529
3837
4121
4390
4714
5034
5298
5361
5386
5477
5718
6019
6216
6248
6185
6078
6148
5859
5069
4330
4098
4228
4126
3081
1506
443
162
291
75
-541
-1376
-2320
-2965
-2952
-2708
-2507
-2634
-3068
-3164
-2770
-2411
-2229
-1958
-1425
-901
-613
-389
-91
233
609
1056
1729
2197
2210
1947
1827
2112
2417
2537
2386
2104
1635
1158
951
901
731
266
-247
-700
-1092
-1365
-1727
-1971
-2012
-2157
-2295
-2783
-3665
-4216
-3945
-3490
-3199
-3154
-3538
-4060
-4045
-3501
-2972
-2601
-2357
-2623
-2917
-2679
-2295
-2108
-2050
-1976
-1964
-2094
-2144
-2248
-2449
-2423
-2290
-2153
-2206
-2383
-2641
-2765
-2593
-2145
-1821
-1740
-1757
-1753
-1632
-1251
-671
-307
-154
-121
-44
231
680
1161
1526
1861
2177
2384
2742
3174
3451
3735
4046
4358
4520
4669
4773
4865
5020
5477
5691
5666
5612
5579
5759
6113
6296
5751
4754
4183
4047
4007
3954
3003
1610
665
349
367
329
-347
-1219
-2178
-2564
-2344
-2275
-2358
-2578
-2897
-2845
-2529
-2195
-1907
-1900
-1638
-1078
-528
-97
145
124
467
1001
1628
1965
2025
1913
1794
1992
2289
2472
2321
1949
1444
1195
1090
923
669
234
-273
-625
-924
-1150
-1434
-1785
-2048
-2149
-2198
-2662
-3594
-4199
-3949
-3409
-2952
-2909
-3430
-3991
-3977
-3454
-2732
-2209
-2078
-2441
-2800
-2481
-2005
-1885
-1772
-1770
-1809
-1935
-2072
-2180
-2280
-2252
-2052
-1958
-1960
-2162
-2522
-2581
-2294
-1749
-1339
-1285
-1333
-1354
-1199
-729
-237
95
198
114
244
634
1117
1570
1919
2221
2474
2655
2921
3288
3628
3897
4209
4563
4808
4822
4765
4656
4852
5270
5569
5526
5394
5276
5200
5366
5097
4553
4013
3757
3754
3421
2775
1908
946
345
118
89
-34
-689
-1681
-2280
-2246
-1872
-1781
-2123
-2378
-2458
-2320
-1964
-1618
-1348
-1266
-1145
-706
-175
148
243
293
684
1160
1480
1706
1660
1498
1506
1676
1888
1952
1672
1245
903
762
646
531
236
-197
-605
-890
-1007
-1127
-1353
-1699
-1824
-2232
-3003
-3394
-3232
-2981
-2900
-3003
-3295
-3561
-3470
-3154
-2882
-2574
-2368
-2540
-2685
-2418
-2173
-2022
-2020
-1959
-1836
-1870
-1987
-2017
-2072
-1991
-1951
-1937
-1900
-2022
-2181
-2282
-2018
-1693
-1521
-1463
-1447
-1339
-1112
-748
-426
-75
13
15
90
385
828
1179
1492
1730
1962
2161
2474
2818
3144
3451
3724
3982
4181
4250
4307
4351
4512
4857
5074
5038
4882
4741
4691
4888
5269
5113
4374
3578
3199
3230
3319
2838
2144
1426
743
344
-146
-283
-333
-895
-1506
-1858
-1957
-1916
-2116
-2178
-1981
-1845
-1727
-1752
-1663
-1427
-1228
-885
-333
46
170
117
180
622
1037
1333
1457
1439
1351
1291
1218
1340
1396
1262
952
648
456
237
-63
-261
-391
-590
-778
-1114
-1389
-1595
-2028
-2680
-2925
-2656
-2419
-2435
-2841
-3365
-3518
-3253
-2959
-2725
-2489
-2494
-2826
-2918
-2528
-2133
-1945
-1940
-1984
-1962
-1955
-1985
-2027
-1986
-1916
-1888
-1855
-1894
-2035
-2217
-2272
-1931
-1574
-1430
-1457
-1569
-1532
-1258
-831
-450
-209
-187
-241
-242
54
444
796
1155
1470
1738
1994
2225
2474
2773
3184
3585
3828
3879
3820
3826
3946
4237
4458
4553
4430
4282
4201
4328
4476
4648
4614
4186
3580
3121
2825
2842
2755
2314
1718
1306
922
407
-19
-247
-335
-548
-770
-1171
-1449
-1467
-1620
-1644
-1379
-1142
-1082
-1178
-1168
-940
-653
-354
-132
58
218
230
343
586
843
1012
1056
1033
1140
1076
938
889
791
733
573
416
272
0
-320
-651
-803
-858
-1049
-1463
-1746
-1956
-1997
-2496
-2965
-2698
-2406
-2491
-2527
-2808
-3067
-2895
-2628
-2332
-2185
-2046
-2175
-2536
-2343
-1792
-1702
-1709
-1650
-1764
-1836
-1859
-1724
-1631
-1675
-1604
-1645
-1664
-1593
-1669
-1718
-1534
-1186
-988
-967
-880
-722
-649
-426
-127
65
352
421
513
799
1053
1395
1676
2002
2305
2522
2784
3054
3314
3516
3623
3745
3945
3965
3936
3837
3884
4049
4193
4186
4165
4102
4071
4096
4000
3479
3062
2974
2907
2835
2551
2030
1590
1364
1181
885
694
499
96
-274
-351
-393
-500
-609
-832
-897
-742
-665
-695
-754
-673
-542
-486
-311
-143
-103
-103
-44
83
209
331
333
317
307
319
212
146
197
116
-125
-366
-508
-595
-784
-1078
-1304
-1481
-1570
-1810
-2025
-2191
-2343
-2495
-2515
-2495
-2490
-2560
-2687
-2697
-2600
-2392
-2252
-2190
-2205
-2193
-2126
-2077
-1891
-1735
-1679
-1699
-1646
-1595
-1576
-1583
-1577
-1547
-1516
-1470
-1528
-1606
-1524
-1424
-1281
-1061
-843
-743
-704
-656
-591
-375
-110
159
333
509
724
895
1127
1401
1704
2025
2270
2545
2715
2856
2988
3092
3298
3464
3525
3508
3390
3304
3406
3601
3779
3622
3398
3310
3470
3442
3169
2718
2109
1730
1689
1865
1715
1290
679
177
148
327
233
26
-135
-441
-568
-473
-434
-460
-631
-606
-432
-297
-296
-400
-403
-276
-179
-1
103
80
-67
-196
-153
45
94
-50
-293
-520
-520
-473
-563
-716
-941
-1230
-1374
-1435
-1529
-1731
-1964
-2074
-2193
-2291
-2342
-2466
-2563
-2565
-2543
-2454
-2446
-2421
-2475
-2478
-2338
-2202
-2079
-2078
-2085
-2111
-1984
-1854
-1815
-1817
-1814
-1819
-1802
-1743
-1713
-1639
-1657
-1676
-1601
-1518
-1387
-1293
-1245
-1113
-955
-800
-701
-610
-530
-410
-231
-44
180
341
485
657
810
1022
1287
1570
1760
1979
2060
2091
2216
2206
2347
2387
2399
2476
2382
2268
2274
2314
2451
2615
2624
2608
2556
2432
2395
2612
2674
2433
2177
1975
1843
1838
1813
1684
1507
1354
1112
911
899
935
833
690
651
556
453
325
144
141
325
383
287
177
38
-165
-162
29
247
299
140
-127
-272
-216
-121
-33
-57
-122
-272
-483
-652
-589
-601
-711
-828
-1006
-1228
-1360
-1506
-1583
-1541
-1669
-1768
-1883
-1963
-1990
-1983
-1930
-1854
-1750
-1747
-1778
-1849
-1782
-1655
-1586
-1526
-1408
-1403
-1455
-1399
-1348
-1169
-1041
-974
-911
-955
-884
-850
-768
-557
-389
-300
-310
-311
-324
-310
-256
-99
26
80
125
172
289
468
662
781
983
1193
1334
1452
1550
1666
1837
2042
2246
2404
2474
2454
2445
2501
2612
2770
2800
2791
2713
2723
2661
2667
2692
2637
2629
2695
2642
2543
2522
2388
2146
2058
2051
1908
1850
1727
1633
1469
1422
1280
1246
1317
1204
1144
1035
943
848
864
742
644
537
542
579
605
471
330
248
246
273
253
221
114
-7
-78
3
15
-127
-422
-645
-684
-598
-545
-647
-785
-962
-1083
-1076
-1111
-1146
-1252
-1387
-1415
-1332
-1299
-1399
-1463
-1512
-1517
-1425
-1317
-1305
-1331
-1336
-1362
-1249
-1071
-979
-1000
-1039
-932
-854
-741
-632
-518
-514
-395
-332
-241
-146
-123
-185
-208
-143
-112
-64
-40
-19
24
100
189
312
434
537
595
700
865
1062
1170
1257
1407
1444
1501
1597
1640
1719
1800
1901
1958
1975
2070
2040
2095
2180
2141
2121
2088
2152
2254
2250
2138
2031
1848
1788
1817
1827
1878
1694
1449
1308
1248
1262
1285
1195
1069
998
860
899
899
815
568
356
345
457
534
443
265
179
131
85
71
-61
-111
-145
-199
-194
-273
-468
-636
-688
-638
-519
-529
-723
-934
-1036
-994
-941
-1014
-1086
-1248
-1347
-1395
-1423
-1393
-1427
-1465
-1482
-1462
-1450
-1397
-1454
-1504
-1422
-1332
-1249
-1221
-1263
-1314
-1292
-1133
-998
-892
-891
-956
-1017
-964
-791
-687
-619
-594
-620
-580
-500
-463
-440
-377
-338
-260
-202
-109
-58
-58
45
176
342
502
578
597
631
746
874
1036
1105
1126
1168
1159
1176
1229
1332
1440
1485
1567
1497
1486
1410
1412
1491
1565
1624
1553
1554
1442
1458
1504
1492
1472
1408
1352
1251
1179
1093
1008
937
990
957
940
916
777
547
499
549
579
584
516
385
207
105
83
194
175
8
-130
-179
-187
-156
-202
-314
-294
-351
-411
-438
-499
-606
-605
-552
-503
-535
-626
-777
-897
-870
-814
-753
-755
-838
-973
-1027
-1032
-980
-965
-930
-997
-1011
-1011
-1069
-1140
-1157
-1113
-1018
-863
-885
-854
-944
-994
-874
-711
-534
-539
-516
-503
-558
-434
-315
-250
-192
-165
-136
-91
0
70
128
160
279
423
505
539
630
676
751
881
1028
1108
1177
1217
1262
1324
1454
1549
1525
1570
1574
1616
1575
1604
1575
1604
1663
1685
1780
1749
1733
1723
1676
1678
1741
1825
1856
1793
1815
1768
1715
1710
1730
1743
1722
1705
1677
1667
1646
1515
1468
1453
1418
1375
1335
1303
1280
1267
1263
1249
1140
1030
947
968
999
963
890
793
739
701
644
649
584
442
416
410
376
374
371
286
182
182
202
166
124
74
-4
-31
-12
-6
-33
-97
-207
-182
-174
-224
-202
-228
-245
-260
-209
-168
-150
-122
-125
-173
-164
-103
-72
-40
26
41
48
97
80
47
44
59
110
116
129
138
128
139
160
222
333
423
445
484
533
621
729
818
849
871
865
898
855
980
1002
1080
1178
1159
1179
1233
1263
1272
1344
1358
1378
1289
1328
1288
1278
1260
1293
1284
1314
1347
1311
1309
1213
1218
1250
1312
1327
1328
1245
1146
1150
1171
1224
1199
1240
1148
1021
997
1013
965
933
895
809
756
710
628
572
625
667
644
623
563
471
420
421
493
617
592
547
457
302
273
344
413
417
433
360
311
286
331
357
341
391
399
384
341
316
262
241
267
262
258
208
130
94
21
48
89
79
96
79
53
105
173
233
280
243
217
197
253
219
169
218
224
189
221
216
213
217
149
143
144
174
149
82
73
0
21
112
206
268
267
230
216
246
306
386
381
377
282
221
233
190
207
169
199
231
165
157
187
215
211
284
310
315
342
333
354
299
334
366
380
346
280
251
162
181
293
314
287
257
212
207
264
299
346
404
329
305
274
190
176
102
64
70
62
61
-40
-73
-73
-96
-47
44
23
0
-52
-8
5
30
101
69
34
15
43
-5
-96
-87
-23
3
-4
-27
-72
-134
-153
-123
-31
35
35
-2
-49
-50
33
58
78
23
11
-28
-39
-43
-96
-54
-58
33
90
104
34
-8
-13
47
136
207
196
97
96
145
104
102
193
195
159
139
111
137
185
232
209
177
134
99
76
79
140
142
135
102
75
75
93
157
201
147
158
145
97
146
178
152
115
149
151
182
190
229
174
135
185
223
235
273
181
131
130
95
120
124
142
91
62
50
21
61
108
94
88
71
94
144
140
127
84
18
-15
25
34
35
68
40
50
36
54
34
19
60
63
63
61
51
-20
-35
-68
-63
-104
-105
-80
-122
-134
-104
-109
-106
-94
-145
-155
-198
-156
-113
-102
-120
-180
-179
-207
-192
-140
-182
-192
-111
-65
-75
-13
-38
-82
-53
-12
-22
-34
-121
-168
-157
-186
-133
-128
-155
-244
-250
-168
-55
17
20
35
-11
36
75
120
113
62
52
60
91
54
39
70
48
78
123
78
91
2
-62
-52
0
25
84
21
-52
-62
-56
-18
-28
-38
-76
-78
-42
-3
-14
-66
-50
-17
-57
53
103
86
-30
-76
-2
34
70
37
14
-100
-79
-55
-64
-63
-68
-68
-77
-80
-147
-160
-202
-211
-141
-126
-116
-211
-291
-304
-332
-297
-257
-238
-292
-407
-407
-357
-303
-268
-288
-325
-350
-323
-321
-334
-400
-419
-410
-418
-377
-394
-405
-484
-478
-362
-328
-306
-289
-386
-429
-394
-402
-311
-312
-321
-355
-347
-293
-300
-306
-316
-358
-371
-361
-365
-325
-390
-393
-364
-376
-286
-310
-335
-366
-327
-327
-293
-164
-202
-131
-139
-161
-176
-177
-159
-158
-182
-171
-102
-134
-181
-208
-244
-173
-144
-175
-154
-176
-168
-179
-255
-207
-131
-131
-159
-171
-168
-195
-194
-119
-159
-170
-115
-127
-121
-47
-69
-139
-162
-139
-106
-123
-148
-224
-260
-241
-222
-238
-247
-268
-313
-318
-352
-375
-399
-422
-382
-356
-309
-351
-370
-361
-387
-404
-352
-314
-356
-374
-398
-395
-374
-369
-358
-414
-394
-418
-390
-334
-381
-363
-365
-357
-346
-293
-333
-333
-334
-313
-326
-340
-313
-349
-335
-313
-260
-234
-206
-236
-248
-233
-224
-207
-191
-219
-196
-188
-221
-275
-239
-260
-255
-203
-202
-153
-176
-221
-298
-325
-283
-222
-217
-215
-224
-301
-266
-298
-330
-316
-280
-246
-267
-269
-234
-281
-337
-307
-300
-242
-266
-298
-344
-336
-351
-359
-360
-344
-351
-347
-386
-428
-404
-410
-415
-398
-394
-412
-416
-459
-489
-512
-512
-505
-499
-466
-492
-511
-517
-539
-536
-534
-499
-505
-514
-581
-600
-579
-639
-605
-615
-625
-642
-693
-692
-651
-702
-631
-653
-730
-645
-654
-707
-696
-675
-683
-679
-701
-670
-724
-764
-740
-737
-732
-710
-758
-814
-797
-818
-777
-785
-774
-746
-770
-776
-778
-769
-773
-783
-765
-802
-745
-727
-707
-705
-725
-699
-668
-671
-655
-616
-685
-612
-604
-626
-599
-607
-620
-604
-508
-500
-455
-478
-531
-515
-532
-465
-448
-430
-427
-432
-457
-411
-407
-385
-342
-344
-289
-310
-289
-293
-352
-333
-305
-310
-330
-368
-370
-378
-402
-347
-321
-280
-356
-301
-277
-282
-255
-284
-247
-212
-199
-226
-235
-252
-276
-239
-238
-244
-151
-175
-212
-219
-210
-237
-246
-272
-269
-284
-265
-265
-314
-307
-287
-324
-335
-299
-302
-286
-332
-353
-335
-341
-349
-353
-329
-327
-322
-365
-406
-398
-355
-359
-317
-330
-361
-355
-405
-357
-417
-394
-389
-436
-442
-490
-452
-482
-474
-468
-497
-468
-488
-502
-481
-466
-460
-450
-470
-478
-447
-470
-468
-472
-461
-478
-482
-465
-451
-416
-425
-468
-427
-384
-414
-418
-405
-383
-422
-375
-336
-327
-368
-326
-346
-397
-328
-309
-278
-306
-324
-318
-335
-288
-271
-293
-321
-327
-305
-284
-289
-300
-272
-315
-326
-307
-301
-324
-306
-286
-286
-286
-332
-308
-290
-264
-266
-260
-252
-285
-285
-285
-301
-297
-332
-349
-380
-341
-302
-311
-321
-345
-388
-379
-298
-263
-251
-292
-291
-271
-281
-353
-300
-286
-313
-311
-316
-304
-315
-330
-358
-340
-337
-347
-304
-302
-275
-330
-361
-340
-375
-334
-320
-336
-348
-335
-370
-363
-341
-378
-346
-354
-360
-385
-359
-364
-380
-341
-333
-335
-301
-347
-389
-366
-366
-372
-394
-406
-372
-383
-381
-333
-344
-348
-330
-331
-305
-329
-304
-248
-240
-219
-232
-253
-210
-235
-260
-285
-295
-245
-285
-279
-253
-228
-243
-267
-239
-258
-271
-260
-258
-284
-254
-288
-299
-275
-266
-229
-245
-209
-197
-208
-235
-201
-186
-219
-181
-167
-161
-164
-200
-223
-225
-210
-212
-203
-234
-297
-290
-300
-322
-307
-268
-307
-326
-322
-329
-291
-314
-386
-413
-392
-385
-376
-391
-418
-392
-405
-398
-452
-448
-450
-461
-459
-477
-474
-503
-485
-498
-507
-489
-534
-529
-556
-525
-496
-549
-502
-524
-497
-521
-588
-552
-558
-545
-566
-578
-574
-586
-551
-572
-551
-555
-551
-554
-549
-539
-546
-540
-568
-547
-536
-552
-547
-521
-548
-507
-463
-487
-534
-579
-546
-495
-495
-526
-471
-499
-547
-515
-478
-470
-453
-467
-490
-446
-462
-461
-463
-422
-382
-393
-412
-411
-433
-429
-403
-429
-429
-374
-403
-399
-404
-357
-347
-396
-385
-388
-407
-427
-444
-401
-412
-452
-398
-436
-452
-417
-431
-435
-427
-457
-442
-432
-454
-416
-437
-475
-492
-488
-519
-470
-449
-484
-444
-469
-441
-442
-448
-469
-460
-417
-436
-473
-495
-488
-470
-440
-481
-466
-457
-452
-494
-488
-441
-503
-476
-519
-487
-483
-506
-460
-466
-517
-520
-500
-499
-492
-465
-444
-483
-502
-532
-564
-530
-551
-492
-432
-461
-486
-430
-417
-436
-424
-422
-444
-445
-445
-441
-374
-415
-391
-360
-375
-343
-303
-346
-359
-281
-313
-330
-354
-352
-296
-356
-343
-357
-351
-323
-319
-331
-334
-326
-337
-339
-310
-276
-249
-308
-291
-270
-255
-290
-293
-255
-234
-222
-259
-201
-263
-280
-267
-290
-282
-313
-271
-266
-278
-261
-285
-281
-294
-288
-281
-276
-218
-242
-276
-268
-213
-214
-205
-222
-209
-181
-230
-228
-271
-274
-263
-258
-264
-298
-253
-304
-293
-271
-296
-291
-264
-237
-242
-194
-222
-192
-207
-205
-177
-199
-180
-182
-193
-192
-170
-204
-208
-184
-238
-268
-246
-204
-181
-163
-213
-209
-224
-236
-232
-241
-233
-262
-222
-238
-249
-214
-224
-238
-236
-251
-216
-213
-173
-167
-196
-203
-183
-155
-207
-189
-199
-157
-187
-199
-185
-187
-137
-171
-152
-151
-133
-149
-121
-134
-164
-158
-162
-156
-146
-128
-90
-97
-133
-134
-73
-72
-89
-91
-80
-81
-65
-55
-77
-60
-93
-75
-33
-82
-85
-63
-61
-110
-60
-68
-126
-115
-119
-121
-110
-119
-108
-80
-116
-85
-117
-99
-121
-125
-167
-201
-184
-183
-199
-177
-195
-220
-191
-160
-103
-144
-164
-204
-212
-206
-200
-239
-224
-207
-236
-199
-227
-234
-213
-170
-158
-201
-186
-164
-192
-179
-183
-177
-200
-233
-217
-221
-220
-213
-171
-191
-205
-193
-182
-158
-193
-162
-174
-258
-204
-217
-194
-191
-216
-205
-195
-149
-186
-151
-174
-160
-132
-138
-155
-134
-109
-95
-107
-146
-84
-128
-103
-70
-57
-117
-107
-110
-110
-88
-82
-52
-55
-45
-97
-52
-68
-101
-54
-79
-79
-77
-61
-39
-59
-33
-62
-59
-60
-97
-114
-103
-90
-101
-73
-52
-59
-53
-27
-46
-49
-56
-66
-50
-74
-62
-112
-65
-67
-76
-58
-97
-96
-105
-103
-109
-78
-41
-11
-28
-51
-44
-47
-94
-61
-98
-115
-71
-117
-92
-108
-102
-86
-114
-121
-109
-107
-74
-72
-64
-29
-57
-25
-55
-39
-54
-58
-38
-37
-61
-43
-40
-35
-38
9
19
38
39
36
62
21
60
54
73
67
42
53
32
56
48
78
117
126
98
103
57
34
50
86
96
44
50
74
76
79
100
109
86
83
77
71
78
78
79
79
70
101
108
84
80
42
31
49
105
96
75
86
72
64
54
18
37
-1
-5
12
-28
-30
-43
-18
30
-10
-46
-38
-61
-58
-55
-80
-55
-70
-91
-91
-38
-9
-37
-31
-54
-90
-75
-108
-124
-82
-95
-116
-148
-192
-130
-150
-189
-180
-210
-204
-160
-185
-176
-168
-173
-167
-201
-164
-167
-197
-161
-137
-161
-182
-182
-162
-146
-149
-152
-123
-160
-166
-156
-145
-174
-175
-168
-128
-155
-166
-136
-143
-134
-157
-132
-147
-119
-85
-93
-132
-126
-99
-97
-80
-93
-96
-62
-70
-44
-50
-59
-85
-59
-73
-62
-42
-48
-46
-62
-56
-36
-5
-51
-6
13
-38
-29
-28
-34
-67
-43
-52
-30
15
-26
-61
-56
-56
-61
-8
-31
-90
-73
-89
-93
-124
-76
-35
-29
-10
-18
-43
-24
12
-23
5
-7
15
12
14
34
6
7
-3
33
16
7
-3
25
-3
-49
-5
-11
1
-6
-44
-31
-30
-26
-4
-37
-20
-35
-60
-36
-27
-26
-13
-50
-76
-42
-68
-61
-59
-91
-54
-64
-107
-124
-83
-69
-78
-40
-72
-76
-49
-100
-63
-43
-52
-38
-90
-55
-55
-63
-73
-38
-45
-57
-1
-1
-19
-28
-28
-50
4
-15
-4
54
-4
-5
-16
12
2
-64
-16
-5
5
6
-5
13
12
26
54
15
35
14
-8
25
22
27
56
56
74
98
93
78
71
51
92
79
26
69
67
77
75
102
96
90
90
85
62
73
58
79
115
78
100
72
65
49
74
56
86
106
105
115
144
95
19
63
87
68
94
99
67
37
47
51
21
19
28
59
53
61
62
42
46
73
40
53
81
109
74
65
85
64
62
71
113
56
70
124
136
146
145
151
148
123
119
127
132
142
152
165
140
157
138
98
151
126
116
144
127
77
117
101
83
80
62
72
112
100
91
112
87
90
56
93
97
93
142
102
59
118
84
54
75
64
65
58
83
84
92
92
74
56
27
38
34
42
74
54
40
90
122
77
95
126
112
60
76
116
114
70
63
67
47
60
4
12
9
26
41
39
17
41
53
50
43
63
40
-8
32
13
7
12
7
-52
-19
-29
-35
-32
-19
-20
-48
-16
-51
-12
-3
3
30
14
-13
23
29
6
8
20
29
20
21
22
46
21
19
19
14
17
25
26
46
11
2
25
37
24
81
48
-5
30
8
18
34
10
40
58
67
90
85
74
52
82
59
45
40
37
66
32
28
30
16
27
51
58
8
47
54
17
32
4
23
-6
-26
-8
8
-12
12
-3
32
20
22
58
-5
32
17
39
23
54
25
-25
0
-11
5
17
-17
-11
18
6
4
20
17
-9
27
3
-23
3
-6
-22
-28
-13
5
-18
-32
-22
-20
-5
-7
10
11
28
69
-5
81
83
41
32
57
66
67
29
8
28
23
10
2
-14
22
46
18
8
19
44
24
59
23
26
34
50
71
68
70
57
71
51
54
102
104
115
111
106
120
130
136
103
123
123
121
91
88
94
61
77
90
55
8
20
49
53
38
58
62
71
37
26
29
21
-3
23
13
45
54
44
62
44
51
30
90
97
70
74
86
59
86
127
89
71
78
56
43
61
47
65
19
88
70
64
110
75
32
47
77
41
60
41
39
5
48
52
-13
62
34
53
87
86
79
82
103
94
112
114
116
97
92
104
87
109
131
131
101
118
108
100
76
105
94
94
126
121
108
158
106
75
109
88
86
102
91
99
83
69
74
43
67
61
52
51
51
25
27
32
50
77
33
22
28
57
57
71
114
86
80
109
79
110
103
104
113
93
128
98
117
98
81
113
125
143
102
114
92
136
104
67
85
63
58
24
30
74
57
47
92
90
69
103
81
71
76
85
70
71
103
45
46
66
93
67
84
87
95
72
115
98
100
93
81
100
68
76
42
70
63
21
53
101
52
50
50
42
33
16
14
12
40
8
-11
-33
9
22
-6
-15
28
19
18
16
-15
-18
-15
-24
15
-1
3
4
-5
19
-12
-33
-8
-15
-57
-26
-53
-14
-47
-73
-63
-105
-85
-44
-30
-118
-100
-38
-73
-34
4
-26
4
-27
-10
10
-24
1
-21
-50
-39
22
29
29
63
8
27
61
40
59
38
28
14
20
41
64
29
72
81
72
87
82
85
83
85
115
120
130
107
107
111
110
131
72
107
116
93
87
62
101
88
68
93
79
25
76
83
63
33
86
103
96
94
62
80
68
56
26
34
65
77
77
65
77
110
105
76
101
65
88
104
107
129
121
147
119
141
156
140
162
144
127
176
184
183
212
154
164
141
187
196
151
159
128
152
113
140
130
109
72
93
77
97
98
51
61
76
48
12
3
29
70
53
49
17
9
9
-9
-19
23
62
23
4
38
69
49
9
33
47
5
18
49
62
70
78
67
85
78
83
79
70
110
119
146
161
142
159
145
118
133
146
122
161
181
179
145
92
113
135
142
104
142
109
123
114
79
98
96
81
87
41
59
85
55
111
76
71
61
61
19
48
80
69
46
53
43
31
29
43
27
39
85
101
96
40
85
88
53
55
69
71
94
102
80
50
60
49
85
77
80
89
70
74
28
31
74
68
71
45
10
20
28
37
-7
4
22
56
7
0
45
-5
7
33
16
6
17
38
32
47
24
31
58
30
31
64
38
34
52
54
1
3
26
17
58
71
48
33
42
69
84
90
104
104
105
118
82
97
104
94
72
26
102
89
81
115
131
125
98
125
120
118
145
93
112
103
87
141
83
88
83
43
67
87
73
74
83
77
85
124
130
105
125
92
89
102
95
106
63
46
53
67
84
74
58
95
120
82
61
43
59
66
30
18
49
41
15
23
-39
-19
8
-2
11
-27
-60
-56
-60
-34
-1
-32
-13
-6
2
-10
-7
-25
-32
-55
-50
-35
-19
43
18
-39
-22
-54
-69
-49
-9
28
25
-2
36
46
24
5
10
8
-12
18
-39
11
29
33
-10
-1
4
-35
-24
17
-22
-31
-9
-35
-16
-8
-52
-54
-60
-83
-63
-64
-35
-28
-10
-13
-23
7
2
1
1
21
-1
-16
3
0
15
7
-13
13
11
50
70
71
62
83
75
58
75
22
38
62
78
44
56
58
67
123
103
118
134
123
125
99
111
63
76
92
95
112
135
142
111
145
91
110
112
86
123
98
160
125
88
155
148
153
130
157
128
124
123
100
122
118
68
105
143
116
152
110
148
187
158
148
130
128
108
134
159
182
186
189
179
179
201
167
166
192
224
210
190
152
153
149
150
157
140
181
160
149
142
164
147
188
217
155
166
209
201
178
213
193
176
144
182
193
122
164
176
155
141
156
132
151
186
152
156
122
116
159
162
119
113
124
173
134
180
181
131
124
98
125
94
102
128
96
98
85
92
108
70
50
51
46
-9
55
56
28
3
38
70
16
35
25
37
66
49
16
39
48
48
33
22
13
39
45
42
30
34
71
-1
-41
3
-24
-37
-17
2
15
29
18
2
13
-7
25
12
24
-6
-14
-6
-24
-8
17
11
6
17
12
59
59
40
63
97
135
100
92
113
93
103
100
132
109
98
133
125
145
173
157
168
205
161
204
185
141
168
152
141
145
181
165
156
163
187
184
192
188
177
169
177
175
136
196
187
215
239
176
198
186
176
170
178
173
254
232
203
250
191
228
182
174
176
171
183
169
150
181
201
189
183
213
208
176
211
187
205
203
190
161
133
110
132
133
157
221
189
157
156
156
184
185
171
182
172
149
134
158
123
136
135
91
115
119
153
121
101
155
164
135
99
128
141
153
150
138
139
149
126
131
115
133
126
123
149
110
107
171
200
219
216
200
221
218
209
202
178
165
149
171
123
132
177
186
179
155
190
166
129
161
196
156
203
214
188
212
230
242
223
216
192
206
207
202
185
193
217
234
200
212
181
158
201
186
235
206
171
236
283
238
271
279
247
251
272
217
224
264
234
275
220
220
242
194
243
182
200
220
188
212
190
261
248
240
241
265
290
292
302
274
275
257
264
247
286
229
272
268
247
258
247
316
263
292
235
222
265
262
274
266
270
269
285
272
299
310
309
325
342
349
362
338
323
336
315
338
340
385
375
349
320
