51
2
12
16
34
51
-7
20
-12
61
25
20
50
9
4
-1
-11
8
-10
70
75
55
52
44
75
52
53
22
17
61
36
39
67
66
10
18
46
85
74
47
73
65
40
39
63
73
54
53
82
43
49
46
54
60
64
64
55
56
37
84
67
65
30
45
10
4
5
-16
-1
-2
26
-12
-9
7
3
2
-10
-57
-2
18
-22
13
-31
25
9
5
28
-6
22
4
6
6
29
30
34
21
-36
-15
5
-33
17
6
-9
39
29
-25
23
63
58
55
73
69
73
68
59
37
57
71
29
55
26
19
20
27
21
2
8
-14
-16
3
21
-10
31
7
0
-1
-3
-38
-1
25
-20
30
-8
25
-10
-3
48
26
18
10
53
48
50
50
14
5
55
41
66
48
-7
24
36
56
26
36
50
69
71
10
32
28
36
1
6
24
25
20
5
-3
45
6
-38
-13
-30
-62
-3
0
0
7
-27
-33
-46
-16
-38
-2
18
11
-4
25
58
-16
-23
14
43
54
28
44
57
56
78
15
41
30
54
50
29
61
36
72
51
40
37
63
44
43
45
43
37
-11
21
41
2
-32
-22
19
14
-29
-36
-17
3
13
9
-11
35
42
21
35
5
26
-33
-61
-29
-48
-37
-56
-32
-10
10
-51
-10
-9
9
-12
-49
10
-13
-7
-3
-17
10
-19
-32
-14
-46
-10
-42
-35
-23
-46
-29
-31
-35
7
0
11
-21
-23
10
-45
-40
-81
-32
-36
-46
-19
-11
34
19
11
38
44
15
14
13
10
-18
-6
-6
-20
-36
-24
-16
-27
-13
-56
-35
-7
-8
-9
-17
3
31
25
-5
-20
14
4
3
19
54
6
15
51
25
3
-9
27
38
13
19
40
3
18
11
-4
5
43
48
18
42
8
39
44
12
51
39
26
22
42
24
5
-22
36
73
43
25
11
38
11
9
20
51
45
65
85
33
40
33
69
58
29
65
22
44
58
10
52
71
42
51
56
15
24
42
29
28
38
20
-15
-21
6
6
-14
30
7
18
13
17
-7
-3
35
9
26
35
44
3
-13
3
-14
-2
21
22
-33
-35
-6
-82
-53
5
-50
-32
-29
-20
-5
-29
-31
-65
-54
-63
-55
-21
-58
-45
-56
-96
-68
-43
-80
-64
-56
-64
-70
-23
-21
-35
-47
-44
-4
-66
-51
-62
-17
-29
24
46
-7
-21
-44
-45
-26
11
-28
-51
-33
-22
-75
-63
-43
-75
-76
-105
-80
-94
-35
-65
-43
-42
-39
-41
-37
-45
-61
-45
-79
-24
-31
-57
-52
-74
-79
-109
-91
-61
-53
-28
-53
-28
-86
-89
-45
-52
-69
-76
-24
-19
-28
-56
-40
-61
-48
-54
-29
-62
-83
-60
-67
-41
-67
-82
-126
-107
-100
-89
-97
-93
-85
-57
-68
-79
-69
-63
-42
-73
-58
-44
-66
-44
-14
-48
-32
-58
-63
-59
-42
0
-5
-42
-42
-56
-45
-22
2
-5
-64
-28
-49
-45
-42
-21
-24
4
-35
-63
-53
-64
-74
-88
-52
-67
-74
-52
-58
-81
-100
-49
-79
-68
-59
-61
-45
-63
-34
-51
-75
-30
-52
-62
-57
-52
-43
-8
-33
-32
-19
-3
8
-20
28
6
28
24
15
2
-14
-9
7
62
-10
-5
29
0
27
-10
-28
-5
13
23
38
26
6
33
55
40
57
38
21
14
25
21
-13
47
31
-17
33
36
28
52
63
27
41
41
54
36
57
52
27
55
18
45
77
24
36
43
28
68
13
23
-1
-16
6
-6
4
7
-16
0
30
25
8
15
47
-17
31
60
34
42
-5
-1
12
-7
21
27
15
-4
-2
0
13
25
-25
-20
-13
-2
-37
3
-4
10
41
23
-26
-51
-12
28
0
6
-11
-33
19
-35
-6
-6
18
-12
-23
6
7
33
-10
6
8
20
-6
14
22
14
4
-46
-29
-28
-1
19
-11
2
3
9
15
24
27
49
35
3
-6
-19
5
15
24
27
-10
-61
-31
-15
-31
-2
-24
-1
15
-19
-12
3
10
16
-43
-14
-14
-60
-26
-9
-39
-56
3
41
-17
-11
0
-2
-5
-12
19
-9
-56
-64
-29
-63
-71
-11
4
-46
-53
-10
-10
-18
-40
-25
10
-16
-34
-23
-2
14
-6
5
0
-5
13
-14
1
10
31
1
2
-24
-2
25
17
-28
-44
-3
0
-31
-43
-19
-36
-51
-59
-14
-25
-54
-37
-35
-27
-57
19
36
23
38
30
2
46
26
-13
17
6
7
40
67
-18
9
58
35
24
39
13
-39
-4
-17
-14
8
11
25
34
72
36
52
37
30
39
29
22
-21
40
9
-1
1
29
5
19
-1
19
15
19
-17
-41
20
-4
30
9
19
39
10
33
27
39
71
66
68
35
68
34
3
24
28
11
20
40
19
56
9
48
72
48
10
-3
36
50
65
37
24
42
31
47
30
-1
-11
-27
13
-10
26
-4
60
53
14
79
34
-13
8
2
-42
-2
36
12
-20
-5
-40
5
-6
-20
12
-26
-2
24
15
2
45
40
23
34
36
21
41
32
31
38
17
14
-7
62
31
-1
-2
16
3
-4
28
39
79
65
49
16
65
41
50
26
29
55
-4
-15
-2
0
-6
15
9
22
36
46
18
-32
-20
9
24
24
48
40
-6
5
7
52
64
14
35
25
23
19
47
73
10
33
42
24
23
58
-12
39
31
11
84
45
49
51
44
42
29
13
41
29
13
20
52
-5
-31
31
-12
7
2
-41
-13
19
1
2
35
14
3
4
33
26
16
26
32
20
37
18
23
57
40
40
32
35
8
7
-23
5
36
37
19
21
20
48
48
60
68
3
20
39
-5
42
36
3
29
9
-9
-11
2
18
32
39
31
5
-5
17
11
18
35
29
99
84
92
81
56
66
67
64
106
83
39
43
51
8
-7
22
15
-7
-2
34
35
53
29
65
53
17
46
71
79
70
71
55
74
53
44
50
13
51
60
66
62
43
9
25
62
59
47
49
48
34
-10
39
53
27
20
38
23
8
25
1
7
29
0
-2
12
27
36
39
37
45
61
21
31
22
-9
-9
28
14
8
5
11
-5
-12
60
57
40
37
66
40
2
-15
23
36
13
21
-5
-11
-34
4
28
9
35
5
32
28
31
47
61
24
25
24
48
83
48
20
14
37
31
31
42
44
69
58
67
49
46
30
39
34
15
19
60
49
32
57
54
55
51
87
18
30
33
24
33
101
72
40
82
34
48
93
47
101
62
95
130
61
72
48
83
45
50
27
-5
17
30
26
24
31
42
29
28
36
31
25
2
32
28
66
37
43
18
4
-2
-3
39
30
15
45
42
24
83
80
92
83
72
55
56
104
40
21
43
32
72
56
65
47
45
41
58
51
59
53
51
45
62
90
45
48
45
45
24
31
43
48
67
39
4
7
49
67
44
64
65
60
66
58
61
39
37
50
13
36
34
31
48
14
59
29
46
96
42
40
49
41
46
-1
12
37
2
32
34
38
0
-5
-7
-39
-2
-17
9
-16
0
35
42
49
57
19
33
23
16
32
29
17
-25
7
37
-21
-11
15
0
5
-18
8
-3
8
37
27
17
14
1
-28
-5
20
-10
0
-1
-8
-11
-11
-4
1
-13
-8
-9
-46
5
-2
-70
-56
-31
17
9
-4
-12
22
-1
2
42
6
3
-26
-5
39
-10
10
-14
12
42
20
26
20
21
48
51
17
45
12
16
-3
7
21
8
20
-5
11
29
38
25
35
47
0
18
55
43
62
69
46
48
66
52
61
49
5
33
16
41
17
38
11
-21
7
12
-4
-11
37
-14
-3
33
18
10
13
10
33
21
-18
21
48
54
42
51
46
22
20
28
2
15
-1
-4
-22
-65
-20
-19
-2
-3
9
40
14
1
42
17
-5
-19
-1
18
22
20
-20
-15
-11
-9
48
8
13
12
-6
18
-9
-7
-4
10
-10
-21
-24
-1
17
3
30
7
0
-3
5
-20
-21
-36
-17
3
-1
-13
-52
-40
12
29
6
16
19
53
60
52
35
45
45
70
32
72
60
60
91
60
32
65
41
53
103
70
76
75
63
74
98
41
19
38
44
4
32
6
41
50
-3
23
43
22
33
4
23
41
54
10
34
28
25
32
40
42
26
29
-5
3
16
18
-2
0
4
73
-15
13
4
-25
25
-24
-5
17
4
21
20
-12
15
5
18
-17
12
43
69
64
27
16
19
10
7
32
49
29
-29
-32
-21
1
26
22
22
34
-1
-29
-19
-54
-8
-9
-26
-19
12
39
-35
-27
-17
-7
-1
9
-8
32
30
26
29
23
30
14
24
5
15
26
30
-13
-15
8
-45
-20
-26
-12
7
-37
-13
5
1
-30
-67
-65
-37
-46
-74
-50
-20
-55
-65
-41
-48
-50
-41
-22
-48
-66
-46
-38
-4
-26
15
-4
-49
-13
-41
-32
-41
-38
-66
-61
-58
-26
-35
-36
-46
-52
1
-32
-53
-32
-58
-66
-53
-25
-35
-59
-49
-38
-63
-53
-26
-54
-60
-56
-8
-22
-51
-40
-21
-54
-85
-25
-8
-39
-51
-61
-83
-50
16
-27
-45
-49
-46
-13
-29
0
-48
-27
23
16
-5
-55
-4
-45
-60
-54
-56
-59
-72
-55
-42
-47
-55
-31
-34
-49
-48
-43
-29
-42
-51
-12
-32
-61
-37
-18
-13
-34
-49
-73
-40
-48
-52
-23
-63
-39
-41
-55
-35
-24
-19
-14
-22
-19
27
-19
-71
-17
-6
-45
-23
-16
-60
-56
-97
-105
-56
-62
-29
-43
-49
-40
-49
-73
-67
-48
-82
-80
-50
-43
-83
-73
-59
-28
-46
-43
-59
-49
-42
-57
-23
-19
-37
-40
-42
-35
-36
-71
-61
-65
-45
-75
-15
-59
-47
-8
-53
-14
-33
-39
-28
-21
-29
-28
-79
-77
-75
-106
-112
-109
-63
-63
-47
-9
-77
-59
-57
-98
-132
-91
-73
-75
-84
-60
-18
-49
-27
-15
-21
-39
-47
-36
-25
-27
-20
-42
-32
-66
-72
-101
-86
-49
-77
-67
-104
-114
-49
-26
-24
-31
-47
-36
-62
-73
-62
-87
-70
-89
-89
-65
-54
-65
-66
-61
-67
-79
-73
-44
-58
-62
-48
-43
-43
-59
-40
-29
-17
-28
10
-5
-24
-7
-1
-55
-55
-22
-4
-16
-43
-60
-64
-45
-23
-1
-38
-65
-18
-52
-69
-19
12
26
-11
-18
-28
-36
-10
-11
-42
-21
8
-1
-8
27
7
22
-9
-6
21
-12
-21
-43
-76
-3
17
-29
-15
-43
-27
-23
-53
-31
-10
-22
-23
-55
-12
-27
-53
-52
-43
-35
-53
-57
-76
-52
-22
-39
-97
-27
-76
-89
-60
-23
-21
-40
-32
-8
-3
-32
-14
-37
-56
-72
-62
-81
-88
-81
-36
-3
-25
-51
-12
-3
-49
-17
-49
-30
-31
-29
-52
-79
-55
-73
-72
-90
-90
-78
-116
-64
-59
-93
-88
-82
-81
-87
-87
-67
-76
-83
-68
-71
-41
-68
-60
-42
-43
-56
-35
-8
-35
-32
-43
-21
-9
-61
-57
-40
-42
-60
-28
-74
-94
-29
-46
-57
-33
-40
-61
-3
-30
-55
-41
-61
-48
-70
-79
-80
-72
-60
-68
-54
-81
-132
-74
-43
-86
-36
-47
-63
-82
-68
-55
-49
-40
-76
-43
-63
-85
-44
-95
-67
-68
-47
-89
-66
-29
-57
-71
-71
-85
-112
-107
-88
-92
-75
-34
-64
-75
-86
-98
-105
-92
-90
-89
-83
-99
-116
-82
-73
-68
-100
-83
-72
-87
-113
-80
-80
-106
-80
-81
-54
-60
-52
-47
-42
-72
-142
-112
-89
-107
-67
-67
-111
-119
-94
-70
-64
-62
-110
-108
-53
-49
-30
-51
-73
-51
-59
-69
-44
-50
-54
-68
-27
16
-32
-43
-20
-45
-19
8
-38
-23
-17
-13
-40
-42
-48
-55
-43
-40
-50
-35
-14
-52
-38
-43
-9
-12
-15
-22
-22
-17
-34
1
15
31
36
4
17
-9
-8
-1
-7
22
49
20
17
34
47
58
23
42
19
1
29
2
9
-5
14
-43
-25
14
-30
-1
31
48
9
-3
-12
-52
-8
-6
-32
-33
-25
29
27
-18
10
-4
12
14
0
-14
-42
-4
-43
13
16
-12
-11
-10
-27
-30
10
-28
-7
6
-3
-15
-18
25
-6
32
-3
22
43
13
48
32
17
-14
-12
3
38
-11
-21
4
4
30
18
19
21
53
11
9
5
2
52
16
-11
-34
-6
-22
1
30
11
-4
-3
15
-6
-10
5
-25
2
22
17
9
-1
-11
9
16
-2
0
-6
12
-10
-22
-30
-23
1
-29
-12
-1
-25
14
25
-17
0
0
-14
-30
-41
-42
-25
-62
-20
22
10
14
-2
-11
-12
-37
-65
-15
-36
-52
-25
-36
-6
-18
-77
-55
-60
-78
-26
-69
-51
-28
-49
-33
-37
-47
-62
-40
-13
-20
-51
-8
-5
-2
-7
-27
-59
-68
-55
-54
-10
-43
7
18
15
-2
-16
-28
-19
-32
-31
17
-13
3
10
11
-11
12
22
-42
-30
-4
24
3
7
-23
-17
-19
25
14
38
25
-35
-9
-41
-17
-10
3
21
-38
-15
-18
-40
-74
-52
-20
-46
-61
-64
-33
-12
-34
-16
-34
-21
-30
-54
-32
-54
-52
-65
-66
-56
-28
-43
-75
-64
-81
-88
-37
-44
-92
-36
-1
-14
-16
-50
-49
-32
-12
-21
-49
-17
-50
-20
-28
-63
-44
-44
-30
-24
-76
-48
-16
-51
-82
-50
-28
-71
-56
-14
-7
-24
-14
-25
-44
-38
-12
-50
-57
-73
-42
-45
-53
-32
-10
-48
-66
-12
-49
-32
-34
-60
-21
1
12
-18
-29
-56
-38
-31
-9
-25
-13
-24
-26
-27
-11
-39
-19
2
17
6
-27
-18
-1
64
-37
-34
0
5
26
14
36
26
47
69
57
10
8
24
25
-1
30
33
-5
17
28
19
18
36
15
14
-21
11
-17
-8
40
-2
20
40
14
-2
-22
0
-15
-43
9
17
18
-14
14
24
56
1
14
12
-4
-24
-53
-60
-62
-39
-47
-48
-65
-49
-51
-16
-14
-83
-49
-79
-101
-77
-50
-51
-87
-47
-40
-66
-27
-61
-74
-57
-66
-37
-40
-39
-53
-55
-31
-36
-11
16
27
-31
22
-13
-22
23
-35
-38
-42
-49
-30
-36
-44
-1
3
-35
-32
-28
-15
-26
-17
-24
-7
22
25
36
28
5
2
-12
-8
44
18
35
10
-14
14
11
0
-12
-18
-38
-51
-41
-31
2
-10
-47
-80
3
-12
-51
-44
-25
-11
-4
-25
-45
-31
-23
-53
-50
-51
-9
8
-3
6
-19
4
-9
-21
-21
-30
-40
-43
-46
-53
-38
-77
-41
-36
-56
-16
-15
-11
-39
4
-1
-55
-1
8
-19
-8
8
61
22
-10
0
15
5
22
28
43
-2
10
12
-6
-38
42
40
-9
-13
-33
22
-4
21
40
33
40
37
20
41
37
44
66
48
74
35
3
38
62
25
-8
32
14
1
15
16
80
88
3
40
52
-23
-4
11
24
1
-9
16
21
21
10
-9
44
51
77
57
42
-4
14
21
-6
-17
-5
27
-4
2
-39
-21
1
-51
10
-15
-23
-16
-36
-25
-6
-13
4
3
-12
-6
29
-17
-48
-16
-45
-10
-21
-18
-24
-18
-64
-39
4
-34
-42
-58
-45
-33
-33
-19
-29
-64
-10
-31
-56
-53
-26
-39
-53
-45
-27
-16
-58
-39
-51
-68
-11
-34
-3
-1
-12
12
3
4
1
11
14
19
-21
-25
29
10
-4
-15
13
18
10
28
-12
-18
25
54
22
11
-8
-15
9
-1
-40
-27
-22
5
-10
-4
-3
10
39
32
3
34
56
30
8
2
47
50
37
10
6
16
-1
-10
-1
4
-35
-15
9
21
-13
-17
-16
-21
-21
6
30
26
43
38
58
47
72
10
19
34
33
-7
18
40
-4
5
9
22
37
-24
-25
18
13
-21
-11
17
-8
-9
15
-10
6
2
-9
23
0
21
32
-1
15
74
51
-4
58
18
26
28
21
17
-1
29
61
33
18
31
43
50
38
14
15
11
4
35
24
18
-22
26
9
34
40
23
50
15
50
28
58
35
57
61
39
56
54
43
38
62
33
50
56
26
28
38
-3
49
25
30
98
60
33
35
45
36
36
18
-6
8
-7
-14
-8
-50
1
30
-3
-7
29
2
51
56
0
21
5
20
14
38
7
-20
16
-6
24
14
30
36
-8
45
31
13
27
44
24
62
33
35
57
61
62
63
71
64
51
12
8
40
33
49
45
4
9
-6
-1
-12
0
-18
-29
-7
-57
-55
-36
-22
-5
-13
-6
-5
8
20
-7
-25
-33
-15
3
24
35
58
43
35
38
19
50
37
34
78
64
77
38
33
62
31
6
20
18
17
71
2
44
24
36
65
64
22
-9
32
15
50
53
41
67
17
17
3
-13
24
37
19
19
-14
-1
39
-5
45
-6
-22
-6
37
16
0
29
31
18
25
13
26
42
20
-3
-20
9
13
31
-9
35
35
35
22
24
40
46
75
55
25
27
18
-3
29
28
-13
25
-4
33
18
20
-2
-43
6
-15
18
40
-4
12
25
34
25
6
46
8
7
-18
-3
1
-10
-16
-6
23
-4
-1
21
17
14
22
22
89
27
63
99
66
74
34
41
51
63
40
66
50
36
61
53
75
42
65
76
44
30
3
50
34
29
30
22
14
1
36
45
33
-50
5
14
3
0
-59
-48
-32
-16
-36
-21
-76
-52
-56
-5
21
8
41
56
28
-33
-29
-36
-13
-30
-14
-1
15
18
-4
-11
-14
-9
-10
-60
-31
-28
-24
-18
-13
-28
-39
-41
-29
-28
-13
31
-8
23
2
2
0
-14
4
-16
-34
-16
15
8
-29
-55
-30
-14
-4
15
16
14
-30
-42
-2
-31
-39
-5
14
-35
27
32
13
-16
4
15
18
0
-24
0
-34
3
-2
-36
-5
20
50
45
-32
-14
-19
-19
-15
21
20
-39
-22
-5
-11
49
33
16
-8
3
27
13
-8
30
46
4
54
37
34
50
25
64
68
119
79
47
101
51
63
71
63
25
13
27
8
1
-11
-5
-16
-21
3
31
26
9
-16
-18
18
32
24
48
15
5
-1
24
4
-25
12
10
-26
-7
37
-1
5
5
-5
1
-6
-42
-8
-7
-23
-15
-24
-33
-29
-17
-23
-39
-51
-74
-48
-21
-72
-40
-46
-30
-26
-2
-26
-28
-8
11
12
19
63
45
21
11
3
5
1
39
76
15
53
33
-3
-4
11
42
31
28
64
28
20
39
2
2
33
22
1
44
17
39
21
57
41
25
75
65
40
6
22
38
30
13
34
18
26
29
25
15
-56
-30
22
31
-40
-38
23
-1
8
14
-9
10
-5
-13
26
24
47
49
-8
-19
-25
32
12
-9
-7
-12
1
-4
5
11
39
26
47
34
26
41
11
9
9
10
7
46
23
9
22
17
-21
19
29
-8
-14
-4
18
6
24
-20
-15
-10
-29
8
15
8
-21
-41
-30
-18
5
-7
-34
-9
5
22
38
44
24
14
3
-14
-3
-16
-34
-3
-23
-37
-2
28
-4
1
0
1
-7
15
6
-44
-67
-13
31
-35
15
6
0
-1
-19
-33
-25
-54
-45
-9
-62
-23
-32
-23
4
-43
18
-7
-24
-45
-76
-19
-8
1
7
-4
-61
-17
-41
-18
-5
-10
-18
0
-22
-19
31
-33
-22
-12
-22
-64
-27
-13
-44
-7
-13
-21
25
-6
2
-11
2
-29
-54
-41
-41
-34
-29
-77
-62
-64
-63
-51
-53
-18
-29
-45
-51
-15
-33
-55
-6
-10
-24
-46
1
0
-1
23
35
20
13
41
-3
7
6
-12
-18
-34
-19
-17
-30
-36
-5
-30
-49
-9
37
9
16
9
-2
-25
17
35
-3
49
58
15
9
5
-24
-13
-9
-51
21
28
12
8
-26
8
-25
-67
-31
-5
-37
-56
-73
-40
-11
-47
-45
-24
-32
-66
-13
-19
-48
-47
-65
-49
-80
-66
-72
-59
-81
-40
-78
-96
-77
-125
-88
-71
-77
-36
-56
-75
-77
-69
-81
-70
-38
-82
-51
-62
-56
-16
-45
-17
-72
-52
-19
-41
-28
-44
-26
-65
-46
-50
-5
-15
-32
-32
-49
-63
-33
-8
-48
-31
-45
-47
-56
-59
-123
-109
-75
-76
-61
-73
-64
-38
-60
-43
-23
-105
-67
-66
-61
-43
-7
-59
-66
-82
-40
-62
-53
-30
-71
-36
-46
-8
-56
-69
-83
-61
-71
-98
-82
-66
-65
-91
-60
-56
-30
-66
-69
-41
-44
-29
-63
-50
-47
-56
-3
9
-11
-7
-17
-38
-49
-39
-19
-8
-8
-15
18
-2
-18
5
-72
-77
-36
-28
-6
5
-54
-22
-10
-16
-13
-2
-2
-35
-15
-28
-12
-9
-8
21
-8
-7
38
-23
-23
6
-38
5
-11
1
1
6
36
-3
26
-8
1
17
60
15
-8
-6
-12
21
9
22
12
42
48
16
9
28
12
25
25
4
-11
14
-22
28
42
4
8
-12
1
-10
15
20
1
-13
-19
-19
-16
-3
18
-21
-18
-25
2
16
-17
-22
-46
-15
-49
-44
-78
-67
-12
-5
-59
-51
7
-57
-18
-31
-30
-1
-16
-21
-33
-54
-42
-9
-28
-5
-26
-17
4
-10
-2
-1
-4
-21
-47
-46
-27
-1
9
5
-11
-22
-22
9
19
4
10
-10
19
-10
1
-10
-13
-26
-31
-58
-64
-18
-31
-51
-40
-47
-83
-26
-57
-79
-40
-26
1
-21
11
-5
-10
-14
-9
-25
-39
-29
-25
-30
-40
-29
-55
-41
-48
-73
-32
-69
-35
-38
-66
-26
-65
-71
-53
-55
-39
-10
-66
-56
-58
-52
-55
-37
-30
-33
13
20
-5
-9
27
-23
-35
-32
-40
12
11
-45
-16
-37
-23
-33
-40
-13
-5
18
-32
-24
2
-35
-1
1
-4
32
17
22
-7
-14
-11
-8
-1
-14
-9
-5
2
1
-14
-10
-23
-10
-19
-40
-14
-26
-66
-1
6
-28
-23
-30
-20
26
-8
-23
-19
-12
-36
-69
-18
-42
11
-21
-17
-6
-56
-37
-42
-7
46
-9
-38
-4
-22
0
18
46
18
19
30
28
35
38
25
27
44
6
42
45
33
54
85
87
96
97
41
58
71
40
57
67
64
29
30
44
26
18
45
86
42
39
74
37
48
73
66
47
68
74
60
36
66
85
92
74
65
94
56
49
71
99
38
90
120
82
95
117
86
112
104
88
129
79
98
90
75
69
66
77
37
48
61
56
68
68
75
78
66
65
65
39
59
72
41
14
18
2
25
49
49
39
22
40
37
16
21
28
-8
1
14
-13
40
-1
-2
-1
9
40
26
-5
14
17
49
38
-1
-9
-7
-26
-28
22
27
9
26
20
14
-26
-27
-3
5
-3
22
61
-7
-6
0
-4
22
0
32
-10
-36
-14
-40
-21
-13
-71
-23
-9
-58
-27
-52
-17
36
8
30
37
29
39
25
22
27
61
28
16
42
25
23
29
24
12
1
17
16
14
-37
1
39
-10
-15
25
11
1
34
15
47
9
4
32
43
26
3
28
41
36
40
36
59
27
-3
53
55
72
112
116
51
78
136
89
104
127
76
84
87
104
100
121
136
103
134
103
81
82
122
108
85
84
53
77
43
56
81
83
75
83
72
69
72
50
58
55
26
19
26
-12
26
39
40
33
20
6
11
44
37
36
39
65
40
39
8
49
65
40
38
53
110
61
39
7
46
13
57
71
17
24
-2
40
58
113
70
55
56
75
53
58
42
62
47
79
109
66
107
76
76
109
91
85
83
92
76
36
58
111
137
104
110
116
126
89
72
97
76
103
124
124
138
131
124
147
133
172
154
125
128
120
151
105
108
117
142
147
140
112
120
154
142
122
123
89
78
77
75
117
136
137
121
137
113
127
129
146
144
148
102
129
143
99
99
119
133
114
163
95
71
89
107
104
105
115
109
97
95
102
95
79
80
80
47
84
106
104
120
98
70
93
114
110
114
74
69
51
70
111
53
7
26
56
68
36
33
62
60
34
43
67
60
79
44
102
112
65
135
74
108
122
100
98
77
70
51
102
106
83
96
79
62
49
65
124
99
82
118
92
66
97
94
84
118
102
107
69
96
92
63
57
72
78
82
117
93
104
108
130
136
75
109
118
101
114
73
77
106
110
82
75
77
100
56
30
40
27
37
64
86
43
31
95
104
123
115
74
121
128
128
118
109
105
76
92
107
109
127
67
100
113
120
158
87
110
139
100
134
131
125
118
127
146
122
122
151
153
179
157
156
157
169
160
161
166
140
209
154
140
163
126
82
89
92
65
81
81
86
136
146
158
154
145
160
115
109
138
149
166
111
125
114
128
157
126
95
126
94
79
112
135
126
122
164
139
158
121
98
120
137
69
86
79
119
121
75
116
69
69
27
52
87
63
94
79
88
127
99
126
104
96
122
117
107
120
106
134
104
98
110
87
105
107
125
93
117
129
73
76
77
109
102
71
85
101
78
95
139
106
65
103
57
81
116
69
91
64
88
75
92
116
106
90
117
68
60
65
69
61
58
70
72
100
122
79
101
113
79
105
87
112
81
98
141
98
96
134
126
109
140
131
117
109
74
79
122
86
92
149
113
87
94
155
138
142
171
137
135
144
167
124
157
166
138
147
116
147
149
156
143
124
148
141
141
131
131
162
133
129
113
135
155
95
128
145
101
140
147
177
164
93
117
150
143
184
210
201
145
193
218
171
121
150
211
167
197
171
210
146
121
129
116
124
126
128
103
99
118
164
128
146
128
129
146
126
139
135
139
126
144
132
130
107
135
163
127
157
213
190
191
173
168
194
119
163
141
148
151
140
154
132
187
150
156
125
159
163
155
178
150
143
179
148
145
181
171
173
174
172
175
176
155
171
207
152
169
164
161
186
113
114
82
66
131
102
60
108
99
94
87
101
109
120
122
82
124
132
149
153
107
139
155
118
149
128
81
95
122
93
116
131
100
105
108
101
88
77
74
108
99
103
108
127
157
96
102
135
103
102
132
127
90
143
147
135
132
158
132
138
161
194
145
135
135
136
159
155
135
91
104
82
104
110
91
82
93
92
117
129
107
143
87
89
94
89
127
72
107
122
78
78
79
49
87
107
78
79
94
121
74
65
72
26
59
65
73
71
63
32
84
84
114
135
119
133
106
86
108
130
107
88
50
76
117
111
85
100
106
97
79
77
58
88
93
100
76
56
89
111
84
79
54
52
82
59
98
115
82
87
92
83
66
134
86
72
71
79
99
78
94
45
92
43
51
39
53
51
93
90
78
101
62
94
100
93
93
76
86
85
69
81
142
121
73
76
63
61
58
63
74
47
76
90
73
70
81
103
79
83
89
65
36
33
24
44
66
85
73
76
65
68
89
81
32
73
19
39
38
26
37
29
34
14
15
34
81
50
52
53
63
25
45
52
41
35
41
8
18
-3
14
31
18
39
73
64
32
25
43
64
52
56
59
58
33
12
36
16
21
13
-12
43
17
22
-30
-42
34
10
9
51
51
19
31
34
56
69
23
-13
25
60
62
38
-7
15
21
30
-3
11
82
40
62
99
84
42
23
36
54
53
56
13
5
61
40
59
75
62
51
66
107
53
57
42
29
48
40
86
89
106
95
54
41
47
59
67
85
82
69
85
51
70
74
105
99
43
76
92
56
52
93
43
47
11
44
35
45
36
47
62
49
82
61
68
78
84
78
94
110
114
92
102
111
96
80
77
70
28
46
72
79
102
67
55
81
63
59
92
93
84
30
21
39
13
29
47
30
53
65
50
42
-2
17
-2
27
57
51
34
35
52
40
62
64
92
58
50
27
28
39
22
57
57
66
98
106
134
107
85
90
124
98
87
93
88
81
73
74
56
49
39
9
20
19
48
98
53
44
41
45
33
60
57
46
31
10
55
35
24
25
14
64
63
78
95
57
50
43
44
59
61
49
40
62
33
49
55
24
65
55
68
71
39
14
31
26
11
42
33
52
29
44
68
42
49
57
43
40
53
55
70
35
40
54
-4
59
49
17
68
27
35
80
55
45
85
56
65
8
-27
-18
133
130
100
228
201
180
189
112
87
57
-85
-104
11
-178
-126
-23
-158
-52
26
-45
20
82
31
4
83
-3
-18
85
42
21
101
31
-4
23
-28
-107
-60
-86
-157
-127
-55
-43
-32
43
88
89
101
76
48
56
41
5
-63
-16
-9
-36
-45
-87
-116
-77
-101
-116
-97
-102
-91
-109
-57
-17
-9
42
68
85
33
40
-28
-62
-43
-85
-89
-91
-93
-89
-57
-35
-65
-43
-41
-35
-17
-19
-16
-41
-40
1
7
26
20
-16
-10
-4
-55
-56
-30
-108
-92
-54
-113
-108
-75
-70
-70
-66
-49
-60
-63
-47
-3
-1
-54
-25
-12
-18
-35
-11
-35
-44
-8
-53
-38
-6
-42
-63
-12
-18
-7
-17
-6
-4
0
21
3
26
29
-17
1
3
-28
-73
-62
-63
-89
-69
-79
-83
-124
-127
-83
-118
-90
-40
-1
-6
0
-36
-3
2
15
-21
-76
-68
-82
-39
-68
-47
-75
-67
-67
-59
-47
-65
-46
-34
-23
-17
-5
3
-13
51
-2
-15
13
-28
-9
-45
-55
-64
-27
-42
-23
5
-21
-5
31
-7
-17
-30
-60
-12
-24
17
15
2
55
46
-3
17
14
49
16
-25
-15
-34
-22
4
4
-9
22
-24
13
37
38
39
26
72
59
28
46
-1
24
57
43
5
-30
-27
-37
-64
-43
-26
-54
-13
-9
-43
-10
-1
-16
26
-21
-7
39
-36
-34
-50
-33
2
-29
26
-7
-36
5
5
8
16
-10
-14
20
-4
28
34
34
-5
-6
24
-12
-1
20
18
27
-4
-57
-15
-38
-45
-29
-7
-18
-67
-86
-31
-34
-49
-62
-59
-4
-38
5
-19
-71
-20
11
-35
-36
22
11
32
26
-28
-45
-27
-12
-86
-50
-21
-33
-9
-39
-29
-30
-61
-73
-11
-7
-28
-9
-5
-24
-11
-22
-20
11
-42
-66
-83
-88
-72
-64
-46
-44
-27
-32
31
-3
-27
-19
8
-22
16
35
18
93
149
105
104
74
38
36
19
-58
27
-47
-112
-36
-56
21
-8
69
58
43
97
71
68
90
113
44
32
53
88
46
11
83
28
-29
-9
-4
-81
-79
-90
-51
-47
-21
35
28
71
69
82
75
26
24
-13
12
-33
-30
-20
-53
-59
-58
-41
-55
-56
-89
-28
-28
-26
-21
-9
42
16
71
73
41
66
65
35
5
9
3
-23
1
20
-13
10
22
-7
42
-4
-22
42
-16
19
72
32
67
69
49
47
32
35
36
-14
19
0
-20
-24
-62
-16
7
-2
29
-16
-33
5
5
-5
-7
-31
38
10
-69
22
2
34
30
-33
-12
-72
-39
-29
-66
-39
-73
-82
-13
-5
-28
-21
0
-26
-19
-16
-12
-11
20
-5
-34
-57
-83
-65
-53
-35
-17
-52
-19
-95
-960
-1252
-830
-986
-1145
-1020
-1052
-592
-423
-899
-688
-464
-1086
-917
-368
-551
-392
73
292
625
1087
902
551
595
189
-615
-1103
-1362
-1868
-2119
-2044
-1908
-1828
-1320
-801
-397
172
619
622
636
1024
887
357
411
338
-136
-185
-202
-474
-631
-636
-1005
-1213
-1070
-1337
-1527
-1058
-755
-1063
-521
207
-149
441
1108
692
632
973
589
128
275
-95
-571
-324
-362
-702
-564
-357
-805
-827
-451
-598
-595
-214
140
122
360
789
435
598
890
290
240
370
104
-107
228
208
-213
-269
-404
-685
-759
-615
-888
-771
-248
-190
108
676
21
34
580
59
13
163
-470
2
487
-218
331
794
-221
205
674
-362
-490
-210
-1069
-1047
-521
-804
-840
-65
104
339
877
759
481
516
515
319
-39
-114
-283
-480
-322
-84
-408
-344
-54
-102
-18
202
17
-66
167
165
100
315
231
13
122
-68
-360
-219
-371
-623
-253
-246
-371
1
84
-22
23
91
-51
-151
-121
-234
-246
-59
-10
98
54
173
241
112
83
-166
-370
-448
-642
-881
-742
-509
-515
-209
-58
-109
23
-42
-178
-114
-165
-311
-125
31
-9
121
286
311
455
547
389
174
124
-61
-174
-135
-144
-76
209
444
597
719
588
740
761
746
804
780
705
758
892
924
918
843
780
858
988
903
705
605
635
807
969
1050
1080
1123
1244
1350
1385
1221
972
624
519
427
4
-371
-541
-485
-513
-384
-266
-233
-151
-130
-314
-442
-779
-1350
-1515
-1695
-1951
-1791
-1724
-1678
-1212
-839
-761
-345
-226
-580
-432
-408
-880
-914
-961
-1345
-1233
-1116
-1272
-1096
-946
-1113
-920
-735
-922
-649
-544
-683
-306
-34
-56
299
480
222
519
476
24
186
-217
-582
-169
-378
-533
234
340
495
1497
1645
1775
2432
2292
2313
2581
2373
2373
2639
2710
3225
3942
4498
5488
6609
7323
7810
8172
7724
6766
5842
4113
2397
162
-3195
-5412
-6580
-7614
-7653
-7094
-6057
-3672
-1102
1163
3607
5035
5667
6283
6456
5908
4643
3327
2264
1146
400
-380
-1369
-2197
-2908
-3420
-3804
-4167
-4541
-4487
-3751
-2555
-1240
253
1761
3089
4274
5195
5309
4730
3745
2496
1219
-220
-1562
-2721
-3466
-3618
-3401
-2914
-2451
-1996
-1398
-718
-94
360
691
979
1303
1815
2243
2375
2400
2254
1918
1449
693
-267
-1301
-2235
-2924
-3259
-3419
-3301
-3049
-2663
-2342
-2295
-2062
-2476
-3119
-3040
-3222
-3196
-2513
-2470
-2223
-1162
-981
-1015
-643
-1407
-2360
-2607
-3437
-4354
-4444
-4518
-4472
-3594
-2794
-2324
-1408
-797
-582
-10
131
-9
89
176
370
788
1093
1257
1407
1320
1171
1224
1029
880
1028
1234
1936
3157
4244
5704
7547
8911
10514
12273
13745
14855
14550
12680
9801
4444
-2050
-7630
-12881
-16688
-18896
-19530
-16518
-11318
-6080
-140
5709
9656
12189
13683
13631
11547
8596
5945
3472
1502
189
-893
-1560
-2137
-2732
-3433
-4787
-6577
-8248
-9083
-8973
-8087
-6216
-3405
86
3819
7512
10216
11428
11384
9974
7565
4493
829
-2640
-5520
-7201
-7740
-7319
-6169
-4852
-3326
-1739
-500
110
405
442
455
783
1489
2224
3037
3901
4614
5033
4746
3671
1993
-156
-2329
-4343
-6003
-7050
-7359
-6695
-5282
-3450
-1460
384
1864
2885
3513
3326
1968
-182
-2019
-3244
-4429
-4890
-5066
-4977
-3743
-2678
-2051
-1077
-1188
-2099
-2290
-2541
-3324
-3593
-3730
-3717
-3084
-2249
-1710
-1575
-1414
-1641
-1979
-2018
-2609
-3182
-2990
-2522
-1593
-381
826
1740
2386
3039
3201
2835
2096
854
-161
-575
-836
-795
-306
455
1719
3441
5143
6887
8108
9240
10430
11460
12836
13550
13030
11546
9314
6362
1770
-3966
-9010
-13165
-15921
-16939
-16385
-13606
-9216
-4468
1048
6499
9818
11873
12943
12647
11128
8606
5935
3278
957
-546
-1591
-2411
-3341
-4204
-4789
-5641
-6598
-7417
-7807
-7547
-6311
-4090
-1355
1659
4596
7372
9545
10474
10274
8705
6172
3150
-57
-2926
-5446
-6994
-7528
-7166
-6007
-4561
-3044
-1608
-513
435
976
1226
1297
1476
1919
2412
3086
3599
3849
3824
3339
2393
999
-789
-2787
-4655
-6157
-6930
-7213
-7018
-6070
-5078
-3758
-2117
-829
72
830
988
682
767
512
-219
-509
-1003
-1820
-2043
-2435
-3381
-3914
-4433
-5083
-5114
-5093
-5147
-4651
-3959
-3054
-2023
-1158
-505
-31
315
452
412
81
-124
-213
-294
2
385
637
1135
1660
1825
1849
1657
1196
858
575
446
658
1380
2460
3822
5627
7359
9093
10881
12748
14422
14806
13630
11458
8442
5039
91
-5839
-10577
-14050
-16005
-15877
-14352
-11487
-7173
-2491
2403
7006
9611
10663
11092
10740
9456
7396
5231
3072
1249
241
-598
-1609
-2841
-4138
-5161
-5998
-6894
-7629
-7815
-7139
-5549
-3069
-167
2693
5251
7514
9246
9658
9035
7229
4624
1971
-613
-2944
-4887
-6155
-6466
-5942
-4877
-3677
-2601
-1619
-798
-15
508
815
974
1267
1864
2534
3098
3462
3356
2823
1939
807
-599
-2545
-4271
-5575
-6674
-6906
-6598
-6471
-5490
-3852
-2797
-1248
121
254
748
1276
669
180
-105
-1272
-2034
-2063
-2763
-3391
-3375
-3905
-4280
-4054
-4291
-4503
-4063
-3731
-3134
-2076
-1414
-756
-37
369
676
748
556
291
11
-85
100
312
569
1147
1636
1665
1849
1706
1349
1206
917
742
1080
1942
2883
4273
6061
7748
9724
11826
13423
14483
14189
12500
9818
6777
2963
-2634
-7866
-11660
-14407
-15070
-14097
-12307
-8931
-4570
-341
4176
7775
9245
9865
10014
9387
7838
5942
4119
2199
850
101
-684
-1617
-3056
-4095
-4857
-5642
-6335
-6983
-6809
-5814
-4167
-1795
901
3148
5090
6999
8083
7997
7047
5086
2877
709
-1309
-3064
-4469
-5117
-5145
-4469
-3431
-2643
-1965
-1236
-704
-179
255
413
526
912
1478
1925
2337
2602
2381
1778
1111
129
-1203
-2658
-4071
-5329
-6050
-6098
-6190
-5724
-4521
-3708
-2569
-970
-230
51
642
541
3
-206
-992
-1936
-2379
-2832
-3429
-3513
-3569
-4060
-3972
-3649
-3645
-3405
-2932
-2784
-2425
-1841
-1413
-952
-682
-490
-246
-94
104
195
248
463
771
1175
1713
1714
1405
1410
1387
1217
1093
955
693
1146
2096
3191
4512
6036
7389
9156
11119
12461
13098
13147
12209
10335
7989
4665
140
-5034
-9042
-12021
-13875
-13963
-13126
-10882
-6849
-2527
1708
5630
8156
9247
9889
9759
8412
6422
4279
2305
816
-171
-969
-1889
-2593
-3297
-3840
-4201
-4962
-5720
-5996
-5505
-4436
-2893
-905
1107
3144
5128
6653
7184
6859
5632
3841
2062
70
-1952
-3478
-4497
-4840
-4405
-3620
-2751
-2022
-1188
-429
36
283
413
375
414
701
1017
1328
1566
1535
1437
1057
258
-697
-1995
-3620
-4768
-5501
-6093
-5975
-5650
-5052
-3609
-2404
-1443
-199
318
151
369
77
-917
-1459
-2146
-2930
-2999
-3167
-3488
-3267
-3232
-3390
-3029
-2953
-3203
-3022
-2821
-2650
-2148
-1632
-1277
-722
-295
-72
279
382
219
281
495
719
1223
1500
1493
1645
1751
1816
1910
1729
1412
1638
2086
2505
3467
4522
5748
7213
8878
10660
11685
12535
12552
11284
9442
6767
3408
-148
-4348
-8252
-10525
-11605
-11730
-10367
-8242
-5145
-1662
1707
4740
6706
7632
7836
7564
6788
5266
3647
2251
973
36
-721
-1296
-2088
-2911
-3496
-3980
-4432
-4940
-4945
-4517
-3506
-1994
-419
1424
2961
4245
5253
5625
5241
4149
2806
1225
-262
-1504
-2613
-3281
-3564
-3307
-2749
-2176
-1661
-1249
-761
-352
-33
207
292
417
696
1029
1217
1148
943
618
46
-999
-2060
-3124
-4336
-5094
-5473
-5669
-5350
-4579
-3729
-2681
-1514
-908
-484
-167
-397
-808
-1304
-1839
-2520
-2958
-3055
-3341
-3272
-3048
-3128
-2927
-2675
-2739
-2703
-2489
-2466
-2313
-1886
-1550
-1238
-815
-489
-363
-107
108
123
414
773
1096
1455
1714
1672
1687
1822
1771
1724
1688
1821
2242
3137
4198
5253
6438
7618
8445
9221
9905
9899
9889
9357
7942
6462
4670
2558
314
-2524
-5403
-7415
-8588
-8910
-8340
-7270
-5141
-2462
397
3462
5705
6985
7570
7654
7089
5808
4076
2200
494
-792
-1759
-2474
-3025
-3495
-3670
-3464
-3290
-3253
-3063
-2791
-2055
-1055
38
1191
2158
3119
3968
4356
4403
3682
2550
1407
146
-1098
-2140
-2968
-3489
-3379
-3036
-2429
-1788
-1267
-739
-207
263
475
476
536
512
510
544
531
2
-755
-1218
-1982
-2882
-3500
-4372
-4977
-4736
-4543
-4267
-3345
-2662
-2258
-1349
-814
-958
-1138
-1435
-1964
-2387
-2657
-3064
-3475
-3343
-3252
-3057
-2569
-2329
-2300
-2038
-1765
-1764
-1670
-1543
-1565
-1450
-1137
-983
-836
-617
-499
-322
163
622
947
1312
1518
1590
1664
1850
1851
1845
2110
2511
3071
4096
5186
6042
7460
8319
8620
9090
8769
8166
7982
7462
6716
5534
3974
2574
790
-1387
-3808
-6102
-7562
-8122
-7943
-6760
-4754
-2498
267
3191
5634
7096
7586
7476
6556
5253
3573
1554
-52
-1512
-2462
-2742
-2991
-3076
-3086
-2933
-2714
-2569
-2478
-2295
-1887
-1257
-228
871
1914
2854
3483
4082
4107
3446
2476
1122
-253
-1485
-2561
-3234
-3595
-3535
-3019
-2244
-1379
-730
-329
39
246
321
228
-39
-264
-299
-516
-669
-768
-1181
-1626
-2074
-2699
-3266
-3740
-4259
-4366
-4191
-3816
-3355
-2735
-2134
-1694
-1392
-1165
-1344
-1791
-2211
-2779
-3155
-3400
-3535
-3507
-3255
-2925
-2488
-2072
-1702
-1591
-1474
-1302
-1374
-1358
-1322
-1308
-1164
-920
-726
-334
26
375
943
1305
1487
1677
1612
1663
1888
1992
2093
2594
3154
3903
4915
5759
6524
7287
7647
7927
8132
7983
7875
7804
7816
7254
5808
4152
2425
337
-2096
-4996
-7350
-8443
-8685
-7838
-6012
-3793
-1132
1806
4512
6634
7537
7493
6866
5782
4474
2785
1079
-314
-1445
-1848
-1974
-2154
-2525
-2890
-3045
-3059
-3120
-3176
-2965
-2428
-1409
-20
1390
2651
3575
4192
4629
4340
3402
2104
482
-927
-2075
-2912
-3383
-3556
-3271
-2584
-1736
-997
-505
-250
14
99
147
62
-117
-265
-511
-551
-689
-1157
-1544
-1997
-2714
-3040
-3363
-3915
-3898
-3697
-3629
-3050
-2345
-2030
-1673
-1408
-1489
-1694
-1972
-2555
-3096
-3391
-3649
-3692
-3459
-3227
-2935
-2461
-2041
-1666
-1494
-1470
-1411
-1358
-1325
-1203
-1162
-1063
-811
-575
-276
157
502
907
1318
1461
1532
1636
1602
1818
1866
2047
2608
3171
3822
5074
6083
6647
7653
8287
8331
8723
8732
7961
7994
7591
6089
4879
3569
1509
-198
-2486
-5297
-6851
-7649
-7970
-7291
-5840
-3738
-1223
1591
4120
6046
7136
7397
6971
6193
4946
3213
1578
141
-1042
-1808
-2246
-2604
-3066
-3324
-3249
-3236
-3209
-3097
-2766
-1974
-998
270
1526
2582
3447
4061
4334
4035
3122
1792
482
-792
-1962
-2855
-3490
-3720
-3415
-2938
-2164
-1407
-851
-370
86
322
470
469
288
140
-144
-301
-586
-1029
-1610
-2246
-2682
-3241
-3728
-3966
-4131
-4104
-3752
-3288
-2867
-2298
-1883
-1663
-1378
-1284
-1634
-2001
-2216
-2750
-2978
-3069
-3447
-3393
-3181
-3199
-2902
-2589
-2457
-2185
-1825
-1582
-1315
-981
-809
-644
-329
-55
120
420
804
1214
1372
1389
1377
1271
1311
1572
1683
1984
2749
3546
4608
5914
6931
7659
8359
8773
8936
8945
8677
7957
7608
6993
5377
3956
2345
300
-1554
-3763
-6047
-7291
-7656
-7532
-6350
-4486
-2411
39
2653
4956
6320
7005
6943
6243
5301
3963
2360
888
-408
-1369
-1950
-2305
-2720
-3028
-3213
-3195
-3176
-3040
-2758
-2374
-1602
-457
727
1860
2763
3402
3839
3852
3348
2378
1184
-45
-1195
-2091
-2689
-3123
-3294
-2948
-2491
-1941
-1357
-1025
-781
-499
-256
-220
-418
-541
-548
-741
-898
-896
-1331
-1716
-1870
-2433
-2827
-2955
-3571
-3974
-3616
-3558
-3541
-2999
-2651
-2656
-2102
-1655
-1886
-1910
-1955
-2371
-2482
-2364
-2772
-2990
-2712
-2711
-2685
-2361
-2321
-2318
-2088
-1883
-1722
-1503
-1296
-1170
-871
-465
-181
226
742
1238
1634
1874
1956
1800
1686
1661
1630
1682
2026
2559
3213
4345
5477
6273
7051
7842
8381
8752
9075
8847
8219
8058
7275
5269
3621
1680
-571
-2338
-4436
-6455
-7181
-7283
-6982
-5421
-3378
-1524
628
2768
4659
5680
6175
6020
5326
4617
3481
2203
1103
-80
-1007
-1667
-2135
-2630
-3191
-3474
-3521
-3454
-3214
-2643
-2043
-1212
-12
1092
2114
2877
3196
3297
3085
2534
1628
488
-461
-1312
-1957
-2267
-2497
-2606
-2375
-2161
-1808
-1450
-1342
-1243
-1062
-1012
-915
-836
-802
-793
-839
-814
-923
-1178
-1492
-2036
-2513
-2812
-3297
-3664
-3678
-3726
-3736
-3273
-3036
-2873
-2603
-2446
-2442
-2365
-2342
-2575
-2566
-2408
-2425
-2252
-1973
-1929
-1838
-1787
-1769
-1879
-1942
-2011
-2130
-1965
-1854
-1715
-1298
-949
-561
-17
590
1204
1657
1772
1827
1714
1526
1679
1526
1617
2130
2576
3275
4318
5159
5818
6826
7430
7788
8191
8034
7575
7423
7304
7062
6362
5020
3391
1801
242
-1557
-3714
-5467
-6386
-6604
-5792
-4410
-2938
-1019
1056
3108
4891
5823
5845
5417
4652
3794
2565
1391
153
-948
-1368
-1591
-1717
-1985
-2416
-2705
-2749
-2667
-2607
-2409
-2032
-1300
-185
1042
2054
2614
2973
3148
2948
2355
1325
134
-903
-1758
-2235
-2512
-2626
-2511
-2096
-1557
-964
-689
-672
-674
-857
-883
-889
-1130
-1280
-1354
-1376
-1216
-1198
-1482
-1802
-2022
-2355
-2657
-2960
-3279
-3505
-3530
-3286
-3106
-2850
-2687
-2615
-2354
-2240
-2232
-2272
-2404
-2537
-2465
-2318
-2244
-2177
-2148
-2054
-1878
-1791
-1716
-1700
-1673
-1587
-1443
-1205
-984
-832
-559
-122
417
998
1455
1569
1612
1499
1225
1220
1240
1029
1281
1872
2505
3713
4920
5845
6862
7847
8527
8636
8645
8431
7735
7396
7360
6406
4831
3601
1885
363
-1078
-3591
-5593
-6424
-6752
-6560
-5289
-3510
-1886
347
2950
4866
6050
6483
6155
5540
4831
3401
1927
639
-639
-1420
-1720
-1904
-2375
-2754
-2829
-2858
-2834
-2706
-2649
-2223
-1546
-536
686
1770
2507
2940
3353
3318
2868
1931
776
-287
-1247
-1805
-2314
-2645
-2683
-2471
-2041
-1485
-1184
-1202
-1157
-1199
-1169
-981
-971
-1142
-1037
-859
-743
-666
-844
-1270
-1632
-2130
-2540
-2897
-3357
-3692
-3777
-3615
-3421
-3031
-2829
-2613
-2326
-2203
-2032
-1937
-2094
-2187
-2044
-2067
-1994
-1866
-1967
-2040
-1960
-1940
-2036
-1965
-1897
-1833
-1438
-1013
-674
-226
161
541
1056
1586
1858
1750
1625
1443
1079
1116
1277
1244
1686
2436
3098
4326
5430
6126
7032
7865
8199
8562
8667
8272
8074
7825
7550
6595
4973
3364
1388
-187
-1872
-4293
-5806
-6530
-6668
-5724
-4073
-2536
-679
1380
3366
5154
5884
5889
5377
4771
4107
2961
1967
919
-204
-714
-1011
-1363
-1981
-2576
-2899
-3094
-3005
-2903
-2565
-2056
-1157
29
1245
2316
2773
3063
3234
2941
2364
1444
312
-680
-1363
-1731
-1977
-2078
-2046
-1853
-1513
-1109
-1079
-1240
-1348
-1485
-1385
-1150
-1126
-1127
-951
-860
-615
-535
-922
-1291
-1837
-2283
-2526
-2953
-3389
-3544
-3544
-3305
-2869
-2659
-2451
-2304
-2300
-2146
-2053
-2226
-2338
-2230
-2166
-1938
-1593
-1461
-1483
-1375
-1266
-1360
-1331
-1447
-1677
-1583
-1436
-1278
-908
-458
-69
642
1584
2222
2460
2630
2533
2160
2278
2211
1845
2071
2542
3071
3921
4846
5436
6095
6797
7151
7255
7556
7786
7617
7734
7919
6814
5185
3941
2077
132
-1379
-3516
-5221
-5515
-5696
-5239
-3507
-2056
-796
1103
2945
4138
4783
4984
4615
4213
3791
2970
2227
1544
641
83
-148
-663
-1385
-2017
-2368
-2681
-2836
-2682
-2406
-1870
-1092
-2
1135
2028
2428
2752
2870
2585
2134
1459
628
-126
-740
-1086
-1282
-1531
-1659
-1673
-1574
-1380
-1356
-1474
-1574
-1477
-1356
-1083
-884
-820
-626
-599
-478
-546
-839
-1285
-1687
-2070
-2380
-2612
-2961
-3046
-3040
-3008
-2770
-2634
-2597
-2610
-2656
-2582
-2437
-2439
-2353
-2157
-1968
-1658
-1381
-1258
-1250
-1245
-1353
-1485
-1526
-1697
-1813
-1652
-1411
-1078
-563
-103
348
941
1499
2021
2218
2218
2083
1737
1784
1980
2029
2451
2970
3428
4470
5548
6143
6713
7352
7524
7555
7681
7461
7039
7030
6780
5722
4679
3460
1813
562
-1002
-3023
-4309
-5121
-5492
-4962
-3822
-2468
-952
1020
2876
4271
5158
5419
5036
4559
3848
2670
1670
628
-286
-795
-1069
-1302
-1640
-1970
-2169
-2230
-2175
-2037
-1829
-1545
-819
71
1007
1841
2355
2667
2765
2587
2139
1396
489
-377
-998
-1433
-1747
-1944
-1975
-1854
-1566
-1246
-1019
-1003
-1110
-1111
-1122
-1054
-923
-1048
-1005
-812
-837
-801
-939
-1387
-1660
-1974
-2350
-2634
-2956
-3166
-3141
-2975
-2790
-2585
-2475
-2328
-2325
-2303
-2126
-2233
-2317
-2209
-2098
-2036
-1785
-1582
-1542
-1443
-1428
-1514
-1529
-1524
-1671
-1622
-1419
-1234
-930
-488
-30
427
1096
1699
2041
2139
2139
1990
1780
1969
1962
1951
2539
3162
3904
4981
5815
6115
6435
6550
6409
6468
6337
6224
6545
7112
7062
6118
5127
3485
1586
-165
-2686
-4908
-6125
-6743
-6425
-4902
-3178
-1565
637
2680
4214
5130
5330
4801
3940
3218
2210
1453
760
-49
-264
-215
-352
-713
-1248
-1902
-2470
-2839
-3005
-3018
-2765
-2145
-997
275
1472
2394
2868
3072
2942
2476
1660
608
-380
-1171
-1541
-1685
-1759
-1643
-1475
-1310
-1091
-1029
-1202
-1535
-1847
-1966
-1901
-1600
-1363
-1209
-807
-535
-436
-290
-703
-1430
-1911
-2484
-3038
-3146
-3415
-3580
-3215
-2842
-2674
-2356
-2111
-2393
-2487
-2394
-2689
-2802
-2635
-2680
-2492
-1930
-1707
-1609
-1308
-1408
-1697
-1753
-1944
-2198
-2245
-2086
-1942
-1539
-938
-537
-195
280
631
908
1333
1402
1376
1434
1467
1689
1893
2144
2648
3186
3915
4827
5379
5573
6018
6390
6275
6537
6742
6505
6917
7408
6660
5642
4515
2308
591
-993
-3648
-5463
-6269
-6763
-6127
-4545
-3006
-1351
617
2454
3860
4725
4800
4202
3714
3108
2119
1442
778
-44
-436
-632
-923
-1381
-2018
-2538
-2890
-3095
-3130
-2993
-2576
-1888
-855
278
1358
2031
2457
2660
2507
2018
1302
341
-507
-1123
-1531
-1718
-1896
-1869
-1810
-1598
-1422
-1342
-1377
-1512
-1669
-1712
-1624
-1505
-1373
-1163
-1076
-899
-701
-1018
-1339
-1680
-2209
-2574
-2765
-3142
-3290
-3208
-3276
-3059
-2778
-2844
-2815
-2695
-2802
-2838
-2861
-2937
-2871
-2690
-2525
-2272
-1864
-1727
-1632
-1490
-1532
-1636
-1772
-1932
-2041
-2046
-2016
-1835
-1575
-1340
-1028
-585
-130
379
820
1213
1445
1551
1700
1716
1863
2030
2186
2654
3309
4035
4905
5646
6004
6545
6835
6839
6728
6468
6461
6732
6652
5666
4532
3014
990
-827
-2869
-4906
-6340
-7145
-7088
-5683
-3953
-2327
-250
1784
3478
4746
5293
5041
4387
3474
2500
1774
881
-79
-688
-964
-1155
-1491
-1916
-2439
-2941
-3279
-3226
-3094
-2790
-2295
-1386
-205
1004
1851
2386
2756
2597
2238
1614
771
-252
-1112
-1623
-1910
-1965
-1972
-1921
-1736
-1613
-1526
-1506
-1529
-1636
-1823
-1724
-1450
-1232
-924
-675
-603
-474
-480
-819
-1342
-1881
-2567
-3117
-3245
-3476
-3735
-3487
-3219
-3109
-2656
-2380
-2608
-2474
-2312
-2599
-2597
-2441
-2683
-2630
-2213
-2148
-2097
-1806
-1889
-2031
-1918
-2010
-2333
-2363
-2323
-2367
-2045
-1657
-1472
-1126
-759
-460
-80
322
570
780
1081
1154
1180
1300
1386
1523
1800
2099
2573
3397
4017
4657
5255
5571
5870
6179
6154
6185
6292
6329
6938
6811
5719
4721
3186
1316
-532
-2993
-5208
-6604
-7408
-7141
-5905
-4439
-2580
-527
1648
3495
4525
4993
4711
4095
3401
2489
1603
679
-178
-622
-845
-1009
-1398
-1982
-2533
-3013
-3277
-3402
-3376
-3193
-2638
-1579
-385
897
1741
2298
2669
2571
2306
1583
533
-402
-1192
-1716
-1975
-2111
-2211
-2139
-1939
-1744
-1552
-1564
-1643
-1753
-1796
-1607
-1468
-1313
-1037
-843
-674
-556
-683
-1028
-1544
-2084
-2584
-2996
-3266
-3522
-3710
-3543
-3241
-3113
-2932
-2771
-2817
-2749
-2577
-2589
-2709
-2654
-2629
-2525
-2200
-2031
-1923
-1831
-1790
-1895
-1976
-2043
-2260
-2442
-2351
-2228
-2097
-1768
-1560
-1342
-962
-562
-265
94
436
675
908
1098
1122
1241
1412
1500
1705
2165
2603
3232
4067
4692
5242
5667
5942
6012
6060
6212
6303
6596
6787
6032
5116
3994
2233
558
-1450
-3667
-5318
-6367
-6745
-6124
-4891
-3483
-1859
150
1959
3280
4128
4268
3943
3556
2922
2065
1431
623
-31
-343
-500
-889
-1445
-1980
-2533
-2918
-3158
-3276
-3216
-2898
-2254
-1282
-71
916
1572
2127
2277
2225
1880
1126
261
-521
-1161
-1591
-1824
-1935
-1983
-1845
-1752
-1516
-1465
-1501
-1655
-1758
-1698
-1730
-1494
-1296
-1197
-943
-767
-772
-741
-1102
-1671
-2033
-2499
-2932
-3104
-3324
-3451
-3386
-3211
-3046
-2862
-2682
-2761
-2709
-2516
-2663
-2699
-2512
-2503
-2331
-1938
-1747
-1621
-1486
-1571
-1665
-1796
-1985
-2256
-2390
-2402
-2458
-2231
-1910
-1745
-1421
-1016
-684
-281
147
425
785
1108
1203
1367
1558
1526
1611
1888
2130
2532
3190
3732
4115
4589
4974
5295
5734
5971
5902
6303
6669
7055
7102
6022
4572
3007
1050
-918
-2963
-4908
-6066
-6422
-6069
-4732
-3106
-1642
-71
1586
2974
3816
4002
3713
3236
2639
2064
1635
1162
520
15
-163
-413
-945
-1612
-2268
-2858
-3196
-3257
-3076
-2732
-2223
-1339
-204
873
1555
1949
2080
1945
1635
1111
410
-447
-1049
-1422
-1578
-1563
-1585
-1577
-1515
-1387
-1445
-1582
-1702
-1905
-1954
-1756
-1567
-1359
-1047
-867
-751
-498
-589
-975
-1354
-1772
-2223
-2584
-2807
-3126
-3319
-3266
-3269
-3094
-2796
-2877
-2882
-2639
-2565
-2449
-2159
-2102
-1989
-1652
-1478
-1428
-1298
-1366
-1517
-1647
-1794
-1999
-2139
-2166
-2148
-1988
-1765
-1568
-1382
-1124
-920
-641
-292
-2
370
774
1034
1236
1368
1344
1426
1578
1621
1865
2406
2888
3536
4287
4759
5192
5760
5895
5854
6083
5749
5802
6346
6513
6066
5278
3995
2404
1116
-739
-2802
-4289
-5373
-5767
-5139
-3843
-2643
-1205
402
1912
3256
3946
3942
3532
3087
2407
1818
1394
702
73
-199
-326
-466
-780
-1357
-1983
-2418
-2589
-2745
-2668
-2408
-2019
-1136
-86
874
1510
1905
1979
1836
1568
933
201
-576
-1159
-1433
-1473
-1410
-1317
-1189
-1215
-1086
-1076
-1279
-1520
-1727
-1885
-1794
-1469
-1302
-959
-647
-529
-383
-433
-889
-1291
-1772
-2359
-2706
-2974
-3245
-3202
-3060
-2903
-2667
-2400
-2334
-2337
-2241
-2254
-2245
-2213
-2183
-2094
-1823
-1654
-1453
-1194
-1295
-1446
-1474
-1670
-1908
-2054
-2184
-2246
-2040
-1760
-1493
-1143
-871
-614
-269
36
276
475
741
913
1035
1123
1229
1281
1474
1671
1799
2116
2559
3104
3707
4341
4827
5170
5354
5441
5319
5282
5345
5235
5498
6049
5716
5133
4325
2675
1154
-211
-2211
-3645
-4282
-5022
-4631
-3214
-2115
-890
695
1935
2834
3623
3637
3239
2794
2072
1357
1070
653
34
-160
-289
-626
-861
-1190
-1754
-2153
-2395
-2518
-2280
-1954
-1536
-874
-36
714
1262
1563
1490
1273
884
359
-194
-712
-1142
-1399
-1418
-1292
-1248
-1199
-1261
-1253
-1243
-1382
-1508
-1637
-1777
-1676
-1425
-1196
-1044
-937
-987
-1126
-1145
-1293
-1663
-2072
-2464
-2775
-2786
-2879
-2865
-2727
-2705
-2573
-2342
-2238
-2233
-2199
-2245
-2158
-1934
-1803
-1713
-1518
-1444
-1411
-1318
-1388
-1656
-1923
-2157
-2319
-2299
-2152
-1984
-1712
-1318
-935
-537
-246
-89
-21
53
223
377
494
592
620
678
848
1009
1287
1599
1776
2129
2699
3237
3718
4088
4324
4391
4544
4625
4721
5020
5187
5333
5864
6379
6107
5416
4069
2320
784
-873
-2420
-3434
-3967
-4164
-3564
-2137
-935
54
1180
2022
2497
2737
2636
2213
1670
1160
821
780
592
285
123
-42
-335
-742
-1156
-1706
-2289
-2527
-2548
-2280
-1837
-1324
-689
72
769
1198
1319
1059
616
160
-242
-668
-1070
-1326
-1399
-1305
-1104
-911
-848
-899
-1032
-1232
-1401
-1494
-1697
-1891
-1906
-1786
-1539
-1272
-1167
-1110
-1177
-1234
-1318
-1634
-1952
-2297
-2599
-2673
-2648
-2643
-2487
-2331
-2272
-2006
-1858
-1894
-1825
-1838
-1974
-1916
-1770
-1848
-1876
-1793
-1797
-1815
-1721
-1724
-1854
-1840
-1847
-1800
-1578
-1393
-1303
-1068
-804
-634
-399
-267
-159
-12
321
616
741
884
910
812
898
958
996
1221
1537
1915
2464
3137
3527
3931
4237
4374
4468
4523
4531
4592
4722
5142
5404
5427
5599
5045
4181
3411
1946
466
-618
-1797
-2456
-2473
-2489
-1891
-891
-142
718
1496
2005
2176
2129
2015
1626
1371
1079
801
672
551
446
265
-41
-440
-918
-1291
-1611
-1959
-2021
-1955
-1633
-1228
-756
-235
115
317
441
450
228
-43
-397
-725
-847
-890
-996
-1002
-954
-1003
-1039
-1131
-1244
-1435
-1671
-1791
-1806
-1801
-1701
-1559
-1465
-1355
-1293
-1344
-1491
-1715
-1874
-2088
-2291
-2231
-2269
-2228
-2029
-1986
-1953
-1843
-1781
-1942
-2024
-2109
-2259
-2387
-2300
-2292
-2268
-2006
-1866
-1704
-1494
-1376
-1408
-1355
-1256
-1305
-1291
-1193
-1126
-969
-828
-682
-576
-414
-270
-146
103
296
538
720
694
743
822
848
911
1023
1164
1441
1795
2152
2529
3021
3225
3400
3651
3606
3708
3911
3846
3885
4014
4014
4095
4333
4384
4240
3873
3208
2498
1793
926
81
-658
-938
-1034
-977
-643
-180
262
818
1013
710
641
370
-31
-30
-68
-194
53
381
553
899
902
331
-51
-475
-1094
-1490
-1863
-2114
-2065
-1924
-1541
-956
-613
-414
-352
-409
-604
-941
-1306
-1536
-1769
-1751
-1644
-1444
-1156
-1074
-1053
-1021
-1144
-1492
-1835
-2186
-2444
-2589
-2604
-2427
-2298
-2153
-1812
-1770
-1677
-1501
-1772
-1903
-1867
-2087
-2095
-1886
-1998
-1953
-1830
-1935
-2008
-1990
-2161
-2441
-2375
-2399
-2487
-2281
-2086
-1959
-1661
-1391
-1315
-1152
-1023
-1094
-1112
-1011
-1131
-1131
-968
-880
-701
-399
-154
87
336
327
208
194
171
41
95
170
268
542
908
1273
1656
1981
2144
2295
2404
2497
2548
2657
2749
2717
2763
2754
2800
2914
2854
2824
2917
2754
2590
2475
2164
1726
1404
1192
943
746
679
631
699
940
967
1008
1146
1061
792
639
396
159
47
-52
-106
-105
-164
-177
-146
-252
-430
-637
-829
-1022
-1191
-1323
-1293
-1301
-1254
-1135
-1106
-1064
-1002
-1096
-1186
-1269
-1441
-1575
-1707
-1823
-1859
-1789
-1718
-1599
-1380
-1371
-1372
-1332
-1521
-1666
-1717
-1955
-2056
-2053
-2139
-2058
-1933
-1956
-1828
-1711
-1774
-1624
-1538
-1593
-1533
-1545
-1539
-1501
-1444
-1406
-1428
-1471
-1497
-1516
-1523
-1498
-1491
-1391
-1258
-1118
-961
-790
-654
-529
-387
-284
-209
-153
-97
-168
-267
-282
-255
-250
-150
-51
70
299
502
696
907
1158
1277
1485
1636
1736
1837
1984
2092
2189
2333
2360
2352
2356
2363
2299
2370
2487
2454
2530
2501
2447
2441
2459
2564
2554
2499
2374
2160
2114
1978
1674
1429
1230
993
1059
1138
1035
1080
999
727
445
90
-240
-551
-728
-762
-748
-472
-236
46
342
329
43
-202
-632
-1164
-1557
-2002
-2407
-2515
-2500
-2269
-1952
-1661
-1394
-1279
-1129
-1122
-1232
-1455
-1732
-2003
-2121
-2135
-2283
-2166
-2093
-2192
-2086
-2041
-2070
-2100
-2147
-2177
-2208
-2109
-2004
-1909
-1756
-1762
-1747
-1646
-1690
-1766
-1847
-1863
-1886
-1853
-1755
-1718
-1585
-1428
-1340
-1190
-1046
-1057
-1028
-963
-974
-918
-818
-845
-766
-657
-684
-580
-560
-614
-608
-559
-516
-373
-271
-123
46
195
335
462
518
520
535
551
630
705
740
849
1026
1195
1372
1521
1687
1661
1625
1547
1507
1587
1701
1808
1903
2045
2028
1980
1974
1780
1637
1455
1317
1145
1204
1342
1364
1554
1685
1557
1265
1143
658
308
232
-103
-241
-21
36
173
578
715
628
809
633
187
-29
-309
-807
-859
-956
-1148
-908
-847
-865
-748
-798
-1012
-1245
-1494
-1687
-1994
-2083
-1942
-2069
-1883
-1446
-1554
-1481
-1233
-1648
-1910
-1923
-2366
-2556
-2486
-2585
-2561
-2179
-2092
-2056
-1799
-1952
-2186
-2172
-2344
-2580
-2536
-2507
-2552
-2254
-2052
-2057
-1868
-1786
-1904
-1905
-1903
-2053
-2066
-1989
-2000
-1949
-1713
-1585
-1405
-1154
-1002
-944
-821
-810
-887
-844
-906
-999
-986
-984
-955
-829
-832
-771
-647
-549
-476
-393
-257
-203
-65
24
90
117
102
151
180
189
243
347
472
593
717
883
1017
1025
1083
998
992
939
938
992
1159
1359
1392
1471
1450
1367
1235
1108
902
836
760
711
826
862
958
1275
1426
1516
1628
1384
1098
916
470
168
70
-180
-175
49
181
337
502
401
359
353
182
125
15
-127
-160
-143
-160
-170
-182
-220
-349
-534
-487
-578
-696
-634
-703
-853
-695
-716
-807
-733
-888
-993
-892
-912
-875
-833
-899
-957
-892
-902
-879
-891
-985
-966
-1053
-1010
-985
-1058
-1078
-1014
-991
-940
-846
-881
-850
-849
-930
-979
-992
-1079
-1166
-1152
-1162
-1098
-1001
-932
-850
-700
-712
-716
-642
-698
-763
-756
-714
-700
-669
-694
-680
-717
-767
-817
-803
-751
-702
-628
-516
-393
-328
-231
-208
-227
-184
-103
-51
38
186
289
378
461
493
369
286
145
12
4
18
69
221
390
567
758
890
904
914
888
769
740
652
622
575
635
707
741
776
857
798
808
763
463
264
122
-169
-266
-18
75
272
650
805
960
1158
1016
781
755
610
441
515
593
605
691
713
638
608
508
229
87
32
-139
-99
89
212
368
674
868
924
1021
815
521
387
89
-150
-130
-217
-292
-37
158
283
533
576
570
562
472
337
307
202
120
95
69
177
289
336
387
449
358
425
404
407
503
546
597
684
770
698
738
750
686
774
801
805
902
999
1076
1148
1255
1218
1222
1185
1068
980
903
905
942
1003
1078
1131
1242
1360
1440
1513
1555
1580
1568
1553
1602
1641
1672
1759
1779
1864
1862
1816
1750
1655
1626
1535
1548
1570
1547
1714
1813
1901
1912
1981
1887
1778
1762
1563
1496
1488
1451
1500
1704
1816
1910
1975
1864
1772
1624
1408
1211
1101
1070
1058
1195
1303
1495
1603
1807
1849
1814
1781
1600
1423
1232
1054
912
917
917
1050
1316
1483
1516
1671
1652
1492
1350
1152
904
779
710
600
699
854
823
901
936
847
856
821
825
736
810
865
989
1124
1115
1128
1081
964
833
730
543
457
480
478
581
811
977
1071
1189
1182
1005
781
601
473
370
428
475
700
956
1202
1400
1522
1599
1468
1309
1103
928
712
567
585
625
821
970
1142
1278
1331
1353
1308
1318
1181
1153
1153
1193
1267
1338
1415
1491
1497
1450
1361
1355
1257
1262
1282
1319
1485
1592
1756
1875
1961
1983
1902
1788
1653
1472
1298
1184
1055
1043
1103
1237
1386
1492
1600
1651
1681
1545
1414
1328
1195
1146
1229
1348
1477
1635
1745
1846
1843
1698
1505
1320
1087
839
657
608
645
740
857
1054
1159
1216
1291
1208
1119
1003
891
800
789
840
900
1029
1107
1177
1265
1229
1204
1078
980
820
708
682
666
718
821
944
1062
1163
1218
1150
1098
1011
903
786
628
517
536
498
585
640
693
723
720
680
690
707
616
576
557
616
645
698
750
805
833
780
791
751
699
614
484
424
391
351
354
436
417
440
482
537
630
675
650
582
508
431
372
413
396
387
380
352
362
367
306
250
233
191
220
277
303
416
468
460
479
462
470
399
387
352
267
235
213
191
220
251
293
368
371
364
393
452
412
415
451
424
396
349
296
238
169
102
56
43
37
22
69
150
193
260
298
283
307
295
261
183
140
45
50
99
124
195
221
281
266
248
215
148
59
-19
-95
-102
-127
-105
-20
32
76
189
342
301
307
229
71
8
-26
-86
-68
6
29
139
246
353
435
400
369
266
126
14
-52
-88
-133
-147
-105
-43
57
139
148
176
182
152
201
185
187
186
168
197
184
200
166
191
129
73
73
77
65
38
51
59
108
149
141
132
110
98
31
-48
-65
-61
-53
3
74
126
179
194
260
230
124
51
-11
-83
-100
-110
-53
31
45
93
145
151
85
47
-33
-140
-208
-207
-185
-140
-41
37
112
152
212
204
144
104
30
-34
-81
-92
-140
-158
-112
-61
-8
24
114
156
165
162
136
103
52
2
-7
-29
-26
10
46
9
17
19
-57
-97
-136
-137
-124
-112
-68
-21
-15
70
109
129
138
118
148
118
88
123
109
139
109
106
64
-51
-65
-133
-129
-118
-142
-109
-71
18
63
144
157
203
212
119
113
60
-17
-76
-110
-64
-19
20
105
132
164
129
111
62
-4
-47
-84
-160
-199
-167
-149
-50
7
41
116
185
183
108
102
75
-23
-51
-35
-49
-67
-29
-12
-18
2
9
-25
-3
-7
-36
-4
-12
32
82
167
267
316
332
277
233
157
51
-30
-150
-213
-213
-155
-70
-13
64
79
143
222
211
215
234
107
100
99
108
91
46
72
38
68
48
74
132
111
58
72
59
22
69
58
80
113
109
94
132
61
18
58
41
-5
-36
-26
-39
-94
-89
-64
-90
-48
-41
-8
4
63
78
69
58
41
2
-36
-4
-54
-108
-128
-142
-77
-36
-58
4
-10
14
6
-26
-49
-79
-101
-155
-112
-115
-63
-50
-30
29
85
129
95
81
79
-17
-50
-111
-139
-108
-156
-128
-82
-56
-29
-32
21
19
4
42
18
16
12
-33
-25
-11
-45
-1
19
48
54
40
76
83
96
5
9
23
0
23
28
14
5
49
-3
-10
27
17
0
-14
46
71
59
83
81
158
135
74
80
-8
-23
-15
-30
40
61
61
82
94
110
93
90
52
49
27
25
35
53
74
98
98
115
125
130
113
150
82
54
3
-33
-5
-63
-79
-47
-20
-23
3
1
45
57
74
66
45
30
-44
-45
-76
-64
-83
-128
-136
-101
-129
-135
-123
-66
-42
-46
-26
4
35
-18
-16
-1
32
-55
-73
-86
-136
-100
-129
-79
-85
-74
-55
-37
-57
-16
31
-7
9
-21
-54
-19
-59
-118
-100
-88
-88
-76
-75
-58
-35
-20
-13
-24
-1
1
-23
-21
-25
4
-13
-46
19
30
35
22
21
35
46
41
-7
-7
26
66
94
110
123
105
126
112
94
43
11
-46
-66
-80
-70
-8
-7
10
1
59
74
67
58
10
0
-34
-59
-90
-68
-86
-62
-34
-21
-46
27
59
30
47
5
26
-9
-61
-75
-68
-97
-74
-104
-43
-62
-75
-67
-80
-28
-58
14
12
-16
-11
-39
-92
-61
-88
-119
-84
-155
-104
-99
-115
-73
-105
-81
-107
-106
-100
-117
-124
-116
-93
-97
-49
-54
-83
-48
-73
-103
-123
-145
-135
-157
-189
-150
-144
-159
-174
-147
-177
-138
-124
-153
-102
-120
-90
-109
-96
-104
-94
-68
-62
-70
-123
-99
-113
-65
-96
-122
-52
-56
-66
-105
-80
-93
-114
-86
-48
-57
-60
-33
-11
3
10
-7
19
-8
44
16
-17
21
31
84
58
94
105
92
44
23
49
62
-2
-3
-9
-1
4
-11
9
22
-5
4
10
-64
-17
-55
-65
-83
-102
-74
-124
-65
-58
-20
6
-11
-13
-15
-31
-71
-64
-37
-33
-45
-48
-40
-18
-36
-23
-10
-24
-42
-74
-74
-111
-135
-94
-67
-44
-71
-51
-1
-2
17
-15
-43
-23
-35
-56
-53
-60
-77
-78
-57
-74
-52
-48
-52
-52
-74
-92
-56
-59
-108
-78
-66
-87
-52
-43
-54
-15
-29
-8
-11
-68
-68
-71
-71
-67
-80
-54
-66
-63
-32
28
-17
16
4
-7
-8
15
17
-6
4
-6
20
26
31
-23
-51
-44
-32
4
11
-26
40
25
-42
-46
-45
-36
-37
-10
-6
-48
-23
-24
-37
8
29
0
1
7
21
19
7
-36
-55
-82
-73
-68
-44
-69
-84
-71
-108
-85
-101
-83
-50
-75
-75
-78
-97
-97
-69
-84
-117
-133
-123
-108
-93
-87
-110
-126
-65
-50
-58
-19
-58
-51
-56
-89
-66
-87
-58
-34
-19
-34
-42
-32
-52
-82
-53
-42
-30
-56
-61
-70
-99
-76
-88
-97
-72
-112
-120
-112
-130
-122
-86
-128
-144
-142
-136
-140
-121
-91
-133
-113
-100
-103
-83
-89
-121
-120
-140
-122
-89
-81
-93
-128
-78
-58
-79
-43
-63
-63
-111
-106
-88
-126
-119
-81
-19
-67
-77
-72
-77
-46
-92
-104
-96
-100
-109
-129
-99
-97
-141
-149
-112
-116
-101
-71
-91
-64
-111
-128
-88
-106
-94
-82
-76
-81
-67
-64
-67
-83
-105
-74
-60
-150
-88
-80
-109
-118
-129
-113
-126
-128
-153
-121
-154
-131
-117
-149
-167
-156
-182
-178
-192
-204
-125
-179
-154
-167
-174
-157
-139
-163
-212
-175
-162
-138
-170
-105
-141
-154
-155
-144
-138
-119
-67
-135
-105
-117
-114
-101
-131
-88
-98
-113
-108
-83
-106
-155
-122
-115
-102
-90
-76
-122
-131
-113
-129
-149
-108
-107
-122
-94
-99
-123
-97
-81
-86
-95
-95
-125
-134
-136
-137
-135
-107
-110
-106
-47
-93
-89
-84
-77
-78
-124
-65
-80
-98
-62
-80
-110
-103
-62
-42
-49
-63
-22
-82
-97
-78
-84
-95
-61
-55
-127
-91
-100
-89
-94
-131
-123
-97
-134
-124
-139
-90
-97
-120
-101
-131
-156
-164
-127
-150
-120
-114
-118
-88
-115
-99
-111
-167
-133
-124
-147
-123
-141
-190
-162
-177
-207
-225
-180
-173
-178
-178
-204
-193
-215
-228
-226
-204
-179
-218
-238
-208
-169
-217
-229
-230
-220
-191
-182
-151
-148
-192
-168
-223
-179
-156
-175
-190
-177
-134
-135
-125
-98
-136
-101
-89
-99
-72
-121
-82
-81
-119
-154
-107
-87
-68
-66
-94
-61
-65
-61
-107
-87
-85
-98
-74
-122
-129
-86
-101
-126
-80
-112
-85
-105
-66
-52
-86
-71
-85
-63
-41
-33
-16
-64
-64
-42
-17
-28
-33
-43
-98
-84
-73
-52
-84
-33
-22
-81
-62
-32
-51
-46
-40
-83
-113
-62
-40
-51
-41
-86
-9
-45
-70
-78
-118
-74
-117
-108
-112
-99
-84
-88
-67
-70
-103
-105
-105
-116
-104
-132
-116
-85
-95
-141
-118
-114
-123
-98
-118
-115
-92
-90
-95
-104
-103
-127
-147
-148
-162
-127
-130
-158
-145
-136
-133
-153
-186
-188
-175
-145
-169
-182
-166
-153
-136
-118
-113
-144
-94
-110
-153
-157
-116
-151
-141
-132
-111
-124
-136
-98
-131
-135
-125
-55
-105
-140
-161
-134
-117
-102
-88
-130
-130
-153
-167
-105
-115
-116
-97
-78
-93
-108
-123
-122
-127
-145
-59
-53
-56
-72
-97
-87
-64
-40
-8
-40
-38
-45
-79
-61
-84
-101
-121
-80
-58
-62
-53
-26
-20
-34
-26
-54
-64
-59
-45
-98
-89
-75
-114
-82
-48
-73
-87
-125
-129
-109
-98
-96
-97
-118
-116
-120
-78
-77
-134
-68
-118
-150
-75
-96
-136
-116
-117
-107
-126
-134
-127
-146
-116
-127
-120
-118
-126
-144
-142
-75
-107
-88
-97
-167
-147
-136
-170
-178
-137
-109
-115
-103
-97
-114
-70
-109
-129
-106
-116
-134
-84
-110
-115
-114
-80
-87
-104
-92
-101
-121
-103
-129
-139
-137
-104
-70
-64
-84
-87
-81
-78
-114
-126
-110
-159
-113
-77
-137
-114
-81
-128
-140
-87
-118
-95
-80
-121
-94
-115
-127
-90
-77
-73
-103
-108
-97
-98
-76
-86
-141
-93
-73
-61
-118
-115
-104
-100
-87
-88
-82
-93
-93
-119
-60
-67
-74
-112
-100
-72
-60
-90
-109
-95
-114
-104
-86
-78
-92
-106
-96
-90
-117
-122
-60
-86
-145
-114
-118
-114
-109
-115
-107
-94
-85
-93
-79
-77
-59
-121
-135
-96
-118
-113
-117
-139
-124
-123
-165
-132
-129
-169
-150
-138
-177
-165
-140
-118
-126
-124
-113
-150
-172
-158
-135
-138
-163
-166
-141
-129
-117
-116
-107
-61
-81
-76
-117
-108
-50
-64
-36
-42
-81
-106
-70
-88
-109
-64
-76
-82
-88
-92
-63
-88
-54
-26
-38
-58
-83
-102
-98
-76
-111
-122
-131
-115
-123
-128
-184
-143
-156
-169
-155
-157
-110
-138
-93
-67
-119
-131
-106
-103
-113
-141
-155
-101
-77
-118
-124
-91
-155
-153
-122
-114
-117
-127
-157
-160
-142
-128
-106
-125
-122
-116
-108
-104
-107
-127
-111
-155
-146
-152
-134
-148
-162
-142
-160
-163
-151
-115
-139
-151
-142
-108
-128
-133
-152
-129
-125
-90
-108
-130
-161
-167
-155
-187
-178
-187
-187
-162
-163
-167
-157
-178
-179
-160
-169
-181
-195
-197
-167
-166
-177
-164
-168
-169
-168
-140
-123
-152
-162
-137
-154
-145
-176
-186
-138
-147
-167
-138
-132
-168
-133
-130
-182
-160
-152
-175
-146
-99
-107
-146
-138
-170
-145
-109
-116
-125
-88
-72
-127
-68
-114
-132
-101
-139
-131
-115
-79
-100
-103
-129
-119
-128
-137
-118
-125
-162
-145
-137
-196
-157
-114
-144
-110
-96
-162
-119
-118
-165
-129
-129
-136
-137
-156
-153
-126
-156
-125
-113
-124
-140
-111
-144
-145
-123
-133
-116
-93
-102
-101
-112
-116
-114
-113
-91
-127
-112
-107
-113
-112
-97
-105
-93
-104
-102
-134
-94
-106
-90
-77
-107
-97
-139
-136
-103
-88
-101
-105
-122
-124
-102
-130
-122
-112
-121
-121
-93
-113
-109
-84
-102
-87
-94
-102
-97
-85
-108
-140
-75
-88
-111
-46
-77
-79
-71
-74
-101
-100
-111
-115
-84
-91
-68
-11
-65
-81
-103
-100
-87
-88
-80
-99
-98
-97
-99
-104
-112
-129
-113
-111
-110
-91
-114
-131
-109
-136
-149
-115
-138
-171
-167
-150
-197
-189
-150
-177
-150
-145
-130
-149
-141
-140
-138
-142
-136
-104
-140
-104
-102
-136
-102
-64
-123
-79
-79
-136
-133
-147
-121
-156
-175
-153
-191
-184
-174
-191
-176
-115
-142
-149
-166
-165
-136
-187
-176
-183
-136
-157
-166
-164
-188
-186
-169
-133
-174
-184
-167
-176
-165
-134
-174
-186
-191
-185
-178
-198
-218
-174
-173
-186
-184
-215
-144
-174
-187
-181
-182
-155
-184
-182
-195
-192
-162
-152
-156
-126
-142
-164
-179
-196
-180
-175
-170
-172
-137
-161
-164
-159
-150
-157
-131
-146
-132
-104
-96
-101
-94
-78
-96
-97
-91
-122
-126
-116
-138
-138
-124
-138
-116
-140
-141
-132
-152
-135
-189
-114
-142
-152
-144
-132
-109
-129
-154
-109
-99
-152
-161
-157
-137
-135
-103
-101
-85
-110
-119
-119
-127
-112
-145
-136
-119
-98
-126
-87
-92
-104
-68
-85
-98
-82
-92
-82
-126
-87
-95
-113
-84
-138
-102
-92
-116
-92
-68
-93
-81
-78
-114
-77
-99
-107
-98
-106
-95
-110
-117
-89
-68
-77
-72
-82
-93
-117
-140
-96
-98
-120
-97
-77
-80
-88
-106
-134
-101
-81
-100
-83
-97
-88
-81
-108
-106
-112
-107
-133
-123
-98
-111
-175
-151
-144
-153
-135
-131
-129
-124
-122
-145
-128
-129
-96
-125
-135
-93
-132
-88
-92
-52
-71
-96
-77
-83
-85
-82
-82
-75
-137
-120
-136
-166
-97
-86
-113
-103
-94
-109
-109
-125
-117
-161
-134
-133
-129
-146
-169
-141
-140
-134
-194
-154
-150
-168
-163
-186
-183
-175
-165
-122
-118
-89
-131
-136
-127
-157
-146
-141
-111
-127
-95
-69
-73
-44
-77
-48
-41
-64
-57
-35
-15
-48
-39
-49
-11
-40
-57
-66
-36
-56
-79
-74
-38
-51
-34
0
-17
-3
-45
-29
-17
-23
-51
-63
-36
-55
-54
-47
-42
-3
-43
-38
-64
-32
-23
-42
-74
-63
-76
-101
-55
-55
-44
-49
-72
-73
-58
-75
-89
-95
-94
-107
-99
-74
-57
-100
-57
-84
-60
-64
-88
-63
-100
-91
-124
-117
-132
-104
-127
-65
-97
-93
-96
-117
-51
-84
-90
-107
-103
-125
-110
-90
-88
-130
-114
-103
-114
-117
-96
-74
-93
-71
-75
-69
-80
-101
-89
-76
-119
-117
-88
-95
-77
-84
-83
-74
-78
-101
-70
-54
-85
-42
-49
-50
-101
-106
-121
-143
-70
-93
-84
-105
-122
-92
-89
-94
-78
-67
-88
-111
-81
-74
-100
-67
-97
-81
-42
-69
-66
-72
-74
-32
-49
-63
-46
7
-4
-29
-26
-83
-36
-24
27
8
29
51
53
8
-63
1
-17
-28
-36
11
-11
-11
-44
4
20
36
13
-30
-17
-23
-19
-43
-1
-6
24
-23
-10
-32
-10
3
-5
-14
-15
-11
-9
5
-33
-14
-21
-17
-3
40
21
20
30
2
1
11
8
5
45
24
1
43
-9
-11
15
55
10
2
38
13
-5
6
16
11
46
17
51
-3
4
10
-23
-15
9
10
-13
-5
17
51
49
3
32
19
4
46
49
19
49
63
21
-1
-24
8
-38
-15
-43
-18
-8
3
-9
-28
-22
-37
-18
-59
-29
-10
-37
-29
5
15
-10
-19
-12
-1
19
14
15
31
35
31
14
7
38
21
22
26
1
61
46
21
7
25
31
10
13
31
45
8
9
16
16
34
39
37
-16
-3
17
-6
25
1
-11
-5
-10
-15
12
-7
-13
34
-16
0
-11
-9
33
3
10
3
20
7
31
23
16
38
28
28
-16
-10
-23
-10
-8
16
-3
-18
-8
-9
6
-20
-22
-18
12
12
31
13
20
13
10
39
50
55
43
51
54
79
79
87
80
59
89
63
16
36
14
48
38
55
42
28
36
26
53
13
59
56
28
61
115
37
51
102
87
64
35
44
32
50
41
57
62
72
32
29
64
66
40
45
91
48
30
70
91
99
62
46
48
74
88
37
66
37
63
76
70
84
50
88
89
91
65
66
66
46
70
79
44
55
74
62
50
58
39
36
49
-6
9
-5
-4
28
52
41
0
9
-6
2
2
21
16
14
11
57
54
15
80
44
41
37
22
36
54
48
40
34
53
82
10
52
56
67
95
63
46
41
45
26
43
19
51
87
78
59
53
86
41
65
61
44
35
17
28
49
91
34
30
71
72
33
67
59
51
47
35
22
37
22
26
23
26
58
31
49
24
50
49
60
29
11
19
33
37
31
34
25
33
49
49
7
3
63
56
18
42
45
19
2
20
39
47
36
24
58
30
32
9
24
51
42
-2
3
61
49
38
14
30
37
76
66
23
28
58
89
54
107
106
66
80
73
27
22
46
15
25
46
38
27
40
18
-5
12
0
36
-12
-2
52
74
47
39
54
80
63
30
33
49
35
-14
55
-15
7
27
68
29
39
70
74
97
49
89
65
72
85
72
86
113
90
100
102
107
139
130
116
95
120
96
86
94
104
127
132
123
104
128
110
96
116
117
139
140
109
101
105
113
110
102
74
60
79
76
43
91
88
39
70
79
71
61
32
58
82
73
65
117
87
57
73
83
77
53
60
41
51
50
43
53
42
51
45
32
51
50
52
43
55
101
76
87
66
48
54
52
45
24
62
44
66
74
85
73
57
107
96
74
64
35
56
40
50
46
36
86
52
58
39
51
50
47
53
93
66
62
61
65
68
65
68
71
40
-5
26
-5
27
8
44
36
49
53
30
81
25
32
-4
39
35
55
54
76
78
85
114
104
104
124
92
47
92
92
72
49
38
25
82
68
73
67
49
60
39
55
89
77
60
59
81
91
57
36
52
34
87
49
85
99
90
152
110
138
149
111
109
95
65
53
71
138
116
104
96
61
68
42
52
62
34
63
78
87
87
103
79
85
72
72
83
73
67
125
124
50
72
77
133
85
91
107
103
98
92
115
161
142
101
145
140
127
125
133
99
74
103
124
100
80
108
131
116
129
96
64
112
94
115
128
91
105
131
105
97
131
87
96
130
89
90
153
126
146
122
96
99
70
99
42
50
71
99
64
48
50
42
34
42
77
93
78
94
111
92
95
76
87
88
80
69
62
68
51
32
77
72
43
21
62
92
66
101
106
103
115
115
106
92
105
87
102
101
91
114
107
119
113
73
64
115
51
78
69
91
105
55
58
45
67
42
74
41
50
97
76
58
49
80
30
33
55
25
46
29
68
55
14
54
65
57
71
85
83
56
45
55
123
103
57
53
87
128
102
89
124
107
108
85
93
87
46
61
49
33
35
55
36
11
8
20
10
64
76
55
47
15
37
48
50
72
45
73
73
40
50
34
38
49
11
17
35
40
73
33
43
57
26
26
70
80
58
29
41
24
-9
18
29
46
30
30
42
36
8
37
38
70
68
26
45
69
116
79
56
74
17
21
92
78
38
29
67
110
82
79
127
108
73
113
80
92
91
72
84
42
98
90
98
120
101
103
63
54
92
59
64
72
41
35
49
49
28
56
64
53
37
67
75
88
100
56
16
14
51
49
55
68
64
64
84
105
96
108
109
146
120
44
93
134
114
103
77
120
89
99
134
89
103
112
108
120
118
112
94
57
71
70
103
122
127
147
111
142
134
118
125
144
121
141
163
135
104
119
141
108
120
121
141
154
141
125
123
138
101
102
71
96
61
87
96
63
72
23
27
-4
18
18
56
17
22
44
57
32
27
68
63
76
69
84
57
112
93
85
116
73
93
114
105
113
60
66
91
87
86
77
23
43
31
54
101
114
107
67
86
52
38
54
18
5
73
70
53
82
91
62
62
97
57
41
102
73
51
108
118
83
94
111
89
112
154
104
64
103
76
114
114
120
115
91
132
129
90
96
115
106
116
99
128
110
143
109
104
92
73
94
94
83
49
80
78
80
59
87
59
51
89
58
25
13
46
12
45
79
40
54
71
62
73
84
42
62
51
26
43
55
38
86
43
9
21
14
57
41
20
25
64
69
64
52
50
61
78
43
99
75
69
96
23
29
88
75
25
37
66
44
-1
-3
13
29
37
49
39
67
56
22
66
62
22
30
-6
15
17
3
53
26
10
0
19
69
16
18
9
-10
-14
36
41
25
46
19
20
36
34
65
66
53
58
57
5
67
37
34
67
68
95
55
48
75
78
78
60
48
32
31
29
75
82
45
45
20
57
44
47
61
45
39
59
35
16
49
26
40
15
35
71
59
47
52
97
94
111
52
65
50
83
70
62
58
31
21
2
45
40
26
49
69
25
39
30
68
46
1
14
-20
6
-24
-35
59
32
18
38
12
34
17
39
16
25
52
11
46
38
2
11
-4
17
38
74
82
16
42
50
28
-6
16
21
35
16
61
21
51
91
54
97
46
85
48
50
84
112
74
48
63
58
85
67
67
77
57
59
49
57
69
73
107
113
71
59
36
57
73
107
59
62
74
83
123
105
153
113
131
120
78
88
107
117
103
114
97
97
86
98
97
122
159
111
101
102
99
87
71
62
27
53
61
53
22
69
86
48
119
86
89
78
71
50
70
107
91
67
37
61
62
105
94
65
72
68
74
42
97
70
62
79
70
71
61
97
74
103
91
92
130
108
137
155
134
110
112
85
124
151
94
116
150
138
124
128
91
99
89
115
87
122
120
92
120
72
134
139
116
107
105
127
121
121
138
117
89
100
112
107
105
108
99
109
75
78
90
99
129
67
79
91
75
59
45
86
54
66
78
79
120
58
91
110
92
105
86
86
90
93
88
83
61
72
72
42
72
112
90
113
120
115
91
52
66
59
65
56
55
90
40
63
84
42
70
58
83
57
59
91
87
151
115
89
66
46
64
51
40
71
61
52
33
32
61
49
61
92
84
64
20
41
67
58
45
87
64
35
58
34
42
36
-2
24
73
56
64
33
28
56
62
2
41
71
38
56
76
107
82
54
51
89
110
71
94
75
62
48
10
69
77
33
59
54
40
62
100
67
63
64
46
23
38
19
37
16
7
17
-14
19
14
8
-1
7
9
-6
-6
22
17
-44
-14
-5
-20
-1
16
-22
50
-3
2
24
8
4
-39
-4
-62
-20
-20
0
-12
-6
7
-35
-3
-7
-13
-21
-17
7
9
27
25
-9
50
13
14
56
23
24
38
50
34
79
90
47
74
58
78
88
65
74
118
93
108
79
73
84
109
124
110
106
124
143
88
102
118
96
109
97
95
120
68
104
115
97
106
97
63
96
106
83
61
84
99
52
78
104
92
87
95
79
91
80
78
118
100
50
73
82
41
34
37
46
52
42
23
24
57
38
39
46
42
67
54
62
65
86
85
76
75
19
79
84
47
56
65
100
77
75
101
64
77
98
105
65
86
89
111
104
100
84
68
58
82
150
93
134
140
74
93
133
108
138
140
129
137
114
136
127
97
83
108
120
137
113
124
96
74
128
110
82
99
59
57
39
61
67
47
55
51
65
43
54
57
79
95
133
72
74
92
84
70
108
114
87
132
110
101
83
81
79
65
41
53
89
64
73
76
89
73
91
34
37
59
34
44
21
9
11
30
57
68
31
34
52
47
47
82
87
65
93
47
64
69
36
80
82
64
82
66
11
40
57
47
64
49
37
54
41
41
61
56
60
54
44
29
0
17
60
41
70
53
81
106
68
61
32
51
38
43
63
71
83
19
25
69
30
69
66
10
20
71
14
-22
78
33
-5
102
42
-63
32
61
18
34
89
56
40
51
65
71
19
83
88
16
31
95
11
12
87
25
0
80
39
39
75
98
106
112
90
70
116
94
124
113
87
125
82
59
97
119
58
72
102
72
93
129
90
85
64
62
82
36
97
68
99
84
71
37
65
75
33
29
26
20
17
62
25
11
34
11
-28
-33
-1
56
20
22
24
-18
-55
-43
11
6
5
2
10
16
41
52
41
33
85
82
83
25
54
63
55
33
49
53
54
37
54
72
57
68
41
52
35
36
48
24
10
55
54
61
54
61
55
50
38
47
74
84
71
74
97
102
44
73
105
95
95
98
97
92
103
117
109
77
79
43
-2
28
26
25
53
68
49
40
82
117
105
109
80
79
75
47
26
28
65
9
43
34
43
44
32
51
21
46
27
-17
-11
3
2
5
-2
-12
-44
14
-9
12
11
-19
25
46
49
0
36
52
33
14
68
80
32
73
107
89
93
109
72
83
66
42
61
25
4
50
56
52
33
42
30
31
-5
-6
-30
19
33
46
68
24
53
5
16
25
38
60
41
70
69
17
34
20
41
59
6
23
28
-9
-8
22
22
17
40
23
23
55
47
69
43
9
41
29
-12
18
16
26
43
29
27
22
0
25
113
85
53
52
48
73
84
72
79
84
69
56
56
52
78
68
66
90
59
25
4
19
44
-4
4
28
19
27
62
24
42
47
10
16
22
41
43
35
42
-26
-27
19
23
22
29
-50
-21
31
40
13
19
20
14
33
20
4
-7
22
-13
2
-2
-5
17
54
16
-12
-13
-7
-24
-72
-33
-75
-40
-33
-17
45
1
-4
-43
-24
-38
-63
-40
-19
-3
-4
41
2
22
22
9
26
-2
11
16
-5
9
42
-29
-29
6
-5
-29
-33
-7
-11
-24
-4
4
21
53
10
-14
-10
9
29
5
-16
29
31
6
13
-16
-35
-21
23
-8
-18
-30
-39
-28
9
-24
-46
-40
-29
-7
-26
-36
6
-24
-25
-18
-28
-23
-63
-54
-18
-33
-25
-5
-12
-28
-36
-54
-51
-53
-35
-36
-37
-18
-23
2
13
-36
-52
-46
-66
-89
-15
-70
-51
-49
-108
-92
-96
-24
-50
-39
-30
-42
-56
-21
-34
-47
-63
-80
-68
-58
-32
-38
-14
-34
-31
-46
-39
-58
-65
-56
-55
-46
-3
-22
-22
-13
-73
-39
-38
-27
-48
-82
-51
-31
-35
-56
-76
-62
-53
-19
-13
-50
-65
-35
-78
-45
-5
-28
-11
-41
-35
-46
-29
-45
-49
-15
-26
-35
-44
-43
-13
-16
-26
-33
9
13
-3
8
-13
-1
-52
-9
-33
-37
-9
-8
-8
-29
-20
21
-5
-23
-6
5
25
-1
-30
-41
-44
-37
-25
-2
-28
-31
-5
-8
-7
-12
-12
20
2
16
15
-13
-23
-12
-12
-46
-53
-42
-56
-56
-27
-48
-16
-27
-36
-58
-57
-40
9
-67
-38
-42
-78
-8
-47
2
-23
-28
-29
-57
-75
-47
-55
-61
-42
-85
-99
-84
-72
-65
-9
-53
-58
-56
-35
-27
-82
-87
-35
-42
-30
-24
-24
6
-14
-52
-75
-56
-20
-42
-72
-50
-54
-75
-37
-9
-83
-67
-58
-79
-54
-59
-75
-81
