-144
-136
-144
-143
-146
-185
-195
-224
-209
-206
-203
-210
-209
-188
-170
-170
-160
-107
-118
-175
-157
-149
-174
-176
-160
-177
-177
-149
-107
-99
-166
-145
-179
-154
-161
-138
-105
-144
-155
-179
-168
-139
-175
-168
-161
-193
-180
-211
-188
-209
-206
-189
-180
-117
-133
-123
-132
-131
-124
-112
-142
-150
-146
-184
-180
-173
-160
-131
-190
-157
-149
-189
-174
-163
-156
-161
-136
-152
-163
-145
-140
-150
-129
-108
-142
-138
-149
-167
-136
-125
-145
-130
-118
-120
-161
-155
-150
-201
-178
-181
-152
-158
-184
-171
-165
-163
-162
-119
-157
-138
-136
-142
-147
-226
-185
-171
-183
-135
-107
-163
-148
-112
-112
-127
-151
-100
-133
-136
-152
-130
-90
-101
-157
-186
-187
-150
-132
-162
-147
-180
-132
-116
-136
-159
-169
-163
-176
-188
-177
-198
-203
-201
-179
-133
-158
-154
-114
-132
-122
-158
-163
-161
-196
-171
-179
-182
-122
-119
-122
-120
-98
-115
-152
-151
-165
-154
-161
-178
-161
-174
-169
-146
-132
-150
-152
-155
-196
-140
-139
-134
-133
-116
-154
-142
-173
-195
-181
-226
-189
-176
-175
-238
-222
-209
-228
-197
-158
-190
-205
-177
-189
-218
-204
-194
-165
-143
-141
-133
-134
-106
-96
-124
-154
-180
-141
-211
-216
-192
-178
-127
-98
-94
-84
-89
-123
-92
-97
-115
-113
-148
-153
-156
-185
-154
-104
-153
-143
-166
-146
-166
-136
-135
-143
-113
-127
-88
-116
-120
-111
-140
-107
-126
-121
-114
-111
-108
-51
-50
-78
-43
-84
-76
-73
-43
-91
-83
-84
-108
-62
-47
-66
-91
-91
-139
-92
-59
-131
-110
-104
-132
-126
-87
-113
-112
-135
-167
-134
-139
-101
-109
-113
-125
-105
-119
-125
-91
-132
-110
-99
-118
-136
-146
-128
-121
-129
-98
-110
-114
-123
-136
-121
-169
-154
-168
-132
-106
-129
-138
-138
-108
-87
-61
-48
-87
-143
-112
-122
-142
-103
-134
-124
-132
-149
-149
-132
-94
-65
-99
-96
-81
-99
-76
-81
-74
-131
-73
-80
-138
-94
-105
-93
-68
-61
-46
-94
-72
-14
-55
-27
-31
-5
-30
-41
-8
-26
-22
-23
-18
-4
-36
-58
23
47
8
28
35
34
18
34
31
32
32
-1
22
14
32
8
-31
-15
-24
-7
0
9
-12
-1
15
24
17
-21
-18
33
-24
2
74
25
23
63
49
35
81
40
35
45
5
0
44
35
28
25
35
44
44
35
9
2
15
9
-46
-11
-40
-24
-33
-31
-1
-20
7
23
37
18
35
-6
-31
-27
-88
-99
-95
-123
-120
-92
-77
-108
-80
-92
-90
-51
-25
-82
-115
-81
-84
-78
-81
-56
-24
-24
-35
-78
-53
-38
-64
-64
1
25
-9
-9
-23
-48
-45
-82
-64
-31
-76
-80
-56
-6
-49
-67
-64
-70
-51
-20
-31
-38
-30
-38
-66
-54
-95
-87
-57
-54
-56
-47
-28
-34
0
3
0
-4
-20
-12
-28
-9
15
2
-31
-21
11
-12
-7
1
-1
18
38
46
18
58
-16
-15
10
4
-38
-9
25
63
80
30
17
-18
-19
-48
-29
-10
15
-4
9
15
-16
8
-15
-7
39
21
16
63
50
52
27
20
32
-12
-30
4
14
30
25
40
14
2
54
39
20
10
19
36
11
76
87
26
71
41
44
16
50
38
24
43
-1
26
55
9
-19
-11
-43
-25
-13
-18
-38
12
51
-19
-38
-42
6
-5
-16
20
13
17
-6
9
-9
-30
-37
-19
-23
-3
-4
-26
-20
-55
-6
-35
4
13
-17
6
-49
-23
-55
-40
-29
-34
-41
-50
-30
-54
-36
-60
-21
15
-55
-66
-37
-86
-62
-38
-41
-49
-65
-35
-54
-32
-21
0
-40
-43
-14
11
28
-10
22
65
20
18
73
38
61
45
28
58
58
34
57
80
74
63
49
59
24
-5
46
68
33
70
72
41
29
55
53
73
86
71
74
47
32
14
54
60
92
85
78
93
87
69
67
79
69
78
93
90
56
69
46
82
46
81
89
73
78
87
80
76
66
82
90
74
80
54
87
66
114
88
107
92
93
84
77
88
52
64
82
50
18
32
79
66
50
50
25
69
65
65
82
85
79
87
36
108
120
88
84
91
81
54
89
76
95
42
75
60
74
125
109
108
110
126
87
101
122
105
122
133
123
97
121
124
113
120
94
100
98
80
76
66
55
76
108
77
88
112
119
84
136
117
137
132
112
132
106
153
95
136
111
91
110
131
142
166
161
165
158
150
154
150
137
157
166
160
176
172
178
142
160
177
201
144
167
154
183
197
174
224
150
181
170
139
179
185
183
143
135
163
157
119
133
137
167
185
169
171
180
171
157
155
145
116
121
149
147
162
200
176
191
171
177
232
246
239
195
232
228
209
205
124
147
170
178
162
98
134
148
126
100
117
156
161
150
146
193
147
140
161
163
176
141
131
113
134
89
88
110
77
66
58
91
46
75
58
109
81
133
133
77
111
107
106
77
74
107
120
77
103
75
65
87
129
94
110
141
118
106
75
71
100
59
77
79
64
96
91
93
121
108
65
107
88
53
98
91
121
112
106
97
52
90
133
103
117
103
130
103
34
62
124
135
109
116
117
129
109
122
142
114
87
117
111
69
82
108
73
73
105
88
18
47
66
38
70
88
59
83
72
30
75
62
53
42
20
24
46
58
29
-1
30
50
48
27
49
33
38
33
45
61
88
72
68
59
48
70
56
74
63
63
36
40
44
67
88
58
65
57
45
60
58
52
46
10
9
-14
11
27
2
27
27
8
31
6
-17
-11
-15
-63
-27
-36
-62
-19
-31
-19
-12
4
19
30
-14
-9
-38
-50
11
32
5
16
33
32
73
49
70
124
40
32
72
69
64
48
38
77
57
18
35
16
31
24
33
12
29
-14
-8
25
-2
35
29
38
-2
16
22
8
60
20
13
24
8
30
21
67
55
40
15
32
87
74
80
72
114
147
162
118
161
160
142
187
193
189
158
135
151
145
171
177
166
175
151
178
169
160
164
155
140
141
111
140
114
124
135
49
63
48
101
61
60
73
52
100
67
70
53
34
31
54
81
75
98
129
108
81
107
87
57
91
70
66
53
8
11
26
36
51
47
-8
29
13
16
35
40
23
-30
29
46
34
33
36
33
39
64
35
45
21
50
38
45
57
50
94
71
68
74
37
27
41
48
60
68
74
91
112
87
94
102
71
46
50
75
77
70
106
100
103
133
124
111
85
114
100
55
56
80
66
71
77
66
88
125
72
80
93
76
65
49
68
69
71
76
104
104
86
97
84
43
32
80
89
81
103
80
86
119
66
97
104
113
121
76
105
87
85
92
96
89
73
29
50
105
91
117
94
120
132
79
124
82
86
108
90
89
105
90
77
87
86
83
69
86
68
102
116
112
100
69
89
87
91
86
109
130
160
156
124
105
129
127
91
132
145
134
114
106
88
69
61
118
83
93
98
103
80
101
89
62
67
62
101
34
54
38
55
53
57
63
33
61
52
24
39
68
59
35
32
50
57
107
95
94
76
83
69
26
68
79
59
23
43
64
57
56
68
83
66
59
49
47
12
42
43
62
44
18
79
42
34
27
55
63
30
16
12
-3
7
47
2
6
-13
-20
32
21
19
25
16
19
-17
-44
-1
-10
1
-33
-58
-15
2
-26
-55
-38
-46
-35
-45
-21
-4
-7
-29
-13
20
30
38
25
-8
-14
-28
-32
-26
-59
-36
-5
-46
-28
0
-50
-32
-65
-72
-68
-38
-13
-57
-54
-50
-44
-36
-43
-74
-34
-39
-25
-2
-3
20
-11
-28
-4
19
40
19
23
11
50
46
39
29
4
37
26
68
17
1
-17
2
5
12
16
5
29
4
40
39
28
12
30
-7
25
35
58
48
26
22
23
29
15
-1
25
13
21
31
10
11
-35
4
-7
13
28
47
49
44
23
47
58
44
67
54
58
52
84
101
62
78
91
73
65
25
65
67
68
76
24
1
25
40
30
20
10
1
-32
17
25
40
-17
-8
1
-3
-3
-38
-38
-23
-32
-17
-20
-32
13
-2
13
54
27
12
13
-7
-6
24
-4
9
13
26
57
19
5
24
12
12
6
20
31
27
36
19
16
16
-13
-4
1
41
29
26
-7
-14
-4
-33
-21
-49
-20
-3
-62
-69
9
-41
-44
-30
-14
-62
-66
-33
-64
-39
-33
-35
-27
-24
-49
-30
-14
3
-4
-3
5
-12
2
-14
-7
-20
-6
-30
-34
26
20
12
43
24
-3
18
-4
10
21
32
74
71
38
1
22
16
47
35
71
106
60
98
41
50
69
41
49
20
63
22
-8
54
23
29
24
10
-3
13
37
0
5
-15
-2
30
13
16
17
1
18
50
8
16
45
34
46
47
26
-36
-1
-8
-15
30
27
20
48
38
31
46
57
36
32
95
66
73
72
67
117
86
63
98
62
72
93
95
90
65
57
88
86
74
70
74
39
65
84
58
56
28
24
3
19
22
16
31
34
1
-16
-3
-62
-55
-74
-79
-43
-27
-37
-67
-41
-33
-40
-35
-44
-56
-17
0
-21
-61
-26
-51
-49
-36
-62
-33
-40
14
-39
-5
-9
-13
29
1
21
-10
5
21
2
-19
-34
-35
-68
-71
-56
-44
-66
-74
-58
-31
-48
-35
-25
-55
-87
-60
-72
-104
-87
-64
-83
-58
-54
-51
-74
-98
-47
-91
-38
-18
-45
-49
-35
34
-15
-43
-12
-40
-23
-29
-33
-20
-60
-39
-30
-47
-31
-20
-20
18
-15
0
-4
-18
-6
-19
-12
-52
-31
-6
-23
11
4
-20
-31
-31
-17
-44
-41
4
1
8
-11
10
-1
12
21
-2
12
6
37
66
55
20
25
33
19
14
30
25
44
26
27
41
40
51
49
39
53
59
45
66
47
64
64
17
20
-14
19
6
0
-3
-29
6
-20
-61
-65
-43
-82
-29
-31
-28
-8
-48
-37
-82
-49
-40
-32
-30
11
57
-4
5
29
19
30
13
27
66
12
63
59
69
30
25
39
12
31
21
39
42
39
12
0
-21
-29
-31
-62
-49
-47
-95
-55
-94
-75
-78
-108
-85
-91
-122
-133
-97
-118
-72
-67
-76
-57
-64
-39
-64
-30
-28
-23
-8
-45
-12
-12
23
1
17
0
31
41
-16
-24
-18
-18
-45
-28
-15
-9
-15
-21
30
-45
-44
-47
-56
-67
-56
3
-62
-31
-22
-24
-19
-6
-13
-4
-6
14
-18
-66
-41
-36
-46
-17
-21
-27
-50
-34
-9
6
-22
1
-5
13
2
11
51
-23
42
-7
-6
5
-31
-4
2
24
13
35
8
23
16
40
22
61
61
26
66
39
41
56
88
77
30
33
53
14
40
37
41
99
34
-4
-10
-52
-33
-59
-34
-45
-48
-26
10
-14
-13
-14
-40
-26
-24
-22
-77
-28
-33
-49
-39
-66
-58
-14
-45
-65
-40
-54
-29
-49
-28
-62
-101
-82
-40
-18
-19
-24
11
-2
-36
6
18
-19
-19
-34
-34
-45
-51
-43
-73
-81
-81
-71
-48
-34
-51
-70
-66
-44
-39
-33
-53
-30
-46
8
-47
-74
8
-50
-48
-41
-65
-94
-52
-62
-40
1
-36
-12
-17
-73
-80
-100
-102
-95
-73
-82
-82
-57
-21
-31
-36
-60
-35
-23
-25
-26
-48
-18
-20
-12
-28
-43
-26
-15
-12
-3
-38
10
18
15
20
-1
14
25
34
24
6
25
28
75
45
33
-1
-1
8
-18
-22
-18
12
-24
10
7
-4
-37
-23
-37
-44
-56
-36
4
-36
-55
-72
-47
-15
-56
-49
-32
-81
-38
-54
-14
29
4
6
-55
-17
-22
-28
2
-15
16
3
-39
-17
-3
-25
9
-3
-48
-22
-32
-25
-29
-43
-24
-27
-20
-4
-32
-3
-16
-19
-22
-8
-9
-25
-25
-88
-66
-50
-74
-62
-53
-60
-51
-73
-88
-88
-69
-96
-109
-90
-91
-79
-90
-33
-63
-35
-32
-47
1
-21
-20
3
-16
2
18
-14
-24
23
43
8
-4
3
17
1
32
41
57
29
-2
34
85
85
40
63
76
85
61
55
43
61
60
71
64
62
93
59
126
122
105
104
115
151
102
82
102
95
67
111
106
87
93
113
98
96
129
136
121
66
65
76
84
62
29
19
64
67
77
64
65
103
51
56
47
36
65
45
21
62
52
90
84
80
57
57
52
67
71
65
82
49
68
83
59
47
55
18
25
69
42
65
83
54
36
43
52
54
30
1
-14
36
61
58
31
6
-11
-12
-11
-20
-1
13
-5
-7
9
-10
-16
-20
-25
-19
28
12
20
91
47
63
48
32
-3
-9
1
-37
-10
-29
6
7
25
58
30
75
63
95
93
107
90
64
90
120
140
88
142
136
131
141
143
139
90
128
102
88
142
137
188
168
158
160
160
155
177
141
150
136
98
117
104
130
164
148
156
160
157
144
104
110
108
123
160
174
208
159
116
121
122
144
97
110
132
146
146
143
136
127
103
128
144
95
140
161
155
129
117
175
118
169
179
164
140
149
175
171
139
131
122
118
135
116
95
76
79
75
99
77
101
111
89
82
66
53
63
68
67
100
108
109
94
69
49
31
34
-7
10
7
18
8
17
36
13
23
19
2
-2
13
28
26
11
26
37
-22
53
47
24
8
17
43
19
43
13
42
47
62
54
40
35
8
23
47
66
29
14
38
38
33
40
39
55
43
52
64
59
97
111
112
114
56
66
55
36
75
33
59
55
39
72
66
64
53
69
80
103
119
112
91
100
90
128
143
87
108
116
95
91
121
124
136
119
128
131
83
104
90
102
94
91
102
51
74
99
117
133
171
160
168
193
130
140
136
125
117
113
84
97
93
61
84
62
105
108
122
107
63
71
69
101
32
74
94
65
56
71
51
54
24
23
4
36
34
20
41
43
56
85
82
18
46
28
42
52
59
32
26
22
42
3
-27
8
22
43
21
18
18
24
38
31
-11
-2
-31
-9
1
-41
-39
-55
-41
-32
-33
-35
-35
-61
-70
-51
-50
-38
-1
-17
-33
-28
13
-5
4
21
-37
-25
-1
0
30
9
54
71
44
42
39
44
64
13
17
31
26
1
-9
-4
-16
37
-9
-8
20
22
28
17
40
27
35
57
54
23
40
42
86
89
89
84
80
79
111
80
84
65
65
80
33
78
64
78
84
58
67
45
22
45
61
47
15
44
34
34
-2
-11
11
11
37
22
0
21
11
7
16
-41
-19
8
-27
-25
-18
-6
-20
-5
-6
-38
-24
-4
-19
-56
-25
-26
-1
23
11
25
43
40
47
73
81
49
31
84
68
60
84
74
78
88
55
46
40
65
45
49
49
20
51
36
49
0
79
58
35
11
-20
4
10
41
37
73
32
58
70
56
34
62
90
71
92
31
42
37
18
41
17
39
49
11
18
0
8
30
13
14
63
40
67
56
33
51
22
83
78
54
100
68
90
83
110
108
94
99
108
152
165
150
134
88
107
141
101
124
147
140
130
141
143
126
135
93
138
147
92
119
149
147
171
149
98
129
109
60
90
117
71
89
90
70
89
48
68
23
53
41
31
57
29
38
47
79
43
59
84
53
33
26
55
30
50
7
16
35
-6
66
56
15
73
62
16
46
30
13
49
40
70
58
45
82
93
59
43
23
45
37
39
78
66
41
45
79
39
24
59
53
70
8
9
53
76
27
2
54
39
27
2
17
-20
-17
34
-11
-14
-25
10
37
72
43
49
70
25
34
22
49
108
50
93
99
58
51
102
69
90
124
101
103
124
149
125
108
108
120
88
97
100
138
146
146
139
126
126
142
134
107
115
63
71
75
80
129
129
73
64
73
84
80
65
48
75
41
36
45
30
79
118
106
88
104
93
100
82
81
114
93
108
109
101
105
79
79
92
56
98
72
55
60
92
50
26
57
48
34
35
32
-2
2
-40
-34
-32
-36
-47
-42
-25
-34
-71
-29
-29
-20
-9
-14
-29
-33
-83
-83
-81
-84
-69
-100
-92
-100
-41
-73
-77
-60
-25
-43
-43
-53
-58
-54
-34
20
-31
-23
-56
-8
24
-6
5
8
3
23
36
62
10
-41
-31
14
25
-3
-3
12
-20
9
48
50
75
64
71
44
25
32
41
59
57
25
58
66
98
89
77
87
58
36
31
94
95
129
83
68
59
62
52
66
109
117
107
84
122
86
92
67
80
73
70
112
104
53
39
27
45
39
0
-15
30
14
-10
-24
36
30
57
78
68
96
82
97
106
108
80
55
53
60
49
79
58
95
80
59
141
103
98
76
27
62
72
59
114
38
35
75
38
45
59
65
53
62
36
33
32
67
52
30
52
25
70
30
-7
-26
1
46
56
86
63
66
57
49
74
66
4
12
-3
-6
-4
1
11
-28
-34
-8
1
-39
-1
37
36
48
23
59
73
22
13
19
25
7
9
51
17
5
38
14
11
-9
17
2
35
68
40
27
12
73
52
14
25
8
5
19
6
47
71
54
38
28
59
63
73
77
103
94
68
39
31
22
73
62
64
73
52
51
46
15
12
-3
5
30
14
0
-9
15
-5
-8
11
43
83
97
54
42
37
27
54
21
76
86
77
88
43
99
95
67
98
80
99
106
147
115
67
73
88
80
87
90
78
80
91
82
72
72
47
55
105
100
108
103
19
38
68
53
74
67
68
45
36
11
-20
-7
-21
-21
-56
-49
-49
-37
-24
-18
-26
-47
-7
-8
1
-35
-5
-4
-4
16
43
48
4
9
16
16
18
-29
-19
37
25
-14
-14
5
-11
-11
-5
-37
-27
19
42
39
42
39
3
25
41
54
54
11
-6
-11
11
-8
10
3
-7
-5
-21
-6
9
-13
4
0
-11
24
18
6
19
45
19
46
27
33
13
33
19
9
55
38
59
41
40
38
30
56
5
27
31
36
55
28
18
21
24
8
28
46
17
35
51
30
63
46
45
45
64
59
34
59
5
45
20
42
53
31
64
37
47
56
18
53
45
54
53
42
72
61
40
49
44
4
-21
-10
14
16
35
-30
-27
-38
-25
3
-26
-25
-4
13
-38
-37
-27
-45
-22
-16
-29
-20
-24
-28
-21
-33
-75
-53
-45
-34
-28
5
-9
-59
24
10
12
41
38
30
7
37
56
23
-28
-48
-61
-49
-29
-26
-35
-92
-36
-17
-10
-14
-41
-44
-26
-48
-15
-30
-36
-10
-15
-20
4
41
12
35
37
57
50
47
42
30
12
-14
19
7
26
28
16
68
44
55
59
12
20
-1
62
23
5
-16
-4
20
-12
7
14
38
27
16
1
21
-2
13
5
-14
28
0
-4
-10
10
-30
-60
-65
-57
-53
-63
-67
-98
-63
-81
-55
-70
-45
-11
-18
-40
-53
-52
-30
-31
-24
-14
-8
13
-29
-20
-10
-67
-48
-75
-73
-35
-54
-30
-53
-108
-156
-92
-89
-83
-39
-80
-26
-33
-69
-44
-68
-85
-51
-35
-89
-80
-91
-98
-61
-76
-88
-71
-95
-144
-90
-113
-129
-143
-127
-145
-111
-134
-145
-123
-146
-123
-112
-107
-145
-144
-154
-127
-124
-117
-70
-83
-22
-51
-41
-46
-56
-56
-62
-60
-81
-49
-31
-28
-32
-11
-40
-39
-72
-69
-67
-33
-50
-12
-11
-37
-26
-20
-17
-56
-42
-36
-23
-54
-49
-3
1
3
-18
-40
-63
-35
-49
-52
-6
-21
-12
-33
-18
-15
-29
40
28
-9
44
27
37
30
37
49
28
21
0
-10
21
-5
10
40
6
17
11
14
12
24
-6
-6
-21
-13
11
-1
-19
1
-27
-53
-65
-61
-43
-53
-45
7
-50
-22
-6
-2
52
41
31
22
18
-12
-43
3
-8
0
14
-20
-27
-32
-69
-52
-30
-15
18
-21
-32
-37
-16
-17
-64
-75
-111
-121
-125
-121
-51
-49
-81
-109
-119
-97
-94
-73
-74
-116
-76
-100
-115
-87
-102
-135
-101
-112
-69
-61
-85
-53
-76
-99
-88
-124
-92
-77
-100
-70
-61
-50
-15
-50
-40
-46
-40
-28
-24
-31
21
36
-23
-28
-14
42
-11
-52
-26
-22
-7
-13
-60
-47
-63
-64
-38
-77
-37
-65
-13
19
37
13
-6
-21
-75
-36
-47
-40
-18
-62
-48
-37
-57
-31
-2
-16
-60
-12
-5
-5
-20
-34
-69
-39
-14
-74
-49
-45
-55
-68
-87
-84
-60
-82
-85
-72
-67
-68
-68
-82
-101
-98
-120
-118
-91
-114
-70
-71
-70
-70
-102
-104
-104
-95
-81
-144
-149
-130
-146
-142
-138
-150
-190
-200
-176
-150
-134
-132
-171
-104
-104
-112
-67
-116
-111
-146
-131
-100
-133
-108
-146
-161
-144
-131
-100
-113
-103
-93
-61
-106
-80
-108
-139
-94
-114
-133
-84
-117
-137
-149
-137
-130
-164
-136
-129
-138
-57
-103
-87
-99
-120
-113
-140
-80
-124
-94
-92
-111
-107
-112
-106
-104
-114
-140
-138
-148
-74
-80
-88
-69
-89
-97
-120
-111
-107
-86
-34
-88
-110
-79
-104
-97
-111
-104
-93
-37
-31
-112
-61
-85
-121
-124
-120
-119
-107
-81
-101
-106
-75
-56
-58
-98
-87
-116
-76
-96
-99
-39
-101
-89
-86
-68
-61
-77
-98
-36
-62
-73
-34
-28
-21
-40
-33
-39
-92
-90
-53
-31
-58
-67
-44
-80
-85
-63
-109
-89
-102
-121
-111
-126
-110
-101
-89
-80
-80
-72
-94
-104
-115
-97
-112
-125
-96
-78
-97
-133
-88
-64
-119
-123
-105
-111
-145
-181
-157
-121
-110
-108
-98
-142
-86
-97
-143
-112
-119
-113
-154
-153
-148
-119
-121
-152
-152
-155
-192
-177
-169
-164
-135
-138
-79
-73
-124
-84
-153
-167
-144
-163
-163
-117
-116
-130
-163
-153
-161
-141
-144
-126
-109
-114
-70
-91
-79
-100
-67
-73
-63
-52
-67
-65
-56
-20
-39
-39
-43
-83
-95
-92
-108
-114
-82
-89
-82
-85
-70
-79
-97
-120
-120
-84
-94
-106
-96
-114
-128
-149
-127
-127
-121
-108
-119
-104
-98
-72
-68
-87
-78
-105
-120
-109
-104
-118
-125
-124
-150
-165
-184
-169
-126
-97
-93
-108
-79
-100
-138
-101
-132
-115
-126
-120
-162
-135
-146
-170
-156
-177
-151
-189
-192
-161
-151
-155
-141
-143
-149
-162
-156
-165
-168
-180
-218
-226
-184
-193
-202
-183
-187
-186
-216
-179
-167
-199
-162
-166
-195
-159
-181
-171
-184
-184
-162
-179
-154
-134
-177
-128
-183
-212
-199
-249
-233
-190
-178
-186
-209
-220
-202
-184
-187
-183
-155
-161
-145
-164
-156
-171
-177
-150
-156
-158
-163
-177
-161
-111
-129
-193
-158
-153
-174
-180
-212
-189
-139
-129
-190
-175
-149
-182
-180
-137
-168
-161
-130
-132
-165
-211
-163
-184
-150
-146
-153
-103
-76
-86
-110
-80
-117
-100
-97
-123
-140
-126
-119
-167
-139
-177
-175
-159
-144
-144
-159
-142
-182
-173
-143
-153
-145
-158
-153
-160
-177
-150
-156
-142
-128
-168
-138
-190
-138
-135
-169
-113
-173
-143
-162
-134
-142
-141
-118
-151
-127
-146
-140
-167
-133
-193
-165
-180
-156
-100
-123
-133
-170
-204
-197
-185
-150
-167
-163
-154
-118
-123
-87
-140
-120
-127
-142
-114
-121
-74
-106
-126
-149
-135
-167
-176
-194
-127
-151
-168
-143
-141
-164
-156
-152
-141
-123
-149
-143
-170
-213
-198
-189
-181
-154
-121
-149
-151
-137
-143
-117
-160
-125
-166
-195
-164
-197
-151
-130
-156
-158
-162
-146
-166
-182
-154
-122
-110
-78
-124
-110
-61
-92
-74
-101
-90
-100
-59
-77
-97
-128
-176
-143
-144
-121
-101
-60
-129
-140
-103
-134
-153
-151
-137
-159
-172
-203
-204
-183
-204
-191
-210
-211
-190
-190
-146
-156
-127
-173
-159
-200
-202
-169
-139
-122
-125
-131
-184
-147
-160
-169
-92
-95
-108
-76
-98
-84
-140
-102
-71
-91
-66
-50
-61
-75
-61
-115
-40
-36
-61
-32
-63
-81
-102
-78
-109
-82
-80
-99
-103
-86
-80
-68
-14
-71
-54
-95
-81
-37
-83
-63
-84
-76
-50
-58
-25
-68
-101
-103
-63
-71
-85
-56
-53
-73
-84
-92
-87
-67
-83
-42
-51
-57
-47
-90
-65
-76
-65
-55
-55
-54
-71
-62
-56
-65
-83
-98
-115
-89
-144
-162
-162
-135
-75
-77
-80
-85
-64
-46
-58
-91
-60
-84
-74
-69
-58
-54
-59
-90
-125
-118
-146
-139
-160
-85
-109
-152
-124
-131
-140
-144
-173
-152
-174
-168
-137
-163
-155
-159
-167
-184
-186
-130
-121
-185
-135
-124
-107
-115
-124
-105
-115
-94
-103
-112
-86
-56
-90
-80
-95
-62
-103
-86
-41
-69
-57
-82
-78
-85
-82
-121
-93
-81
-99
-127
-87
-96
-125
-69
-67
-53
-55
-56
-98
-103
-77
-140
-101
-116
-120
-63
-101
-79
-93
-86
-122
-115
-87
-95
-30
-46
-66
-85
-77
-65
-26
-18
-48
-56
-32
-32
-36
-25
-9
-65
-111
-91
-78
-100
-67
-87
-45
-35
-52
-53
-38
-14
-48
-48
-51
-82
-83
-71
-88
-104
-101
-82
-93
-63
-65
-100
-114
-121
-60
-60
-57
-90
-116
-88
-86
-106
-114
-72
-124
-141
-161
-132
-78
-76
-80
-84
-87
-70
-91
-126
-121
-173
-124
-108
-98
-79
-66
-69
-86
-53
-116
-76
-41
-123
-145
-99
-72
-73
-97
-57
-105
-149
-107
-132
-109
-106
-140
-96
-61
-79
-73
-57
-51
-44
-74
-68
-42
-58
-58
-82
-99
-91
-78
-72
-115
-92
-44
-50
-34
-24
-14
-29
-53
-81
-23
-57
-63
-38
-60
-25
-51
-81
-63
-44
-4
-37
-46
-71
-89
-72
-112
-64
-69
-150
-91
-77
-88
-54
-43
-62
-46
-10
-14
-18
-15
-1
-73
-86
-18
-55
-131
-76
-80
-109
-94
-81
-112
-118
-91
-94
-86
-100
-100
-99
-82
-58
-65
-97
-58
-70
-88
-83
-163
-108
-58
-90
-112
-106
-73
-88
-117
-94
-78
-75
-32
-77
-59
-26
-31
-54
-86
-91
-83
-77
-77
-31
-34
-48
-11
-49
-66
-49
-72
-83
-84
-84
-72
-71
-79
-67
-93
-56
-35
-39
-64
-51
-33
-52
-24
-34
-64
-66
-34
-36
-5
-65
-67
-71
-34
-49
-45
-29
-46
-29
-13
-19
-17
-30
-23
-21
-68
-69
-41
-24
-30
-4
-16
-26
-5
6
-35
-21
-18
-46
34
30
-12
-25
-46
17
-8
-63
-65
-56
-48
-64
-77
-36
-96
-111
-67
-90
-38
-55
-63
-48
-55
-35
-70
-79
-76
-70
-46
-106
-115
-71
-72
-54
-61
-91
-51
-42
-21
-24
-16
-2
-17
-26
-52
-65
-11
2
-50
-48
-17
-78
-85
-62
-21
-20
-31
-30
-32
-16
-41
-21
-39
-42
-29
-48
-38
-53
-67
-45
-52
-87
-89
-82
-87
-140
-123
-86
-109
-106
-49
-77
-101
-69
-105
-119
-86
-106
-57
-61
-65
-46
-59
-76
-84
-68
-60
-91
-98
-123
-113
-94
-65
-72
-72
-74
-71
-98
-62
-62
-136
-112
-100
-70
-82
-111
-127
-154
-143
-181
-193
-161
-200
-157
-169
-161
-117
-121
-117
-138
-139
-149
-111
-109
-138
-71
-121
-122
-104
-110
-71
-89
-98
-127
-116
-100
-97
-76
-68
-60
-59
-64
-69
-48
-54
-56
-30
-48
-84
-74
-75
-28
-11
2
-18
-33
39
-4
-74
-22
-66
-93
-74
-109
-48
-50
-68
-28
-38
-24
-23
0
1
-14
-2
-4
16
4
-10
-27
-32
-31
-63
16
9
-14
-11
-24
-8
-31
-6
-29
-48
-33
-59
-52
-15
-32
-40
-39
-74
-78
-100
-106
-82
-84
-85
-72
-89
-92
-95
-66
-114
-71
-105
-108
-315
-905
-1446
-1552
-1156
-1074
-2019
-3246
-4401
-5144
-4732
-3977
-4025
-4634
-5709
-6887
-6726
-5478
-4738
-4513
-4209
-4554
-4689
-3947
-3394
-2713
-1607
-943
-586
-210
104
304
922
1990
3064
3633
3496
3193
3257
3805
4764
5476
5706
5987
6144
5959
5999
6390
6973
7547
7526
6879
6332
5337
3168
1609
1943
3200
3143
828
-2579
-4366
-4014
-3344
-3329
-3741
-4733
-6042
-6937
-6885
-5947
-4861
-4617
-4590
-4097
-3538
-3402
-3311
-2439
-723
925
1551
1304
1037
1328
2126
3257
4327
4693
4250
3251
2709
2937
3337
3335
2815
2099
1367
409
-618
-1218
-1530
-1656
-2019
-2659
-3616
-4586
-5296
-5426
-4933
-4426
-4491
-5087
-5608
-5598
-5073
-4274
-3595
-3144
-2889
-2879
-2924
-2563
-1995
-1339
-719
-433
-372
-604
-813
-760
-328
289
677
473
19
-343
-385
26
665
1046
1203
1116
901
1150
1854
2653
3211
3861
4304
4661
5412
5939
6594
7591
8507
8589
8341
7924
7848
7884
7896
7263
6415
5598
4579
3745
3121
2018
886
-187
-938
-1598
-2425
-3630
-4426
-4859
-4966
-5098
-5316
-5500
-5605
-5433
-5052
-4256
-3494
-3075
-2624
-1912
-1012
-80
680
1313
2105
2833
3364
3829
4176
4510
4671
4710
4848
4759
4453
3988
3446
3023
2706
2115
1330
433
-409
-1199
-1902
-2511
-3126
-3813
-4585
-5188
-5588
-5787
-5963
-6010
-6062
-6027
-5987
-5815
-5426
-5014
-4552
-4193
-3826
-3394
-3012
-2780
-2438
-1986
-1658
-1420
-1315
-1392
-1441
-1322
-1346
-1389
-1432
-1757
-1989
-2043
-2110
-2200
-2322
-2522
-2708
-2346
-1858
-1625
-1431
-1330
-1179
-549
305
1010
1828
2601
3252
4263
5300
6175
7021
8259
9211
10442
11450
11982
13427
14726
14598
14214
13720
11820
7764
4765
6288
10825
11506
4187
-5221
-7167
-2449
653
-2248
-7013
-8730
-8888
-10333
-11767
-10518
-7757
-7396
-9251
-9097
-6510
-5191
-6486
-6408
-1961
3094
3943
1358
2
2365
5940
7907
8837
9441
8877
7091
5933
7100
9121
9217
7273
5365
4510
3616
1675
152
-112
267
-407
-2405
-4448
-5960
-6873
-6899
-5793
-4583
-4802
-6554
-8073
-7493
-5550
-3652
-2744
-2239
-1774
-1520
-1425
-1991
-1751
62
1929
2995
2591
454
-1789
-2148
-609
1132
1780
139
-3339
-5490
-5311
-4504
-3735
-4198
-5636
-6975
-7859
-8272
-8158
-7564
-6883
-6339
-6016
-6283
-6916
-7004
-5934
-3640
-1440
-668
-1085
-1812
-1610
-69
2034
3710
4346
4018
3356
3075
3743
5117
6194
6863
7072
6919
6850
6836
6976
7340
8366
10091
11772
12189
11043
9825
9214
9764
10713
9382
6891
5121
4535
4456
3685
1115
-1458
-2136
-2024
-2839
-4035
-5422
-6882
-7158
-6864
-6450
-5938
-6423
-7102
-6606
-5094
-3502
-2713
-2550
-1861
-516
903
1859
2568
3352
4205
5099
5786
6199
6354
6051
5826
6123
6345
6016
5096
3872
3070
2614
2002
1245
200
-841
-1876
-2702
-3189
-3748
-4265
-4722
-5062
-4997
-4930
-5138
-5057
-4764
-4053
-3334
-2767
-2558
-1836
-2762
-4766
-3535
-779
206
-5
-2127
-4651
-3475
-1364
-2160
-2384
-1902
-3993
-5173
-4450
-5282
-5255
-4269
-5702
-6108
-5272
-6439
-7734
-7065
-6010
-4733
-3916
-4908
-5937
-5193
-4057
-2741
-974
-585
-978
-1052
-800
620
2277
2813
2986
3460
4200
4725
4978
5177
6364
8221
9879
10853
11134
11643
12902
14954
17067
17914
17514
15627
11604
7252
6676
10442
14151
11916
3558
-4456
-5613
-1749
185
-1718
-5183
-8216
-10223
-11707
-11798
-10181
-8743
-8714
-8894
-8487
-7900
-8344
-8411
-5415
-439
2787
2310
239
-152
2211
5890
8838
10226
9989
8397
6875
7225
8780
10022
9879
8551
7023
5398
3319
1515
990
1248
1167
-203
-2654
-5157
-7015
-7479
-6786
-5442
-5063
-6401
-8345
-9263
-8414
-6363
-4496
-3420
-2959
-3013
-3057
-5131
-5694
-2297
1163
2491
1117
-2765
-4969
-3009
-578
-201
102
-1211
-4684
-5819
-5147
-5399
-4493
-4522
-6369
-6642
-6787
-8385
-9141
-8026
-6515
-5166
-4869
-6125
-7066
-6269
-4776
-2505
-284
-69
-640
-965
-382
1540
3455
4315
4962
5512
5836
6207
7110
8385
10247
12061
12727
13049
14129
15202
16836
18406
18278
17464
15314
10285
6600
7817
11358
12641
7831
-1044
-6392
-4868
-1969
-2246
-4878
-8117
-10705
-11973
-12752
-12087
-10212
-9720
-9914
-9250
-8301
-7934
-8097
-6890
-2924
1552
3093
1778
707
1899
4881
8334
10434
10827
9922
8344
7765
8929
10216
10349
9372
7755
6215
4490
2428
1017
608
582
-413
-2341
-4719
-6873
-7958
-7798
-6754
-5949
-6543
-8249
-9367
-8852
-7161
-5258
-4105
-3508
-3095
-2751
-2388
-2796
-2332
-1039
-356
603
744
-968
-2402
-2685
-2610
-1908
-1123
-2541
-5042
-5949
-6627
-6999
-5919
-6192
-7406
-7713
-8580
-9197
-8479
-7862
-7397
-6489
-5885
-5741
-5404
-4849
-4036
-2371
-673
173
744
1022
1244
2283
3473
4923
6336
6901
7052
7303
7919
8849
10396
11811
12949
13906
14498
14944
16567
18183
17433
15718
13009
9740
8215
8792
9757
9269
5455
-844
-5005
-4463
-2702
-3088
-5400
-8489
-10772
-11385
-11762
-11326
-9889
-9135
-9065
-8933
-8398
-7491
-6485
-4808
-1826
1111
2346
1904
1756
3258
5989
8710
9929
9891
9274
8375
8120
9051
9739
9660
8685
6841
5270
3798
2219
1136
608
130
-1140
-3120
-5265
-6801
-7224
-6947
-6652
-6539
-7172
-8226
-8632
-8046
-6580
-4930
-4114
-3763
-3847
-4141
-3944
-2921
-1186
-130
3
-706
-2137
-2600
-2120
-1755
-1346
-1636
-3295
-4828
-5511
-5842
-5852
-5613
-6165
-7187
-7612
-8407
-8899
-8184
-7551
-7149
-6508
-6432
-6497
-5809
-4816
-3588
-2030
-1137
-974
-633
193
1184
2533
3465
4078
4883
5584
6004
6629
7746
8589
9533
10495
11287
11901
12705
13556
14965
16930
18348
17455
14963
12353
9994
8664
9100
9752
9064
5484
-138
-4560
-4878
-2997
-2713
-4852
-7746
-10262
-11605
-11692
-11026
-9557
-8352
-8388
-8863
-8740
-7808
-6334
-4241
-1505
914
1915
1752
1645
3159
5821
8326
9743
9866
9130
8189
7835
8493
9491
9758
8730
6879
4919
3312
2011
1233
937
285
-1060
-3168
-5314
-6540
-6787
-6527
-6285
-6398
-7050
-7931
-8397
-7714
-6293
-4684
-3786
-3464
-3117
-2603
-2247
-2731
-2230
-463
212
-305
-1131
-2734
-3171
-2104
-2235
-3020
-2995
-4373
-6440
-6459
-6250
-6829
-6537
-7244
-8744
-8405
-8266
-9065
-8439
-7378
-7020
-6385
-6046
-6138
-5129
-3587
-2626
-1403
-400
-201
283
1170
2140
3554
4531
4597
5075
5727
6374
7139
7539
8260
9479
10482
11196
11622
12230
13307
14690
16475
17567
17603
15564
12127
9332
8376
9541
11051
9626
5286
-11
-3527
-3521
-1997
-1678
-3568
-6859
-9559
-10992
-10787
-9618
-8736
-8128
-8056
-8366
-8339
-7877
-6648
-4228
-1457
840
1554
1033
1063
2439
5309
8116
9456
9300
8312
7440
7678
8544
9449
9607
8591
6976
5183
3589
2494
1911
1493
795
-610
-2610
-4640
-5997
-6308
-5991
-5531
-5762
-6811
-7822
-8183
-7568
-6149
-4774
-3938
-3715
-3606
-3860
-4282
-3346
-918
93
-964
-2050
-3289
-3088
-1450
-1541
-2822
-2837
-3571
-5487
-5657
-5240
-5947
-5874
-6035
-7566
-7714
-7425
-8657
-8336
-6890
-6626
-6508
-6397
-6702
-5939
-4266
-3264
-2342
-1329
-1253
-1312
-290
957
2282
3350
3366
3599
4256
4645
5187
6326
7169
7727
8366
8823
9423
10181
11114
12041
13385
14543
15216
16442
17131
15324
12231
9626
8752
10215
10849
8842
4947
756
-1841
-2365
-1633
-1764
-3695
-6419
-8818
-9713
-9382
-9175
-8932
-8319
-8035
-7810
-8031
-8002
-6652
-4392
-1951
10
696
511
699
2076
4695
7153
8414
8218
7344
7155
7420
8119
8805
8680
8052
6743
5034
3649
2705
1944
1495
746
-503
-2214
-4178
-5539
-6029
-5570
-5321
-5742
-6631
-7567
-7957
-7239
-6142
-5052
-4308
-4467
-4748
-4838
-4399
-3540
-2504
-1814
-1833
-2283
-2882
-3414
-3200
-2570
-2469
-2777
-3581
-4763
-5395
-5525
-5436
-5403
-5651
-6427
-7211
-7584
-7669
-7464
-6921
-6546
-6339
-6188
-6276
-5923
-4977
-3876
-2662
-1721
-1462
-1485
-1132
-161
1200
2499
3057
3029
3177
3766
4531
5434
6245
6790
7269
8128
9045
9390
9919
10608
11703
13229
14655
14852
15169
15249
14202
12751
11667
10414
9375
8320
6924
5345
3411
416
-2167
-2928
-2771
-3545
-5333
-7567
-9059
-9263
-9007
-8640
-8248
-8216
-8342
-8030
-7188
-5614
-4141
-2966
-1740
-381
739
1588
2447
3750
5462
6781
7398
7266
7106
7104
7372
7806
7867
7354
6223
4753
3637
2882
2097
1308
250
-988
-2218
-3469
-4608
-5236
-5516
-5688
-6078
-6474
-6917
-7153
-6886
-6223
-5537
-4701
-4424
-4076
-4306
-5603
-4983
-3053
-1951
-1579
-2587
-4624
-4615
-3097
-2993
-3283
-2807
-4098
-5622
-5197
-5612
-6126
-5144
-5851
-6995
-6401
-6908
-8049
-7514
-6865
-6455
-5620
-5775
-6559
-6120
-5045
-4185
-2650
-1624
-1950
-1899
-1396
-529
1178
2387
2448
2856
3321
3654
4122
4993
6073
7102
7928
8063
8343
9050
9596
10499
12118
13318
14069
14070
14368
15358
14967
12888
11138
10488
10229
9263
7105
4692
3147
1594
-664
-2336
-2811
-3819
-5576
-7093
-8274
-8470
-8555
-9135
-9090
-8179
-7770
-7617
-7283
-6251
-4558
-3042
-1986
-982
238
1280
2179
3539
5083
6227
6747
6706
6831
7332
7502
7473
7468
7094
6275
5244
4023
3171
2474
1610
616
-541
-1752
-3064
-4109
-4709
-5129
-5355
-5881
-6560
-6827
-6814
-6761
-6363
-5914
-5298
-4851
-4507
-4090
-4879
-5141
-3885
-2595
-1776
-2010
-3755
-4614
-3464
-2605
-2937
-3203
-3869
-5163
-5226
-5042
-5741
-5576
-5735
-6838
-6929
-6894
-7699
-7918
-7517
-7091
-6523
-6434
-6875
-7011
-6011
-4931
-3910
-2852
-2677
-2749
-2412
-1654
-455
816
1296
1539
1828
2420
3132
3688
4475
5346
6071
6577
6807
7276
8114
8946
9754
10850
11811
12423
12869
13196
14065
13982
12103
9985
9087
9159
8614
6897
4469
2359
853
-857
-2342
-2984
-3702
-5429
-7158
-8245
-8421
-8416
-8868
-8868
-8186
-7695
-7632
-7499
-6637
-4911
-3409
-2342
-1388
-469
460
1418
2749
4244
5405
5854
5805
5883
6385
6708
6739
6659
6180
5496
4547
3474
2732
2002
1158
240
-776
-1985
-3251
-4334
-4938
-5148
-5362
-5939
-6725
-7139
-7206
-6897
-6359
-5919
-5318
-5060
-4782
-5676
-6386
-4982
-3187
-2249
-2258
-3878
-5199
-4123
-2840
-2846
-2731
-3029
-4489
-4983
-4459
-4910
-4909
-4655
-5843
-6212
-5850
-6742
-7336
-6819
-6425
-6059
-5727
-6237
-6805
-6063
-5026
-4083
-2745
-2261
-2573
-2472
-1916
-928
636
1791
2016
2120
2308
2683
3690
4969
5915
6458
6751
7017
7469
8350
9104
9729
10567
11900
12436
12611
12871
14058
14894
14239
12076
9880
9541
9788
8494
6447
4591
2975
1275
-540
-2072
-2663
-3318
-4821
-6511
-7304
-7617
-8161
-8323
-8012
-7238
-6795
-7015
-6903
-5754
-4190
-2797
-1701
-818
153
1007
1932
3146
4514
5572
6074
6288
6505
6714
6733
6786
6756
6628
5930
4783
3743
2924
2259
1464
493
-441
-1501
-2758
-3881
-4524
-4740
-4953
-5468
-5934
-6257
-6344
-6193
-5997
-5381
-4698
-4113
-4221
-5481
-5557
-4034
-2571
-1722
-2244
-3784
-4069
-3048
-2427
-2401
-2284
-2945
-3950
-3942
-3908
-4372
-4149
-4604
-5329
-5256
-5448
-6311
-6558
-6245
-5847
-5297
-5287
-5711
-5674
-4908
-4117
-3008
-1962
-1762
-1795
-1537
-957
247
1524
2148
2526
2754
3206
3739
4487
5380
6187
6954
7378
7596
7986
8814
9763
10366
11218
11966
12647
13302
13736
14486
14401
12936
10904
9755
10081
10062
8151
5513
3177
1884
1105
-442
-1724
-2935
-4433
-5810
-6889
-7282
-7491
-8001
-8243
-7814
-7376
-7131
-7230
-6575
-4944
-3420
-2351
-1667
-933
146
1316
2636
4026
4967
5533
5700
5872
6472
6866
6920
6768
6401
5933
5190
4135
3224
2496
1824
1018
-184
-1377
-2489
-3483
-3980
-4466
-4889
-5369
-6038
-6421
-6549
-6359
-5949
-5499
-5071
-4821
-4466
-4342
-5450
-5152
-3566
-2648
-1974
-2391
-4133
-4236
-2903
-2538
-2596
-2270
-3248
-4689
-4328
-4204
-4892
-4347
-4829
-5998
-5687
-5973
-7045
-6849
-6391
-6241
-5736
-5748
-6417
-6369
-5381
-4629
-3492
-2354
-2425
-2460
-1972
-1444
-332
1051
1627
2007
2258
2463
2959
3648
4642
5298
5978
6437
6474
6868
7929
8721
9288
10029
10389
10815
11417
11880
12972
13863
13190
10556
8475
8362
9087
8728
6373
3216
1551
860
-208
-1524
-2711
-3989
-5271
-6503
-7132
-7446
-8053
-8502
-8322
-7504
-6899
-7206
-7353
-6442
-4709
-3113
-2126
-1611
-928
8
1217
2593
3812
4645
4859
4951
5477
5938
6107
5978
5703
5524
5116
4241
3280
2416
1782
1141
288
-610
-1668
-2790
-3733
-4324
-4515
-4673
-5185
-5721
-6071
-6113
-5835
-5435
-4955
-4472
-4250
-3852
-4385
-5331
-4466
-2977
-2151
-1740
-2854
-4266
-3737
-2678
-2578
-2482
-2364
-3608
-4441
-3998
-4384
-4487
-3981
-4923
-5532
-5135
-5821
-6415
-5901
-5566
-5303
-4824
-5121
-5633
-5105
-4179
-3466
-2276
-1586
-1685
-1410
-996
-359
700
1620
2035
2414
2524
2726
3332
4267
5169
5610
5729
6081
6656
7264
7804
8314
9206
10342
10747
10704
10986
11811
13270
14503
13916
11714
9490
8796
9709
10470
8834
5337
2545
1756
1725
1024
-591
-2579
-3908
-4795
-5574
-6084
-6547
-6971
-7200
-6878
-6260
-6031
-6378
-6181
-4819
-2901
-1439
-1162
-1090
-358
990
2640
3890
4623
4906
5029
5413
6068
6521
6658
6359
5940
5728
5265
4501
3561
2779
2203
1568
633
-494
-1633
-2493
-2970
-3306
-3563
-4135
-4842
-5338
-5354
-4915
-4513
-4444
-4218
-3929
-3329
-3451
-4969
-4594
-2641
-1692
-1376
-2147
-3824
-3568
-2077
-1932
-2181
-1686
-2617
-4068
-3544
-3310
-3930
-3416
-3896
-4956
-4451
-4633
-5867
-5716
-4991
-4821
-4481
-4474
-5107
-4953
-3920
-3227
-2327
-1329
-1462
-1504
-938
-283
618
1672
2166
2597
2918
2941
3174
3976
5018
5714
6084
6446
6836
7241
7800
8184
8789
9987
10687
10443
10397
10970
12099
13614
14028
12306
9713
8140
8313
9476
9827
7573
3726
1218
457
729
698
-778
-2967
-4489
-5459
-5900
-6021
-6260
-6530
-6428
-6143
-5933
-6038
-6011
-5259
-3529
-1694
-882
-891
-890
-36
1670
3477
4594
4981
4871
4838
5251
5858
6463
6538
6110
5600
5021
4387
3616
2894
2358
1888
1129
34
-1218
-2296
-2888
-3209
-3329
-3599
-4283
-5053
-5510
-5420
-4815
-4300
-3968
-3896
-3790
-3633
-5087
-5373
-3256
-1773
-1334
-1937
-3982
-4532
-2815
-1861
-2236
-1928
-2164
-3927
-4140
-3406
-3882
-3454
-3277
-4655
-4787
-4407
-5503
-5808
-4827
-4395
-4277
-4367
-4973
-5235
-4141
-3142
-2465
-1379
-1165
-1478
-1193
-554
237
1498
2187
2341
2611
2800
2953
3520
4551
5435
5986
6275
6400
6628
7528
8065
8683
9625
10034
10301
10661
11366
12466
13284
13494
12321
10496
9298
8760
9142
9628
8128
5191
2476
779
592
531
-360
-2136
-3891
-5000
-5795
-6391
-6318
-6204
-6168
-6034
-6341
-6374
-6067
-5308
-3862
-2248
-1213
-840
-967
-242
1353
3089
4502
4912
4917
5066
5353
5813
6418
6653
6594
6098
5421
4730
3840
3241
2840
2340
1633
475
-816
-1890
-2606
-2783
-2931
-3325
-3966
-4718
-5151
-4995
-4631
-4124
-3755
-3614
-3507
-3205
-4572
-5111
-3360
-1873
-1103
-1266
-3293
-4432
-3008
-1839
-1757
-1245
-1689
-3801
-4038
-3192
-3569
-2964
-2700
-4325
-4564
-4186
-5267
-5507
-4656
-4405
-4192
-3985
-4715
-5246
-4333
-3324
-2494
-1252
-1155
-1644
-1464
-890
16
1222
1929
2199
2499
2661
2760
3171
4115
4846
5428
5596
5778
6305
6801
7427
8379
9230
9484
9430
9642
10568
11837
12731
12951
12086
10449
8904
8593
9154
9571
8491
5750
3054
1616
947
550
271
-907
-2752
-4365
-5618
-6059
-5795
-5649
-5772
-5756
-5857
-6158
-6211
-5408
-3943
-2248
-1174
-1119
-1085
-448
904
2503
4028
4958
5147
4904
4968
5479
6179
6723
6734
6380
5695
4818
3994
3473
3141
2809
2092
1064
-250
-1441
-2122
-2483
-2606
-2769
-3431
-4260
-4794
-4912
-4528
-3996
-3598
-3410
-3265
-3393
-2953
-3917
-4777
-3058
-1537
-913
-976
-3102
-4617
-3243
-1653
-1526
-1375
-1854
-4056
-4585
-3291
-3581
-3311
-2862
-4611
-5054
-4394
-5185
-5620
-4755
-4371
-4072
-3848
-4498
-5150
-4318
-3012
-2195
-1092
-920
-1532
-1349
-734
117
1473
2184
2193
2204
2152
2392
3083
3960
4705
5033
5355
5752
6103
6462
6906
7657
8656
9498
9642
9562
9952
10899
11887
12733
12068
10111
8474
7964
8375
8892
8016
5353
2917
1471
514
-13
-356
-1361
-2792
-4168
-5526
-6194
-6204
-6023
-5846
-5561
-5448
-5813
-5959
-5498
-4041
-2303
-1104
-691
-647
-136
842
2389
3852
4852
5147
5072
5185
5521
6002
6282
6280
6006
5527
4760
3922
3237
2715
2173
1685
907
-179
-1323
-2313
-2815
-2876
-2958
-3402
-3989
-4467
-4680
-4500
-4106
-3653
-3500
-4025
-4577
-4478
-3793
-2983
-2538
-2604
-2906
-2872
-2819
-2733
-2286
-2011
-2146
-2313
-2642
-3115
-3229
-3190
-3236
-3208
-3434
-4081
-4644
-4768
-4596
-4427
-4238
-4379
-4663
-4596
-4398
-3980
-3297
-2640
-2239
-1908
-1527
-1210
-776
-216
346
971
1680
2053
2209
2417
2829
3375
3951
4622
5097
5496
5757
6029
6726
7415
8160
9098
9291
9436
9932
10487
11452
12606
12527
10861
8992
8074
8403
9043
8893
6765
3914
1944
703
375
375
-569
-2342
-4006
-5161
-5697
-5935
-6036
-6051
-5937
-5618
-5715
-6005
-5768
-4835
-3283
-1800
-864
-580
-499
128
1542
3169
4534
5093
4911
4906
5103
5604
6189
6377
6261
5795
4990
4264
3581
2990
2536
2120
1500
382
-919
-1999
-2674
-2740
-2677
-3134
-3872
-4532
-5019
-4846
-4344
-3803
-3758
-4235
-4939
-5259
-4436
-3303
-2649
-2646
-3171
-3441
-3227
-2850
-2417
-2088
-2131
-2410
-2738
-3047
-3315
-3414
-3262
-3371
-3437
-3862
-4631
-5036
-4882
-4601
-4192
-4124
-4597
-4857
-4793
-4303
-3639
-2957
-2566
-2336
-1985
-1582
-1164
-621
-43
450
1158
1662
1847
2146
2606
3170
3689
4351
4844
5223
5675
5954
6234
6927
7727
8256
8660
8991
9563
10315
10945
11691
12103
11234
9404
7739
7487
8361
8839
7255
4180
1483
313
75
205
-423
-2221
-4075
-5369
-5966
-5955
-5986
-6212
-6289
-6122
-5964
-6080
-6072
-5347
-3899
-2273
-1180
-880
-740
-322
828
2631
4067
4713
4693
4417
4600
5257
5793
6110
5999
5523
4899
4051
3313
2781
2326
1908
1171
175
-986
-2100
-2811
-3161
-3225
-3366
-4037
-4772
-5202
-5275
-4852
-4342
-4305
-4892
-5374
-5091
-4523
-3713
-3308
-3611
-3596
-3178
-3028
-2938
-2554
-2510
-2622
-2479
-2580
-2943
-3112
-3234
-3497
-3401
-3381
-4012
-4486
-4703
-4844
-4634
-4475
-4728
-4878
-4817
-4698
-4431
-3987
-3583
-3286
-2805
-2305
-1700
-1235
-992
-667
-198
443
1024
1476
1759
2140
2505
3019
3517
4088
4684
5246
5758
6101
6624
7199
7642
7995
8460
9161
10110
10862
11130
11404
11169
9915
8635
8064
8156
8469
7803
5434
2720
1005
386
389
236
-1067
-3227
-4999
-5799
-5834
-5481
-5549
-6018
-6370
-6400
-6332
-5796
-5155
-4182
-2954
-1968
-1388
-1090
-654
323
1953
3372
4229
4337
4143
4239
4802
5604
6064
6075
5547
4704
4105
3677
3181
2805
2071
1191
308
-734
-1639
-2367
-2876
-3156
-3401
-3843
-4500
-5117
-5311
-4970
-4401
-3963
-4596
-5573
-5570
-4956
-3937
-3234
-3372
-3725
-3705
-3360
-3163
-2710
-2169
-2317
-2555
-2520
-2915
-3113
-3051
-3208
-3162
-3122
-3705
-4487
-4859
-4809
-4585
-4365
-4391
-4759
-5026
-4965
-4712
-4072
-3494
-3165
-2858
-2503
-2043
-1473
-1109
-737
-267
303
1047
1480
1767
2008
2326
2930
3779
4436
4780
4983
5461
6074
6622
7337
7778
8169
8564
8864
9351
10186
10976
11676
11536
9966
8215
7315
7765
8584
8027
5849
3030
954
177
-2
-35
-913
-2730
-4513
-5716
-6064
-5778
-5929
-6130
-5961
-5880
-5856
-5993
-5662
-4539
-3101
-1827
-1162
-1058
-786
-54
1383
3069
4194
4541
4323
4192
4661
5279
5650
5829
5505
4987
4339
3400
2767
2296
1876
1369
504
-563
-1637
-2656
-3160
-3290
-3407
-3707
-4425
-5089
-5387
-5228
-4664
-4205
-3946
-4373
-4845
-4584
-3843
-3004
-3046
-3638
-3558
-3020
-2600
-2489
-2888
-3044
-2681
-2609
-2808
-3003
-3282
-3847
-3973
-3698
-3856
-4142
-4615
-5283
-5114
-4576
-4728
-4926
-5030
-5032
-4666
-4193
-3866
-3536
-2966
-2478
-1960
-1347
-951
-767
-407
176
1003
1636
1947
2121
2383
2811
3602
4301
4712
5207
5712
6058
6567
7338
7611
8067
9012
9853
10367
10573
10592
11250
11686
10490
8525
7540
7750
8271
7647
5130
2234
870
350
-100
-426
-1718
-3649
-5137
-5827
-5962
-5727
-5966
-6584
-6567
-6070
-5735
-5594
-5251
-4369
-2979
-1775
-1083
-726
-214
622
2029
3509
4415
4724
4564
4600
5109
5726
5925
5772
5335
4669
3996
3373
2782
2218
1609
745
-135
-985
-1914
-2809
-3432
-3754
-3857
-4184
-4817
-5321
-5469
-5182
-4755
-4284
-4008
-3895
-3772
-3884
-4225
-4213
-3284
-2117
-1714
-2078
-2959
-3598
-3094
-2256
-2049
-2229
-2685
-3632
-4174
-3956
-3853
-4039
-4126
-4637
-5240
-5357
-5601
-5844
-5460
-4968
-4856
-4868
-5039
-5147
-4603
-3668
-2774
-2050
-1641
-1569
-1403
-875
-242
519
1279
1711
1830
1905
2131
2632
3490
4108
4450
4675
4971
5386
6151
6878
7415
8055
8201
8328
9126
10197
10966
11657
11515
10036
8267
7340
7720
8682
8684
6370
2912
860
204
313
440
-567
-2526
-4503
-5848
-6286
-6037
-5752
-5793
-6250
-6308
-6332
-6291
-5922
-4904
-3426
-1973
-1297
-1363
-1277
-479
1188
2881
4151
4507
4072
3782
4171
5032
5788
5944
5400
4654
3887
3246
2748
2355
1961
1362
438
-660
-1802
-2769
-3350
-3544
-3514
-3766
-4566
-5388
-5850
-5609
-4892
-4285
-4253
-4724
-4957
-5218
-5151
-4069
-3061
-2726
-2786
-3429
-3827
-3408
-2636
-2358
-2280
-2213
-2975
-3659
-3631
-3733
-3567
-3299
-3717
-4335
-4771
-5240
-5452
-5106
-4617
-4514
-4684
-5014
-5251
-4899
-4194
-3491
-2784
-2340
-2223
-2030
-1686
-1085
-300
347
1009
1417
1575
1778
2169
2886
3645
4215
4566
4944
5468
5949
6243
6894
7777
8439
8984
9138
9254
10157
10974
11485
11221
9796
8233
7475
7658
8038
7500
5582
2735
746
106
-175
-475
-1525
-3358
-4714
-5523
-6001
-6092
-6123
-6245
-6076
-5864
-5829
-5830
-5514
-4508
-3073
-1654
-967
-822
-537
208
1635
3173
4170
4504
4347
4250
4631
5195
5512
5506
5131
4510
3868
3114
2417
1835
1344
793
-30
-1115
-2167
-3097
-3568
-3704
-3862
-4191
-4864
-5411
-5597
-5418
-4860
-4423
-4676
-4904
-4997
-4985
-4483
-3799
-3374
-3261
-3197
-3312
-3504
-3159
-2828
-2705
-2447
-2496
-3124
-3428
-3615
-3710
-3654
-3669
-4007
-4560
-4872
-5115
-5205
-4931
-4772
-4919
-4915
-4990
-4849
-4410
-3978
-3396
-2884
-2418
-1977
-1553
-1229
-822
-452
248
1030
1389
1556
1694
2166
2929
3763
4182
4122
4458
5043
5872
6584
7116
7241
7689
8210
8721
9375
9944
10142
10752
11042
9935
8084
6671
6590
7479
7771
6258
3049
331
-701
-529
-54
-724
-2744
-4819
-6034
-6209
-5883
-5816
-5950
-6079
-6105
-5933
-5768
-5553
-4727
-3412
-1998
-902
-756
-813
-417
917
2735
4002
4391
4148
3712
3854
4520
5161
5414
4995
4201
3464
2788
2354
1831
1177
663
-83
-940
-1976
-2947
-3636
-3964
-3949
-3959
-4498
-5152
-5662
-5659
-5213
-5045
-4918
-4850
-5147
-5413
-5162
-4536
-3738
-3264
-3459
-3853
-3631
-3200
-3249
-2992
-2687
-2890
-3071
-3318
-3720
-3885
-3801
-3988
-4139
-4183
-4529
-5132
-5298
-5020
-4828
-4620
-4689
-4897
-4734
-4293
-3835
-3248
-2628
-2169
-1816
-1643
-1255
-868
-216
582
1242
1673
1745
1935
2455
3345
4066
4449
4985
5603
5966
6403
6779
7384
8374
8919
9356
9846
10164
10586
11323
11334
10109
8483
7194
7033
7816
7642
5468
2565
408
-517
-274
-343
-1656
-3560
-5121
-6028
-6184
-6046
-6102
-6255
-6422
-6356
-6042
-5736
-5326
-4442
-3201
-1875
-970
-627
-428
347
1726
3198
4301
4622
4442
4369
4613
5140
5639
5631
5153
4360
3531
2920
2448
1967
1260
439
-382
-1252
-2256
-3139
-3705
-3971
-4076
-4325
-4833
-5369
-5671
-5500
-4953
-4471
-4690
-5299
-5360
-4988
-4405
-3640
-3359
-3486
-3290
-3109
-3411
-3293
-2791
-2736
-2710
-2522
-3027
-3663
-3680
-3927
-3968
-3621
-3868
-4746
-5304
-5436
-5413
-5011
-4834
-5057
-5292
-5287
-5138
-4650
-3921
-3440
-3072
-2593
-2113
-1667
-1347
-868
-327
306
1104
1472
1570
1720
2166
2959
3805
4400
4467
4680
5333
6016
6711
7339
7653
7913
8373
9022
9941
10601
10637
10732
10331
9072
7568
6869
7261
7656
6679
4017
1296
-36
-490
-705
-1054
-2178
-4011
-5572
-6541
-6530
-5987
-5925
-6232
-6381
-6192
-5969
-5650
-4937
-3707
-2300
-1293
-910
-659
-112
760
2140
3568
4462
4589
4169
3979
4477
5175
5578
5418
4775
3971
3135
2448
1952
1548
979
206
-739
-1714
-2583
-3337
-3791
-3925
-3984
-4338
-4861
-5368
-5484
-5114
-4544
-3999
-3617
-3514
-3497
-3343
-3752
-4120
-3740
-2688
-1778
-1623
-2666
-3969
-4099
-3258
-2508
-2188
-2610
-3844
-4785
-4811
-4582
-4226
-4134
-4708
-5278
-5422
-5506
-5599
-5380
-4918
-4428
-4112
-4136
-4353
-4123
-3368
-2271
-1173
-513
-549
-956
-863
-120
1159
2121
2505
2408
2112
2312
2918
3943
4774
5382
5691
5731
6133
6930
7355
7887
8950
9794
10337
10716
10846
10921
10379
9082
7925
8007
8445
7856
5891
3427
1491
815
529
-129
-1176
-2885
-4659
-5641
-5958
-5843
-5809
-6315
-6705
-6616
-6311
-5925
-5502
-4709
-3517
-2316
-1548
-1185
-642
209
1423
2840
3971
4405
4378
4306
4635
5327
5782
5870
5384
4729
4056
3411
2851
2310
1808
1073
154
-838
-1811
-2679
-3331
-3651
-3860
-4087
-4600
-5164
-5427
-5335
-4943
-4365
-3946
-3600
-3612
-3994
-3894
-3119
-2877
-2800
-2241
-1972
-2133
-2252
-2853
-3222
-2372
-1886
-2628
-3066
-3288
-4168
-4397
-3976
-4208
-4464
-4659
-5539
-5915
-5473
-5298
-5406
-5200
-5025
-4964
-4770
-4488
-4135
-3380
-2548
-2026
-1418
-946
-727
-468
88
810
1555
2063
2270
2241
2521
3113
3603
4264
4766
5047
5452
5835
6258
6778
7333
8045
8654
9340
10131
10412
10832
10926
9848
8696
7869
7676
7911
7647
5852
3058
1133
488
211
-22
-1109
-3112
-4585
-5591
-6161
-5968
-5820
-5974
-6331
-6480
-6273
-5885
-5462
-4634
-3412
-2094
-1332
-1106
-736
51
1442
2938
3882
4439
4384
4148
4417
5051
5617
5735
5191
4499
3849
3164
2680
2107
1570
937
59
-918
-1887
-2729
-3270
-3607
-3796
-4050
-4538
-4964
-5261
-5179
-4649
-4119
-3687
-3423
-3279
-3073
-2558
-2602
-3658
-3375
-1892
-1164
-967
-1831
-3700
-3891
-2491
-2102
-2279
-2253
-3492
-4987
-4616
-4174
-4465
-4039
-4528
-5661
-5435
-5154
-5693
-5544
-4899
-4594
-4244
-4003
-4236
-4210
-3277
-2249
-1309
-377
-305
-733
-647
41
1176
2250
2666
2710
2526
2559
2887
3458
4347
5249
5738
5752
5737
6091
6654
7494
8804
9514
9636
9733
9811
10656
11399
10360
8260
7184
7584
8102
7579
5417
2685
1106
609
210
-91
-1185
-3152
-4815
-5579
-5511
-5291
-5692
-6236
-6356
-5978
-5639
-5488
-5153
-4196
-2984
-1872
-1123
-601
-136
511
1712
3137
4219
4594
4361
4267
4745
5284
5606
5573
5124
4467
3680
3105
2672
2112
1421
533
-227
-937
-1865
-2758
-3432
-3696
-3764
-3942
-4441
-4838
-5089
-4979
-4548
-3918
-3480
-3343
-3299
-2936
-2828
-3960
-4013
-2402
-1346
-950
-1652
-3701
-4178
-2706
-1967
-2160
-1881
-2918
-4750
-4567
-3915
-4120
-3608
-3997
-5366
-5301
-4937
-5471
-5490
-4802
-4434
-4206
-3980
-4176
-4312
-3500
-2420
-1547
-606
-371
-785
-956
-218
900
1923
2549
2730
2401
2323
2729
3278
4363
5307
5712
5938
6173
6245
6637
7684
8698
9552
10176
10254
10240
10893
11292
10365
8986
7747
7447
7954
7732
5838
3185
1119
-9
-118
-96
-1088
-2996
-4847
-5960
-6027
-5742
-5831
-6182
-6421
-6234
-6019
-5748
-5230
-4384
-3220
-2058
-1138
-619
-284
346
1573
3110
4360
4818
4616
4381
4609
5120
5682
5820
5424
4600
3678
2967
2502
2106
1475
714
-173
-1050
-1979
-2940
-3551
-3776
-3889
-4038
-4439
-4915
-5280
-5219
-4734
-4058
-3584
-3421
-3320
-3639
-4017
-4010
-3459
-2284
-1443
-1711
-2466
-3170
-3270
-2650
-2068
-2066
-2527
-3121
-3767
-4109
-3982
-4098
-4203
-4309
-4740
-5087
-5259
-5510
-5400
-4805
-4362
-4154
-4179
-4233
-4012
-3246
-2138
-1272
-738
-635
-742
-474
246
1188
2100
2600
2709
2656
2768
3268
4118
5078
5855
5997
5714
5904
6760
8060
9039
9361
9312
9522
10256
10963
11682
11436
9851
8169
7462
7720
8274
7500
5075
2417
847
270
6
-464
-1710
-3479
-4798
-5633
-5892
-5804
-5944
-6000
-5834
-5580
-5475
-5472
-4991
-3840
-2364
-1032
-341
-103
229
1061
2424
3963
4951
5173
4965
4844
5180
5634
5985
5885
5381
4704
3866
3098
2445
1869
1315
651
-225
-1113
-2186
-3105
-3667
-3866
-3832
-4011
-4492
-4997
-5307
-5049
-4448
-3744
-3287
-3065
-3114
-4298
-4880
-3510
-1962
-1305
-1360
-2613
-3682
-3092
-2352
-2380
-1987
-1880
-3160
-3921
-3709
-4118
-4101
-3748
-4333
-4651
-4599
-5252
-5974
-5638
-4831
-4391
-4165
-4167
-4590
-4408
-3544
-2500
-1344
-679
-703
-1041
-868
-30
1026
1979
2807
2919
2787
2801
3099
4076
5269
6056
6295
6537
6723
7168
7678
8493
9479
10093
10616
10845
11268
11897
10922
8902
7562
7471
8297
8629
6698
3291
594
-394
-400
-78
-465
-2703
-5169
-6512
-6902
-6203
-5672
-5990
-6319
-6346
-6210
-5885
-5448
-4506
-3089
-1741
-672
-280
-94
373
1553
3381
4972
5631
5326
4646
4654
5399
6079
6540
6073
5098
4083
3170
2592
2195
1647
950
149
-924
-1987
-3102
-3839
-4094
-4064
-3986
-4355
-5091
-5600
-5669
-5065
-4178
-3505
-3098
-3131
-3069
-3580
-4358
-3387
-1733
-1022
-934
-2003
-3547
-3543
-2407
-2014
-1926
-1841
-3189
-4709
-4469
-4243
-4357
-3965
-4459
-5396
-5471
-5593
-6102
-5890
-5104
-4637
-4545
-4498
-4647
-4657
-3786
-2573
-1422
-553
-432
-803
-878
-127
1104
2208
3032
3182
2794
2745
3195
4085
5222
5924
6240
6487
6586
6856
7353
8334
9441
10104
10399
10644
11168
11605
10452
8499
7456
7637
8447
8216
5734
2456
402
-229
-109
-114
-1081
-3214
-5396
-6574
-6633
-5957
-5542
-6153
-6612
-6458
-6126
-5626
-5130
-4181
-2765
-1489
-667
-296
99
875
2125
3718
5039
5545
5252
4766
4901
5608
6225
6448
5908
4958
4001
3075
2472
2122
1606
903
-94
-1202
-2195
-3105
-3803
-4011
-3939
-4003
-4414
-5029
-5393
-5309
-4690
-3939
-3287
-2880
-2786
-2785
-2304
-2441
-3284
-2485
-909
-471
-695
-1836
-3434
-3249
-1827
-1761
-2387
-2355
-3707
-5173
-4535
-4209
-4597
-4359
-5031
-6058
-5753
-5456
-5916
-5768
-4910
-4474
-4366
-4060
-4047
-3876
-2876
-1694
-602
95
73
-330
-290
803
2136
2986
3434
3374
2857
3103
4007
5092
6137
6425
6476
6668
7117
7768
8407
9221
10070
10683
11056
11718
11595
10040
8161
7370
8253
9291
8372
5011
1540
195
356
689
196
-1623
-3797
-5483
-6392
-6254
-5732
-5713
-6185
-6556
-6384
-5942
-5650
-5285
-4084
-2380
-1007
-465
-451
-252
784
2573
4206
5303
5514
4948
4622
5094
5862
6481
6422
5713
4936
3970
3155
2494
1990
1622
869
-140
-1278
-2487
-3330
-3854
-3947
-3844
-4034
-4585
-5254
-5568
-5211
-4528
-3778
-3297
-3086
-2901
-2695
-2224
-2305
-2881
-2354
-1095
-628
-768
-1878
-3209
-3095
-1989
-1862
-2315
-2741
-3959
-5102
-4781
-4380
-4548
-4669
-5420
-6256
-6104
-5750
-5902
-5779
-5231
-4818
-4593
-4290
-4101
-3785
-2971
-1808
-771
-127
-28
-265
-52
897
2162
2948
3348
3332
3079
3240
3894
4970
5725
6071
6228
6461
7033
7788
8163
8554
9637
10712
11247
11643
11321
9845
8213
7529
7883
8882
8367
5042
1493
122
393
760
-46
-2084
-3966
-5195
-5892
-6170
-5980
-6052
-6438
-6483
-6192
-5745
-5577
-5519
-4406
-2622
-1128
-444
-478
-351
682
2346
3899
4944
5252
4827
4544
4862
5627
6151
6104
5523
4722
3932
3107
2360
1757
1191
598
-249
-1245
-2362
-3334
-3955
-4062
-4000
-4035
-4557
-5209
-5414
-5184
-4483
-3822
-3332
-2990
-2798
-2551
-2072
-1461
-2188
-2859
-1693
-501
-531
-1000
-2421
-3631
-2664
-1751
-2451
-2788
-3088
-4730
-5354
-4461
-4676
-5037
-5046
-5934
-6152
-5472
-5596
-6095
-5676
-4866
-4448
-4157
-3805
-3800
-3409
-2298
-1211
-185
249
48
-181
328
1717
2756
3051
3327
3304
3284
3913
4470
4979
5735
6358
6797
6935
7189
7492
8093
9227
10059
10549
11137
11405
10469
8785
7422
7261
8012
8315
6513
3282
982
48
-239
-292
-1022
-2687
-4269
-5591
-6457
-6415
-6104
-5973
-6015
-6007
-5953
-5908
-5673
-4829
-3386
-1721
-753
-474
-328
130
1439
3009
4325
5116
4998
4670
4616
4954
5457
5863
5682
5067
4113
3047
2191
1639
1301
761
24
-981
-2064
-3113
-3874
-4251
-4188
-4170
-4457
-4937
-5437
-5565
-5144
-4414
-3663
-3141
-2899
-2791
-2527
-2149
-2783
-3108
-1771
-721
-740
-1247
-2717
-3619
-2763
-1915
-2437
-2626
-3009
-4672
-5294
-4568
-4606
-4788
-4859
-5713
-6045
-5647
-5696
-6028
-5602
-4711
-4388
-4256
-4029
-3970
-3542
-2417
-1176
-283
58
-153
-509
46
1453
2576
3039
3199
2899
2796
3333
4113
4975
5525
5970
6369
6762
6914
7205
7809
8664
9848
10446
10628
10967
10715
9140
7401
7031
7890
8514
7618
4553
1403
-112
-380
6
105
-1271
-3709
-5850
-6737
-6232
-5516
-5570
-6090
-6267
-6272
-6160
-5763
-5081
-3858
-2385
-1396
-803
-438
-342
463
2047
3728
4955
5060
4398
4072
4376
5075
5752
5831
5287
4210
3002
2166
1815
1563
1030
241
-666
-1669
-2850
-3762
-4270
-4241
-4070
-4266
-4733
-5338
-5642
-5462
-4813
-3856
-3205
-3128
-3128
-3243
-3999
-4029
-2714
-1474
-949
-1369
-2774
-3766
-3154
-2354
-2410
-2171
-2576
-4071
-4755
-4606
-4751
-4592
-4504
-5127
-5643
-5733
-6039
-6381
-5935
-5076
-4696
-4578
-4604
-4764
-4445
-3529
-2339
-1269
-585
-568
-988
-762
179
1302
2369
3023
2865
2634
2720
3274
4367
5329
5814
5979
6205
6740
7236
7490
8282
9203
9841
10279
10614
10845
10310
8750
7054
6762
7715
7957
6168
3006
391
-445
-332
-437
-1118
-2800
-4893
-6158
-6668
-6309
-5878
-6082
-6531
-6511
-6218
-5917
-5497
-4888
-3662
-2166
-1035
-535
-349
64
1025
2649
4187
4907
4835
4362
4148
4612
5213
5613
5376
4670
3668
2716
2042
1516
1097
386
-375
-1249
-2214
-3205
-4105
-4513
-4459
-4324
-4560
-5061
-5538
-5622
-5287
-4542
-3742
-3281
-3294
-3699
-3492
-3173
-2931
-2177
-1551
-1709
-1866
-2204
-2852
-2724
-2212
-2427
-2786
-2708
-3471
-4361
-4350
-4566
-4758
-4612
-5048
-5607
-5730
-5768
-5894
-5707
-5187
-4770
-4660
-4441
-4117
-3694
-2925
-1959
-1096
-557
-296
-254
-104
676
1793
2619
3205
3380
3219
3402
4067
5055
5983
6485
6643
6822
7338
8202
8738
8798
9055
9998
11285
12010
11448
9425
7323
6835
7641
8356
7622
4767
1447
-297
-472
-191
-482
-1945
-3936
-5526
-6371
-6359
-6003
-5987
-6165
-6007
-5663
-5402
-5277
-5033
-4021
-2154
-641
196
329
306
979
2447
4048
5321
5730
5232
4727
4731
5276
5800
5897
5400
4518
3637
2690
1810
1235
735
213
-476
-1433
-2592
-3670
-4316
-4411
-4185
-4075
-4338
-4928
-5308
-5148
-4482
-3613
-2924
-2770
-3065
-2915
-2536
-2602
-2266
-1535
-1317
-1107
-1157
-2108
-2635
-2284
-2251
-2392
-2154
-2741
-4029
-4390
-4451
-4626
-4388
-4598
-5275
-5593
-5604
-5692
-5601
-5164
-4693
-4468
-4171
-3774
-3475
-2987
-2090
-1086
-330
190
234
70
675
1946
2838
3493
3906
3791
3765
4354
5014
5907
7030
7379
7219
7466
8232
8636
9338
10096
10814
11547
11798
10665
8836
7721
7536
7974
8188
6669
3658
974
-287
-380
-226
-945
-2651
-4471
-5789
-6315
-6239
-5952
-5850
-5852
-5883
-5731
-5372
-5010
-4294
-2986
-1474
-239
394
398
711
1751
3333
4734
5602
5617
5117
4874
5080
5606
5947
5760
5009
4063
3147
2328
1568
960
350
-269
-1045
-2064
-3153
-4028
-4421
-4396
-4232
-4242
-4663
-5053
-5196
-4855
-4053
-3195
-2632
-2488
-2901
-2749
-2071
-1971
-1788
-1353
-1265
-1178
-1112
-1822
-2551
-2417
-2315
-2504
-2369
-2824
-4084
-4709
-4816
-4783
-4501
-4612
-5252
-5763
-5904
-5659
-5414
-5077
-4559
-4290
-4011
-3578
-3119
-2638
-1876
-885
-204
287
568
573
909
1835
2711
3406
3710
3765
3836
4242
4994
5648
6228
6779
7084
7343
7855
8270
8689
9553
10292
11053
11611
10836
8592
6833
6794
7800
8242
6387
2909
409
-302
-389
-601
-1369
-2919
-4538
-5791
-6316
-6030
-5750
-6059
-6300
-5966
-5338
-5025
-5052
-4645
-3208
-1411
-220
280
532
827
1652
3020
4408
5386
5406
4845
4564
4825
5304
5520
5244
4550
3701
2858
2041
1248
577
-67
-718
-1370
-2175
-3174
-4083
-4617
-4565
-4313
-4292
-4598
-5007
-5143
-4789
-4063
-3212
-2762
-2935
-2904
-2557
-2326
-2118
-1878
-1832
-1514
-1127
-1581
-2305
-2521
-2722
-2914
-2549
-2627
-3437
-4181
-4793
-5118
-4816
-4638
-5020
-5490
-5727
-5747
-5664
-5352
-4990
-4694
-4352
-3937
-3588
-3275
-2663
-1890
-1029
-233
149
44
187
872
1743
2636
3217
3366
3378
3554
4073
4848
5603
6112
6234
6481
7113
7789
8148
8550
9300
10156
10744
11087
10628
9093
7628
6799
6939
7470
6663
4008
1173
-342
-741
-772
-1159
-2618
-4344
-5522
-6324
-6343
-6008
-6048
-6144
-6050
-5735
-5210
-4926
-4587
-3567
-2080
-671
213
499
698
1426
2669
4023
5103
5427
5060
4657
4674
5009
5388
5296
4655
3881
2893
1987
1343
685
90
-532
-1225
-2127
-3080
-3916
-4425
-4618
-4455
-4325
-4449
-4777
-4987
-4805
-4191
-3399
-2602
-2596
-3022
-2957
-2746
-2252
-1629
-1463
-1538
-1565
-1731
-2234
-2540
-2451
-2561
-2602
-2687
-3245
-3950
-4535
-4823
-4529
-4484
-4567
-4948
-5597
-5662
-5490
-5142
-4637
-4244
-4067
-3925
-3544
-2948
-2299
-1424
-629
-141
237
398
528
1057
1882
2640
3115
3269
3418
3518
4105
4977
5443
5866
6162
6363
6899
7667
7835
7967
8842
9889
10697
11021
10452
8845
7643
7205
7341
7739
7276
4914
1769
35
-117
111
-292
-1699
-3562
-4764
-5377
-5849
-5813
-5498
-5345
-5496
-5444
-5152
-4845
-4420
-3581
-2088
-554
295
266
287
1053
2392
3739
4660
5099
4879
4444
4307
4662
5160
5318
4771
3970
3216
2284
1498
824
360
-67
-658
-1606
-2686
-3531
-4109
-4313
-4073
-3821
-4003
-4453
-4804
-4669
-4036
-3313
-3207
-3236
-3086
-3144
-2914
-2636
-2421
-1972
-1635
-1769
-2124
-2320
-2638
-2730
-2352
-2264
-2561
-3014
-3860
-4339
-4164
-4127
-4150
-4280
-4710
-5146
-5213
-5092
-4736
-4261
-4002
-3785
-3503
-3136
-2726
-2115
-1447
-615
30
226
394
599
959
1739
2493
2929
3305
3544
3606
3816
4453
5295
6071
6635
6706
6698
7190
7947
8775
9252
9632
10178
10738
10910
9838
7917
6764
7004
7617
7405
5575
2513
77
-754
-610
-315
-823
-2894
-5216
-6196
-5967
-5403
-5127
-5449
-5673
-5508
-5244
-4865
-4229
-3461
-2305
-1121
-35
668
852
916
1760
3326
4697
5357
5066
4419
4090
4379
4906
5213
4988
3998
2922
2047
1440
998
411
-284
-964
-1671
-2486
-3327
-4054
-4393
-4321
-4054
-3962
-4244
-4581
-4811
-4359
-3746
-3623
-3382
-3280
-3279
-3156
-2955
-2627
-2265
-1908
-1965
-2260
-2394
-2421
-2511
-2447
-2391
-2545
-2984
-3567
-3823
-4073
-4144
-4079
-4360
-4627
-4731
-4927
-4906
-4595
-4286
-4058
-3839
-3410
-3111
-2650
-2065
-1540
-799
-224
73
276
496
916
1654
2319
2842
2945
2963
3257
3861
4713
5271
5396
5551
6091
6644
7041
7425
7614
8130
9161
9936
10061
9923
9406
8402
7696
7315
6969
6738
5815
3845
2058
748
-375
-845
-1082
-1682
-2982
-4566
-5615
-5643
-5187
-4965
-5032
-5036
-4967
-4797
-4491
-3752
-2594
-1589
-818
-118
453
918
1461
2278
3361
4325
4650
4478
4198
4170
4321
4455
4619
4303
3560
2596
1717
1154
731
181
-417
-1093
-1836
-2592
-3352
-3726
-3913
-3905
-3868
-3952
-4055
-4130
-4194
-3836
-3550
-3976
-4052
-3378
-2869
-2607
-2545
-2954
-3056
-2363
-2065
-2216
-1988
-2076
-2780
-2864
-2603
-2752
-2946
-3188
-3673
-3993
-3983
-4106
-4446
-4474
-4269
-4382
-4457
-4265
-4111
-3994
-3578
-2926
-2498
-1982
-1568
-1310
-866
-208
235
495
925
1413
1727
2132
2656
3031
3326
3815
4420
4836
5298
5651
5858
6199
7153
7769
7698
7891
8166
8671
9585
10233
10186
9146
7545
6216
6136
6950
6827
5217
2799
777
-202
-535
-914
-1294
-2205
-3731
-4870
-5363
-5266
-4966
-4911
-4968
-4719
-4360
-4211
-4092
-3492
-2431
-1114
-82
437
746
950
1427
2482
3653
4456
4626
4141
3795
3894
4106
4295
4216
3747
3030
2047
1324
679
240
-233
-826
-1380
-2162
-2933
-3611
-3968
-3981
-3786
-3786
-3839
-4065
-4202
-4170
-4322
-4295
-3621
-3049
-3029
-3236
-3356
-3394
-2876
-2119
-2057
-2133
-2121
-2622
-3001
-2644
-2414
-2604
-2879
-3231
-3707
-3944
-4010
-4191
-4280
-4210
-4301
-4502
-4517
-4404
-4389
-4229
-3668
-3128
-2749
-2423
-2127
-1762
-1066
-360
20
263
531
822
1325
1945
2446
2782
3089
3467
3960
4567
4902
5010
5356
6053
6608
6955
7128
7201
7500
8289
9031
9460
9852
9268
7545
6175
5806
6316
6769
5924
3604
1227
-107
-727
-688
-557
-1289
-2875
-4450
-5311
-5084
-4666
-4693
-4779
-4500
-4225
-4053
-3991
-3684
-2681
-1481
-435
410
800
762
965
1730
2944
4161
4583
4151
3626
3446
3554
3821
4006
3780
3106
2138
1179
700
280
-184
-729
-1199
-1820
-2496
-3250
-3821
-3847
-3667
-3421
-3440
-3649
-3914
-3955
-3624
-3369
-3345
-3157
-2696
-2658
-2833
-2664
-2820
-2742
-2078
-1893
-2224
-2129
-2387
-3021
-2883
-2464
-2734
-3018
-3228
-3792
-4148
-4122
-4127
-4320
-4277
-4162
-4374
-4442
-4159
-3981
-3843
-3345
-2769
-2494
-2189
-1726
-1331
-741
-25
303
402
686
995
1342
1915
2468
2863
3178
3450
3799
4178
4620
5174
5665
6075
6401
6446
6504
6978
7679
8422
8869
8969
8790
8307
7304
6408
6196
6399
6160
4781
2847
1331
345
-267
-622
-1024
-1706
-2820
-4097
-4875
-4778
-4482
-4444
-4351
-4195
-4172
-4067
-3887
-3291
-2124
-1118
-445
91
394
745
1296
2023
2967
3729
3948
3689
3416
3394
3542
3746
3711
3356
2793
1935
1137
613
246
-55
-597
-1270
-1935
-2515
-2982
-3381
-3498
-3388
-3308
-3327
-3545
-3676
-3570
-3200
-2874
-2884
-3021
-2898
-2646
-2539
-2353
-2284
-2346
-2129
-1971
-2118
-2256
-2323
-2630
-2736
-2538
-2724
-3132
-3349
-3619
-3776
-3798
-3892
-4065
-4250
-4245
-4134
-3997
-3774
-3535
-3397
-3176
-2637
-2166
-1710
-1242
-820
-359
174
530
601
814
1219
1732
2144
2410
2690
3045
3387
3853
4252
4453
4797
5347
5852
6186
6384
6390
6623
7190
7733
8141
8472
8723
8559
7414
5914
5359
5671
6256
5789
3884
1601
67
-670
-676
-295
-686
-2124
-3735
-4771
-4701
-3999
-3843
-3767
-3680
-3672
-3585
-3437
-3082
-2159
-1163
-359
393
759
768
843
1462
2450
3583
4099
3756
3224
2876
2977
3331
3716
3574
2901
1981
1022
615
328
44
-344
-882
-1405
-2081
-2730
-3135
-3274
-3124
-2866
-2804
-2962
-3207
-3391
-3159
-2827
-2836
-2855
-2415
-2244
-2366
-2362
-2556
-2523
-1919
-1710
-1942
-1971
-2211
-2715
-2713
-2419
-2489
-2700
-3046
-3478
-3629
-3572
-3614
-3780
-3880
-3790
-3802
-3838
-3694
-3434
-3322
-2913
-2334
-2001
-1684
-1397
-1076
-492
274
636
672
815
994
1336
1945
2358
2590
2885
3230
3451
3821
4263
4624
5017
5312
5474
5726
6046
6290
6685
7116
7500
7768
7899
7799
7223
6290
5653
5480
5780
5507
4271
2682
1414
541
-49
-352
-552
-1146
-2211
-3357
-4000
-3780
-3459
-3476
-3510
-3450
-3263
-3261
-3081
-2532
-1690
-965
-460
-88
278
605
951
1563
2311
2966
3089
2817
2594
2633
2765
2936
2888
2595
2099
1378
787
386
162
-143
-668
-1149
-1657
-2174
-2608
-2943
-2884
-2730
-2792
-2840
-3020
-3108
-3261
-3764
-3788
-2975
-2170
-2049
-2615
-3294
-3501
-2928
-2043
-1696
-1697
-2033
-2761
-3053
-2731
-2240
-2213
-2581
-2872
-3226
-3518
-3577
-3807
-3815
-3580
-3522
-3681
-3801
-3831
-3909
-3622
-2949
-2356
-2065
-2047
-2035
-1641
-859
-35
468
529
425
473
900
1588
2170
2416
2592
2816
3202
3638
3762
4017
4363
4795
5316
5635
5575
5475
5573
5777
6221
6865
7147
7003
6478
5741
5031
4842
4836
4833
4435
3320
1994
1124
737
438
6
-718
-1480
-1966
-2456
-2853
-3015
-3134
-3126
-2960
-2840
-2683
-2641
-2691
-2364
-1600
-854
-331
-91
-44
78
540
1074
1665
2095
2079
1900
1770
1713
1900
1954
1919
1646
1197
723
382
-50
-307
-488
-790
-1030
-1448
-1971
-2370
-2561
-2535
-2417
-2415
-2633
-3211
-3727
-3738
-3229
-2729
-2592
-2835
-3140
-3248
-3099
-2828
-2444
-2067
-1948
-2205
-2469
-2504
-2488
-2517
-2362
-2226
-2399
-2692
-3126
-3551
-3536
-3225
-3124
-3142
-3246
-3474
-3631
-3477
-2951
-2536
-2193
-2014
-1862
-1535
-1144
-664
-157
179
386
458
695
1095
1435
1820
2110
2397
2776
3050
3251
3630
4115
4428
4623
4974
5159
5320
5473
5373
5402
5763
5975
5796
5657
5869
5872
5078
4143
3617
3689
3655
2324
478
10
725
1013
279
-880
-2086
-2515
-2217
-1441
-778
-966
-2030
-2817
-2421
-1223
-357
-453
-688
-563
-152
227
484
733
893
980
1277
1612
1721
1304
730
875
1340
1640
1301
606
-82
-380
-445
-334
-314
-509
-1122
-1843
-2078
-1865
-1709
-1900
-2009
-2003
-2054
-2148
-2274
-2459
-2181
-1723
-1644
-1769
-1948
-2224
-2307
-2077
-1708
-1570
-1722
-2033
-2396
-2489
-2359
-2309
-2306
-2503
-2654
-2800
-3015
-2994
-3085
-3195
-3080
-2933
-3045
-3167
-3240
-3239
-2909
-2435
-2148
-2116
-2035
-1917
-1546
-983
-377
-18
45
-10
-41
215
667
1146
1343
1422
1482
1469
1669
2058
2447
2791
3043
3109
3164
3304
3390
3474
3777
4190
4455
4501
4354
4348
4392
4863
5445
5297
4466
3720
3433
3573
3949
3656
2974
2290
1643
1148
1051
1037
647
153
-353
-645
-765
-1089
-1456
-1396
-1214
-1083
-1207
-1398
-1368
-1394
-1293
-836
-277
-127
-409
-707
-491
79
425
413
389
409
284
155
264
320
290
136
-117
-268
-510
-807
-1171
-1300
-1187
-1228
-1604
-1917
-2245
-2465
-2454
-2337
-2264
-2339
-2622
-2905
-2958
-2825
-2711
-2691
-2688
-2602
-2562
-2586
-2484
-2369
-2357
-2193
-1976
-1924
-1968
-2197
-2450
-2435
-2187
-2027
-2143
-2429
-2805
-2861
-2774
-2645
-2472
-2412
-2498
-2597
-2424
-2139
-1722
-1306
-971
-806
-759
-669
-490
-152
402
951
1212
1384
1493
1563
1816
2440
2992
3326
3531
3536
3379
3510
3842
4165
4488
4561
4277
4128
4308
4582
4813
5018
4926
4229
3575
3435
3499
3833
3939
3398
2482
1872
1653
1509
1493
1390
1009
592
157
-192
-278
-416
-595
-633
-470
-298
-421
-688
-815
-610
-266
148
343
185
-86
-90
82
412
808
760
553
447
361
341
443
449
369
392
282
-152
-443
-556
-718
-599
-547
-704
-927
-1372
-1827
-1844
-1608
-1466
-1566
-1897
-2169
-2298
-2280
-2269
-2110
-1974
-2034
-2010
-2083
-2157
-2007
-1892
-1964
-1778
-1652
-1866
-2054
-2067
-2141
-2040
-1773
-1853
-2014
-2096
-2388
-2583
-2374
-2197
-2144
-2144
-2167
-2220
-2141
-1848
-1483
-997
-702
-569
-697
-708
-458
-57
397
991
1252
1228
1181
1130
1445
2077
2723
3012
2992
2893
2905
3014
3273
3503
3742
3908
3956
3778
3469
3331
3593
4077
4203
3622
2924
2472
2300
2498
2677
2430
1731
973
382
459
675
506
185
-163
-683
-842
-758
-770
-798
-852
-906
-753
-652
-785
-870
-789
-563
-207
-29
-149
-185
-277
-350
-145
215
287
222
68
-140
-305
-323
-161
-148
-300
-476
-689
-898
-1103
-1256
-1260
-1187
-1302
-1629
-1934
-2032
-2040
-1932
-1756
-1775
-1892
-2094
-2348
-2451
-2144
-1959
-1866
-1774
-2010
-2254
-2239
-2208
-2064
-1849
-1983
-2203
-2361
-2536
-2669
-2589
-2527
-2562
-2468
-2613
-2886
-2970
-3014
-2875
-2634
-2500
-2371
-2339
-2354
-2242
-1987
-1596
-1214
-1042
-1085
-1084
-908
-640
-239
207
449
581
650
737
975
1324
1591
1739
1936
2231
2428
2396
2354
2282
2192
2519
2931
3037
2810
2368
2006
2130
2533
2492
2137
1707
1362
1417
1535
1202
826
520
249
95
-12
-198
-305
-498
-753
-816
-905
-1036
-1124
-1056
-946
-756
-749
-928
-958
-954
-737
-364
-162
-205
-276
-463
-575
-313
-144
-165
-246
-309
-354
-414
-631
-777
-689
-668
-760
-990
-1178
-1317
-1428
-1521
-1446
-1455
-1579
-1768
-1944
-1965
-1927
-1882
-1894
-1911
-2058
-2146
-2114
-2009
-1974
-1973
-2072
-2054
-2010
-2123
-2136
-2101
-2061
-2110
-2083
-2211
-2315
-2352
-2371
-2352
-2297
-2319
-2411
-2492
-2565
-2436
-2317
-2192
-2197
-2180
-2062
-1935
-1795
-1597
-1402
-1276
-1145
-1097
-1023
-922
-726
-547
-410
-179
-91
14
117
250
508
699
889
993
1105
1294
1447
1527
1501
1499
1557
1746
2078
2251
2092
1858
1744
1759
1800
1855
1688
1422
1139
899
876
892
736
359
118
27
17
-86
-316
-438
-556
-571
-548
-609
-711
-900
-987
-1019
-809
-509
-422
-593
-795
-872
-717
-299
-47
-26
-250
-482
-587
-504
-342
-279
-453
-714
-776
-801
-805
-824
-990
-1284
-1507
-1512
-1494
-1494
-1553
-1733
-1876
-1940
-1967
-2029
-2077
-2127
-2148
-2161
-2177
-2161
-2187
-2363
-2385
-2304
-2273
-2162
-2239
-2388
-2348
-2280
-2263
-2186
-2157
-2331
-2473
-2470
-2449
-2352
-2286
-2365
-2485
-2556
-2526
-2455
-2392
-2363
-2284
-2307
-2193
-2125
-2086
-1975
-1896
-1750
-1639
-1532
-1449
-1456
-1329
-1194
-1076
-940
-799
-564
-447
-335
-201
-17
249
401
485
481
501
592
822
1030
1034
986
868
774
820
1010
1072
1025
883
683
655
622
607
580
496
323
110
-134
-346
-467
-535
-666
-758
-774
-749
-807
-938
-999
-1067
-1080
-966
-873
-946
-1033
-1083
-1041
-962
-938
-889
-697
-654
-734
-928
-1040
-867
-649
-561
-654
-784
-950
-1157
-1184
-1161
-1122
-1221
-1396
-1522
-1653
-1675
-1668
-1781
-1921
-1915
-1839
-1767
-1842
-1947
-1958
-1904
-1809
-1653
-1609
-1637
-1659
-1673
-1646
-1560
-1428
-1442
-1424
-1490
-1501
-1456
-1365
-1357
-1311
-1261
-1217
-1209
-1268
-1257
-1226
-1093
-1025
-940
-923
-911
-910
-724
-530
-458
-307
-221
-171
-84
-8
129
341
410
476
548
657
762
944
1130
1361
1521
1510
1524
1607
1879
2129
2296
2238
2059
1941
2004
2315
2531
2670
2685
2575
2511
2584
2825
3024
3094
3010
2856
2703
2630
2659
2627
2497
2366
2327
2116
1798
1575
1462
1552
1709
1643
1432
1163
1049
1166
1323
1436
1414
1405
1245
1161
1126
1170
1217
1246
1234
1328
1228
1001
873
822
884
948
928
850
625
368
211
202
404
439
238
-5
-240
-305
-290
-249
-196
-270
-355
-487
-614
-582
-447
-339
-331
-317
-285
-372
-448
-441
-281
-141
-85
-119
-302
-369
-403
-432
-356
-285
-233
-283
-358
-355
-380
-351
-241
-176
-81
-13
3
-29
18
117
231
350
452
496
456
462
462
617
833
955
1111
1132
1189
1258
1319
1497
1628
1781
1827
1842
1811
1867
1967
1971
2076
2078
2083
2217
2209
2163
2136
2082
2188
2310
2448
2396
2140
1965
1874
2031
2175
2192
1977
1646
1430
1380
1305
1188
1064
961
898
904
938
828
713
609
571
664
755
829
830
645
541
517
553
686
743
647
433
196
105
147
285
288
196
85
27
-103
-235
-351
-387
-325
-275
-323
-420
-522
-598
-737
-825
-684
-528
-503
-595
-767
-942
-993
-855
-644
-553
-483
-671
-957
-933
-819
-674
-471
-477
-548
-675
-739
-744
-726
-633
-565
-501
-491
-461
-487
-508
-444
-301
-122
30
55
26
-1
50
68
242
429
498
470
359
423
564
660
770
842
890
982
949
998
1019
1092
1092
1104
1144
1203
1223
1150
1137
1203
1239
1255
1185
1209
1265
1322
1399
1357
1430
1419
1405
1479
1610
1625
1599
1546
1408
1375
1397
1404
1371
1389
1294
1257
1200
1104
1018
998
1056
1077
1058
913
823
712
679
797
862
884
872
786
691
659
677
675
652
607
520
440
430
485
483
411
395
400
430
404
356
313
263
226
290
402
375
314
124
65
138
235
320
235
147
126
153
156
261
209
159
201
206
322
419
430
359
347
509
684
752
832
778
780
911
1037
1130
1118
1063
1034
1059
1193
1249
1200
1196
1183
1243
1287
1450
1474
1561
1653
1674
1804
1856
1904
1824
1755
1827
1873
1927
1998
1944
1956
2053
2076
2189
2232
2264
2291
2278
2331
2351
2342
2257
2237
2219
2184
2098
2060
1982
1890
1770
1688
1661
1668
1724
1655
1604
1503
1435
1338
1275
1309
1272
1299
1232
1208
1179
1229
1247
1199
1175
1043
980
1013
1099
1065
1064
974
778
692
690
610
530
496
486
482
460
406
386
291
183
246
299
335
291
167
135
173
220
302
361
371
294
251
269
359
469
498
458
452
408
301
258
289
335
368
388
281
206
172
177
248
308
397
377
315
269
266
308
353
480
511
615
609
561
592
641
711
764
843
925
975
1007
978
939
920
975
952
958
966
961
931
889
877
878
879
884
921
935
932
937
921
1005
1059
1044
1091
1086
1089
1070
1081
1091
1084
1095
1059
984
966
882
771
819
820
801
845
744
647
561
483
439
472
487
421
364
319
279
343
308
353
425
375
284
264
284
295
278
247
181
128
81
32
46
15
43
-10
-86
-45
-50
-139
-129
-92
-100
-89
-122
-197
-185
-157
-168
-193
-90
5
-19
-48
-131
-202
-165
-107
5
67
62
68
-11
-31
38
96
128
229
211
179
167
183
223
237
228
257
251
252
309
295
239
310
329
394
446
460
443
330
359
393
436
493
508
454
376
355
381
470
541
571
518
458
528
555
546
583
606
607
624
589
641
661
681
656
652
682
676
592
501
448
369
409
394
392
359
305
302
305
344
378
385
333
309
376
389
437
407
288
217
185
190
154
127
101
95
41
21
9
3
6
-68
-70
-40
-1
16
-31
-30
-108
-50
-66
-71
-14
-74
-143
-159
-101
-26
-21
-89
-126
-119
-90
-74
-62
-10
49
25
42
94
113
82
142
145
177
235
282
296
331
313
276
364
332
371
431
419
432
466
506
549
535
517
572
582
631
634
618
621
600
591
536
576
602
596
619
577
596
618
664
668
664
634
649
653
630
673
679
656
630
631
626
627
591
625
623
622
643
657
664
684
706
707
728
662
674
701
732
698
703
707
682
686
690
651
710
734
678
665
641
643
576
564
590
571
542
534
538
518
520
564
579
598
641
665
628
644
696
748
723
660
633
591
621
632
672
671
618
602
580
589
649
644
606
552
514
495
505
488
436
406
451
448
436
420
356
328
259
269
303
311
285
196
191
212
205
231
174
136
135
115
149
167
120
86
63
59
34
-6
-6
-49
-87
-128
-137
-160
-152
-178
-251
-314
-314
-309
-311
-277
-298
-335
-320
-270
-263
-299
-344
-390
-455
-499
-513
-527
-563
-595
-663
-659
-622
-584
-572
-611
-626
-676
-646
-662
-661
-699
-697
-754
-811
-801
-851
-851
-884
-826
-806
-859
-828
-820
-770
-769
-683
-657
-725
-711
-679
-639
-589
-561
-556
-530
-554
-586
-567
-497
-470
-447
-419
-462
-465
-475
-434
-435
-369
-373
-377
-433
-432
-411
-441
-416
-407
-392
-415
-372
-371
-427
-419
-391
-411
-360
-354
-309
-306
-335
-343
-319
-295
-246
-187
-201
-188
-209
-204
-168
-119
-125
-158
-137
-136
-189
-184
-152
-172
-143
-129
-95
-86
-117
-100
-73
-68
-23
-28
-35
-24
-36
-19
-14
18
64
70
139
152
190
190
162
197
195
270
287
319
332
349
357
289
353
345
365
373
390
417
428
447
380
407
430
434
449
418
404
411
419
375
344
305
322
320
358
349
297
283
291
317
320
346
361
388
382
381
428
497
518
435
442
487
480
553
565
566
619
630
597
583
596
662
722
708
713
766
741
719
752
721
722
743
689
662
645
607
610
604
570
550
519
459
357
316
319
313
268
280
261
261
241
245
281
248
252
250
207
195
193
161
209
209
185
174
134
124
95
65
19
12
40
29
-18
3
10
-22
38
24
4
33
53
63
107
142
131
111
98
143
117
101
70
72
56
59
72
30
5
11
12
-12
-42
-53
-75
-115
-133
-195
-199
-197
-214
-223
-262
-266
-285
-276
-298
-331
-391
-424
-393
-421
-433
-488
-503
-494
-476
-516
-534
-583
-616
-654
-670
-618
-592
-590
-567
-608
-616
-583
-563
-527
-477
-426
-367
-364
-308
-284
-281
-239
-215
-164
-147
-116
-104
-57
-22
49
46
73
73
56
83
117
121
144
135
128
153
172
196
185
151
141
184
173
166
179
218
191
187
186
220
147
115
136
97
72
44
69
19
12
-49
-73
-25
-74
-110
-181
-259
-287
-292
-310
-354
-375
-410
-452
-483
-474
-472
-530
-543
-551
-586
-545
-501
-520
-519
-496
-495
-444
-408
-390
-323
-328
-345
-285
-283
-247
-243
-247
-206
-199
-188
-184
-148
-206
-235
-232
-195
-166
-155
-232
-243
-225
-235
-247
-237
-215
-256
-239
-242
-223
-231
-257
-261
-254
-276
-291
-343
-365
-346
-337
-378
-432
-410
-407
-449
-465
-436
-486
-481
-471
-489
-533
-508
-520
-543
-532
-553
-526
-546
-587
-571
-568
-552
-550
-508
-544
-548
-468
-506
-559
-526
-549
-581
-616
-610
-585
-614
-585
-596
-559
-570
-496
-528
-493
-470
-514
-467
-479
-441
-468
-469
-427
-431
-406
-375
-409
-412
-363
-312
-374
-384
-333
-364
-378
-373
-368
-352
-304
-250
-278
-233
-197
-184
-155
-144
-144
-148
-141
-138
-120
-177
-150
-118
-168
-99
-86
-82
-121
-129
-138
-153
-113
-93
-104
-120
-79
-84
-98
-110
-68
-66
-56
-20
-2
45
56
3
18
-25
4
52
28
22
1
-3
8
-2
-33
-19
-14
-1
-14
21
9
1
33
-16
-22
13
60
79
23
54
51
32
85
35
80
116
80
97
97
94
85
84
110
109
101
74
64
53
79
109
56
36
54
7
10
61
72
99
124
156
108
160
184
202
188
198
181
202
190
162
200
241
243
237
239
246
209
156
178
160
182
197
193
263
298
285
290
314
332
361
349
365
398
374
387
360
359
386
360
356
354
386
339
359
311
367
351
355
322
346
376
345
369
378
407
410
406
344
396
412
422
405
395
386
383
388
406
378
360
336
312
299
293
334
322
317
300
341
295
284
311
326
283
300
323
279
294
282
293
234
274
244
255
272
208
249
270
221
206
225
214
171
185
174
193
210
213
240
218
205
238
197
172
180
182
200
174
167
141
180
172
162
179
139
108
133
146
145
146
165
144
158
170
161
175
142
177
140
105
154
159
159
129
144
131
143
149
92
175
128
154
160
156
139
109
99
49
57
92
103
82
141
116
139
150
182
183
135
166
165
143
114
108
129
118
123
114
114
100
84
73
28
59
63
26
41
29
57
83
31
-1
44
9
15
47
70
52
61
36
7
46
58
74
95
94
79
47
33
51
54
42
3
7
43
3
30
29
-23
11
-15
-42
-49
-42
-45
-16
-31
-6
-23
-57
-18
-51
-68
-70
-83
-157
-173
-160
-181
-159
-142
-160
-154
-144
-156
-153
-141
-133
-174
-184
-178
-159
-214
-233
-243
-244
-225
-208
-211
-265
-250
-213
-230
-238
-221
-192
-139
-169
-96
-120
-150
-141
-156
-140
-134
-125
-179
-186
-164
-162
-166
-160
-160
-106
-97
-78
-97
-124
-64
-85
-81
-81
-91
-28
-35
-44
-60
-81
-52
-105
-103
-91
-63
-62
-75
-86
-100
-131
-146
-140
-120
-88
-65
-89
-81
-84
-74
-50
-54
-71
-78
-55
-35
-35
-48
14
11
-6
8
-9
-28
-11
-39
-45
-29
-47
-75
-85
-43
-65
-50
22
40
29
26
-4
4
52
44
67
106
83
66
83
67
48
77
64
39
19
-31
-21
-45
-42
-39
-41
7
-20
-38
-2
-24
-32
-49
-29
-44
-33
-14
3
36
26
12
18
17
-4
27
2
6
5
20
11
-15
-9
39
33
15
50
73
66
62
17
30
75
111
87
72
105
97
93
129
159
153
160
177
201
211
154
159
178
160
179
148
160
123
84
115
151
117
131
122
122
146
111
123
148
127
122
129
119
189
187
161
199
210
188
182
161
114
128
88
79
101
40
67
73
81
70
70
92
80
77
88
80
111
96
78
68
96
74
85
83
79
77
93
107
42
74
34
56
63
44
-8
26
33
41
59
28
65
52
74
99
75
71
88
105
90
88
127
145
124
97
112
96
101
66
44
51
73
88
62
31
24
29
55
34
61
73
37
53
84
95
68
145
98
108
122
93
79
88
89
66
89
58
59
91
61
53
51
50
46
27
17
-5
2
6
29
18
4
28
70
71
80
126
98
93
69
72
86
60
44
25
29
21
3
16
29
-3
10
0
-10
12
-14
-27
-23
-45
-62
-73
-71
-43
-46
-54
-50
-71
-69
-66
-80
-93
-109
-131
-139
-110
-109
-138
-181
-158
-123
-148
-138
-184
-168
-136
-178
-197
-200
-191
-178
-182
-184
-183
-169
-185
-173
-148
-124
-128
-134
-112
-164
-170
-197
-189
-164
-138
-106
-146
-129
-159
-142
-163
-204
-242
-225
-212
-213
-220
-207
-211
-188
-170
-147
-166
-181
-198
-192
-154
-184
-169
-178
-170
-188
-182
-197
-187
-210
-213
-178
-174
-166
-154
-128
-136
-122
-149
-146
-138
-156
-175
-196
-218
-176
-180
-180
-129
-148
-122
-88
-95
-96
-109
-140
-148
-145
-111
-129
-112
-137
-124
-144
-135
-145
-159
-160
-216
-193
-177
-179
-182
-171
-163
-157
-215
-198
-218
-251
-240
-228
-209
-193
-249
-291
-238
-281
-279
-277
-320
-278
-311
-259
-257
-317
-289
-307
-269
-309
-298
-336
-295
-277
-320
-295
-320
-345
-339
-333
-351
-350
-329
-342
-328
-348
-377
-402
-403
-400
-357
-360
-343
-346
-336
-281
-318
-306
-335
-320
-328
-320
-366
-348
-338
-326
-365
-416
-398
-408
-400
-449
-447
-427
-458
-456
-408
-412
-434
-423
-404
-409
-395
-395
-409
-422
-441
-402
-363
-392
-367
-381
-439
-388
-378
-417
-402
-438
-452
-438
-415
-421
-457
-444
-432
-464
-467
-454
-412
-434
-404
-390
-458
-420
-472
-483
-451
-459
-450
-482
-483
-509
-518
-542
-537
-514
-500
-514
-545
-517
-556
-558
-563
-564
-575
-588
-551
-578
-578
-584
-591
-591
-600
-584
-570
-574
-586
-618
-597
-615
-567
-544
-545
-520
-577
-578
-567
-558
-576
-620
-592
-566
-565
-572
-564
-590
-533
-535
-545
-561
-555
-552
-575
-564
-535
-540
-514
-488
-509
-495
-486
-459
-490
-456
-443
-400
-479
-506
-474
-457
-414
-465
-457
-469
-453
-407
-415
-403
-440
-456
-400
-397
-395
-394
-407
-435
-388
-414
-388
-383
-382
-369
-397
-401
-395
-402
-406
-354
-380
-396
-423
-387
-399
-400
-391
-401
-415
-421
-445
-429
-392
-404
-361
-376
-366
-406
-421
-406
-378
-387
-348
-368
-386
-365
-391
-417
-405
-393
-428
-433
-396
-422
-402
-394
-459
-444
-435
-464
-473
-437
-441
-441
-469
-458
-463
-462
-487
-507
-477
-464
-465
-454
-411
-441
-447
-467
-450
-427
-427
-447
-454
-440
-411
-409
-406
-371
-421
-374
-371
-385
-375
-361
-339
-358
-278
-337
-320
-280
-332
-332
-351
-329
-298
-306
-317
-339
-343
-391
-381
-341
-347
-348
-362
-365
-368
-377
-362
-327
-348
-385
-344
-385
-391
-347
-357
-335
-325
-341
-295
-337
-345
-307
-266
-295
-324
-345
-339
-367
-369
-347
-378
-348
-303
-353
-365
-282
-314
-279
-275
-262
-295
-294
-289
-312
-344
-309
-308
-322
-339
-368
-360
-395
-395
-382
-392
-423
-352
-359
-371
-367
-380
-371
-346
-349
-370
-377
-373
-364
-360
-331
-360
-339
-331
-397
-361
-347
-347
-364
-352
-357
-351
-381
-360
-286
-335
-312
-341
-336
-339
-356
-326
-336
-310
-340
-346
-350
-344
-380
-368
-336
-348
-388
-330
-319
-335
-321
-355
-304
-264
-234
-230
-229
-256
-249
-214
-224
-227
-206
-223
-265
-222
-225
-258
-217
-231
-179
-188
-169
-177
-185
-216
-204
-195
-171
-181
-187
-158
-166
-149
-172
-204
-200
-142
-184
-238
-241
-247
-224
-243
-234
-258
-245
-227
-251
-257
-290
-229
-211
-209
-171
-200
-203
-213
-184
-211
-203
-186
-212
-252
-263
-220
-248
-233
-239
-291
-283
