133
75
132
99
81
105
116
136
118
95
109
114
111
102
108
73
68
76
110
106
124
112
81
95
148
137
80
111
21
66
114
121
79
59
76
80
90
56
58
59
59
25
78
92
71
58
36
47
28
43
7
-12
48
32
55
30
-1
12
30
50
27
15
-16
-11
37
55
26
37
34
8
-44
-55
-17
6
43
10
17
46
25
37
60
58
24
51
60
36
59
57
37
35
20
58
36
48
48
9
4
36
29
35
-16
6
12
-12
30
-11
-11
-38
-39
-39
-9
-25
-40
6
-1
13
26
29
4
70
44
71
34
18
63
18
56
-4
28
52
34
32
65
21
-5
29
36
65
28
-14
31
45
42
2
11
3
-11
14
-21
-13
-30
-10
-17
-47
-98
-91
-105
-52
-22
-16
-14
-3
6
-13
-4
5
-36
-7
17
34
41
-17
12
22
5
-18
-34
11
9
19
50
-2
-11
-21
-25
-15
-35
20
37
41
14
-7
19
11
3
-20
-22
-1
-22
-51
-40
-29
-7
-6
-20
-37
-20
-30
-58
-21
-54
-51
-90
-83
-55
-36
-39
-37
-15
-38
-56
-98
-56
-41
-82
-84
-69
-81
-84
-74
-60
-73
-87
-90
-102
-69
-52
-40
-50
-69
-82
-79
-41
-40
-69
-92
-107
-52
-101
-122
-87
-112
-100
-65
-47
-41
-58
-67
-73
-88
-78
-43
-22
-83
-42
-51
-47
-43
-52
-47
-57
-69
-29
-59
-57
-44
-38
-118
-129
-101
-144
-146
-110
-125
-149
-111
-127
-81
-104
-85
-127
-104
-74
-89
-118
-114
-71
-39
-59
-119
-96
-73
-35
-65
-29
-96
-82
-68
-66
-44
-46
-59
-91
-56
-74
-61
-66
-30
-57
-98
-100
-56
-68
-26
-59
-20
-50
-81
-39
-73
-53
-33
-49
-40
-23
-49
7
-9
-45
-5
-12
-59
-31
3
-43
-43
-45
-39
-26
-28
-17
-60
-65
-34
-62
-47
-61
-28
-9
-54
-36
-49
-70
26
-10
-18
-27
-59
6
-3
-32
-17
-17
-57
-49
-41
-28
-52
-61
-37
-13
3
-14
-30
-14
-33
-14
-38
-42
-16
-44
-45
-37
-45
-43
-46
-39
-27
-17
-12
-3
6
-8
-30
-43
-17
-50
-41
-22
-41
-71
-33
-45
-4
-19
-39
-40
-66
-69
-77
-27
-40
-55
-105
-59
-21
9
-6
-38
-10
-4
12
4
40
22
8
47
8
-18
-9
-16
-7
8
-9
42
7
18
25
38
30
-11
29
44
28
11
47
-32
-2
23
15
28
19
42
51
58
40
59
61
96
79
74
86
84
60
74
50
74
65
51
70
78
87
42
73
43
47
43
27
14
46
67
11
35
6
32
26
-14
1
21
22
14
38
50
70
59
55
33
34
70
73
18
74
58
70
48
40
41
26
33
31
51
25
68
43
47
92
47
50
41
42
36
57
48
31
74
30
36
27
67
37
38
66
57
49
23
36
41
59
77
60
73
31
42
49
30
85
79
72
66
80
55
49
48
19
44
73
113
71
72
116
98
74
66
72
74
91
84
69
66
75
68
50
43
64
38
16
24
44
7
59
78
93
56
78
57
34
37
57
84
68
103
105
123
148
134
116
128
130
130
129
147
157
151
174
140
117
145
126
133
89
131
107
64
95
93
101
97
119
96
51
44
48
26
28
9
12
57
18
11
64
80
49
29
103
73
66
47
67
90
83
93
50
104
65
56
59
113
77
43
83
27
63
102
128
114
104
69
76
115
108
106
66
66
75
41
65
81
58
59
25
62
50
51
108
75
59
83
94
61
29
10
-5
70
34
84
80
61
77
78
78
57
93
75
66
83
106
78
111
102
76
87
75
108
123
100
127
142
99
110
109
88
89
69
79
56
84
76
56
53
81
90
90
114
90
103
114
130
153
93
107
100
105
117
146
135
156
169
102
116
92
105
103
72
84
121
97
62
87
93
130
103
100
153
135
131
64
62
101
92
96
71
115
101
85
129
31
51
73
31
62
62
101
104
54
82
52
64
96
52
33
30
69
60
83
96
79
78
89
67
46
78
31
77
87
81
49
27
31
6
-9
-51
-46
-21
16
-28
18
5
-19
-28
-26
27
76
66
45
29
62
61
38
57
47
43
14
48
55
48
4
60
76
73
92
74
66
72
45
97
80
93
109
91
117
74
50
87
127
126
126
110
146
142
129
138
131
106
119
91
75
114
125
101
150
128
108
95
54
61
67
95
90
109
71
88
132
135
175
141
153
107
52
103
109
91
111
104
90
91
109
103
124
129
54
100
74
73
94
76
88
63
79
61
95
81
98
118
90
111
96
101
115
80
114
124
89
137
141
57
84
79
21
53
48
67
52
66
55
83
106
84
82
88
71
91
62
75
82
60
95
34
66
74
53
41
94
74
87
103
77
58
24
30
41
23
12
12
-22
13
-5
-36
-12
-45
-53
-58
-40
-14
-34
-37
-57
-26
-11
0
-65
-71
-41
-67
-46
-76
-41
-59
-39
-40
-43
-69
-69
-54
-73
-94
-101
-78
-75
-85
-57
-74
-94
-76
-92
-63
-48
-89
-49
-38
-35
-56
-48
-59
-51
18
-16
-1
2
-9
-25
-24
-35
-18
-65
-55
-55
-62
-33
-31
-67
-74
-38
-51
-42
-38
-27
-50
-82
-93
-86
-75
-33
-17
-15
-49
-46
-31
-76
-47
-62
-73
-76
-84
-59
-91
-83
-44
-53
-56
-48
-38
-58
-36
-59
-67
-65
-74
-28
-51
-46
-22
-59
-65
-75
-91
-69
-100
-89
-72
-39
-46
-61
-32
-49
-56
-49
-38
-70
-79
-51
-35
-44
-49
-60
-61
-49
-33
-33
-29
-42
-23
5
19
-54
-45
-3
-34
-51
-91
-83
-98
-114
-86
-120
-93
-95
-63
-36
-50
-76
-65
-85
-120
-117
-68
-107
-115
-89
-130
-123
-130
-125
-110
-131
-115
-65
-110
-102
-122
-127
-105
-120
-116
-138
-128
-107
-124
-118
-146
-137
-107
-166
-142
-126
-158
-143
-161
-136
-123
-152
-142
-104
-163
-135
-112
-143
-102
-83
-74
-69
-59
-88
-61
-43
-98
-80
-71
-66
-40
-55
-51
-52
-67
-63
-55
-55
-83
-57
-60
-93
-78
-103
-78
-72
-90
-99
-105
-102
-91
-112
-106
-94
-87
-81
-151
-105
-117
-131
-90
-88
-72
-65
-65
-81
-59
-74
-102
-73
-106
-84
-102
-58
-72
-62
-86
-73
-58
-68
-60
-45
-54
-76
-67
-91
-63
-112
-159
-130
-87
-95
-49
-35
-84
-105
-35
-72
-58
-50
-70
-100
-92
-74
-99
-101
-118
-164
-120
-79
-115
-69
-119
-100
-62
-95
-97
-79
-116
-152
-135
-43
-60
-94
-74
-98
-120
-104
-128
-111
-88
-145
-101
-142
-148
-136
-161
-128
-170
-119
-132
-172
-154
-134
-97
-70
-72
-110
-114
-131
-91
-105
-103
-95
-88
-69
-78
-115
-97
-136
-99
-77
-113
-71
-107
-131
-160
-134
-125
-112
-145
-127
-139
-113
-104
-103
-86
-105
-71
-46
-81
-111
-90
-70
-67
-97
-97
-159
-118
-82
-82
-88
-131
-93
-121
-114
-97
-73
-111
-146
-123
-131
-137
-129
-91
-101
-81
-143
-114
-130
-143
-120
-89
-142
-188
-138
-159
-163
-149
-131
-197
-157
-150
-185
-167
-158
-162
-166
-122
-156
-133
-124
-155
-171
-149
-128
-157
-164
-183
-196
-200
-139
-149
-195
-190
-234
-243
-256
-214
-221
-184
-185
-194
-216
-239
-197
-232
-252
-271
-280
-259
-269
-252
-235
-235
-266
-272
-269
-279
-245
-224
-247
-240
-253
-292
-259
-244
-299
-280
-285
-271
-242
-278
-252
-253
-247
-274
-252
-212
-242
-229
-226
-196
-198
-219
-188
-198
-262
-280
-274
-215
-193
-177
-207
-217
-207
-184
-207
-215
-189
-212
-205
-190
-233
-191
-183
-216
-177
-205
-161
-170
-197
-196
-192
-180
-214
-194
-207
-200
-208
-206
-163
-162
-208
-183
-162
-159
-194
-178
-149
-169
-138
-170
-183
-130
-129
-126
-131
-134
-139
-131
-147
-146
-143
-164
-126
-160
-174
-142
-124
-157
-186
-159
-161
-180
-153
-177
-219
-189
-191
-197
-165
-192
-153
-160
-161
-153
-193
-187
-194
-184
-227
-207
-219
-206
-188
-159
-139
-129
-150
-169
-146
-172
-154
-169
-142
-169
-176
-157
-192
-149
-175
-157
-161
-173
-175
-150
-139
-164
-179
-185
-162
-192
-159
-181
-172
-163
-181
-173
-165
-138
-106
-119
-151
-151
-160
-130
-115
-137
-168
-127
-134
-164
-144
-168
-183
-142
-174
-189
-141
-161
-144
-157
-185
-164
-151
-158
-138
-147
-179
-187
-167
-176
-176
-134
-151
-170
-180
-171
-141
-158
-137
-128
-151
-135
-108
-114
-130
-120
-109
-122
-135
-118
-103
-124
-120
-108
-151
-123
-144
-84
-115
-151
-99
-102
-67
-72
-110
-133
-90
-79
-83
-71
-79
-77
-46
-50
-88
-127
-94
-80
-80
-106
-113
-88
-80
-78
-102
-105
-88
-131
-123
-77
-114
-42
-79
-101
-45
-57
-55
-63
-70
-75
-76
-90
-116
-91
-91
-95
-90
-78
-67
-117
-118
-106
-101
-80
-78
-86
-90
-103
-114
-118
-111
-88
-111
-110
-147
-108
-58
-53
-50
-25
-22
-45
-34
-14
-14
-46
-54
-34
-70
-116
-49
-83
-61
-57
-86
-54
-85
-143
-104
-72
-135
-104
-148
-126
-111
-113
-130
-139
-113
-126
-101
-79
-50
-102
-118
-87
-81
-106
-106
-102
-96
-79
-90
-125
-122
-110
-147
-135
-120
-118
-100
-100
-73
-114
-119
-79
-72
-45
-21
-45
-39
-34
-48
-45
-50
-57
-60
-83
-82
-93
-128
-89
-54
-62
-98
-76
-28
-91
-99
-74
-69
-48
-91
-97
-113
-94
-115
-143
-67
-94
-60
-61
-53
-80
-139
-87
-103
-103
-58
-26
-55
-51
-13
-36
-73
-51
-66
-70
-33
-34
-52
-69
-118
-61
-51
-76
-73
-81
-75
-79
-83
-89
-101
-50
-77
-63
-87
-101
-73
-95
-107
-112
-137
-159
-139
-120
-123
-135
-140
-155
-131
-119
-110
-106
-108
-140
-125
-133
-165
-118
-124
-133
-156
-119
-179
-168
-165
-156
-137
-171
-180
-175
-192
-174
-125
-132
-107
-134
-131
-121
-142
-138
-132
-156
-166
-147
-178
-183
-193
-203
-198
-153
-148
-154
-144
-139
-114
-109
-103
-175
-144
-86
-87
-126
-110
-85
-78
-60
-104
-125
-100
-122
-98
-82
-68
-80
-119
-97
-69
-60
-111
-57
-80
-37
-52
-71
-62
-62
-85
-74
-69
-114
-81
-97
-76
-99
-100
-90
-92
-64
-67
-93
-86
-95
-31
-37
-65
-77
-67
-42
-99
-29
-63
-50
-54
-36
-29
-56
-56
-97
-40
-32
-55
-94
-59
-32
-44
-52
-75
-98
-49
-57
-23
-41
-69
-59
-117
-68
-65
-33
-62
-55
-14
-102
-62
-115
-119
-134
-123
-132
-160
-135
-164
-185
-139
-139
-169
-170
-191
-159
-130
-90
-130
-136
-160
-145
-214
-192
-151
-178
-156
-159
-166
-185
-147
-155
-144
-172
-170
-154
-166
-152
-168
-180
-142
-153
-125
-142
-113
-146
-154
-128
-123
-112
-114
-101
-119
-117
-104
-78
-92
-100
-103
-121
-95
-83
-94
-112
-102
-110
-87
-70
-98
-82
-103
-96
-104
-76
-52
-64
-66
-89
-66
-53
-38
-45
-34
6
-28
-29
-75
-70
-43
-43
-14
-39
15
36
16
-4
-53
-28
-38
-6
-5
-25
4
-48
-31
-42
-51
-50
-47
-63
-59
-44
-85
-27
-7
-1
-47
-54
-49
-50
2
-54
-35
-30
-64
-18
-35
-41
-40
-37
-40
-68
-59
-31
-17
-26
-55
-50
-70
-76
-43
-51
-37
2
10
-5
-3
-58
-61
-57
-81
-84
-64
-57
-71
-97
-61
-44
-76
-54
-108
-116
-81
-82
-80
-107
-137
-136
-97
-88
-115
-116
-105
-101
-102
-135
-126
-133
-120
-122
-77
-86
-112
-81
-94
-74
-85
-62
-54
-63
-57
-52
-45
-45
-43
-59
-94
-87
-123
-96
-129
-123
-113
-114
-96
-87
-34
-41
5
-18
-43
-6
-7
-13
20
3
-5
-21
0
1
-16
20
13
-4
7
23
22
33
35
61
6
17
36
21
2
63
86
32
76
33
44
71
43
22
37
18
-41
20
6
-1
24
14
53
38
31
29
24
27
23
24
2
47
36
56
28
13
-1
-3
-41
0
0
-52
-1
-24
-36
-9
-27
-63
-66
-37
-48
-38
-27
-72
-66
-92
-85
-57
-72
-76
-55
-75
-63
-95
-89
-124
-100
-77
-82
-74
-111
-122
-99
-122
-99
-14
-48
-28
-65
-83
-38
-80
-59
-63
-37
-51
-76
-81
-88
-51
-88
-138
-127
-71
-99
-77
-84
-77
-44
-105
-54
-90
-129
-95
-120
-92
-100
-60
-87
-116
-113
-77
-96
-52
-24
-83
-48
-51
-56
-37
-15
-64
-80
-58
-52
-52
-36
-9
-15
9
-2
17
-19
-20
-9
-11
4
-32
-32
-8
32
-17
25
47
33
17
58
30
26
38
7
-2
23
28
44
27
1
45
35
39
15
52
22
5
-4
13
65
47
70
20
-5
31
34
14
19
28
52
-4
17
27
58
43
-23
32
7
40
24
39
27
-1
69
32
20
25
39
33
18
24
51
38
44
88
69
31
29
21
32
11
14
63
12
68
45
29
11
5
41
30
29
40
81
11
1
24
-23
12
4
-9
-38
-16
-9
-27
-85
-55
-16
-56
14
-26
-45
-28
-16
-37
-39
-15
-49
-25
-64
-18
6
-63
-47
-29
-22
17
-31
-17
-50
-45
-41
-73
-13
-43
-34
-4
13
23
-11
19
32
6
31
50
33
42
19
33
65
49
34
35
32
7
17
51
27
-31
-1
24
43
1
18
20
46
58
47
58
62
80
40
58
75
40
50
44
9
-18
5
12
-42
-25
39
7
1
39
9
40
-3
-2
26
36
87
43
63
94
30
45
52
34
-2
54
46
37
24
42
49
24
59
38
80
51
18
18
47
37
50
73
48
26
29
55
5
1
26
30
25
-18
-32
5
14
23
20
9
15
-4
-20
19
-11
-43
-31
-49
-24
-30
-43
-30
-4
26
-18
-16
-25
-46
-25
4
-15
-31
-50
-86
-98
-62
-39
-77
-91
-81
-72
-59
-23
-75
-55
-57
-35
-28
-60
-25
-77
-99
-113
-92
-93
-98
-75
-51
-48
-82
-33
-59
-80
-63
-13
-59
-54
-49
-36
-76
-73
-31
-33
-3
-26
25
51
64
68
30
33
29
0
57
38
54
31
56
8
14
33
32
28
-12
-15
-15
38
35
16
32
26
20
24
-4
44
60
46
30
-1
34
46
61
103
106
87
102
108
99
84
111
106
97
43
83
92
59
50
-1
18
14
16
9
-26
-10
-18
-14
-7
-9
30
13
49
40
27
17
20
-15
29
26
-25
-60
-55
-18
-31
-4
-3
-42
-16
-21
-29
-21
-30
20
0
-20
-2
-16
-61
-43
-39
-61
-6
0
-50
-40
-66
-39
-17
-12
-31
-1
-5
-49
-56
-64
-46
-50
-52
-93
-48
-50
-45
-54
-76
-23
-56
-82
-83
-56
-32
-32
4
32
22
22
35
-16
-14
-56
2
3
-23
-37
-11
30
34
38
4
48
38
30
36
24
72
-11
-6
28
52
43
63
72
84
100
94
87
52
70
55
67
45
83
72
30
51
67
26
54
52
80
82
59
54
13
59
50
26
55
29
20
31
70
36
41
23
35
42
50
27
8
58
21
30
83
39
17
73
42
61
57
56
73
71
60
1
-5
5
29
20
50
76
60
36
42
25
18
51
5
-13
-4
-62
-45
-42
-67
-63
-42
-30
-79
-47
-99
-101
-55
-22
-46
-45
-8
-56
-28
-82
-85
-79
-71
-41
-50
-71
-92
-58
-28
-10
-27
-58
-66
-94
-85
-85
-99
-76
-62
-39
-70
-80
-97
-78
-118
-101
-68
-37
-43
-43
-53
-57
-68
-48
-64
-76
-39
-76
-36
-28
-23
-60
-63
-55
-47
-75
-57
-84
-115
-88
-81
-59
-39
-67
-36
-11
-45
-26
-54
-40
-69
-66
-22
-7
-48
-74
-65
-49
-57
-11
3
-30
-22
3
3
15
19
-22
-37
-20
-17
16
-5
-24
-6
-2
15
9
46
-7
-15
-27
1
20
45
19
-18
-13
-7
21
30
8
30
7
27
56
32
27
-19
-4
-25
-19
-32
-45
-64
-45
-48
-74
-11
-12
-13
3
-11
-45
-49
-111
-125
-46
-79
-71
-86
-109
-99
-101
-87
-88
-137
-157
-119
-112
-150
-160
-99
-98
-87
-125
-118
-101
-144
-129
-127
-148
-163
-104
-121
-115
-120
-114
-131
-149
-107
-76
-86
-60
-30
-88
-74
-23
-69
-36
-16
-32
-15
-34
-19
-43
-42
-17
-5
-37
-45
-64
-31
-34
-28
0
0
-30
-14
-9
-38
-20
-41
-72
-15
-15
11
-4
-2
19
9
5
-21
3
38
61
64
38
6
31
13
88
94
102
86
69
83
89
81
73
73
90
82
73
53
36
65
46
40
35
47
63
39
67
57
41
35
50
9
44
56
19
36
6
1
16
19
9
13
22
6
19
17
20
0
27
32
82
65
57
87
73
79
45
52
45
68
41
47
23
18
-14
-5
65
13
-10
-8
19
9
-25
-38
18
2
29
25
-25
5
-27
-40
-43
-58
-99
-99
-82
-40
-51
-64
-15
-38
-5
-33
-9
2
-72
-15
-25
-81
-57
-41
-44
-35
-46
-7
17
10
14
2
-11
-1
-2
10
35
1
8
11
13
42
20
-4
-39
-8
11
17
47
8
-8
35
12
14
46
6
30
20
32
31
24
64
29
15
19
35
45
-1
-25
14
62
48
65
49
79
95
72
57
84
67
74
79
41
43
54
46
46
30
36
38
-11
27
12
61
2
-50
-46
-23
-22
-48
-22
-35
-32
-11
-48
-65
10
4
-41
21
-32
-10
-20
-21
8
-77
-25
1
-28
-41
-39
-96
-97
-73
-50
-88
-74
-71
-56
-15
-65
-17
-14
-45
-47
-67
-70
-96
-86
-102
-122
-117
-149
-167
-116
-130
-159
-171
-175
-178
-166
-119
-111
-127
-160
-159
-181
-164
-173
-165
-126
-133
-116
-128
-137
-155
-97
-111
-113
-83
-77
-113
-102
-115
-134
-116
-158
-142
-149
-71
-88
-78
-97
-114
-68
-102
-78
-105
-101
-115
-81
-74
-91
-87
-97
-92
-80
-72
-115
-108
-99
-119
-82
-109
-132
-129
-168
-153
-131
-114
-111
-150
-120
-88
-112
-74
-129
-103
-53
-53
-55
-64
-20
-54
-54
-26
-5
-48
-20
-16
-22
-30
-21
-30
-18
-21
15
-87
-81
-40
-82
-26
-75
-53
-64
-56
-39
-49
-101
-98
-99
-113
-128
-118
-100
-58
-76
-115
-61
-104
-133
-103
-105
-107
-97
-104
-102
-124
-70
-107
-107
-70
-102
-90
-107
-119
-126
-95
-122
-128
-120
-102
-109
-119
-103
-76
-75
-146
-106
-91
-135
-101
-94
-96
-73
-61
-67
-83
-117
-60
-77
-77
-72
-64
-70
-97
-114
-99
-97
-86
-63
-118
-96
-82
-112
-120
-60
-69
-74
-111
-65
-23
-43
-29
-20
-22
-46
-12
-9
-40
-46
-78
-56
-38
-34
-24
-12
26
51
21
-2
4
8
-12
-30
9
32
19
39
22
22
-12
8
8
-7
-4
46
11
-1
2
-22
-9
17
33
6
0
3
42
43
34
41
24
50
27
29
88
74
59
96
74
83
74
46
71
27
53
82
58
44
73
5
0
-31
-21
-6
-79
5
30
54
51
72
53
68
28
45
77
22
36
20
20
28
3
-6
-13
-6
6
10
10
-16
-11
-40
-25
-18
-21
-57
-20
-27
17
21
-8
9
-21
9
-12
20
13
-12
14
-20
-54
-8
-12
-9
12
-14
11
-19
3
-28
4
0
-16
29
-8
32
43
9
5
-29
9
58
56
61
64
47
24
12
21
39
0
13
23
-2
0
22
-1
-18
10
-7
-8
-41
-5
-34
-20
30
-60
-8
-8
5
-18
-60
-44
-35
-57
-24
-13
-20
-62
-33
-25
-37
-50
-74
-81
-60
-62
-66
-32
-96
-100
-131
-76
-82
-101
-73
-89
-76
-76
-92
-75
-73
-71
-38
-64
-89
-49
-83
-27
-26
-51
-66
-56
-39
-43
-44
-58
-49
-54
-46
-37
-4
-59
-69
-51
-67
-91
-61
-26
-60
-93
-121
-93
-81
-90
-93
-136
-143
-122
-159
-183
-141
-146
-180
-187
-122
-119
-120
-146
-128
-79
-118
-120
-143
-152
-87
-158
-118
-61
-65
-85
-145
-79
-94
-95
-89
-72
-107
-96
-143
-151
-129
-151
-123
-90
-94
-70
-52
-83
-66
-59
-57
-48
-30
-82
-31
-43
-68
-42
-67
-70
-119
-109
-126
-126
-115
-117
-97
-56
-43
-38
-47
-31
-18
-34
-47
-57
-53
-61
-24
-58
-63
-54
-47
-49
-40
-8
-34
-15
-34
-59
-33
13
-22
-45
9
-11
13
21
34
24
22
5
27
35
6
23
0
21
-2
19
12
33
40
55
42
36
39
46
66
56
54
21
45
-11
1
19
-14
12
-11
41
18
35
29
43
50
16
8
-8
20
-10
12
6
15
9
8
-28
-2
-2
-18
-14
-52
-63
-28
-22
-49
-46
-24
-72
-72
-10
-44
-46
-28
-25
-15
0
-15
15
-32
-26
-17
-8
-3
-8
16
-39
-38
-69
-38
-57
-11
-16
-23
-17
-5
7
-10
4
3
16
16
25
-2
33
-2
-33
-46
-36
-10
-14
-11
-39
-37
-40
-36
-31
12
16
-15
-24
15
34
-14
14
-2
10
33
19
19
53
43
45
30
-9
44
36
21
62
45
14
15
62
56
24
63
76
49
61
57
52
47
66
113
100
106
74
32
52
75
53
58
60
25
41
55
91
81
102
129
99
99
122
107
86
88
69
55
48
86
95
101
83
53
66
90
62
37
-17
17
24
10
16
35
42
8
5
30
20
11
14
-70
-35
2
-43
-31
4
-18
3
2
-25
-24
-52
-2
-25
-49
-42
-22
-17
8
-18
9
-21
-16
-22
-25
10
-69
-60
-74
-76
-54
-50
-79
-52
-18
-23
-36
-68
-57
-89
-68
-71
-52
-56
-69
-57
-46
-14
-75
-38
-53
-53
-19
-25
-11
-5
-31
-20
15
-9
-10
-17
-55
-44
-44
-28
-41
-45
-22
-56
-74
-84
-74
-94
-51
-36
-80
-92
-80
-51
-67
-69
-79
-56
-30
-60
-46
-24
-46
-61
-43
27
0
-47
-78
-74
-65
-57
-65
-53
-32
-74
-61
-67
-76
-81
-52
-10
-29
-60
-73
-72
-27
-45
-92
-66
-113
-78
-73
-95
-86
-85
-104
-127
-106
-96
-83
-83
-106
-74
-94
-46
-82
-123
-79
-116
-86
-108
-182
-156
-169
-174
-151
-166
-187
-184
-205
-226
-230
-336
-291
-1891
-2195
-240
-42
-1022
-1915
-3296
-2158
-675
-1875
-3387
-3358
-2567
-2457
-3386
-3653
-3417
-3081
-2744
-3338
-3789
-3252
-3120
-2878
-2375
-2390
-2579
-2578
-2249
-1565
-840
-845
-1096
-783
-8
331
480
971
1453
1686
1841
1832
2028
2978
3583
3440
3780
3800
4028
4879
4987
4795
4674
4370
4711
5259
5100
4639
3899
3783
3830
3591
3137
2749
2023
1766
1416
568
193
64
-535
-981
-1627
-2163
-2461
-2701
-2935
-3058
-3547
-3894
-4092
-4291
-3955
-3918
-4148
-4166
-4124
-4022
-3610
-3459
-3178
-2833
-2677
-2468
-2322
-1909
-1357
-1192
-934
-692
-658
-486
-180
-83
292
445
169
143
225
383
535
352
182
66
-75
-102
-149
-288
-365
-630
-932
-972
-1067
-1142
-1128
-1230
-1443
-1378
-1553
-1724
-1250
-1254
-1358
-1012
-1418
-1062
-303
-452
-219
287
381
1001
1143
1341
2235
2647
3195
3473
3624
4521
5213
5234
5227
5316
5817
6163
5964
6032
6239
5990
5563
5135
5137
5318
4883
4137
3523
3125
3025
2511
1862
1492
1023
311
-174
-846
-1124
-1215
-1656
-2169
-2784
-3188
-3121
-3256
-3471
-3485
-3742
-3912
-3907
-3828
-3449
-3236
-3235
-3039
-2801
-2602
-2272
-1886
-1387
-934
-789
-584
-230
166
630
1021
1278
1498
1639
1866
2186
2511
2615
2746
2675
2656
2566
2674
2589
2505
1801
-999
-1163
727
311
-757
-2688
-5209
-4159
-2942
-4279
-5594
-5929
-6321
-7092
-7580
-7098
-7051
-6953
-7028
-7891
-7671
-6878
-6781
-5821
-4789
-4957
-5173
-4621
-3812
-2372
-1029
-897
-955
-48
896
1294
2481
3464
3877
4142
4583
4962
5970
7187
7656
7941
8594
8797
8969
10341
11128
10798
10583
9888
9759
10963
9980
8289
8373
8856
8366
6265
3847
4535
5384
4022
1788
11
-63
204
-1782
-3082
-2735
-3334
-4836
-6071
-6237
-5406
-6169
-7251
-6835
-6703
-7171
-7403
-7246
-5987
-5306
-5875
-5765
-5169
-4419
-3276
-2830
-2371
-1618
-1248
-615
14
537
1741
2351
2279
2663
3040
3617
4181
4167
4639
4987
4449
4264
4706
4892
5011
4251
3961
3732
3587
1577
-517
402
724
-636
-1580
-4090
-5694
-4845
-5219
-6227
-7031
-8112
-9139
-10048
-9861
-9271
-9516
-9717
-10418
-10813
-9899
-9543
-9055
-7601
-7067
-7148
-6857
-6045
-4650
-3077
-2048
-1795
-1444
-463
434
1385
2865
3632
3778
4089
4596
5020
6125
7155
7432
7742
8025
8248
8675
9652
10545
10730
11033
11732
12202
11889
11258
8752
8181
11230
12663
10177
5976
3499
5910
8213
5809
2216
1309
1932
1030
-2181
-3123
-1332
-1445
-4138
-6534
-6775
-5787
-6516
-7426
-6149
-5920
-8381
-9822
-8501
-5998
-5176
-6583
-6992
-6145
-5431
-4829
-4070
-2720
-1467
-1610
-1858
-1237
-264
1293
2426
2533
2413
2493
2864
3573
4387
5279
5504
4619
3924
4331
5141
5303
5026
4520
4496
3513
2729
2390
3031
422
-4373
-2377
397
-1402
-3991
-8760
-10134
-4961
-4844
-9263
-11297
-10630
-9812
-10791
-11409
-10753
-10570
-10166
-11000
-11919
-9668
-8447
-8937
-7236
-6032
-6224
-5928
-4942
-3122
-653
-13
-961
-656
1857
3268
2835
3850
5022
5361
5735
5790
5977
7614
8840
8370
8242
9213
9811
9694
10361
11381
11965
13115
13233
11973
10904
10157
9867
11573
12928
10979
7097
4978
5939
7589
6796
4135
1951
1340
847
-1221
-2534
-1523
-1398
-3630
-6111
-7347
-6814
-6218
-6435
-6601
-7001
-8248
-9487
-9068
-6855
-5398
-6100
-6949
-6674
-5948
-4890
-3905
-2717
-1556
-1371
-1838
-1577
-291
1440
2602
2805
2656
2397
2780
3845
4776
5452
5593
4973
4327
4427
4987
5736
5602
4994
4335
3641
3177
2915
2380
-1912
-2953
442
-443
-3099
-5583
-9647
-7788
-4162
-6848
-10751
-11561
-10734
-10822
-11635
-11077
-11209
-11682
-11368
-12215
-11810
-9387
-9427
-9049
-7202
-7234
-7363
-5825
-4312
-2455
-684
-1076
-1659
-23
2574
3252
3218
4219
4510
4867
5925
6159
6279
7769
8166
7447
8177
8980
8908
9614
10549
10476
10693
11048
11221
12200
12927
12977
12067
9943
8586
9269
11270
12304
9060
4217
3498
5793
6557
4355
1165
239
874
-760
-3666
-4141
-2415
-2068
-5116
-7802
-7375
-6460
-6833
-6929
-6397
-6458
-7865
-9438
-7939
-4919
-4310
-5640
-6105
-5031
-3904
-3796
-3070
-1088
-74
-365
-966
-642
1088
2514
3093
3486
3340
2883
3224
4009
5118
5627
5127
4675
4270
3968
4529
4936
4950
4631
3187
1995
-2168
-3833
1123
2244
-1368
-4938
-10128
-9236
-3836
-4610
-8888
-10911
-10956
-11182
-12343
-11573
-10279
-10664
-11063
-12917
-13973
-11174
-9589
-9000
-7204
-7613
-9099
-8152
-5941
-3179
-687
-892
-2650
-2257
642
2345
2773
4277
4635
3946
4210
4789
5184
7534
8608
6740
5880
6280
6961
8355
9246
8574
8246
8310
8661
8888
9718
11189
11803
11038
11191
10346
8905
8316
8507
10445
12089
8569
3544
2328
5292
7866
5739
1369
44
552
-41
-1662
-2509
-1264
-938
-3992
-6715
-6400
-5199
-4549
-4978
-5528
-5831
-7077
-8058
-6648
-4207
-3219
-4422
-6061
-5506
-3912
-3067
-2302
-1381
-847
-895
-1669
-1348
602
2198
2670
2263
1747
1725
2302
3106
4411
4748
4099
2979
2482
3639
4598
4301
3635
2991
173
-1698
-317
854
774
-1105
-5527
-7290
-5425
-4341
-5607
-7645
-8730
-9450
-10562
-10761
-10335
-9720
-9588
-11245
-12678
-11809
-10859
-9832
-8390
-8384
-8933
-8882
-8226
-6400
-3905
-2709
-3028
-3385
-2282
-1001
133
1825
2847
2849
2689
2689
3037
4776
6262
6372
5696
5169
5281
6091
7588
8810
8300
7319
7232
7397
9342
10664
10013
10338
10971
10708
11899
13016
13286
10465
5920
7733
13957
15063
9353
1661
1732
9453
11236
4424
-690
772
4514
2589
-3795
-4136
563
678
-4004
-7649
-6391
-3711
-5065
-6635
-5060
-4886
-7460
-9325
-7722
-3396
-2898
-6481
-7421
-5180
-3234
-3499
-4356
-2533
-37
-781
-2313
-2074
79
2434
2349
1426
1870
2041
1999
3039
4259
5000
4409
2772
2872
4277
4699
4474
3656
3110
2676
1507
1038
1020
-1024
-1874
-1629
-2922
-4213
-5909
-8010
-6968
-5776
-7944
-10704
-11480
-10560
-9959
-10731
-11374
-11730
-11535
-11176
-11456
-10881
-9327
-9060
-9060
-8122
-7426
-6432
-5031
-4094
-3121
-1827
-1596
-1519
22
1995
2599
2419
2768
3314
3924
4796
5201
5132
5570
6110
5682
5780
6566
7040
7700
7892
6962
7110
8326
8781
9221
9344
10039
10247
10561
11357
12489
13029
9187
4569
7872
14113
15175
8450
379
2107
9894
10629
4161
-545
1463
5004
1760
-4001
-2958
1316
1163
-3850
-7444
-5575
-3256
-4801
-5773
-4280
-4668
-7280
-9388
-7067
-2643
-2812
-6339
-7284
-5114
-3285
-3815
-4495
-2151
-77
-1283
-3043
-2691
41
2243
1734
896
1149
1560
1667
2523
3550
4319
3926
2733
2536
3455
3798
3342
2739
2041
1461
61
-825
-518
-713
-1888
-3383
-4877
-5450
-5918
-6337
-6724
-7628
-8666
-9701
-10634
-10376
-9696
-9889
-10655
-11268
-11279
-10570
-9779
-9257
-8576
-8182
-7930
-7390
-6282
-4858
-3654
-2884
-2377
-1827
-1044
76
1180
2141
2850
2839
2710
3330
4365
4969
5281
5372
5329
5371
5693
6420
7169
7165
7124
7364
7481
7826
8756
8829
9049
9954
10237
10446
11030
11674
13529
13543
7848
5176
9872
15017
14968
7823
626
3816
10499
10118
4210
233
2512
5230
971
-3496
-1757
1646
1120
-3711
-7084
-4947
-3490
-4863
-4755
-3978
-4897
-7542
-9280
-6337
-2376
-3356
-6361
-7032
-5038
-3386
-4240
-4389
-1801
-352
-1637
-3178
-2845
84
2240
1663
942
946
1097
1777
2662
3907
4676
3458
2200
2692
3252
3352
2993
2559
2263
994
-686
-1352
-998
-519
-1618
-4069
-5517
-5942
-6260
-6364
-6606
-7403
-8927
-10289
-10693
-10011
-9243
-9515
-10505
-10905
-10710
-10161
-9413
-8551
-7686
-7331
-7367
-7069
-5806
-3919
-2617
-2156
-1668
-1118
-616
426
1796
2887
3392
3226
2879
3396
4478
5435
5586
5547
5658
5430
5533
6271
7275
7330
7193
6950
6655
7513
9276
8598
8626
8969
9357
10523
11351
11483
12849
12692
8116
5323
9248
14158
14602
8229
1480
3212
9127
9998
5209
1047
2245
4290
1101
-2633
-1735
1315
1383
-3254
-6947
-5368
-3627
-4317
-4735
-4348
-5131
-7329
-9186
-7082
-3420
-3524
-6145
-7478
-6094
-4448
-4658
-4768
-2728
-1435
-2501
-3940
-3716
-1051
1008
798
-42
-166
257
668
1388
2685
3502
2771
1465
811
1140
2201
2251
1470
840
-675
-2093
-2125
-1755
-1817
-2705
-4721
-6273
-6621
-6784
-6786
-7022
-7896
-9148
-10504
-10887
-10279
-9420
-9286
-10120
-10997
-10809
-10126
-9320
-8239
-7486
-7300
-7319
-6853
-5726
-4043
-2630
-2009
-1830
-1454
-866
59
1498
2680
3032
2576
2354
2901
3858
4752
5308
5122
4726
4721
5087
5707
6329
6886
6894
6517
6495
7335
7745
8118
8740
8887
9139
9603
9896
11400
12888
12248
7964
5318
8622
13150
13769
8643
2485
3249
8235
9069
5432
2005
2089
3688
1719
-1927
-1796
621
869
-2557
-5862
-5440
-4121
-4596
-4667
-4419
-5341
-7220
-8795
-7529
-4354
-4078
-6316
-7408
-6474
-5189
-5190
-5317
-3703
-2368
-2973
-4106
-4157
-2147
-38
30
-593
-627
-424
22
776
1858
2658
2150
583
-97
719
1685
1607
944
-92
-1468
-2534
-2618
-2168
-2099
-3319
-5224
-6722
-7064
-6787
-6901
-7628
-8409
-9407
-10488
-11053
-10490
-9551
-9485
-10423
-11220
-11133
-10279
-9207
-8308
-7770
-7583
-7611
-7165
-5928
-4267
-2928
-2579
-2503
-2049
-1289
-340
800
1721
2145
1908
1529
1987
2819
3867
4687
4253
3424
3457
3952
5083
6004
5786
4753
4750
5679
6528
7512
7406
6704
7477
8558
8952
9546
10182
10802
10603
6967
4222
7399
11705
11731
6430
618
1582
6489
7192
3557
-59
67
1679
-413
-3773
-3118
-1105
-1260
-4614
-7827
-7255
-5690
-6223
-6492
-6356
-7524
-9529
-10705
-9084
-6140
-6355
-8662
-9720
-8653
-7236
-7170
-7172
-5590
-4401
-5128
-6129
-5749
-3512
-1399
-1457
-2062
-2127
-1581
-1119
-281
1205
2028
902
-921
-1088
411
1511
1181
-88
-1376
-2245
-2795
-2879
-2412
-2520
-3765
-5856
-7289
-7099
-6497
-6796
-7660
-8418
-9391
-10419
-10634
-9693
-8722
-8911
-10014
-10751
-10387
-9132
-7889
-7345
-6925
-6740
-6669
-6030
-4613
-2924
-1722
-1601
-1604
-956
-47
1068
2356
3194
3181
3069
3134
3714
4967
5970
5871
5522
5435
5789
6498
7334
7769
7796
7548
7695
7977
8821
9380
9704
10248
10306
10249
11108
11668
13069
12880
9755
8096
9402
12223
13347
9757
5564
5849
7793
8661
6719
4035
3853
4445
2443
574
182
1097
1333
-882
-3192
-3173
-3275
-3369
-3145
-3149
-3763
-5243
-6744
-5448
-3624
-3342
-4410
-5417
-4831
-3663
-3696
-3491
-2259
-1453
-1351
-1957
-2075
-442
1018
1395
1293
1186
1424
1953
2406
3402
3964
3634
2956
2174
2216
3128
3137
2452
1578
646
-389
-878
-765
-1120
-2089
-3113
-4353
-5412
-5645
-5567
-5914
-6710
-7638
-8494
-9085
-8887
-8342
-8264
-8580
-9245
-9375
-8770
-7970
-7254
-6607
-6305
-6146
-5558
-4642
-3452
-2407
-1511
-1054
-753
-108
810
1750
2690
3323
3374
3516
3842
4314
5056
5813
5907
5593
5528
5823
6337
7060
7015
7038
7079
6909
7140
8003
8415
8736
8999
9069
9454
10087
11059
12342
12319
9546
6766
7842
11897
13847
10942
5561
3725
6977
9756
7829
4142
3001
3826
3089
542
-605
683
1425
-490
-3561
-4529
-3661
-3199
-3437
-3336
-3689
-5307
-6914
-6361
-3978
-2764
-4112
-5771
-5570
-4356
-3865
-3884
-3136
-1953
-1919
-2823
-3118
-1812
17
795
466
164
357
728
1389
2538
3460
3297
2458
1557
1509
2413
2983
2548
1607
432
-698
-1510
-1233
-703
-1766
-3361
-4479
-5735
-6179
-5740
-5847
-6574
-7678
-8970
-9638
-9398
-8508
-8091
-8679
-9483
-9769
-9325
-8202
-7328
-6708
-6071
-6085
-5854
-4879
-3526
-2136
-986
-582
-566
-37
942
2004
3184
4028
4008
3565
3719
4639
5666
6400
6336
5791
5858
6381
6820
7349
7651
7715
7779
7617
7952
8366
9357
9860
9833
10212
10326
10560
12288
13069
10533
7694
7896
10813
13207
11417
6394
4008
6183
8726
7840
4589
2498
2987
3185
1387
-547
-124
994
-237
-2868
-3971
-3621
-3339
-3490
-3498
-3726
-4685
-6255
-6329
-4406
-2796
-3563
-5205
-5334
-4138
-3222
-3188
-2781
-1801
-1336
-1797
-2202
-1380
83
1002
1052
761
743
1068
1740
2645
3371
3381
2753
2061
1895
2534
3055
2868
2037
845
121
-603
-758
-244
-994
-2609
-3546
-4388
-5134
-5186
-5266
-5844
-6811
-7926
-8537
-8630
-8230
-7905
-8260
-8828
-9153
-9007
-8153
-7186
-6667
-6181
-6049
-5847
-4830
-3576
-2457
-1487
-801
-457
45
918
1943
3058
3849
4167
4080
4107
4854
5705
6204
6660
6524
6185
6419
7058
7568
8071
8086
7587
7558
8399
8893
9121
9321
9660
10105
10420
10894
11677
12732
11762
8673
7258
9617
12650
12761
8509
4242
4708
8144
8438
5626
2833
2700
3124
1674
-564
-635
464
94
-2585
-4676
-4540
-3924
-4321
-4428
-4416
-5230
-6915
-7820
-6580
-4486
-4283
-5884
-6892
-6253
-5103
-4782
-4449
-3493
-2907
-3200
-3768
-3387
-1991
-652
-364
-652
-862
-856
-446
555
1678
1973
1261
489
54
430
1121
1168
471
-434
-1330
-2596
-2959
-2107
-2443
-3958
-4925
-6181
-6990
-6913
-7036
-7312
-7865
-9185
-10093
-10350
-9974
-9275
-9315
-9849
-10312
-10383
-9665
-8794
-8069
-7290
-7173
-7230
-6476
-5242
-4066
-2979
-2280
-2073
-1790
-1009
-89
797
1603
2263
2241
2004
2473
3213
4035
4551
4497
4213
4054
4456
5446
6003
5866
5822
5618
6071
7005
7466
7478
7852
8451
9216
9459
9670
10893
10378
8069
6734
8190
10649
11167
7622
4113
3852
6291
7223
5289
2319
1851
2020
1111
-588
-1061
-563
-848
-2915
-4612
-4973
-4725
-4775
-4953
-5305
-5764
-7184
-8156
-7186
-5466
-5235
-6550
-7628
-7174
-6185
-5918
-5577
-4960
-4458
-4464
-4926
-4551
-3160
-1848
-1452
-1461
-1149
-585
-47
755
1835
2639
2590
2331
1854
2103
2996
3548
3159
2297
1439
824
417
330
-260
-1506
-2682
-3772
-4750
-5335
-5652
-5966
-6525
-7503
-8402
-8611
-8449
-8047
-7803
-8023
-8407
-8515
-7901
-7008
-6209
-5612
-5390
-5174
-4316
-3156
-2125
-1179
-441
183
782
1553
2338
3161
3886
4561
4745
4903
5551
6184
6213
6576
7023
6956
6870
7256
7232
7437
7701
7504
7047
6908
7443
7837
7783
7989
8098
8103
9101
9674
10416
10559
8964
7195
7291
9318
11634
10524
6630
4404
5667
7909
7720
5355
3695
3551
3013
1896
803
659
1272
461
-1986
-3300
-3271
-2895
-2977
-3198
-3519
-4578
-6095
-6017
-4713
-3594
-3788
-5019
-5687
-4861
-4054
-3560
-3010
-2358
-1939
-2181
-2437
-1618
-313
518
919
808
710
1059
1529
2404
3447
3471
2821
2200
2063
2600
3074
2837
2259
1465
744
107
-220
-120
-453
-1555
-2511
-3348
-4038
-4247
-4390
-4657
-5229
-6225
-7055
-7083
-6667
-6135
-6150
-6576
-6801
-6602
-5918
-5055
-4404
-3939
-3661
-3443
-2838
-1798
-803
3
603
917
1265
1897
2653
3409
4037
4345
4474
4560
4867
5304
5806
6134
6251
6179
5826
5736
6384
7164
7041
6630
6550
6906
7347
7661
8146
8243
8276
8964
9716
9783
10714
10439
8758
6912
7404
10468
11664
8553
5061
4122
6023
7631
6376
3662
2497
2423
2231
813
-365
213
490
-1361
-3128
-3606
-3347
-3150
-3459
-3545
-3843
-5131
-6061
-5501
-4131
-3018
-3916
-5215
-5045
-3973
-3358
-3018
-2647
-1872
-1768
-2258
-2099
-1057
38
550
374
227
475
716
1204
2014
2577
2522
1944
1126
874
1523
2012
1560
998
-7
-1043
-1427
-1383
-1451
-1951
-3012
-4105
-5004
-5401
-5410
-5497
-5883
-6660
-7800
-8277
-8029
-7753
-7490
-7640
-8147
-8321
-8077
-7490
-6634
-5984
-5661
-5524
-5256
-4504
-3418
-2390
-1612
-1187
-889
-362
357
1230
2008
2583
2898
2942
3032
3602
4200
4488
4811
4868
4815
4947
5129
5454
5913
6132
6121
6178
6015
6330
7433
8193
8083
7986
8269
9161
10041
11065
10255
8638
7226
7578
10071
11400
8970
5885
4468
5637
7306
6384
4032
2726
2389
2045
742
-684
-289
-72
-1448
-3333
-4497
-4514
-4031
-4523
-4786
-5107
-6330
-7466
-7198
-6167
-5110
-5573
-6780
-6905
-6187
-5539
-5070
-4730
-3943
-3566
-4056
-4004
-3096
-1967
-973
-901
-1220
-904
-529
-11
901
1426
1698
1325
684
337
718
1257
1335
866
-201
-1468
-1860
-1535
-1499
-2057
-3157
-4300
-4977
-5392
-5639
-5801
-6116
-6776
-7929
-8645
-8566
-8192
-7948
-8124
-8620
-8889
-8708
-8221
-7424
-6668
-6436
-6302
-6090
-5410
-4333
-3350
-2497
-2026
-1679
-1194
-634
91
1235
1905
1801
1800
2057
2646
3403
3967
3914
3709
3808
4037
4180
4747
5229
5460
5243
4810
5088
6066
6764
6823
6797
6839
7485
8271
8782
9235
10305
9743
7925
6290
6903
9658
11009
8640
5199
3428
4950
7182
6394
3843
2328
2087
1611
425
-333
269
209
-1381
-3185
-4162
-4067
-3517
-3696
-3950
-4479
-5657
-6884
-6657
-5297
-3919
-4629
-6055
-6405
-5575
-4746
-4030
-3643
-3178
-2997
-3375
-3319
-2322
-1046
-403
-435
-566
-355
-15
455
1215
1945
1985
1538
622
233
824
1387
1359
924
-257
-1637
-1866
-1521
-1308
-1769
-3085
-4214
-4837
-5123
-5191
-5381
-5696
-6343
-7409
-8066
-7955
-7524
-7041
-7246
-7878
-8144
-7985
-7429
-6514
-5787
-5551
-5562
-5411
-4708
-3662
-2602
-1741
-1436
-1380
-909
-227
674
1502
1989
2158
2058
2243
2899
3489
3855
4056
3920
3789
3897
4268
4900
5092
4909
4903
5176
5490
6051
6506
6456
6746
7208
7509
7960
8717
9573
10090
8895
7514
6710
7194
9607
10372
7679
4882
3728
4864
6519
5768
3553
2119
1419
1093
513
-501
-361
-480
-1857
-3428
-4501
-4442
-3845
-3949
-4322
-5024
-6331
-6968
-6327
-5530
-4635
-5096
-6149
-6450
-5937
-5072
-4202
-3815
-3469
-3297
-3581
-3212
-2328
-1356
-531
-407
-653
-555
-245
499
1004
1229
1898
1925
1017
63
-33
946
1831
1432
-173
-1994
-2586
-1769
-1305
-2074
-3291
-4480
-5424
-5846
-5768
-5556
-5901
-6978
-8001
-8541
-8683
-8224
-7712
-7690
-8132
-8668
-8738
-8220
-7214
-6098
-5895
-6232
-6190
-5475
-4406
-3224
-2289
-1849
-1781
-1509
-807
173
1174
1677
1762
1767
1832
2368
3117
3671
3746
3692
3815
3828
3847
4307
5046
5231
5098
5014
4879
5430
6499
7013
6944
7017
7284
8073
9056
9283
10088
9579
8092
6823
7323
9600
10537
8323
5761
4390
5311
6946
6231
3959
2864
2356
1614
668
-148
99
7
-1495
-3036
-3815
-4047
-3729
-3905
-4148
-4453
-5595
-6728
-6388
-5398
-4292
-4774
-5912
-6036
-5277
-4724
-4020
-3480
-2936
-2662
-2989
-2844
-1927
-887
-52
109
-28
265
567
1010
1909
2671
2757
2351
1758
862
1554
2874
2504
1675
708
-578
-578
-386
-379
-938
-2341
-3118
-3561
-4585
-4618
-4384
-4923
-5797
-6877
-7297
-7025
-7096
-6770
-6444
-7286
-7894
-7558
-7050
-6194
-5477
-5291
-5366
-5381
-4534
-3326
-2642
-1888
-1247
-1212
-878
-150
732
1620
2055
2164
2247
2275
2655
3492
3861
3958
4075
3904
3769
4084
4778
5406
5243
4840
4791
5212
5941
6512
6456
6383
6525
7432
8204
8481
8796
9854
9516
8056
7330
7104
8968
10711
8785
5963
4719
4954
6664
6505
4553
3180
2421
1532
1274
541
342
198
-1075
-2583
-3302
-3768
-3455
-3583
-3842
-4163
-5183
-6407
-6035
-5188
-4276
-4331
-5403
-5858
-5323
-4603
-3800
-3275
-3011
-2684
-2869
-2794
-1892
-866
-66
87
-90
26
379
814
1656
2257
2288
1979
1400
1366
1498
1480
1578
1347
789
8
-937
-1579
-1526
-1501
-2187
-3312
-4432
-5165
-5331
-5483
-5762
-6309
-7261
-8062
-8324
-8170
-7932
-7927
-8272
-8487
-8554
-8237
-7653
-7102
-6548
-6171
-6023
-5661
-4866
-3902
-2982
-2311
-1873
-1456
-971
-201
706
1435
1743
1982
2133
2394
3089
3659
3997
4171
4037
4123
4650
4897
5155
5300
5461
5639
5764
5918
6469
6772
7159
7584
7846
7995
8663
9444
10426
10034
8187
7476
7667
9090
10570
9001
6157
5112
5171
6319
6239
4736
3294
2457
1382
999
279
32
-91
-1212
-2622
-3475
-4301
-4121
-3785
-4079
-4527
-5580
-6837
-6424
-5554
-4903
-4785
-5524
-5998
-5613
-4954
-4217
-3480
-3034
-2655
-2897
-2843
-1833
-986
-176
352
253
149
489
927
1736
2580
2684
2494
2112
2021
2387
2243
2088
2046
1539
1083
506
-476
-874
-821
-1241
-1957
-3012
-3970
-4345
-4588
-4830
-5182
-5883
-6733
-7207
-7324
-7157
-7078
-7292
-7486
-7590
-7495
-7057
-6684
-6304
-5652
-5347
-5188
-4620
-3823
-2882
-2118
-1594
-1202
-768
-169
646
1333
1828
2127
2251
2422
2906
3487
3830
4024
4126
4179
4327
4482
4950
5253
5235
5358
5496
5546
6029
6250
6514
7098
7386
7679
8171
8494
9381
10114
8502
7097
6825
7892
9959
9704
6587
4815
4449
5828
6622
5164
3223
2512
1614
1102
567
-59
-87
-642
-2272
-3224
-3890
-3935
-3556
-3799
-4214
-4847
-6085
-6456
-5574
-4687
-4133
-4846
-5747
-5634
-4906
-4048
-3166
-3008
-2890
-2793
-2817
-2184
-1272
-526
80
146
83
349
715
1344
2016
2332
2286
1933
1744
2011
2169
2020
1801
1268
664
409
48
-443
-1186
-1944
-2480
-2974
-3607
-4292
-4997
-5569
-5802
-6213
-6942
-7607
-7845
-7859
-8032
-8292
-8387
-8410
-8451
-8229
-7845
-7588
-7357
-6954
-6536
-6043
-5349
-4665
-4032
-3516
-2971
-2308
-1818
-1264
-591
-154
218
434
687
1135
1621
1895
2071
2212
2278
2329
2443
2883
3135
3171
3123
3114
3393
3855
4025
4186
4454
4598
5145
5636
6032
6706
7669
7140
5341
4677
4783
6254
7738
6331
3564
1942
2093
3811
3961
2321
623
-349
-1133
-1365
-1910
-2079
-2294
-3375
-4761
-5711
-6083
-5555
-5466
-5859
-6275
-7129
-8176
-7938
-7093
-6026
-5860
-6744
-7293
-6938
-5985
-4948
-4412
-4150
-3859
-4016
-3792
-2984
-2003
-1114
-884
-1041
-1019
-702
-237
469
932
940
656
240
279
827
985
479
-83
-383
-658
-892
-955
-1137
-1649
-2535
-3238
-3571
-3534
-3736
-4388
-5246
-5920
-6114
-6302
-6645
-6900
-6940
-7129
-7663
-7784
-7489
-7243
-7139
-6855
-6632
-6473
-6129
-5575
-4825
-4147
-3558
-3266
-2902
-2226
-1288
-598
-54
416
691
1040
1374
1925
2565
2939
2974
3108
3216
3485
3876
4299
4638
4524
4530
4771
5075
5284
5742
6057
6150
6625
6894
6967
7734
8448
9093
9773
10073
8681
7762
7464
8238
10343
10662
8007
5547
4769
6303
7780
6884
4683
3122
2338
2313
1978
1349
1342
590
-782
-1941
-2761
-2456
-1913
-2301
-2877
-3481
-4595
-5060
-4508
-3616
-2767
-3470
-4522
-4849
-4134
-3001
-2162
-2172
-2015
-1932
-2127
-1552
-661
344
1031
888
607
827
1375
2122
2907
3223
3155
2639
2302
2886
3619
4017
3428
2011
1540
1660
1667
1702
1176
11
-1005
-1908
-2263
-2240
-2520
-3091
-4213
-5469
-5878
-5841
-5840
-6029
-6408
-7008
-7570
-7896
-7392
-6686
-6465
-6635
-6845
-6808
-6266
-5363
-4576
-3945
-3719
-3534
-3192
-2525
-1501
-498
26
183
311
587
1229
1965
2555
2855
2828
2693
2933
3425
3807
4166
4297
4153
4012
4199
4695
5130
5362
5535
5585
5539
5853
6508
7146
7613
8242
8494
8955
8672
7138
6869
7372
8833
9842
7828
5057
4338
5153
6613
6320
4173
2583
1995
1375
1279
811
588
124
-1335
-2748
-3021
-3169
-2854
-2869
-3433
-3977
-4780
-5729
-5123
-4266
-3593
-3830
-4985
-5439
-4777
-4017
-3409
-2939
-2977
-2932
-3158
-2945
-1989
-1138
-527
-526
-825
-620
-11
523
1311
1909
1808
1658
1382
1564
2453
3129
3212
2593
1213
862
1488
1539
1649
1156
-460
-1609
-2044
-2126
-1969
-2308
-3206
-4476
-5759
-5911
-5360
-5491
-5890
-6476
-7239
-7731
-7717
-6961
-6192
-6282
-6617
-6661
-6647
-6044
-4739
-3849
-3589
-3479
-3346
-2846
-1859
-631
287
450
367
629
1098
1854
2672
3083
3139
2972
2911
3211
3776
4475
4846
4654
4245
4099
4548
5348
5900
5911
5660
5417
5805
6665
7179
7742
8100
8381
8865
9575
8457
7390
7266
7888
9720
9993
7282
5144
4602
5919
7346
6158
3763
2539
1895
1733
1506
670
418
-248
-1780
-2751
-3293
-3354
-2845
-3302
-3895
-4274
-5352
-5947
-5062
-4233
-3595
-4231
-5382
-5346
-4456
-3552
-2781
-2689
-2701
-2410
-2517
-1947
-936
-198
318
224
40
418
975
1508
2321
2549
2479
2156
1904
2452
2931
2950
3141
2672
1659
722
295
982
1667
656
-1043
-2623
-3384
-2646
-2367
-3363
-4520
-5602
-6499
-6826
-6757
-6423
-6539
-7675
-8443
-8623
-8478
-7910
-7386
-7133
-7229
-7616
-7626
-6767
-5607
-4508
-4030
-4320
-4212
-3411
-2320
-1253
-475
-141
-5
62
506
1434
2261
2711
2734
2558
2639
2961
3536
4202
4449
4271
4074
3959
4308
5065
5572
5561
5489
5480
5760
6377
6905
7582
8022
8481
8638
9223
9220
7920
7545
7787
8734
9815
8485
6064
4927
5087
6384
6525
4637
2885
2056
1405
1424
918
290
-280
-1549
-2682
-3164
-3680
-3653
-3575
-4205
-4894
-5512
-6416
-6136
-5434
-4859
-4864
-5659
-6126
-5654
-4868
-4139
-3562
-3486
-3348
-3280
-3002
-2115
-1277
-660
-373
-504
-301
194
784
1408
1898
1961
1834
1716
1911
2530
2865
2921
2623
1653
754
817
987
1167
779
-842
-2044
-2559
-2911
-2762
-3206
-4331
-5148
-6078
-6782
-6758
-6758
-6819
-7418
-8371
-8670
-8649
-8409
-7766
-7488
-7676
-7753
-7803
-7259
-6122
-5345
-4823
-4612
-4579
-3949
-3001
-2126
-1255
-815
-620
-332
-78
568
1389
1784
1887
1800
1785
2142
2563
3007
3256
3115
2987
2992
3154
3664
4131
4085
3826
3941
4292
4897
5128
5431
5690
6162
6955
7479
7581
6031
5094
5407
6347
7605
7020
4427
2876
2855
3897
4364
3161
1472
496
-344
-753
-955
-1304
-1670
-2636
-3950
-4632
-4974
-5033
-4888
-5099
-5507
-6040
-7140
-7306
-6394
-5618
-5313
-5963
-6554
-6376
-5572
-4849
-4147
-3846
-3694
-3699
-3668
-2936
-2034
-1371
-999
-960
-1035
-710
-301
353
1107
1209
955
714
661
1158
1563
1717
1348
701
44
-523
-796
-620
-408
-1317
-2885
-3980
-4535
-4541
-4386
-5043
-6247
-7338
-8096
-8290
-8262
-8287
-8442
-9218
-10146
-10283
-9833
-9432
-9151
-9058
-9064
-9220
-9109
-8063
-7050
-6411
-5939
-5797
-5650
-4874
-3744
-2706
-2037
-1704
-1401
-1074
-589
274
1058
1404
1500
1484
1751
2174
2723
3294
3409
3203
3154
3317
3654
4281
4981
4859
4536
4697
5310
5973
6372
6912
7259
7596
8094
8977
8816
7565
7351
7544
8193
9197
8161
6221
5218
5149
6103
6188
4801
3494
2749
1829
1690
1431
831
321
-692
-1600
-2115
-2588
-2490
-2437
-2946
-3269
-3864
-4789
-4470
-3890
-3457
-3377
-3878
-4191
-3835
-3301
-2735
-2148
-2041
-1894
-1843
-1629
-794
-157
337
570
551
714
1103
1473
2021
2526
2567
2543
2435
2526
2930
3304
3321
3216
2258
1006
1247
1834
2014
1659
-348
-1808
-1870
-1700
-1456
-2092
-3503
-4248
-4956
-5532
-5280
-5311
-5648
-6391
-7273
-7347
-7078
-6932
-6307
-6114
-6449
-6565
-6584
-6026
-4786
-4019
-3735
-3692
-3634
-2869
-1939
-1088
-262
15
131
418
779
1541
2303
2533
2540
2513
2551
2970
3315
3704
3968
3765
3717
3903
4070
4437
4820
4969
5097
5245
5289
5459
6037
6697
7170
7792
7966
8306
8711
7631
7214
7614
7791
8694
8294
6425
5635
5201
5588
6111
5241
3867
3012
1843
1648
1759
1058
586
-308
-1440
-1757
-2211
-2462
-2205
-2514
-3065
-3464
-4362
-4251
-3620
-3353
-2986
-3294
-3773
-3559
-3151
-2433
-1628
-1587
-1479
-1324
-1259
-565
156
616
1063
1137
1054
1478
1807
2322
2816
2815
2809
2796
2736
3101
3475
3605
3512
2797
1775
1191
1570
2283
2116
679
-937
-1745
-1461
-1070
-1392
-2295
-3484
-4275
-4533
-4656
-4601
-4615
-5215
-6179
-6671
-6478
-6108
-5892
-5670
-5626
-5946
-6159
-5775
-4829
-3935
-3477
-3374
-3379
-3019
-2161
-1168
-416
-67
73
253
494
1024
1792
2209
2278
2172
2032
2188
2602
3131
3511
3428
2882
2819
3185
3532
4100
4152
4133
4117
3858
4361
5074
5402
5963
6019
5951
6695
7719
7776
6539
5900
6272
6995
7538
6939
5534
4703
4530
4672
4698
4123
3232
2314
1249
776
968
608
-305
-1081
-1695
-2176
-2902
-3260
-3101
-3034
-3372
-4074
-4754
-4658
-4065
-3887
-3797
-3815
-3948
-3993
-3706
-3166
-2437
-2018
-1963
-1992
-1680
-1059
-528
-54
389
657
673
874
1262
1771
2283
2418
2342
2385
2466
2615
2863
3073
3024
2567
1680
1107
1578
1793
1115
464
-332
-1462
-1784
-1848
-2358
-2696
-3296
-4300
-5059
-5531
-5300
-5106
-5803
-6341
-6604
-6917
-6795
-6440
-5967
-5907
-6329
-6326
-5868
-5344
-4410
-3756
-3649
-3395
-2983
-2430
-1700
-828
-167
99
219
543
1053
1598
2091
2275
2276
2347
2435
2736
3177
3470
3476
3258
3172
3461
3862
4284
4359
4331
4214
4402
5113
5530
5798
6257
6513
7017
7760
8152
7904
6954
6909
7605
7815
7956
7340
6150
5969
5843
5525
5371
4893
4144
3395
2177
1697
1891
1363
542
-215
-946
-1325
-1913
-2243
-2104
-2214
-2797
-3304
-3873
-3637
-3173
-3214
-3116
-3084
-3263
-3135
-2826
-2402
-1764
-1497
-1468
-1270
-1034
-411
119
494
930
1114
1089
1339
1804
2263
2707
2694
2688
2857
2904
3105
3355
3419
3343
2807
1839
1594
1759
1875
1843
919
-462
-1282
-1751
-1531
-1500
-2210
-3161
-4204
-4865
-4720
-4526
-4656
-5032
-5798
-6194
-6219
-6068
-5456
-5143
-5265
-5375
-5416
-5152
-4268
-3447
-2907
-2594
-2512
-2205
-1560
-696
195
728
892
1056
1351
1821
2550
3040
3271
3188
3020
3280
3653
3921
4239
4298
4045
4026
4262
4747
4999
4932
5114
5301
5275
5661
5953
6118
6915
7750
7921
8189
8100
7174
7080
7914
8075
8096
7438
6215
6095
6048
5493
5110
4727
4245
3586
2152
1356
1495
1379
759
-513
-1396
-1552
-2069
-2593
-2526
-2721
-3264
-3872
-4541
-4377
-3845
-3839
-4036
-4133
-4012
-3888
-3869
-3469
-2725
-2341
-2333
-2296
-2129
-1401
-768
-606
-155
121
244
490
812
1384
1915
1958
1872
2021
2227
2516
2770
2816
2880
2584
2247
1800
1153
1125
1484
1216
596
-582
-1883
-2136
-1795
-1688
-2393
-3686
-4645
-5023
-4984
-4720
-4813
-5508
-6210
-6625
-6509
-6073
-5750
-5516
-5588
-5791
-5692
-5156
-4557
-3729
-3066
-2831
-2676
-2356
-1606
-685
28
461
662
741
1164
1796
2394
2851
2964
2785
2810
3132
3471
3914
3977
3828
3873
3953
4148
4490
4757
4972
4917
4766
5144
5488
5848
6502
6939
7256
7572
7948
7602
6685
7012
7783
7834
7541
6629
5853
5963
5818
5413
5062
4364
3849
3103
2063
1816
1912
1265
303
-465
-876
-1152
-1827
-2132
-1975
-2392
-3004
-3599
-3891
-3472
-3102
-3372
-3435
-3310
-3372
-3229
-2994
-2442
-1916
-1846
-1808
-1557
-1040
-445
-171
49
467
683
806
1145
1548
1952
2173
2071
2166
2427
2606
2729
2837
2883
2861
2604
2422
2245
2061
1645
740
483
766
631
-335
-1736
-2600
-2627
-2337
-2505
-3602
-4769
-5188
-5026
-4932
-5131
-5533
-5914
-6329
-6311
-5902
-5596
-5509
-5454
-5231
-4907
-4644
-4219
-3646
-2995
-2449
-2116
-1957
-1510
-706
91
632
834
1048
1312
1648
2151
2608
2738
2756
2788
2938
3233
3433
3572
3750
3834
3851
3992
4098
4383
4768
4921
5043
5213
5446
5870
6393
6941
7344
7789
7918
6925
6417
7262
7754
7845
7335
6107
5668
5676
5420
5451
5019
4196
3494
2296
1670
2033
1691
829
-122
-855
-1076
-1638
-2168
-1995
-2046
-2605
-3176
-3829
-3755
-3144
-3160
-3192
-3196
-3411
-3330
-3146
-2688
-1867
-1644
-1807
-1678
-1424
-790
-209
8
346
621
608
877
1263
1653
2142
2093
2065
2268
2326
2557
2761
2911
2938
2656
2327
2249
2123
2004
1295
153
672
1060
-133
-1365
-2394
-2499
-2097
-2299
-3216
-4458
-5234
-4829
-4673
-5268
-5422
-5637
-6243
-6481
-6080
-5464
-5527
-5886
-5426
-4924
-5005
-4662
-3954
-3437
-2983
-2559
-2284
-1996
-1328
-458
87
271
571
963
1152
1472
2056
2423
2430
2362
2504
2835
3029
3181
3297
3262
3389
3677
3792
3915
4081
4330
4677
4780
4963
5432
5561
6148
6951
7052
7359
7385
6597
6645
7300
7321
7353
6787
5967
6013
5682
5134
5091
4625
4172
3521
2154
1680
1717
1343
848
-158
-1009
-1159
-1748
-2074
-1964
-2380
-2874
-3266
-3803
-3552
-3217
-3339
-3265
-3261
-3304
-3198
-3211
-2636
-1971
-1833
-1772
-1702
-1566
-961
-477
-192
163
280
368
672
963
1438
1789
1704
1817
1958
2072
2295
2441
2535
2588
2267
2127
1923
1634
1442
682
389
502
-76
-820
-1655
-2333
-2197
-2605
-3170
-3813
-4667
-4942
-4878
-5177
-5401
-5629
-6037
-6271
-6310
-5942
-5667
-5857
-5796
-5353
-5091
-4865
-4434
-3900
-3299
-2951
-2671
-2258
-1729
-1113
-527
-113
108
428
705
1014
1352
1653
1841
1840
1927
2192
2389
2420
2563
2707
2752
2914
3067
3086
3268
3544
3667
3915
4194
4295
4501
4821
5464
6056
6364
6583
6317
5623
5736
6615
6890
6506
5525
4699
4819
5239
4873
4085
3257
2908
2677
1786
1109
942
570
-230
-1030
-1497
-1790
-2316
-2761
-2816
-3031
-3535
-4134
-4607
-4267
-3833
-4013
-4387
-4517
-4278
-4028
-3839
-3524
-3206
-3035
-2978
-2832
-2407
-1834
-1548
-1443
-1233
-872
-642
-474
-121
279
565
590
544
714
999
1155
1240
1293
1256
1093
873
569
270
-77
-346
-287
-884
-1974
-2404
-2558
-2832
-3115
-3873
-4629
-4957
-5156
-5173
-5661
-6166
-6192
-6435
-6811
-6719
-6540
-6552
-6631
-6455
-6031
-5953
-5846
-5319
-4841
-4509
-4097
-3717
-3335
-2835
-2166
-1709
-1488
-1119
-576
-190
91
374
647
862
912
1096
1448
1589
1613
1714
1881
1894
2107
2423
2490
2523
2738
2999
3016
3207
3590
3905
4049
4285
4603
5006
5525
5989
6299
5924
5196
5494
6486
6645
6069
5151
4593
4889
5312
4800
3874
3204
3041
2809
2063
1479
1274
749
25
-496
-887
-1284
-1841
-2161
-2217
-2523
-3091
-3532
-3686
-3461
-3263
-3462
-3771
-3674
-3572
-3376
-3116
-2878
-2574
-2441
-2317
-2065
-1743
-1343
-1035
-880
-664
-325
-136
173
455
757
925
938
1053
1254
1461
1551
1658
1679
1540
1035
642
681
574
274
-256
-617
-1077
-1646
-1852
-2210
-2724
-3109
-3572
-4072
-4390
-4581
-4754
-5135
-5424
-5450
-5564
-5879
-5781
-5519
-5452
-5550
-5500
-5208
-4957
-4651
-4267
-3940
-3712
-3344
-2923
-2529
-2070
-1604
-1297
-1065
-701
-265
-29
153
421
643
736
805
1078
1378
1524
1563
1639
1700
1900
2090
2189
2320
2363
2526
2699
2838
3226
3478
3619
3714
3967
4380
4813
5192
5496
5599
4851
4641
5406
6027
5659
4793
4042
4221
4603
4397
3585
2798
2540
2416
1665
1184
931
618
-36
-841
-1123
-1129
-1722
-2249
-2399
-2462
-2810
-3397
-3794
-3529
-3266
-3462
-3812
-3908
-3667
-3559
-3543
-3256
-2953
-2906
-2878
-2741
-2438
-1964
-1833
-1784
-1592
-1282
-1056
-945
-735
-399
-201
-205
-173
-73
98
254
163
-203
-585
-823
-1062
-914
-842
-1446
-2235
-2750
-2827
-2817
-3126
-3462
-4042
-4609
-4834
-4883
-5041
-5198
-5495
-5806
-6102
-6163
-5940
-5945
-6173
-6112
-6011
-6120
-6092
-5856
-5481
-5230
-5112
-4904
-4690
-4361
-3771
-3318
-2974
-2576
-2318
-2066
-1696
-1260
-824
-616
-573
-351
-115
134
392
588
727
790
864
1105
1384
1553
1744
1796
1798
2065
2349
2624
2740
2961
3359
3524
3667
3900
4320
5131
5255
4437
4066
4727
5464
5618
4696
3825
3907
4197
4285
3915
3001
2615
2511
2039
1671
1504
1109
340
-242
-372
-556
-1197
-1706
-1653
-1621
-2170
-2730
-3036
-2835
-2595
-2763
-3034
-3126
-3059
-2950
-2845
-2460
-2222
-2225
-2265
-2009
-1572
-1276
-1093
-910
-655
-434
-324
-149
167
507
651
706
685
808
1037
762
564
798
807
478
195
-153
-254
-201
-366
-755
-1276
-1586
-1722
-1996
-2148
-2254
-2605
-3132
-3433
-3416
-3422
-3592
-3720
-3775
-3872
-3789
-3686
-3584
-3423
-3221
-3108
-2998
-2714
-2271
-1945
-1738
-1406
-1067
-772
-533
-84
276
499
667
835
1048
1227
1503
1694
1746
1839
1973
2060
2096
2238
2446
2491
2511
2519
2640
2769
2880
2996
3054
3244
3402
3581
3551
3599
3912
4416
4577
4538
4705
5106
4798
4404
4795
5233
5265
4758
4176
4116
4060
4026
4026
3311
2762
2776
2242
1609
1724
1554
1080
388
-84
-99
-425
-1005
-947
-1163
-1633
-2016
-2282
-2242
-2062
-2246
-2297
-2528
-2734
-2513
-2461
-2411
-2128
-2026
-2141
-2043
-1847
-1499
-1240
-1233
-1008
-929
-822
-636
-504
-193
53
-10
-144
-358
-280
146
247
44
-338
-694
-768
-582
-424
-605
-1158
-1481
-1607
-1795
-1813
-1741
-1997
-2455
-2740
-2819
-2849
-2850
-2777
-2819
-3002
-3214
-3167
-2956
-2740
-2464
-2391
-2461
-2507
-2195
-1780
-1475
-1277
-1138
-1026
-923
-524
-81
218
379
420
463
603
886
1134
1326
1281
1272
1316
1428
1653
1901
2001
1967
1947
1987
2171
2386
2583
2749
2686
2714
2787
3014
3390
3563
3643
3718
3801
4082
4389
3967
3984
4465
4363
4518
4587
4069
3898
3877
3968
4133
3805
3136
2695
2385
2485
2596
2142
1382
801
750
875
483
124
-46
-477
-770
-793
-1020
-1256
-1264
-1370
-1491
-1765
-1932
-1870
-1706
-1631
-1651
-1713
-1827
-1821
-1636
-1301
-1277
-1366
-1331
-1234
-1046
-886
-743
-649
-528
-544
-758
-625
-335
-258
-401
-499
-587
-607
-633
-700
-780
-949
-1055
-1260
-1442
-1511
-1526
-1629
-1842
-2090
-2202
-2250
-2409
-2449
-2437
-2571
-2781
-2841
-2785
-2741
-2726
-2668
-2720
-2762
-2636
-2524
-2429
-2239
-2095
-2105
-2077
-1925
-1736
-1580
-1509
-1404
-1334
-1320
-1295
-1140
-954
-869
-942
-1035
-988
-974
-872
-769
-796
-845
-906
-901
-787
-596
-565
-596
-634
-610
-479
-410
-333
-312
-215
-58
40
34
72
215
418
439
456
756
744
562
802
1093
840
686
870
1037
907
694
595
517
399
489
360
-10
-102
-106
-266
-477
-610
-630
-977
-1418
-1542
-1394
-1589
-1932
-2100
-2305
-2400
-2374
-2496
-2820
-2909
-2892
-2990
-3126
-2982
-3071
-3333
-3308
-3081
-3007
-3113
-3345
-3282
-2973
-2801
-2756
-2924
-3084
-2964
-2684
-2612
-2677
-2753
-2880
-2752
-2588
-2636
-2709
-2754
-2695
-2670
-2756
-2815
-2823
-2867
-2800
-2798
-2929
-3040
-2981
-2963
-3037
-3094
-3077
-3099
-3199
-3109
-3031
-3029
-3063
-3007
-2884
-2873
-2779
-2600
-2483
-2353
-2124
-2063
-1933
-1668
-1426
-1363
-1302
-1124
-929
-742
-674
-572
-479
-392
-233
-140
-138
-64
46
19
142
305
369
372
439
568
618
696
749
907
1034
1098
1146
1286
1355
1381
1418
1449
1453
1571
1532
1359
1333
1440
1433
1328
1260
1081
1129
1235
1090
878
932
823
676
658
500
426
422
396
322
196
88
-37
-61
-100
-182
-375
-437
-528
-658
-656
-791
-867
-965
-1119
-1107
-1141
-1174
-1183
-1333
-1487
-1537
-1549
-1541
-1540
-1578
-1762
-1878
-1921
-1892
-1839
-1904
-2075
-2198
-2205
-2210
-2154
-2118
-2258
-2358
-2286
-2300
-2321
-2252
-2177
-2227
-2269
-2243
-2251
-2234
-2141
-2017
-2106
-2145
-2096
-2047
-2008
-1969
-1855
-1893
-1931
-1887
-1812
-1788
-1726
-1605
-1583
-1566
-1551
-1425
-1329
-1302
-1158
-1132
-1139
-1129
-1006
-885
-811
-778
-768
-780
-676
-505
-437
-445
-379
-308
-308
-259
-236
-141
22
63
67
77
142
240
327
408
462
444
440
541
670
715
759
863
834
804
908
908
992
1076
960
938
1011
1054
1083
1111
1109
1034
1026
1087
1024
899
935
1023
928
697
718
904
797
591
585
654
501
449
498
389
232
262
266
97
50
6
-128
-203
-179
-186
-475
-744
-696
-612
-824
-1009
-1086
-1195
-1227
-1353
-1473
-1640
-1684
-1640
-1782
-2023
-2114
-2011
-2079
-2221
-2286
-2334
-2351
-2485
-2466
-2381
-2361
-2429
-2547
-2563
-2473
-2403
-2439
-2488
-2492
-2430
-2425
-2444
-2425
-2498
-2424
-2330
-2317
-2355
-2344
-2245
-2257
-2247
-2228
-2200
-2190
-2185
-2173
-2126
-2050
-2042
-2071
-2091
-2097
-2062
-2072
-2111
-2007
-2009
-2044
-2011
-2039
-2078
-2059
-1956
-1960
-1981
-1835
-1773
-1792
-1733
-1514
-1422
-1351
-1255
-1212
-1107
-937
-811
-783
-612
-475
-371
-232
-135
-113
-52
110
184
215
356
527
609
701
728
848
1012
1054
1129
1326
1440
1441
1545
1570
1648
1726
1882
1839
1767
1782
1760
1793
1717
1636
1626
1569
1304
1202
1267
1184
964
744
726
665
580
427
227
208
294
197
-45
-204
-215
-177
-299
-481
-592
-575
-642
-729
-778
-798
-843
-794
-820
-1006
-940
-802
-869
-965
-833
-802
-958
-951
-838
-834
-857
-822
-833
-932
-843
-640
-741
-758
-633
-573
-544
-515
-359
-317
-383
-242
-195
-161
-70
15
200
162
141
221
316
379
456
497
475
521
689
697
751
837
820
845
904
961
877
919
1023
1036
1020
1116
1154
1194
1229
1252
1262
1284
1295
1323
1365
1413
1434
1400
1360
1399
1506
1622
1621
1597
1663
1702
1802
1771
1880
1913
1889
1971
2025
2005
2051
2105
2052
2173
2206
2048
2017
2055
2102
2024
1909
1877
1689
1662
1618
1460
1306
1176
1160
1018
910
854
859
853
790
777
833
853
862
1003
1145
1184
1250
1273
1368
1490
1567
1517
1507
1581
1493
1582
1590
1498
1419
1478
1486
1411
1406
1521
1503
1522
1504
1565
1697
1684
1705
1823
1940
1964
2102
2188
2244
2387
2545
2659
2749
2888
2954
3051
3170
3232
3223
3217
3283
3315
3311
3338
3338
3259
3192
3143
3026
2798
2613
2383
2100
1730
1316
900
542
214
-75
-312
-452
-477
-409
-334
-231
-48
50
111
50
14
-33
26
6
-8
-2
-7
112
193
346
440
509
575
651
798
812
786
746
745
739
649
579
487
379
252
49
-198
-426
-606
-757
-938
-1144
-1382
-1480
-1622
-1618
-1530
-1431
-1436
-1459
-1321
-1163
-1022
-849
-694
-634
-519
-392
-222
-61
75
223
381
499
640
833
1100
1358
1570
1798
2026
2247
2466
2711
2948
3090
3103
3117
3196
3236
3282
3347
3275
3202
3137
3116
3125
3189
3324
3376
3491
3641
3750
3915
4184
4387
4536
4611
4693
4817
4828
4875
4770
4626
4475
4226
3983
3661
3438
3189
2890
2491
2087
1772
1474
1194
876
532
243
4
-170
-284
-364
-364
-339
-339
-300
-172
17
249
370
539
693
858
991
1167
1310
1435
1538
1653
1723
1753
1891
1961
2037
2061
2083
2140
2128
2198
2294
2347
2407
2415
2436
2457
2477
2458
2432
2459
2415
2424
2416
2298
2266
2274
2185
2146
2031
1874
1843
1785
1697
1607
1542
1444
1309
1236
1173
1121
991
938
864
755
719
666
626
616
614
576
517
502
538
593
581
564
601
616
651
684
686
726
679
714
768
770
803
821
863
816
919
914
927
916
984
1069
1063
1053
1047
1070
1152
1241
1258
1306
1309
1414
1438
1464
1514
1576
1607
1606
1673
1676
1722
1772
1765
1792
1855
1864
1857
1937
2002
1987
2031
2043
2029
2066
2080
2110
2154
2126
2155
2145
2167
2189
2229
2185
2187
2169
2128
2228
2226
2227
2215
2189
2184
2240
2205
2216
2219
2279
2307
2301
2314
2276
2344
2343
2318
2310
2302
2283
2278
2273
2339
2294
2230
2300
2270
2280
2352
2345
2253
2258
2318
2276
2229
2227
2235
2254
2244
2193
2207
2193
2232
2235
2177
2194
2220
2184
2118
2103
2107
2110
2106
2049
2044
2066
2045
2042
2021
1957
1981
1985
1977
2019
1973
2011
1951
1924
1965
1950
1935
1906
1900
1891
1919
1913
1880
1892
1884
1857
1855
1827
1811
1790
1772
1684
1720
1696
1620
1634
1570
1578
1568
1509
1480
1437
1481
1428
1393
1406
1350
1331
1347
1335
1305
1346
1316
1300
1300
1267
1286
1242
1313
1301
1303
1282
1275
1316
1274
1284
1235
1231
1210
1237
1229
1194
1171
1143
1124
1091
1094
1092
1132
1111
1079
1012
975
970
960
958
929
936
891
908
867
861
837
808
782
739
746
708
692
667
638
652
620
592
578
566
591
561
545
506
469
498
475
446
443
387
388
402
333
338
322
310
275
332
294
293
312
255
212
188
253
207
212
234
189
194
138
158
140
121
116
80
111
105
102
99
55
-11
24
29
56
13
42
25
54
23
-3
-42
-41
12
-6
8
-23
-29
-49
-28
-5
-4
-35
-16
-33
-56
-85
-86
-62
-84
-71
-34
-48
-85
-124
-119
-78
-87
-108
-114
-113
-63
-64
-103
-92
-125
-116
-107
-69
-99
-112
-68
-109
-123
-145
-99
-107
-119
-146
-123
-119
-100
-83
-115
-155
-129
-96
-105
-124
-92
-99
-127
-102
-107
-81
-107
-122
-100
-69
-87
-58
-75
-43
-53
-50
-20
-42
-10
-23
-1
0
30
52
18
40
97
138
108
96
110
124
118
130
152
162
138
128
146
155
181
174
172
93
74
147
147
108
99
81
62
38
33
38
3
40
24
-15
32
32
28
27
13
45
22
8
10
-13
-23
-55
-2
12
30
33
24
68
61
107
99
121
98
105
141
155
163
115
113
73
108
81
56
21
41
70
39
33
1
-42
9
-1
-13
-22
-42
8
-18
-44
-41
-56
-67
-114
-94
-84
-114
-114
-91
-155
-185
-156
-198
-189
-210
-243
-236
-237
-246
-240
-286
-325
-353
-377
-362
-390
-379
-367
-392
-410
-422
-472
-450
-487
-502
-461
-482
-464
-500
-531
-537
-581
-557
-618
-634
-607
-659
-648
-654
-636
-663
-649
-650
-648
-640
-650
-623
-646
-646
-635
-593
-597
-614
-608
-605
-585
-563
-540
-550
-549
-552
-555
-550
-532
-525
-529
-517
-485
-538
-517
-506
-471
-432
-441
-433
-453
-448
-421
-421
-434
-429
-421
-441
-420
-431
-464
-463
-445
-418
-394
-411
-431
-403
-398
-412
-457
-417
-418
-400
-391
-402
-429
-422
-411
-495
-463
-434
-432
-463
-458
-444
-428
-430
-424
-435
-408
-432
-445
-476
-499
-490
-468
-479
-503
-506
-536
-521
-505
-523
-550
-509
-534
-498
-493
-501
-491
-481
-481
-461
-450
-441
-439
-415
-441
-434
-421
-439
-408
-427
-387
-366
-375
-379
-361
-355
-360
-315
-309
-334
-299
-321
-332
-293
-322
-320
-277
-270
-258
-251
-244
-255
-234
-251
-218
-196
-188
-192
-177
-144
-147
-116
-148
-148
-108
-74
-102
-94
-95
-117
-119
-129
-111
-82
-52
-82
-100
-103
-92
-83
-78
-72
-145
-85
-101
-96
-83
-92
-93
-107
-112
-102
-71
-100
-100
-110
-125
-125
-125
-103
-124
-147
-169
-152
-169
-181
-190
-206
-223
-229
-226
-228
-243
-210
-229
-249
-250
-273
-277
-303
-251
-303
-306
-324
-350
-293
-327
-338
-334
-316
-299
-352
-329
-332
-317
-320
-343
-319
-335
-306
-325
-344
-321
-346
-370
-370
-333
-303
-339
-380
-370
-387
-365
-338
-331
-317
-373
-373
-370
-373
-361
-355
-349
-345
-334
-341
-399
-345
-363
-371
-365
-395
-409
-426
-397
-404
-356
-373
-392
-319
-334
-344
-313
-293
-328
-359
-319
-288
-318
-305
-358
-351
-286
-324
-313
-254
-268
-303
-296
-260
-258
-281
-285
-302
-270
-245
-225
-253
-239
-230
-210
-179
-217
-207
-220
-206
-190
-193
-134
-147
-208
-210
-196
-167
-216
-208
-188
-204
-224
-232
-193
-233
-265
-212
-227
-245
-267
-246
-222
-250
-230
-227
-251
-240
-240
-242
-256
-265
-261
-289
-268
-278
-289
-263
-282
-263
-252
-289
-258
-315
-270
-285
-273
-265
-237
-210
-268
-269
-287
-255
-247
-229
-309
-310
-340
-322
-283
-284
-296
-303
-278
-286
-293
-297
-305
-325
-320
-327
-301
-282
-332
-294
-330
-294
-318
-331
-299
-316
-309
-354
-337
-329
-325
-363
-352
-377
-393
-340
-332
-381
-393
-331
-315
-347
-332
-339
-352
-369
-375
-412
-411
-387
-401
-338
-354
-345
-338
-380
-409
-387
-368
-409
-357
-354
-351
-339
-370
-355
-344
-388
-386
-365
-356
-398
-407
-381
-408
-380
-413
-410
-447
-401
-446
-475
-487
-506
-467
-528
-516
-555
-515
-482
-503
-538
-532
-532
-562
-563
-577
-570
-548
-606
-624
-626
-628
-636
-675
-641
-666
-689
-727
-675
-653
-657
-626
-693
-676
-689
-699
-693
-705
-709
-674
-652
-676
-696
-713
-689
-601
-640
-666
-671
-657
-630
-679
-686
-649
-645
-685
-677
-672
-654
-681
-655
-666
-658
-661
-691
-708
-750
-747
-726
-693
-705
-653
-632
-630
-618
-644
-644
-670
-649
-635
-654
-596
-640
-623
-623
-639
-673
-630
-603
-631
-578
-593
-591
-575
-588
-594
-614
-567
-573
-586
-536
-504
-493
-483
-471
-491
-481
-471
-424
-458
-462
-415
-423
-435
-427
-429
-439
-423
-476
-445
-400
-413
-406
-389
-442
-448
-411
-464
-403
-424
-476
-478
-466
-480
-489
-461
-455
-476
-459
-472
-501
-496
-516
-509
-510
-487
-476
-476
-487
-492
-520
-560
-538
-566
-526
-516
-545
-508
-517
-555
-555
-545
-564
-554
-562
-549
-559
-545
-536
-529
-540
-507
-492
-494
-527
-546
-556
-564
-548
-528
-534
-545
-537
-538
-542
-572
-557
-559
-558
-587
-596
-591
-610
-656
-598
-570
-619
-606
-608
-585
-612
-595
-570
-608
-593
-614
-572
-582
-570
-502
-548
-513
-548
-552
-540
-521
-551
-569
-562
-560
-545
-533
-520
-572
-554
-533
-525
-528
-504
-487
-539
-562
-537
-531
-549
-536
-511
-486
-482
-480
-454
-471
-511
-519
-468
-530
-541
-509
-485
-489
-489
-432
-442
-446
-463
-479
-426
-445
-471
-461
-408
-424
-475
-453
-448
-481
-446
-483
-454
-439
-460
-419
-444
-442
-454
-462
-492
-518
-530
-493
-491
-508
-534
-533
-583
-599
-575
-591
-624
-603
-581
-603
-586
-605
-564
-584
-600
-569
-576
-603
-605
-586
-543
-558
-593
-603
-626
-584
-531
-587
-612
-581
-620
-613
-620
-627
-632
-600
-576
-604
-603
-623
-626
-556
-568
-548
-565
-580
-596
-615
-598
-589
-569
-611
-617
-615
-593
-615
-614
-583
-608
-600
-562
-566
-561
-547
-556
-547
-495
-510
-564
-559
-586
-564
-579
-638
-602
-560
-567
-589
-566
-562
-592
-589
-581
-569
-559
-581
-559
-606
-586
-588
-609
-594
-586
-555
-590
-568
-573
-586
-579
-557
-521
-549
-531
-521
-580
-558
-561
-550
-496
-494
-493
-520
-532
-500
-448
-490
-511
-465
-478
-548
-542
-481
-489
-523
-481
-558
-556
-540
-550
-537
-571
-545
-570
-542
-552
-572
-537
-558
-610
-558
-579
-590
-543
-544
-516
-549
-533
-548
-508
-488
-539
-551
-537
-527
-531
-519
-511
-488
-526
-514
-522
-515
-481
-454
-455
-507
-509
-514
-518
-489
-488
-513
-525
-513
-524
-553
-527
-561
-514
-509
-509
-478
-499
-488
-500
-504
-491
-512
-463
-501
-519
-485
-475
-454
-451
-424
-481
-442
-477
-441
-457
-439
-387
-407
-420
-451
-423
-478
-448
-473
-479
-462
-510
-475
-506
-523
-509
-526
-502
-531
-543
-545
-503
-519
-504
-496
-543
-521
-537
-541
-508
-490
-488
-507
-510
-533
-513
-499
-519
-521
-540
-531
-490
-534
-546
-507
-506
-437
-446
-483
-470
-477
-516
-493
-503
-503
-473
-470
-472
-476
-499
-523
-501
-493
-511
-454
-449
-450
-411
-457
-451
-469
-431
-385
-392
-390
-427
-410
-402
-400
-397
-403
-364
-393
-377
-368
-378
-344
-327
-357
-322
-349
-398
-350
-328
-335
-337
-361
-367
-343
-371
-326
-325
-316
-302
-350
-298
-307
-318
-293
-314
-289
-248
-268
-272
-315
-316
-331
-316
-261
-290
-326
-310
-306
-300
-289
-352
-305
-283
-293
-303
-305
-323
-377
-330
-358
-340
-308
-337
-337
-349
-364
-354
-346
-363
-378
-405
-370
-347
-394
-367
-361
-416
-440
-435
-411
-372
-399
-387
-360
-347
-347
-337
-350
-390
-423
-403
-406
-386
-395
-371
-389
-409
-377
-371
-407
-404
-381
-388
-370
-374
-357
-358
-352
-364
-327
-320
-350
-404
-416
-342
-363
-373
-363
-367
-417
-373
-377
-364
-319
-328
-300
-327
-308
-309
-326
-307
-311
-302
-253
-234
-237
-224
-257
-250
-214
-239
-234
-244
-234
-228
-228
-249
-247
-238
-263
-245
-271
-240
-288
-306
-352
-354
-319
-315
-288
-301
-263
-272
-293
-298
-273
-294
-234
-254
-234
-241
-259
-244
-223
-215
-228
-241
-245
-231
-252
-247
-231
-279
-307
-269
-306
-305
-275
-279
-292
-273
-318
-305
-288
-280
-266
-319
-243
-236
-278
-280
-269
-270
-277
-277
-292
-234
-251
-261
-269
-302
-313
-274
-256
-310
-326
-300
-319
-411
-347
-356
-315
-316
-364
-323
-355
-339
-300
-296
-324
-281
-274
-247
-266
-278
-298
-274
-232
-262
-248
-272
-263
-275
-243
-282
-271
-283
-277
-287
-312
-306
-355
-338
-365
-375
-372
-340
-332
-331
-342
-325
-307
-326
-270
-300
-290
-222
-207
-211
-157
-206
-174
-170
-219
-194
-180
-186
-206
-170
-225
-209
-178
-141
-104
-123
-174
-169
-172
-174
-197
-246
-221
-176
-157
-147
-148
-184
-162
-105
-147
-78
-33
-32
-16
-39
-47
-96
-124
-178
-161
-138
-121
-103
-208
-224
-234
-240
-233
-269
-181
-133
-129
-139
-112
-123
-145
-163
-187
-197
-189
-206
-185
-209
-247
-168
-212
-186
-126
-185
-165
-156
-189
-153
-188
-179
-191
-180
-195
-258
-251
-273
-316
-324
-327
-320
-269
-238
-225
-238
-155
-173
-144
-137
-178
-182
-154
-163
-174
-185
-240
-208
-240
-217
-220
-228
-245
-201
-265
-283
-244
-273
-268
-292
-280
-281
-275
-263
-265
-243
-294
-283
-272
-260
-208
-211
-178
-210
-201
-179
-231
-186
-182
-194
-187
-214
-201
-200
-215
-215
-179
-224
-184
-175
-199
-212
-187
-190
-232
-224
-187
-191
-220
-186
-196
-167
-193
-172
-153
-186
-162
-158
-151
-112
-76
-48
-33
-26
-59
-30
-71
-99
-73
-67
-75
-140
-110
-111
-157
-168
-145
-168
-148
-94
-124
-110
-115
-83
-46
-50
-26
-2
-34
-5
9
-32
-47
-46
-92
-61
-68
-103
-108
-66
-110
-142
-125
-174
-181
-204
-185
-190
-212
-191
-151
-205
-177
-217
-221
-165
-176
-139
-157
-162
-154
-128
-116
-124
-131
-128
-45
17
-110
-223
-23
1
-218
-162
-61
-82
-124
-107
-112
-91
-115
-215
-251
-230
-121
-131
-246
-289
-131
-88
-266
-248
-164
-194
-191
-188
-165
-174
-114
-145
-206
-227
-168
-45
-122
-164
-172
-104
-186
-263
-234
-194
-239
-250
-162
-188
-181
-160
-170
-161
-110
-109
-87
-147
-128
-106
-129
-123
-179
-112
-147
-155
-140
-101
-113
-108
-76
-142
-110
-84
-96
-111
-118
-100
-88
-106
-113
-81
-79
-103
-54
-79
-90
-75
-92
-103
-153
-156
-84
-128
-152
-97
-136
-114
-130
-148
-132
-98
-96
-145
-95
-102
-145
-116
-128
-122
-108
-69
-87
-105
-69
-56
-71
-63
-82
-40
-58
-96
-107
-112
-130
-115
-118
-149
-99
-60
-84
-64
-80
-123
-78
-100
-68
-50
-112
-146
-95
-138
-154
-144
-136
-151
-150
-137
-180
-95
-134
-92
-35
-78
-79
-26
-46
-44
-67
-49
-48
-68
-89
-105
-83
-112
-113
-152
-105
-92
-123
-164
-108
-159
-156
-121
-140
-99
-114
-134
-122
-85
-85
-93
-108
-86
-41
-90
-77
-44
-69
-77
-73
-68
-53
-51
-73
-46
-56
-52
-44
-43
-41
-26
-25
-27
-8
-45
-72
-48
-24
-4
10
22
16
18
22
-5
-12
10
38
42
30
31
21
63
22
-1
3
-18
-4
-4
-67
-31
-30
-70
-76
-67
-9
-80
-53
92
-94
-111
43
-77
22
23
-72
31
28
-27
32
-44
-48
101
37
-24
29
79
14
-68
24
34
7
28
16
-18
42
18
-47
-70
-39
23
27
6
-38
21
39
-34
-32
-14
-44
-43
-29
-67
-94
-33
-48
-124
-136
-96
-47
-103
-124
-86
-47
-108
-126
-103
-75
-138
-147
-118
-152
-120
-95
-83
-145
-117
-78
-83
-104
-103
-122
-123
-151
-121
-87
-70
-74
-37
-84
-106
-69
-136
-93
-104
-118
-136
-132
-135
-138
-139
-156
-127
-125
-94
-128
-107
-62
-72
-87
-65
-56
-47
-2
-13
-12
-50
-72
-70
-37
-47
-87
-57
-40
-20
-23
-36
-60
-17
-31
0
-7
-41
3
29
29
12
-13
10
8
10
-5
-18
-6
2
26
14
33
27
67
66
57
55
18
40
65
55
79
33
65
52
41
66
-9
5
29
33
36
34
33
60
21
43
46
50
57
44
6
46
51
23
-10
18
18
-50
-8
-20
-23
-41
-52
-45
-67
-25
-45
-49
-22
-28
-47
-72
-102
-90
-76
-106
-64
-5
-64
-58
-81
-46
-56
-31
-48
-43
-77
-55
-56
-32
-61
-106
-84
-113
-75
-109
-100
-61
-62
-57
-13
-69
-53
-61
-41
-39
-36
-1
-11
9
-34
-66
4
-8
4
-69
-60
-55
-52
-41
-59
-27
-14
22
12
43
20
-2
32
41
49
55
17
7
30
43
49
59
33
17
14
-19
21
38
30
40
11
-14
-20
-45
-7
-49
-66
-60
-54
-25
-12
-42
-72
-91
-67
-65
-65
-75
-60
-51
-18
-39
-49
-29
-16
14
-24
-12
-18
0
-34
0
-16
-41
-3
-4
3
4
-17
-17
-2
-37
-75
-57
-37
-42
-52
-27
-56
-49
-28
-31
-68
-83
-61
-71
-38
-56
-63
-94
-97
-128
-103
-100
-90
-89
-78
-59
-77
-70
-75
-46
-73
-127
-92
-88
-87
-87
-96
-78
-87
-84
-61
-57
-107
-65
-46
-38
-12
-29
9
-23
-50
-6
-21
-11
-13
-6
18
5
-34
4
-5
-19
11
-7
-4
-34
-8
-45
-65
-47
-39
-4
-25
14
36
35
20
10
14
-22
6
50
60
84
54
50
67
45
88
65
53
74
111
54
47
43
36
52
33
47
49
57
75
53
72
46
34
52
26
53
37
34
45
67
101
56
76
57
61
73
32
54
18
50
58
82
65
74
94
71
46
65
79
34
53
63
69
55
48
61
84
77
77
108
53
54
67
77
72
37
47
21
43
63
30
22
18
-13
-4
-25
2
-10
-6
17
-24
-38
-26
-42
-55
-64
-21
-37
-44
-22
-52
-12
-11
-13
-15
-20
1
-10
26
-13
5
29
15
46
-9
-19
-55
-43
-27
-12
21
-28
-3
24
-23
1
-16
-41
-22
14
-34
-5
13
37
56
47
71
55
95
56
86
90
92
144
161
148
153
145
148
150
133
139
91
86
124
110
129
131
130
88
85
111
109
91
122
112
104
152
122
112
138
119
111
116
101
130
144
120
131
125
106
171
168
150
182
164
140
140
136
127
132
86
60
104
107
142
65
89
141
103
91
59
80
91
129
100
93
71
62
116
93
114
90
81
107
112
110
85
108
65
84
99
65
102
45
74
83
62
97
73
85
114
137
117
138
121
112
92
59
77
88
98
118
137
97
73
103
95
99
103
64
47
31
65
70
67
57
49
46
19
10
32
32
67
60
76
94
76
33
63
56
75
103
92
97
74
87
55
121
98
132
140
117
148
107
112
103
178
141
119
133
144
157
141
184
159
159
126
138
146
109
139
139
145
155
146
143
165
143
137
173
166
190
162
170
184
155
165
137
129
116
142
177
143
132
122
157
156
130
159
121
136
112
152
144
132
147
112
128
134
99
97
80
64
82
71
85
64
115
100
86
55
32
50
29
45
51
77
61
91
74
70
93
62
56
62
38
49
82
69
46
54
65
58
82
81
55
58
76
74
91
40
93
110
123
114
122
125
110
102
51
56
114
111
85
98
99
90
110
119
103
76
59
71
90
44
65
86
49
70
63
53
41
45
21
26
31
-9
-3
9
-16
5
20
29
18
4
-14
-17
-14
-5
-32
9
1
5
16
28
-4
-49
-23
-24
-1
32
-13
-18
-46
-5
-39
-69
-34
-32
-60
-44
-30
-44
-72
-9
-29
-61
-8
-33
-28
-56
-38
-21
-27
16
-54
-70
-47
-32
-72
-48
-30
-56
-36
-55
-50
-60
-38
-56
-60
-38
-13
-42
-7
-41
-69
-46
-36
-23
-26
-50
-95
-31
-28
-37
-40
-41
-69
-83
-17
-1
-44
-39
-24
-49
-34
-68
-26
-55
-56
-24
-40
-60
-45
-29
-59
-68
-35
-6
-25
8
-24
-24
-40
7
-8
-21
28
13
30
0
-1
-19
-13
52
67
30
39
17
19
23
67
39
18
30
25
65
48
47
-3
-20
16
-4
-15
40
33
39
-1
-10
26
49
66
33
0
-23
3
-11
-29
-33
-40
7
20
16
50
10
23
49
-3
13
19
22
58
27
7
39
20
41
70
42
61
47
35
101
108
91
147
111
92
98
101
86
102
98
73
111
111
69
58
81
73
74
92
86
108
80
84
77
93
121
122
133
78
95
136
140
157
190
146
167
125
122
212
215
198
202
207
207
194
143
135
154
187
209
194
239
203
193
185
187
187
174
193
156
164
180
201
215
174
194
150
143
139
166
199
148
173
177
147
119
136
138
148
170
157
152
132
113
80
87
47
66
61
66
104
84
95
104
87
82
71
79
86
84
70
59
53
66
88
38
89
99
131
93
127
87
92
98
115
131
125
151
146
155
106
171
163
171
149
152
176
145
175
153
140
171
182
180
165
169
206
190
177
203
202
166
214
222
210
179
188
239
219
189
182
228
217
283
302
274
242
188
191
180
158
186
229
232
231
232
241
196
188
182
187
160
162
176
205
226
208
205
226
190
170
158
177
176
173
135
121
161
139
132
155
164
174
167
163
153
182
166
200
203
176
189
183
182
145
164
180
154
126
150
171
155
178
195
161
141
84
111
71
107
94
65
107
57
73
71
43
26
35
28
11
29
24
32
33
37
41
37
25
13
9
-1
23
26
30
1
-8
3
3
-17
2
-76
-68
-52
-84
-42
-46
-11
-11
19
32
0
8
16
6
33
32
34
37
40
17
20
32
55
39
24
19
6
26
3
29
34
62
96
61
98
81
70
117
88
119
117
140
163
159
152
169
201
150
176
149
168
170
202
210
220
234
238
238
197
244
216
241
183
182
137
162
230
194
250
180
231
264
211
193
169
196
170
193
170
158
179
163
128
146
170
192
116
117
171
109
149
119
134
167
189
168
177
216
181
206
186
180
175
181
162
185
172
113
111
136
114
95
119
76
67
74
112
143
79
93
137
93
98
93
112
97
79
93
129
91
120
119
124
102
98
122
111
106
85
166
130
132
174
172
159
135
132
104
92
128
149
172
166
151
183
165
171
189
178
164
157
212
193
192
187
197
177
208
212
156
185
185
179
183
173
164
154
147
133
118
181
147
180
195
177
201
208
197
205
200
234
252
246
249
241
254
266
254
276
266
240
257
269
283
259
239
214
271
312
347
301
283
277
294
277
261
258
220
259
246
230
224
232
235
233
262
222
194
207
218
225
235
255
222
197
178
167
168
181
192
185
184
196
170
188
168
165
189
169
169
147
155
155
104
129
131
126
117
126
151
161
170
117
127
122
104
154
141
98
154
161
145
170
150
173
136
146
129
116
95
92
97
113
131
111
142
120
98
122
113
165
179
142
153
124
125
149
132
147
130
114
163
172
126
137
143
140
129
120
136
151
178
167
140
153
177
164
176
165
143
186
170
165
192
164
159
181
188
178
121
141
161
160
145
177
170
147
145
135
152
167
185
156
120
89
177
159
151
194
179
180
212
159
183
189
148
164
191
185
138
147
132
129
181
138
137
77
100
117
85
73
77
77
45
82
46
41
46
72
49
27
79
76
7
7
34
8
26
31
9
45
39
4
43
30
48
65
76
100
41
88
115
83
66
84
101
111
107
113
94
55
123
123
127
132
105
109
109
121
65
72
100
89
69
39
74
55
121
68
43
65
49
49
30
53
64
31
2
58
27
56
69
74
62
78
86
72
93
57
101
91
66
87
95
77
88
81
103
95
144
210
175
165
144
196
149
95
127
150
155
147
131
131
153
154
142
123
138
119
115
129
109
121
141
152
153
125
151
168
171
174
163
195
139
142
139
132
139
145
130
177
209
211
218
200
202
194
174
174
198
172
181
172
225
191
176
209
170
180
180
124
134
167
164
154
147
198
208
128
134
158
156
156
139
150
137
183
178
127
97
121
111
89
170
114
127
129
125
145
127
145
124
128
94
125
93
96
122
83
82
67
88
95
132
90
147
139
105
111
101
116
74
89
100
110
113
82
107
113
71
93
73
119
98
109
102
111
144
158
97
103
127
91
128
107
132
87
105
131
174
188
152
144
127
162
161
159
175
186
180
176
177
164
173
143
157
203
214
190
169
183
127
143
174
152
151
170
217
216
195
221
156
147
181
152
164
140
133
155
167
147
121
142
162
182
128
163
193
147
161
147
123
143
150
98
95
130
91
123
131
129
163
120
142
133
117
142
160
141
97
121
140
77
57
43
26
37
66
29
60
53
29
-5
18
-1
-22
-13
-20
-28
-14
-3
1
16
-47
-23
-2
-9
-22
19
25
48
11
6
31
29
56
21
26
59
3
38
39
17
47
36
39
49
39
2
-29
3
23
49
2
-29
-10
7
-7
-61
-15
-9
-5
-29
2
37
12
52
32
-7
-31
22
39
44
46
-33
19
-5
22
38
-17
16
18
-9
36
35
39
44
37
37
13
2
8
7
37
54
64
75
68
82
15
45
31
31
63
75
37
32
66
45
90
79
70
98
76
68
82
39
85
48
28
71
45
100
70
84
98
92
120
88
102
102
98
87
124
126
97
85
88
112
116
127
93
74
78
65
42
49
72
76
91
110
114
95
80
86
86
55
46
58
56
53
44
22
24
27
68
58
54
8
-15
-20
-12
18
2
20
-11
-1
-3
-25
10
-17
-32
-7
37
46
10
3
12
59
82
53
13
54
39
1
20
-15
22
-27
-38
5
33
14
1
-48
-12
26
-35
-9
5
21
32
25
-22
-10
-40
-18
2
-11
1
-26
22
7
27
8
44
9
1
19
29
28
29
26
28
22
-26
18
24
23
7
25
58
14
27
52
12
35
47
38
77
102
84
65
49
65
62
94
116
71
78
84
92
77
81
115
60
70
64
63
71
53
38
8
15
18
-9
14
42
25
33
24
20
18
-8
-24
-58
-10
-40
-35
20
2
18
29
6
16
15
-60
-40
-12
-2
46
50
38
30
30
26
-11
17
75
45
44
34
38
32
53
74
19
73
60
57
49
-20
19
-24
-20
-74
-49
-21
-44
-20
-24
-21
-66
-39
-32
-27
8
-29
-4
-27
-10
12
0
4
-9
15
18
17
6
21
-15
3
23
-28
47
7
33
34
37
56
36
26
34
44
43
22
49
8
-37
41
82
32
35
40
30
56
58
67
34
84
74
70
83
81
84
90
88
110
111
107
116
84
56
73
76
37
64
57
47
44
44
32
14
53
67
37
53
93
54
73
93
38
103
109
62
76
100
110
109
106
124
115
105
103
45
75
119
129
97
95
131
82
114
120
101
111
62
40
90
35
55
65
93
120
67
87
32
52
51
57
29
19
41
69
159
92
93
130
100
86
98
102
55
76
37
64
50
33
23
25
56
16
9
16
-3
-36
8
-28
-56
-31
-9
-49
-61
-31
-46
-32
-41
-50
-61
-40
-28
-70
-56
-46
-70
-39
-20
10
-11
-16
-49
-46
27
-6
-27
-35
-42
-67
-10
-24
-36
16
0
-44
-6
1
-8
11
-8
-14
-45
23
-44
0
23
-18
-23
-18
-3
-17
-17
13
1
-12
19
-20
-19
-9
19
44
-26
-15
34
-11
-19
-5
-31
-9
-16
-33
9
-1
15
-14
6
-8
-25
-20
-37
-27
-56
-45
-28
4
-18
10
-17
-7
23
2
-3
-9
14
16
13
1
5
-1
-12
33
14
16
-6
25
6
-31
-11
16
28
33
75
26
95
55
37
60
55
47
6
-4
-37
-5
5
19
-5
19
17
12
-2
-13
13
-24
-21
-50
-18
-27
-59
-12
-39
-17
-14
-44
-42
-6
23
-27
-42
-36
-31
-14
-50
-38
-10
-27
-48
3
-29
-57
-26
-38
-71
-78
-60
-76
-61
-13
-31
-18
-22
-33
-11
-78
-58
-83
-88
-100
-98
-85
-103
-73
-75
-60
-80
-80
-52
-67
-54
-40
-33
-40
-66
-85
-24
-51
-33
-51
-75
-50
-12
-15
-29
-36
-69
-24
-22
-49
-49
8
-6
-15
-6
-29
-20
-7
-2
30
31
15
32
21
36
-4
23
10
31
43
31
19
28
3
3
-15
-14
41
20
21
34
59
31
18
17
-38
-15
43
29
-40
13
40
-17
-7
24
-15
-35
-44
-39
-60
-77
-93
-98
-50
-99
-74
-37
-46
-80
-38
-48
-74
-43
-94
-117
-118
-121
-130
-109
-143
-127
-102
-131
-130
-104
-127
-131
-112
-102
-141
-90
-96
-140
-82
-95
-99
-97
-78
-48
-69
-46
-45
-72
-58
-50
-66
-88
-70
-57
-58
-43
-79
-82
-96
-57
-37
-55
-56
