-67
-73
-77
-44
-38
-53
-22
-30
-47
-34
-113
-35
-43
-62
-62
-65
-25
-99
-102
-105
-72
-61
-87
-79
-57
-51
-55
-83
-69
-47
-52
-65
-30
-60
-81
-21
-62
-43
-56
-86
-58
-65
-59
-87
-42
-30
-82
-78
-57
-68
-81
-59
-93
-89
-82
-86
-97
-112
-133
-129
-151
-153
-182
-153
-136
-165
-156
-173
-140
-168
-152
-209
-225
-195
-204
-151
-180
-156
-154
-137
-143
-154
-154
-140
-157
-198
-165
-170
-158
-187
-210
-179
-177
-175
-166
-156
-183
-162
-133
-160
-162
-175
-229
-257
-193
-182
-207
-227
-260
-232
-242
-225
-270
-200
-231
-220
-208
-247
-200
-213
-184
-192
-155
-129
-169
-157
-184
-183
-185
-207
-202
-218
-160
-175
-166
-135
-165
-159
-116
-119
-165
-111
-101
-108
-92
-115
-124
-102
-93
-86
-80
-111
-124
-129
-127
-135
-149
-130
-119
-118
-134
-154
-116
-136
-103
-135
-140
-117
-112
-98
-123
-102
-74
-67
-88
-86
-119
-108
-120
-139
-114
-132
-116
-114
-55
-117
-126
-50
-134
-126
-98
-133
-150
-118
-98
-96
-113
-99
-98
-99
-113
-110
-74
-113
-109
-111
-108
-87
-108
-112
-85
-81
-75
-104
-72
-69
-67
-81
-79
0
-34
-46
-55
-88
-75
-73
-82
-51
-83
-47
-55
-96
-73
-50
-43
-65
-67
-111
-88
-57
-92
-119
-113
-139
-128
-140
-157
-155
-168
-89
-152
-140
-146
-134
-105
-114
-79
-104
-89
-72
-69
-113
-97
-83
-64
-62
-108
-128
-122
-105
-106
-86
-87
-115
-91
-36
-38
-17
-14
-33
-56
-93
-29
-46
-88
-57
-45
-61
-77
-86
-73
-37
-41
-62
-55
-39
-54
-76
-80
-28
-14
-20
-49
-30
-41
-24
-4
-30
-20
-33
-12
-17
-26
-5
2
-12
-30
-24
-17
4
9
20
13
-3
4
0
-28
-25
27
26
18
10
12
-6
-13
40
30
-3
-8
-34
6
23
-18
0
-20
-24
4
-23
-59
-6
-10
-59
-59
-38
-38
-23
-39
-87
-56
-30
-73
-56
-71
-40
-49
-64
-23
-36
-32
-14
-70
-87
-9
-14
-4
13
29
18
28
41
20
11
2
2
-17
-15
3
-29
-2
-37
-12
-22
11
10
-73
-36
-66
-35
-37
-34
-38
-78
-53
-70
-25
-49
-73
-99
-123
-102
-78
-42
-99
-65
-15
-53
-15
-19
-52
-34
-5
9
2
8
-11
-7
27
-13
-30
-40
-7
-18
-64
-42
-64
-51
-60
-74
-100
-80
-108
-92
-90
-81
-70
-72
-90
-98
-81
-117
-140
-148
-98
-128
-112
-80
-115
-101
-99
-121
-120
-108
-106
-100
-141
-142
-135
-172
-185
-150
-138
-152
-161
-142
-142
-134
-131
-146
-174
-195
-199
-175
-190
-194
-219
-227
-199
-205
-193
-179
-211
-182
-141
-165
-206
-219
-209
-204
-173
-189
-150
-161
-154
-142
-178
-153
-149
-129
-154
-168
-159
-187
-143
-174
-129
-144
-181
-155
-174
-121
-170
-187
-190
-167
-167
-170
-180
-191
-186
-179
-159
-172
-156
-149
-154
-135
-142
-166
-156
-168
-167
-165
-176
-162
-167
-153
-108
-139
-139
-179
-156
-141
-141
-106
-85
-86
-92
-56
-73
-139
-148
-124
-115
-138
-141
-106
-156
-105
-125
-137
-105
-94
-93
-134
-110
-100
-122
-113
-117
-109
-83
-98
-75
-90
-131
-133
-167
-170
-142
-126
-161
-156
-112
-113
-130
-143
-192
-169
-168
-174
-134
-165
-136
-125
-144
-176
-158
-158
-148
-125
-123
-155
-139
-126
-133
-86
-77
-74
-98
-122
-110
-122
-156
-169
-166
-172
-151
-164
-178
-155
-182
-158
-163
-155
-159
-153
-151
-160
-172
-209
-200
-162
-165
-177
-148
-128
-150
-167
-161
-129
-145
-128
-115
-102
-82
-65
-85
-106
-103
-88
-55
-67
-77
-103
-47
-76
-107
-52
-42
-42
-36
-41
-53
-29
-32
20
46
-3
5
13
-42
-12
-38
-50
9
-13
-2
0
-9
-39
11
-34
-44
-19
-31
-1
40
-13
3
28
35
23
-20
3
19
10
6
50
16
-4
-38
-3
11
-25
-4
-11
-10
11
-6
-6
29
16
10
4
14
-2
-10
-13
-27
15
23
21
34
35
5
42
5
24
-10
-31
-13
9
4
-8
3
-23
-6
-14
-7
1
10
6
8
11
-12
16
5
-15
16
-2
-24
-27
9
-45
-42
-42
-64
-21
-5
38
6
-2
-13
-49
-22
-20
-52
-98
-82
-97
-109
-68
-92
-70
-93
-122
-73
-85
-121
-106
-109
-165
-160
-95
-126
-110
-100
-196
-212
-191
-174
-216
-202
-202
-215
-174
-134
-179
-227
-232
-239
-209
-196
-233
-254
-253
-234
-222
-239
-246
-194
-195
-198
-211
-232
-206
-248
-264
-220
-210
-217
-227
-203
-202
-187
-196
-232
-200
-187
-154
-200
-227
-195
-229
-220
-203
-181
-191
-180
-197
-192
-187
-210
-214
-229
-210
-201
-225
-217
-146
-153
-180
-176
-185
-176
-114
-145
-180
-165
-146
-104
-142
-161
-130
-116
-170
-179
-151
-106
-103
-155
-142
-189
-181
-197
-203
-169
-201
-203
-212
-125
-98
-165
-196
-170
-156
-177
-209
-221
-244
-211
-207
-203
-219
-193
-165
-168
-163
-175
-166
-184
-168
-156
-165
-169
-159
-166
-139
-147
-159
-165
-159
-182
-197
-132
-205
-195
-169
-169
-184
-218
-228
-196
-189
-249
-215
-234
-257
-245
-269
-259
-228
-228
-254
-240
-252
-223
-252
-207
-201
-216
-178
-190
-166
-189
-161
-188
-189
-165
-156
-163
-153
-160
-156
-158
-169
-160
-143
-134
-121
-99
-132
-72
-129
-83
-105
-110
-101
-142
-117
-149
-127
-159
-154
-143
-97
-148
-159
-131
-157
-145
-187
-168
-146
-161
-153
-168
-126
-128
-156
-134
-152
-142
-172
-172
-131
-159
-119
-107
-179
-179
-144
-148
-115
-119
-188
-103
-67
-90
-140
-96
-92
-82
-74
-104
-78
-98
-78
-42
-35
-84
-57
-65
-55
-26
-53
-50
-56
-70
-67
-76
-83
-43
-57
-97
-67
-15
-7
16
2
30
-11
-22
-16
2
-4
26
18
9
44
1
-8
-9
9
-2
0
56
72
25
41
57
41
27
41
43
18
26
52
77
58
63
92
63
40
66
68
50
34
38
18
17
36
58
89
62
40
53
58
29
59
50
38
50
46
78
54
57
16
21
1
39
47
0
15
3
32
49
34
-8
-7
-7
-34
10
9
-15
-28
-43
27
-21
-25
-18
-22
-38
-95
-46
-38
-57
-71
-30
-41
-71
-54
-54
-80
-78
-77
-89
-68
-59
-70
-103
-75
-53
-93
-101
-43
-64
-93
-67
-80
-55
-58
-73
-92
-118
-78
-108
-140
-94
-123
-86
-77
-76
-82
-102
-134
-99
-86
-138
-90
-117
-85
-134
-135
-159
-128
-114
-140
-107
-126
-151
-191
-155
-147
-176
-154
-176
-177
-151
-153
-168
-184
-165
-179
-169
-142
-177
-183
-167
-191
-193
-196
-234
-214
-206
-195
-182
-173
-154
-188
-161
-194
-196
-190
-175
-168
-193
-191
-197
-178
-206
-234
-247
-228
-254
-228
-204
-222
-208
-233
-255
-265
-238
-266
-249
-243
-261
-234
-230
-221
-225
-255
-273
-247
-214
-219
-238
-239
-249
-193
-188
-201
-207
-235
-237
-205
-181
-194
-185
-172
-176
-178
-200
-156
-205
-231
-192
-172
-199
-183
-121
-141
-142
-136
-133
-130
-156
-175
-125
-154
-101
-88
-81
-91
-125
-99
-131
-91
-126
-129
-90
-121
-117
-86
-81
-127
-143
-101
-139
-89
-118
-84
-68
-127
-111
-130
-127
-166
-159
-152
-158
-140
-144
-167
-140
-132
-144
-143
-157
-154
-149
-124
-119
-178
-141
-134
-164
-145
-172
-158
-164
-161
-132
-136
-130
-169
-197
-143
-181
-175
-176
-184
-104
-143
-169
-176
-190
-138
-148
-192
-134
-163
-179
-173
-169
-188
-174
-159
-179
-167
-187
-181
-179
-183
-196
-165
-209
-183
-224
-239
-172
-181
-157
-195
-168
-187
-175
-143
-138
-117
-130
-114
-114
-116
-90
-91
-122
-113
-83
-77
-61
-28
-36
-55
-33
-15
-51
18
19
36
2
-24
-23
-40
3
-18
15
30
11
-4
8
3
8
34
56
13
-15
18
64
10
63
87
21
53
37
33
19
-35
-17
24
-19
-46
-7
-24
-10
-24
23
18
-23
-18
15
38
-4
19
-22
9
-18
-25
-21
-51
-94
-65
-41
-67
-46
-38
-49
-80
-54
-95
-106
-79
-101
-112
-100
-106
-101
-140
-112
-101
-109
-88
-50
-83
-72
-124
-136
-113
-117
-99
-89
-85
-88
-97
-112
-103
-104
-113
-139
-99
-101
-108
-114
-118
-110
-167
-139
-144
-165
-158
-81
-107
-133
-88
-139
-99
-150
-143
-181
-173
-148
-159
-157
-158
-159
-160
-172
-171
-164
-166
-141
-133
-127
-170
-159
-170
-168
-131
-81
-154
-158
-149
-170
-106
-124
-142
-134
-153
-136
-143
-146
-158
-151
-180
-188
-135
-116
-132
-168
-153
-88
-88
-92
-148
-165
-138
-159
-167
-168
-174
-146
-174
-194
-161
-182
-158
-164
-193
-210
-202
-217
-230
-224
-187
-247
-232
-199
-187
-188
-234
-225
-229
-232
-220
-241
-224
-223
-239
-226
-219
-210
-218
-223
-186
-173
-195
-205
-163
-154
-184
-151
-132
-151
-118
-129
-144
-134
-134
-144
-136
-130
-183
-187
-204
-193
-168
-152
-141
-134
-143
-129
-137
-157
-176
-143
-140
-153
-140
-145
-148
-136
-133
-157
-151
-191
-167
-144
-150
-153
-171
-178
-170
-156
-154
-197
-149
-133
-161
-140
-100
-158
-141
-131
-161
-154
-121
-119
-127
-135
-154
-137
-125
-151
-174
-175
-181
-174
-169
-147
-109
-141
-168
-163
-119
-122
-118
-141
-130
-95
-113
-86
-104
-104
-99
-66
-59
-71
-105
-96
-91
-114
-85
-123
-108
-121
-139
-128
-106
-110
-120
-79
-57
-38
-83
-76
-92
-54
-91
-87
-56
-100
-57
-68
-85
-70
-59
-77
-84
-35
-45
-71
-6
-42
-26
-65
-68
-26
-113
-56
-71
-65
-69
-53
-77
-93
-64
-56
-68
-106
-39
-51
-54
-58
-22
-19
-48
-13
-46
-27
-1
-65
-12
-23
-50
6
2
-39
-29
-10
-22
-47
1
-16
12
16
21
13
15
-6
-13
19
4
-5
2
-4
-44
19
30
-3
43
36
49
31
37
48
22
62
56
46
72
78
69
69
43
47
23
25
30
19
69
49
44
35
3
31
19
37
24
26
13
-25
-32
-8
2
-8
-72
-13
6
-25
-51
-12
-4
-32
-3
-31
-10
7
-22
-30
-24
-29
-32
-38
-52
-50
-26
-20
3
-36
-42
-38
-26
2
-24
-50
-2
-22
-26
-56
-15
-5
-46
-29
-8
-15
-44
-44
-87
-46
-78
-109
-109
-101
-120
-76
-60
-93
-94
-97
-114
-104
-61
-86
-106
-109
-89
-95
-87
-95
-83
-69
-59
-54
-67
-42
-74
-114
-104
-90
-127
-127
-97
-111
-115
-95
-76
-104
-117
-120
-151
-94
-133
-115
-108
-136
-124
-179
-118
-124
-134
-153
-130
-101
-124
-136
-156
-161
-157
-137
-110
-123
-135
-118
-146
-122
-132
-109
-114
-122
-113
-141
-116
-156
-148
-161
-155
-180
-176
-172
-182
-150
-159
-186
-197
-218
-245
-220
-225
-226
-204
-204
-221
-207
-239
-233
-225
-276
-242
-269
-253
-241
-284
-300
-287
-272
-242
-232
-271
-277
-280
-280
-249
-260
-274
-259
-277
-312
-328
-307
-257
-278
-259
-257
-271
-262
-228
-227
-284
-267
-285
-263
-200
-232
-207
-205
-211
-193
-226
-219
-212
-218
-188
-175
-156
-169
-139
-83
-126
-88
-86
-86
-59
-105
-89
-70
-85
-69
-56
-70
-66
-56
-38
-37
-33
-14
-13
-40
-12
-7
-32
-2
-11
-20
14
24
2
-14
24
12
-38
-33
-12
-22
-44
-19
-55
-67
-15
-67
-58
-44
-36
-68
-45
14
-11
-18
-9
-57
-47
-37
-33
-1
17
-22
-43
-33
-30
-13
-6
-5
-17
-38
-55
-39
-42
-23
-18
-10
-51
-43
-25
-25
0
-16
-31
0
-30
-31
-40
-46
-31
-40
-44
-4
35
16
20
23
41
46
5
33
10
25
14
23
57
8
43
19
23
22
43
40
38
47
62
69
59
47
28
37
52
11
26
54
1
33
55
27
34
57
15
-21
24
49
37
38
28
47
63
69
54
15
35
55
49
73
114
105
84
57
74
88
69
87
60
83
76
54
83
82
63
99
100
105
90
85
70
86
94
84
90
73
90
69
55
103
120
79
105
118
76
82
79
87
91
88
76
85
94
84
112
58
56
80
126
64
78
68
65
73
44
76
79
53
34
49
66
62
41
35
35
43
21
0
-10
51
39
23
43
9
9
-7
16
-8
-41
-1
26
18
16
5
-1
-27
-36
-22
-26
-14
-22
-18
-33
-15
-4
-14
-57
25
-35
2
25
14
36
-4
25
-12
12
-3
-8
32
22
-32
3
-12
23
20
-5
-20
-20
-2
-2
39
20
-5
7
1
5
-11
-12
-7
4
2
-50
-24
-26
-16
1
-30
-28
27
30
42
75
57
1
24
-10
-1
5
-2
30
11
4
-20
-19
-25
7
-8
14
-11
-26
-40
-35
-30
-60
-40
-60
-51
-52
-32
-6
-36
-12
-37
-17
-52
-117
-67
-53
-11
-51
-51
4
-20
13
30
-1
-1
-2
-13
3
-54
-36
-28
-51
3
-55
-53
1
1
-35
-2
-27
-28
-32
-53
-5
-19
-16
-50
-48
-55
-24
6
-27
-47
-73
-40
-31
-3
-17
-88
-19
-48
-74
-34
-60
0
-83
-69
-79
-88
-59
-62
-34
-78
-62
-56
-35
-76
-91
-62
-72
-33
-115
-95
-75
-82
-74
-110
-48
-96
-93
-69
-98
-38
-69
-27
-40
-62
5
-9
-31
-14
24
-23
-10
31
-3
27
34
-1
-7
17
-4
-48
-10
-42
-61
-52
-76
-49
-38
-17
-64
-46
-1
-79
-70
-18
-54
-29
-2
-40
1
6
-15
-50
-20
38
12
2
0
59
8
10
6
-14
-4
29
22
23
46
5
10
31
85
78
57
37
81
62
66
52
56
42
44
90
49
71
52
67
91
68
58
95
96
107
96
77
73
77
81
79
75
84
90
66
95
84
27
14
3
35
34
39
95
58
65
72
94
72
88
99
98
117
81
87
42
-4
16
31
38
29
-3
9
34
3
-13
-38
-37
-28
-44
-28
-41
-29
-70
-24
-7
-32
-46
-73
-61
-55
-47
-57
-31
-65
-52
-28
-88
-76
-53
-87
-98
-94
-106
-120
-76
-57
-101
-90
-81
-97
-90
-112
-88
-86
-70
-92
-126
-102
-128
-82
-30
-81
-17
-41
-53
-40
-29
-28
-57
-31
-43
-24
-22
-18
-6
-11
-17
9
19
28
46
4
-29
-23
19
32
-8
-3
13
26
46
86
89
99
99
87
50
77
60
58
95
65
53
52
105
60
50
70
64
52
43
41
17
-16
-85
-67
-103
-77
-43
-59
-52
-55
-84
-59
-29
-47
-36
-86
-52
-66
-75
-85
-71
-30
-57
-67
-68
-75
-82
-93
-82
-103
-84
-58
-93
-82
-107
-117
-84
-90
-102
-86
-125
-108
-100
-167
-116
-136
-131
-130
-115
-63
-94
-75
-124
-101
-128
-87
-93
-135
-107
-156
-99
-127
-128
-75
-117
-98
-114
-105
-100
-112
-86
-118
-97
-91
-108
-81
-19
-27
-47
-60
-77
-74
-87
-120
-98
-107
-85
-61
-74
-68
-72
6
-18
-19
15
-47
-19
6
1
2
-31
-23
5
-21
-1
22
5
-16
-12
-27
-28
-12
-9
-26
-22
20
28
3
20
26
18
12
-24
26
25
13
6
40
28
28
7
-30
-6
-43
-74
-59
-69
-49
-57
-42
-59
-38
-58
-76
-79
-91
-57
-67
-89
-21
-37
-37
-49
-59
-77
-59
-48
-59
-25
-41
-8
-46
-53
-38
-48
-8
5
-7
-13
-28
-7
1
25
23
29
25
63
61
56
71
30
49
44
37
34
19
-8
9
19
25
73
56
41
15
9
33
19
38
67
35
2
29
43
22
9
-64
-27
-20
2
-16
-4
-16
-29
8
-43
-32
-45
-22
5
-35
-18
-50
-69
-9
-53
-43
-33
-12
-29
-30
13
10
26
-8
19
52
11
39
32
54
31
19
74
61
42
68
31
35
68
76
83
64
44
59
88
77
78
79
103
85
99
103
103
117
109
85
107
115
131
106
116
102
109
112
104
97
69
65
60
84
113
78
74
128
104
95
95
110
60
70
80
88
49
76
66
59
77
34
74
83
78
84
70
27
-31
13
17
-7
17
-26
-21
-42
-37
-35
-24
-20
-70
-26
-40
-43
-1
-19
-36
-34
-23
-59
-73
-89
-95
-55
-60
-55
-70
-81
-82
-74
-105
-102
-86
-109
-84
-88
-121
-110
-111
-116
-82
-83
-82
-99
-57
-63
-85
-53
-34
-104
-78
-85
-122
-97
-115
-118
-111
-113
-109
-69
-102
-133
-88
-81
-109
-98
-45
-114
-126
-55
-85
-69
-85
-140
-133
-131
-134
-103
-103
-128
-153
-123
-111
-126
-147
-116
-137
-152
-176
-198
-146
-177
-148
-139
-170
-165
-171
-172
-155
-185
-166
-184
-235
-207
-226
-199
-168
-123
-170
-198
-170
-186
-176
-154
-168
-193
-197
-138
-145
-175
-143
-124
-124
-148
-138
-163
-163
-166
-137
-134
-156
-152
-131
-85
-99
-112
-92
-122
-115
-97
-126
-173
-145
-163
-229
-185
-188
-167
-158
-176
-133
-148
-153
-168
-186
-203
-178
-204
-176
-160
-187
-164
-172
-171
-158
-142
-131
-176
-149
-123
-126
-100
-135
-140
-183
-200
-163
-143
-127
-120
-155
-124
-148
-159
-152
-154
-221
-182
-134
-188
-180
-185
-175
-155
-128
-155
-147
-176
-160
-129
-179
-158
-140
-162
-180
-187
-131
-136
-142
-134
-113
-67
-84
-106
-117
-60
-74
-86
-62
-100
-131
-119
-115
-124
-104
-108
-122
-118
-110
-87
-113
-78
-47
-56
-34
-52
-16
-19
-33
-19
-65
-36
-50
-51
-28
-59
-29
-12
-49
-42
14
-57
-59
-35
-9
-12
1
48
-34
-52
-1
4
-9
3
-16
-44
-22
30
25
25
5
21
0
14
45
52
19
-17
-25
-59
-20
-29
-14
-9
-12
6
-33
-30
-1
-24
-4
-30
-33
21
-6
-52
-22
-34
-22
-28
-52
-55
-42
-29
-71
-70
-87
-53
-59
-67
-61
-71
-58
-85
-55
-32
-40
-62
-61
-22
-77
-84
-73
-67
-90
-90
-90
-63
-45
-70
-18
-64
-56
-52
-32
-45
-20
-6
-28
-17
-14
2
-16
7
-6
6
-37
-58
-31
-10
-2
-47
-36
-60
-38
-42
-98
-72
-66
-32
-47
-144
-107
-118
-99
-119
-96
-136
-119
-88
-104
-102
-124
-141
-173
-100
-59
-118
-116
-104
-104
-108
-112
-120
-79
-79
-63
-50
-77
-31
-39
-81
-36
-75
-120
-57
-94
-67
-92
-87
-88
-88
-80
-152
-104
-109
-84
-89
-111
-78
-66
-66
-80
-102
-73
-91
-102
-69
-106
-61
-77
-58
-43
-50
-75
-33
-79
-83
-63
-100
-84
-126
-99
-104
-103
-100
-108
-121
-111
-108
-122
-113
-93
-82
-79
-80
-111
-149
-134
-161
-132
-94
-123
-163
-132
-139
-192
-202
-228
-231
-211
-207
-220
-265
-277
-254
-265
-282
-283
-291
-287
-261
-272
-279
-310
-296
-270
-296
-274
-272
-250
-231
-200
-224
-215
-231
-232
-217
-237
-217
-231
-215
-242
-214
-198
-226
-193
-187
-216
-263
-215
-185
-174
-184
-185
-224
-177
-148
-185
-161
-183
-158
-162
-178
-202
-201
-192
-194
-151
-219
-196
-150
-160
-162
-180
-172
-163
-103
-147
-117
-79
-136
-93
-106
-71
-72
-112
-108
-59
-62
-49
-47
-34
-21
-31
-17
-26
-26
-49
-47
-53
-67
-38
-88
-82
-61
-64
-53
-79
-67
-80
-107
-129
-98
-125
-86
-102
-118
-113
-102
-143
-130
-113
-129
-110
-138
-113
-113
-84
-104
-116
-109
-108
-107
-131
-124
-148
-149
-178
-167
-174
-167
-142
-140
-113
-140
-108
-131
-98
-110
-91
-129
-177
-153
-143
-137
-123
-148
-128
-91
-109
-160
-126
-105
-96
-78
-130
-86
-134
-116
-99
-120
-91
-113
-87
-43
-82
-73
-54
-82
-72
-63
-60
-76
-34
-39
-40
-26
-47
-55
-24
-20
-33
-14
-11
42
43
-10
12
24
8
-5
5
31
14
20
4
-20
27
22
32
44
66
18
22
39
61
52
7
95
32
47
46
61
25
9
23
1
54
38
25
45
48
65
55
20
0
9
63
28
-5
22
-10
36
35
-30
-29
-31
25
22
30
40
14
22
-25
1
4
40
13
0
6
22
-38
-33
-54
-32
8
-45
-27
-18
-24
-24
-13
-20
-40
-65
-23
-43
-64
-32
-32
-77
-49
-21
-27
-32
-17
-18
-49
-69
-76
-71
-36
-53
-69
-35
-75
-46
-61
-63
-70
-52
-57
-69
-27
-61
-51
-61
-90
-83
-80
-90
-97
-105
-100
-55
-86
-94
-97
-72
-94
-78
-52
-83
-78
-97
-84
-62
-89
-95
-94
-156
-146
-117
-141
-107
-164
-104
-108
-144
-123
-180
-121
-148
-144
-135
-116
-73
-92
-113
-82
-95
-105
-80
-80
-108
-105
-121
-61
-60
-80
-78
-65
-28
-61
-22
-79
-14
17
-17
16
-49
-44
-59
-40
-25
-28
-24
-48
-7
-36
-21
-19
-19
-29
-64
-44
-13
18
-9
1
44
33
20
40
15
42
1
-26
39
26
-2
23
3
-22
-13
-23
-13
-12
-53
-60
-81
-30
-29
-74
-39
-58
-86
-104
-106
-60
-97
-129
-134
-155
-159
-145
-144
-155
-164
-172
-166
-157
-139
-175
-175
-183
-152
-180
-178
-155
-156
-154
-174
-190
-158
-158
-153
-119
-134
-136
-123
-141
-113
-63
-90
-92
-78
-88
-99
-97
-79
-101
-127
-107
-83
-95
-112
-144
-73
-125
-128
-99
-136
-102
-121
-106
-120
-89
-121
-143
-101
-109
-135
-160
-143
-111
-122
-152
-138
-140
-134
-103
-69
-116
-134
-88
-94
-120
-106
-98
-122
-103
-91
-67
-88
-89
-103
-55
-69
-45
-51
-76
-18
-11
-2
-7
-41
-47
-30
-50
-65
-69
-2
-24
-52
-58
-28
-45
-43
-10
7
-7
-46
-31
-33
10
29
6
-33
-13
-53
-81
-63
-53
-93
-80
-57
-71
-63
-77
-108
-91
-92
-107
-96
-137
-92
-70
-104
-106
-93
-93
-110
-52
-49
-82
-38
-86
-63
-107
-43
-53
-113
-39
-93
-100
-89
-72
-69
-104
-58
-88
-70
-81
-104
-95
-113
-93
-68
-76
-55
-61
-107
-72
-99
-66
-46
-107
-119
-107
-85
-32
-70
-73
-96
-130
-96
-84
-111
-78
-33
-56
-72
-80
-58
-54
-45
-39
-74
-74
-43
-55
-27
-58
-50
-53
-93
-98
-93
-75
-34
-33
-47
-43
-103
-104
-113
-85
-91
-108
-85
-104
-125
-90
-75
-87
-56
-51
-54
-8
-32
-60
-24
-43
-21
-35
-20
17
63
32
-2
20
-46
32
21
-6
-1
6
10
7
-25
-38
-8
-40
-4
-8
-44
-29
-6
-13
-11
-30
12
-22
-17
-36
-70
-44
-77
-51
-69
-68
-20
-33
-57
-64
-90
-65
-89
-141
-132
-104
-78
-98
-140
-128
-125
-126
-101
-59
-83
-82
-80
-84
-80
-85
-76
-92
-113
-95
-97
-122
-120
-128
-153
-191
-155
-147
-150
-170
-159
-186
-225
-178
-213
-202
-206
-210
-234
-219
-177
-244
-227
-242
-267
-231
-260
-222
-206
-223
-207
-210
-184
-214
-197
-169
-167
-202
-209
-197
-193
-170
-188
-191
-211
-221
-216
-256
-235
-200
-209
-196
-198
-174
-196
-191
-152
-139
-180
-182
-195
-182
-154
-150
-155
-157
-167
-160
-149
-185
-138
-141
-133
-150
-150
-103
-86
-118
-154
-118
-101
-101
-118
-114
-148
-106
-60
-74
-88
-61
-94
-126
-149
-140
-114
-71
-44
-90
-82
-59
-20
-43
-50
-36
-24
-36
-28
10
0
3
-17
8
-5
0
-3
4
25
36
28
4
43
20
-10
-15
-44
-31
-31
-40
-5
-7
-14
-10
-14
-1
1
-17
-18
-11
-1
8
-1
-8
22
6
-25
10
54
11
15
-13
-13
-13
-22
-23
0
-24
-25
-11
-42
-55
-77
-19
-44
-15
-22
-4
-1
-8
-26
-17
-7
4
3
-18
-33
-49
-11
-43
-2
-37
-17
0
-4
38
25
-28
32
10
20
57
55
81
67
36
80
73
34
33
21
69
68
52
41
54
76
88
27
14
8
43
4
-13
6
23
43
19
69
42
41
2
12
13
-11
-3
-44
9
-7
-19
-22
-54
-17
-34
-32
-41
-52
-28
-81
-58
-18
-28
-8
5
27
-5
29
4
34
28
46
54
47
72
42
40
45
88
100
91
105
114
78
117
132
97
127
93
121
107
95
129
99
97
113
141
174
167
98
131
173
180
165
161
182
185
179
111
163
157
193
224
193
212
200
211
181
197
186
181
196
201
185
158
189
216
200
204
165
141
152
133
91
105
141
101
100
89
88
46
91
71
23
68
33
29
-38
-22
-38
-78
-51
-63
-32
-43
-49
-54
-49
-33
-46
-23
-51
-33
-40
-27
-28
-36
11
-8
-25
-34
-39
-42
-47
-30
-65
-44
-53
-49
14
14
1
-3
-14
-3
31
11
-22
26
47
55
19
27
28
-3
-23
-17
-7
-25
-1
-18
-22
-1
26
33
38
55
53
22
56
41
13
18
13
50
37
-34
0
42
12
30
21
13
31
39
40
22
44
72
58
58
58
77
97
86
98
85
97
106
77
103
71
118
100
77
108
96
115
106
79
69
102
72
97
94
65
74
75
61
32
22
32
47
63
69
57
19
36
48
60
38
64
75
37
6
0
4
30
21
-5
0
-48
-33
-32
1
-17
8
2
-41
-26
-52
-31
-36
-46
-40
-79
-88
-69
-65
-113
-81
-46
-70
-73
-86
-84
-69
-95
-119
-91
-100
-119
-81
-76
-90
-118
-118
-79
-79
-19
-31
-58
-31
-58
-29
-41
0
5
20
27
10
18
44
-4
41
55
54
39
59
45
36
74
52
76
95
83
115
104
77
94
68
89
99
80
67
74
50
62
78
93
72
82
91
123
106
86
111
135
157
137
129
126
123
149
108
141
144
141
157
152
137
168
166
121
137
93
111
117
128
126
124
100
105
129
142
95
115
126
102
91
83
109
93
79
102
57
63
73
68
73
33
41
38
88
56
57
84
36
63
70
84
109
77
108
74
96
110
97
65
44
64
43
38
52
48
32
34
-11
20
26
23
5
-26
25
24
32
-3
35
57
32
59
1
6
6
8
17
-7
16
34
50
72
69
68
58
24
37
7
27
32
39
70
34
66
73
84
88
41
48
91
83
63
51
104
126
119
110
85
113
115
93
115
84
100
99
77
81
57
85
91
99
107
83
101
76
61
130
78
64
88
40
70
102
56
107
73
94
93
91
126
140
126
163
172
133
156
136
123
150
142
85
124
96
101
89
113
81
78
102
70
7
5
46
11
65
76
41
25
12
11
6
-26
-6
-19
-29
-31
12
-20
-67
-57
-67
-46
-87
-65
-66
-61
-38
-29
4
-34
-23
-31
-28
-8
-28
-52
-44
-61
-52
-91
-81
-48
-96
-91
-110
-57
-79
-93
-81
-106
-88
-102
-85
-87
-73
-93
-129
-127
-113
-85
-131
-139
-148
-124
-89
-87
-58
-72
-75
-55
-109
-128
-116
-110
-120
-139
-92
-147
-108
-95
-109
-96
-96
-103
-85
-65
-103
-88
-110
-116
-85
-92
-76
-55
-75
-61
-69
-58
-21
-82
-86
-64
-55
-95
-89
-52
-62
-90
-128
-36
-65
-73
-61
-51
-67
-37
-40
-57
-38
-47
-14
-64
-12
-24
-63
-82
-73
-88
-155
-110
-78
-82
-91
-69
-112
-127
-60
-77
-29
-56
-75
-83
-140
-157
-181
-235
-275
-289
-352
-469
-601
-746
-1172
-2683
-4412
-5602
-6719
-7795
-9534
-11457
-12135
-12066
-11801
-11392
-11061
-10135
-8445
-6842
-5409
-4030
-2972
-1978
-1133
-455
353
1060
1572
2081
2749
4094
5766
7092
8360
9639
11248
13151
14473
15239
15819
16251
16569
16614
16004
14776
13331
11334
9278
7306
4807
2288
-399
-3086
-4999
-6545
-8044
-9359
-10571
-11229
-11203
-10949
-10648
-10415
-9987
-9273
-8240
-7004
-5827
-4797
-3614
-2107
-471
1352
3053
4479
5892
7287
8561
9798
10519
10682
10525
10186
9718
9032
7824
6274
4819
3363
1996
659
-757
-2111
-3412
-4450
-5145
-5851
-6491
-7163
-7733
-7903
-7910
-7779
-7597
-7423
-6929
-6072
-5011
-3784
-2547
-1345
-14
1432
2909
4177
5184
5975
6627
7116
7401
7471
7184
6682
6037
5349
4653
3817
2007
-167
-1852
-3111
-4119
-6108
-8692
-10381
-11318
-12145
-13255
-14769
-15567
-15516
-15373
-15117
-14616
-13827
-12606
-11261
-9841
-7960
-5946
-4177
-2670
-1202
705
2893
4429
5373
6205
7385
9000
9996
10481
10917
11437
12248
12846
13047
13276
13477
13585
13703
13792
13780
13820
13497
12639
11669
10385
8888
7100
4727
2103
-397
-2817
-5062
-7140
-9023
-10281
-11053
-11382
-11183
-10729
-10012
-8978
-7824
-6562
-5307
-4158
-3018
-2008
-1114
-61
887
1877
2953
3855
4944
6214
7269
8240
9011
9524
9909
9945
9520
8793
7731
6379
4882
3202
1429
-244
-1871
-3373
-4610
-5496
-6109
-6590
-6907
-6963
-6911
-6700
-6355
-6158
-5811
-5449
-5035
-4477
-3827
-3145
-2350
-1381
-310
941
2134
3355
4465
5422
6223
6828
7058
7024
6093
3707
1544
-206
-2007
-4409
-8053
-11191
-12860
-14013
-14947
-16197
-17271
-17029
-16186
-15310
-14362
-13403
-12399
-11307
-10212
-8819
-7206
-5878
-4680
-3444
-1598
941
3361
5265
6990
8903
11547
13886
15192
16106
16946
17848
18524
18622
18351
18075
17732
17356
16948
16657
16522
15908
14611
12965
11202
9259
6492
2855
-913
-4613
-8103
-11412
-14594
-17073
-18649
-19564
-19556
-18569
-16918
-14877
-12716
-10370
-7624
-4798
-2616
-803
687
2037
3485
4539
5498
6420
7379
8507
9765
11061
12164
12990
13596
13892
13849
13262
12064
10161
7853
5364
2562
-177
-2979
-5637
-7895
-9833
-11042
-11622
-11995
-12052
-11659
-10853
-9864
-8887
-7990
-7090
-6259
-5466
-4666
-3696
-2723
-1658
-535
731
2411
4094
5664
7051
8143
7799
6774
5956
4717
2983
-463
-4906
-7996
-10399
-12754
-15240
-18030
-19400
-19083
-18476
-17724
-16729
-15533
-13716
-12040
-10541
-8757
-7265
-6124
-5117
-3998
-2139
275
2256
3958
5990
8858
12429
15093
16930
18771
20502
22336
23416
23405
23204
22841
22166
21400
20409
19604
19164
17951
16194
14061
11363
9053
6122
2122
-2264
-7288
-11427
-14475
-17723
-20762
-23200
-24276
-23276
-21791
-20493
-18198
-15167
-11677
-8358
-5617
-2702
392
2510
3745
5004
6746
8753
9700
9855
10884
12624
14387
15434
15516
16027
16646
16419
15417
13680
11580
9229
6126
2443
-762
-3744
-6777
-9760
-12471
-13846
-14277
-14678
-14802
-14588
-13661
-12125
-10759
-9519
-8374
-7386
-6138
-4788
-3707
-2551
-1363
-102
1459
1990
1838
2093
2178
2293
1385
-838
-2402
-3491
-5017
-6617
-8956
-10967
-11825
-12808
-13749
-14308
-14672
-14529
-14228
-13961
-12957
-11646
-10298
-8817
-7326
-5134
-2234
474
2838
5104
7763
10987
13632
15414
17205
18841
20503
21910
22569
23203
23966
24394
24745
25238
25917
26659
26336
24193
21246
18163
15064
11118
5235
-1723
-8121
-13055
-16982
-21101
-25113
-27633
-28014
-26759
-25070
-23172
-20373
-17094
-13994
-11125
-8239
-5176
-2668
-1460
-752
983
3609
5995
7331
8346
10643
14016
16961
18821
19890
21058
21975
21815
20482
18438
15895
12425
8167
3862
139
-3123
-6714
-10341
-13067
-14243
-14317
-14597
-15069
-15103
-14288
-13022
-11969
-11445
-11114
-10499
-9811
-8837
-7752
-6470
-4941
-3242
-1405
-403
670
2071
2890
3284
2509
921
-108
-1424
-3251
-5460
-8148
-10053
-11177
-12550
-13598
-14158
-14464
-14197
-13791
-13186
-12172
-11146
-10087
-8843
-7571
-5723
-3423
-1450
449
2641
5281
8426
10859
12911
15193
17201
19204
20876
21827
22870
23805
24194
24787
24886
25052
25647
25732
25529
25176
22592
18760
15091
11233
7800
2130
-6141
-12587
-16540
-19493
-22748
-27450
-29715
-27939
-25781
-24451
-22781
-19646
-14835
-11592
-10310
-7626
-3639
-583
70
-410
1482
5551
7982
8424
8982
11548
15945
18584
18968
19826
21177
22093
21050
18298
16211
14183
10284
5170
536
-2609
-4986
-8636
-12813
-14976
-15303
-14880
-15028
-15832
-15509
-14096
-12751
-11909
-11558
-11165
-10295
-9607
-9035
-7858
-7942
-8419
-8120
-7843
-6376
-5460
-5956
-5764
-5272
-4244
-2975
-3504
-4432
-4621
-5242
-5822
-6649
-8331
-9632
-10978
-12071
-12133
-12054
-11461
-10465
-9457
-7710
-4754
-1652
1038
3159
5171
8147
10584
12172
13543
14138
15187
16505
17573
18823
20052
21309
23085
24885
26605
28750
30507
31319
31250
29415
26036
22046
17323
11978
5092
-3128
-10558
-15982
-20267
-24137
-27865
-30008
-29117
-26959
-24594
-22300
-19550
-15885
-12721
-10811
-8983
-6866
-5078
-4355
-4170
-2890
-107
2605
4635
6855
10071
14576
18581
21095
22876
24354
25385
25055
22990
20084
16844
12725
7894
3047
-1150
-4511
-7789
-10992
-13131
-13921
-13715
-13451
-13703
-13675
-13016
-12203
-11837
-12149
-12726
-12752
-12713
-12318
-12218
-13075
-12592
-11366
-9827
-7924
-7234
-6116
-4282
-3057
-1638
-1102
-1632
-1856
-2722
-4093
-5173
-6690
-8561
-10300
-11995
-12560
-12518
-12613
-12320
-11704
-10518
-8265
-5921
-4265
-2640
-952
1240
3455
4881
6419
7759
8930
10263
11623
13006
14326
15577
16630
18549
20316
21905
23663
24501
25843
27640
28788
30048
30306
28668
25568
21574
18017
14646
9164
1438
-6004
-11362
-14453
-17651
-22120
-25535
-26103
-24599
-23011
-21849
-20139
-17184
-14495
-12932
-11003
-8504
-5993
-4965
-5091
-3679
-826
2391
4441
5560
7996
11950
15980
18531
19890
21139
22389
22725
21490
19569
17205
14075
10052
5594
1977
-798
-3910
-7378
-10378
-11843
-11911
-11877
-12715
-13579
-13590
-12774
-12236
-12548
-13043
-13120
-13337
-14515
-14875
-14645
-14078
-13309
-13651
-12871
-10601
-8440
-6567
-5928
-5340
-3409
-2172
-2295
-3056
-4114
-5108
-6189
-7916
-9468
-10661
-11688
-12172
-12401
-11937
-10404
-8571
-7346
-6093
-4093
-1339
950
2019
3117
4429
6044
7632
8371
9271
10366
11992
13936
15776
17989
20640
22901
24090
25546
27662
29881
31629
32536
32447
31254
28433
24538
20041
14654
8712
1527
-5831
-11337
-15684
-19170
-22391
-24977
-25195
-23737
-22208
-20720
-18927
-16674
-14295
-12646
-11433
-9895
-8478
-7526
-6688
-5503
-3169
-188
2461
5042
8185
12095
16156
19057
21000
22548
23402
23479
22171
19858
17084
13731
9861
5780
1988
-1250
-4039
-6714
-9005
-10255
-10692
-10876
-11316
-11933
-12002
-11891
-12025
-12501
-13273
-13707
-13674
-13505
-13036
-13108
-12686
-11218
-9792
-7909
-6492
-5689
-4291
-3254
-2381
-1753
-2384
-2954
-3559
-4799
-5809
-6823
-8247
-9369
-10465
-11154
-10968
-10958
-10912
-10445
-9796
-8600
-6976
-5762
-4815
-3704
-2333
-476
1127
2297
3906
5356
7035
8960
10441
12074
13734
15162
16993
18851
20513
22457
23725
25074
26979
28527
30047
31048
30775
28945
25849
22263
18763
14332
7694
203
-6379
-11300
-14867
-18901
-22996
-25029
-24916
-23621
-22283
-20819
-18404
-15687
-13764
-11943
-9911
-7728
-6194
-5947
-5339
-3575
-946
1400
3099
5169
8328
12323
15734
18170
20047
21634
22829
22598
21366
19608
16990
13579
9421
5392
2077
-1100
-4398
-7560
-9839
-10790
-11028
-11474
-12172
-12478
-12152
-11598
-11498
-11847
-12196
-12328
-12363
-12007
-12006
-12260
-11756
-11090
-9854
-8355
-7480
-6263
-5176
-4207
-2857
-2470
-2597
-2759
-3439
-4335
-5198
-6330
-7619
-9059
-10408
-10888
-11259
-11506
-11363
-11029
-10263
-8870
-7224
-5775
-4539
-3252
-1491
401
1910
3400
4613
5983
7603
9188
10854
12271
13749
15555
17318
19151
20969
22509
23876
25183
26567
27740
28898
29656
30213
29837
27280
23751
19994
16376
12246
5690
-1876
-7960
-12235
-15315
-19123
-23108
-24615
-23830
-22567
-21264
-19764
-17235
-14353
-12494
-10906
-8694
-6319
-4707
-4159
-3638
-1557
1433
3799
5474
7372
10591
14632
17572
19508
21040
22416
23180
22556
20975
18974
16338
12804
8647
4580
1338
-1527
-4733
-7934
-10018
-10823
-10986
-11512
-12323
-12475
-12061
-11655
-11541
-11902
-12021
-11907
-11731
-11646
-12176
-11832
-11090
-10446
-9423
-8641
-7370
-5878
-5115
-4056
-3215
-2870
-2435
-2841
-3784
-4406
-5209
-6322
-7736
-9245
-9987
-10391
-10863
-10976
-10663
-9930
-8628
-7111
-5739
-4234
-2618
-910
851
2292
3798
5360
6659
8062
9563
11086
12509
14056
15645
17346
19265
20945
22724
24219
25537
26954
28088
29213
30115
30562
29909
27300
23642
19896
16301
11817
5179
-2136
-8188
-12494
-15792
-19595
-23265
-24724
-24233
-23106
-21802
-20226
-17680
-15085
-13326
-11664
-9449
-7095
-5754
-5164
-4346
-2191
853
3189
5059
7223
10446
14395
17345
19427
21123
22431
23083
22431
21074
19164
16495
12903
8777
5012
1779
-1169
-4393
-7542
-9603
-10500
-10870
-11509
-12367
-12607
-12400
-12134
-12147
-12443
-12658
-12566
-12617
-12220
-12178
-12440
-11713
-11185
-10205
-9070
-8405
-7286
-6381
-5500
-4312
-3936
-3872
-3690
-4169
-4829
-5297
-6203
-7300
-8551
-9663
-10093
-10613
-10973
-10829
-10482
-9759
-8318
-6776
-5396
-4007
-2433
-423
1356
2700
4395
5842
7179
8780
10162
11661
13079
14455
16057
17823
19486
21264
22827
24017
25615
26928
28200
29362
29872
30163
28081
24454
20939
17179
13348
7406
-432
-6965
-11675
-15249
-18810
-23070
-25474
-24982
-23944
-22885
-21357
-19139
-16205
-14264
-12994
-10829
-8310
-6654
-6089
-5618
-3965
-898
1698
3486
5537
8471
12640
16090
18209
20165
21741
22845
22614
21222
19571
17244
13870
9726
5712
2329
-500
-3707
-7175
-9568
-10706
-11020
-11515
-12527
-12923
-12654
-12430
-12396
-12765
-13063
-13084
-13072
-13290
-14136
-13955
-13180
-12658
-11840
-11418
-10130
-8212
-7202
-5861
-4819
-4297
-3268
-3095
-3749
-4141
-4828
-5840
-7211
-8909
-9833
-10455
-11322
-11858
-11800
-11215
-10022
-8591
-7413
-5979
-4254
-2405
-649
595
2101
3623
4784
6104
7401
8836
10314
11500
13133
14990
16903
19037
20671
22129
23935
25688
27284
28317
28917
29821
30337
28655
25329
21436
17675
14226
8810
1309
-5250
-10361
-13894
-17276
-21733
-24229
-24212
-23611
-22875
-21887
-19825
-17003
-15296
-14372
-12635
-10309
-8311
-7341
-7067
-5491
-2403
593
2799
4794
7873
12012
15451
17773
19819
21498
22724
22607
21259
19778
17647
14706
10935
6748
3430
767
-2261
-5558
-8210
-9594
-10145
-10876
-11999
-12652
-12765
-12815
-12970
-13680
-14324
-14606
-15034
-15295
-15203
-14679
-13742
-12891
-11807
-9996
-7898
-5884
-4447
-3434
-2187
-1189
-748
-1050
-2062
-3070
-4101
-5394
-6888
-8349
-9553
-10367
-11017
-11322
-10969
-10401
-9720
-8746
-7696
-6222
-4814
-3760
-2801
-1743
-527
825
2080
3006
4339
5963
7808
9735
11399
13272
15358
17336
19397
21047
22360
23880
24868
25645
26452
27055
27652
27841
26248
23319
19881
16445
13429
8633
1748
-4731
-9812
-13446
-16724
-21105
-24225
-24966
-24722
-24015
-22879
-21208
-18593
-16496
-15117
-12782
-10172
-7786
-6460
-5948
-4351
-1506
1287
3336
5050
7505
11020
14300
16581
18428
19854
20936
21114
20079
18796
16940
14089
10467
6522
3167
387
-2698
-6025
-8894
-10690
-11399
-11991
-13015
-13664
-13777
-13571
-13384
-13840
-14394
-14671
-14924
-15072
-15151
-14973
-14338
-13672
-12742
-11232
-9379
-7382
-5745
-4519
-3142
-1869
-1019
-956
-1696
-2572
-3521
-4726
-6178
-7768
-9140
-10122
-10727
-10981
-10717
-10019
-9045
-7844
-6567
-4942
-3315
-1995
-946
61
1348
2620
3699
4657
5869
7364
9133
10944
12848
14742
16829
19129
21189
23019
24544
25932
27127
28044
28787
29272
29513
29037
26745
23238
19633
16207
12606
6909
-36
-6013
-10386
-13593
-17190
-21159
-23331
-23536
-23062
-22275
-21040
-19121
-16816
-15157
-13681
-11335
-8790
-6900
-5946
-5103
-2905
182
2729
4629
6644
9461
13003
15861
17819
19390
20559
21139
20588
19371
17744
15472
12277
8443
4804
1790
-901
-4047
-7256
-9588
-10847
-11511
-12375
-13385
-13944
-14096
-13940
-14152
-14871
-15433
-15774
-15989
-16152
-16068
-15655
-14930
-14253
-13043
-11221
-9209
-7276
-5817
-4564
-3123
-1866
-1304
-1558
-2464
-3347
-4257
-5585
-7175
-8572
-9842
-10649
-11078
-11093
-10554
-9747
-8652
-7310
-5803
-4089
-2494
-1242
-200
870
2218
3406
4431
5431
6802
8353
10130
12141
14163
16384
18653
20947
23024
24789
26423
27732
28832
29481
30011
30540
30476
29072
25813
21914
18431
15085
10550
3950
-2754
-7949
-11467
-14730
-18817
-22010
-23115
-22860
-22378
-21627
-20016
-17759
-15899
-14727
-12922
-10274
-7766
-6324
-5551
-3971
-929
2361
4695
6588
9103
12578
15925
18280
19986
21464
22399
22417
21447
20119
18427
15753
12151
8330
5094
2434
-467
-3819
-6764
-8587
-9551
-10434
-11634
-12626
-13055
-13168
-13535
-14245
-14857
-15203
-15443
-15857
-16052
-15491
-14553
-13647
-12629
-11175
-8937
-6690
-4946
-3635
-2347
-994
-218
-284
-1086
-2061
-3176
-4567
-6318
-7980
-9245
-10383
-11202
-11736
-11636
-10825
-9929
-8973
-7778
-6269
-4611
-3386
-2512
-1546
-384
738
1869
2840
4194
5974
7760
9727
11708
13948
16607
18912
20919
22759
24527
26195
27080
27662
28284
28931
29553
28715
25681
22272
18896
15850
12053
5657
-1054
-6361
-10576
-13871
-17791
-21700
-23209
-23499
-23361
-22638
-21408
-19190
-16982
-15909
-14279
-11424
-8801
-7009
-6248
-4900
-1923
1314
3750
5818
8138
11527
15020
17458
19433
21031
22139
22345
21369
20028
18603
16019
12460
8434
4983
2344
-525
-3975
-7020
-9088
-10162
-10907
-12060
-13041
-13380
-13568
-13781
-14420
-14979
-15114
-15486
-15903
-16128
-15716
-14794
-13977
-13181
-11813
-9721
-7297
-5395
-4156
-2710
-1169
-164
8
-619
-1387
-2257
-3679
-5287
-6830
-8134
-9180
-10056
-10615
-10457
-9652
-8623
-7557
-6331
-4616
-2812
-1363
-335
671
1963
3240
4206
5075
6219
7764
9304
11086
13002
15009
17284
19577
21634
23625
25309
26808
27964
28538
29223
29813
30039
30166
28434
25096
21667
18205
15000
10409
3684
-2609
-7477
-11215
-14516
-18581
-21783
-22677
-22578
-22129
-21256
-19747
-17480
-15640
-14621
-12590
-9933
-7770
-6464
-5761
-4021
-968
1866
4072
5976
8452
12006
15156
17339
19137
20496
21378
21267
20025
18696
16871
13950
10286
6506
3452
786
-2197
-5447
-8128
-9783
-10621
-11478
-12695
-13568
-13846
-14078
-14605
-15345
-15804
-16138
-16578
-17014
-17123
-16464
-15632
-14826
-13757
-12150
-9672
-7359
-5790
-4362
-2933
-1622
-934
-1269
-2083
-2915
-4193
-5825
-7525
-9053
-10259
-11241
-11994
-12234
-11776
-10788
-9653
-8578
-7139
-5311
-3640
-2390
-1474
-345
950
2097
3145
4210
5695
7423
9182
11143
13279
15678
18110
20355
22552
24487
26078
27317
28236
28913
29431
29613
29784
29657
27435
23890
20196
16794
13779
8690
1520
-4534
-9040
-12168
-15547
-20141
-22775
-22972
-22781
-22349
-21594
-19787
-17085
-15611
-14590
-12166
-9368
-6964
-5833
-5159
-2818
703
3646
5666
7534
10392
14222
17100
18860
20486
21763
22498
21948
20435
19179
17222
14071
10307
6480
3716
1292
-1870
-5146
-7623
-8987
-9663
-10688
-12000
-12664
-12937
-13272
-14005
-14780
-15192
-15400
-15962
-16609
-16421
-15560
-14501
-13686
-12589
-10465
-7836
-5654
-4146
-2767
-1112
169
410
-149
-896
-1878
-3323
-5093
-6840
-8226
-9299
-10201
-10930
-11010
-10192
-8982
-7846
-6641
-5092
-3267
-1789
-824
24
1055
2165
3021
3828
4848
6322
7922
9695
11732
14177
16792
19303
21590
23714
25806
27561
28854
29282
29515
30026
30364
30450
29320
26138
22615
19227
16156
12559
6536
-10
-5330
-9301
-12329
-16008
-19975
-21764
-22233
-22144
-21438
-20360
-18396
-16452
-15461
-13823
-10895
-8282
-6480
-5595
-4221
-1336
1867
4334
6206
8207
11287
14604
16882
18791
20225
21176
21373
20458
19398
18058
15627
12221
8455
5268
2696
-159
-3563
-6698
-8875
-10138
-11160
-12522
-13704
-14390
-14810
-15286
-15977
-16514
-16791
-17176
-17588
-17591
-17127
-16137
-15211
-14268
-12660
-10516
-8096
-6185
-4854
-3311
-1789
-932
-759
-1324
-2154
-3110
-4602
-6215
-7685
-9023
-10104
-10938
-11521
-11263
-10512
-9586
-8545
-7350
-5589
-3860
-2617
-1617
-662
494
1609
2481
3468
4529
5882
7439
9259
11303
13604
15913
17980
20118
22414
24396
25883
26823
27310
27932
28477
28563
28587
28285
26142
22920
19325
16013
13057
8057
1399
-4819
-9620
-12704
-16150
-20874
-23963
-24730
-24592
-24258
-23730
-22243
-19790
-18179
-16907
-14634
-11866
-9345
-8035
-7153
-4985
-1518
1583
3637
5410
8196
11970
14997
16948
18594
19962
20874
20553
19387
18154
16198
13415
9817
6099
3258
736
-2349
-5641
-8282
-9740
-10498
-11536
-12840
-13556
-13841
-13924
-14358
-15247
-15659
-15898
-16306
-16696
-16714
-16004
-15130
-14367
-13092
-11233
-8693
-6373
-4810
-3329
-1619
-228
300
-105
-969
-1805
-3127
-4862
-6630
-8182
-9457
-10462
-11217
-11408
-10856
-9952
-8971
-7948
-6567
-4779
-3389
-2618
-2004
-1168
-113
680
1211
2044
3345
4932
6713
8624
10658
13123
15497
17759
19876
21637
23395
24608
25091
25739
26183
26476
26613
26486
25665
23336
20032
16752
13883
10298
4972
-1384
-6986
-10833
-14039
-17955
-21925
-24038
-24172
-23865
-23571
-22532
-20355
-18015
-16392
-14734
-12143
-9222
-7266
-6186
-4847
-2376
851
3371
5075
7091
10183
13599
15991
17622
19188
20477
20843
20126
18967
17519
15319
12139
8451
5110
2320
-453
-3687
-6850
-9083
-10230
-11195
-12385
-13454
-13933
-14024
-14295
-14924
-15588
-15920
-16183
-16498
-16743
-16501
-15682
-14762
-13846
-12464
-10418
-8023
-6137
-4682
-3151
-1583
-510
-369
-919
-1744
-2716
-4045
-5712
-7406
-8739
-9849
-10717
-11256
-11241
-10616
-9729
-8741
-7556
-5915
-4278
-3058
-2122
-1278
-121
1023
1884
2718
3773
5320
7068
8952
11031
13296
15754
18135
20328
22354
24065
25473
26520
26902
27282
27670
27934
28181
27540
25088
21971
18801
16027
12934
7599
1250
-4327
-8559
-11733
-15505
-19821
-22282
-23000
-23003
-22588
-21873
-20020
-17823
-16447
-14740
-12056
-9240
-7071
-5998
-4768
-2158
1043
3629
5395
7264
10186
13541
16140
18040
19615
20980
21692
21266
20346
19287
17267
14266
10659
7204
4496
1596
-1796
-5012
-7441
-8811
-9696
-10859
-11909
-12374
-12534
-12570
-13044
-13673
-14099
-14553
-14975
-15458
-15658
-15244
-14803
-14160
-12981
-11254
-9139
-7225
-5653
-4089
-2453
-1173
-745
-1111
-1824
-2714
-3997
-5736
-7599
-9232
-10739
-11961
-12746
-13027
-12803
-12243
-11453
-10360
-8884
-7219
-5863
-4906
-4081
-3058
-1856
-1136
-508
478
1800
3550
5454
7391
9846
12345
14966
17594
19573
21690
23504
24465
25317
25692
26038
26443
26426
26477
25267
22515
19728
17188
14702
11107
5465
-213
-4688
-8107
-11205
-15406
-18981
-20436
-20849
-21070
-21061
-20070
-18116
-16569
-15604
-13804
-11093
-8585
-7062
-6081
-4298
-1170
1929
4160
6043
8457
11895
14965
16925
18596
20120
21136
21055
20048
19043
17537
15059
11689
8130
5095
2465
-498
-3980
-6956
-8824
-10088
-11305
-12760
-13839
-14203
-14597
-15265
-16056
-16687
-16969
-17394
-17955
-18100
-17801
-16965
-16157
-15322
-13703
-11407
-9082
-7217
-5627
-3831
-2069
-1099
-927
-1273
-1818
-2627
-3976
-5578
-7038
-8276
-9286
-10179
-10687
-10522
-9869
-9075
-8040
-6787
-5106
-3506
-2396
-1568
-693
355
1244
1738
2429
3569
5043
6734
8451
10571
13151
15803
18328
20668
22778
24856
26485
27345
27927
28345
28621
28729
28505
27307
24764
21384
18277
15480
11904
6602
646
-4562
-8229
-11338
-15205
-18970
-21155
-21728
-21851
-21818
-21054
-19361
-17607
-16366
-14773
-12276
-9453
-7574
-6495
-4884
-2125
1115
3618
5379
7636
10628
13806
16182
17839
19410
20646
21110
20572
19755
18667
16789
13905
10574
7683
5225
2518
-675
-3791
-6083
-7533
-8869
-10405
-11772
-12669
-13140
-13877
-14761
-15596
-16139
-16602
-17155
-17573
-17566
-17049
-16259
-15326
-13938
-11899
-9671
-7502
-5766
-3951
-2141
-889
-382
-604
-1102
-1854
-3054
-4669
-6210
-7607
-8732
-9654
-10310
-10404
-9965
-9197
-8266
-7112
-5632
-4130
-2943
-2060
-1235
-376
431
1106
1772
2827
4223
5937
7719
9784
12419
15063
17683
20076
22245
24347
26078
27204
27823
28249
28582
28900
28929
27954
25805
22769
19708
16996
13741
8983
3183
-2167
-6139
-9282
-12878
-16657
-19248
-20258
-20359
-20308
-19704
-18181
-16436
-15037
-13490
-11148
-8458
-6403
-5133
-3848
-1476
1450
3951
5745
7585
10223
13246
15684
17447
18927
20233
20831
20578
19840
18727
17078
14311
11065
7976
5366
2693
-410
-3500
-5994
-7610
-8812
-10227
-11565
-12513
-13030
-13382
-14102
-14875
-15549
-15962
-16290
-16797
-16967
-16623
-15999
-15112
-13870
-12087
-9875
-7704
-5715
-3850
-1977
-450
371
414
10
-605
-1635
-3162
-4890
-6500
-7903
-9010
-9834
-10199
-10081
-9584
-8721
-7645
-6220
-4718
-3436
-2460
-1697
-835
61
744
1255
1867
2948
4329
5987
7946
10041
12553
15003
17654
20229
22322
24184
25612
26560
27319
27802
28033
28189
28033
26833
24248
21058
18133
15489
11855
6427
572
-4179
-7587
-10779
-14756
-18528
-20328
-20847
-20993
-21041
-20362
-18627
-17004
-15793
-14203
-11712
-9093
-7375
-6372
-4685
-1902
1156
3360
5008
7177
10256
13337
15427
17069
18530
19793
20213
19622
18827
17719
15783
12886
9611
6746
4309
1456
-1805
-4897
-7013
-8332
-9688
-11215
-12489
-13207
-13547
-13971
-14775
-15452
-16008
-16361
-16716
-16983
-16897
-16448
-15820
-15017
-13684
-11703
-9575
-7801
-6213
-4465
-2687
-1389
-843
-1032
-1487
-2107
-3060
-4524
-6124
-7502
-8720
-9842
-10574
-10729
-10561
-10162
-9512
-8437
-6932
-5367
-4068
-3076
-2098
-1047
140
976
1492
2246
3453
5068
6762
8614
10709
13056
15632
18117
20367
22399
24032
25412
26207
26743
27047
27088
27153
26879
25660
23231
20077
17124
14314
10704
5661
-25
-4872
-8390
-11533
-15211
-18767
-20852
-21368
-21398
-21259
-20409
-18806
-17004
-15526
-13808
-11334
-8718
-6809
-5554
-3925
-1361
1522
3921
5628
7722
10550
13528
15844
17443
18907
20130
20636
20212
19307
18107
16214
13369
10129
7088
4440
1691
-1479
-4568
-6847
-8299
-9536
-10997
-12276
-13049
-13497
-13775
-14358
-15104
-15854
-16283
-16633
-16991
-17201
-17078
-16630
-15923
-14639
-12922
-11018
-9203
-7488
-5743
-4072
-2711
-2020
-2020
-2469
-3135
-3957
-5240
-6813
-8270
-9474
-10363
-10965
-11134
-11062
-10660
-9939
-8876
-7514
-6170
-4939
-4086
-3397
-2605
-1772
-1052
-477
133
1244
2737
4507
6601
8852
11333
13996
16589
19233
21513
23385
24811
25692
26336
26671
26739
26414
26167
25583
23730
20783
17730
15065
12347
8180
2584
-2752
-6657
-9777
-13218
-17308
-20352
-21349
-21464
-21561
-21299
-19942
-17771
-16040
-14587
-12462
-9618
-7225
-5741
-4719
-2774
112
2617
4311
5775
8030
11146
13743
15509
17104
18706
19958
20159
19567
18756
17558
15351
12357
9125
6392
3939
840
-2500
-5343
-7196
-8391
-9807
-11350
-12377
-12823
-13041
-13370
-14113
-14815
-15304
-15820
-16140
-16449
-16550
-16332
-15951
-15178
-13724
-11844
-9998
-8372
-6734
-4878
-3202
-2124
-1790
-2105
-2731
-3419
-4576
-6215
-7918
-9436
-10617
-11546
-12120
-12126
-11850
-11357
-10488
-9178
-7522
-5979
-4787
-3854
-2852
-1781
-796
-80
440
1128
2270
3837
5413
7190
9356
11624
14050
16552
18719
20689
22146
23195
24040
24560
24832
24711
24351
24357
23868
22306
19531
16571
14290
11668
7679
2481
-2526
-6217
-9239
-12713
-16428
-19108
-20103
-20359
-20605
-20293
-18830
-16832
-15332
-14011
-12033
-9262
-7029
-5710
-4678
-2675
45
2447
4019
5492
7868
10697
13118
14782
16188
17688
18684
18668
17997
17144
15939
13825
10900
7911
5339
2907
53
-2996
-5553
-7110
-8256
-9460
-10761
-11589
-11858
-11971
-12230
-12597
-12965
-13367
-13705
-13904
-13898
-13730
-13549
-13295
-12561
-11090
-9239
-7641
-6274
-4808
-3050
-1472
-560
-297
-470
-982
-1711
-2801
-4211
-5699
-7182
-8467
-9458
-10055
-10153
-10084
-9880
-9363
-8262
-6767
-5470
-4377
-3514
-2556
-1513
-533
205
727
1371
2353
3623
4977
6750
8561
10519
12663
14791
17056
19031
20497
21693
22484
23248
23710
23653
23377
23157
23430
22912
21559
18988
16424
14309
11665
7894
3165
-1595
-5272
-8230
-11580
-14712
-17047
-18020
-18096
-17983
-17253
-15536
-13586
-12038
-10445
-8536
-6025
-4170
-2980
-2138
-591
1593
3658
5085
6483
8502
10915
13064
14706
16071
17345
18058
17840
17191
16085
14657
12418
9411
6367
3754
1293
-1433
-4258
-6603
-7945
-8974
-9906
-10782
-11301
-11497
-11527
-11764
-12302
-12881
-13356
-13677
-14135
-14529
-14545
-14240
-13692
-12738
-11332
-9472
-7571
-5834
-4046
-2398
-964
0
209
-190
-890
-1770
-3019
-4601
-6226
-7560
-8617
-9406
-9791
-9803
-9493
-8803
-7938
-6842
-5558
-4293
-3063
-2169
-1416
-510
362
1008
1638
2306
3470
4907
6372
8173
10023
12064
14298
16269
18041
19617
20798
21788
22336
22524
22805
22744
22590
22512
22893
22693
21581
19455
17025
15059
12594
8979
4199
-847
-4867
-8055
-11567
-15193
-17918
-19307
-19625
-19600
-19025
-17421
-15669
-14082
-12451
-10715
-8356
-6457
-5330
-4684
-3457
-1407
605
2009
3241
5265
7880
10312
12418
14127
15717
16881
17161
16983
16192
15012
13126
10346
7424
4825
2518
-5
-2764
-5124
-6557
-7422
-8176
-8971
-9580
-9749
-9734
-10005
-10637
-11412
-12109
-12639
-13330
-14025
-14165
-13992
-13502
-12551
-11184
-9244
-7035
-5148
-3201
-1418
121
1275
1588
1101
412
-583
-1862
-3488
-5218
-6466
-7524
-8236
-8527
-8439
-8019
-7307
-6389
-5320
-4106
-2999
-1979
-1286
-898
-300
286
716
1133
1703
2717
4018
5395
7137
9185
11201
13543
15508
17324
19148
20502
21476
21827
21651
21620
21391
20890
20563
20378
20462
19876
18763
16930
15067
13457
10780
7227
2888
-1480
-4814
-8209
-11821
-14724
-16761
-17697
-17730
-17415
-16160
-14177
-12198
-10207
-8188
-6051
-3597
-2052
-1105
-273
981
2601
3825
4808
5943
7749
9797
11679
13287
14730
16040
16770
16721
16241
15182
13591
11244
8154
5192
2406
-381
-3256
-6013
-8189
-9535
-10542
-11305
-11916
-12225
-12198
-12151
-12538
-13190
-13806
-14243
-14923
-15829
-16460
-16561
-16171
-15557
-14478
-12921
-10840
-8449
-6249
-4317
-2604
-1033
-82
-156
-635
-1472
-2636
-4192
-6036
-7540
-8669
-9585
-10064
-10138
-9827
-9030
-7996
-6915
-5850
-4688
-3501
-2598
-2175
-1968
-1517
-1211
-1070
-747
-141
894
2201
3769
5678
7757
9839
12099
14086
15782
17308
18310
18677
18872
18839
18812
18505
17918
17686
18045
18655
18564
17859
16303
14975
13727
11302
7829
3408
-1039
-4895
-8857
-12777
-15963
-18284
-19559
-19788
-19242
-17677
-15382
-13279
-11314
-9364
-7216
-4890
-3685
-3146
-2717
-1934
-818
-13
732
1893
3645
5773
8017
10196
12177
13871
14781
14956
14725
13921
12470
10030
6900
4029
1356
-1295
-3961
-6485
-8391
-9494
-10199
-10570
-10769
-10789
-10497
-10342
-10595
-10901
-11478
-12086
-12956
-14005
-14485
-14655
-14373
-13665
-12681
-10969
-8735
-6404
-4089
-2086
-371
1041
1819
1680
1063
0
-1480
-3186
-5098
-6611
-7852
-8790
-9244
-9212
-8686
-7812
-6689
-5567
-4389
-3272
-2132
-1288
-1012
-776
-498
-361
-145
155
802
1839
3080
4572
6500
8703
10958
13108
14993
16781
18417
19698
20420
20597
20588
20610
20384
20188
20084
20437
20553
19941
18840
17113
15583
13696
10694
6845
2394
-1507
-4846
-8414
-11849
-14500
-16163
-16780
-16703
-16056
-14602
-12759
-11008
-9062
-7281
-5255
-3344
-2292
-1462
-522
934
2564
3820
4963
6488
8507
10531
12287
13809
15028
15971
16215
15814
14909
13398
11395
8547
5427
2471
-291
-2979
-5683
-8055
-9684
-10642
-11406
-11912
-12314
-12556
-12472
-12667
-13314
-14041
-14807
-15372
-16337
-17272
-17602
-17467
-16710
-15784
-14381
-12413
-10000
-7498
-5356
-3538
-1887
-622
-212
-653
-1422
-2421
-3836
-5537
-7234
-8426
-9352
-9932
-10125
-9916
-9322
-8338
-7275
-6376
-5406
-4327
-3260
-2627
-2424
-2157
-1742
-1455
-1149
-666
234
1434
2826
4502
6528
8749
10975
13253
15004
16510
18041
18930
19392
19430
19275
19180
18813
18620
18669
18981
18824
18144
16913
15000
13491
11448
8270
4379
-118
-3779
-6931
-10247
-13292
-15604
-16855
-17123
-16536
-15557
-13866
-11827
-9997
-7983
-6204
-4167
-2350
-1430
-823
-85
1260
2627
3717
4847
6328
8405
10486
12495
14094
15409
16450
16696
16392
15528
14081
12130
9361
6431
3796
1325
-1081
-3395
-5296
-6580
-7159
-7528
-7767
-7863
-7833
-7605
-7886
-8474
-9206
-9835
-10635
-11708
-12412
-12698
-12445
-11730
-10867
-9445
-7564
-5343
-3126
-1488
-166
1024
1652
1347
498
-683
-2114
-3812
-5740
-7193
-8316
-9187
-9523
-9429
-9022
-8228
-7159
-6107
-5209
-4323
-3336
-2478
-2068
-1909
-1615
-1270
-993
-700
-110
887
2158
3663
5388
7370
9437
11617
13587
15165
16763
17913
18665
19115
19111
19258
19084
18692
18834
18930
19488
19295
18644
17505
15833
14510
12268
9117
5384
1464
-1890
-5168
-8211
-10823
-12541
-13743
-14070
-13376
-12386
-10732
-9002
-7646
-5856
-4415
-2716
-1504
-962
-385
379
1574
2592
3714
4966
6498
8396
10182
12070
13594
14635
15238
15139
14578
13542
11896
9637
6851
4048
1464
-839
-3316
-5323
-7031
-8223
-8769
-9327
-9522
-9740
-10022
-10150
-10918
-11880
-12561
-13344
-14450
-15503
-15952
-15785
-15093
-14214
-12915
-11012
-8804
-6272
-4104
-2451
-1027
42
353
-151
-929
-2039
-3448
-5144
-6735
-7628
-8357
-8681
-8674
-8364
-7593
-6632
-5510
-4656
-4011
-3226
-2413
-1976
-1897
-1819
-1575
-1299
-982
-430
571
1720
3104
4822
6668
8739
10781
12622
14133
15404
16476
17169
17532
17457
17280
17029
16655
16520
16688
16926
17605
17644
17169
16581
15140
13652
11568
8092
4515
675
-3151
-6325
-9491
-12226
-13755
-14700
-14744
-13805
-12589
-10676
-8652
-7058
-5087
-3450
-2167
-1000
-558
-163
513
1174
2119
3198
4386
6022
7993
9851
11802
13460
14597
15339
15267
14565
13538
11638
9218
6531
3644
992
-1426
-3808
-5665
-7045
-8029
-8467
-8783
-8963
-8887
-9157
-9558
-10281
-11644
-12634
-13568
-14985
-16020
-16682
-16731
-15854
-14844
-13339
-11205
-8961
-6332
-4052
-2437
-962
-28
24
-471
-1483
-2749
-4081
-5789
-7190
-7983
-8587
-8610
-8365
-7903
-7056
-6093
-5098
-4258
-3796
-3375
-2853
-2768
-2956
-3098
-3122
-2936
-2691
-2250
-1209
43
1571
3374
5239
7254
9274
11080
12626
13878
14837
15629
15936
15915
15955
15774
15615
15686
15864
16306
17133
17745
17550
17129
15900
14380
12675
9457
5964
2204
-1808
-5209
-8518
-11507
-13480
-14811
-15504
-15027
-14065
-12626
-10597
-9052
-7512
-5746
-4551
-3367
-2757
-2595
-1970
-1317
-457
642
1865
3442
5443
7400
9364
11217
12476
13389
13570
12999
12188
10619
8449
6056
3392
994
-1092
-3050
-4645
-5851
-6674
-7014
-7039
-7267
-7279
-7516
-8254
-9039
-10525
-11599
-12585
-14158
-15326
-16179
-16200
-15397
-14340
-13063
-11204
-9017
-6545
-4292
-2805
-1499
-625
-604
-922
-1807
-2822
-3942
-5471
-6571
-7185
-7450
-7326
-7030
-6611
-5860
-4891
-4060
-3329
-3036
-2794
-2318
-2184
-2186
-2188
-2034
-1708
-1320
-461
734
2125
3661
5314
7183
9074
10992
12569
13853
14816
15648
16316
16400
16343
16149
16071
15928
15851
15806
16027
16545
17187
17219
16642
15888
14565
12931
10411
7184
3925
506
-2775
-5866
-8515
-10331
-11216
-11744
-11681
-10806
-9420
-7721
-6233
-5232
-3990
-2852
-2162
-1771
-1838
-1558
-1045
-466
388
1489
3056
4882
6725
8443
10229
11741
12680
12936
12551
11815
10679
8920
6787
4553
2415
563
-1076
-2421
-3461
-4133
-4490
-4695
-4904
-5043
-5261
-6067
-7335
-8752
-9936
-10911
-12275
-13673
-14452
-14522
-13699
-12580
-11347
-9679
-7709
-5653
-3802
-2522
-1618
-1025
-1319
-2125
-3023
-4035
-5136
-6525
-7710
-8161
-8130
-7909
-7507
-6939
-6241
-5347
-4486
-3922
-3692
-3538
-3286
-3183
-3192
-3064
-2811
-2407
-1884
-1125
125
1540
3092
4604
6058
7709
9286
10618
11607
12359
12844
13198
13199
13072
13033
12910
12770
12674
12676
13168
13758
14250
14710
14513
14029
13249
11693
9736
7198
4219
1200
-1782
-4580
-6759
-8635
-9910
-10207
-10116
-9450
-8217
-6939
-5494
-4320
-3328
-2282
-1595
-1275
-1097
-908
-560
21
794
1837
3201
4650
6398
8092
9618
10950
11724
12072
11799
11089
9946
8432
6526
4482
2643
950
-528
-1775
-2774
-3384
-3728
-3982
-4162
-4479
-4818
-5689
-6794
-7944
-9343
-10449
-11600
-12701
-13381
-13603
-13141
-12139
-10933
-9545
-7893
-6177
-4653
-3354
-2642
-2340
-2434
-3042
-3742
-4666
-5609
-6522
-7377
-7784
-7757
-7484
-7128
-6591
-6035
-5426
-4822
-4411
-4112
-4051
-3850
-3572
-3289
-2886
-2408
-1719
-822
223
1392
2834
4307
5630
6968
8308
9544
10683
11693
12463
13119
13661
14008
14321
14421
14471
14521
14455
14362
14424
14528
14651
14879
14575
13961
13076
11804
10424
8528
5919
3379
927
-1313
-3409
-5380
-6746
-7539
-7883
-7863
-7495
-6726
-5711
-4833
-4397
-3649
-2862
-2284
-2056
-1962
-1436
-585
206
1195
2497
3873
5405
6887
8161
9396
10271
10609
10505
9940
9217
8221
6797
5205
3622
2322
1159
108
-830
-1410
-1922
-2376
-2732
-3285
-4114
-5039
-6225
-7623
-8639
-9775
-10828
-11718
-12417
-12207
-11589
-10748
-9704
-8465
-7208
-5743
-4468
-3626
-3078
-3007
-3237
-3636
-4426
-5036
-5645
-6523
-7090
-7352
-7123
-6850
-6680
-6402
-5907
-5473
-5091
-4737
-4725
-4565
-4320
-4003
-3496
-3120
-2500
-1663
-865
85
1216
2372
3410
4409
5388
6481
7605
8463
9349
10012
10721
11394
11702
12074
12233
12424
12412
12160
12111
12242
12292
12230
12323
12499
12498
11642
10128
8604
6925
5471
3517
891
-1385
-2885
-3824
-4589
-5431
-5736
-5371
-4983
-4583
-3945
-3311
-2969
-2979
-3229
-3233
-3004
-2899
-2880
-2949
-2471
-1326
-54
1099
2167
3334
4602
5557
6090
6294
6077
5519
4509
3277
2199
1075
-160
-1463
-2591
-3212
-3518
-3877
-4449
-4937
-5335
-5706
-6296
-7313
-8350
-9407
-10439
-11128
-11855
-12265
-12175
-12014
-11568
-10548
-9338
-8018
-6926
-6221
-5286
-4605
-4365
-4448
-4926
-5485
-6030
-6641
-7148
-7570
-7825
-7806
-7718
-7466
-7054
-6666
-6465
-6380
-6400
-6304
-6294
-6443
-6523
-6362
-6035
-5552
-4967
-4389
-3572
-2724
-1949
-1232
-514
164
773
1242
1796
2470
3115
3733
4224
4764
5402
5955
6315
6491
6593
6652
6558
6345
6083
5973
5903
5915
5994
6118
6364
6151
5672
5216
4604
3902
2716
1261
-154
-1291
-2405
-3466
-4278
-4841
-4958
-4977
-4826
-4270
-3695
-3270
-3070
-2979
-2700
-2464
-2538
-2792
-2937
-2936
-2656
-2339
-2062
-1564
-1035
-385
196
541
981
1081
820
397
-159
-654
-1294
-2129
-2881
-3455
-3784
-3986
-4177
-4312
-4341
-4478
-4619
-4847
-5309
-5735
-6218
-6765
-7334
-7752
-7948
-7978
-7830
-7611
-7082
-6368
-5698
-5045
-4562
-4166
-3834
-3738
-3847
-4147
-4434
-4706
-5070
-5351
-5474
-5411
-5351
-5126
-4859
-4451
-4060
-3816
-3496
-3273
-3000
-2637
-2238
-1858
-1498
-1013
-559
-85
435
882
1326
1684
2144
2637
3207
3769
4364
4965
5657
6399
7020
7579
7977
8268
8510
8626
8639
8529
8206
8072
7894
7770
7871
7858
7909
8018
8228
8153
7773
7078
6368
5580
4447
3118
1732
472
-578
-1609
-2330
-2761
-2950
-2959
-2979
-2766
-2303
-2005
-1963
-2014
-2154
-2211
-2296
-2532
-2627
-2617
-2535
-2139
-1627
-974
-283
347
974
1467
1789
1943
1895
1523
1033
397
-225
-859
-1524
-2076
-2593
-3038
-3422
-3620
-3959
-4484
-4971
-5555
-6213
-6887
-7666
-8254
-8836
-9334
-9484
-9385
-9013
-8488
-7905
-7188
-6411
-5676
-5127
-4785
-4680
-4653
-4862
-5238
-5533
-5944
-6329
-6584
-6736
-6724
-6650
-6475
-6238
-6064
-5957
-5763
-5582
-5550
-5406
-5183
-4787
-4221
-3780
-3244
-2619
-1941
-1190
-515
156
879
1615
2334
3111
3853
4663
5483
6168
6866
7483
8028
8375
8524
8532
8435
8316
8093
7839
7547
7277
7258
7312
7310
7420
7715
7993
8296
8428
8023
7564
6988
6327
5524
4445
3408
2573
1942
1553
1336
1256
1537
1848
2086
2314
2458
2686
2581
2156
1757
1365
1042
605
100
-119
-121
80
400
690
1056
1446
1721
1866
1839
1676
1465
1044
539
88
-340
-606
-969
-1303
-1455
-1510
-1706
-2030
-2440
-2848
-3318
-3978
-4719
-5351
-5880
-6427
-6876
-7094
-7086
-6863
-6608
-6342
-5998
-5594
-5179
-4947
-4837
-4788
-4783
-4830
-5062
-5193
-5249
-5256
-5268
-5171
-4947
-4669
-4356
-4065
-3723
-3409
-3048
-2689
-2400
-2007
-1484
-1025
-646
-305
40
413
703
943
1155
1586
2102
2626
3337
4104
4986
5901
6768
7481
8161
8738
9080
9201
9142
9039
8862
8610
8371
8119
8019
8077
8184
8259
8289
8342
8317
8279
8061
7901
7530
6934
6304
5586
5052
4521
3837
3310
2955
2744
2637
2489
2385
2337
2180
2006
1894
1649
1438
1101
750
499
375
270
209
120
135
344
478
623
681
703
760
692
548
457
426
460
353
247
319
435
440
413
451
483
403
134
-131
-225
-484
-870
-1301
-1659
-1917
-2282
-2673
-3012
-3309
-3547
-3709
-3953
-4161
-4363
-4571
-4808
-5051
-5194
-5324
-5414
-5544
-5633
-5597
-5464
-5387
-5302
-5138
-4939
-4684
-4452
-4158
-3821
-3406
-3047
-2612
-2085
-1655
-1227
-892
-600
-331
-63
87
267
417
718
1110
1536
2027
2498
3060
3521
3945
4334
4609
4678
4641
4440
4260
4112
3956
3747
3598
3674
3777
4020
4228
4466
4677
4827
4964
5018
5059
4919
4747
4545
4361
4220
3975
3730
3487
3349
3289
3149
3083
3024
2904
2735
2473
2172
1667
980
83
-840
-1821
-2781
-3356
-3782
-3860
-3587
-3259
-2648
-2042
-1638
-1356
-1165
-1053
-972
-1064
-1258
-1445
-1705
-1960
-2247
-2538
-2738
-2953
-3173
-3352
-3415
-3352
-3298
-3356
-3349
-3461
-3632
-3806
-4007
-4219
-4348
-4366
-4451
-4516
-4673
-4842
-5032
-5346
-5543
-5638
-5765
-5844
-5894
-5865
-5784
-5643
-5499
-5304
-5047
-4855
-4637
-4368
-4164
-3909
-3711
-3513
-3318
-3051
-2794
-2563
-2367
-2237
-2108
-1994
-1877
-1738
-1672
-1617
-1423
-1123
-857
-459
-35
420
910
1404
1841
2276
2592
2771
2892
2997
3029
2892
2860
2735
2756
2846
2998
3307
3574
3858
4162
4384
4623
4782
4800
4745
4543
4314
4155
3987
3783
3615
3485
3532
3603
3649
3672
3665
3598
3427
3258
2961
2684
2317
1929
1597
1302
1092
909
773
709
541
426
403
322
189
-9
-304
-495
-730
-982
-1146
-1317
-1528
-1590
-1773
-1988
-2158
-2500
-2836
-3359
-3838
-4285
-4774
-5333
-5897
-6391
-6787
-7103
-7543
-8013
-8501
-8995
-9454
-10051
-10699
-11297
-11850
-12398
-12831
-13165
-13351
-13475
-13692
-13904
-14119
-14426
-14814
-15341
-15949
-16365
-16701
-16835
-16679
-16192
-15267
-14057
-12571
-10863
-9101
-7439
-6000
-4921
-4045
-3507
-3234
-3190
-3200
-3148
-2983
-2648
-2137
-1467
-718
143
958
1741
2466
3085
3457
3724
3945
4082
4210
4280
4342
4476
4674
4935
5171
5399
5548
5642
5675
5646
5467
5245
5054
4769
4546
4361
4239
4168
4168
4088
4160
4181
4199
4293
4222
4171
4045
3905
3803
3716
3494
3410
3293
3136
3097
2904
2657
2454
2201
1845
1592
1276
1014
796
549
473
419
398
394
387
368
405
345
359
308
170
164
119
118
219
320
442
680
905
1187
1450
1620
1776
1844
1920
1919
1912
1843
1785
1663
1503
1341
1048
774
332
-167
-740
-1410
-2290
-3300
-4478
-5782
-7082
-8310
-9363
-10128
-10618
-10830
-10767
-10472
-10000
-9474
-8993
-8502
-8172
-7890
-7563
-7377
-7109
-6841
-6586
-6185
-5676
-5193
-4646
-4034
-3439
-2869
-2309
-1761
-1282
-859
-437
-36
349
672
1022
1270
1592
1923
2210
2560
2829
3115
3298
3446
3499
3621
3694
3650
3629
3569
3508
3431
3386
3342
3210
3117
3054
2902
2795
2717
2663
2536
2527
2509
2509
2647
2730
2874
3124
3343
3557
3817
4027
4220
4340
4400
4502
4527
4580
4563
4562
4615
4582
4581
4583
4480
4374
4270
4031
3772
3564
3255
2927
2535
2167
1887
1593
1363
1199
1078
903
795
662
629
533
397
358
239
153
108
111
109
136
187
233
293
304
354
393
323
337
372
407
434
525
701
899
1123
1384
1708
1980
2173
2405
2567
2644
2731
2689
2638
2572
2500
2433
2343
2308
2236
2268
2290
2257
2343
2356
2392
2430
2481
2552
2760
2978
3213
3566
3969
4448
4849
5256
5584
5815
5912
5978
5984
5957
5839
5608
5453
5215
5052
4838
4645
4498
4312
4169
4007
3859
3641
3442
3270
3069
2885
2739
2615
2516
2453
2379
2310
2259
2223
2180
2105
2038
2036
1986
1992
1981
1950
1962
1935
1897
1872
1801
1747
1704
1603
1506
1482
1448
1339
1347
1298
1333
1333
1302
1245
1208
1170
1049
987
914
820
756
660
577
547
449
458
419
318
233
84
-89
-305
-474
-647
-840
-993
-1101
-1186
-1253
-1266
-1264
-1263
-1257
-1206
-1248
-1214
-1235
-1207
-1184
-1183
-1128
-1075
-995
-889
-759
-633
-478
-307
-100
63
171
293
477
571
664
789
905
1016
1129
1221
1352
1371
1429
1414
1335
1253
1173
1033
884
766
603
462
262
121
-32
-150
-280
-365
-460
-531
-543
-543
-542
-451
-388
-315
-127
90
400
712
1047
1437
1793
2148
2501
2802
3010
3207
3338
3457
3536
3566
3602
3651
3697
3675
3664
3690
3717
3728
3694
3645
3636
3574
3472
3363
3268
3163
3023
2929
2794
2651
2558
2443
2321
2253
2130
1993
1913
1758
1661
1544
1423
1303
1182
1129
1075
997
932
918
883
892
929
961
963
1000
987
980
963
939
876
859
815
708
642
566
467
369
302
223
181
73
-22
-128
-292
-363
-440
-548
-572
-630
-650
-670
-663
-595
-550
-498
-426
-318
-207
-93
26
202
450
692
951
1271
1575
1905
2305
2654
2940
3281
3593
3784
3970
4093
4171
4233
4186
4157
4038
3925
3806
3644
3472
3248
3056
2861
2667
2470
2300
2114
1983
1903
1789
1743
1686
1619
1583
1519
1391
1284
1171
1027
938
796
682
654
604
542
466
414
381
386
308
263
196
139
95
56
89
87
73
110
127
119
152
187
167
68
-42
-51
-126
-180
-246
-275
-300
-367
-366
-361
-347
-316
-248
-260
-222
-182
-213
-268
-280
-247
-247
-302
-326
-373
-447
-461
-477
-598
-642
-686
-725
-708
-795
-802
-844
-806
-755
-725
-653
-592
-604
-534
-420
-412
-341
-308
-275
-251
-218
-162
-144
-47
9
23
44
98
112
152
248
254
331
452
575
700
835
958
1102
1222
1334
1478
1531
1647
1783
1833
1887
1952
2003
2060
2121
2186
2252
2332
2350
2353
2355
2364
2356
2366
2390
2325
2360
2328
2287
2290
2246
2182
2153
2137
2081
2115
2074
2030
2103
2151
2152
2238
2284
2311
2345
2380
2386
2343
2328
2337
2334
2278
2207
2153
2140
2100
1977
1922
1812
1731
1601
1492
1354
1202
1125
963
883
790
705
599
469
333
280
203
44
-52
-145
-265
-336
-365
-396
-413
-401
-374
-406
-416
-388
-382
-401
-352
-361
-320
-277
-271
-213
-196
-134
-123
-80
-28
-9
-21
20
49
40
57
119
159
197
276
301
324
371
437
424
403
408
418
459
497
540
591
620
676
756
791
824
827
838
775
805
783
777
775
795
831
895
955
1041
1107
1133
1178
1174
1170
1133
1143
1106
1112
1100
1132
1105
1182
1212
1234
1344
1339
1422
1360
1433
1393
1385
1420
1378
1452
1395
1365
1355
1379
1370
1300
1262
1179
1114
1075
1029
979
877
832
790
756
719
637
592
510
426
336
280
223
140
71
53
72
42
12
-57
-100
-119
-131
-204
-279
-351
-419
-439
-440
-463
-456
-424
-406
-379
-357
-450
-420
-403
-397
-426
-407
-438
-470
-372
-350
-300
-236
-169
-142
-76
17
40
106
189
202
258
299
327
451
473
497
560
617
727
788
911
924
1018
1066
1117
1152
1205
1279
1287
1305
1324
1323
1299
1328
1262
1261
1204
1155
1153
1066
1005
986
959
887
862
851
768
685
640
528
486
417
366
347
274
234
231
215
184
134
108
88
52
55
46
7
-7
11
-30
-2
-3
-58
-69
-83
-118
-107
-98
-135
-146
-171
-177
-184
-145
-125
-155
-94
-101
-67
-25
30
57
52
150
178
203
262
230
232
270
279
248
285
323
340
370
344
402
413
465
445
432
456
404
362
345
317
269
268
206
187
220
201
182
203
215
231
306
235
259
289
274
295
348
359
364
396
448
438
457
456
482
528
506
543
627
690
708
768
820
864
922
925
921
959
987
967
986
1030
1036
1089
1097
1159
1159
1191
1191
1183
1192
1133
1096
969
889
769
652
570
460
324
194
40
-117
-228
-355
-483
-575
-649
-763
-797
-862
-854
-852
-903
-886
-866
-875
-853
-797
-784
-759
-710
-699
-682
-656
-585
-532
-503
-489
-440
-388
-398
-372
-374
-371
-364
-359
-365
-331
-366
-431
-421
-412
-434
-442
-452
-451
-499
-560
-569
-614
-639
-646
-661
-666
-640
-622
-665
-712
-715
-724
-754
-728
-730
-743
-745
-751
-711
-712
-748
-723
-700
-710
-683
-678
-664
-683
-681
-703
-672
-656
-647
-640
-599
-610
-606
-560
-592
-574
-538
-552
-542
-529
-519
-486
-505
-454
-450
-404
-386
-366
-331
-347
-317
-302
-290
-259
-241
-248
-226
-219
-228
-191
-178
-219
-178
-162
-197
-192
-169
-163
-185
-185
-166
-166
-169
-146
-101
-91
-123
-67
-100
-131
-127
-95
-76
-92
-75
-94
-80
-120
-107
-108
-93
-109
-65
-82
-86
-81
-117
-114
-111
-114
-128
-161
-188
-196
-220
-197
-199
-174
-185
-175
-152
-147
-148
-160
-168
-154
-164
-171
-155
-207
-207
-221
-227
-241
-258
-241
-241
-250
-249
-282
-331
-309
-323
-314
-347
-375
-345
-341
-358
-387
-375
-415
-448
-453
-444
-420
-458
-464
-473
-475
-456
-456
-448
-460
-468
-419
-440
-448
-453
-432
-425
-444
-433
-460
-423
-399
-384
-340
-317
-264
-284
-291
-310
-266
-268
-248
-257
-263
-252
-226
-238
-219
-227
-175
-168
-184
-140
-127
-145
-181
-148
-173
-146
-151
-131
-109
-138
-110
-113
-114
-105
-111
-107
-101
-78
-65
-62
-73
-37
-54
-79
-81
-67
-117
-106
-126
-181
-158
-192
-216
-219
-243
-284
-292
-252
-295
-291
-278
-284
-281
-340
-318
-335
-313
-363
-390
-413
-410
-392
-394
-371
-376
-355
-361
-374
-350
-307
-343
-333
-337
-389
-376
-345
-353
-358
-354
-357
-349
-359
-365
-368
-352
-377
-382
-387
-343
-365
-330
-342
-331
-301
-320
-313
-300
-312
-292
-293
-320
-300
-322
-289
-291
-287
-295
-276
-231
-231
-250
-259
-226
-203
-178
-190
-180
-121
-181
-170
-196
-223
-178
-153
-141
-182
-163
-176
-194
-202
-169
-175
-225
-208
-219
-200
-212
-251
-251
-256
-275
-294
-253
-253
-243
-234
-275
-270
-313
-340
-315
-330
-354
-356
-392
-405
-388
-394
-362
-417
-443
-440
-469
-432
-494
-570
-519
-557
-570
-527
-568
-576
-609
-630
-621
-633
-660
-628
-676
-703
-729
-696
-679
-716
-731
-712
-704
-726
-710
-676
-696
-697
-675
-691
-666
-633
-623
-637
-645
-654
-638
-607
-620
-623
-652
-687
-626
-612
-662
-662
-647
-655
-652
-640
-600
-586
-597
-615
-563
-537
-524
-510
-522
-497
-499
-501
-457
-423
-411
-397
-390
-318
-336
-329
-282
-305
-307
-268
-266
-262
-236
-193
-210
-226
-213
-205
-173
-189
-164
-155
-106
-99
-69
-105
-108
-95
-105
-72
-125
-163
-109
-93
-145
-136
-159
-162
-155
-145
-151
-159
-108
-153
-149
-156
-169
-151
-187
-204
-209
-180
-178
-252
-247
-224
-244
-245
-256
-255
-252
-273
-288
-301
-301
-323
-327
-336
-349
-333
-338
-354
-355
-376
-415
-417
-421
-386
-421
-421
-439
-399
-395
-381
-384
-396
-389
-413
-369
-406
-413
-417
-422
-421
-398
-415
-387
-382
-420
-389
-395
-394
-412
-411
-393
-418
-403
-405
-420
-384
-387
-356
-344
-351
-317
-308
-274
-244
-284
-249
-265
-270
-277
-256
-209
-176
-160
-175
-182
-176
-143
-183
-133
-134
-145
-121
-137
-104
-90
-103
-60
-86
-40
-27
-41
-15
-70
-82
-71
-56
-39
-28
-37
-62
-96
-80
-77
-97
-91
-70
-67
-67
-46
4
-50
-86
-76
-94
-76
-99
-102
-126
-128
-114
-126
-102
-120
-119
-101
-125
-150
-165
-197
-182
-209
-260
-240
-205
-267
-286
-278
-274
-259
-326
-339
-310
-319
-323
-319
-295
-348
-344
-316
-322
-339
-355
-316
-312
-298
-297
-315
-334
-308
-305
-319
-291
-295
-307
-318
-354
-339
-324
-293
-296
-330
-285
-292
-301
-333
-329
-336
-342
-295
-314
-292
-280
-296
-233
-245
-251
-219
-267
-232
-222
-181
-194
-177
-126
-171
-117
-129
-101
-132
-160
-50
-89
-115
-137
-120
-102
-92
-63
-76
-86
-58
-56
-59
31
2
-23
-43
-15
-19
-7
-12
-57
-50
-22
-65
-51
-61
-97
-84
-90
-117
-117
-110
-118
-81
-121
-86
-98
-121
-118
-124
-143
-180
-179
-185
-229
-250
-253
-288
-276
-333
-289
-282
-334
-292
-325
-363
-374
-428
-414
-396
-390
-423
-411
-365
-436
-433
-452
-471
-429
-473
-479
-453
-438
-460
-439
-437
-444
-420
-440
-417
-446
-432
-411
-398
-405
-392
-397
-411
-386
-447
-420
-402
-457
-390
-406
-413
-355
-352
-300
-368
-362
-357
-345
-323
-334
-317
-318
-265
-262
-255
-257
-275
-247
-262
-224
-193
-166
-162
-166
-156
-169
-142
-137
-123
-151
-78
-68
-102
-67
-38
-64
-103
-97
-60
-34
-49
-106
-97
-61
-47
-76
-103
-96
-108
-83
-94
-107
-91
-98
-131
-122
-86
-102
-141
-145
-126
-109
-111
-101
-130
-123
-139
-155
-130
-158
-154
-122
-173
-157
-138
-194
-202
-198
-219
-218
-255
-223
-196
-219
-234
-273
-284
-316
-271
-298
-316
-311
-322
-285
-311
-326
-348
-363
-339
-329
-291
-310
-288
-321
-360
-322
-336
-332
-330
-297
-364
-394
-369
-386
-401
-383
-412
-379
-348
-386
-391
-393
-374
-389
-392
-402
-366
-301
-301
-295
-358
-355
-258
-261
-281
-233
-248
-252
-228
-237
-196
-222
-211
-195
-119
-106
-122
-98
-109
-74
-111
-124
-83
-88
-50
-55
-70
-103
-115
-46
-75
-53
-37
-63
-78
-76
-78
-61
-33
-16
17
1
-1
48
19
-14
-27
-23
5
-26
-26
-65
-75
-97
-107
-111
-109
-85
-63
-65
-93
-108
-154
-139
-114
-111
-129
-160
-181
-206
-218
-227
-237
-249
-271
-286
-307
-310
-335
-371
-348
-315
-331
-329
-346
-379
-374
-361
-348
-346
-350
-334
-355
-391
-366
-358
-374
-391
-384
-377
-420
-447
-427
-440
-416
-426
-412
-412
-442
-435
-452
-431
-403
-438
-455
-409
-433
-390
-363
-415
-380
-399
-366
-333
-330
-327
-341
-306
-319
-283
-314
-331
-307
-295
-287
-269
-286
-293
-259
-222
-238
-245
-232
-221
-184
-202
-196
-203
-201
-195
-232
-195
-164
-197
-201
-184
-169
-174
-186
-216
-211
-179
-221
-184
-205
-236
-182
-173
-164
-170
-175
-187
-157
-165
-145
-168
-180
-177
-183
-195
-186
-188
-213
-194
-231
-273
-248
-240
-248
-267
-258
-233
-227
-260
-243
-260
-292
-279
-281
-315
-303
-323
-353
-335
-383
-342
-384
-347
-330
-346
-346
-328
-347
-352
-345
-361
-342
-354
-319
-365
-332
-311
-338
-352
-321
-354
-344
-373
-386
-351
-346
-349
-347
-309
-342
-297
-308
-324
-324
-314
-311
-301
-290
-316
-322
-356
-280
-287
-326
-299
-300
-277
-279
-238
-283
-295
-276
-215
-219
-266
-237
-240
-250
-218
-176
-209
-228
-150
-94
-155
-159
-131
-148
-146
-157
-109
-123
-139
-93
-112
-88
-98
-91
-150
-110
-145
-146
-135
-151
-169
-153
-166
-177
-161
-174
-131
-162
-137
-137
-166
-170
-180
-173
-154
-174
-206
-171
-147
-170
-155
-158
-138
-154
-166
-199
-184
-192
-216
-167
-170
-144
-204
-173
-172
-193
-195
-194
-208
-197
-174
-207
-197
-186
-159
-155
-159
-144
-117
-123
-122
-133
-130
-151
-135
-153
-127
-133
-113
-101
-131
-137
-136
-101
-125
-103
-125
-77
-63
-69
-58
-90
-74
-56
-68
-25
-23
-54
-31
-9
12
22
-12
-29
21
14
14
32
-13
-4
4
-7
44
75
78
82
93
46
15
28
61
71
67
71
87
97
52
38
55
62
50
50
86
25
35
54
8
35
21
20
14
12
-26
-15
-8
-26
-14
-20
-44
-65
-28
-50
-54
-36
-44
-27
-54
-51
-23
-49
-73
-92
-67
-42
-52
-52
-20
-42
-60
-59
-85
-102
-131
-101
-122
-123
-122
-117
-129
-105
-111
-151
-157
-194
-140
-172
-204
-176
-169
-173
-170
-211
-201
-208
-236
-238
-219
-208
-212
-208
-229
-226
-214
-212
-174
-184
-213
-203
-222
-203
-200
-196
-221
-213
-240
-259
-221
-236
-224
-195
-183
-220
-217
-206
-183
-155
-147
-172
-163
-181
-150
-130
-130
-77
-126
-95
-63
-45
-77
-61
-74
-63
-29
-65
-59
-25
-37
-16
-10
-47
12
-31
-30
-23
-30
27
-1
8
-18
-16
9
-30
13
4
-16
-26
-56
-33
-56
-73
-47
-74
-96
-152
-144
-120
-133
-101
-106
-93
-79
-96
-96
-108
-66
-108
-87
-118
-113
-100
-121
-123
-136
-130
-154
-116
-178
-144
-130
-139
-158
-156
-131
-138
-75
-107
-134
-117
-115
-123
-132
-144
-135
-92
-100
-113
-102
-99
-123
-124
-130
-123
-164
-155
-164
-189
-157
-187
-170
-161
-133
-123
-184
-153
-174
-190
-160
-161
-136
-150
-159
-145
-113
-111
-142
-112
-124
-110
-104
-154
-141
-127
-125
-80
-89
-114
-58
-67
-41
4
-25
-23
-46
-52
-46
-84
-98
-47
-42
-82
-55
-52
-53
-70
-63
-58
-54
-7
-68
-86
-46
-37
-65
-57
-49
-26
-70
-83
-73
-124
-95
-91
-94
-89
-117
-88
-59
-65
-8
-17
-21
-33
-26
-18
-32
47
-12
-4
13
1
-15
-23
-32
-22
-1
-52
-39
-22
-38
-17
-48
-37
-36
-54
-35
-33
-44
-21
-21
-37
17
-46
-31
-21
-65
-32
-74
-72
-42
-49
-84
-34
-32
-9
-73
-57
-71
-61
-49
-74
-69
-56
8
-2
-15
-12
13
10
55
46
49
44
47
50
74
103
92
98
130
145
162
142
117
156
149
149
157
120
165
185
179
151
177
167
209
186
153
186
180
194
178
204
173
183
189
190
182
208
232
227
190
201
213
211
183
207
240
191
202
204
198
213
183
158
203
197
207
178
226
233
185
200
212
197
175
194
200
240
269
229
170
198
188
162
184
183
141
133
158
163
154
135
85
78
165
115
96
61
42
51
32
33
75
49
45
52
12
61
54
1
36
65
64
76
53
43
47
7
23
79
30
12
48
-1
-72
-25
-7
-26
-21
10
48
9
0
-17
21
14
-59
-42
-33
-69
-38
-17
-48
-59
-16
-28
-1
-26
-35
-32
-53
-39
-72
-31
-27
-29
-44
-20
-10
1
-40
-42
4
-9
-10
12
48
38
-13
-5
35
20
47
20
46
55
-5
37
8
30
53
42
46
12
56
36
21
85
67
29
34
71
36
55
69
22
17
-14
44
29
15
55
37
61
26
-4
30
-15
-36
-9
10
16
-3
-1
-1
-31
-30
-41
-52
-28
-27
-50
-33
-52
-28
-33
-23
-47
-74
-52
-40
-50
-17
-7
-35
-22
-18
-50
-53
-33
-51
-96
-102
-43
-71
-50
-37
-12
16
4
-3
-10
-14
-39
-35
-26
1
-10
-45
-30
7
30
-18
-6
28
21
11
1
69
44
41
41
15
50
58
63
81
97
74
43
49
65
48
43
119
128
127
107
114
122
105
139
121
152
158
143
135
160
154
177
162
153
165
190
165
182
166
107
152
154
196
189
149
175
142
122
143
145
112
139
155
154
140
142
93
114
164
138
117
113
109
93
79
66
89
73
89
53
32
39
40
36
24
24
19
28
13
31
34
36
37
77
40
28
36
45
63
54
57
65
101
106
106
70
60
71
88
109
137
107
106
117
97
94
134
174
172
180
150
162
130
164
191
206
203
152
179
194
161
198
165
182
237
220
189
228
240
234
244
255
253
200
231
181
171
176
166
187
199
229
239
262
230
256
278
266
315
293
313
308
284
307
290
317
301
335
357
346
342
330
323
304
348
334
342
341
327
314
294
376
357
337
333
344
320
310
334
285
288
295
287
321
304
283
309
313
293
304
332
323
299
286
254
270
261
268
254
283
316
264
292
272
237
300
266
263
295
316
294
288
293
272
251
257
292
294
304
287
300
299
266
271
267
273
262
262
235
214
221
224
205
190
204
209
216
259
225
228
226
199
213
217
206
261
231
244
223
192
209
196
218
207
206
256
294
255
286
272
264
245
285
278
256
277
244
266
263
265
237
239
252
254
193
205
217
208
196
159
145
206
184
198
193
174
194
162
164
141
200
137
181
154
151
168
125
164
163
167
153
145
147
154
158
182
179
125
107
149
116
110
101
39
55
81
75
62
48
66
52
39
56
80
74
82
71
71
93
60
54
78
77
26
37
48
10
39
77
44
74
72
64
92
89
101
108
117
93
72
120
166
164
157
186
191
163
157
200
147
140
173
205
215
202
225
228
216
234
239
195
200
205
260
205
198
212
189
243
234
249
267
244
225
227
231
230
193
242
239
230
265
230
251
227
238
250
242
245
178
211
280
219
211
251
188
176
228
226
220
211
196
202
159
162
145
184
153
113
144
182
171
151
165
148
151
177
170
126
156
191
156
189
167
174
191
174
183
148
161
138
128
126
135
118
109
129
107
125
118
128
141
122
160
144
120
160
121
132
181
148
160
200
170
165
182
163
151
159
156
162
147
153
149
174
191
174
203
200
184
185
173
218
201
172
149
197
198
186
223
192
195
213
222
210
215
253
234
201
206
233
230
225
254
268
274
267
284
288
251
286
300
322
324
334
329
296
308
297
296
317
323
318
350
321
340
364
382
364
338
339
288
306
269
274
303
273
284
267
258
303
330
283
288
273
282
281
269
272
217
232
268
288
304
315
287
236
274
286
301
276
280
279
232
226
256
258
235
230
239
206
208
215
148
175
172
174
148
162
172
164
165
176
161
187
236
246
247
239
259
238
220
182
187
183
207
200
224
230
162
151
186
204
197
214
210
216
206
210
207
172
186
169
186
218
231
245
209
226
248
207
190
240
228
217
187
222
247
224
210
218
190
226
199
203
202
193
201
200
209
201
211
221
200
226
237
222
207
201
171
173
193
157
171
257
228
198
190
181
201
177
172
173
205
188
202
186
165
194
159
158
180
148
183
194
198
114
168
186
158
133
134
154
144
176
161
191
188
154
133
185
181
122
111
110
117
127
104
85
123
128
76
70
83
110
116
98
46
48
58
76
97
74
93
121
93
84
116
102
118
84
32
32
50
18
6
2
26
26
14
-3
44
61
36
67
79
72
31
-6
-1
0
-44
-4
14
-27
-17
12
5
-37
-27
-5
-47
-34
-19
-28
-18
-52
-30
-15
-24
-21
-46
9
-27
-15
-12
-11
-45
-61
-37
-35
-38
-81
-44
-86
-87
-58
-79
-62
-34
0
-47
-51
-53
-36
-42
-56
-49
-91
-85
-83
-47
-78
-110
-90
-116
-90
-59
-61
-59
-57
-79
-87
-32
-57
-46
-27
-9
2
-35
-69
-60
-56
-36
-32
-65
-35
3
17
60
66
37
78
67
59
64
80
70
95
81
118
127
113
152
96
110
128
99
119
123
109
111
110
93
72
122
125
92
89
88
88
119
89
97
134
116
136
157
175
138
142
190
182
180
202
192
204
230
266
219
227
243
206
210
217
214
169
157
161
155
144
184
162
118
148
124
114
115
135
137
114
137
145
140
142
132
135
112
78
136
106
99
135
128
111
127
144
122
132
119
106
120
104
126
107
79
95
142
104
88
100
90
122
80
77
59
60
105
66
89
58
22
41
42
68
68
73
56
67
66
-9
-13
-13
29
41
27
44
61
53
19
1
7
21
47
49
73
61
78
110
70
80
97
113
104
132
127
104
135
124
133
179
175
176
171
150
149
164
210
219
143
135
149
158
173
151
168
206
197
187
169
168
184
183
207
181
184
183
174
167
138
143
113
125
137
131
97
156
138
147
148
121
173
138
144
128
123
149
129
131
147
108
92
101
119
147
108
126
124
144
150
127
166
139
120
130
103
140
124
104
82
92
64
45
55
67
34
44
47
39
85
56
84
41
63
27
33
88
40
75
133
50
74
79
48
75
80
69
100
97
96
90
58
124
144
91
86
92
104
112
101
115
141
121
118
126
96
79
89
102
99
125
80
61
55
132
98
114
101
72
112
100
101
88
111
83
67
81
73
41
30
-1
35
15
20
53
70
50
72
111
66
113
94
92
69
89
112
85
78
84
92
117
112
80
91
84
71
49
46
31
50
53
38
39
12
13
16
9
-3
4
-5
45
34
11
36
22
40
6
19
22
-24
-44
-2
1
22
-9
-56
-45
-19
-34
-48
-29
-54
-55
-57
-36
-9
-47
-20
-31
-31
-18
-5
4
-6
2
28
-14
-49
-50
-9
14
-23
-35
-2
0
-3
-5
-37
-4
-35
1
-58
-47
-2
-22
-13
-41
-4
-22
38
16
3
2
14
8
13
20
-2
27
24
71
67
34
46
34
50
79
62
83
95
63
52
123
75
97
95
112
129
92
121
112
121
113
82
95
91
89
99
68
76
96
106
89
93
94
62
80
90
86
47
25
102
73
77
93
82
41
-17
45
27
31
4
37
73
12
51
22
45
57
110
78
32
90
33
48
20
70
73
-25
81
97
-21
-29
30
32
26
25
33
45
78
7
-28
6
7
-1
-15
-18
47
47
8
41
52
18
-7
35
16
38
66
-5
2
9
6
34
-31
31
27
70
80
24
16
37
28
21
58
35
38
48
35
28
39
43
39
14
52
70
-1
22
33
34
13
7
12
-8
-43
-69
-28
-31
-9
-47
-45
18
-50
-73
-35
-60
-79
-43
-75
-61
-21
-41
-47
-26
-3
-9
-4
-42
-62
-109
-91
-69
-57
-70
-83
-43
-120
-72
-58
-59
-54
-69
-38
-76
-40
-81
-70
-70
-52
-22
-35
5
-26
-22
-45
-19
11
-7
17
-42
-28
-9
-1
4
-3
-22
-2
12
-3
22
36
37
55
51
34
34
61
36
47
61
10
56
74
84
138
114
106
123
143
142
186
176
180
169
155
188
168
171
142
165
132
129
117
103
91
122
94
93
124
133
142
162
147
135
143
114
98
93
110
122
106
87
70
76
73
93
91
64
71
58
80
48
78
73
42
42
14
3
19
29
-3
4
3
23
7
0
17
-10
-11
6
1
-15
-32
21
-31
-3
-33
-61
-47
-57
-38
-70
-59
-95
-54
-40
-62
-39
-53
-35
-20
-63
-57
-71
-61
-61
-69
-58
-69
-70
-93
-81
-56
-48
-79
-81
-90
-71
-43
-18
-15
-39
-42
-78
-89
-19
-56
-79
-62
-62
-52
-81
-82
-77
-70
-59
-43
-53
-52
-18
-13
-3
-9
11
0
-11
-10
-35
-32
-11
-11
-16
-10
-39
7
31
5
18
15
17
13
29
-1
-4
35
46
82
64
28
86
71
66
47
24
46
29
2
-11
20
21
16
19
5
-15
-30
-36
-45
-33
-53
-43
-60
-74
-50
-2
9
9
18
-13
-36
-27
-26
-54
-48
-22
-63
-65
-42
-28
-46
-42
-57
-32
-33
-69
-43
-12
-22
-50
-22
-22
-30
-9
12
-13
-3
-33
-60
-36
-13
-45
-40
-37
-16
-18
-26
-38
-49
-48
9
8
-9
63
29
49
47
41
27
44
46
32
63
40
48
58
25
87
52
45
62
8
34
21
71
73
39
53
65
77
66
63
17
41
-2
49
87
56
117
116
88
97
117
135
109
134
129
118
111
100
101
68
93
102
67
93
106
88
85
58
69
72
50
100
31
67
59
54
111
61
66
56
47
52
67
67
83
54
48
74
82
120
4
-56
266
164
-128
-84
87
226
-84
-47
203
58
-99
-148
149
249
-64
-127
68
177
108
-79
16
109
19
-44
-26
137
94
-34
-27
42
65
10
-30
0
-45
73
61
-72
-2
77
98
-32
-7
76
51
-30
-57
46
86
39
-48
44
109
55
13
6
71
58
45
52
100
79
6
-1
95
112
51
59
40
34
98
92
51
18
23
47
-1
11
50
64
0
34
66
86
35
-13
31
23
46
18
36
77
33
32
42
58
111
43
33
103
76
98
83
59
26
24
39
-11
-21
0
-9
13
19
32
81
12
38
15
-18
-8
-3
-11
-9
-28
4
29
66
5
-12
18
-7
5
13
34
56
69
79
52
32
71
73
94
101
89
112
99
91
104
109
105
108
69
77
110
94
68
117
115
88
93
98
96
99
97
73
98
78
105
139
182
152
138
140
135
145
146
162
141
150
143
138
104
104
130
104
128
128
119
123
98
100
106
99
125
118
108
91
89
82
65
75
92
43
64
85
94
96
99
72
71
112
84
92
73
96
92
115
120
92
59
44
83
78
83
98
71
86
93
123
75
76
102
90
110
69
76
83
104
86
73
67
78
102
63
75
80
90
54
32
46
46
41
67
104
118
105
61
103
132
113
136
133
135
133
122
138
153
129
154
112
109
