-67
-87
-87
-79
-96
-50
-55
-68
-73
-14
-61
-110
-94
-124
-100
-156
-160
-132
-122
-109
-147
-94
-108
-90
-82
-116
-144
-108
-121
-148
-132
-155
-150
-179
-160
-85
-133
-161
-120
-114
-115
-145
-179
-177
-152
-153
-175
-168
-132
-142
-98
-136
-109
-109
-81
-85
-130
-124
-131
-91
-86
-86
-85
-87
-61
-64
-46
-37
-72
-62
-66
-84
-130
-90
-83
-114
-86
-80
-70
-66
-78
-91
-54
-75
-68
-76
-73
-80
-71
-65
-70
-87
-104
-87
-130
-132
-181
-196
-129
-78
-106
-106
-79
-64
-61
-78
-86
-130
-118
-88
-125
-96
-66
-67
-62
-93
-76
-115
-127
-114
-114
-108
-88
-26
-44
-11
-31
-70
-61
-27
-44
-45
-44
-79
-21
-64
-68
-62
-78
-46
-40
-56
-48
-62
-69
-65
-90
-72
-76
-53
-49
-78
-85
-71
-72
-99
-139
-73
-38
-39
-53
-54
-11
-67
-51
-10
-65
-66
-71
-42
-57
-51
-5
22
27
-4
-1
-28
-24
-77
-74
-88
-48
-56
-99
-117
-136
-127
-97
-97
-119
-141
-126
-136
-117
-102
-127
-131
-175
-145
-128
-128
-152
-139
-107
-145
-140
-158
-146
-102
-118
-89
-104
-92
-76
-85
-99
-125
-143
-154
-127
-118
-128
-131
-163
-136
-131
-117
-137
-150
-167
-155
-172
-165
-138
-148
-174
-134
-186
-164
-134
-201
-187
-193
-151
-171
-131
-134
-106
-85
-123
-144
-118
-146
-148
-110
-117
-55
-57
-71
-89
-93
-123
-141
-184
-200
-135
-146
-147
-141
-117
-149
-150
-132
-132
-96
-140
-111
-106
-118
-119
-123
-127
-138
-102
-157
-141
-137
-171
-165
-128
-144
-189
-176
-219
-205
-158
-223
-238
-228
-220
-198
-213
-184
-211
-212
-212
-223
-164
-166
-205
-203
-212
-199
-216
-191
-157
-177
-164
-162
-180
-166
-153
-169
-181
-172
-201
-215
-196
-175
-181
-222
-194
-224
-240
-236
-270
-247
-235
-206
-228
-215
-202
-207
-224
-220
-238
-207
-189
-193
-192
-182
-206
-234
-238
-240
-221
-257
-231
-228
-217
-207
-189
-173
-164
-132
-162
-147
-191
-182
-212
-237
-224
-226
-225
-219
-219
-268
-228
-215
-249
-255
-254
-252
-245
-240
-225
-243
-208
-224
-251
-276
-250
-232
-248
-258
-290
-271
-286
-232
-240
-268
-242
-269
-246
-251
-237
-232
-275
-251
-215
-218
-181
-174
-219
-203
-211
-219
-239
-282
-226
-236
-219
-232
-252
-201
-201
-180
-201
-206
-184
-210
-211
-215
-217
-182
-191
-254
-243
-238
-241
-255
-259
-228
-200
-202
-179
-141
-179
-173
-135
-164
-183
-192
-221
-175
-155
-187
-159
-130
-153
-122
-148
-140
-154
-148
-106
-181
-158
-139
-142
-124
-72
-126
-149
-130
-134
-123
-92
-112
-130
-111
-104
-115
-129
-81
-62
-31
-72
-51
-63
-61
-46
-89
-50
-64
-82
-49
-58
-52
-28
-67
-73
-76
-95
-123
-34
-43
-52
-61
-78
-57
-79
-93
-137
-126
-151
-141
-110
-118
-120
-98
-95
-90
-100
-95
-113
-142
-114
-77
-95
-87
-115
-141
-138
-133
-119
-149
-127
-118
-144
-149
-160
-168
-202
-149
-111
-148
-144
-122
-139
-165
-132
-155
-144
-113
-143
-123
-103
-89
-115
-153
-173
-144
-115
-107
-118
-101
-111
-112
-89
-94
-98
-107
-131
-97
-111
-86
-107
-112
-41
-107
-106
-136
-100
-70
-102
-66
-80
-115
-89
-151
-123
-124
-127
-147
-164
-136
-135
-118
-161
-164
-158
-173
-147
-159
-108
-108
-129
-94
-122
-104
-135
-175
-105
-99
-163
-136
-94
-83
-137
-152
-154
-154
-138
-100
-153
-172
-108
-120
-104
-123
-129
-170
-174
-170
-170
-134
-110
-161
-93
-94
-148
-122
-102
-109
-131
-103
-124
-106
-119
-111
-126
-157
-96
-136
-140
-110
-116
-96
-83
-101
-140
-147
-124
-131
-121
-142
-137
-165
-175
-177
-205
-208
-233
-212
-173
-156
-203
-162
-125
-154
-192
-189
-183
-192
-153
-149
-164
-157
-148
-145
-172
-169
-186
-149
-145
-136
-159
-137
-96
-94
-115
-93
-132
-115
-114
-143
-114
-93
-96
-84
-93
-101
-79
-99
-90
-100
-93
-120
-94
-39
2
-46
-19
-9
2
-61
-82
-67
-115
-76
-96
-68
-76
-106
-105
-70
-76
-103
-134
-103
-133
-141
-101
-97
-159
-121
-93
-97
-120
-141
-113
-95
-73
-100
-42
-66
-52
-58
-59
-64
-76
-57
-9
-29
-65
-44
-49
-53
-42
-32
-73
-73
-38
6
-2
-14
-23
-47
-49
-48
-33
-6
28
31
3
-2
-23
18
40
5
-32
-1
-2
-25
-22
-11
1
-26
16
-22
-34
-43
-18
-38
-63
-84
-81
-30
-15
-27
-26
-42
-73
-12
-3
-19
-14
-16
21
18
18
-11
-48
8
-32
-67
-34
-52
-87
-74
-76
-62
-41
-25
-11
-19
-15
-8
21
-3
-8
-31
4
4
-22
19
35
1
-7
-5
-31
12
18
7
39
-3
-16
-17
20
13
5
43
42
40
36
41
35
45
71
57
49
95
44
46
70
63
81
58
25
26
45
21
45
56
34
53
33
85
89
68
61
65
74
81
101
44
90
76
75
71
35
71
67
114
62
87
78
70
74
24
-5
26
37
54
104
73
96
99
67
108
76
41
40
17
34
32
8
59
35
14
50
65
59
61
83
30
49
43
81
102
83
96
79
49
72
68
52
57
55
49
35
45
28
7
-16
2
20
-7
34
28
29
32
28
34
50
41
26
7
-8
15
-8
57
24
49
29
41
74
58
67
70
89
93
113
107
134
81
73
85
72
58
78
132
116
112
110
80
89
87
75
89
49
82
84
56
70
32
27
46
31
24
48
33
47
32
40
35
56
69
45
87
59
108
102
113
97
130
126
90
79
45
62
44
44
41
39
75
91
41
58
64
89
92
71
93
80
104
115
104
128
86
96
140
124
115
83
97
93
134
126
126
132
112
136
133
118
84
94
71
137
135
109
97
110
114
115
115
84
85
55
73
62
103
96
105
113
70
58
64
88
102
112
68
138
122
77
79
44
80
37
20
35
45
47
39
73
86
82
68
51
94
93
60
83
57
108
88
104
129
128
153
122
103
90
78
115
141
67
108
116
111
118
105
109
145
118
76
114
158
170
176
173
143
147
117
157
130
135
179
149
148
166
157
227
179
161
174
197
231
183
181
179
198
170
165
167
162
148
141
148
149
137
173
165
162
195
189
172
190
224
197
229
226
187
196
202
230
194
198
223
234
240
205
207
198
213
257
275
253
257
237
255
262
245
277
246
196
206
206
241
247
253
248
247
280
290
276
297
256
294
283
277
294
270
302
301
315
341
328
274
322
311
289
307
293
265
271
275
255
259
288
305
286
253
267
298
337
304
314
303
294
306
322
317
275
258
265
253
242
229
243
248
200
210
219
235
196
156
185
172
192
145
212
237
223
216
202
211
226
256
233
256
229
226
253
191
179
212
213
223
220
170
189
220
155
169
169
168
184
167
146
154
167
138
145
145
164
181
138
152
128
135
149
179
149
172
220
213
207
193
188
209
201
219
209
211
178
134
150
159
153
136
187
160
136
134
166
143
178
175
148
171
151
138
106
157
164
107
153
129
149
144
98
148
143
135
113
141
150
151
159
155
137
130
171
111
110
139
109
87
139
132
135
117
153
113
118
129
114
136
114
167
171
152
157
169
153
175
179
180
174
159
160
177
142
174
169
155
197
113
161
190
153
184
174
156
130
129
154
174
172
181
169
173
176
164
180
174
156
149
150
183
161
154
147
111
186
118
108
136
153
159
186
176
124
119
94
148
161
150
180
183
197
183
185
202
186
170
209
234
177
178
200
183
191
155
185
168
190
190
200
183
172
215
151
152
140
145
147
99
119
164
171
181
220
211
201
185
189
226
176
161
210
204
202
200
223
217
177
185
193
205
228
201
239
216
206
205
224
216
190
221
196
226
214
222
176
206
224
208
198
157
167
182
188
181
140
114
139
108
130
140
150
157
165
156
97
126
99
126
139
145
145
154
141
133
109
87
91
113
125
133
113
93
94
143
140
102
192
160
190
146
151
177
180
150
138
163
110
165
159
139
148
175
153
155
140
121
145
149
176
134
162
158
178
181
191
146
96
165
103
143
153
133
114
160
164
150
161
156
198
163
174
178
167
184
167
161
163
139
160
124
152
174
174
139
153
160
146
148
168
120
138
110
105
125
84
128
73
130
98
114
124
130
124
132
153
121
154
144
157
134
143
142
120
158
145
109
153
137
151
177
144
171
160
167
161
185
171
162
154
104
171
140
129
129
129
134
159
150
173
199
138
159
126
148
151
170
143
99
132
79
130
111
88
87
57
98
58
100
111
78
117
130
86
79
101
86
54
30
66
49
94
82
81
111
121
103
74
90
112
93
67
62
67
115
114
96
50
26
50
97
88
40
88
70
56
62
50
56
74
80
71
35
52
107
98
101
43
80
62
51
40
33
29
12
38
41
28
29
45
-3
-10
21
46
45
36
27
8
41
43
52
30
76
105
87
91
43
19
17
23
35
6
35
79
42
63
36
37
38
55
54
67
34
12
41
46
51
55
64
22
41
38
49
36
63
47
26
39
48
44
42
62
60
47
78
34
14
24
9
28
35
57
43
38
13
57
45
17
14
30
55
25
35
53
49
63
72
64
61
47
77
78
81
101
81
46
40
39
12
50
53
65
34
52
73
63
96
82
66
100
121
84
102
107
102
102
147
124
82
110
93
105
155
124
143
168
115
135
154
163
142
156
120
141
167
96
139
139
91
112
150
130
155
132
105
99
94
137
148
164
137
112
117
83
74
93
107
90
70
84
66
89
101
102
121
141
94
108
138
119
128
122
120
124
123
94
98
151
148
132
160
171
152
143
163
180
134
139
147
159
188
148
166
165
128
141
123
140
193
140
155
145
144
133
122
116
93
92
47
63
85
67
42
56
51
59
80
41
51
19
27
91
54
-1
65
44
20
27
41
49
-2
47
23
22
57
87
49
89
48
74
65
30
79
63
98
112
88
81
92
95
80
68
80
49
24
5
49
48
59
36
33
63
35
33
80
70
44
50
90
37
29
62
45
65
69
58
34
15
23
9
16
49
42
26
8
21
11
17
15
-39
-24
-1
-34
-13
-31
-9
-18
-36
-34
-13
-17
2
-17
-50
-28
4
1
-30
2
8
-21
12
-4
-9
-23
-30
-4
-48
-43
-43
-54
-74
0
-17
-68
-29
-25
-35
-52
-20
-21
-27
-50
-15
-16
10
-13
0
25
12
19
24
26
-7
-6
12
5
-12
-11
-26
-28
-10
-19
-28
-21
-76
-64
-71
-25
-53
-75
-56
-103
-85
-102
-104
-65
-53
-79
-89
-126
-106
-101
-120
-93
-135
-71
-69
-73
-82
-105
-81
-84
-121
-92
-115
-81
-60
-84
-90
-74
-94
-72
-35
-55
-112
-101
-123
-84
-61
-106
-49
-78
-89
-71
-59
-49
-52
-58
-82
-75
-101
-94
-113
-99
-75
-85
-60
-43
-66
-48
-41
-62
-40
-16
-36
-37
-57
-45
-66
-52
-50
-51
17
-30
11
-4
-22
-11
1
25
1
8
7
13
17
-1
-6
12
18
13
3
-33
-30
-51
-8
1
0
-3
-19
-13
-16
-29
-10
-4
15
12
-12
26
65
42
50
44
56
50
80
40
61
57
28
53
57
65
18
76
49
93
70
70
67
72
87
59
100
48
18
-3
21
48
26
23
24
34
21
8
-2
15
22
4
6
21
10
58
2
9
42
20
41
-25
1
16
-14
-5
-16
-14
-8
14
-4
2
-15
-38
-16
-14
22
32
13
-19
-15
2
-8
-3
-6
-21
-41
-17
-26
-14
-16
-41
-12
-10
-21
-11
-11
-29
-67
-86
-50
-99
-63
-34
-42
0
-58
-44
-25
-43
-27
-44
-8
-20
-44
-19
5
-19
0
6
-1
-9
-29
1
-13
1
6
24
30
49
43
38
70
56
49
14
26
-19
24
44
33
82
92
50
11
64
18
13
5
-37
13
-14
-3
-3
-27
-3
-36
-15
-28
-35
-6
-26
-42
-67
-31
-34
-44
-41
-9
26
23
31
-6
-22
-16
-72
-53
-73
-61
-49
-61
-76
-101
-97
-91
-90
-76
-79
-61
-81
-97
-67
-41
-29
-38
-44
-92
-71
-88
-44
-68
-95
-114
-169
-144
-145
-160
-143
-132
-135
-124
-142
-81
-105
-156
-102
-131
-103
-122
-137
-93
-144
-84
-57
-84
-121
-116
-70
-83
-60
-61
-69
-102
-85
-53
-58
-56
-79
-73
-69
-85
-54
-85
-126
-125
-92
-129
-116
-109
-132
-105
-74
-84
-119
-67
-88
-116
-97
-130
-107
-95
-150
-149
-120
-131
-98
-70
-104
-139
-176
-149
-149
-119
-142
-169
-164
-173
-153
-149
-136
-151
-176
-142
-207
-195
-190
-186
-159
-180
-149
-166
-208
-199
-176
-189
-205
-180
-201
-177
-199
-230
-240
-257
-196
-179
-192
-228
-233
-187
-205
-199
-209
-221
-218
-206
-187
-191
-240
-203
-210
-208
-191
-207
-182
-166
-170
-163
-179
-216
-220
-192
-192
-169
-205
-215
-202
-254
-236
-220
-247
-201
-169
-166
-183
-200
-164
-167
-163
-188
-189
-199
-208
-182
-201
-180
-159
-163
-172
-205
-216
-203
-213
-199
-168
-158
-157
-176
-193
-163
-141
-166
-160
-180
-158
-136
-131
-133
-118
-118
-125
-106
-113
-87
-125
-83
-82
-77
-71
-100
-96
-115
-115
-106
-97
-27
-31
-74
-51
-62
-9
-32
-40
-29
-45
-62
-43
-32
-117
-68
-49
-49
-50
-33
-20
-2
-24
-30
-97
-92
-58
-85
-78
-62
-57
-30
-62
-100
-66
-88
-63
-26
-13
-17
-71
-90
-83
-75
-96
-121
-88
-75
-90
-90
-66
-71
-92
-93
-62
-125
-94
-78
-64
-80
-73
-52
-50
-49
-61
-54
-50
-78
-90
-94
-142
-121
-108
-99
-88
-147
-91
-58
-132
-122
-112
-122
-150
-115
-130
-125
-167
-129
-91
-107
-130
-138
-132
-107
-141
-189
-132
-169
-153
-102
-121
-136
-147
-130
-107
-116
-126
-109
-115
-118
-117
-141
-134
-148
-150
-115
-109
-107
-71
-126
-145
-99
-124
-135
-147
-104
-107
-127
-121
-104
-89
-126
-134
-134
-111
-104
-110
-129
-88
-101
-96
-54
-99
-85
-90
-96
-104
-142
-140
-77
-93
-100
-110
-147
-124
-112
-78
-95
-99
-70
-77
-139
-159
-129
-150
-151
-161
-127
-113
-153
-120
-135
-189
-179
-160
-162
-181
-161
-141
-161
-140
-136
-159
-145
-180
-187
-198
-188
-197
-190
-178
-201
-162
-183
-220
-204
-146
-187
-237
-188
-177
-133
-154
-160
-156
-177
-174
-211
-188
-216
-169
-132
-169
-172
-162
-194
-188
-220
-214
-178
-227
-218
-242
-260
-273
-250
-249
-254
-249
-253
-266
-265
-238
-210
-228
-268
-214
-241
-245
-238
-239
-270
-258
-244
-272
-259
-220
-225
-215
-217
-250
-215
-208
-231
-213
-196
-188
-208
-229
-203
-202
-219
-201
-209
-241
-232
-205
-238
-247
-221
-198
-201
-224
-216
-210
-217
-221
-246
-254
-234
-232
-199
-213
-192
-186
-202
-189
-181
-179
-189
-205
-209
-201
-181
-240
-215
-162
-185
-205
-167
-149
-200
-156
-147
-133
-122
-152
-148
-136
-149
-108
-106
-153
-160
-175
-168
-182
-185
-167
-169
-169
-160
-169
-168
-179
-191
-170
-164
-170
-216
-206
-166
-163
-128
-148
-167
-172
-144
-167
-165
-137
-192
-189
-153
-202
-176
-171
-183
-201
-218
-193
-221
-224
-197
-220
-243
-217
-284
-232
-242
-273
-267
-275
-270
-276
-309
-268
-246
-288
-252
-274
-255
-259
-225
-197
-176
-206
-215
-218
-199
-217
-242
-234
-193
-154
-168
-148
-204
-191
-204
-214
-221
-183
-215
-242
-230
-196
-214
-218
-213
-174
-150
-155
-159
-132
-92
-173
-178
-159
-157
-221
-164
-186
-164
-153
-155
-162
-174
-124
-158
-131
-137
-114
-121
-125
-133
-118
-151
-149
-127
-97
-114
-139
-103
-136
-95
-107
-75
-94
-95
-90
-122
-122
-122
-149
-163
-115
-149
-149
-154
-105
-137
-135
-137
-141
-68
-115
-134
-113
-104
-131
-120
-124
-129
-101
-76
-108
-111
-69
-125
-102
-111
-122
-92
-103
-120
-91
-47
-55
-29
-37
-66
-105
-79
-65
-67
-84
-55
-46
-79
-78
-113
-103
-86
-58
-59
-95
-137
-132
-127
-137
-127
-163
-123
-114
-94
-104
-124
-119
-121
-123
-142
-91
-71
-83
-124
-83
-136
-133
-172
-144
-97
-142
-118
-174
-165
-181
-181
-167
-203
-195
-197
-180
-211
-230
-227
-205
-199
-208
-177
-179
-188
-147
-200
-202
-211
-209
-212
-240
-182
-211
-173
-206
-222
-193
-238
-247
-250
-283
-242
-190
-189
-200
-204
-181
-226
-220
-153
-175
-171
-181
-181
-150
-199
-212
-223
-229
-218
-228
-202
-221
-179
-164
-182
-126
-154
-193
-204
-192
-139
-91
-138
-157
-125
-173
-94
-88
-101
-96
-87
-111
-114
-94
-118
-126
-141
-122
-125
-82
-101
-124
-121
-159
-178
-166
-132
-126
-85
-103
-131
-149
-109
-96
-111
-96
-109
-52
-59
-60
-107
-140
-109
-119
-160
-143
-110
-154
-130
-153
-126
-109
-145
-133
-150
-126
-125
-151
-201
-173
-168
-182
-154
-159
-127
-191
-195
-178
-174
-175
-139
-118
-127
-151
-171
-171
-148
-153
-176
-131
-133
-191
-206
-170
-179
-129
-147
-179
-166
-142
-170
-207
-205
-199
-187
-202
-217
-230
-189
-223
-205
-192
-222
-167
-152
-193
-172
-164
-153
-152
-153
-154
-191
-217
-190
-209
-276
-216
-187
-234
-169
-232
-254
-308
-245
-759
-2414
-3534
-2583
-803
-603
-2242
-4181
-4656
-3945
-3345
-3305
-3367
-3466
-4057
-4519
-4374
-3657
-3148
-3399
-3296
-2422
-1902
-2236
-2662
-2517
-1340
-27
308
-150
-420
-310
-10
786
1778
2274
1996
1404
1369
1959
2502
2826
2953
3148
3470
3478
3154
3029
3384
3931
4387
4592
4305
3951
3470
2679
2347
2792
3215
3042
2150
832
-78
-172
-102
-167
-318
-819
-1658
-2434
-2844
-2713
-2442
-2343
-2368
-2495
-2691
-2932
-2937
-2612
-1827
-1116
-873
-1013
-1108
-1029
-625
1
610
1051
1098
847
639
694
942
1198
1437
1315
937
377
-41
-300
-278
-275
-435
-740
-1357
-1943
-2421
-2593
-2543
-2567
-2714
-2975
-3354
-3675
-3801
-3647
-3338
-2992
-2842
-2933
-3033
-3030
-2789
-2358
-1833
-1490
-1284
-1316
-1354
-1222
-869
-400
-83
108
171
185
292
549
839
1192
1485
1665
1775
1862
1951
2041
2371
2865
3250
3487
3507
3602
3717
4146
4726
4924
5012
5158
5277
5103
4476
3980
3756
3965
4134
3555
2462
1464
912
633
574
458
-144
-1031
-1728
-2130
-2147
-2075
-2195
-2351
-2385
-2380
-2326
-2342
-2288
-1825
-1280
-854
-537
-393
-292
-36
511
1174
1682
1934
1886
1757
1835
2023
2236
2288
2108
1823
1378
981
609
234
-132
-504
-891
-1434
-2126
-2818
-3327
-3521
-3646
-3828
-4105
-4574
-4930
-4981
-4892
-4695
-4458
-4373
-4328
-4268
-4137
-3855
-3533
-3112
-2640
-2386
-2268
-2212
-2158
-1950
-1498
-1130
-958
-885
-954
-1061
-900
-561
-297
-51
41
20
16
153
455
794
1158
1429
1722
1999
2318
2672
3184
3846
4555
5065
5560
6058
6507
7032
7837
8368
8467
8182
7756
7512
7522
7541
6837
6028
5151
4072
3103
2389
1593
814
-133
-1274
-2270
-2817
-3422
-4106
-4615
-4718
-4777
-4793
-5006
-4992
-4582
-4123
-3544
-2905
-2290
-1753
-1184
-626
254
1175
1825
2308
2767
3226
3613
3887
4025
4171
4275
4229
3922
3536
3063
2694
2336
1857
1332
684
-96
-808
-1336
-1836
-2348
-2924
-3567
-4231
-4844
-5167
-5341
-5397
-5423
-5627
-5774
-5741
-5506
-5236
-4974
-4580
-4285
-4014
-3650
-3381
-3100
-2803
-2526
-2221
-2010
-1947
-2024
-2149
-2230
-2151
-2097
-2140
-2188
-2379
-2564
-2671
-2648
-2475
-2279
-1967
-1643
-1436
-1443
-1442
-1078
-377
323
790
1030
1235
1717
2414
3388
4269
4890
5518
6148
6810
7553
8268
8592
9172
10072
10954
11903
12233
11531
10519
9841
8232
5919
5631
6956
7707
5531
626
-3216
-2879
-915
-885
-2969
-4981
-6317
-7409
-8174
-7951
-6710
-5995
-6399
-6788
-6261
-5419
-5067
-4738
-3083
-315
1214
909
279
876
2669
4553
5894
6636
6567
5872
5156
5383
6452
7100
6719
5732
4668
3793
2770
1803
1362
1163
693
-275
-1771
-3136
-4087
-4504
-4343
-3863
-3851
-4696
-5835
-6272
-5771
-4571
-4062
-5485
-6302
-5319
-4219
-3516
-3387
-4125
-4314
-3127
-2453
-2765
-2472
-2467
-3236
-2868
-2107
-2524
-2832
-3303
-3955
-3558
-3048
-3645
-4405
-4674
-4486
-4083
-3904
-4031
-4185
-3884
-3429
-2738
-2072
-2025
-1952
-1590
-795
468
1272
1586
2075
2766
3764
4974
6121
7031
7993
8910
9859
11204
12284
13055
14184
15944
17109
16599
14075
10063
7421
8283
11099
12318
9182
2483
-3038
-3688
-1336
-234
-2204
-5555
-8343
-9846
-10473
-10724
-10202
-9494
-9106
-8821
-8581
-8661
-8791
-8203
-5544
-1631
889
779
-560
-496
1749
5095
7706
8819
8660
7702
7062
7488
8725
9639
9614
8707
7375
6035
4507
3019
2210
2045
1867
835
-1296
-3760
-5598
-6205
-5772
-5052
-5086
-6315
-8015
-8827
-8324
-6987
-5646
-4786
-4495
-5645
-6987
-6605
-4620
-2170
-763
-1487
-2974
-3490
-2975
-2300
-1260
-391
-831
-1869
-2865
-3751
-3753
-3335
-3293
-3362
-3690
-4619
-5796
-6599
-6329
-5277
-4402
-4211
-4645
-5085
-5092
-4453
-3146
-1881
-905
-542
-617
-351
476
1668
3086
4260
5132
5723
6283
6812
7570
9115
10869
12018
12884
13387
13622
14514
15903
16535
16284
14538
10462
6710
6929
9761
11090
7967
999
-4323
-4273
-1971
-1864
-4175
-6944
-8938
-10075
-10919
-11050
-10223
-9539
-9340
-8786
-7860
-7554
-7761
-7401
-4645
-572
1752
1411
508
951
3174
6139
8210
9159
9089
8210
7594
8091
9094
9497
9037
8035
7037
5895
4145
2421
1552
1290
1007
-130
-2078
-4292
-5908
-6475
-6160
-5576
-5579
-6715
-8052
-8572
-7949
-6616
-5517
-4739
-5514
-6838
-6679
-5171
-3322
-1958
-2320
-3370
-3217
-2512
-2435
-2179
-1607
-1724
-1899
-2031
-3033
-3671
-3743
-3944
-3838
-3476
-4039
-5372
-6201
-6197
-5454
-4562
-4302
-4717
-4812
-4470
-4015
-3165
-2346
-1684
-996
-394
265
995
1495
2070
3120
4562
5808
6376
6784
7579
8935
10298
11361
12084
12642
14012
15243
15898
16372
16061
15078
13457
9832
6832
7683
10383
10470
5771
-1244
-5288
-3966
-1455
-2181
-5026
-7777
-10123
-11326
-11457
-10805
-9352
-8943
-9605
-9262
-8315
-7798
-7468
-6175
-3068
361
1616
662
200
1658
4427
7167
8921
9277
8682
7738
7283
8347
9697
9859
9043
7601
6172
4957
3464
2282
1929
1551
661
-1121
-3219
-5067
-6080
-6062
-5676
-5325
-5889
-7395
-8603
-8533
-7512
-5904
-5113
-6058
-6738
-6598
-5969
-4634
-3448
-3339
-3382
-3107
-3186
-3331
-2651
-2398
-2388
-1797
-1996
-3030
-3433
-3977
-4134
-3500
-3296
-4029
-4907
-5648
-5991
-5456
-4710
-4424
-4475
-4606
-4643
-4053
-3262
-2797
-2211
-1533
-852
-81
523
871
1456
2378
3664
4917
5834
6190
6609
7781
9299
10444
11204
11990
12753
13845
14660
15111
15904
16085
15206
13676
10839
7628
6990
8520
9546
7315
1548
-3930
-5132
-2884
-2067
-3991
-6781
-9283
-10646
-11087
-11026
-9893
-8787
-8980
-9020
-8491
-7730
-7037
-6137
-3979
-672
1450
1459
735
1438
3704
6384
8411
9076
8782
8087
7428
7833
8991
9546
9147
7904
6351
5119
3815
2533
1754
1366
738
-694
-2668
-4575
-5807
-6090
-5929
-5546
-5726
-6936
-8253
-8514
-7784
-6247
-5331
-6150
-6891
-6494
-5491
-4549
-4019
-4065
-3961
-3119
-2617
-3019
-2998
-2932
-3073
-2463
-2037
-2595
-3301
-4047
-4445
-4036
-3543
-3928
-4861
-5487
-5574
-5289
-4835
-4803
-4840
-4549
-4204
-3680
-3172
-2930
-2649
-2116
-1217
-37
709
912
973
1541
2769
4234
5265
5768
6038
7092
8209
8973
10173
10995
11749
12914
13975
14419
15011
15545
15588
14620
13525
11625
8880
7661
7936
7909
6535
2851
-1520
-3666
-3200
-2733
-3993
-6190
-8052
-9469
-10153
-9991
-9615
-8838
-8630
-8559
-7957
-7165
-6296
-5360
-3959
-1442
639
1348
1597
2067
3617
5698
7405
8338
8389
8017
7682
7791
8430
8941
8529
7516
6213
5003
3911
2696
1869
1225
353
-790
-2418
-4104
-5148
-5623
-5644
-5620
-5931
-6654
-7549
-7767
-7175
-6252
-5203
-5548
-6619
-6087
-5145
-4309
-3342
-3267
-3753
-3669
-3075
-3068
-2829
-1910
-2568
-3466
-2906
-3153
-3725
-3608
-4080
-4465
-4159
-4391
-5374
-5847
-5634
-5504
-5272
-4931
-5190
-5207
-4790
-4370
-3430
-2605
-2523
-2428
-1926
-989
175
799
1147
1379
2124
3358
4390
5152
5589
6181
7147
8260
9484
10132
10344
10989
12199
13053
13804
14390
15029
15701
15001
12605
10853
10050
9057
8185
7373
6087
4111
892
-2634
-3847
-2632
-2528
-4732
-7260
-8989
-9534
-9331
-9341
-8762
-7823
-7867
-8277
-7849
-6611
-5046
-3775
-2493
-683
804
1257
1414
2634
4751
6602
7577
7515
7353
7450
7450
7721
8370
8343
7538
6194
4737
3853
3072
2190
1405
471
-630
-2095
-3600
-4680
-5163
-5326
-5614
-6132
-6572
-7095
-7488
-7256
-6571
-5798
-5147
-6121
-7306
-6677
-5784
-4585
-3322
-3748
-4580
-4380
-4114
-4047
-3127
-2442
-3284
-3452
-3282
-4224
-4160
-3777
-4491
-4171
-3826
-4813
-5547
-5661
-5699
-5098
-4345
-4447
-4826
-4646
-4411
-3770
-2582
-2204
-2186
-1764
-1391
-454
544
918
1331
2162
3127
4181
4737
4847
5214
6479
8030
9084
9508
9836
10368
11255
12145
12862
13646
14429
15144
14800
12880
10766
9934
9945
9695
7880
5301
3581
2501
722
-1616
-3125
-3528
-4100
-5524
-7243
-8350
-8755
-8926
-8890
-8102
-7385
-7456
-7713
-7285
-5694
-3760
-2503
-1662
-590
599
1621
2456
3686
5106
6185
6845
6956
7118
7246
7190
7147
7348
7212
6486
5199
3876
2962
2242
1547
695
-341
-1540
-2897
-4069
-4802
-5147
-5387
-5719
-6196
-6625
-6934
-7042
-6660
-6207
-5387
-6104
-7732
-7020
-5153
-4254
-3970
-4723
-5764
-4789
-3142
-3435
-3793
-2946
-3562
-4337
-3328
-3305
-3997
-3686
-4310
-4903
-4120
-4233
-5506
-5677
-5096
-4898
-4652
-4717
-5142
-4773
-3986
-3555
-2873
-2350
-2582
-2533
-1972
-935
347
823
677
949
1779
2807
3633
4263
5010
5943
6794
7381
8027
8909
9999
10791
11305
11964
12429
13259
14174
15096
14643
12647
10816
10406
10822
10458
7714
4656
3482
3268
2236
-304
-2993
-4027
-4286
-4881
-6085
-7370
-8249
-8951
-9043
-8101
-7205
-7229
-7567
-7428
-5861
-3880
-2695
-2103
-1442
-64
1474
2558
3530
4423
5135
5874
6351
6885
7146
6962
6773
6704
6591
6151
5094
3994
3076
2270
1654
740
-400
-1513
-2712
-3570
-4096
-4697
-5276
-5818
-6191
-6399
-6504
-6627
-6560
-6265
-5803
-6578
-7505
-6574
-5265
-4659
-4304
-4959
-5652
-4735
-3522
-3729
-3602
-3054
-3900
-4342
-3432
-3580
-3860
-3522
-4347
-4758
-4176
-4504
-5413
-5309
-4984
-4927
-4675
-4839
-5306
-4926
-4211
-3805
-3014
-2469
-2602
-2554
-2266
-1505
-303
511
844
1042
1458
2266
2964
3851
4819
5569
6153
6619
7540
8590
9241
9555
10178
11267
12416
12958
13173
13459
14115
14298
12960
10967
9947
9526
8598
7007
5194
3614
2500
804
-1454
-3038
-3640
-4352
-5451
-6561
-7400
-8162
-8661
-8716
-8014
-7265
-7051
-7070
-6670
-5560
-3988
-2834
-1843
-743
354
1335
2163
3096
4216
5139
5678
6075
6379
6415
6232
6006
6048
5983
5446
4395
3276
2369
1577
834
-33
-943
-1961
-3048
-4085
-4814
-5208
-5641
-6014
-6365
-6511
-6688
-6854
-6858
-6574
-6488
-7667
-7807
-6345
-5228
-4871
-5197
-6340
-6236
-4611
-3866
-4207
-3873
-3934
-4869
-4542
-3771
-4144
-4077
-4209
-5123
-4961
-4495
-5248
-5766
-5404
-5093
-5021
-5047
-5441
-5596
-4965
-4268
-3661
-3000
-3013
-3323
-3080
-2399
-1194
-82
124
245
649
1349
2220
2872
3660
4645
5633
6398
7077
7357
7765
8565
9972
11418
11980
11574
11384
12145
14016
14697
13189
10634
8869
9020
9124
7681
5473
3491
2168
910
-1105
-2687
-3491
-4260
-5471
-6674
-7382
-8003
-8875
-9152
-8554
-7552
-7001
-7353
-7460
-6328
-4788
-3286
-2266
-1364
-324
448
1344
2534
3747
4754
5261
5534
5945
6222
6218
6100
5942
5997
5670
4788
3759
2718
1886
1284
496
-221
-1272
-2532
-3625
-4391
-4698
-4936
-5490
-6019
-6328
-6488
-6569
-6656
-6270
-6030
-5722
-6549
-7516
-6077
-4312
-4089
-4193
-4932
-5571
-4382
-3025
-3350
-3395
-2826
-3675
-4297
-3303
-3363
-3910
-3468
-4098
-4634
-4162
-4563
-5561
-5206
-4549
-4480
-4568
-4717
-5073
-4705
-3741
-3155
-2369
-2049
-2392
-2354
-1640
-523
689
1149
1258
1659
2000
2762
3761
4764
5716
6362
6749
7389
8333
9184
9495
10183
11301
12111
12143
12190
12487
14189
15051
13181
10177
8692
9288
9759
8105
5259
3231
2320
1368
-642
-2262
-2960
-3775
-5010
-6296
-6918
-7127
-7977
-8553
-7853
-6657
-6179
-6739
-7066
-5810
-3833
-2356
-1674
-1033
-28
849
1782
2970
4291
5266
5553
5509
5959
6393
6397
6324
6082
5997
5615
4604
3547
2712
2051
1407
554
-348
-1329
-2563
-3597
-4218
-4411
-4595
-5238
-5837
-6251
-6605
-6885
-6758
-6315
-5962
-6360
-6632
-6191
-5305
-4458
-4499
-4608
-4085
-3466
-3133
-3098
-2951
-2598
-2627
-2631
-2566
-2644
-2698
-3076
-3452
-3245
-3234
-3537
-4036
-4296
-4137
-3984
-4118
-4136
-3992
-3591
-3233
-2924
-2451
-2030
-1686
-1529
-1163
-400
416
1110
1567
1965
2585
3324
3810
4616
5735
6602
7354
7999
8385
9046
9740
10536
11360
12195
12463
12169
12483
13765
15191
14872
12395
9765
9115
9512
9289
7461
5158
3568
2385
575
-1230
-2223
-2585
-3430
-4701
-5867
-6459
-7083
-7585
-7541
-6502
-5529
-5584
-6060
-5866
-4439
-2669
-1322
-482
324
1046
1690
2738
4001
5313
6000
6284
6357
6589
6702
6662
6642
6714
6470
5728
4594
3495
2754
2070
1370
626
-261
-1319
-2507
-3520
-4009
-4227
-4442
-4802
-5303
-5633
-6333
-7006
-6788
-6047
-5248
-4906
-5517
-6084
-5611
-4693
-3807
-3083
-2862
-3150
-3307
-2989
-2702
-2247
-1885
-2262
-2480
-2509
-2790
-3113
-3318
-3334
-3173
-3284
-3738
-4303
-4644
-4540
-4148
-3646
-3414
-3501
-3495
-3310
-2666
-1869
-1554
-1218
-911
-419
343
911
1303
1911
2664
3482
4185
4721
5367
6179
7281
7845
8290
8967
9640
10164
10879
11272
11318
11892
12625
13590
13986
12304
9395
8166
8686
8882
7399
4857
2729
1593
556
-1247
-2745
-3111
-3854
-5201
-6500
-7224
-7502
-7845
-8231
-7539
-6530
-6300
-6731
-6848
-5663
-3749
-2305
-1594
-954
-160
601
1441
2739
4004
4807
5165
5059
5270
5657
5666
5563
5501
5367
4929
3840
2681
1912
1302
820
128
-780
-1847
-3030
-3969
-4517
-4723
-4867
-5271
-5770
-6322
-7031
-7403
-7134
-6443
-5895
-5961
-6259
-6299
-5798
-4938
-4269
-3864
-3515
-3381
-3360
-3161
-2802
-2514
-2332
-2268
-2413
-2585
-2804
-3197
-3281
-3119
-3146
-3379
-3782
-4138
-4239
-4090
-3921
-3693
-3459
-3435
-3330
-3009
-2413
-1770
-1347
-1187
-864
-273
415
1123
1642
2156
2750
3256
3957
4887
5597
6229
6922
8019
8805
9181
9184
9619
10814
11956
12198
11899
12158
12883
13993
13827
11968
9840
8789
8524
7981
6613
4930
3434
2029
134
-1759
-2673
-2748
-3460
-4719
-6049
-6627
-6890
-7320
-7273
-6543
-5713
-5474
-5725
-5471
-4231
-2837
-1688
-766
254
1119
1659
2255
3228
4532
5505
5814
5770
5931
5952
5885
5812
5746
5696
5072
3969
2904
2065
1482
829
65
-704
-1522
-2549
-3539
-4312
-4452
-4528
-4783
-5299
-6316
-6915
-6739
-6166
-5596
-5373
-5726
-5944
-5575
-4970
-4479
-3853
-3341
-3289
-3189
-2930
-2784
-2572
-2317
-2313
-2261
-2193
-2616
-3081
-3302
-3188
-3093
-3180
-3538
-4061
-4382
-4468
-4283
-3864
-3635
-3651
-3679
-3547
-3035
-2388
-1895
-1692
-1427
-975
-446
269
914
1386
1901
2496
3240
4104
5068
5557
5967
6822
7531
8243
9016
9411
9948
10666
10955
11242
11841
12819
13579
13226
11158
8962
8322
8808
8458
6765
4295
2489
1520
302
-1357
-2610
-3465
-4182
-5138
-6210
-6997
-7589
-8164
-7986
-6973
-6223
-6228
-6710
-6580
-5201
-3385
-2074
-1436
-855
-123
707
1790
2929
3982
4676
4834
5048
5404
5594
5498
5352
5249
5251
4783
3673
2521
1688
1126
724
90
-799
-1981
-3128
-3921
-4259
-4383
-4736
-5187
-5596
-6113
-6843
-6996
-6612
-6110
-5674
-5603
-5868
-5816
-5180
-4676
-4173
-3391
-3015
-3199
-3186
-2973
-2721
-2295
-2061
-2230
-2435
-2518
-2820
-3168
-3116
-3001
-3123
-3400
-3857
-4185
-4282
-4177
-3892
-3616
-3360
-3237
-3297
-3045
-2303
-1639
-1238
-982
-706
-261
414
1214
1824
2390
2859
3412
4201
5070
5795
6262
6778
7771
8654
9167
9310
9688
10438
11178
11605
11700
12039
12605
12847
12049
10445
9140
8750
8551
7427
5350
3449
2231
1514
316
-1360
-2706
-3434
-4285
-5134
-5786
-6158
-6491
-6858
-6980
-6491
-5769
-5432
-5257
-4659
-3516
-2306
-1426
-718
84
1101
2046
2945
3780
4488
4965
5344
5587
5980
6111
5871
5573
5343
5128
4592
3739
2809
1993
1346
570
-185
-906
-1822
-2733
-3410
-3897
-4116
-4368
-4717
-5208
-5901
-6377
-6260
-5803
-5301
-5251
-5553
-5558
-5172
-4552
-4058
-3569
-3240
-3241
-3081
-2863
-2630
-2289
-2262
-2353
-2338
-2384
-2724
-2961
-3114
-3106
-3061
-3293
-3639
-4037
-4173
-4178
-3958
-3692
-3576
-3523
-3477
-3233
-2695
-2026
-1718
-1542
-1366
-902
-147
567
1030
1380
1959
2628
3436
4042
4543
5024
5816
6809
7655
8146
8121
8471
9354
10183
10942
11042
10754
11148
12047
11561
9821
8079
7469
7949
7900
5420
2359
796
554
26
-1227
-3019
-4343
-5204
-6219
-6919
-6816
-6880
-7579
-8149
-7790
-6797
-6217
-6450
-6208
-4865
-3283
-2302
-2002
-1462
-362
802
1742
2666
3492
3791
3772
3958
4574
5118
5113
4536
4045
3827
3419
2724
1981
1235
609
-200
-1117
-1910
-2762
-3579
-4231
-4580
-4763
-5181
-5751
-6420
-7183
-7280
-6888
-6581
-6401
-6463
-6740
-6670
-6114
-5394
-4885
-4422
-4222
-4281
-4065
-3588
-3285
-2997
-2856
-2920
-3021
-3177
-3282
-3392
-3485
-3429
-3502
-3819
-4132
-4410
-4592
-4476
-4252
-4155
-4088
-4040
-3962
-3691
-3093
-2495
-2102
-1962
-1857
-1538
-794
76
774
1244
1633
2148
2669
3590
4435
5066
5637
6463
7322
7824
8040
8265
8955
10110
10977
10974
10615
10725
11662
11769
10448
8586
7412
7477
7680
6150
3477
1353
433
-137
-862
-1878
-3324
-4820
-5922
-6565
-6393
-6201
-6774
-7436
-7336
-6603
-5899
-5736
-5470
-4428
-3063
-1912
-1277
-781
-67
974
2176
3261
4117
4474
4304
4428
5056
5597
5858
5559
4949
4485
4048
3512
2822
2163
1478
716
-100
-875
-1800
-2659
-3253
-3630
-3803
-4256
-4869
-5742
-6495
-6431
-5999
-5661
-5562
-5806
-6047
-5759
-5190
-4649
-4116
-3638
-3454
-3363
-3096
-2796
-2555
-2202
-2023
-1977
-2016
-2250
-2490
-2633
-2573
-2384
-2568
-2868
-3279
-3678
-3729
-3541
-3349
-3256
-3254
-3285
-3124
-2722
-2147
-1669
-1394
-1249
-973
-528
258
1002
1406
1949
2536
3180
3996
4805
5311
5854
6601
7439
8341
9158
9151
9274
10046
10841
11711
12290
11983
12043
12474
11730
10284
9083
8619
8455
7733
5491
3018
1895
1264
229
-877
-2192
-3407
-4367
-5448
-5938
-5796
-5943
-6358
-6589
-6324
-5728
-5201
-4961
-4228
-2926
-1813
-1070
-350
448
1316
2498
3400
4239
5100
5302
5365
5714
6109
6452
6455
5979
5616
5163
4518
3863
3216
2562
1835
1053
99
-842
-1619
-2390
-2896
-3053
-3480
-4052
-4508
-5134
-5610
-5707
-5493
-5043
-4765
-4904
-5146
-5066
-4495
-3811
-3296
-2856
-2555
-2506
-2441
-2172
-1814
-1535
-1347
-1378
-1633
-1825
-1960
-2211
-2303
-2174
-2311
-2621
-3017
-3296
-3403
-3283
-3076
-2976
-2850
-2717
-2658
-2361
-1778
-1250
-892
-672
-424
64
773
1496
1976
2369
3063
3807
4354
4949
5624
6349
7294
8020
8542
8931
9160
9534
10276
11083
11830
12132
11972
12050
12160
11129
9643
8852
8802
8608
6808
3853
1927
1828
1695
189
-1891
-3225
-3979
-4710
-5535
-5954
-5790
-6078
-6753
-6829
-6140
-5324
-5148
-4935
-3814
-2268
-1380
-1052
-554
672
2075
3027
3696
4355
4903
5025
5209
5744
6250
6343
5858
5300
5045
4711
3960
3193
2584
1982
1144
141
-867
-1534
-2115
-2827
-3393
-3638
-4025
-4596
-5068
-5316
-5572
-5748
-5689
-5460
-5087
-4889
-4911
-4861
-4333
-3834
-3446
-2995
-2646
-2560
-2542
-2314
-2087
-1848
-1709
-1899
-2117
-2235
-2383
-2541
-2720
-2783
-2902
-3144
-3406
-3613
-3642
-3567
-3423
-3239
-3008
-2775
-2551
-2240
-1773
-1321
-985
-639
-376
164
955
1582
1976
2376
2889
3576
4440
5231
5787
6288
6921
7544
8211
8707
9243
9822
9938
10477
11143
11525
12040
12593
11878
9972
8394
7891
8205
8154
6119
3285
1784
1211
381
-946
-2412
-3243
-3923
-4913
-5894
-6279
-6517
-6703
-6663
-6142
-5562
-5422
-5681
-5164
-3631
-2110
-1155
-704
-249
648
1694
2623
3614
4543
4937
4989
5044
5294
5569
5640
5459
5235
4922
4280
3336
2449
1820
1328
682
-133
-1079
-1994
-2861
-3509
-3829
-3955
-4246
-4779
-5324
-5616
-5830
-5930
-5618
-5241
-5089
-4946
-5108
-5048
-4395
-3784
-3561
-3261
-2901
-2994
-2943
-2726
-2630
-2390
-2172
-2472
-2772
-2858
-3035
-3267
-3368
-3346
-3486
-3735
-4063
-4251
-4287
-4096
-3886
-3724
-3550
-3303
-3072
-2756
-2142
-1676
-1419
-1048
-708
-122
737
1386
1849
2337
2705
3206
4077
5110
5747
6202
6634
7039
7916
8742
8939
9124
9695
10469
11197
11646
11924
11669
10602
8912
8001
8192
8337
7115
4498
2072
1140
866
-176
-1623
-2790
-3847
-4800
-5686
-6326
-6457
-6482
-6748
-6643
-6182
-5871
-5805
-5619
-4539
-2918
-1685
-1169
-779
-19
956
2113
3235
4115
4652
4824
4867
5176
5588
5766
5653
5405
5063
4555
3726
2865
2242
1720
1149
299
-725
-1686
-2521
-3190
-3564
-3792
-4105
-4551
-5054
-5355
-5579
-5724
-5715
-5450
-5020
-4728
-4929
-5115
-4760
-4070
-3418
-3092
-2948
-2998
-2922
-2703
-2531
-2279
-2090
-2274
-2663
-2843
-2935
-3053
-3199
-3400
-3536
-3679
-3888
-4147
-4319
-4240
-4016
-3818
-3560
-3295
-3175
-2940
-2336
-1694
-1317
-1047
-713
-319
403
1224
1689
2128
2625
3008
3688
4576
5166
5698
6320
6866
7579
8218
8613
8883
9454
10154
10774
11173
11217
11525
11212
9604
8032
7426
7461
7363
5739
3053
1250
549
-324
-1487
-2463
-3363
-4402
-5571
-6523
-6602
-6455
-6743
-6974
-6641
-6059
-5665
-5671
-5248
-3750
-2370
-1518
-914
-249
577
1523
2489
3486
4483
4876
4819
4848
5208
5558
5662
5369
4997
4595
3990
3135
2389
1728
1089
404
-469
-1271
-2117
-3090
-3777
-4070
-4149
-4375
-4832
-5312
-5746
-5990
-6000
-5876
-5404
-4917
-4928
-5139
-5013
-4484
-3914
-3443
-3089
-2877
-2845
-2828
-2850
-2604
-2252
-2216
-2418
-2661
-2889
-3169
-3354
-3443
-3440
-3489
-3691
-4058
-4307
-4281
-4069
-3837
-3543
-3243
-3029
-2735
-2328
-1930
-1572
-1244
-855
-265
504
1090
1465
1842
2272
2914
3735
4584
5214
5685
6312
6742
7406
8140
8571
9098
9683
9850
10329
10907
11433
11962
11389
9452
7819
7473
8128
8125
6320
3311
1029
533
360
-297
-1517
-3259
-4727
-5567
-5978
-5955
-6163
-6652
-6831
-6523
-5975
-5566
-5546
-5187
-3917
-2410
-1343
-883
-478
147
1258
2643
3743
4443
4652
4476
4719
5293
5715
5831
5450
4922
4484
3961
3288
2629
1835
1127
350
-371
-1172
-2134
-3050
-3728
-3931
-3958
-4373
-4955
-5396
-5842
-6054
-6011
-5751
-5448
-5248
-5265
-5443
-5135
-4475
-4086
-3803
-3400
-3230
-3106
-2934
-2848
-2713
-2419
-2400
-2628
-2774
-2902
-3198
-3363
-3383
-3529
-3609
-3880
-4173
-4293
-4255
-4087
-3992
-3786
-3459
-3242
-2999
-2497
-2005
-1754
-1551
-1188
-870
-68
775
1186
1536
1999
2545
3185
4075
4833
5402
6118
6752
7126
7835
8503
8677
9273
10022
10580
10924
11049
11240
10798
9588
8102
7251
7515
7506
5797
3079
869
38
-224
-1093
-2100
-3454
-4973
-6001
-6610
-6667
-6410
-6645
-7022
-6937
-6339
-5901
-5659
-5075
-3869
-2501
-1384
-927
-482
326
1355
2672
3707
4525
4858
4664
4668
5140
5595
5796
5538
4984
4387
3689
3076
2400
1773
1151
326
-583
-1392
-2300
-3105
-3718
-4069
-4105
-4337
-4833
-5370
-5892
-6158
-6102
-5584
-4967
-4855
-5033
-5108
-4869
-4242
-3620
-3262
-2980
-2832
-2751
-2680
-2583
-2302
-2106
-2146
-2273
-2505
-2762
-2982
-3266
-3271
-3229
-3323
-3588
-3970
-4089
-3986
-3797
-3560
-3264
-3010
-2753
-2523
-2113
-1674
-1346
-1063
-648
-106
645
1222
1597
2007
2379
3012
3798
4712
5356
5812
6199
6630
7578
8398
8733
9244
9648
9883
10376
10971
11589
12031
10983
8785
7257
7351
8006
7765
5682
2661
701
195
-270
-842
-1923
-3584
-4941
-5772
-6199
-6134
-6274
-6646
-6641
-6169
-5639
-5480
-5445
-4763
-3367
-1821
-810
-374
0
570
1663
2992
4150
4881
4974
4669
4928
5331
5701
5793
5399
4969
4335
3663
2879
2157
1502
870
215
-555
-1439
-2447
-3318
-3957
-4033
-4081
-4343
-4844
-5585
-6227
-6214
-5897
-5408
-4879
-4795
-5183
-5181
-4731
-4173
-3516
-3023
-3001
-3001
-2806
-2761
-2625
-2273
-2159
-2222
-2309
-2548
-2898
-3198
-3251
-3195
-3164
-3266
-3603
-4047
-4138
-3963
-3660
-3351
-3078
-2847
-2708
-2261
-1891
-1618
-1178
-764
-262
335
836
1217
1650
2269
2907
3490
4157
4960
5649
6355
6796
7021
7721
8747
9458
9619
9670
9943
10554
11540
12268
11416
9452
7787
7307
7897
8313
6713
3610
1037
129
100
-98
-1153
-2958
-4724
-5551
-5920
-6007
-6222
-6566
-6684
-6421
-5864
-5506
-5450
-5109
-3940
-2343
-1007
-397
-283
116
1166
2633
3927
4726
4892
4687
4678
5123
5612
5862
5610
4978
4424
3846
3204
2440
1684
1064
472
-256
-1181
-2217
-3233
-3854
-4061
-4045
-4229
-4770
-5616
-6291
-6401
-6142
-5762
-5267
-5077
-5365
-5470
-5190
-4624
-3967
-3427
-3226
-3198
-3031
-3000
-3024
-2693
-2386
-2319
-2428
-2752
-3091
-3322
-3417
-3363
-3395
-3526
-3802
-4173
-4268
-4115
-3894
-3705
-3504
-3229
-2975
-2612
-2174
-1911
-1598
-1203
-807
-215
548
1108
1600
2087
2561
3109
3910
4732
5386
5974
6557
7028
7625
8279
8837
9295
9839
10354
10637
10903
11488
11460
10236
8663
7462
7399
7768
6675
4097
1744
698
265
-391
-1623
-3055
-4332
-5226
-5924
-6144
-6095
-6489
-6818
-6866
-6269
-5556
-5330
-5135
-4262
-2911
-1637
-878
-471
245
1157
2273
3341
4205
4626
4664
4716
5012
5438
5642
5397
4856
4440
3851
3193
2538
1811
1094
323
-516
-1308
-2116
-2962
-3680
-4125
-4260
-4525
-4937
-5404
-5650
-5816
-5877
-5720
-5498
-5126
-4838
-4871
-4807
-4319
-3937
-3558
-3103
-2961
-2916
-2689
-2588
-2565
-2362
-2265
-2519
-2741
-2888
-3099
-3289
-3410
-3538
-3758
-3841
-3988
-4167
-4186
-4088
-3941
-3773
-3468
-3137
-2873
-2402
-1946
-1636
-1338
-1020
-589
107
904
1535
2025
2417
2805
3408
4275
5056
5758
6319
6501
6636
7251
8212
9130
9437
9549
9545
9942
10780
11658
11225
9546
7805
7018
7408
7729
6130
3292
1307
518
245
-384
-1678
-3170
-4459
-5245
-5624
-5749
-5912
-6442
-6842
-6523
-5729
-5208
-5140
-4992
-3973
-2548
-1280
-641
-307
295
1294
2464
3561
4282
4537
4503
4638
5113
5525
5599
5198
4640
4201
3848
3205
2532
1637
836
206
-584
-1354
-2208
-3029
-3689
-4015
-4280
-4472
-4812
-5232
-5576
-5678
-5670
-5643
-5483
-5097
-4801
-4736
-4626
-4330
-3950
-3496
-3047
-2933
-2988
-2805
-2798
-2759
-2477
-2450
-2708
-2882
-3095
-3326
-3457
-3520
-3734
-3907
-3943
-4103
-4212
-4188
-4108
-3959
-3768
-3415
-3061
-2721
-2243
-1850
-1682
-1309
-891
-369
420
1091
1437
1740
2286
2803
3563
4460
4910
5176
5744
6365
7066
7806
8383
8697
8938
9522
10160
10638
11371
11581
10360
8629
7460
7336
7834
7601
5249
2278
835
556
73
-887
-2334
-3649
-4587
-5452
-6070
-6201
-6378
-6557
-6610
-6172
-5617
-5532
-5648
-4916
-3368
-1814
-1018
-755
-448
391
1669
2817
3902
4491
4554
4406
4654
5177
5514
5422
4952
4592
4137
3498
2644
1894
1217
592
-63
-850
-1720
-2695
-3644
-4195
-4241
-4323
-4581
-5103
-5598
-5681
-5710
-5740
-5532
-5281
-4938
-4639
-4713
-4640
-4245
-3752
-3300
-2836
-2792
-3008
-2976
-2915
-2844
-2535
-2495
-2956
-3218
-3381
-3599
-3703
-3788
-3969
-4158
-4332
-4429
-4508
-4446
-4303
-4195
-3885
-3515
-3162
-2849
-2426
-1965
-1668
-1337
-884
-457
163
1004
1465
1708
2082
2500
3335
4420
5042
5331
5685
6235
6805
7605
7948
8334
9124
9644
9948
10196
10480
10638
10021
8540
7295
6940
7018
6317
4233
1860
746
353
-558
-1769
-2980
-4083
-5024
-5752
-6338
-6344
-6407
-6921
-6968
-6449
-5850
-5550
-5405
-4658
-3348
-2084
-1435
-931
-207
709
1791
2780
3580
4178
4320
4307
4581
5036
5200
5047
4566
4126
3646
3010
2356
1637
847
67
-702
-1450
-2196
-3033
-3857
-4352
-4514
-4695
-5077
-5463
-5669
-5678
-5680
-5770
-5702
-5527
-5134
-4756
-4690
-4644
-4298
-3875
-3542
-3152
-3069
-3182
-3112
-3029
-2996
-2819
-2875
-3253
-3476
-3577
-3694
-3803
-4004
-4269
-4387
-4484
-4496
-4516
-4574
-4507
-4347
-4006
-3591
-3155
-2819
-2428
-1856
-1555
-1233
-796
-386
278
1141
1589
1957
2340
2698
3304
4273
5045
5569
6091
6414
6885
7462
8032
8552
9174
9596
9876
10482
10992
10707
9260
7590
7100
7518
7460
5654
3026
1345
794
326
-758
-2085
-3216
-4302
-5273
-5866
-6001
-6008
-6436
-6720
-6367
-5681
-5337
-5380
-5022
-3821
-2331
-1350
-868
-428
330
1347
2444
3526
4292
4540
4511
4640
5175
5549
5541
5197
4782
4364
3860
3140
2400
1717
1042
338
-395
-1129
-2065
-3003
-3620
-3867
-3931
-4210
-4711
-5163
-5228
-5022
-4629
-4356
-3965
-4085
-4856
-4812
-3827
-2897
-2388
-2454
-3020
-3146
-2578
-2303
-2313
-1962
-1998
-2609
-2772
-2743
-2919
-3132
-3330
-3390
-3553
-3745
-4169
-4553
-4507
-3932
-3703
-3806
-3806
-3781
-3624
-3068
-2155
-1563
-1113
-861
-988
-581
208
780
1440
2014
2428
2806
3029
3422
3829
4570
5493
6115
6597
6904
7084
7321
7941
9010
9860
10302
10218
10141
10616
10569
9446
8083
7499
7762
7769
5723
2734
1324
1335
1222
204
-1537
-3166
-4117
-4708
-5231
-5100
-4957
-5647
-6353
-6219
-5499
-4753
-4654
-4326
-3179
-1961
-1223
-925
-409
665
1827
2762
3618
4275
4390
4164
4482
5161
5672
5629
4996
4360
3996
3508
2914
2417
1726
1002
55
-816
-1461
-2182
-2953
-3536
-3736
-3917
-4269
-4804
-5195
-5069
-4685
-4451
-4597
-4798
-4906
-4617
-3960
-3516
-3345
-3232
-3160
-2992
-2661
-2504
-2532
-2446
-2318
-2412
-2468
-2590
-3072
-3244
-3205
-3260
-3376
-3675
-4098
-4348
-4317
-4097
-3924
-3999
-4103
-4088
-3800
-3280
-2817
-2418
-2000
-1497
-1076
-803
-497
-144
381
1197
1973
2370
2530
2666
3034
3921
4893
5526
5872
6245
6543
6923
7600
8285
8850
9217
9499
9858
10489
10987
10154
8501
7431
7323
7575
7137
4964
2419
1172
921
413
-744
-2120
-3387
-4259
-4953
-5404
-5550
-5769
-6141
-6301
-5884
-5289
-5058
-5140
-4536
-3178
-1897
-1117
-757
-246
597
1645
2616
3609
4254
4327
4221
4449
4994
5262
5178
4755
4392
3914
3289
2658
2065
1398
740
-39
-808
-1584
-2501
-3289
-3682
-3809
-3999
-4401
-4842
-5128
-5041
-4789
-4471
-4086
-3778
-3749
-4297
-4631
-4005
-2896
-2166
-2149
-2609
-3034
-2927
-2393
-2215
-2017
-1847
-2267
-2919
-3096
-3012
-3139
-3305
-3318
-3465
-3773
-4102
-4451
-4520
-4125
-3674
-3608
-3642
-3526
-3406
-3122
-2311
-1358
-738
-532
-625
-498
-5
800
1719
2446
2770
2878
2937
3265
4091
4979
5641
6260
6789
6829
6882
7261
7893
8948
10145
10448
10341
10431
10205
9341
8345
7950
8198
8330
7123
4292
1792
1099
1338
1066
22
-1677
-3444
-4763
-5283
-5179
-4890
-4892
-5554
-6159
-6034
-5518
-5142
-4600
-3589
-2400
-1601
-1301
-1019
-425
730
2049
3200
4051
4234
3955
3854
4371
5230
5751
5497
4874
4143
3468
2949
2533
2265
1640
795
-260
-1175
-1929
-2686
-3262
-3517
-3581
-3921
-4525
-5168
-5326
-5069
-4587
-4096
-3896
-3777
-4173
-4787
-4663
-3475
-2259
-1814
-2359
-3203
-3314
-2775
-2131
-1911
-1861
-2113
-2738
-3194
-3273
-3067
-3139
-3409
-3507
-3721
-4115
-4525
-4859
-4648
-3983
-3664
-3750
-4008
-4052
-3799
-3246
-2210
-1443
-976
-930
-1091
-828
-127
694
1466
2012
2322
2478
2626
3050
3650
4499
5323
5713
6198
6515
6599
7013
7748
8384
8926
9622
10060
10184
10607
10209
8632
7287
7186
7484
7658
6352
3373
863
209
479
391
-596
-2392
-4130
-5208
-5488
-5303
-5030
-5364
-5860
-6014
-5726
-5204
-4920
-4600
-3530
-2211
-1211
-724
-556
-132
819
2222
3433
4256
4259
3846
3724
4276
4987
5356
5075
4344
3632
2962
2470
2151
1563
882
159
-748
-1490
-2278
-3120
-3697
-3834
-3838
-3932
-4407
-4989
-5284
-5120
-4448
-3811
-3481
-3495
-3631
-3421
-2947
-2969
-3300
-2894
-2147
-1802
-1763
-2378
-3382
-3296
-2433
-2257
-2319
-2445
-3465
-4324
-4046
-3598
-3539
-3673
-4168
-4799
-4856
-4553
-4426
-4311
-3873
-3517
-3449
-3286
-2869
-2441
-1871
-868
-171
17
86
-9
306
1347
2451
2913
3035
2921
3038
3537
4465
5212
5733
6143
6415
6724
7059
7627
8100
8662
9217
9772
10322
10574
9573
7815
6824
7081
7928
7921
5798
2606
565
383
762
717
-593
-2598
-4247
-5001
-5202
-4925
-4890
-5234
-5601
-5703
-5334
-4986
-4842
-4280
-3064
-1790
-942
-715
-724
-143
1113
2500
3635
4227
3992
3617
3682
4316
4992
5259
4846
4168
3445
2861
2379
1924
1462
940
211
-699
-1507
-2398
-3111
-3451
-3452
-3478
-3755
-4400
-5008
-5037
-4647
-4026
-3598
-3687
-3966
-4187
-4272
-3469
-2340
-2073
-2340
-2580
-2668
-2438
-1851
-1817
-2184
-2117
-2229
-2708
-2826
-2849
-3147
-3289
-3386
-3536
-3839
-4184
-4462
-4537
-4178
-3811
-3830
-3985
-3872
-3518
-3081
-2493
-1839
-1428
-1035
-805
-636
-140
416
960
1638
2178
2413
2774
3092
3485
4175
4950
5509
5920
6129
6241
6719
7503
8136
8604
8958
9117
9432
9932
10243
9674
8195
6891
6613
7004
6800
5051
2339
491
252
303
-172
-1397
-3155
-4615
-5147
-5135
-4972
-5091
-5686
-6271
-5945
-5266
-4747
-4545
-4211
-3349
-2179
-1212
-682
-342
137
1068
2243
3249
3813
3785
3514
3617
4231
4762
4760
4270
3571
2903
2528
2163
1786
1129
249
-531
-1282
-1925
-2595
-3305
-3762
-3926
-3997
-4292
-4711
-5012
-5077
-4787
-4291
-3873
-4137
-4382
-4475
-4296
-3277
-2365
-2556
-3031
-3035
-2951
-2655
-2136
-2250
-2743
-2636
-2701
-3122
-3074
-3180
-3616
-3820
-3753
-3856
-4257
-4641
-4699
-4569
-4224
-3859
-4066
-4361
-4097
-3631
-3070
-2318
-1772
-1601
-1314
-949
-577
-81
494
1085
1675
2065
2413
2728
3039
3693
4499
5051
5481
5784
6147
6574
7183
7637
7961
8473
9189
9594
9888
9943
9123
7759
7033
7079
7320
6741
4567
1984
610
607
587
-230
-1760
-3398
-4460
-5022
-5145
-5073
-5200
-5593
-5926
-5896
-5343
-4793
-4679
-4164
-3062
-1916
-1164
-895
-623
125
1342
2499
3389
3784
3704
3562
3826
4418
4939
4946
4354
3772
3244
2768
2389
1794
1204
580
-215
-970
-1725
-2531
-3116
-3449
-3552
-3708
-4057
-4542
-4886
-4809
-4431
-3886
-3486
-3650
-4120
-4039
-3863
-3315
-2233
-1869
-2341
-2679
-2650
-2547
-2051
-1620
-2076
-2511
-2391
-2771
-3165
-3077
-3195
-3439
-3526
-3675
-4082
-4468
-4482
-4400
-4283
-3842
-3719
-3979
-3966
-3564
-2947
-2315
-1636
-1190
-1171
-837
-489
-152
485
1262
1830
2242
2413
2518
2782
3535
4585
5248
5464
5565
5825
6343
7025
7654
8041
8172
8658
9224
9586
10238
9952
8575
7375
7125
7367
7256
6065
3694
1665
1009
860
376
-482
-2033
-3695
-4590
-4725
-4580
-4666
-5197
-5638
-5641
-5205
-4706
-4453
-4173
-3413
-2362
-1398
-658
-285
48
802
1973
3194
3928
3935
3696
3826
4314
4836
5106
4852
4270
3684
3126
2713
2346
1719
985
280
-431
-1063
-1778
-2518
-3070
-3290
-3423
-3671
-3936
-4262
-4529
-4380
-4026
-3573
-3397
-3774
-3854
-3620
-3405
-2584
-1879
-1988
-2318
-2420
-2472
-2108
-1477
-1572
-2265
-2400
-2415
-2721
-2839
-2854
-3179
-3550
-3631
-3725
-4023
-4220
-4226
-4322
-4106
-3706
-3772
-3961
-3654
-3149
-2656
-1982
-1347
-1095
-880
-526
-178
281
965
1637
2147
2515
2748
2971
3226
3962
4811
5584
6274
6494
6179
6267
7179
8163
8863
9245
9331
9337
9926
10129
9056
7715
6945
6847
7222
6711
4102
1333
362
603
620
-253
-2028
-3824
-4798
-5091
-4870
-4574
-4868
-5617
-6177
-5724
-4812
-4309
-4242
-3646
-2506
-1422
-712
-410
8
769
1849
2939
3945
4214
3940
3664
4043
4835
5295
5085
4346
3647
3029
2703
2386
1923
1217
395
-465
-1141
-1753
-2491
-3065
-3403
-3455
-3578
-3898
-4307
-4573
-4427
-3978
-3487
-3070
-2860
-2874
-3053
-3106
-2525
-2025
-1719
-1230
-1259
-1938
-2200
-2057
-1998
-1617
-1454
-2317
-3045
-3095
-3302
-3459
-3204
-3369
-3954
-4406
-4629
-4711
-4581
-4319
-4254
-4197
-3965
-3744
-3738
-3406
-2603
-1892
-1320
-667
-437
-526
-116
490
1083
1896
2386
2460
2609
2939
3354
3809
4491
5115
5425
5693
6130
6445
6699
7013
7555
8198
8937
9188
9217
9154
8480
7380
6500
6327
6792
6411
4359
1862
403
109
267
-118
-1519
-3150
-4331
-5068
-5047
-4666
-4761
-5240
-5588
-5456
-4979
-4515
-4370
-3774
-2767
-1698
-820
-592
-335
271
1247
2374
3503
3936
3686
3378
3496
4020
4601
4762
4215
3598
2906
2353
1995
1585
1116
423
-351
-1007
-1711
-2363
-3026
-3377
-3382
-3432
-3678
-4164
-4518
-4486
-4151
-3586
-3189
-2875
-2930
-3355
-3291
-2597
-2278
-2031
-1457
-1484
-2086
-2240
-2313
-2310
-1674
-1486
-2427
-3073
-3096
-3471
-3646
-3276
-3317
-3841
-4319
-4562
-4860
-4773
-4306
-4200
-4249
-3889
-3747
-3964
-3566
-2778
-2192
-1588
-871
-588
-529
-286
112
698
1619
2387
2502
2417
2673
3029
3564
4350
5046
5372
5568
5771
6052
6500
7214
7790
8210
8571
9055
9330
9245
8552
7283
6611
6953
7209
6443
4479
2029
694
745
808
220
-1170
-2970
-4255
-4576
-4595
-4458
-4551
-5082
-5456
-5328
-4967
-4529
-4189
-3700
-2743
-1579
-1025
-763
-477
131
1319
2541
3427
3739
3564
3311
3619
4334
4900
4923
4321
3559
3001
2643
2299
2017
1415
671
-54
-781
-1444
-2041
-2649
-3014
-3108
-3197
-3497
-3992
-4307
-4258
-3808
-3296
-2931
-2781
-2763
-2636
-2270
-2023
-1839
-1742
-1851
-1532
-865
-911
-1672
-2191
-2290
-2058
-1644
-1783
-2742
-3409
-3583
-3772
-3639
-3421
-3791
-4504
-4826
-4615
-4486
-4394
-4201
-4148
-3939
-3430
-3188
-3095
-2658
-1919
-1259
-517
73
59
-128
242
1031
1897
2596
2935
2749
2588
2976
3688
4549
5110
5264
5227
5481
5979
6585
7009
7429
7925
8302
8761
9351
9470
8612
7238
6401
6654
7299
6858
4959
2467
925
662
974
617
-611
-2346
-3923
-4543
-4398
-4212
-4441
-4919
-5325
-5354
-4912
-4592
-4402
-3909
-2982
-1988
-1235
-936
-729
-204
787
2085
3056
3460
3321
3131
3304
3961
4551
4669
4295
3637
3024
2560
2276
1938
1405
758
122
-585
-1215
-1910
-2588
-2894
-3023
-3108
-3349
-3790
-4165
-4303
-4033
-3443
-2918
-2803
-2837
-2840
-2643
-2490
-2259
-2000
-1985
-1577
-1073
-1533
-2255
-2318
-2384
-2421
-1985
-2109
-3025
-3427
-3580
-4046
-3916
-3498
-3978
-4583
-4640
-4666
-4646
-4411
-4123
-4098
-3915
-3472
-3339
-3132
-2494
-1837
-1283
-506
21
-124
-190
350
997
1852
2652
2737
2693
2759
3025
3584
4286
4973
5308
5471
5803
6253
6479
6795
7404
7876
8410
9007
9332
9140
8051
6534
5898
6591
7320
6727
4536
2015
599
366
459
424
-356
-2065
-3862
-4812
-4830
-4170
-4076
-4599
-4955
-4961
-4812
-4680
-4376
-3610
-2519
-1624
-1084
-834
-644
-308
590
1967
3223
3685
3312
2849
3046
3647
4249
4531
4201
3511
2723
2045
1793
1732
1271
691
-34
-792
-1494
-2241
-2791
-3003
-2922
-3015
-3374
-3839
-4311
-4404
-3979
-3437
-2876
-2834
-3281
-3583
-3330
-3013
-2645
-1960
-1557
-1824
-2318
-2762
-2787
-2154
-1620
-1928
-2553
-2924
-3369
-3734
-3564
-3254
-3416
-3883
-4301
-4653
-4794
-4593
-4403
-4301
-3961
-3770
-3954
-3903
-3459
-2859
-2220
-1466
-812
-666
-676
-596
-189
650
1573
2140
2182
2221
2465
2799
3225
3969
4594
5010
5439
5672
5641
6002
6716
7291
7892
8396
8456
8601
9056
8496
7297
6455
6216
6582
6750
5462
3136
1355
308
46
349
32
-1287
-3184
-4756
-5105
-4440
-4127
-4361
-4783
-5116
-5064
-4836
-4498
-3700
-2823
-2201
-1466
-968
-593
-231
346
1500
2816
3554
3467
3155
3039
3350
4007
4576
4635
4034
3064
2250
1946
1915
1679
1100
291
-538
-1243
-1990
-2477
-2769
-2926
-3084
-3344
-3628
-4070
-4284
-4189
-3715
-3128
-3058
-3374
-3535
-3583
-3461
-2646
-1815
-1792
-2172
-2599
-2792
-2465
-1930
-1921
-2256
-2294
-2495
-3017
-3295
-3219
-3280
-3507
-3575
-3726
-4186
-4452
-4513
-4497
-4048
-3578
-3683
-3884
-3758
-3338
-2779
-1997
-1254
-918
-823
-760
-462
-2
702
1483
1950
2254
2587
2587
2841
3698
4405
4787
5179
5628
5994
6399
6609
6900
7306
7944
8494
8830
9115
9058
7906
6250
5709
6392
7029
6610
4591
1986
367
-4
-37
204
-160
-1751
-3783
-5076
-5106
-4366
-3959
-4208
-4566
-4746
-4827
-4735
-4226
-3304
-2173
-1402
-916
-542
-407
-123
719
2092
3396
3906
3511
2996
2954
3399
4113
4631
4513
3782
2700
1899
1615
1600
1390
897
198
-620
-1463
-2217
-2732
-2883
-2798
-2787
-3093
-3583
-4068
-4290
-3984
-3292
-2808
-2917
-3214
-3335
-3425
-3277
-2447
-1737
-1715
-2011
-2487
-2743
-2416
-1974
-2003
-2229
-2256
-2600
-3257
-3439
-3356
-3499
-3603
-3641
-3913
-4328
-4520
-4582
-4486
-4010
-3618
-3668
-3770
-3546
-3218
-2738
-1954
-1199
-716
-516
-438
-334
42
797
1540
1999
2301
2410
2427
2667
3468
4338
4882
5155
5307
5425
5750
6278
6851
7410
7748
8041
8145
8576
8792
7786
6295
5713
6159
6533
5916
4150
1874
361
13
153
192
-535
-2246
-4127
-4844
-4481
-4012
-4059
-4302
-4638
-4770
-4577
-4256
-3751
-2977
-2174
-1432
-738
-356
-165
124
1022
2368
3387
3734
3451
3040
3081
3591
4229
4600
4266
3440
2521
1955
1802
1683
1320
656
-68
-763
-1448
-2055
-2531
-2711
-2744
-2827
-3080
-3422
-3874
-4031
-3608
-2972
-2616
-2813
-3094
-3130
-3205
-2899
-2042
-1461
-1666
-2014
-2412
-2519
-2017
-1768
-2158
-2287
-2187
-2593
-3075
-3220
-3258
-3407
-3549
-3572
-3814
-4109
-4298
-4353
-4128
-3674
-3361
-3510
-3541
-3183
-2752
-2236
-1518
-888
-579
-366
-274
-88
428
1081
1783
2283
2471
2532
2612
3038
3908
4632
4945
5348
5615
5734
6173
6635
6991
7589
8135
8265
8598
8774
8061
7040
6491
6365
6449
6267
4979
3115
1461
374
137
279
9
-1371
-3253
-4498
-4542
-4184
-4036
-4160
-4477
-4734
-4728
-4508
-4022
-3240
-2571
-1875
-1164
-595
-261
1
555
1734
2870
3428
3457
3222
3057
3258
3792
4255
4358
3820
2904
2106
1833
1677
1394
983
318
-427
-1165
-1860
-2333
-2567
-2675
-2812
-2983
-3263
-3576
-3852
-3797
-3288
-2733
-2672
-2921
-3035
-2979
-2939
-2648
-1888
-1466
-1775
-2151
-2403
-2462
-2006
-1663
-2166
-2404
-2390
-2904
-3364
-3157
-3223
-3478
-3560
-3735
-4016
-4188
-4182
-4224
-4020
-3558
-3312
-3491
-3341
-2921
-2551
-1986
-1245
-721
-519
-271
-133
59
682
1268
1792
2271
2404
2467
2688
3105
3793
4589
4959
5063
5126
5425
6050
6435
6665
7144
7599
7922
8287
8450
7980
7165
6270
5859
6177
6206
5099
3137
1326
421
344
277
-229
-1486
-3086
-4065
-4286
-4177
-3993
-4295
-4692
-4669
-4530
-4277
-3904
-3518
-3011
-2178
-1342
-723
-420
-217
285
1269
2321
3031
3205
2952
2895
3137
3469
3929
3971
3457
2794
2173
1801
1630
1212
633
72
-556
-1163
-1762
-2297
-2715
-2898
-2958
-3107
-3281
-3575
-3901
-3862
-3544
-3000
-2775
-2925
-3104
-3126
-3144
-2745
-1956
-1700
-2030
-2340
-2608
-2859
-2384
-1980
-2269
-2443
-2522
-3235
-3697
-3386
-3306
-3562
-3577
-3692
-4204
-4388
-4259
-4241
-4054
-3621
-3541
-3723
-3518
-3057
-2728
-2173
-1388
-1028
-810
-529
-344
-146
342
987
1589
2003
2230
2285
2252
2716
3534
4278
4675
4852
4824
4839
5426
6233
6734
6996
6952
6996
7517
8197
8210
7169
5902
5351
5599
5956
5431
3678
1594
165
-83
225
189
-904
-2769
-4124
-4359
-3966
-3769
-4066
-4506
-4714
-4603
-4222
-3829
-3481
-3137
-2593
-1672
-786
-400
-299
-91
693
1913
2780
2971
2784
2494
2574
2976
3541
3796
3355
2581
1842
1545
1403
1152
657
55
-541
-1143
-1692
-2221
-2633
-2987
-3085
-3083
-3187
-3528
-3842
-3935
-3604
-3122
-2950
-3017
-3206
-3566
-3409
-2476
-1913
-2009
-2322
-2850
-2832
-2195
-1887
-2201
-2453
-2503
-2827
-2952
-2866
-2977
-3299
-3559
-3566
-3588
-3766
-3905
-4101
-4142
-3586
-3253
-3362
-3356
-3185
-2921
-2361
-1631
-1155
-855
-573
-332
-6
438
847
1153
1591
2091
2445
2624
2832
3128
3534
4134
4738
5157
5359
5457
5628
6114
6802
7264
7321
7431
7684
8078
8005
7108
6136
5721
5610
5474
4805
3649
2374
974
-69
-284
-364
-866
-1940
-3294
-4002
-3862
-3856
-4017
-3934
-3898
-3942
-3856
-3617
-3156
-2495
-2007
-1408
-544
-15
198
369
947
1859
2649
3008
3052
2949
2829
2876
3164
3360
3275
2778
1972
1542
1201
817
452
-23
-544
-1089
-1661
-2190
-2526
-2804
-2998
-3036
-2980
-3106
-3371
-3543
-3427
-3016
-2736
-2949
-3285
-3013
-2485
-2352
-2442
-2414
-2495
-2445
-2041
-2057
-2248
-2250
-2579
-2958
-2659
-2418
-2806
-3276
-3442
-3616
-3678
-3579
-3636
-3856
-3933
-3833
-3823
-3723
-3316
-3127
-3068
-2576
-1956
-1649
-1242
-867
-469
-55
323
582
776
1169
1597
1935
2277
2667
2939
3120
3518
4110
4574
4961
5310
5503
5736
6103
6238
6439
6987
7452
7686
7775
7313
6115
5238
5084
5394
5691
4785
2876
1164
138
-187
64
-42
-753
-2104
-3640
-4173
-3769
-3326
-3247
-3492
-3790
-3726
-3474
-3302
-2801
-2086
-1409
-720
-207
32
235
551
1121
2159
2992
3246
3007
2558
2551
2924
3355
3515
3264
2540
1774
1273
987
836
571
100
-442
-1064
-1706
-2169
-2496
-2610
-2562
-2580
-2685
-2848
-3180
-3253
-3126
-2960
-2687
-2776
-2690
-2401
-2592
-2724
-2349
-2204
-2017
-1714
-2099
-2406
-2100
-2176
-2363
-2061
-2226
-2595
-2705
-2957
-3142
-3180
-3328
-3370
-3352
-3441
-3350
-3439
-3557
-3123
-2851
-2685
-2200
-1899
-1779
-1291
-801
-305
242
456
483
735
1157
1669
2143
2342
2656
2965
3209
3723
4208
4535
4936
5371
5773
6161
6358
6290
6433
6852
7266
7571
7768
7273
6251
5373
5108
5366
5537
4622
2966
1497
605
215
82
-250
-965
-1979
-2921
-3380
-3289
-3206
-3334
-3421
-3303
-3013
-2855
-2803
-2563
-1915
-1170
-390
163
501
594
846
1374
2212
2998
3147
2928
2701
2680
2819
3034
3106
2915
2387
1814
1312
964
690
353
-59
-471
-888
-1397
-1947
-2313
-2496
-2486
-2366
-2295
-2506
-2731
-2804
-2817
-2791
-2802
-2457
-2031
-2085
-2395
-2384
-2404
-2240
-1790
-1794
-1897
-1814
-2144
-2578
-2429
-2200
-2361
-2483
-2627
-2938
-3098
-3261
-3301
-3226
-3218
-3165
-3331
-3403
-3191
-3075
-2922
-2406
-1935
-1699
-1389
-1080
-715
-122
337
600
909
1087
1191
1472
1919
2371
2844
3085
3273
3566
3818
4194
4618
5016
5414
5663
5693
5856
6000
6221
6621
6884
7085
6997
6002
4980
4707
4580
4771
4667
3507
2047
860
-112
-245
39
-184
-990
-2139
-3049
-3241
-2999
-2734
-2543
-2591
-2685
-2733
-2609
-2297
-1706
-1143
-626
4
386
466
574
792
1444
2231
2661
2698
2398
2078
1993
2194
2425
2581
2272
1566
889
469
277
149
-4
-424
-790
-1345
-1870
-2119
-2257
-2213
-2089
-2117
-2240
-2516
-3061
-3340
-3155
-2664
-2106
-2118
-2681
-2998
-3121
-2914
-2344
-2123
-2143
-2260
-2681
-2962
-2800
-2645
-2561
-2608
-2707
-2912
-3187
-3481
-3555
-3484
-3226
-3065
-3189
-3456
-3485
-3447
-3265
-2639
-2189
-2025
-1906
-1774
-1470
-938
-485
-158
55
260
416
694
1002
1248
1599
1953
2436
2869
3037
3137
3441
3799
4361
4740
4917
5054
5174
5407
5617
5902
6172
6084
5867
5162
4436
4247
4329
4180
3614
2503
1534
753
28
-401
-592
-988
-1503
-2180
-2732
-2915
-2969
-3005
-3030
-2729
-2593
-2509
-2479
-2286
-1718
-1183
-762
-279
139
303
524
702
1203
1703
1973
1992
1894
1791
1665
1691
1717
1706
1488
971
487
196
-51
-395
-581
-856
-1155
-1453
-1795
-2117
-2278
-2359
-2604
-2761
-2644
-2740
-3002
-3049
-3070
-2955
-2700
-2514
-2534
-2539
-2556
-2675
-2467
-2153
-2035
-2141
-2330
-2379
-2420
-2551
-2473
-2515
-2596
-2647
-2821
-3022
-3041
-3030
-3107
-2990
-2838
-2734
-2764
-2748
-2568
-2237
-1776
-1340
-944
-650
-476
-367
-144
256
698
1081
1351
1493
1725
2011
2299
2729
3117
3503
3740
4044
4387
4513
4524
4712
5065
5485
5864
5590
5039
5037
5587
5760
5198
4370
3717
3514
3646
3300
2558
1934
1027
186
-184
-238
-446
-917
-1617
-2003
-2076
-2089
-2146
-2197
-2075
-1962
-1864
-1692
-1385
-1152
-1011
-698
-218
249
543
528
495
827
1139
1422
1588
1553
1372
1106
997
1057
1104
897
585
130
-140
-358
-661
-887
-1099
-1340
-1556
-1792
-2193
-2440
-2524
-2615
-2560
-2679
-2830
-2953
-3081
-3040
-2944
-2749
-2533
-2559
-2841
-2939
-2724
-2644
-2523
-2355
-2528
-2605
-2655
-2769
-2807
-2711
-2732
-2776
-2854
-2996
-3004
-3038
-3082
-3013
-2906
-2798
-2677
-2635
-2596
-2365
-2034
-1607
-1125
-871
-787
-808
-715
-349
79
462
736
817
974
1271
1631
2045
2452
2796
2934
3199
3578
3783
3906
3959
4129
4604
4801
4690
4560
4401
4607
5221
5175
4412
3714
3070
2961
3425
3154
2239
1439
246
-653
-697
-706
-883
-1290
-2245
-2894
-2964
-2964
-2772
-2607
-2542
-2393
-2305
-2336
-2018
-1647
-1438
-877
-408
-116
146
42
-62
302
642
1050
1278
978
561
319
162
288
401
188
-133
-689
-1206
-1585
-1642
-1752
-1869
-1956
-2394
-2737
-3028
-3239
-3171
-3122
-3020
-2864
-2973
-3118
-3284
-3304
-2952
-2549
-2354
-2278
-2386
-2669
-2718
-2659
-2513
-2234
-2184
-2405
-2546
-2831
-3014
-2944
-2947
-2892
-2854
-3033
-3263
-3360
-3419
-3228
-3004
-2869
-2661
-2585
-2562
-2394
-2104
-1669
-1107
-792
-691
-651
-606
-419
-69
324
696
913
1004
1095
1256
1523
1846
2311
2580
2642
2663
2603
2532
2789
3069
3261
3479
3617
3517
3351
3338
3549
3981
3960
3429
3027
2818
2787
2779
2400
2071
1834
1375
1212
1117
852
471
45
-234
-106
-148
-395
-667
-895
-920
-806
-615
-464
-507
-738
-741
-516
-259
-42
9
-114
-82
-40
92
291
321
188
9
31
94
60
-162
-383
-556
-655
-677
-830
-1007
-1326
-1613
-1650
-1686
-1627
-1732
-2034
-2302
-2341
-2257
-2119
-2010
-2085
-2147
-2081
-2129
-2061
-1911
-1874
-1864
-1783
-1681
-1701
-1664
-1770
-1723
-1606
-1615
-1536
-1569
-1713
-1654
-1622
-1565
-1355
-1308
-1327
-1321
-1305
-1166
-820
-676
-433
-235
-291
-224
22
101
261
631
777
1051
1280
1399
1562
1808
2175
2580
2944
3067
3065
2935
2923
3194
3573
4000
4136
3969
3777
3618
3756
4217
4537
4604
4354
3677
3256
3455
3620
3778
3596
2925
2477
2102
1756
1735
1736
1655
1406
886
508
397
271
323
406
285
169
240
171
129
102
153
390
635
709
633
435
283
429
587
845
949
688
404
159
69
136
234
182
49
-188
-559
-828
-911
-942
-971
-989
-1070
-1230
-1462
-1798
-1862
-1743
-1636
-1476
-1497
-1681
-1852
-1979
-1956
-1598
-1319
-1343
-1518
-1781
-1887
-1700
-1562
-1357
-1258
-1406
-1594
-1718
-1702
-1557
-1412
-1322
-1265
-1306
-1418
-1404
-1324
-1191
-887
-611
-407
-210
-187
-249
-166
-1
259
548
690
794
805
841
986
1212
1491
1696
1920
1986
2084
2293
2401
2566
2891
3030
3111
3187
3129
3047
3092
3295
3534
3657
3673
3558
3403
3370
3289
3316
3531
3507
3372
3075
2626
2464
2507
2436
2362
2180
1762
1469
1299
1238
1268
1182
1005
997
953
694
464
277
311
574
698
737
571
216
129
208
427
663
652
474
344
159
180
294
285
182
57
-69
-235
-331
-529
-751
-872
-866
-749
-807
-1040
-1290
-1579
-1588
-1462
-1413
-1374
-1509
-1737
-1872
-1876
-1725
-1645
-1671
-1705
-1840
-1893
-1836
-1749
-1694
-1639
-1650
-1665
-1648
-1563
-1626
-1623
-1518
-1440
-1364
-1294
-1251
-1300
-1248
-1169
-893
-656
-454
-366
-392
-383
-389
-174
-15
157
287
350
356
442
614
697
833
1030
1188
1182
1300
1408
1514
1781
1996
2256
2282
2165
2096
2103
2163
2498
2759
2724
2751
2546
2436
2570
2844
2964
2994
2696
2429
2519
2597
2777
2709
2357
2120
2053
1763
1639
1491
1289
1268
1284
1223
1062
891
546
515
673
733
912
905
735
676
432
359
495
508
675
566
305
348
218
110
239
268
206
231
-5
-384
-466
-502
-470
-264
-378
-607
-761
-1038
-1125
-1171
-1212
-1155
-1270
-1343
-1282
-1498
-1671
-1584
-1526
-1433
-1220
-1290
-1534
-1502
-1562
-1428
-1221
-1160
-1164
-1230
-1379
-1433
-1337
-1248
-1013
-984
-997
-925
-993
-945
-736
-568
-417
-163
-145
-181
-151
-177
-95
154
364
547
590
544
666
713
854
1192
1393
1496
1684
1638
1635
1809
1913
2088
2200
2176
2231
2316
2389
2488
2510
2540
2559
2571
2607
2754
2908
2879
2761
2728
2828
2950
3105
3078
2873
2597
2512
2538
2576
2652
2386
2104
1966
1789
1713
1784
1646
1520
1459
1211
1242
1303
1084
966
744
723
830
751
689
792
643
555
604
542
569
494
219
234
377
241
117
-148
-302
-189
-196
-329
-385
-571
-784
-896
-1061
-1056
-1026
-1245
-1377
-1384
-1454
-1439
-1478
-1557
-1526
-1394
-1402
-1414
-1469
-1540
-1501
-1476
-1373
-1248
-1211
-1331
-1468
-1482
-1422
-1217
-1137
-1129
-1100
-1176
-1190
-1054
-878
-763
-726
-652
-593
-558
-538
-483
-411
-293
-160
-30
32
107
162
252
485
684
826
959
1002
998
1056
1134
1322
1426
1494
1501
1544
1483
1411
1448
1414
1476
1613
1766
1753
1731
1738
1721
1901
2067
2061
2133
2136
2020
2099
2315
2398
2391
2223
1895
1775
1805
1926
2003
1956
1683
1288
1102
1159
1179
1190
1051
779
550
356
168
122
209
221
206
171
81
-9
-130
-242
-383
-317
-99
-9
-101
-310
-628
-810
-688
-578
-436
-416
-613
-798
-941
-984
-896
-843
-946
-1111
-1293
-1353
-1291
-1417
-1552
-1541
-1589
-1613
-1548
-1665
-1758
-1709
-1764
-1584
-1442
-1478
-1398
-1436
-1511
-1467
-1347
-1190
-1043
-1065
-1093
-1115
-1175
-1133
-959
-917
-801
-653
-709
-725
-746
-781
-637
-501
-401
-317
-348
-310
-261
-188
-65
96
224
261
347
348
327
449
522
666
834
887
871
858
825
887
946
1079
1218
1233
1099
1055
1030
1094
1363
1486
1536
1412
1237
1085
1254
1417
1481
1618
1478
1336
1208
1203
1258
1339
1386
1234
1053
944
957
909
800
685
745
843
789
448
178
93
-10
6
199
253
68
-187
-604
-753
-538
-314
-147
-183
-374
-668
-911
-846
-626
-476
-418
-479
-717
-957
-1091
-1153
-1153
-1073
-1055
-1077
-1183
-1377
-1559
-1606
-1585
-1505
-1335
-1260
-1363
-1566
-1681
-1696
-1554
-1420
-1212
-1164
-1265
-1340
-1446
-1347
-1221
-1068
-991
-984
-974
-968
-953
-790
-650
-550
-446
-463
-403
-452
-505
-473
-414
-277
-196
-175
-181
-225
-175
-7
100
203
246
214
241
236
276
305
370
417
487
581
696
704
674
663
642
751
912
925
965
957
844
822
902
951
1014
1029
973
912
879
876
908
940
980
1052
953
920
936
844
905
803
683
690
596
427
286
157
119
152
175
85
23
-170
-391
-400
-275
-39
-13
-69
-230
-509
-720
-625
-458
-281
-248
-474
-711
-851
-805
-688
-618
-575
-642
-751
-784
-820
-862
-904
-943
-942
-880
-842
-878
-1055
-1305
-1393
-1348
-1179
-990
-908
-1041
-1246
-1340
-1252
-1000
-860
-784
-894
-999
-983
-953
-849
-772
-772
-753
-752
-686
-639
-680
-747
-776
-657
-553
-406
-417
-455
-498
-574
-384
-173
29
109
53
-3
-1
15
118
140
193
202
161
181
218
290
278
314
474
601
637
682
585
500
586
660
739
811
821
669
599
470
400
471
519
568
555
438
449
430
355
449
543
616
700
706
572
572
544
452
484
502
470
399
216
141
174
154
130
139
-11
-103
-171
-277
-298
-295
-348
-357
-363
-417
-446
-487
-481
-467
-334
-226
-220
-309
-472
-638
-708
-667
-520
-452
-522
-555
-758
-770
-748
-732
-583
-599
-552
-617
-735
-731
-673
-627
-557
-565
-628
-598
-572
-561
-541
-475
-405
-414
-383
-381
-355
-284
-306
-246
-116
-42
17
-2
-107
-133
-121
-121
-9
-25
-69
-56
-108
-77
40
68
108
108
15
74
42
24
62
43
45
53
50
90
163
102
165
250
280
357
399
464
489
461
440
358
274
227
173
149
180
204
178
151
142
85
65
143
255
241
278
247
189
201
180
173
163
133
102
16
-25
-67
-130
-134
-149
-98
-105
-188
-305
-374
-421
-432
-458
-470
-440
-461
-499
-565
-511
-425
-461
-471
-434
-430
-364
-271
-275
-384
-418
-472
-581
-513
-399
-449
-508
-476
-486
-453
-305
-282
-382
-362
-309
-397
-413
-325
-316
-296
-294
-316
-337
-365
-388
-399
-413
-408
-402
-436
-402
-358
-438
-483
-385
-349
-313
-242
-249
-203
-139
-112
11
103
136
122
115
112
107
87
134
225
148
48
54
-9
-61
-26
-25
-18
-5
-32
-79
-59
-64
15
55
68
93
70
85
104
30
-50
9
26
40
55
56
24
-52
-36
-42
-11
34
-2
-55
-85
-120
-110
-82
-116
-152
-198
-152
-99
-36
-48
-78
-83
-149
-171
-88
-51
-97
-170
-291
-380
-373
-342
-330
-309
-410
-484
-540
-540
-595
-594
-596
-668
-696
-763
-755
-834
-837
-819
-781
-763
-755
-737
-841
-811
-736
-694
-657
-648
-740
-792
-766
-800
-826
-787
-727
-720
-694
-699
-692
-624
-621
-566
-512
-416
-348
-392
-407
-472
-417
-430
-446
-365
-330
-339
-387
-448
-434
-398
-352
-279
-199
-178
-180
-196
-233
-228
-142
-73
-128
-121
-146
-225
-221
-270
-271
-212
-151
-88
-33
-93
-118
-130
-146
-140
17
54
18
39
-65
-42
-16
10
67
100
50
38
29
15
22
22
69
114
108
107
100
152
153
110
146
133
150
40
-16
-12
-81
-79
-57
-95
-136
-160
-211
-240
-260
-219
-188
-172
-248
-338
-389
-375
-357
-408
-389
-423
-431
-469
-521
-590
-671
-662
-686
-695
-718
-730
-753
-772
-800
-791
-717
-686
-613
-609
-626
-633
-657
-663
-663
-625
-661
-630
-623
-648
-684
-659
-605
-518
-433
-450
-433
-452
-433
-430
-497
-511
-471
-521
-477
-458
-470
-516
-567
-572
-547
-442
-346
-318
-361
-383
-427
-345
-206
-151
-100
-24
-57
-137
-165
-200
-207
-162
-158
-207
-219
-271
-331
-418
-389
-343
-352
-282
-215
-261
-233
-263
-267
-284
-349
-405
-418
-384
-462
-467
-542
-581
-546
-514
-487
-446
-405
-436
-432
-457
-424
-327
-304
-266
-276
-280
-308
-364
-420
-477
-502
-486
-554
-615
-688
-733
-780
-792
-773
-732
-711
-686
-693
-793
-750
-732
-728
-706
-692
-760
-809
-784
-795
-836
-850
-874
-853
-827
-853
-814
-862
-918
-917
-953
-975
-895
-908
-933
-941
-939
-973
-990
-962
-923
-951
-991
-1000
-1010
-1038
-997
-945
-926
-886
-838
-804
-845
-820
-826
-786
-775
-743
-733
-727
-764
-786
-761
-738
-746
-716
-732
-710
-703
-706
-631
-620
-635
-666
-616
-598
-531
-522
-583
-610
-614
-611
-611
-593
-565
-544
-529
-526
-505
-471
-498
-484
-481
-451
-355
-368
-376
-401
-413
-388
-399
-358
-314
-330
-332
-382
-327
-330
-304
-288
-272
-291
-299
-286
-310
-299
-326
-275
-250
-265
-275
-285
-259
-238
-246
-208
-201
-204
-170
-235
-220
-225
-269
-182
-121
-109
-90
-118
-228
-211
-248
-274
-188
-218
-220
-250
-263
-294
-239
-192
-237
-175
-144
-113
-104
-121
-143
-171
-188
-181
-120
-123
-106
-140
-111
-88
-78
-4
22
52
64
52
33
57
116
107
102
137
146
147
122
119
129
134
128
129
143
133
107
85
46
43
55
76
67
58
30
32
84
146
163
230
292
267
263
269
283
256
259
268
242
212
194
192
152
86
57
65
101
76
72
57
25
65
63
73
89
141
154
154
127
85
84
94
93
111
98
104
108
40
-1
25
33
41
64
72
8
-58
-43
-31
-38
-32
-48
-71
-96
-98
-86
-82
-77
-67
-84
-127
-160
-227
-234
-240
-196
-210
-187
-228
-285
-338
-332
-320
-325
-338
-353
-353
-407
-431
-478
-443
-414
-370
-348
-297
-356
-422
-420
-404
-359
-312
-272
-235
-260
-300
-284
-273
-249
-242
-267
-268
-245
-231
-260
-273
-273
-271
-297
-273
-242
-286
-313
-318
-321
-324
-315
-319
-312
-304
-296
-314
-281
-240
-187
-126
-139
-145
-106
-123
-114
-54
-114
-107
-154
-144
-171
-204
-242
-270
-247
-274
-240
-235
-239
-276
-279
-235
-236
-222
-146
-190
-191
-212
-260
-290
-265
-253
-246
-243
-284
-305
-344
-358
-385
-349
-330
-322
-367
-360
-382
-376
-351
-368
-365
-401
-466
-528
-513
-501
-532
-515
-502
-523
-505
-485
-465
-482
-494
-471
-483
-488
-475
-482
-494
-507
-527
-546
-533
-508
-539
-519
-505
-478
-505
-514
-540
-526
-481
-469
-445
-429
-426
-441
-464
-474
-471
-491
-431
-445
-406
-388
-365
-366
-352
-272
-277
-269
-303
-314
-340
-313
-275
-305
-293
-309
-347
-317
-322
-319
-307
-283
-229
-230
-209
-255
-231
-200
-186
-168
-173
-156
-147
-105
-130
-116
-142
-127
-120
-143
-94
-134
-132
-161
-149
-178
-169
-115
-150
-139
-126
-135
-152
-154
-189
-192
-225
-232
-246
-282
-297
-274
-320
-297
-343
-341
-295
-327
-274
-321
-350
-314
-307
-276
-287
-263
-274
-282
-287
-301
-283
-298
-301
-314
-313
-315
-325
-342
-314
-316
-319
-295
-296
-338
-345
-293
-273
-234
-240
-197
-257
-257
-262
-257
-231
-203
-204
-249
-197
-225
-198
-190
-218
-196
-208
-228
-228
-203
-194
-219
-189
-200
-184
-141
-159
-178
-146
-162
-115
-121
-121
-57
-92
-69
-16
-2
9
34
25
36
53
73
67
77
104
151
151
148
150
138
104
91
151
133
94
108
121
112
127
102
146
129
84
118
88
161
196
181
155
176
192
191
175
166
226
199
199
212
211
183
170
152
201
156
189
210
186
156
113
126
92
165
165
188
199
202
200
197
229
243
233
201
223
214
175
220
232
217
273
264
206
225
252
251
257
213
206
228
215
223
199
173
159
172
184
221
211
183
228
257
235
236
212
246
261
265
181
183
193
154
140
142
169
136
151
157
165
140
155
180
178
157
199
225
189
155
189
200
196
239
210
203
190
196
195
209
225
228
219
210
193
206
263
223
188
201
162
171
192
175
176
179
175
171
182
158
147
149
124
104
128
121
126
114
98
75
113
125
128
137
155
152
127
131
141
112
94
115
86
83
89
42
9
13
-1
23
3
51
20
-26
-27
-46
-32
-42
-14
-31
-26
-58
-104
-86
-81
-106
-71
-105
-72
-83
-96
-71
-52
-18
-6
6
-15
-66
-69
-68
-61
-34
-33
-54
-48
-36
-3
10
28
46
13
-4
-18
35
59
27
39
23
50
98
68
69
102
65
69
83
53
61
81
99
111
97
114
142
131
154
193
172
177
181
212
229
223
254
223
212
262
266
263
268
239
251
273
260
246
248
281
263
234
242
291
253
293
271
264
273
265
255
225
208
226
279
261
288
295
263
207
242
200
188
173
172
214
223
218
203
195
163
186
154
137
119
87
94
123
125
50
35
39
56
14
3
36
-13
-3
19
23
0
14
0
10
-1
47
53
-5
-8
-10
18
5
13
13
20
17
3
26
16
-2
-11
9
46
15
54
39
51
100
114
97
85
113
61
92
53
55
71
68
85
73
96
84
93
116
104
142
107
99
138
112
154
192
190
192
183
187
185
199
180
195
211
202
221
255
297
258
252
282
276
227
276
250
262
290
249
250
225
181
195
228
206
220
197
199
151
190
160
172
163
188
221
209
227
200
250
200
200
171
173
203
208
251
251
226
237
212
217
251
214
200
192
180
173
155
166
139
157
155
98
81
75
92
71
52
60
70
49
33
21
3
42
16
-50
-12
0
-65
-18
-23
-43
11
-8
8
23
43
58
56
41
40
44
19
23
74
35
11
11
10
22
49
63
48
77
57
97
85
33
53
29
20
44
50
24
32
34
51
42
14
22
1
22
19
34
47
61
62
72
98
75
84
100
114
103
101
86
90
115
123
171
148
189
193
229
233
208
236
231
295
250
234
254
247
198
212
176
165
205
170
197
199
178
163
179
148
145
160
135
166
150
121
84
79
129
142
116
67
70
94
77
75
117
87
56
94
41
45
79
42
59
55
17
30
31
96
88
70
88
51
39
35
29
-13
-20
-15
-14
-43
-9
-13
3
-28
-38
-12
-19
-41
-20
-26
-38
0
-24
16
22
-3
29
-13
20
54
42
47
24
30
37
55
64
55
71
100
101
94
112
89
93
111
70
95
88
107
122
118
158
164
175
154
154
127
133
121
90
134
146
186
158
201
184
202
212
184
220
184
188
164
157
201
169
188
169
166
199
163
154
188
207
186
178
176
160
149
149
154
169
195
207
173
197
158
169
173
143
192
154
161
173
170
187
196
225
238
218
227
185
139
160
173
136
181
188
161
178
199
143
194
195
150
177
162
146
179
149
159
184
184
169
165
178
171
183
173
173
157
168
154
214
197
184
208
193
199
191
214
227
235
228
183
173
193
166
190
179
203
191
173
187
199
211
195
188
182
156
144
132
171
190
187
194
179
174
165
150
121
106
133
132
180
113
74
121
84
88
104
101
95
85
119
129
89
77
97
115
101
93
141
158
85
93
98
107
102
102
106
87
84
56
69
84
78
110
97
85
134
161
139
148
139
120
146
156
141
135
168
160
94
135
103
121
110
114
105
73
78
87
79
36
50
82
113
59
85
70
59
95
110
57
67
77
99
80
72
48
57
52
93
87
82
87
61
69
87
91
68
105
98
105
109
83
79
110
58
64
46
30
41
54
46
58
89
52
59
72
67
59
72
46
46
60
28
8
19
25
24
22
31
59
21
50
31
-25
6
33
11
-13
9
1
25
11
9
20
12
-35
-44
-35
-45
-32
-29
-46
-78
-48
-22
-22
-48
-31
-38
-49
-48
-36
-49
-37
-87
-82
-73
-109
-59
-65
-102
-112
-111
-75
-74
-69
-88
-110
-103
-112
-123
-111
-117
-85
-129
-94
-49
-51
-47
-54
-64
-96
-78
-82
-101
-88
-64
-82
-52
-70
-41
-15
5
-22
-44
-60
-72
-66
-64
-9
-9
-23
1
22
17
58
78
82
82
95
89
76
110
71
115
144
132
133
125
152
166
162
141
162
151
164
149
173
194
180
152
166
180
183
202
195
210
211
179
225
231
216
227
224
225
179
202
192
177
190
169
195
185
175
142
183
177
146
144
150
155
173
155
158
171
133
156
157
160
114
89
105
122
153
118
100
117
88
106
88
84
31
42
41
42
46
47
84
47
29
0
22
38
43
27
14
-1
23
46
41
17
18
8
16
51
5
-24
12
-17
2
38
49
31
26
60
45
29
27
89
46
54
22
56
90
72
89
111
121
88
121
63
101
67
71
110
145
164
142
125
105
144
141
136
91
142
157
134
124
106
117
141
167
172
150
172
166
191
207
190
168
192
142
164
186
153
155
103
130
129
165
131
129
156
168
171
139
116
143
118
95
131
121
118
125
86
24
82
56
57
64
63
37
16
54
51
64
81
78
79
36
30
37
25
-25
-5
17
-1
-21
-39
6
-50
-32
-4
-56
-54
-55
-66
-71
-79
-72
-83
-73
-118
-100
-133
-89
-85
-129
-88
-70
-76
-101
-80
-115
-99
-116
-105
-118
-167
-122
-131
-127
-105
-75
-98
-100
-107
-91
-103
-113
-39
-28
-50
-67
-82
-57
-117
-129
-75
-72
-63
-94
-91
-88
-81
-84
-40
-52
-16
-31
-48
-28
-8
-4
1
1
-16
38
12
10
51
-24
22
20
-13
38
-2
-29
2
32
3
-22
-29
3
-25
5
31
22
13
-9
1
25
24
9
-6
20
-3
-44
-31
-10
-26
-21
-6
-16
-20
7
4
-18
-53
-49
-42
-83
-72
-36
-55
-88
-71
-88
-79
-106
-106
-92
-87
-83
-114
-107
-116
-133
-127
-130
-151
-138
-113
-125
-142
-144
-155
-127
-146
-154
-152
-156
-144
-132
-132
-174
-193
-171
-140
-164
-150
-138
-144
-168
-180
-165
-181
-160
-148
-172
-163
-151
-183
-173
-132
-163
-172
-116
-122
-145
-173
-146
-150
-210
-135
-152
-169
-112
-124
-131
-116
-131
-128
-127
-84
-103
-99
-80
-120
-72
-98
-73
-56
-33
-30
-65
-43
-34
6
5
-1
5
-7
6
38
25
-6
8
16
26
16
-1
20
-3
23
9
-27
-30
12
-21
-44
-26
-32
-29
-44
-49
-12
-25
-35
-6
-31
-33
-16
-21
-16
3
-31
-47
-18
-4
24
3
-24
-2
10
-30
4
0
-25
12
12
33
36
13
20
1
-31
-13
1
9
6
-3
-21
-1
0
-6
33
20
-22
-7
-7
-10
-10
20
31
25
63
57
69
79
57
55
4
9
26
5
0
48
22
12
44
22
51
56
67
73
43
39
34
30
53
45
56
39
23
33
83
69
108
82
111
75
66
114
85
76
48
49
25
66
38
60
56
54
71
71
74
41
60
82
60
9
20
-17
-1
83
10
34
1
1
-16
-13
-6
-23
-26
-80
-46
-46
-45
-87
-135
-131
-130
-102
-94
-100
-123
-82
-81
-46
-87
-73
-85
-151
-95
-78
-73
-63
-50
-77
-71
-84
-62
-19
-38
-40
-27
-62
-65
-95
-103
-58
-89
-72
-33
-51
-60
-89
-116
-131
-85
-82
-108
-53
-62
-85
-100
-92
-85
-105
-58
-58
-77
-77
-105
-110
-74
-104
-76
-92
-64
-100
-116
-140
-104
-130
-138
-101
-111
-89
-67
-37
-70
-78
-70
-74
-59
-51
-107
-101
-62
-45
-107
-80
-62
-91
-144
-122
-91
-149
-133
-132
-114
-118
-117
-135
-124
-97
-120
-70
-99
-93
-88
-82
-98
-90
-74
-130
-126
-154
-147
-188
-179
-168
-198
-167
-138
-135
-124
-75
-105
-130
-122
-150
-167
-146
-160
-148
-183
-177
-138
-117
-120
-141
-167
-136
-118
-145
-118
-135
-115
-116
-115
-107
-133
-143
-163
-155
-186
-169
-158
-171
-160
-151
-183
-182
-149
-149
-164
-137
-142
-138
-148
-134
-152
-136
-116
-105
-81
-105
-123
-115
-94
-98
-82
-71
-81
-51
-94
-94
-64
-94
-111
-124
-85
-45
-59
-42
-44
19
8
10
-22
-13
24
-5
35
14
14
-18
20
14
3
36
19
13
22
17
19
52
33
17
49
48
38
59
63
71
117
115
102
86
95
128
102
128
128
129
88
76
116
90
92
100
81
70
87
78
95
93
70
25
25
53
51
51
25
-22
-5
13
-17
-43
-10
-2
-38
-13
8
26
-9
-34
15
-8
-23
-13
-23
-5
14
-20
-21
-25
-19
-12
-1
19
33
-7
9
22
-15
10
-16
-23
-42
-16
-32
-29
-26
-5
11
-11
14
5
-9
-26
24
36
-10
11
7
-4
-13
32
17
15
78
34
59
61
10
38
59
44
90
98
68
135
136
139
113
90
116
101
98
83
91
85
130
81
56
107
86
100
104
99
97
57
82
139
128
104
74
63
87
72
65
51
48
78
101
102
131
90
70
113
56
51
62
91
105
117
88
45
57
75
101
118
124
114
96
97
70
44
76
73
65
70
9
21
6
-4
32
35
-9
-2
-20
-3
-29
-86
-51
-39
-55
-156
-126
-139
-109
-73
-103
-121
-139
-144
-117
-102
-142
-119
-141
-123
-115
-114
-79
-102
-102
-106
-75
-67
-67
-50
-33
-36
-28
4
-29
-57
-52
-77
-71
-58
-19
-32
-73
-22
-19
-8
-5
-36
5
-8
-52
-49
-85
-65
-75
-97
-42
-60
-60
-44
-26
-60
-68
-39
-45
-48
-35
-20
-1
-6
-53
10
-24
-16
-8
2
5
26
19
11
14
27
31
34
32
-22
24
14
12
-3
-25
7
44
39
39
48
63
58
66
53
49
59
93
90
92
104
103
135
122
130
127
90
56
78
69
82
102
113
104
82
97
90
88
59
55
76
86
84
70
97
49
102
87
77
97
25
56
26
70
75
31
30
66
57
24
28
7
3
20
-13
-12
-56
-19
25
-39
-28
-14
1
-12
11
-22
-32
-1
-12
47
25
50
56
73
55
25
48
55
39
2
21
-26
-8
32
104
87
68
79
81
61
69
107
43
89
69
89
113
92
87
104
90
64
89
89
37
74
56
117
104
66
101
84
103
52
70
81
95
80
58
91
46
35
45
51
106
63
73
104
64
66
60
45
41
24
29
28
87
98
65
76
100
74
98
113
84
120
103
93
90
133
99
73
95
72
87
104
95
120
117
101
136
137
135
118
124
88
136
118
60
83
123
112
125
132
146
146
174
176
154
161
122
140
119
159
91
59
85
73
91
117
118
58
67
94
81
44
82
60
22
95
65
107
89
77
110
96
129
102
145
114
95
90
53
87
80
48
72
25
58
67
51
63
27
55
50
56
31
23
35
45
33
15
3
-14
-2
-25
-10
33
-3
9
-6
-10
-14
-7
27
14
-10
27
0
13
55
4
-11
18
-34
-39
-43
-100
-78
-66
-90
-70
-45
-74
-65
-80
-73
-33
-29
-35
-45
-43
-41
-39
-48
-19
-85
-63
11
-15
1
-40
-7
-2
-5
17
-31
-46
-54
-32
-61
-53
-21
-40
-38
-21
-28
-29
-5
21
2
12
-11
-33
-1
-1
-6
12
-6
-36
-20
-4
8
-28
-58
-113
-85
-58
-104
-64
-100
-60
-1
-54
-35
-43
-59
-52
-38
-4
-40
-11
19
-10
-29
32
2
-33
-39
-24
-6
-23
0
-29
9
-26
-1
-18
8
35
-8
30
-2
18
39
17
-38
2
-24
-73
-46
-23
-57
-38
-37
-32
12
-46
-64
-40
-57
-122
-105
-115
-86
-90
-102
-78
-101
-82
-79
-75
-73
-96
-107
-92
-78
-99
-75
-38
-113
-81
-60
-41
-35
-63
-53
-39
-4
-28
5
-19
-27
-39
-48
-51
-70
-52
-58
-57
-71
-21
-48
-60
-10
-56
-71
-50
-62
-49
-35
-26
-37
-45
-53
-57
-43
-17
-14
-15
1
-37
12
-16
-24
-6
-27
5
0
48
51
14
26
33
9
1
-27
2
-16
-1
41
44
91
40
33
26
59
55
44
53
33
82
86
69
86
141
121
87
119
130
143
121
116
128
106
133
135
142
123
164
151
177
174
172
190
160
217
204
178
183
197
215
177
166
182
215
192
166
159
157
149
196
214
164
137
88
150
97
91
75
48
66
89
69
79
92
57
54
25
56
48
21
52
9
30
61
17
42
-5
20
35
49
34
29
36
24
35
30
22
54
110
113
63
56
85
66
88
46
55
73
52
83
64
100
31
37
68
49
107
58
60
36
33
68
51
47
40
53
51
88
95
74
74
80
96
108
123
112
134
128
140
141
134
140
169
162
153
154
160
172
151
145
151
131
175
164
156
163
152
126
105
165
109
130
87
109
141
102
120
108
116
89
133
105
63
91
99
47
76
100
74
78
104
102
96
101
81
90
43
63
110
96
81
80
91
79
49
101
87
76
68
65
54
37
19
7
32
33
7
14
13
2
29
4
52
58
-3
-4
2
12
-41
-22
-26
-29
-16
-33
-40
-31
-20
-14
14
12
-1
-1
21
12
2
6
2
12
35
36
34
12
8
