9
52
42
29
7
17
38
2
-19
44
10
-31
-6
-3
-24
14
53
41
43
57
34
44
14
51
79
71
76
68
80
80
99
86
98
72
72
97
94
85
79
52
46
20
48
53
6
38
22
-1
0
-6
52
32
18
24
43
45
38
77
42
32
17
21
28
16
73
70
15
21
26
30
13
30
61
31
25
32
66
10
-4
5
-41
47
29
3
50
93
30
29
60
36
22
44
76
41
31
-4
4
18
22
3
-9
25
-6
-15
9
-22
-33
0
-22
36
13
-5
-26
-53
-18
-17
29
13
1
35
50
57
34
6
39
94
73
42
61
42
80
96
73
100
65
102
95
83
63
44
42
19
72
67
63
41
76
68
34
50
31
61
81
83
106
129
50
44
98
60
54
48
36
39
45
68
66
80
54
70
75
86
95
60
31
63
54
69
108
66
63
90
80
60
66
88
92
58
22
70
74
36
71
72
63
35
44
46
43
31
62
73
50
51
50
44
58
75
69
51
36
29
6
0
36
60
94
79
50
40
-18
-10
24
12
54
76
36
36
77
87
60
57
64
109
96
91
97
90
88
110
144
57
80
98
94
125
79
96
92
75
51
67
97
57
66
110
76
89
97
87
57
75
78
94
97
78
55
68
85
100
94
97
81
79
76
36
60
66
51
80
49
55
98
86
90
52
92
63
56
81
39
26
44
92
46
59
-1
-31
13
-9
-26
7
54
4
17
9
-27
29
-16
6
22
50
69
35
27
48
70
70
41
18
-7
20
28
29
51
46
-2
24
46
51
57
47
52
37
66
75
73
73
31
38
89
82
95
65
73
85
112
120
83
130
134
117
95
94
99
83
114
115
61
60
55
30
76
84
88
108
136
122
121
174
161
113
151
140
130
119
100
130
99
126
124
139
105
105
86
88
94
86
125
104
77
94
105
108
103
97
82
59
92
74
120
84
105
86
45
59
75
84
60
56
39
89
60
49
46
23
83
63
59
73
54
59
66
89
85
24
92
92
7
45
12
26
56
-17
31
46
29
41
19
48
24
40
69
58
64
51
45
93
82
55
44
41
23
72
77
35
45
71
43
61
61
40
58
32
52
81
69
61
36
24
63
81
60
51
105
50
28
117
124
104
135
140
103
143
163
145
132
147
139
165
164
167
109
154
156
106
98
119
122
123
153
142
150
141
124
116
151
126
129
103
113
139
123
147
80
103
66
80
73
66
82
65
63
51
127
103
72
84
76
36
51
24
40
51
38
72
35
9
18
16
12
5
-5
-8
12
-29
23
30
-10
8
-45
-37
45
45
51
73
31
45
53
60
50
39
52
49
55
29
36
28
42
68
64
57
94
99
63
84
92
101
145
106
123
118
110
114
91
112
80
128
127
152
163
111
162
192
179
186
188
142
161
164
136
173
160
141
174
165
123
181
185
172
192
148
142
172
172
200
188
188
137
149
153
120
141
139
127
167
148
177
135
126
170
160
152
127
146
120
118
101
145
102
119
184
142
149
121
146
128
130
177
138
161
164
148
158
175
133
148
98
119
145
127
144
145
195
163
131
117
84
110
134
177
129
106
136
120
121
98
39
74
74
74
72
81
118
114
63
52
96
93
113
117
107
108
155
103
130
122
98
117
91
110
136
138
134
128
113
95
93
100
122
98
123
135
156
156
141
180
140
142
157
132
169
157
190
177
161
172
150
168
175
186
215
211
173
152
141
156
196
226
171
174
192
182
151
179
184
159
198
184
177
205
203
190
162
208
152
153
181
130
158
147
164
164
139
152
160
146
147
160
170
181
162
185
173
143
148
122
142
131
129
138
124
126
143
149
131
151
144
136
152
114
129
125
118
131
123
147
173
177
180
190
174
174
136
169
153
161
196
163
153
174
180
182
191
172
192
216
192
163
159
179
167
150
206
168
162
184
196
210
176
142
173
177
181
180
203
179
187
212
177
162
125
154
167
150
170
167
136
136
133
160
150
161
170
155
153
178
177
179
184
188
161
175
169
152
163
153
179
147
158
185
130
163
159
183
209
148
165
143
166
184
152
153
140
118
154
144
156
167
146
172
157
175
188
130
170
137
156
180
143
144
116
131
123
115
174
208
183
181
142
160
158
154
172
187
183
131
183
193
187
140
158
164
175
157
125
145
164
145
157
146
125
139
122
156
103
126
146
146
143
150
122
145
179
137
166
156
168
163
137
183
149
84
128
139
127
157
119
163
148
140
209
193
167
155
170
124
174
172
191
165
125
226
160
153
150
158
162
169
169
108
113
115
128
136
102
132
121
116
155
118
96
103
132
95
160
148
128
113
182
231
180
173
133
145
151
121
99
179
156
156
159
143
150
171
162
159
161
141
152
145
110
114
113
118
128
85
139
91
74
89
93
83
95
84
63
97
72
73
103
92
75
80
70
93
78
63
65
73
52
44
81
109
99
95
71
101
98
110
109
115
126
124
144
127
118
124
137
141
119
85
143
126
127
165
149
123
167
193
157
185
139
157
150
177
182
171
179
185
208
152
163
182
157
184
135
147
153
155
158
184
183
179
163
166
164
139
192
184
169
168
171
150
139
170
151
162
156
136
117
119
152
90
131
126
130
217
179
164
170
123
132
169
118
122
127
137
116
103
136
117
181
123
160
154
165
133
122
152
148
155
103
146
132
98
120
114
93
94
87
92
85
91
76
76
113
106
71
79
96
113
107
118
109
150
129
101
133
93
97
109
91
113
121
108
74
89
78
102
130
105
102
61
95
81
74
96
82
94
88
77
102
83
97
79
111
120
119
109
74
156
166
152
167
180
113
136
195
175
170
146
165
158
159
168
142
133
168
149
135
153
205
133
173
143
145
180
137
159
114
90
114
154
134
180
139
137
87
96
108
79
76
68
58
140
84
70
111
68
73
31
69
90
113
100
68
90
62
96
100
87
86
91
90
106
102
80
87
87
57
36
55
84
85
62
98
163
154
161
147
163
147
153
160
161
164
125
144
127
130
118
115
148
121
130
142
128
120
128
123
183
204
167
167
165
169
177
157
146
159
189
184
133
143
149
174
158
177
204
203
204
182
219
213
218
205
197
200
195
183
203
205
225
220
235
200
176
233
219
213
188
176
206
240
224
187
199
208
203
207
131
181
174
153
134
143
154
138
139
159
175
149
124
132
159
131
118
138
116
100
142
100
65
96
106
135
92
79
97
66
79
59
72
55
63
68
57
42
37
51
29
15
34
50
39
41
47
92
63
46
38
55
67
52
75
98
79
102
121
63
105
83
75
128
123
136
101
106
96
105
153
133
124
154
112
104
129
120
84
147
162
140
144
120
135
137
160
147
140
139
157
160
150
184
179
132
144
148
155
168
166
191
170
135
93
131
153
128
166
167
185
172
142
153
109
152
134
153
146
148
133
90
110
140
117
71
127
103
87
103
135
152
152
158
114
125
101
110
129
134
150
141
163
141
166
164
134
159
144
168
140
172
135
91
125
132
184
164
139
133
135
120
131
155
132
151
111
105
91
103
114
132
125
134
118
92
119
55
77
130
107
84
108
108
106
116
113
117
106
92
75
89
97
106
93
115
59
91
83
63
41
47
47
33
64
65
89
71
81
71
118
136
136
117
101
114
115
141
139
147
121
72
84
114
63
52
133
72
96
66
66
75
43
110
71
64
69
49
90
50
55
93
81
105
108
88
48
119
70
106
109
117
72
105
92
68
114
89
119
115
97
80
89
47
48
100
86
75
123
45
56
17
73
122
59
89
74
109
56
69
83
136
143
126
155
176
151
120
178
159
108
122
153
113
116
90
76
84
102
102
115
74
66
69
94
131
87
109
115
69
80
108
85
101
99
111
132
140
112
108
114
82
96
145
108
102
130
94
134
142
112
106
122
132
94
100
139
164
155
173
164
120
134
146
136
155
147
127
112
121
138
110
153
182
148
137
91
160
128
139
112
134
170
140
150
123
146
140
155
161
181
171
179
172
122
83
140
117
132
133
139
133
127
174
177
202
150
161
185
191
183
173
159
185
156
143
168
168
184
188
182
161
175
152
170
142
154
133
148
148
127
140
131
137
128
99
86
120
122
93
72
66
80
76
93
80
64
106
102
103
106
96
72
88
87
106
110
87
126
103
80
107
118
67
95
131
83
81
56
58
99
111
104
100
139
125
152
135
116
177
131
157
156
134
145
147
116
117
154
156
96
123
91
100
156
100
108
84
77
109
101
86
107
73
56
67
42
63
59
58
58
35
59
32
57
42
72
102
76
79
50
36
54
64
39
21
33
21
18
25
38
28
23
18
13
30
24
51
35
27
58
66
58
59
63
39
60
43
24
28
12
42
48
40
42
-6
21
41
55
54
20
19
7
5
-3
8
26
19
37
43
7
7
23
23
15
-4
-15
-4
-24
-12
-3
-17
-30
6
37
-8
8
2
3
12
34
10
-9
44
-11
11
4
21
20
0
13
10
10
-9
-30
-18
-21
-44
11
-15
-16
-17
-15
14
0
1
-5
0
-29
8
-13
-58
-5
-13
-41
-10
-52
-87
-18
-65
-87
-30
-65
-110
-100
-106
-93
-83
-104
-63
-78
-108
-89
-81
-43
-31
-77
-40
-70
-28
-18
-64
-50
-77
-74
-71
-44
-39
-45
-50
-51
-15
-25
-39
-45
-55
-83
-47
-45
-39
-39
-29
-60
-40
-33
-34
-31
-50
-40
-19
-32
-43
-8
-40
-5
-24
5
22
-3
19
36
-10
15
36
-9
37
32
55
22
-33
-31
-35
-12
-7
-37
3
6
12
37
32
63
25
9
20
50
55
42
47
41
24
70
48
20
60
66
34
80
105
48
51
99
66
67
90
71
50
28
68
48
14
47
39
78
76
40
54
38
53
44
41
46
23
3
33
15
30
62
88
98
75
66
51
101
71
37
65
-1
16
-2
17
-22
3
1
-47
5
-29
-6
-1
-4
-1
-50
-68
-84
-65
-67
-24
-44
-40
-7
-19
-24
-23
-1
-16
-23
-46
-26
-52
-47
-34
-38
-19
-16
17
0
-45
-20
1
12
-50
-35
-21
-35
9
-21
-43
-48
7
-32
-31
-10
-5
-43
-32
7
-16
41
18
-10
5
20
4
40
-16
-21
44
-5
0
3
1
6
25
60
15
12
10
-11
-21
4
62
50
-1
0
8
11
10
-46
-18
-6
-35
2
-28
-25
-35
-10
7
-18
-5
-55
-19
-14
-30
-28
-33
-64
-63
-34
-70
-26
-51
-43
-23
-41
-8
-2
-56
-80
17
-5
-40
-37
-50
-38
-74
-53
-40
-15
-21
-25
-14
-17
-7
-24
-39
-14
-51
-60
-40
-80
0
-12
-3
-10
-27
-17
-71
-64
-37
-68
-60
-53
-19
-44
-35
-47
-46
-10
1
-36
-18
-15
-38
-31
-38
18
-57
-38
-58
-54
-48
-38
-64
-42
-21
-63
-25
-57
-60
-12
-40
-57
-37
-51
-54
-11
-50
-43
-75
-89
-25
-80
-49
-77
-128
-104
-88
-77
-116
-130
-79
-90
-98
-72
-82
-99
-96
-92
-107
-93
-66
-61
-91
-72
-92
-80
-88
-113
-128
-87
-71
-81
-67
-97
-71
-91
-123
-127
-101
-120
-139
-84
-77
-115
-122
-116
-83
-114
-106
-75
-111
-98
-107
-61
-127
-99
-75
-73
-73
-111
-93
-110
-128
-127
-135
-94
-113
-94
-65
-75
-43
-62
-90
-62
-60
-76
-71
-59
-82
-84
-57
-49
-30
-78
-69
-44
-28
-36
-14
-14
1
13
10
16
11
25
32
60
31
50
99
76
29
99
76
109
111
112
122
95
102
70
113
105
75
85
85
72
100
95
93
96
115
112
127
134
140
158
194
154
179
153
143
185
134
140
196
194
132
167
177
163
127
155
136
149
152
148
118
80
122
87
133
142
109
105
141
112
136
145
93
103
98
112
118
130
101
96
88
77
108
84
65
28
60
80
44
50
64
50
24
1
11
73
73
62
48
57
46
74
37
70
120
57
63
98
80
29
28
9
49
-2
23
9
12
0
-24
-30
-36
-21
-35
-15
-37
4
-24
-14
-12
-7
-11
-30
-21
-18
-12
-38
-22
36
9
26
-18
-24
8
0
2
-83
-55
-56
-69
-57
-40
-46
-29
-28
-23
-21
-52
-61
-45
4
-8
-8
-15
-14
11
-10
1
-16
4
-11
-44
-26
19
50
-5
30
20
-15
-9
-15
-6
-26
-1
-5
-39
0
-31
-21
-47
-54
-33
-55
-14
11
35
7
31
62
-4
8
2
-9
23
22
12
-4
-3
2
50
68
78
57
75
81
83
79
42
55
37
54
82
25
22
47
33
-7
53
-7
10
26
57
84
54
38
46
65
33
39
48
48
48
92
97
86
97
86
50
75
44
26
71
90
45
68
73
31
75
75
45
42
94
129
81
89
97
74
81
24
57
89
54
44
5
13
-7
1
6
24
11
6
53
40
24
35
-4
4
5
58
51
20
46
62
21
-7
-11
-7
13
25
14
17
4
-8
15
-13
3
47
31
7
37
60
3
-13
-1
12
53
6
3
10
-38
10
-23
-8
11
-7
30
11
-9
23
13
24
1
-35
23
-15
-2
-10
-19
-11
27
14
22
24
-24
32
30
-18
-6
9
11
-11
13
27
20
-7
13
-9
-42
-17
-4
-20
-35
-19
-28
-87
-62
-31
-42
-58
-41
-27
-50
-25
-5
-38
-49
-74
-87
-34
-22
-27
-18
-7
-34
-29
-27
-53
-101
-80
-59
-24
-17
-56
-34
-54
-23
3
9
-15
-7
22
55
58
50
46
50
74
72
100
112
73
102
106
92
105
94
134
133
133
148
110
130
96
124
124
66
125
114
110
80
68
144
142
136
141
112
104
111
157
151
172
145
139
179
143
159
141
150
182
145
156
162
159
181
170
155
188
198
151
173
182
116
123
170
165
130
120
126
167
153
125
163
157
149
127
131
112
110
68
97
124
97
136
121
95
129
138
114
85
98
114
48
54
66
31
60
49
62
92
55
72
63
32
25
63
23
38
99
103
77
79
68
50
65
81
62
74
52
64
59
36
66
9
28
57
85
80
88
101
98
91
63
70
38
15
41
51
51
89
55
88
57
66
53
49
68
41
46
4
11
14
-4
22
33
43
52
5
-2
-7
50
49
28
45
36
44
42
53
41
72
63
58
65
54
30
49
29
21
48
30
12
24
4
-42
-31
33
9
-44
2
-6
14
-30
-45
-32
-38
24
21
4
-29
24
30
19
29
27
-6
-8
8
28
74
33
33
69
71
38
88
55
26
-3
34
58
33
42
57
88
74
41
78
83
60
78
116
70
69
94
92
83
92
82
55
98
118
106
52
98
79
98
106
96
87
77
114
85
76
68
126
113
100
142
92
102
103
67
32
63
68
86
87
60
58
71
16
40
57
34
77
70
72
61
47
40
39
10
38
39
21
32
9
11
-3
58
46
20
51
19
7
-11
-18
-19
-20
-2
-8
-43
-46
-2
-3
-25
-15
-36
-44
-31
-12
-6
-72
-41
-25
-43
-38
-63
-34
-52
-68
-45
-30
-38
-54
-42
-48
-84
-55
-65
-44
-37
-45
-55
-70
-91
-91
-63
-58
-31
-52
-36
-38
-50
-30
-26
-33
-25
-22
-13
-45
-43
-17
-69
-63
-52
-36
-21
-29
19
-13
2
9
-58
-24
-66
-47
-27
-22
-28
-31
-45
12
18
-36
2
-35
-9
-14
-28
19
37
35
-17
22
19
-2
7
13
15
8
15
17
13
6
33
9
31
19
-24
-14
-26
-15
-17
-11
8
4
5
21
4
41
46
23
11
48
38
24
43
4
30
15
5
1
38
16
14
34
25
47
0
-14
8
-4
20
32
-12
52
35
43
38
8
-8
20
37
25
46
42
66
67
76
35
38
59
60
53
31
42
55
66
69
75
71
78
44
45
39
62
46
70
28
28
46
23
42
35
40
50
83
77
74
86
109
71
69
63
68
82
95
126
77
111
95
117
173
108
112
90
109
124
88
66
69
56
51
31
35
78
80
50
63
63
70
43
58
72
59
60
48
48
63
38
19
44
15
14
23
8
22
-14
16
3
5
4
-39
3
16
-11
13
40
14
-18
-24
0
-30
-36
-12
-44
-40
-39
-10
-52
-10
36
-40
-18
-57
-71
-65
-62
-88
-91
-114
-114
-74
-75
-63
-81
-69
-53
-65
-75
-72
-48
-61
-76
-87
-66
-63
-48
-61
-66
-69
-89
-91
-109
-100
-88
-53
-88
-111
-69
-103
-168
-140
-127
-133
-105
-154
-166
-123
-131
-126
-132
-99
-132
-149
-171
-121
-108
-135
-134
-145
-112
-128
-123
-75
-88
-93
-88
-94
-78
-80
-113
-103
-110
-85
-137
-116
-144
-121
-99
-95
-109
-65
-48
-109
-62
-79
-95
-140
-101
-68
-83
-87
-80
-79
-80
-107
-118
-91
-95
-74
-69
-42
-45
-102
-79
-78
-45
-52
-61
-78
-77
-33
-59
-42
-16
-15
-87
-81
-71
-50
-49
-79
-28
-53
-48
-80
-25
-39
-27
-14
-43
-16
-41
-58
-50
-56
-80
-75
-48
-63
-62
-25
-36
-21
-11
-32
-47
-50
-59
-49
-73
-49
-55
-25
-66
-89
-69
-129
-15
-26
-72
-41
-44
-39
-49
-30
-61
-32
-63
-62
-7
-43
-23
-46
-40
-15
-29
-29
-29
-48
-18
-7
-30
-19
3
27
14
-40
-35
-3
20
28
9
18
28
72
55
10
63
38
7
6
0
17
-1
-17
-12
25
16
-6
48
41
3
15
-9
36
13
11
8
9
-13
41
86
64
48
-10
0
-10
-33
14
-3
-18
-3
-19
8
-3
36
43
6
30
33
10
8
49
13
53
41
23
49
68
84
50
54
41
44
2
56
48
34
56
80
65
21
57
32
53
58
52
30
61
65
54
54
29
15
9
54
58
110
83
73
52
82
74
35
64
48
68
91
65
54
58
29
50
97
61
42
54
58
62
99
83
79
99
81
106
101
93
86
91
94
98
65
79
108
99
79
108
80
100
93
91
104
93
134
135
89
96
60
92
53
46
67
85
88
87
104
77
85
68
127
115
99
88
91
110
112
100
97
149
166
84
51
95
64
115
113
92
94
94
103
83
72
137
115
119
110
95
143
126
79
97
124
108
124
108
105
127
150
133
103
89
103
71
33
102
113
93
88
83
75
64
73
101
71
58
66
63
48
3
-2
-14
14
-24
-19
-6
-28
22
37
26
49
69
78
41
41
30
26
18
37
22
24
19
7
48
13
-32
0
52
49
63
40
30
38
53
56
62
36
74
73
34
42
15
26
38
-21
4
29
28
3
-24
21
-17
41
17
0
18
8
-21
7
-15
-50
-8
-34
0
-4
20
-8
-26
-10
-25
-18
-30
-19
-20
9
-17
-26
-23
-35
-13
-2
6
-4
13
-11
-10
3
-5
-2
19
3
-21
-4
4
7
-65
-37
-2
-29
-10
-3
-20
-36
-42
-32
-19
15
-1
-39
-9
-55
-23
-19
-41
1
5
-7
-7
-14
0
8
-19
21
-18
-26
-15
-34
-1
6
17
28
-57
-6
16
33
8
24
56
71
47
39
44
9
37
22
67
44
-19
50
43
52
62
29
54
-2
13
37
30
11
29
-15
-51
-45
-3
-5
-11
-13
-5
-32
-18
12
5
-10
22
20
30
49
3
42
17
40
18
16
16
14
46
41
20
50
56
20
10
39
4
-2
24
10
0
14
36
42
27
-1
23
13
27
24
32
88
33
51
46
53
62
57
66
75
86
61
42
67
42
65
59
44
63
58
76
89
77
70
108
89
71
66
49
71
71
128
99
111
134
98
125
100
142
129
125
137
127
121
133
117
116
122
108
146
156
99
158
162
126
146
181
162
147
177
180
187
190
212
190
154
164
151
192
170
182
216
202
181
162
146
176
130
118
156
141
157
127
151
157
130
141
154
173
193
172
134
146
163
132
162
158
201
196
148
162
171
157
119
132
131
135
137
131
112
134
101
70
80
63
82
94
70
56
58
39
85
74
64
42
56
54
32
70
87
83
53
51
56
71
62
56
20
71
76
19
65
51
35
59
51
51
55
39
24
53
49
51
81
42
60
61
36
11
25
32
50
20
16
40
55
54
32
32
50
9
51
78
68
80
114
140
89
95
78
73
90
52
62
92
85
69
92
92
100
91
65
68
68
42
7
26
54
45
66
38
43
70
113
81
53
92
37
73
63
64
38
40
59
37
47
67
39
24
35
34
37
72
76
53
24
-20
77
13
17
24
-2
-12
-20
-17
-30
7
-28
13
-8
-10
9
30
-2
20
65
31
37
12
30
32
-20
4
21
-11
39
52
6
19
17
29
59
30
26
40
17
11
20
26
47
5
-20
-16
-10
43
12
6
-6
26
31
28
20
36
19
21
1
16
15
14
48
6
2
-36
61
36
23
45
11
0
-24
-27
-30
-6
-6
-58
-55
-1
16
-41
-26
-22
-44
-73
-18
-7
-43
-10
-67
-56
-59
-10
-9
-24
-2
-48
-34
-89
-106
-74
-76
-85
-59
-43
-89
-120
-101
-119
-68
-56
-19
-58
-55
-38
-24
-27
-55
-73
-73
-33
-86
-106
-70
-33
-64
-24
-41
-84
-49
-64
-79
-130
-100
-56
-63
-34
-19
-30
-43
-108
-91
-90
-115
-99
-116
-95
-84
-105
-131
-116
-117
-123
-81
-104
-95
-61
-131
-98
-115
-89
-109
-78
-54
-61
-97
-131
-98
-99
-75
-63
-41
-79
-55
-29
-41
-74
-65
-42
-29
-31
-29
-25
-28
-3
3
2
-27
23
4
-25
-15
-21
14
7
22
30
21
40
47
18
43
12
21
43
9
44
58
26
41
7
-11
-7
40
20
12
56
-9
4
30
37
-10
-32
-29
-31
-33
-32
-10
-38
-14
-2
6
4
-2
8
11
-11
-15
15
-17
-18
-7
-42
-45
-20
-1
-31
-28
-81
-84
-74
-62
-27
-85
-70
-81
-62
-53
-56
-64
-59
-45
-55
-85
-78
-85
-74
-46
-76
-45
-48
1
-31
-48
-39
-50
-48
-37
-75
-49
-53
-82
-52
-113
-111
-92
-106
-106
-123
-58
-116
-115
-162
-123
-152
-170
-154
-147
-155
-160
-98
-100
-92
-154
-115
-103
-149
-141
-139
-159
-186
-183
-189
-173
-159
-161
-94
-140
-170
-159
-139
-162
-185
-163
-150
-154
-132
-101
-116
-128
-150
-134
-120
-106
-116
-88
-141
-150
-114
-139
-126
-161
-152
-149
-181
-173
-204
-214
-199
-175
-173
-196
-151
-188
-202
-189
-174
-179
-182
-178
-175
-164
-152
-151
-178
-200
-187
-164
-183
-166
-131
-140
-151
-111
-161
-159
-161
-165
-129
-154
-159
-141
-147
-115
-154
-125
-124
-143
-150
-159
-145
-150
-149
-146
-144
-175
-122
-153
-174
-178
-197
-198
-160
-162
-197
-161
-184
-189
-153
-153
-188
-148
-169
-171
-135
-161
-124
-153
-168
-166
-177
-193
-189
-190
-189
-180
-168
-175
-158
-209
-207
-216
-226
-207
-216
-235
-188
-161
-220
-182
-185
-238
-267
-267
-228
-178
-180
-182
-166
-221
-197
-194
-238
-275
-245
-216
-165
-209
-196
-201
-223
-219
-196
-196
-220
-175
-196
-199
-193
-157
-191
-186
-198
-167
-182
-212
-187
-168
-188
-156
-130
-154
-148
-164
-181
-157
-122
-127
-180
-154
-98
-147
-178
-189
-184
-152
-185
-174
-135
-200
-180
-181
-180
-150
-174
-192
-179
-203
-205
-183
-183
-193
-234
-194
-193
-179
-223
-213
-198
-218
-205
-191
-196
-199
-182
-205
-180
-140
-157
-162
-170
-170
-195
-175
-183
-159
-149
-132
-167
-145
-136
-136
-140
-197
-102
-181
-181
-212
-208
-193
-202
-146
-176
-157
-175
-206
-157
-133
-165
-146
-122
-149
-174
-141
-132
-149
-112
-156
-178
-158
-180
-171
-141
-160
-163
-171
-170
-165
-145
-150
-170
-135
-166
-172
-146
-143
-161
-141
-134
-182
-198
-158
-168
-193
-154
-136
-178
-180
-181
-169
-154
-171
-157
-118
-91
-150
-146
-146
-182
-154
-150
-114
-119
-124
-144
-150
-135
-126
-176
-191
-130
-114
-120
-110
-147
-132
-110
-156
-142
-178
-142
-107
-100
-135
-173
-161
-158
-120
-144
-157
-136
-152
-142
-172
-170
-172
-169
-176
-211
-167
-168
-175
-151
-165
-139
-165
-140
-149
-140
-127
-151
-152
-186
-156
-149
-121
-118
-137
-136
-156
-119
-101
-131
-124
-128
-136
-130
-162
-150
-144
-172
-169
-133
-134
-142
-113
-149
-108
-144
-177
-155
-146
-138
-184
-170
-212
-189
-178
-181
-160
-148
-174
-182
-152
-170
-152
-97
-134
-117
-148
-164
-147
-161
-166
-186
-182
-208
-206
-217
-201
-190
-202
-170
-185
-152
-154
-191
-198
-198
-218
-229
-224
-269
-251
-243
-239
-233
-213
-202
-224
-214
-252
-212
-254
-227
-219
-237
-143
-195
-219
-238
-218
-232
-253
-221
-250
-234
-208
-193
-204
-228
-207
-204
-199
-224
-241
-229
-210
-211
-188
-179
-215
-169
-167
-159
-172
-182
-195
-209
-187
-203
-200
-202
-198
-171
-168
-147
-153
-167
-132
-116
-161
-147
-132
-114
-117
-131
-120
-117
-145
-112
-125
-126
-149
-91
-101
-92
-83
-150
-81
-57
-96
-102
-67
-85
-121
-128
-95
-94
-80
-81
-67
-93
-71
-74
-83
-72
-73
-83
-87
-109
-144
-67
-57
-108
-115
-93
-80
-81
-79
-78
-110
-94
-93
-80
-106
-124
-93
-110
-112
-145
-118
-73
-78
-86
-78
-132
-141
-98
-111
-130
-124
-142
-181
-130
-82
-102
-97
-97
-132
-94
-86
-130
-76
-86
-112
-99
-116
-78
-105
-139
-99
-92
-85
-102
-93
-40
-85
-88
-64
-75
-59
-118
-131
-131
-130
-88
-95
-114
-102
-119
-141
-123
-156
-197
-141
-179
-145
-106
-177
-107
-142
-159
-161
-168
-140
-178
-153
-134
-118
-75
-110
-94
-65
-107
-99
-78
-74
-41
-83
-88
-83
-82
-51
-18
-70
-71
-24
-51
-24
-57
-81
-116
-81
-87
-108
-99
-64
-68
-67
-59
-71
-58
-43
-16
-53
-45
-56
-72
-70
-41
-56
-33
-33
-16
-33
-41
-26
-44
-27
-30
-45
-30
-19
-60
-47
-57
-80
-58
-41
-4
-42
9
-9
-15
-39
-55
-15
-29
-35
-45
-42
-56
-83
-60
-62
-47
-50
-74
-33
-13
-37
-15
11
4
6
-39
-54
-23
-21
10
-16
-38
-80
-40
-32
-31
-22
-9
23
17
14
20
6
-27
-14
11
13
-4
65
15
13
-1
-5
13
-6
-13
-19
46
12
-13
-38
-63
-44
-66
-50
6
-26
6
-38
-34
6
-20
-41
3
-18
-45
-13
-49
-21
-23
-36
-71
-76
-68
-89
-63
-76
-33
-55
-39
-59
-78
-30
-48
-33
-34
-41
-15
-40
-43
-30
-41
-73
-62
-57
-59
-53
-27
-48
-67
-65
-18
-36
-38
-50
-68
-31
-66
-93
-80
-65
-27
-61
-71
-80
-49
-44
-66
-56
-52
-74
-89
-64
-74
-53
-17
-26
-81
-26
5
2
-61
-69
-40
-36
-17
-74
-23
-28
-75
-43
-62
-70
-99
-79
-76
-72
-81
-25
-44
-48
-77
-66
-14
-58
-45
-69
-95
-71
-94
-113
-83
-128
-77
-67
-72
-116
-103
-131
-95
-99
-106
-100
-109
-68
-128
-90
-112
-146
-137
-74
-68
-67
-92
-76
-86
-72
-16
-33
-16
-22
-84
-72
-87
-28
-37
-100
-74
-70
-52
-67
-72
-53
-53
-82
-28
-33
-80
-68
-60
-48
-46
-50
-87
-80
-94
-110
-56
-38
-87
-101
-52
-62
-74
-77
-37
-52
-88
-85
-31
-47
-69
-39
-54
-47
-45
-49
-38
-38
-45
-63
-57
-28
-26
-26
-30
-52
-55
-47
-63
-99
-87
-58
-56
-51
-13
-27
-22
-42
-25
-14
-39
-29
-32
-45
-58
-40
-19
-24
-38
-59
-30
1
-3
-22
-11
-12
5
6
3
-10
-4
10
2
-4
-3
-5
-16
-12
-31
-15
-38
-3
-8
1
13
34
27
-7
-15
-5
25
-5
-2
24
-1
-29
29
2
37
27
21
34
8
-6
-42
-44
-36
-30
-39
7
23
-53
-25
11
-22
-10
-5
2
7
21
-43
0
61
50
77
20
-5
24
24
1
9
27
24
17
15
59
78
10
-15
22
27
7
36
5
28
21
14
45
-10
-43
-1
-28
-40
61
32
15
14
55
16
5
-2
20
32
27
48
38
27
6
18
36
27
33
36
51
39
51
91
64
30
50
57
52
65
72
91
90
64
78
122
99
103
118
116
122
115
112
159
168
101
144
138
126
162
121
112
121
147
109
167
134
111
132
137
117
88
112
95
87
83
91
72
122
104
115
126
65
112
110
113
67
64
122
62
110
105
95
84
91
127
95
81
70
85
120
107
104
72
70
80
68
80
45
43
53
71
69
45
16
43
63
56
102
92
81
83
135
88
82
87
4
44
51
49
83
91
46
33
37
39
51
74
32
19
44
29
79
30
69
82
58
16
15
61
90
22
27
27
23
14
30
80
61
61
25
34
33
59
10
-18
3
17
67
49
16
-2
-21
-27
22
47
-24
6
17
-6
-6
-15
-28
-28
-18
11
28
46
17
31
25
-1
22
-12
-3
37
26
23
52
45
-28
-33
-20
-5
-14
-25
-10
-19
-8
-12
18
20
22
16
15
10
-22
15
-32
-49
-19
14
3
-13
16
-37
-14
-32
-55
-37
-55
-104
-91
-245
-503
-681
-848
-974
-1366
-1713
-1922
-2194
-2412
-2689
-3001
-3447
-3918
-4293
-4600
-4862
-5239
-5604
-5826
-5910
-5771
-5586
-5347
-5010
-4516
-3892
-3151
-2271
-1450
-708
-11
798
1682
2418
2994
3413
3870
4267
4568
4977
5233
5396
5587
5831
6241
6504
6805
7051
7192
7266
7282
7368
7180
6806
6228
5612
4951
4065
3255
2257
1195
190
-669
-1375
-2175
-2720
-3174
-3565
-3850
-3959
-3914
-3955
-3964
-3905
-3724
-3571
-3557
-3381
-3362
-3335
-3216
-3064
-2836
-2685
-2407
-2094
-1749
-1296
-748
-117
285
687
1142
1575
1839
2033
2151
2042
1843
1516
1091
554
-201
-857
-1591
-2332
-2999
-3647
-4143
-4719
-5152
-5441
-5612
-5744
-5811
-5761
-5683
-5515
-5298
-4960
-4590
-4215
-3683
-3190
-2621
-1963
-1234
-513
195
1034
1896
2844
3653
4568
5506
6279
7057
7845
8500
9023
9431
9866
10125
10366
10500
10483
10347
9979
9569
9063
8387
7516
6592
5638
4524
3367
2210
1125
-15
-1167
-2179
-3025
-3848
-4548
-5168
-5709
-6100
-6380
-6517
-6641
-6664
-6612
-6516
-6394
-6103
-5798
-5466
-5110
-4727
-4190
-3550
-2932
-2350
-1621
-904
-158
606
1315
2027
2719
3231
3692
4015
4159
4261
4156
3946
3500
2915
2306
1481
623
-341
-1363
-2299
-3252
-4224
-5203
-5919
-6667
-7329
-7857
-8258
-8445
-8639
-8717
-8686
-8494
-8121
-7729
-7185
-6521
-5809
-4933
-3980
-2942
-1886
-625
515
1671
2936
4021
5280
6363
7331
8250
9135
9951
10524
11132
11612
11981
12241
12416
12693
12791
12874
12735
12419
11906
11292
10677
9782
8648
7254
5890
4410
2755
1110
-540
-2118
-3660
-5112
-6359
-7380
-8096
-8741
-9326
-9567
-9608
-9396
-9265
-9127
-8740
-8329
-7884
-7505
-6990
-6415
-5863
-5297
-4745
-3971
-3128
-2301
-1456
-666
303
1396
2357
3203
3979
4656
5184
5550
5712
5763
5573
5068
4299
3450
2590
1414
122
-1173
-2428
-3647
-4856
-5954
-6915
-7751
-8408
-8914
-9276
-9464
-9499
-9498
-9409
-9094
-8616
-8104
-7574
-6898
-6159
-5349
-4399
-3382
-2246
-1137
64
1188
2480
3784
5049
6318
7416
8535
9544
10587
11428
12100
12781
13257
13615
13872
14089
14255
14296
14271
14009
13619
12994
12251
11534
10534
9279
7724
6055
4378
2631
767
-1099
-2884
-4536
-6070
-7454
-8677
-9484
-10186
-10870
-11272
-11334
-11057
-10852
-10659
-10360
-9861
-9269
-8701
-8144
-7469
-6749
-6052
-5418
-4524
-3550
-2586
-1712
-897
109
1304
2421
3246
4042
4774
5400
5772
5911
5931
5726
5151
4320
3417
2423
1277
-101
-1578
-2960
-4222
-5419
-6568
-7584
-8463
-9133
-9680
-9992
-10163
-10172
-10066
-9960
-9670
-9202
-8677
-8134
-7450
-6743
-5891
-4864
-3800
-2656
-1447
-147
1170
2562
3937
5324
6681
7865
9067
10256
11305
12276
13053
13716
14342
14837
15285
15583
15926
16180
16392
16669
16874
16575
15533
14634
13753
12881
11085
8759
6507
4354
2539
51
-2333
-4367
-5984
-7644
-9623
-10711
-11106
-11137
-11855
-12673
-12431
-11576
-10845
-11028
-11063
-10302
-9597
-9125
-9051
-8454
-7420
-6741
-6383
-5930
-4334
-2704
-1568
-881
165
2233
3976
5128
5945
7230
8700
9335
9574
9724
10084
9802
8594
7287
6139
5115
3266
1017
-1044
-2866
-4355
-6258
-8050
-9564
-10575
-11577
-12677
-13185
-13504
-13509
-13977
-14212
-13989
-13636
-13273
-13234
-12840
-12184
-11426
-10410
-9350
-7948
-6464
-4722
-2842
-983
1243
3211
5155
6823
8441
10187
11506
12578
13198
13974
14582
14970
15334
15579
15921
15988
16162
16420
16714
17135
17334
17627
17907
17942
17693
16396
15330
14051
12597
10367
7297
4681
1906
-422
-3319
-6072
-8007
-9825
-11135
-12840
-13599
-13751
-13700
-13666
-14045
-13314
-12188
-11143
-10772
-10651
-9663
-8843
-8279
-8095
-7752
-6725
-6218
-5605
-5061
-3576
-1837
-698
474
1662
3852
5780
7203
8355
9416
10845
11520
11751
11656
11589
11277
9978
8476
6929
5504
3673
1176
-1172
-3280
-5035
-6943
-9021
-10668
-11897
-12959
-14073
-14764
-15132
-15246
-15604
-15968
-15917
-15626
-15268
-15169
-14961
-14437
-13631
-12722
-11738
-10351
-8742
-6845
-4936
-2846
-399
1917
4100
5975
7918
9820
11258
12460
13257
13847
14263
14432
14487
14364
14338
14132
13974
13966
14105
14456
14744
15046
15551
16215
16870
17397
17668
17586
16727
15461
14141
12450
10295
7201
4059
909
-1876
-4521
-7486
-9808
-11774
-13026
-14007
-14640
-14302
-13631
-12869
-12593
-11970
-10583
-9331
-8559
-8547
-8287
-7818
-7578
-7528
-7681
-7390
-7038
-6700
-6145
-5206
-3433
-1873
-400
1004
2966
5428
7346
8777
9862
11018
11907
12196
12082
11638
10974
9753
7995
6269
4394
2635
560
-1795
-3932
-5844
-7193
-8838
-10420
-11519
-12529
-13152
-13969
-14406
-14752
-15094
-15496
-15942
-15931
-16056
-16020
-16079
-15974
-15573
-14894
-13821
-12688
-11194
-9283
-7235
-4879
-2467
244
2706
4969
7014
8788
10555
11547
12308
12736
12792
12828
12603
12454
12115
11880
11635
11497
11613
11983
12577
13078
13794
14605
15516
16429
17089
17607
17941
17760
17101
15720
14287
12540
10449
7893
4758
2012
-734
-3049
-5384
-7722
-9316
-10707
-11308
-12020
-12151
-11579
-10876
-10139
-9997
-9343
-8557
-8020
-7962
-8364
-8315
-8178
-8128
-8225
-8433
-8119
-7703
-7035
-6337
-5175
-3539
-2085
-653
755
2677
4715
6244
7428
8194
9131
9675
9769
9455
8869
8202
6922
5541
4078
2658
748
-1146
-3003
-4733
-6263
-7807
-9246
-10724
-11772
-12681
-13498
-14119
-14762
-15092
-15493
-15781
-15838
-15756
-15658
-15849
-15511
-14994
-14379
-13344
-12222
-10683
-9100
-7085
-4794
-2506
-47
2102
4370
6373
8208
9806
11046
11954
12483
12951
13230
13279
13198
12948
12666
12230
11927
11811
11848
12025
12363
12778
13391
14163
14890
15740
16300
16866
17270
17400
17070
15991
14676
13212
11382
9105
6345
3714
1052
-1650
-3679
-5062
-6650
-8377
-9169
-10357
-10852
-10423
-10182
-9780
-9640
-9479
-9142
-9114
-9029
-9140
-9164
-8854
-8918
-8906
-8955
-8717
-8384
-8090
-7471
-6643
-5235
-3760
-2297
-712
1004
2952
4675
6061
7265
8395
9116
9309
9279
9070
8626
7802
6468
5242
3935
2246
382
-1504
-3025
-4656
-6386
-7880
-9400
-10592
-11652
-12675
-13514
-14190
-14621
-15119
-15509
-15812
-15839
-15800
-15926
-15847
-15401
-14668
-13961
-13045
-11709
-10058
-8231
-6245
-4061
-1780
503
2662
4697
6626
8204
9511
10656
11271
11598
11708
11667
11263
10806
10344
9782
9417
9191
9345
9516
9902
10430
11190
12043
12872
13682
14517
15205
15981
16836
17409
17422
18373
18695
19875
19895
17528
15745
11693
8003
5381
2660
-886
-3329
-5019
-6731
-8065
-9785
-10418
-10652
-10695
-10774
-11311
-10926
-10520
-10205
-10288
-10730
-10938
-11379
-11563
-12057
-12254
-12077
-12082
-11557
-11008
-9541
-7838
-6403
-4848
-3370
-1168
877
2633
4019
5130
6268
6824
7241
7398
7276
6900
5946
4975
3909
2748
1346
-272
-1824
-3291
-4556
-5856
-7284
-8409
-9448
-10481
-11396
-12221
-12837
-13545
-14250
-15003
-15479
-15900
-16311
-16690
-16867
-16709
-16489
-15921
-15055
-13825
-12265
-10462
-8405
-6044
-3593
-1170
1158
3300
5252
7016
8332
9238
9840
10287
10576
10691
10606
10420
10132
9861
9877
10003
10239
10472
10739
11178
11641
12351
13001
13537
13858
13960
13983
14084
15558
17069
18368
19072
19316
19784
18652
16892
12778
9598
7573
5007
2551
-414
-2600
-5361
-6712
-8087
-9997
-10630
-11215
-11390
-12519
-12775
-11665
-11354
-10917
-11269
-11328
-11175
-11181
-11178
-11588
-11399
-11303
-11116
-10800
-10220
-8652
-7173
-5789
-4570
-3125
-944
799
2358
3389
4497
5497
6030
6329
6333
6373
5895
4932
3861
2708
1185
-149
-1662
-3320
-5002
-6579
-7689
-9086
-10146
-11013
-11921
-12549
-13269
-13557
-13827
-14172
-14501
-14751
-14864
-15133
-15044
-14815
-14659
-14334
-13623
-12459
-11147
-9587
-7554
-5399
-3094
-765
1825
4176
6261
8012
9475
10639
11157
11632
11790
11560
11134
10810
10578
10372
10307
10188
10301
10371
10639
10879
11128
11178
11258
11660
12437
13847
14599
17612
20184
19039
16046
15219
17339
17260
15602
12214
9397
7981
4021
1636
-320
-2695
-2612
-2254
-3513
-5028
-7122
-8439
-9250
-10066
-10894
-11467
-11044
-10763
-10885
-11641
-12023
-12134
-12194
-12547
-13179
-13253
-13056
-13132
-12824
-12027
-10427
-8824
-7479
-6129
-4288
-2083
-233
1315
2507
3688
4760
5385
5690
5767
5833
5331
4353
3039
1737
935
-491
-2137
-3928
-5188
-6216
-7485
-8446
-9449
-10129
-10791
-11495
-11810
-12168
-12285
-12788
-13318
-13640
-13945
-13819
-13967
-14096
-13970
-13371
-12502
-11522
-9969
-8251
-6208
-4112
-1834
729
3086
5149
6784
8307
9502
10306
10756
10831
10834
10588
10381
10195
10021
9878
9570
9491
9342
9488
9718
10268
11005
11821
11987
13004
17223
19608
20222
20078
20032
23568
22693
19035
19512
16260
13824
15378
13848
11723
10335
8114
5938
4026
1853
-434
-2424
-4492
-6525
-8149
-8843
-10332
-11893
-12258
-12047
-11782
-12069
-12925
-13396
-13391
-13567
-14177
-14260
-14149
-13973
-13656
-13331
-12349
-10740
-9168
-7922
-6524
-4609
-2337
-339
1198
2557
4092
5319
6052
6466
6852
6971
6582
5581
4778
3641
2264
1005
-644
-2084
-3799
-5125
-6422
-7879
-8792
-9859
-10637
-11530
-12262
-12533
-13060
-13347
-13991
-14202
-14570
-14949
-14853
-14892
-14627
-14379
-13539
-12451
-11119
-9334
-7376
-5015
-2762
-350
2142
4341
6291
7752
9209
10105
10624
10997
11041
10849
10458
10323
10134
10050
9792
9665
9658
9721
9747
9995
10530
11475
11561
11243
14261
16589
19046
21706
20848
19574
19369
19971
21323
18965
17050
17534
15381
13490
14199
11754
9453
7599
4160
1506
-1370
-2880
-4447
-6827
-7892
-8577
-9067
-9639
-10096
-9693
-9147
-9197
-10527
-11229
-11533
-11933
-12141
-12506
-12374
-12254
-12048
-11641
-10832
-9430
-7988
-6724
-5513
-3995
-1972
-229
1259
2395
3567
4684
5340
5637
5915
6043
5659
4934
4092
3377
2051
498
-881
-2374
-3818
-5457
-6929
-8216
-9587
-10616
-11647
-12479
-13263
-13877
-14259
-14873
-15250
-15448
-15603
-15890
-16109
-15778
-15263
-14833
-14061
-12853
-11262
-9578
-7600
-5277
-2889
-617
1545
3739
5681
7279
8518
9494
10097
10459
10769
10708
10459
10192
10087
10047
10143
10018
9932
9625
9327
9293
9439
8970
8216
11223
15532
17384
19057
20252
19353
20562
21764
13362
16309
17870
12829
15193
10747
9283
6761
2128
2411
1966
-365
-1618
-3815
-5999
-8423
-10781
-11756
-12573
-13367
-13772
-14782
-15165
-14543
-14398
-14816
-15168
-15149
-14987
-14588
-14500
-14082
-13292
-12906
-12316
-11322
-10078
-8553
-7201
-6097
-4808
-3030
-1101
523
1922
2979
4204
5334
5866
6303
6605
6617
6178
5431
4827
4232
2854
1169
-292
-1616
-3039
-4836
-6260
-7862
-9283
-10417
-11620
-12409
-13272
-13987
-14534
-15163
-15402
-15520
-15444
-15680
-15794
-15208
-14491
-13813
-12905
-11516
-9856
-8130
-6103
-3710
-1225
1155
3279
5457
7444
9139
10378
11157
11584
11743
11821
11735
11291
10977
10746
10605
10583
10675
10518
10177
9761
10505
11152
11340
12320
16313
20087
22189
23042
20541
22099
22487
20652
21318
19988
18742
17992
15507
13530
11120
9261
7287
5601
3916
1194
-1449
-3801
-5265
-6927
-8585
-9508
-10726
-11652
-12658
-13846
-13631
-13264
-12984
-13407
-13714
-13470
-13101
-12914
-13064
-12633
-12285
-12027
-11643
-10894
-9344
-7749
-6403
-5182
-3631
-1643
284
1882
2921
4023
5138
5861
6218
6357
6494
6151
5343
4361
3670
2617
702
-636
-2293
-3486
-5200
-6926
-8044
-9779
-10599
-11862
-12654
-13288
-14257
-14284
-14998
-15164
-15426
-15482
-15283
-15757
-15133
-14625
-13653
-12883
-11632
-9716
-7887
-5641
-3297
-475
2149
4457
6802
8838
10688
11906
12886
13571
13809
14065
14086
13930
13611
13539
13528
13486
13496
13379
13408
13340
13326
13629
13763
13974
14267
16233
17702
18465
20692
22383
23843
25277
26394
26258
24642
23350
22706
22724
21103
17109
14516
11324
7308
4463
1348
-1063
-3411
-6072
-7916
-9195
-9835
-10472
-11634
-12478
-12830
-12495
-12213
-12624
-13120
-13021
-12625
-12555
-12623
-12374
-12139
-11976
-11771
-11257
-9910
-8402
-7129
-5910
-4396
-2461
-428
1310
2562
3691
4730
5575
6027
6219
6370
6135
5371
4332
3420
1925
424
-1041
-2685
-4221
-6083
-7315
-8769
-10011
-11023
-12069
-12629
-13536
-13946
-14292
-14687
-14906
-15372
-15313
-15526
-15576
-15245
-14795
-14113
-13366
-11994
-10284
-8333
-6204
-3741
-1122
1372
3822
6237
8348
10024
11234
12037
12555
12724
12690
12528
12320
11979
11944
11913
12091
12128
12276
12564
12866
13410
13905
14248
15509
17941
19344
23395
24442
25451
28089
28023
28152
28066
26790
19480
17232
17690
12762
9779
6361
2868
1940
-328
-3272
-5657
-7802
-9438
-11554
-13070
-13806
-14402
-14587
-15047
-15250
-14319
-13450
-13309
-13668
-13830
-13788
-13627
-13763
-14056
-13744
-13349
-13051
-12420
-11238
-9534
-7865
-6426
-5030
-3060
-811
1088
2580
3657
4856
5756
6333
6446
6413
6217
5427
4210
2696
1174
-104
-1617
-3607
-5439
-7082
-8188
-9463
-10670
-11556
-12359
-12974
-13678
-14071
-14213
-14480
-14812
-15333
-15526
-15596
-15561
-15365
-15225
-14784
-13903
-12444
-10766
-8833
-6482
-3993
-1503
999
3451
5806
7659
9038
9997
10780
11283
11356
11098
10792
10453
10386
10504
10784
10931
11154
11427
11821
12331
12911
13752
15274
16618
16817
19129
20094
22177
23968
23452
23236
21972
22347
20432
19699
18666
16115
13752
10686
6673
3697
1906
-2408
-4764
-7001
-8655
-9911
-11837
-12736
-13707
-14264
-15103
-16168
-15954
-15558
-15077
-15205
-15409
-15158
-14736
-14202
-14283
-13960
-13400
-12888
-12322
-11742
-10379
-8628
-7034
-5765
-4352
-2357
-167
1588
2832
4124
5331
6376
6945
7070
7209
7063
6435
5293
4091
2772
1104
-392
-2385
-4059
-5764
-7393
-8654
-10344
-11220
-12185
-13025
-13641
-14404
-14484
-14940
-15180
-15495
-15693
-15619
-15837
-15525
-15243
-14594
-13735
-12526
-10835
-8919
-6589
-4215
-1583
883
3338
5768
7815
9556
10706
11608
12137
12359
12470
12325
12151
12020
12239
12535
12812
13100
13480
14148
14893
15409
17455
21012
24705
26342
30063
28790
25139
28241
24771
23865
26923
25209
22590
21169
20044
19132
17487
14620
11891
8513
6376
3280
70
-2190
-4744
-6711
-9289
-10920
-11928
-12433
-13425
-15008
-14826
-14798
-14335
-14561
-15261
-15128
-14944
-14443
-14466
-14010
-13282
-12552
-11763
-10972
-9354
-7358
-5630
-4345
-2830
-787
1352
3148
4344
5432
6379
7110
7443
7381
7463
7067
6397
5337
4113
2936
1192
-136
-1994
-3754
-5338
-7081
-8346
-10155
-11279
-12341
-13371
-14127
-15052
-15284
-15802
-16199
-16543
-16626
-16636
-16740
-16309
-15944
-15184
-14365
-12996
-11353
-9637
-7442
-5258
-2765
-599
1571
3691
5398
7116
8419
9478
10101
10388
10605
10625
10696
10541
10632
10764
10917
11138
11348
11730
12168
12932
14175
16848
20904
21884
26415
25385
18636
22692
22161
21946
22157
17780
15855
14143
13761
11678
8912
6974
5865
2461
1892
1144
-3243
-4513
-7110
-9218
-10506
-12775
-13057
-13858
-14055
-14752
-16008
-15479
-15297
-14433
-14816
-15505
-15368
-15387
-14981
-15267
-14999
-14544
-14110
-13415
-12701
-11153
-9446
-7752
-6322
-4772
-2535
-318
1701
2920
4111
5327
6252
6823
6831
7027
6697
5853
4685
3348
2380
1123
-389
-2156
-3828
-4987
-6251
-7451
-8726
-9822
-10717
-11630
-12329
-12994
-13495
-14100
-14822
-15380
-15650
-15777
-15716
-15759
-15533
-14768
-13698
-12312
-10649
-8713
-6358
-3885
-1258
1390
3831
6047
7582
8821
9610
10249
10658
10642
10787
10878
11111
11469
11652
11808
11776
11790
12076
12468
13597
14866
17824
21417
23979
25289
31048
30241
24096
27332
24728
19920
19817
18420
19050
20394
18752
15117
14200
15676
13154
11999
9755
6277
3649
657
-1127
-4358
-6023
-7599
-9943
-10053
-11285
-11441
-12251
-13189
-12588
-12141
-11308
-12191
-12580
-12784
-13084
-13023
-13702
-13523
-13398
-13185
-12973
-12419
-10929
-9471
-7905
-6814
-5367
-3119
-877
1121
2569
4078
5399
6580
7257
7482
7818
7477
6809
5887
4943
4256
2894
1052
-1218
-2831
-3972
-5644
-7330
-9345
-10741
-11946
-13214
-14053
-14881
-15484
-16323
-16915
-17114
-17139
-16945
-17010
-17161
-17023
-16202
-15015
-13919
-12720
-11160
-9128
-6945
-4526
-2064
509
2806
4674
6709
8760
10451
11580
12175
12619
13034
13432
13631
13525
13578
13547
13923
14418
14839
14959
15519
16458
18218
18312
23618
25466
22870
27010
29680
26909
19336
21198
21684
23285
23394
20791
20926
17341
17104
15034
11821
9395
6675
4927
1828
-813
-3706
-6497
-7897
-10318
-11258
-12238
-12318
-12416
-13936
-13363
-13004
-12291
-12437
-13269
-13202
-13227
-12605
-12976
-13054
-12739
-12498
-11750
-11324
-9876
-8098
-6429
-5106
-4005
-1892
344
2266
3392
4206
5311
6152
6771
6828
6887
6786
6090
5360
4482
3613
2180
728
-765
-2622
-3761
-5494
-6857
-8581
-10192
-11049
-12443
-13152
-14317
-15038
-15556
-16469
-16699
-17163
-17158
-17327
-17470
-16925
-16373
-15320
-14241
-12740
-11086
-9116
-6795
-4371
-1911
301
2625
4644
6463
7932
9157
10142
10471
10685
10823
10913
11055
11121
11359
11466
11594
12065
12259
12683
13007
13798
14334
15161
17493
19697
21045
21254
23179
21221
18730
19375
18991
19010
20556
20026
19634
20653
19076
18213
16076
12558
9083
5584
3054
-372
-3008
-5773
-8695
-10107
-13039
-14250
-15232
-15646
-15969
-17766
-17113
-17055
-16070
-16016
-16764
-16189
-16018
-15372
-15607
-15375
-15006
-14593
-13821
-13314
-12021
-10328
-8490
-7012
-5502
-3295
-784
1362
2587
3798
5066
6161
6784
6799
6952
6688
6066
5229
4344
3803
2673
943
-868
-2326
-3184
-4553
-6320
-8054
-9489
-10519
-11619
-12697
-13715
-14639
-15386
-16202
-16757
-16790
-16943
-17094
-17348
-17267
-16258
-15179
-14075
-12884
-11286
-9090
-6957
-4697
-2306
-43
2161
4128
6116
8256
9903
11082
11902
12375
13060
13401
13672
13415
13183
13412
13470
13872
14095
14578
14878
15141
15422
16030
16935
18834
19182
22662
24822
24787
26512
23122
24199
22831
16914
12536
14280
13821
12184
12908
9245
8598
6216
4071
3111
70
-2011
-5264
-7443
-8930
-11620
-12347
-13766
-14103
-15435
-16905
-16931
-17176
-16223
-17256
-17541
-17152
-16761
-15806
-15819
-15167
-14645
-13805
-12990
-12013
-10169
-8625
-6779
-5400
-3894
-1645
688
2493
3420
4550
5604
6668
7269
7209
7505
7243
6770
6039
5320
4667
2907
1277
-467
-1819
-3100
-5109
-6695
-8624
-10075
-11171
-12388
-13378
-14665
-15402
-16012
-16635
-16990
-17167
-17200
-17467
-17626
-17135
-16163
-15342
-14363
-13068
-11393
-9295
-7070
-4533
-2113
158
2491
4670
6777
8562
9826
10931
11509
11855
12366
12595
12636
12641
12908
13419
13767
14123
14128
14232
14427
14745
15379
17022
19873
21283
23911
26618
27944
28337
29798
28958
27782
28561
27339
26402
26218
24505
23422
22718
19331
15095
10576
8649
6705
2473
-204
-3790
-6233
-8209
-11272
-12353
-13983
-13902
-14789
-16006
-15489
-15082
-13839
-14609
-14822
-14458
-13973
-13248
-13549
-13066
-12716
-12050
-11358
-10624
-9065
-7447
-5680
-4507
-3014
-810
1628
3548
4447
5595
6710
7788
8173
7832
7859
7261
6511
5515
4553
4046
2596
551
-1157
-2531
-3377
-5032
-7115
-8688
-10465
-11460
-12736
-14094
-15153
-16484
-17166
-18049
-18604
-18521
-18796
-18842
-19238
-18808
-17399
-16195
-15112
-13944
-11986
-9734
-7411
-4948
-2317
163
2439
4407
6307
8172
9377
10224
10592
10950
11628
12001
12405
12218
12144
12518
12646
12893
13106
13261
13807
13889
14528
14765
14650
15713
18455
21428
22114
22750
22077
23753
24339
25068
27235
23942
22555
21926
17936
15700
11809
8651
5716
2752
823
-3137
-5384
-8431
-10487
-11830
-14165
-14457
-15670
-15379
-16222
-17386
-16153
-15654
-14037
-14372
-14506
-14130
-13749
-13041
-13690
-13235
-13058
-12574
-11733
-11088
-9508
-7894
-6180
-4846
-3344
-1211
987
2897
3717
4816
5908
6795
7180
6741
6665
6085
5307
4295
3251
2224
458
-929
-2438
-3824
-4973
-6563
-7826
-9458
-10636
-11451
-12558
-13544
-14823
-15573
-16286
-17086
-17671
-18083
-18270
-18662
-18663
-18183
-17255
-16301
-15179
-13568
-11859
-9606
-7320
-4782
-2341
-193
2137
4062
5714
6940
7943
8802
9133
9442
9810
9941
9996
10036
10372
11012
11632
12387
13258
13938
14606
15105
15534
15635
16083
17723
19360
20613
21262
20905
23425
24466
24120
26188
26089
23725
22288
22824
21536
19170
16207
13912
10389
7076
4535
-271
-4434
-9086
-11566
-13396
-15852
-16253
-17262
-16727
-17444
-18419
-17484
-17035
-15698
-16296
-16368
-15884
-15397
-14672
-14973
-14355
-14042
-13310
-12500
-11701
-10066
-8432
-6584
-5231
-3697
-1456
949
2854
3788
5064
6236
7146
7556
7270
7248
6680
5940
5019
3990
3385
1945
72
-1803
-3185
-4065
-5667
-7504
-9341
-10779
-11836
-12987
-14152
-15257
-16223
-17074
-17699
-18253
-18197
-18237
-18365
-18451
-18220
-16935
-15775
-14674
-13456
-11801
-9338
-7117
-4641
-2164
69
2307
4092
5987
7743
9134
10064
10331
10369
10680
11007
11132
11038
10879
11153
11428
11814
12308
12648
13218
13679
14114
14687
15015
15499
16217
19121
19566
20916
23176
18519
19981
20074
19476
20088
17706
18003
16786
16668
13380
10494
8835
5559
3053
765
-646
-4621
-7327
-8599
-12043
-12738
-14012
-14300
-14547
-15902
-15171
-15157
-14004
-14462
-15090
-14665
-14522
-13547
-13922
-13647
-13175
-12529
-11623
-11027
-9519
-7962
-6199
-4868
-3477
-1388
824
2681
3553
4606
5619
6531
7149
6757
6713
6401
5692
4857
3401
2156
852
-605
-2137
-4018
-5255
-6358
-7905
-9136
-10402
-11176
-11992
-13199
-13994
-14825
-15384
-15962
-16859
-17132
-17649
-17756
-17696
-17633
-16914
-16096
-14836
-13419
-11852
-9743
-7457
-5175
-2946
-769
1595
3715
5265
6658
7783
8755
9494
9852
10367
10530
10978
11268
11353
11918
12419
12915
13333
13699
14341
15119
15605
16681
18920
21767
21947
22281
22381
17786
17999
18909
17799
18161
17244
16940
15267
15262
13364
12599
12171
7371
4862
3172
1971
-1524
-4704
-6388
-9710
-10268
-12566
-14012
-14356
-15261
-14880
-16823
-16592
-16277
-15419
-14634
-15615
-15033
-15025
-14137
-13879
-14035
-13488
-13287
-12346
-11878
-10799
-9192
-7660
-6037
-4921
-3058
-780
1375
2705
3638
4882
5924
6860
7001
6945
6845
6260
5650
4563
3896
2920
989
-619
-2383
-3424
-4666
-6620
-8263
-9997
-11044
-12015
-13123
-14088
-15068
-15724
-16207
-16682
-16812
-16607
-16616
-16579
-16489
-15551
-14190
-13285
-11986
-10682
-8613
-6280
-4096
-1564
657
2923
4985
6863
8671
10117
11279
11896
12177
12547
12848
12891
12598
12178
12029
12184
12301
12366
12548
12634
12828
13101
14137
15499
17704
20026
23645
26775
25027
25392
26146
24124
24177
25012
21742
18706
18356
15931
14929
13391
10134
8122
4977
3737
698
-2455
-3976
-6598
-7087
-8874
-10330
-10965
-11807
-11299
-12517
-12542
-12174
-11510
-10488
-11302
-10704
-10374
-9759
-9556
-10136
-9923
-9825
-9323
-8987
-8218
-6930
-5556
-4115
-2876
-1268
732
2764
3942
4643
5690
6540
7338
7240
6875
6746
6085
5450
4280
3235
2477
733
-858
-2625
-4051
-5102
-7090
-8754
-10527
-11930
-12881
-14238
-15348
-16442
-17247
-17642
-18264
-18496
-18465
-18320
-18021
-17876
-17043
-15754
-14603
-13479
-12214
-10421
-8244
-6235
-4034
-1861
333
2606
4561
6469
8073
9349
10417
10831
11248
11565
11746
11974
11804
11981
12245
12549
12871
13041
13239
13356
13724
14219
15094
16005
16885
17865
19248
19507
19437
19761
21836
21576
21762
23679
21673
23263
22329
21016
19903
16289
13129
9475
6486
2899
-1223
-5020
-8876
-10400
-12421
-14630
-14830
-15532
-14707
-15444
-15887
-15261
-15184
-14417
-15388
-15544
-15249
-14869
-14490
-14877
-14510
-14147
-13377
-12609
-11593
-9830
-8161
-6459
-5037
-3236
-1072
988
2463
3243
4383
5228
5994
6144
5754
5768
5330
4626
3532
2513
1625
310
-1038
-2512
-3842
-4911
-6318
-7698
-9205
-10438
-11437
-12571
-13733
-14765
-15455
-16057
-16690
-17184
-17230
-17175
-17092
-16773
-16192
-15114
-13923
-12739
-11267
-9602
-7553
-5536
-3502
-1493
446
2476
4211
5702
7044
8196
9189
9781
10176
10603
10828
11021
11100
11327
11842
12440
12955
13416
13636
13778
13667
13525
13501
14174
15412
16175
17442
18927
19734
21778
22999
21219
23366
25706
23478
22558
19380
18212
16283
11131
9157
3801
2339
980
-3664
-5829
-8863
-10458
-12563
-14375
-14781
-15779
-15187
-16182
-16131
-15240
-14588
-13452
-14215
-13874
-13693
-13051
-12538
-12765
-12208
-11909
-11050
-10386
-9315
-7863
-6414
-4822
-3626
-1938
106
2202
3531
4264
5361
6250
7034
7155
6755
6636
6077
5364
4331
3251
2304
793
-765
-2286
-3658
-4708
-6244
-7794
-9251
-10563
-11394
-12574
-13654
-14669
-15535
-16036
-16728
-17239
-17324
-17423
-17416
-17359
-16754
-15744
-14849
-13695
-12464
-10858
-8854
-6870
-4817
-2759
-859
1110
2876
4377
5743
6766
7531
7860
8083
8416
8546
8618
8513
8657
9112
9710
10507
11242
12253
13168
14001
14776
15368
16171
16541
16956
16821
17436
18578
22491
21731
19655
20191
18404
19676
17679
13622
14963
13827
11615
11935
9179
6923
3985
1891
-651
-5316
-7284
-9166
-12003
-12646
-13228
-13344
-13641
-14162
-13741
-13360
-12458
-12810
-12771
-12237
-11858
-11391
-11699
-11612
-11292
-10811
-10345
-9621
-8241
-6810
-5312
-4107
-2512
-512
1517
3077
3860
4928
5966
6804
7111
6812
6760
6349
5698
4831
3688
2869
1466
-94
-1565
-3092
-4196
-5740
-7415
-8859
-10411
-11276
-12427
-13675
-14649
-15671
-16109
-16725
-17215
-17337
-17470
-17321
-17250
-16809
-15749
-14755
-13690
-12519
-10938
-8955
-6948
-4941
-2949
-973
1056
3022
4725
6235
7482
8425
9129
9506
9856
9968
10067
9942
9943
10272
10595
11070
11411
11871
12372
12942
13284
13695
13911
14159
14393
14094
15345
17935
20694
22340
23253
22176
21865
22686
21201
20377
19161
17773
15915
13606
12041
7358
6106
4996
-379
307
-2054
-6658
-8186
-9921
-10891
-12061
-12467
-13569
-14233
-13932
-13571
-13575
-14131
-13942
-13952
-13567
-13616
-14112
-13767
-13412
-12738
-11991
-11092
-9623
-8069
-6511
-5200
-3463
-1228
569
1900
2717
3722
4817
5393
5467
5277
5146
4757
4013
3108
2139
1298
-10
-1500
-2741
-3958
-5024
-6397
-7922
-9228
-10339
-11206
-12247
-13376
-14146
-14829
-15310
-15896
-16289
-16160
-16240
-16160
-15883
-15220
-14167
-13144
-12019
-10674
-8986
-7011
-5009
-3041
-1088
841
2663
4287
5609
6835
7770
8450
8865
9154
9636
9915
10154
10277
10678
11324
12020
12720
13285
13961
14344
14878
15370
16102
16796
17364
18106
19112
20724
22933
24915
25729
23456
22973
25048
23809
22123
20441
21150
19013
15025
13739
10898
9872
9426
6613
3385
350
-2809
-5977
-8320
-9248
-9874
-9998
-10595
-11514
-11223
-10694
-10411
-10815
-11029
-11049
-10899
-10948
-11408
-11553
-11314
-10891
-10367
-9551
-8333
-6836
-5338
-4057
-2626
-551
1543
3083
4115
5137
6183
6932
7016
6713
6395
5892
4998
3922
2899
1971
677
-605
-1895
-3293
-4219
-5685
-6941
-8517
-9798
-10599
-11847
-12920
-14135
-14831
-15372
-16096
-16529
-16774
-16668
-16723
-16588
-15912
-15058
-13951
-12843
-11354
-9819
-7918
-5925
-4069
-2136
-367
1502
3172
4480
5659
6596
7301
7679
7922
8231
8330
8564
8524
8717
9161
9600
10239
10760
11385
11993
12550
13146
13161
13124
12780
12315
12487
12691
14172
16078
17275
18363
21310
24525
24432
23939
23819
23167
21920
20289
17430
13283
10160
7087
3491
731
-2361
-5090
-7126
-8830
-9913
-10713
-10848
-11489
-11909
-11813
-11188
-10303
-10345
-10459
-10642
-10473
-10443
-10725
-10868
-11074
-10858
-10545
-10027
-9136
-7905
-6388
-5118
-3681
-1877
234
2172
3392
4417
5407
6204
6615
6435
6101
5674
4928
4044
2988
2042
1018
-378
-1847
-3168
-4272
-5255
-6490
-7804
-8922
-9901
-10736
-11653
-12625
-13428
-14085
-14607
-15226
-15579
-15680
-15708
-15701
-15610
-14930
-14009
-13063
-12098
-10820
-9211
-7449
-5644
-3803
-2068
-390
1313
2742
4060
5191
6064
6655
6937
7112
7247
7297
7188
7096
7092
7295
7632
8140
8728
9332
9979
10426
11112
11375
11481
11646
11573
12121
12575
13925
15401
15430
15907
17171
18654
19740
19763
18680
18578
17581
14976
14225
11167
6743
4637
2590
-379
-3113
-4756
-7451
-9741
-11439
-12560
-12403
-13010
-13409
-13939
-13419
-12583
-12677
-12390
-12525
-12059
-11575
-11410
-11278
-11170
-10734
-10407
-9713
-8762
-7658
-6252
-4957
-3641
-1994
-164
1609
2862
3823
4802
5715
6198
6172
6055
5727
5267
4486
3207
2165
1007
-189
-1652
-3261
-4483
-5795
-6969
-8327
-9536
-10502
-11327
-12185
-13019
-13597
-14118
-14515
-14971
-15276
-15415
-15345
-15241
-15208
-14794
-14205
-13254
-12264
-11127
-9608
-7993
-6172
-4398
-2503
-600
1154
2710
3990
5013
5952
6604
6916
7061
7240
7484
7632
7821
8083
8522
9039
9544
10018
10555
11066
11520
11932
12310
13084
14187
14625
13981
13746
15394
15381
16754
18130
17024
18868
17582
16703
17489
16323
14576
11297
9319
6761
4993
2591
-958
-2987
-5566
-7562
-9950
-11240
-11721
-12671
-12068
-12629
-12863
-12645
-12533
-11563
-11515
-11183
-11491
-11423
-11122
-11543
-11365
-11665
-11396
-10904
-10487
-9569
-8540
-7037
-5735
-4299
-2672
-1004
805
2009
2985
3816
4510
5030
4955
4817
4371
3791
2981
1895
1106
-94
-1252
-2532
-4018
-4934
-6158
-7136
-8300
-9539
-10264
-11161
-11778
-12563
-13249
-13683
-14275
-14579
-14850
-14905
-14818
-14822
-14547
-14002
-13147
-12160
-11040
-9737
-8191
-6396
-4477
-2647
-854
914
2494
3950
5166
6187
7044
7554
7733
7792
7758
7867
7909
8043
8265
8486
8892
9261
9666
10038
10232
10502
10703
11009
10993
10881
10699
11333
12395
12810
15353
17568
18194
18657
18604
18834
18659
19412
18062
14675
14266
11723
8076
7259
5619
3604
2832
323
-1778
-3603
-5915
-6795
-7615
-6869
-7133
-7841
-7412
-7440
-6806
-7110
-7348
-7597
-8002
-8219
-9166
-9483
-9893
-10093
-9723
-9616
-8974
-8088
-7019
-5783
-4612
-3189
-1636
-20
1193
2173
3056
3726
4310
4337
4220
3934
3468
3036
2203
1799
926
-158
-1262
-2800
-3589
-4860
-6022
-7333
-8877
-9840
-10921
-11632
-12501
-13263
-13715
-14203
-14267
-14367
-14120
-13784
-13652
-13346
-12800
-11812
-10880
-10052
-9101
-7861
-6355
-4734
-2972
-1311
367
2026
3647
5216
6530
7743
8592
9140
9536
9820
10010
9955
9704
9553
9608
9952
10285
10623
11070
11523
12073
12524
13038
13713
14000
13738
13644
14819
16763
16939
19453
17917
17219
17056
14783
14328
12443
12005
8838
8154
6409
3176
1917
-515
-2404
-5192
-7669
-8974
-10618
-11887
-13105
-12965
-13063
-13415
-13171
-13345
-12739
-12766
-12694
-12614
-12662
-11848
-11739
-11308
-10798
-10352
-9472
-8823
-7849
-6817
-5602
-4298
-3170
-1773
-470
956
2170
3038
3836
4427
4994
5052
5044
4801
4525
4242
3287
2555
1556
594
-521
-2157
-3252
-4639
-5759
-7064
-8402
-9182
-10264
-10843
-11613
-12197
-12435
-12810
-12835
-13077
-13032
-12837
-12630
-12335
-12053
-11394
-10571
-9551
-8586
-7447
-5857
-4328
-2741
-1101
512
2134
3493
4842
6017
7149
8084
8778
9295
9505
9835
10024
10150
10192
10127
10436
10539
10700
10956
11304
11949
12446
13110
13689
13837
13689
13549
15065
17304
18121
19710
21228
22905
23787
23352
21107
18166
17772
15963
13454
11733
9539
7021
4282
1598
-36
-2209
-3807
-4914
-6539
-6728
-7578
-8490
-9221
-10471
-10685
-11179
-11027
-11110
-11376
-11441
-11676
-11300
-11315
-11220
-10977
-10720
-10156
-9620
-8631
-7545
-6455
-5233
-4040
-2537
-1076
395
1566
2554
3422
4077
4668
4898
4958
4724
4358
3957
3072
2374
1486
442
-610
-2194
-3060
-4313
-5443
-6586
-7919
-8633
-9801
-10337
-11071
-11733
-11999
-12611
-12624
-12864
-12748
-12577
-12449
-11974
-11717
-10877
-10128
-9268
-8257
-7120
-5634
-4208
-2642
-1042
509
2078
3435
4764
5804
6690
7328
7714
7986
7962
8168
8129
8037
8141
8211
8541
8774
9095
9411
9707
9785
9892
9835
10308
10772
12795
14748
15833
14249
12844
17276
15800
18135
18862
14984
16810
14826
14444
13621
11276
11046
9195
8143
5199
3308
1854
-1078
-2080
-4395
-5601
-7107
-8149
-8397
-9924
-9938
-10633
-11107
-11047
-11498
-11474
-11656
-11450
-11229
-11035
-10693
-10531
-9917
-9419
-8713
-7795
-6807
-5709
-4619
-3357
-2136
-797
321
1178
2113
2720
3411
3759
3822
3848
3501
3334
2872
2210
1616
633
-86
-1315
-2528
-3534
-4915
-5938
-7393
-8475
-9454
-10477
-11148
-11997
-12482
-12898
-13177
-13197
-13292
-13139
-13012
-12695
-12228
-11788
-11011
-10175
-9247
-8310
-7171
-5759
-4345
-2899
-1426
203
1719
3176
4506
5623
6589
7235
7759
8024
8207
8340
8269
8263
8159
8271
8374
8519
8638
8705
8931
8944
9056
9173
9258
9571
10082
10563
11231
12448
14639
15065
15708
17573
17963
16277
15436
13944
12770
12567
11223
8160
7596
6542
2590
1696
-151
-1744
-4529
-6855
-7077
-7285
-7363
-8132
-8607
-8273
-8684
-8896
-9188
-9679
-9861
-10258
-10376
-10692
-10796
-10481
-10233
-9752
-9155
-8282
-7142
-6032
-4859
-3683
-2454
-1203
-80
838
1712
2344
2789
3161
3245
3343
3095
2817
2575
2060
1662
1017
338
-328
-1334
-2220
-3252
-4378
-5448
-6755
-7777
-8978
-10016
-10856
-11676
-12289
-12889
-13105
-13247
-13329
-13185
-12871
-12365
-11993
-11374
-10614
-9777
-8827
-7903
-6746
-5666
-4532
-3383
-2140
-914
192
1351
2386
3382
4122
4725
5237
5489
5690
5868
5983
5992
5947
5951
5914
6006
6303
6693
7262
7884
8667
9505
10070
10525
10451
10393
10228
10327
10958
11888
12623
13365
14322
13646
12233
10097
8819
6286
6183
6662
6287
6197
4455
4345
3200
859
13
-1601
-3464
-4629
-5176
-5449
-5693
-4752
-4373
-4173
-4588
-5409
-6110
-6998
-7195
-7782
-8269
-8167
-8294
-7874
-7448
-7060
-6341
-5695
-4929
-4115
-3143
-2087
-1177
-275
470
1110
1506
1786
1943
1859
1768
1478
1387
1071
715
306
-447
-1036
-1922
-2614
-3489
-4646
-5657
-6884
-7827
-8813
-9820
-10542
-11320
-11852
-12255
-12542
-12536
-12601
-12515
-12333
-12052
-11549
-10999
-10285
-9618
-8806
-7739
-6599
-5354
-4239
-2999
-1665
-308
1107
2428
3653
4648
5579
6244
6830
7250
7439
7495
7312
7229
7141
7193
7163
7072
7189
7356
7714
8133
8593
9015
9473
10412
11683
12744
14649
13974
17462
16209
10816
14563
14307
14644
16955
14530
12943
12423
11044
9593
6891
5408
4612
2141
1694
1574
75
-680
-2040
-3244
-4061
-4891
-5579
-6214
-6648
-6981
-7250
-7692
-8194
-8433
-8687
-8599
-8670
-8847
-8775
-8563
-7976
-7370
-6558
-5745
-4973
-3830
-2746
-1614
-573
223
1067
1787
2341
2736
2995
3168
3194
3126
3048
2797
2522
1965
1216
427
-573
-1410
-2486
-3580
-4870
-6068
-6938
-7925
-8716
-9566
-10101
-10562
-11032
-11164
-11238
-11153
-11033
-10892
-10422
-9988
-9315
-8708
-8068
-7253
-6466
-5399
-4416
-3382
-2319
-1200
47
1273
2509
3727
4874
5836
6639
7426
7991
8365
8481
8537
8591
8556
8615
8571
8527
8664
8936
9331
9665
10016
10380
10724
11129
11387
11765
12619
13618
13891
14684
18192
18731
18365
18647
18382
17987
15277
14804
12683
9830
9615
9085
8978
8795
7577
6142
4504
2192
-2
-952
-1955
-2823
-3661
-4721
-5242
-5890
-6542
-7311
-7795
-7959
-8411
-8561
-8761
-8725
-8428
-8139
-7694
-7272
-6544
-5764
-5032
-4171
-3348
-2400
-1428
-724
-49
526
1143
1601
1818
2045
2127
2176
2056
1965
1827
1601
1331
706
236
-366
-1019
-1742
-2751
-3548
-4653
-5474
-6343
-7292
-7998
-8740
-9160
-9517
-9760
-9765
-9830
-9667
-9537
-9283
-8772
-8367
-7807
-7407
-6742
-6021
-5337
-4443
-3686
-2766
-1825
-742
357
1408
2552
3590
4622
5541
6326
7015
7495
7798
7854
7954
7950
7794
7714
7421
7306
7156
7137
7206
7153
7281
7253
7234
7323
7213
7278
7465
7777
8361
8966
9685
10501
11334
12693
12965
11235
9520
8931
8792
7407
6408
4945
4717
4445
2278
1782
970
0
-943
-2343
-3069
-4106
-5160
-5423
-5551
-6125
-6870
-7140
-6906
-6705
-6521
-6323
-6016
-5592
-5239
-4792
-4512
-4301
-3960
-3642
-3193
-2751
-2221
-1475
-802
-333
96
498
824
1154
1301
1464
1607
1738
1821
1749
1657
1510
1221
705
303
-210
-787
-1512
-2448
-3141
-4099
-4795
-5488
-6401
-6914
-7578
-7876
-8093
-8373
-8234
-8319
-8029
-7890
-7626
-7108
-6848
-6312
-6049
-5463
-4875
-4307
-3529
-2927
-2162
-1307
-448
547
1347
2261
3239
4028
4877
5507
6166
6545
6738
6784
6732
6619
6387
6223
5969
5918
5944
6087
6266
6332
6674
6945
7236
7514
7653
7904
7844
7637
7450
7259
7219
7050
7251
7720
8089
8291
8337
8751
8872
7853
7505
6242
4357
2702
1511
195
-1004
-498
-1210
-2127
-2561
-3303
-3406
-3498
-4158
-4684
-4656
-4743
-5503
-5728
-5438
-5509
-5366
-5047
-4749
-4457
-4147
-4058
-4129
-4079
-4118
-4035
-3753
-3374
-2955
-2442
-2003
-1615
-1126
-751
-462
-196
16
175
223
344
418
260
79
-281
-684
-1103
-1627
-2151
-2850
-3563
-4286
-4942
-5459
-6108
-6616
-7003
-7368
-7574
-7740
-7788
-7803
-7742
-7670
-7545
-7274
-7106
-6932
-6629
-6352
-5971
-5521
-4952
-4353
-3728
-2913
-2021
-1100
-186
729
1645
2462
3193
3955
4524
4926
5203
5350
5340
5278
5152
5006
4807
4643
4535
4588
4658
4800
5007
5173
5433
5634
5817
5776
5676
5613
5652
5709
5789
5942
6257
6662
7183
7672
7904
8089
8448
8876
9277
9133
8673
8439
7105
5803
5043
4175
3748
3409
2792
1520
776
556
-386
-1625
-2509
-3078
-3840
-4323
-4433
-4627
-4528
-4321
-4113
-3840
-3672
-3422
-3301
-3134
-2898
-2725
-2462
-2231
-1880
-1453
-1022
-621
-253
199
551
878
1240
1360
1525
1446
1371
1125
751
416
-143
-586
-1270
-1861
-2387
-3009
-3505
-4134
-4613
-5045
-5467
-5631
-6058
-6232
-6371
-6515
-6458
-6564
-6483
-6495
-6448
-6281
-6250
-5973
-5762
-5469
-5119
-4752
-4168
-3663
-2963
-2236
-1583
-741
27
820
1461
1988
2445
2769
2985
3071
3112
3073
3002
2838
2682
2594
2520
2528
2532
2706
2921
3187
3576
3852
4149
4434
4607
4764
4798
4805
4773
4637
4620
4508
4488
4397
4286
4234
4188
4293
4410
4543
4680
4655
4704
4923
5178
4317
3119
2693
1589
343
-499
-1074
-1423
-1739
-1881
-2033
-2053
-2017
-2257
-2271
-2213
-2171
-2067
-2090
-2197
-2468
-2570
-2620
-2667
-2571
-2509
-2340
-2169
-1974
-1702
-1421
-1030
-780
-595
-423
-296
-29
61
140
156
164
218
-10
-287
-628
-992
-1366
-1741
-1973
-2225
-2378
-2534
-2669
-2826
-2991
-3086
-3275
-3443
-3583
-3693
-3771
-3880
-4018
-4017
-3964
-3889
-3715
-3498
-3150
-2825
-2387
-1933
-1413
-900
-482
35
463
932
1315
1650
1883
2120
2319
2490
2582
2705
2869
2991
3205
3414
3643
3942
4193
4440
4664
4824
5054
5138
5131
5140
5051
4964
4859
4709
4579
4445
4382
4330
4327
4343
4432
4511
4547
4583
4548
4507
4284
3993
3626
3270
3048
2687
2412
2089
1837
1510
1253
1159
1116
1145
1208
1207
1257
1226
1157
1155
988
807
380
50
-251
-643
-940
-1050
-1099
-1296
-1462
-1503
-1456
-1114
-743
-613
-685
-640
-333
-347
-598
-832
-1072
-1353
-1581
-1796
-1922
-2000
-2260
-2447
-2658
-2825
-2965
-3053
-3031
-3038
-3024
-2956
-2980
-2995
-3014
-3064
-3027
-3109
-3157
-3225
-3263
-3263
-3257
-3169
-3106
-2938
-2784
-2663
-2539
-2329
-2022
-1740
-1355
-1027
-738
-399
-109
177
424
624
802
881
1049
1233
1295
1488
1633
1773
1988
2208
2452
2700
2932
3176
3437
3628
3717
3801
3829
3893
3809
3756
3745
3705
3701
3627
3623
3661
3650
3670
3636
3673
3685
3598
3477
3277
3117
2821
2522
2191
1852
1626
1407
1196
966
887
852
809
824
839
945
1072
1166
1301
1449
1430
1474
1589
1632
1637
1580
1532
1464
1491
1516
1454
1516
1585
1649
1634
1525
1459
1269
1221
1088
860
663
417
95
-269
-681
-1092
-1470
-1859
-2194
-2413
-2457
-2405
-2411
-2418
-2375
-2355
-2291
-2230
-2153
-2089
-2079
-2016
-1957
-1870
-1851
-1813
-1755
-1658
-1593
-1550
-1407
-1288
-1074
-878
-717
-515
-372
-258
-110
98
136
232
328
372
484
566
657
745
838
980
1129
1282
1414
1508
1621
1645
1699
1750
1771
1858
1903
1993
2041
2096
2225
2261
2382
2410
2474
2548
2561
2554
2505
2482
2439
2382
2471
2484
2386
2230
1949
1659
1322
1029
704
329
160
31
-100
-213
-309
-337
-277
-205
-16
245
474
686
843
1019
1248
1401
1438
1261
1165
1217
1269
1276
1311
1252
948
711
632
596
499
393
324
211
89
15
-180
-335
-498
-705
-890
-1060
-1232
-1371
-1541
-1662
-1776
-1817
-1885
-1982
-2028
-1993
-2029
-2141
-2123
-2182
-2157
-2121
-2139
-2062
-1953
-1906
-1789
-1644
-1451
-1300
-1108
-965
-796
-618
-493
-280
-174
-23
192
356
481
553
639
715
820
887
988
1058
1214
1343
1450
1505
1487
1432
1309
1162
953
844
593
356
158
-70
-224
-348
-511
-660
-754
-780
-800
-807
-765
-752
-710
-646
-591
-532
-468
-510
-557
-597
-674
-713
-784
-902
-1018
-1056
-1096
-1149
-1119
-1020
-955
-827
-692
-568
-460
-379
-299
-255
-174
-148
-93
-78
-100
-88
-158
-170
-170
-182
-161
-101
-157
-203
-240
-341
-480
-645
-828
-972
-1201
-1434
-1605
-1845
-2096
-2343
-2546
-2703
-2811
-2901
-2920
-2763
-2632
-2473
-2225
-2028
-1846
-1611
-1387
-1196
-994
-855
-657
-544
-423
-277
-99
49
196
340
381
443
412
394
358
384
406
411
376
313
267
219
190
134
125
87
106
114
67
120
159
155
155
110
136
94
33
-52
-154
-187
-286
-375
-433
-462
-505
-524
-550
-534
-560
-551
-506
-524
-435
-472
-480
-510
-544
-577
-619
-673
-669
-703
-722
-679
-687
-665
-627
-617
-638
-581
-625
-597
-544
-530
-596
-573
-629
-670
-693
-781
-806
-860
-893
-939
-948
-926
-897
-793
-692
-617
-535
-476
-379
-273
-237
-212
-175
-291
-331
-382
-519
-662
-801
-931
-1003
-927
-811
-668
-503
-315
-145
23
176
324
435
534
621
670
673
720
753
814
876
911
998
1044
1037
981
837
677
500
361
241
119
6
-149
-240
-321
-410
-487
-551
-611
-639
-718
-773
-775
-832
-859
-930
-936
-1039
-1061
-1134
-1214
-1258
-1355
-1384
-1441
-1494
-1507
-1522
-1564
-1520
-1477
-1468
-1476
-1436
-1378
-1344
-1312
-1250
-1255
-1187
-1054
-1040
-970
-913
-865
-829
-763
-664
-649
-587
-503
-489
-424
-420
-430
-391
-421
-411
-385
-398
-377
-382
-340
-300
-213
-131
-77
-39
62
191
270
384
474
544
666
792
849
946
962
1002
941
880
920
853
824
806
802
853
827
855
875
873
839
841
870
914
963
986
982
1053
1042
1095
1116
1108
1119
1052
1036
1017
946
910
887
800
749
665
592
529
453
393
319
226
183
72
17
-25
-111
-144
-194
-265
-263
-291
-312
-343
-413
-373
-449
-441
-483
-503
-567
-601
-614
-655
-620
-718
-710
-714
-696
-710
-688
-693
-711
-706
-685
-694
-696
-648
-630
-564
-489
-409
-373
-295
-212
-193
-145
-41
-16
-9
42
49
38
13
63
72
73
95
111
212
271
353
386
510
644
752
839
939
1041
1142
1211
1334
1404
1491
1593
1565
1620
1617
1633
1683
1635
1650
1604
1542
1508
1396
1336
1185
1151
1065
951
854
785
705
628
552
450
405
313
225
187
131
44
38
-20
-7
-7
-52
-63
-82
-78
-104
-144
-154
-159
-154
-152
-133
-116
-125
-117
-125
-141
-190
-182
-194
-206
-177
-166
-176
-204
-238
-265
-239
-202
-237
-247
-275
-292
-350
-424
-424
-495
-491
-504
-536
-511
-573
-556
-531
-533
-534
-501
-536
-523
-530
-500
-493
-483
-448
-401
-378
-371
-336
-279
-244
-257
-228
-224
-235
-248
-207
-212
-204
-220
-270
-296
-297
-357
-329
-338
-396
-421
-437
-397
-425
-409
-449
-460
-463
-443
-422
-428
-437
-441
-425
-444
-475
-479
-445
-479
-447
-450
-450
-424
-434
-412
-341
-313
-284
-220
-105
-74
-71
32
82
134
186
207
255
279
326
343
375
351
338
347
337
317
259
256
235
179
156
113
39
38
-20
-78
-64
-121
-178
-181
-194
-271
-321
-334
-357
-376
-434
-547
-629
-697
-812
-878
-914
-1017
-1094
-1127
-1223
-1294
-1344
-1405
-1450
-1444
-1547
-1545
-1571
-1648
-1677
-1668
-1663
-1714
-1754
-1731
-1720
-1668
-1679
-1678
-1608
-1607
-1523
-1494
-1447
-1373
-1337
-1259
-1218
-1198
-1165
-1121
-1077
-1017
-949
-975
-923
-829
-841
-819
-792
-780
-749
-722
-654
-636
-600
-549
-462
-429
-424
-420
-327
-261
-208
-109
-86
-11
-20
68
99
176
212
267
314
327
385
403
438
435
485
475
459
480
479
470
457
425
439
461
411
416
399
360
366
348
320
311
327
258
217
251
186
165
185
138
112
102
65
37
-7
-11
-37
-48
-117
-157
-118
-186
-186
-214
-240
-240
-238
-278
-326
-346
-399
-399
-400
-430
-425
-477
-487
-522
-524
-479
-547
-572
-563
-598
-604
-580
-631
-631
-649
-634
-633
-669
-661
-691
-663
-681
-685
-655
-666
-640
-643
-641
-626
-580
-586
-561
-536
-522
-528
-485
-434
-459
-423
-427
-417
-395
-347
-329
-296
-302
-267
-265
-264
-244
-200
-166
-201
-127
-98
-81
-79
-36
-41
-2
16
30
58
61
96
115
162
180
164
224
261
252
316
348
357
344
369
429
384
398
404
413
442
415
420
434
388
413
391
401
415
378
354
355
316
294
333
284
305
299
290
239
248
245
226
186
175
195
110
95
76
76
10
-55
-86
-64
-85
-98
-117
-108
-136
-193
-191
-231
-241
-249
-271
-316
-292
-331
-375
-372
-367
-406
-378
-392
-415
-411
-390
-432
-393
-421
-396
-353
-373
-339
-369
-363
-343
-297
-316
-302
-297
-243
-249
-254
-232
-248
-243
-250
-202
-231
-233
-217
-215
-198
-171
-173
-174
-81
-76
-77
-54
-22
-8
-8
-51
-18
-31
24
60
67
122
122
169
165
197
218
228
223
213
238
222
234
263
252
279
261
252
244
247
315
283
263
272
238
252
238
247
264
214
183
189
140
120
133
87
55
66
76
0
38
19
-7
-16
-85
-68
-121
-126
-195
-203
-230
-245
-293
-318
-343
-351
-334
-453
-455
-421
-480
-496
-508
-532
-529
-551
-567
-536
-548
-603
-595
-629
-627
-609
-620
-647
-655
-641
-644
-647
-629
-657
-634
-618
-632
-622
-600
-630
-588
-535
-584
-535
-577
-560
-524
-532
-535
-529
-495
-542
-592
-563
-542
-518
-535
-575
-585
-612
-600
-568
-549
-577
-546
-563
-558
-552
-513
-509
-488
-463
-490
-402
-412
-394
-401
-401
-356
-342
-300
-299
-253
-227
-240
-196
-190
-180
-177
-145
-106
-108
-149
-108
-101
-89
-50
-42
-58
-40
-59
-79
-6
-32
-35
-41
-3
-17
4
-36
-42
-47
-85
-20
-45
-24
-64
-78
-75
-88
-95
-164
-105
-130
-159
-212
-213
-192
-204
-191
-190
-239
-273
-227
-228
-236
-255
-286
-300
-328
-320
-311
-326
-324
-326
-308
-342
-352
-365
-336
-370
-392
-355
-422
-410
-383
-415
-358
-337
-332
-310
-286
-272
-270
-244
-262
-253
-247
-222
-205
-205
-201
-207
-226
-189
-138
-171
-167
-139
-179
-165
-177
-132
-124
-101
-126
-120
-98
-101
-58
-46
-11
-9
-3
22
29
75
65
42
31
15
36
41
76
52
39
83
101
82
115
100
97
116
108
117
113
96
128
120
144
153
172
133
155
140
106
138
105
74
82
58
45
54
11
35
20
19
34
17
-29
-47
-46
-74
-61
-61
-82
-89
-115
-132
-178
-152
-182
-210
-187
-224
-192
-194
-200
-215
-236
-266
-241
-255
-268
-238
-319
-283
-292
-349
-320
-329
-304
-328
-340
-328
-306
-293
-302
-333
-321
-281
-297
-303
-317
-245
-249
-247
-230
-236
-224
-209
-210
-251
-234
-266
-233
-231
-254
-271
-248
-212
-258
-225
-228
-269
-228
-217
-236
-232
-214
-229
-232
-194
-177
-151
-109
-106
-132
-101
-54
-61
-52
-64
-28
-37
-19
-8
24
41
10
30
42
7
46
79
34
90
80
73
109
89
108
128
62
68
95
94
81
67
83
105
82
93
100
47
45
47
-1
4
-10
0
-40
-60
-78
-96
-107
-145
-150
-115
-140
-164
-178
-213
-228
-241
-298
-263
-261
-281
-268
-308
-259
-293
-318
-316
-314
-356
-387
-326
-336
-349
-351
-369
-356
-376
-395
-379
-379
-397
-368
-347
-314
-314
-272
-276
-306
-253
-252
-244
-241
-239
-238
-167
-205
-199
-202
-207
-149
-190
-167
-141
-182
-198
-133
-166
-170
-175
-146
-147
-101
-113
-118
-70
-74
-26
-65
-48
-90
-38
-6
-10
-5
27
21
22
33
59
90
63
116
116
90
123
134
147
140
141
140
168
169
196
177
171
192
152
175
136
148
172
142
150
134
159
128
111
91
42
39
49
38
-6
-14
-48
-80
-87
-96
-134
-185
-165
-207
-218
-186
-254
-247
-296
-308
-269
-279
-286
-343
-356
-348
-381
-382
-420
-404
-389
-403
-418
-423
-423
-412
-440
-448
-394
-412
-427
-435
-428
-453
-442
-394
-392
-404
-421
-433
-398
-418
-409
-401
-402
-357
-335
-334
-344
-364
-357
-342
-335
-328
-350
-345
-335
-316
-345
-316
-306
-290
-270
-275
-205
-212
-234
-248
-259
-204
-185
-183
-152
-139
-160
-152
-145
-128
-83
-82
-95
-51
-28
-27
-4
28
38
22
-29
-4
66
30
16
26
-18
15
40
52
25
45
28
64
53
29
13
-3
28
-31
2
-43
-39
-52
-66
-43
-78
-86
-125
-86
-103
-93
-111
-151
-140
-191
-188
-198
-198
-236
-221
-209
-218
-253
-272
-233
-241
-233
-197
-231
-270
-247
-282
-276
-252
-229
-237
-269
-275
-253
-256
-287
-249
-274
-302
-247
-215
-206
-223
-209
-198
-162
-211
-245
-204
-202
-144
-140
-188
-187
-180
-194
-127
-128
-135
-123
-152
-180
-162
-126
-90
-98
-99
-92
-100
-81
-52
-49
-40
-20
-48
-47
-47
-5
19
30
40
59
48
90
98
102
60
91
82
116
128
148
149
122
194
127
199
210
190
183
140
147
169
171
165
203
185
154
168
123
124
131
129
68
78
116
89
76
78
38
11
-6
-47
-113
-103
-116
-117
-131
-135
-161
-193
-172
-189
-223
-226
-247
-228
-203
-233
-251
-285
-272
-313
-291
-305
-325
-308
-284
-309
-319
-292
-286
-325
-322
-351
-373
-362
-404
-378
-362
-364
-394
-380
-334
-361
-335
-349
-333
-350
-356
-350
-323
-302
-354
-296
-280
-311
-292
-315
-287
-288
-289
-303
-285
-273
-262
-273
-266
-245
-226
-198
-161
-172
-160
-147
-160
-92
-124
-135
-108
-162
-116
-50
-65
-69
-57
-36
-45
-7
-13
27
35
-7
-2
-14
9
-3
25
9
14
60
57
7
-4
14
40
31
10
39
41
65
44
41
35
32
8
-6
-10
-1
14
12
7
-21
-29
-45
-54
-55
-57
-106
-105
-79
-109
-41
-73
-115
-138
-135
-51
-139
-109
-110
-139
-124
-124
-93
-83
-102
-154
-162
-150
-159
-188
-158
-133
-175
-146
-213
-232
-172
-207
-249
-189
-193
-223
-176
-187
-184
-232
-212
-222
-216
-218
-165
-175
-179
-141
-159
-148
-164
-176
-208
-179
-178
-174
-186
-196
-152
-142
-135
-153
-172
-150
-174
-175
-122
-102
-127
-131
-61
-124
-138
-122
-95
-68
-80
-50
-83
-75
-78
-74
-82
-87
-57
-50
-23
-69
-39
-6
-27
-26
-19
26
-17
-43
-49
-15
38
25
17
8
15
25
32
43
69
10
6
10
36
-2
14
20
-7
36
-8
-18
-21
-28
-45
-23
-15
-12
-12
-36
-13
-13
-55
-65
-78
-43
-18
-56
-36
-58
-82
-86
-101
-80
-85
-127
-82
-120
-112
-114
-109
-96
-109
-120
-116
-104
-129
-105
-117
-81
-120
-137
-122
-75
-94
-115
-95
-112
-86
-99
-115
-111
-97
-103
-118
-119
-95
-99
-91
-140
-137
-118
-136
-90
-135
-120
-115
-127
-136
-158
-82
-103
-139
-153
-69
-110
-80
-80
-123
-115
-71
-52
-85
-8
-63
-37
-63
-55
-58
-1
2
-30
-12
-22
17
-8
9
34
44
47
39
80
93
51
91
70
62
62
87
83
84
95
61
47
56
58
73
71
78
40
58
33
31
43
-12
21
41
7
-29
14
-42
-53
1
-30
-43
-80
-51
-60
-69
-37
-55
-53
-65
-58
-80
-62
-42
-39
-39
-59
-81
-106
-45
-28
-38
-60
-54
-47
-62
-79
-121
-77
-76
-86
-49
-88
-58
-45
-70
-46
-66
-78
-89
-92
-62
-77
-96
-67
6
-27
-71
-68
-41
-45
-38
-18
-23
-31
-80
-28
-32
-29
-66
-24
-17
-27
-15
-67
-39
-26
-36
-3
31
22
46
41
17
41
88
69
66
96
121
108
88
112
136
76
89
111
99
116
150
134
114
152
164
158
175
151
133
136
128
146
117
149
103
116
108
98
126
85
132
76
70
100
53
64
10
34
70
-1
2
-2
-4
38
18
10
-7
-16
-10
-24
-22
-18
-28
-15
-12
-29
-24
-71
-26
-21
-12
-19
-16
-29
-23
-3
-42
-22
-60
-83
-52
-55
-44
-32
-62
-76
-57
-67
-87
-81
-91
-86
-92
-64
-103
-105
-85
-78
-90
-76
-64
-68
-84
-76
-62
-61
-56
-33
-16
-55
-36
-54
-47
-48
-38
0
14
49
18
5
-14
37
52
38
71
45
76
69
61
66
18
50
91
118
82
67
154
131
110
144
101
75
126
109
101
128
140
164
151
163
170
158
172
174
142
171
178
142
144
122
153
121
118
146
101
125
71
28
39
52
37
55
82
41
81
68
33
24
21
-10
3
19
51
54
44
39
38
20
9
25
7
-3
29
-24
-44
-43
-26
-40
-54
-45
-58
-82
-51
-69
-31
-84
-94
-69
-126
-70
-45
-38
-43
-37
-53
-68
-75
-92
-108
-44
-75
-98
-60
-73
-49
-33
-42
-70
-56
-75
-77
-31
-51
6
4
-9
-27
-12
16
11
63
46
78
70
68
34
92
92
61
94
99
102
60
76
114
120
111
129
88
116
111
134
182
168
126
154
138
107
132
193
144
176
162
137
108
101
145
154
174
147
167
139
130
128
112
129
142
71
68
88
45
32
24
39
52
41
17
7
15
-23
-27
-8
-27
-19
13
-41
-18
-11
-29
-38
-59
-35
17
-9
-23
-55
-91
-98
-73
-66
-120
-103
-91
-115
-85
-94
-128
-82
-90
-65
-73
-70
-91
-85
-74
-82
-62
-103
-97
-90
-144
-125
-111
-121
-120
-79
-88
-94
-53
-32
-27
-90
-46
-37
-39
-49
-44
22
3
4
-5
-18
11
0
20
16
22
44
-2
-9
20
40
40
67
52
11
46
59
53
29
43
44
40
74
78
45
19
49
44
86
68
73
88
72
116
56
77
84
95
86
61
61
69
98
32
2
17
10
39
39
19
-28
-24
-40
-38
-62
-67
-73
-99
-63
-40
-130
-107
-148
-132
-124
-167
-126
-186
-120
-141
-128
-137
-127
-118
-185
-175
-190
-171
-153
-182
-190
-213
-226
-211
-213
-216
-219
-197
-209
-212
-191
-199
-208
-214
-217
-224
-239
-239
-210
-245
-245
-229
-263
-244
-286
-220
-202
-246
-208
-223
-232
-218
-220
-236
-174
-218
-210
-205
-205
-122
-152
-148
-202
-186
-180
-221
-173
-157
-158
-163
-202
-162
-147
-165
-110
-148
-138
-110
-132
-83
-83
-131
-130
-109
-52
-75
-85
-67
-110
-101
-90
-122
-87
-61
-84
-82
-103
-115
-98
-143
-111
-104
-137
-167
-158
-183
-160
-148
-141
-127
-193
-217
-230
-238
-260
-245
-232
-251
-259
-265
-277
-250
-252
-274
-247
-211
-221
-248
-241
-239
-228
-238
-224
-218
-203
-218
-182
-230
-222
-212
-265
-236
-197
-250
-241
-219
-210
-195
-251
-197
-182
-174
-182
-198
-175
-188
-153
-176
-238
-186
-171
-152
-176
-183
-201
-202
-212
-190
-175
-209
-184
-205
-140
-151
-158
-134
-131
-137
-137
-137
-97
-115
-127
-94
-57
-43
-67
-78
-52
-62
-105
-94
-62
-54
-64
-60
-57
-64
-83
-32
-53
-62
-34
-32
4
-27
-42
-9
5
-11
5
3
-31
39
45
29
-7
39
20
24
7
-6
8
-25
-16
-44
-13
-40
-66
-54
-4
-5
-25
-44
-45
-41
-70
-107
-85
-81
-73
-76
-71
-74
-93
-92
-82
-106
-141
-122
-117
-63
-111
-83
-59
-130
-92
-86
-113
-135
-141
-125
-155
-96
-108
-130
-111
-93
-86
-86
-78
-80
-91
-89
-89
-84
-105
-144
-157
-142
-136
-118
-123
-182
-163
-136
-166
-154
-135
-170
-167
-178
-115
-154
-146
-109
-162
-98
-138
-179
-157
-124
-117
-99
-118
-150
-109
-121
-85
-65
-54
-32
-56
-87
-68
-101
-65
-105
-108
-39
-28
-28
-60
-72
-55
-47
-47
18
-6
10
17
-16
2
21
18
16
35
23
34
13
4
9
-19
-2
-8
4
4
21
-30
-41
-21
-25
-4
-42
-15
-24
-40
-63
-43
-21
-28
-31
-31
-61
-22
-13
-32
-14
-27
-26
-23
-14
-38
-80
-27
-52
-68
-39
-51
-73
-75
-91
-105
-70
-70
-65
-33
-22
-69
-69
-89
-19
-48
-81
-81
-110
-65
-80
-54
-77
-79
-72
-104
-97
-75
-103
-143
-60
-86
-70
-35
-35
-66
-39
-21
-58
-81
-50
-56
-69
-50
-39
-35
-64
-42
-25
7
-5
-36
-57
-31
22
39
19
18
11
42
22
44
24
-15
27
20
37
7
7
1
27
39
11
-6
-35
2
8
20
3
47
26
51
65
20
-2
-39
-15
26
-1
14
4
0
6
-22
-52
-41
-9
-25
-31
-27
-19
-20
-41
-25
-45
-41
1
-33
-49
-62
-45
-24
-10
-53
-97
-73
-55
-52
-64
-71
-107
-86
-56
-85
-62
-35
-31
-32
-60
-40
-70
-91
-59
-59
-35
-19
-59
-72
-45
-70
-66
-69
-79
-90
-95
-76
-90
-47
-58
-65
-58
-56
-28
-25
-27
-35
-36
-70
-51
-43
-37
-19
-34
-4
-35
-23
-17
-39
-27
7
1
-5
20
13
4
-15
-4
-1
-4
-17
-28
3
-35
5
8
10
-23
-25
-2
-14
13
-9
-22
18
35
31
-9
20
35
39
49
1
7
-22
-9
-9
-7
4
1
-27
-33
1
11
-15
35
-44
1
6
-35
9
-18
-31
-14
-22
-33
-40
-55
-36
11
-23
-70
-14
-4
-19
-10
-13
-10
-25
-32
-75
-66
-15
-40
-91
-104
-69
-57
-23
-44
-33
-41
-49
-43
-70
-34
-77
-76
-90
-103
-94
-93
-57
-50
-56
-49
-66
-48
-26
-51
-83
-45
-64
-66
-34
-79
-42
-38
-17
-11
-54
-70
-58
-65
-23
-17
-33
37
6
29
18
2
34
38
35
34
65
81
31
6
34
46
29
40
52
52
36
30
94
58
54
56
95
93
89
83
102
137
97
97
92
167
124
94
88
88
90
94
78
61
81
69
89
68
116
139
153
112
91
92
109
115
95
102
87
83
75
39
19
31
58
59
61
71
32
60
48
39
27
22
34
25
32
56
56
38
47
35
59
62
81
77
27
36
18
31
31
60
4
-5
-6
-10
31
-8
-27
-10
0
1
51
-11
26
43
57
65
41
1
10
56
24
31
60
40
54
12
33
12
34
44
11
49
63
103
71
85
114
81
137
125
91
110
127
92
115
100
81
165
190
159
147
145
121
149
170
148
106
116
139
111
123
161
124
174
169
117
129
124
147
125
131
129
150
185
181
123
163
90
99
112
106
161
104
87
90
85
76
50
61
96
93
112
112
100
140
152
122
146
106
88
101
105
96
110
88
66
63
60
60
-3
-4
66
62
59
49
75
72
56
69
54
31
54
97
53
58
21
62
94
54
52
73
98
75
43
74
90
37
53
58
41
33
48
66
101
91
95
116
114
130
115
140
116
108
136
126
93
128
97
126
137
118
111
91
142
103
121
107
112
124
168
156
161
124
81
140
117
162
156
151
101
79
102
106
116
130
139
127
167
124
130
133
128
158
100
149
140
126
157
158
147
117
154
175
134
123
88
101
99
143
128
131
147
120
162
103
143
169
133
110
102
153
130
119
137
96
92
107
113
123
115
122
131
115
106
103
82
86
150
140
119
96
91
126
136
110
140
129
126
141
140
162
134
143
109
105
127
137
122
121
129
122
122
126
132
128
104
158
165
158
210
233
220
209
170
199
200
206
193
199
202
189
216
210
223
236
231
271
227
243
286
250
235
218
239
240
226
227
190
260
232
230
254
244
262
257
239
234
264
216
212
229
231
237
263
271
254
228
237
253
255
254
235
235
249
265
252
244
222
248
199
196
232
219
221
205
195
198
242
174
182
197
204
204
195
192
165
193
195
224
183
197
251
255
205
206
220
244
269
236
197
182
184
205
239
259
265
242
238
242
262
254
239
263
261
261
262
248
233
250
236
250
254
242
265
246
281
257
228
233
231
224
199
245
224
221
242
255
229
178
184
253
220
195
218
179
203
223
195
215
220
196
232
192
181
207
197
195
211
231
213
210
198
186
162
185
161
149
170
155
151
152
162
146
177
157
86
98
120
122
93
112
142
135
156
143
121
106
106
101
113
144
125
103
86
91
114
84
114
75
55
36
60
143
125
66
102
94
103
134
122
118
102
87
84
83
57
124
120
113
100
134
163
115
117
170
179
137
147
139
109
114
134
130
156
136
117
141
98
118
126
146
168
98
135
146
136
133
123
127
111
99
157
159
136
113
128
146
139
143
139
109
91
83
74
68
72
112
80
84
100
100
88
62
52
80
79
96
124
84
77
92
95
104
88
84
96
81
92
105
46
97
102
105
125
99
87
91
112
97
120
102
126
126
114
