-30
-2
-1
-53
-42
0
-42
-48
-55
-58
-31
-9
-13
-19
15
16
16
35
5
26
-5
2
11
-8
27
30
40
26
78
15
28
-3
5
-2
29
50
21
56
74
76
23
46
27
4
23
64
31
38
24
55
71
102
87
79
48
26
50
45
62
56
59
28
64
61
57
11
27
14
24
43
37
69
80
109
69
56
46
86
47
59
47
7
33
33
55
58
35
32
63
74
29
67
78
66
40
56
45
41
53
47
-7
-6
-2
-18
25
19
-16
33
16
38
58
46
53
84
87
57
68
64
50
50
23
16
62
62
44
31
-3
12
17
-35
20
33
65
56
69
106
41
65
58
72
75
75
97
80
72
91
63
30
14
49
39
56
38
17
-1
26
27
-3
13
30
15
37
23
-9
48
46
55
54
85
89
120
95
107
80
84
110
112
76
66
77
48
99
57
91
87
64
93
100
111
91
101
65
76
85
88
47
53
67
67
67
60
38
48
59
44
77
72
92
55
32
26
50
44
24
33
24
54
41
34
65
20
84
39
72
110
72
74
34
29
58
68
37
40
51
24
19
31
52
-3
-11
66
12
27
22
4
-48
-6
43
75
44
20
24
59
98
88
113
67
77
100
89
92
87
120
123
67
94
106
67
34
58
55
50
58
30
29
48
27
39
1
-25
20
7
5
40
67
69
75
50
35
36
27
72
71
65
61
71
74
66
79
35
50
62
46
105
111
63
94
73
98
115
88
162
130
64
76
100
90
104
92
101
115
98
79
98
127
101
124
88
68
74
74
73
96
113
139
137
72
106
101
92
100
137
128
109
131
71
95
114
102
98
85
81
73
61
55
59
51
82
115
81
53
49
36
5
22
75
37
12
36
24
19
20
34
35
21
23
10
12
16
23
23
35
-2
7
-3
16
37
24
-28
13
21
-33
12
1
4
-4
26
12
35
50
5
23
66
41
-1
49
33
19
33
39
78
39
38
50
53
74
49
53
50
74
70
88
96
116
98
100
74
51
50
37
34
11
50
63
46
58
2
29
59
62
54
64
88
59
48
20
60
59
61
30
19
40
58
54
93
59
51
74
30
74
30
57
40
46
54
26
74
32
53
23
75
12
42
59
5
73
38
47
67
55
53
53
48
56
54
94
43
30
81
78
63
43
33
39
31
23
11
-5
50
46
28
19
26
29
35
42
39
-3
41
52
14
25
25
44
22
46
25
-16
-8
18
-29
28
46
-20
-23
-42
-13
22
54
6
-42
21
-18
11
60
8
55
42
17
-14
-29
-33
9
40
18
26
50
58
22
42
42
40
21
66
41
46
83
52
46
31
115
89
32
47
39
28
50
87
82
79
75
57
47
91
66
57
50
29
48
30
59
64
71
51
28
57
42
89
52
21
42
43
51
64
31
30
89
37
74
91
70
67
29
31
33
51
15
-2
56
75
90
78
69
71
85
90
85
44
58
49
63
50
40
74
47
37
-1
27
41
48
74
65
69
53
18
71
65
40
59
62
94
78
94
105
80
82
95
76
92
72
67
80
65
72
64
84
82
35
12
21
28
43
58
69
56
64
49
61
79
51
62
36
29
91
81
56
78
71
60
94
92
97
73
64
77
69
84
87
85
65
89
85
35
66
72
66
62
86
35
38
85
51
71
57
77
65
96
122
78
77
118
76
89
102
89
115
70
70
104
97
78
39
74
63
74
102
60
73
67
53
71
85
62
78
83
92
87
79
49
5
36
85
55
20
20
53
19
46
23
5
24
-7
50
37
38
61
33
50
34
38
63
18
-13
38
76
68
63
66
61
51
60
32
33
72
48
25
37
20
44
35
50
13
43
72
66
51
64
39
11
63
69
71
34
48
39
31
39
30
20
45
37
48
53
54
65
20
69
47
14
52
38
10
27
45
17
50
76
72
104
100
72
109
73
92
76
74
64
25
6
67
85
109
66
32
50
54
50
65
107
27
52
67
86
34
11
53
71
76
68
39
44
42
43
34
-3
-1
0
30
25
9
-16
27
-13
-9
35
-15
10
3
17
33
60
38
28
34
28
83
50
52
53
17
23
42
68
40
64
105
57
70
91
59
82
59
68
96
114
117
82
95
61
80
127
120
117
92
97
47
70
63
32
33
41
47
41
73
63
40
11
-10
18
26
77
41
14
45
16
49
5
37
42
33
5
-5
24
24
21
-17
16
23
11
-7
-22
-12
-12
-21
34
-25
24
-9
-22
-20
-61
31
33
56
4
51
71
68
49
65
80
61
86
112
77
51
47
25
68
44
46
50
68
39
48
70
75
80
56
103
58
59
106
64
37
70
84
36
43
57
57
36
33
38
4
30
36
39
30
1
40
28
20
49
16
34
38
24
76
25
19
63
69
31
18
34
22
27
52
42
51
54
69
63
51
83
70
99
107
110
83
54
85
111
127
124
136
129
117
103
137
81
130
133
74
68
65
39
39
51
29
63
79
86
71
85
75
18
104
122
103
100
65
82
41
53
72
82
67
55
98
82
97
100
91
59
50
84
55
82
109
90
81
64
83
78
81
71
80
76
70
82
68
103
91
60
40
20
37
8
37
58
68
64
68
59
37
43
72
62
61
56
74
96
108
104
107
102
64
143
148
72
68
96
113
111
98
93
129
151
130
114
122
123
117
80
47
88
100
102
144
132
141
115
92
105
120
68
93
112
88
71
78
86
123
144
172
130
111
107
103
141
120
148
120
178
123
142
138
95
111
99
120
102
127
127
155
137
141
190
165
162
141
168
171
98
135
101
131
161
129
129
145
115
120
118
112
117
95
98
93
120
109
111
142
140
134
179
206
154
198
192
180
184
181
201
166
173
183
170
146
153
175
137
146
168
153
164
168
158
122
129
146
105
151
154
192
180
181
140
144
118
147
144
105
133
117
129
123
130
116
131
90
87
99
85
93
145
131
98
157
115
158
153
145
193
173
176
147
143
162
178
229
200
175
202
186
165
200
156
189
203
171
209
186
165
185
133
116
145
155
163
183
197
180
157
179
155
113
135
181
157
170
138
92
103
119
162
175
168
169
152
148
98
81
100
83
147
97
101
91
88
101
120
107
104
122
79
105
137
123
135
154
108
131
136
141
141
128
139
141
158
107
117
96
96
110
81
78
74
103
81
67
82
74
138
156
129
144
133
152
189
164
144
106
75
84
73
78
57
89
120
64
136
137
132
109
87
89
68
110
92
126
132
117
124
106
100
126
136
106
108
116
98
77
67
94
68
70
24
65
79
65
46
63
74
35
19
39
88
42
69
78
83
73
46
100
89
66
46
30
58
64
32
48
41
52
73
61
19
-1
-45
-31
31
22
-8
11
-4
-6
33
24
22
16
42
9
23
21
-9
-45
-8
1
-49
-30
-23
-13
-28
-17
-33
1
-9
-10
-15
-38
22
2
1
53
52
41
15
4
69
73
9
44
61
50
83
74
59
81
23
12
-7
22
49
3
44
-1
-2
13
15
42
30
30
9
-26
-15
-9
19
-5
-26
-8
-46
-62
-48
-59
-83
-57
-65
-74
-80
-93
-52
-92
-35
-43
-108
-69
-60
-72
-53
-75
-50
-22
-24
-18
-31
-21
-7
14
-41
-19
-22
16
30
20
15
9
13
-10
-6
-18
-6
2
2
30
58
37
63
57
55
83
102
63
57
68
42
51
71
42
4
12
8
46
46
39
44
10
51
69
21
29
83
78
61
60
27
62
75
66
63
94
64
114
102
103
125
80
64
58
82
69
107
85
107
115
132
137
139
116
124
135
120
115
61
77
45
84
105
92
89
84
87
86
81
83
77
92
120
94
87
68
62
113
128
152
135
123
133
108
134
105
116
138
65
84
68
75
80
83
57
65
46
65
74
45
35
41
52
44
21
9
43
61
32
43
42
12
77
67
55
67
26
51
88
108
106
34
27
56
54
39
49
15
48
52
83
109
59
80
97
71
85
112
71
75
75
70
48
57
66
82
120
122
93
77
87
76
84
119
117
63
74
61
101
90
89
60
48
99
99
53
20
36
49
17
54
30
26
43
35
75
71
85
79
99
69
56
42
71
79
50
61
109
86
72
132
129
129
122
113
127
123
99
101
84
80
74
86
112
110
80
72
69
65
51
25
78
96
63
48
54
34
23
-22
-21
-26
-41
41
-15
3
9
11
5
56
46
24
15
-5
53
13
11
-2
43
24
-30
-20
19
-5
1
19
9
21
-3
18
13
4
-19
-4
-35
-9
-21
-1
-45
-90
-46
-53
-41
-45
-82
-76
-37
-45
-53
-91
-64
-71
-18
-13
-72
-48
-13
-12
-27
-38
-17
28
-40
-22
-22
-24
11
14
66
63
69
-6
13
22
35
34
-12
1
29
-4
14
-1
-5
-11
-3
13
-35
-25
-13
0
39
44
11
10
42
30
26
46
-1
-22
-37
-16
-73
-63
-11
-39
-31
-26
-14
-55
-82
-85
-105
-79
-63
-82
-73
-94
-80
-63
-78
-40
-48
-43
-27
-28
-47
-60
-32
-23
-58
-39
-8
-63
-71
-58
-69
-73
-108
-79
-60
-131
-89
-97
-97
-96
-102
-73
-88
-89
-101
-121
-105
-92
-95
-73
-73
-83
-84
-56
-53
-48
-54
-94
-46
-41
-70
-84
-82
-85
-59
-27
-60
-82
-51
-48
-120
-122
-95
-84
-73
-74
-75
-61
-59
-60
-93
-126
-121
-58
-66
-81
-118
-105
-82
-58
-38
-78
-59
-84
-76
-60
-51
-54
-80
-70
-82
-74
-131
-131
-106
-79
-52
-57
-56
-49
-31
-46
-36
-43
-67
-54
-56
-62
-66
-39
-67
-66
-44
-21
-16
-37
-15
23
-6
-2
15
-14
7
-10
-12
2
17
27
17
33
42
33
-1
1
22
-21
-2
2
8
-7
-29
8
-16
-65
-67
-74
-73
-39
-52
-63
-37
-72
-54
-54
-89
2
-40
-96
-5
-40
-57
-61
-37
-38
-70
-61
-31
-67
-78
-18
-40
-53
-48
-38
-16
-38
-15
-44
-69
-48
-45
-81
-59
-50
-63
-47
-49
-41
-93
-32
-36
-68
-90
-122
-61
-93
-102
-118
-129
-94
-101
-113
-162
-125
-103
-116
-151
-177
-147
-113
-151
-123
-150
-131
-170
-142
-125
-194
-165
-175
-169
-164
-144
-181
-190
-149
-141
-151
-164
-135
-120
-101
-85
-111
-103
-94
-75
-51
-27
6
-28
-14
-58
-71
-62
-50
-36
-62
-25
-52
-17
18
-20
-43
-10
-33
-60
-19
-39
-48
-31
24
-30
-32
-65
-61
-7
-77
-34
-34
-19
10
-92
-68
-85
-84
-100
-127
-99
-128
-131
-99
-58
-87
-97
-98
-74
-92
-70
-70
-30
-48
-75
-47
-45
-50
-46
-49
-40
-45
-58
-56
-42
-23
-59
-27
-12
-25
-72
-42
-24
-84
-32
-57
-99
-60
-63
-67
-92
-67
-87
-63
-82
-81
-90
-96
-69
-59
-58
-11
-68
-42
-64
-102
-56
-101
-108
-98
-114
-106
-110
-112
-52
-97
-86
-51
-84
-80
-70
-88
-67
-77
-58
-36
-18
-52
-91
-76
-57
-102
-131
-67
-102
-91
-66
-49
-56
-65
-34
-25
-55
-59
-83
-54
-75
-116
-82
-79
-122
-107
-87
-95
-98
-71
-113
-99
-81
-77
-72
-79
-53
-85
-55
-87
-71
-62
-73
-69
-51
-87
-110
-123
-114
-115
-135
-124
-96
-93
-100
-109
-156
-177
-137
-128
-164
-141
-109
-130
-145
-142
-171
-139
-142
-169
-153
-164
-148
-145
-162
-136
-154
-187
-247
-242
-197
-208
-224
-210
-182
-148
-128
-144
-118
-143
-149
-135
-108
-140
-166
-160
-135
-187
-188
-176
-186
-198
-209
-219
-244
-211
-236
-221
-169
-199
-205
-184
-198
-192
-169
-138
-147
-196
-169
-161
-160
-173
-234
-218
-180
-201
-178
-187
-219
-200
-161
-148
-127
-165
-147
-151
-132
-129
-179
-106
-121
-153
-146
-163
-166
-145
-160
-170
-147
-195
-199
-145
-148
-167
-146
-137
-100
-112
-97
-86
-107
-126
-98
-110
-114
-91
-88
-63
-70
-54
-38
-25
9
-44
-33
-16
-18
-6
-29
-29
-22
-47
-43
-97
-79
-38
-73
-43
-32
-18
-44
-62
-58
-28
-71
-74
-112
-118
-78
-97
-128
-96
-81
-93
-80
-87
-90
-76
-113
-64
-82
-87
-41
-82
-66
-35
-62
-72
-99
-114
-77
-66
-98
-42
-22
-10
-14
-32
-27
0
-3
-48
-3
-37
-56
-34
-100
-65
-43
-51
-18
-41
-42
-14
-28
-45
-44
-38
-40
-54
-93
-96
-78
-64
-71
-69
-71
-56
-52
-47
-90
-71
-56
-97
-73
-67
-32
-75
-86
-58
-98
-95
-51
-60
-70
-62
-69
-135
-84
-60
-107
-99
-127
-167
-88
-76
-93
-100
-66
-74
-82
-57
-59
-40
-117
-89
-111
-156
-138
-132
-102
-109
-114
-99
-63
-143
-129
-109
-100
-94
-133
-126
-134
-90
-120
-112
-85
-78
-67
-110
-76
-76
-53
-56
-77
-64
-72
-72
-112
-129
-98
-99
-75
-40
-52
-56
-90
-63
-45
-83
-11
-19
-16
17
5
16
23
-19
-22
2
-17
-9
-48
-51
-40
-59
-79
-71
-76
-17
-17
-36
-9
-43
-48
-37
0
-6
1
-2
-36
-32
-67
-39
-16
-20
-1
-6
-2
-5
-33
-33
-14
-13
0
-41
-63
-56
-52
-48
-52
-36
-59
-36
-41
-30
-50
-39
-34
-36
-20
-12
-42
10
-28
-69
-53
-28
-45
-45
-67
-35
-3
-76
-35
-28
-50
-62
-26
-30
-9
-27
-44
-33
-15
33
-36
-18
-40
-8
-46
-64
-29
-43
-24
-61
-58
-30
-42
-36
-21
-39
-33
-4
-21
-12
-39
-9
26
9
-1
2
22
12
22
16
14
33
64
-15
-23
-39
-82
-32
-85
-35
-8
-26
-51
-33
26
5
-5
-19
-2
-38
-54
-27
-17
-15
-40
-35
-4
-23
-45
-46
-36
24
-48
-48
-29
-43
-22
-22
-29
-45
-54
-33
-23
-13
-21
-50
-20
-60
20
-39
-62
-37
-44
-25
1
-39
-47
-68
-78
-41
-108
-72
-82
-72
-54
-80
-35
-73
-68
-35
-89
-63
-55
-61
-67
-85
-99
-45
-52
-48
-8
-30
-61
-35
-25
-2
-15
-46
22
-20
-13
-3
-31
-31
-66
-46
-42
-25
-32
-95
-78
-46
-55
-44
-68
-62
-61
-99
-98
-79
-69
-52
-62
-89
-66
-98
-109
-99
-89
-86
-96
-77
-51
-44
-56
-32
-61
-27
-12
10
-15
-41
-26
-10
4
9
-9
-19
-17
-3
-18
-4
-2
21
48
-28
-2
-37
23
20
3
14
11
33
61
26
31
67
50
52
57
20
54
72
101
79
104
114
126
119
79
108
125
172
128
143
107
119
119
105
139
104
92
89
107
132
109
109
87
78
102
101
97
69
76
54
74
60
65
98
69
91
68
61
37
44
52
64
36
17
64
65
91
90
71
69
66
67
58
33
71
54
61
54
61
48
15
51
38
109
71
110
62
66
92
83
101
86
47
54
49
24
32
71
78
23
30
23
10
-4
-6
-42
11
25
19
52
98
57
87
38
43
55
1
9
33
22
42
78
34
45
37
69
59
32
70
72
60
33
32
37
44
73
114
95
122
106
120
124
76
127
96
134
158
90
62
52
120
99
38
86
97
88
97
115
100
80
152
118
65
92
45
65
94
90
92
84
78
60
52
63
48
60
39
71
52
41
81
56
30
66
34
32
68
64
67
56
60
89
149
117
95
121
117
104
92
89
65
49
50
41
103
48
51
44
57
108
75
66
29
82
54
62
54
63
51
15
17
12
29
5
-7
8
-19
-5
-16
-13
-20
17
-30
-75
-20
-81
-29
-32
8
5
25
33
3
13
24
2
-7
15
5
1
-66
-40
22
51
12
9
-9
-10
-14
11
13
-2
-19
12
17
-12
-30
-33
11
17
23
-3
35
33
12
-15
3
18
-6
15
28
16
12
68
31
46
56
13
29
26
35
43
13
56
57
50
35
13
32
-3
-44
-4
19
5
-10
-21
7
53
51
31
28
14
-3
9
36
49
35
43
48
12
46
19
14
-7
-3
22
20
37
43
31
24
22
17
-16
-82
-63
-20
-22
-3
2
-35
-80
-35
-24
-14
7
-13
-1
-88
-55
-37
-50
-29
-31
-74
-59
-70
-117
-50
-50
-21
-12
-15
1
17
3
-8
20
36
25
5
33
20
15
-12
1
-15
10
-12
3
20
-5
17
-24
26
-43
-85
-41
-44
-23
-34
0
-37
-26
-2
-27
0
-2
-20
53
14
1
28
14
20
-24
-13
-28
-50
-64
-26
12
-23
-27
-42
-16
10
-1
14
-47
-51
-22
-26
-57
-12
10
17
35
39
47
58
19
59
53
30
27
40
16
35
23
-17
26
36
28
2
-34
-17
-30
-20
7
11
12
-7
13
-32
-12
-2
-13
-16
21
36
27
12
14
44
49
49
36
58
50
60
110
85
89
88
90
97
110
115
165
123
119
150
120
137
97
87
96
74
104
60
47
97
70
111
86
100
93
54
9
12
31
2
9
-29
-44
10
18
-4
23
22
24
-5
-29
23
-5
-35
-34
-6
3
-13
3
-12
0
4
-8
1
36
48
26
9
3
45
6
1
1
28
-9
0
-8
-54
-11
-39
-15
-41
-26
-4
-18
-12
-9
22
23
14
41
76
55
11
5
-14
1
-20
22
25
-31
2
-17
-3
10
-36
-20
-29
-26
-17
26
31
31
53
42
58
80
81
61
83
49
50
41
35
52
91
93
39
80
130
119
54
69
112
73
93
79
94
82
66
96
79
75
52
38
63
129
112
112
133
109
148
114
95
103
98
93
76
113
99
135
79
43
91
115
96
63
50
34
16
15
50
32
32
44
20
12
99
73
58
54
60
4
15
41
11
-3
8
0
-17
-5
1
30
12
39
52
62
44
10
0
10
33
-19
-31
11
-1
17
-35
-56
-32
-3
-34
-46
13
8
14
9
-29
-40
-16
-29
-36
12
4
-53
-12
-25
-33
-68
-57
-32
-91
-36
-37
-67
-25
-26
-26
-61
-40
-29
15
10
32
42
55
58
71
68
25
75
65
62
34
62
82
28
41
33
3
47
45
-42
3
-30
-49
19
-29
-35
-17
-12
-16
-23
0
42
-4
-29
-2
-19
-29
-7
-60
-54
-44
-51
-49
-25
-39
-65
-62
-35
-18
-23
2
-22
36
23
-10
-3
29
-31
-23
-13
-28
-58
-46
-17
-29
-8
-36
-91
-61
-60
-22
-19
-30
-16
-38
8
-33
-59
-6
6
-20
-41
4
27
18
25
3
-17
-8
5
26
10
-6
30
19
4
-33
-5
-17
12
0
-15
2
-3
11
-21
5
13
21
13
12
-33
-21
-28
-58
-100
-99
-28
-57
-100
-11
-51
-25
-17
-32
13
24
27
37
33
-36
-17
15
60
75
60
47
47
1
37
35
46
8
-17
16
12
22
15
33
45
41
43
29
28
46
34
-3
29
103
68
86
77
71
74
84
70
56
68
67
97
26
62
46
51
62
53
53
41
69
50
28
63
48
12
29
40
51
29
23
8
-1
28
45
-9
-15
-5
40
53
27
-7
-17
29
24
-1
2
13
-7
-15
-17
-17
4
32
51
-12
10
23
28
55
66
40
21
46
24
53
33
33
65
56
72
67
68
61
75
74
26
36
86
88
62
74
89
95
58
75
62
87
64
113
83
50
92
70
48
54
63
58
71
83
77
16
54
78
56
43
55
12
18
37
62
61
28
63
20
1
55
22
18
22
30
60
49
65
59
60
52
78
24
48
75
89
52
57
43
29
69
54
66
65
58
93
122
97
93
61
59
94
69
89
106
64
68
39
91
87
54
75
96
60
53
69
91
89
72
44
45
108
67
86
87
96
74
75
45
24
18
1
33
21
48
40
42
28
33
15
49
78
41
56
29
62
52
62
66
11
6
41
47
79
72
64
64
39
43
33
26
6
37
45
0
35
23
16
45
94
57
74
81
101
119
102
84
80
53
32
48
29
53
39
30
60
69
33
30
40
50
29
8
42
72
77
46
33
31
34
10
2
3
4
32
29
41
25
14
-8
14
4
-3
43
20
-4
18
-3
33
35
20
35
64
64
22
37
-9
22
24
27
25
26
19
-3
-13
8
6
-9
-45
-57
-44
-69
-93
-68
-58
-101
-74
-69
-71
-39
-18
-29
-19
-56
-49
-34
-38
-81
-62
-57
-26
-47
-82
-68
-36
-18
-11
35
4
1
44
20
-12
-24
-24
5
17
23
-13
-16
24
13
-9
1
0
6
-28
-7
-18
12
13
-39
-15
-49
-36
43
-27
-30
-7
-50
0
-16
-36
-13
-21
12
40
14
-1
33
37
28
21
17
10
7
-10
2
3
0
-27
-28
-2
15
20
26
49
65
42
42
64
48
59
25
37
-1
7
35
0
23
30
14
-11
24
-7
10
40
46
9
-16
3
22
24
39
31
22
2
-10
-16
-19
13
26
36
39
60
71
63
75
82
33
35
69
70
87
45
72
81
29
11
6
8
18
19
38
71
30
40
81
48
1
40
27
24
43
33
55
34
32
44
35
78
54
29
87
36
41
56
50
77
44
-36
-10
-2
30
41
1
26
36
14
2
20
4
11
24
56
40
10
11
39
5
18
55
16
17
30
15
12
30
19
35
38
65
69
66
90
25
64
71
18
70
59
62
48
20
56
28
18
25
23
24
-1
-20
-7
26
12
56
73
82
40
44
44
34
69
77
59
30
54
55
37
43
44
21
19
23
6
-25
7
6
10
-3
34
26
-32
-4
37
40
-14
-20
31
33
45
66
70
78
66
42
37
43
36
63
38
43
41
44
53
51
42
68
48
88
80
38
62
41
40
72
78
26
58
59
57
99
39
48
12
41
26
62
56
91
111
51
84
85
66
20
14
4
5
-4
19
-2
12
6
43
3
-31
50
5
-9
-17
-35
19
7
-40
-41
-23
-2
-22
-53
-28
-67
-30
19
-31
-36
-91
-100
-59
-11
-4
-13
-67
-3
-12
-14
-27
-38
-9
-9
3
20
25
-5
9
9
37
43
20
10
20
35
28
5
-10
2
-46
-11
-20
18
4
-63
-12
8
10
31
76
29
21
26
-19
-20
42
-8
4
-37
-44
-17
-7
-28
32
26
-7
26
-44
3
-25
-57
-66
-72
-126
-129
-245
-268
-1566
-1989
-147
43
-1079
-2351
-3053
-2118
-1703
-1933
-2647
-3379
-2950
-2890
-4163
-3761
-2488
-3030
-3548
-3692
-3439
-3150
-2997
-2225
-2050
-2189
-1786
-1799
-1907
-540
539
220
234
451
1178
1719
1906
2767
3163
3216
3606
3659
4069
4940
5308
5379
5099
4713
5154
5807
6152
5760
4386
4081
4882
5090
4378
3198
2786
3183
2828
1513
1021
1158
1071
224
-984
-1188
-1134
-1600
-2140
-2405
-2608
-2940
-3627
-3944
-3404
-3323
-3651
-4069
-4248
-3836
-3646
-3721
-3496
-3274
-2949
-2884
-3071
-2667
-1919
-1653
-1586
-1594
-1375
-827
-691
-466
-88
36
216
183
103
404
751
606
487
283
288
418
248
263
204
-74
-336
-639
-810
-675
-760
-1135
-1461
-1706
-1695
-1747
-1804
-1792
-1909
-1939
-1918
-1890
-1733
-1372
-1157
-1152
-879
-573
-336
37
484
908
1316
1555
1800
2205
2822
3434
3785
3969
4457
4509
4368
4663
5199
5599
5646
4968
4582
5022
5106
5060
4499
4235
4159
3494
2888
2694
2642
2260
1715
806
338
221
-299
-638
-998
-1279
-1742
-2434
-2845
-2739
-2710
-3011
-3336
-3662
-3620
-3620
-3704
-3455
-3335
-3268
-3235
-3300
-2990
-2533
-2262
-2025
-1866
-1681
-1339
-1106
-839
-369
-126
-12
91
138
449
666
803
885
763
659
682
585
578
557
283
37
-256
-505
-688
-846
-1051
-1384
-1830
-2170
-2381
-2622
-2760
-2998
-3280
-3515
-3669
-3690
-3706
-3666
-3598
-3495
-3358
-3185
-2859
-2609
-2261
-1816
-1416
-1073
-629
-169
261
745
1320
1857
2354
2775
3409
3788
4279
4819
5206
5741
6222
6560
7083
7436
7207
6976
6987
7181
7365
6933
6442
6424
6009
5227
4488
4261
4460
3854
2312
1466
1369
1117
395
-606
-1003
-1164
-2103
-3072
-3297
-3126
-3242
-4003
-4696
-4554
-4506
-4857
-4906
-4620
-4306
-4344
-4744
-4528
-3786
-3386
-3129
-2924
-2514
-2044
-1798
-1439
-747
-272
36
294
548
995
1412
1816
2182
2314
2170
2162
2227
2388
2703
2550
2174
1707
1208
1228
1237
997
490
-358
-849
-1295
-1737
-1974
-2257
-2934
-3650
-4350
-4722
-4651
-4789
-5133
-5625
-6038
-6133
-6040
-5965
-5559
-5349
-5302
-5145
-4952
-4449
-3698
-3117
-2593
-2136
-1702
-1211
-607
190
979
1549
1951
2467
2921
3558
4234
4877
5354
5603
5953
6437
7050
7444
7876
8528
8904
9530
8808
7468
7300
7593
8700
9371
7660
5616
4494
4541
5652
5551
3833
2529
1349
707
491
-428
-742
-573
-1676
-3171
-4246
-4612
-3780
-3632
-4468
-4932
-5625
-6214
-5988
-5583
-4468
-4058
-5104
-5578
-5214
-4373
-3272
-2879
-2654
-2031
-2137
-2196
-1474
-403
822
1160
695
818
1294
1834
2729
3174
3359
3426
2693
2332
2903
3313
3627
3348
2353
1640
1122
899
1331
1287
438
-631
-1985
-2484
-2129
-2190
-2768
-3832
-4864
-5520
-5869
-5855
-5580
-5827
-6499
-7064
-7540
-7321
-6576
-6072
-5839
-5936
-5974
-5611
-4986
-4068
-2948
-2445
-2382
-2051
-1464
-432
663
1347
1885
2102
2395
2941
3693
4546
5250
5569
5693
5891
6333
7072
7652
8322
8473
8585
8804
9424
10089
9097
7809
7664
8325
9434
8654
6590
5272
5316
5635
5137
3898
2859
2501
1189
92
-417
-696
-849
-1991
-3230
-3784
-4054
-4653
-4810
-4705
-4805
-5182
-6383
-6463
-5702
-5052
-4829
-5260
-5389
-4879
-4520
-4133
-3363
-2617
-2134
-1979
-2065
-1444
-481
171
799
1028
1204
1484
1810
2310
3095
3442
3230
2829
2598
2819
2938
3110
3055
2352
1471
770
767
1053
665
-348
-1499
-2095
-2340
-2728
-3426
-3863
-4227
-5052
-6014
-6636
-6494
-6344
-6650
-7132
-7565
-7673
-7488
-7168
-6651
-6161
-5958
-5901
-5570
-4832
-3763
-2958
-2553
-1990
-1323
-669
29
808
1643
2377
2733
3040
3598
4276
5028
5565
5913
6129
6520
7053
7579
8013
8290
8562
9056
9518
10175
10273
9303
7986
7603
8215
9535
9491
7329
5025
4255
4937
5705
4616
2607
1477
873
150
-807
-1641
-1430
-1492
-2996
-4754
-5504
-5175
-4640
-4923
-5538
-5807
-6362
-7005
-6874
-5811
-4641
-4656
-5710
-5903
-4988
-3896
-3179
-2819
-2228
-1565
-1607
-1753
-857
519
1594
1624
1185
1431
2073
2663
3230
3632
3597
3212
2683
2480
2990
3396
3182
2510
1261
849
724
518
308
-496
-1468
-2263
-2949
-3417
-3869
-4380
-4768
-5564
-6577
-7032
-7195
-7213
-7205
-7484
-7873
-8200
-8147
-7576
-6945
-6557
-6164
-5934
-5681
-4839
-3914
-2995
-2229
-1721
-949
-326
272
1149
1898
2613
3354
3674
4040
4636
5108
5708
6325
6576
6914
7208
7325
8077
8469
8902
9389
9223
9741
10576
10480
9483
7973
7200
8265
10056
8892
6581
4505
3950
5438
4948
3136
2303
1538
659
-821
-2070
-1823
-959
-2503
-4223
-5168
-5478
-5012
-5580
-5937
-5268
-5603
-6835
-7554
-6886
-5157
-4295
-5423
-5702
-5033
-4488
-3732
-3424
-2406
-1189
-1345
-1883
-1318
-178
1061
1670
1409
1776
2116
2123
2740
3343
3897
3861
3064
2604
2985
3198
2855
2493
1970
1780
958
-51
-281
-496
-896
-1791
-2798
-3589
-3998
-4639
-5225
-5446
-5956
-6675
-7725
-8062
-7620
-7536
-7840
-8229
-8309
-8073
-7691
-7307
-6735
-5983
-5591
-5249
-4794
-3891
-2763
-1972
-1378
-664
-16
563
1197
1836
2869
3500
3712
3928
4230
4885
5569
5927
6042
6290
6448
6760
7327
7533
7826
8070
8168
8662
9097
9293
9544
9393
8430
6504
6004
8568
10251
8479
4408
1852
3894
6767
5664
2116
143
1006
1795
-423
-2812
-1701
-286
-1479
-4459
-6028
-4681
-3397
-4343
-5402
-5074
-4916
-5933
-7028
-5921
-3339
-3124
-4952
-5864
-4695
-2835
-2478
-3037
-2101
-681
-855
-1702
-1507
280
1994
1836
964
1141
1886
2371
2539
2907
3682
3381
2419
2057
2187
3015
2845
1487
944
850
488
-346
-1110
-1487
-1629
-2350
-3440
-4362
-5002
-5099
-5550
-6154
-6619
-7253
-7996
-8272
-7926
-7655
-7891
-8387
-8352
-7911
-7392
-6769
-6444
-5912
-5196
-4804
-4280
-3385
-2311
-1458
-924
-465
279
998
1567
2251
2912
3488
3857
3961
4378
5129
5640
5963
6166
6304
6788
7192
7480
7759
8294
8702
8984
9359
10013
11121
11522
9374
6057
5674
9833
13309
11207
4680
944
4124
8842
8100
3053
107
1732
2891
58
-2977
-1637
924
-192
-4450
-6794
-5117
-3369
-4174
-5431
-5043
-4765
-6712
-8645
-6931
-3194
-2492
-5283
-7227
-5817
-3291
-3012
-3703
-2559
-693
-887
-2562
-2684
-173
2319
2252
936
733
1626
2307
2470
3142
4299
4412
3188
2268
2524
3470
4006
3459
2695
1691
219
-298
320
851
183
-2238
-4263
-4181
-3723
-4134
-5081
-6231
-6816
-7555
-8556
-8622
-8189
-7911
-8352
-9386
-9761
-9080
-8512
-7947
-7219
-6838
-6680
-6711
-6062
-4405
-2937
-2371
-2301
-2046
-1069
99
910
1764
2521
2828
2809
2812
3541
4850
5581
5433
5139
5174
5667
6484
6841
7252
7387
7174
7529
7907
8597
9602
10072
10040
11071
10664
6978
5138
7448
12023
13560
7918
1323
1377
6696
9668
6364
711
260
2820
1550
-1686
-2388
110
1286
-2276
-6383
-6181
-3678
-3144
-4375
-5104
-4363
-5101
-8027
-7864
-4344
-1781
-3106
-6480
-6980
-4203
-2580
-2970
-2776
-1322
-509
-1747
-3057
-1375
1520
2495
1580
510
959
1858
2073
2606
3950
4414
3522
2101
1981
3384
4248
3659
2032
1688
1774
280
-652
-484
16
-547
-2777
-4709
-5142
-4633
-4425
-5182
-6855
-7645
-8115
-9026
-8826
-7978
-7948
-8997
-10158
-9913
-8927
-8244
-7784
-7232
-7012
-6815
-6455
-5680
-3965
-2518
-2048
-2202
-1993
-748
610
1355
1998
2643
2774
2840
3018
3913
5042
5368
5212
5152
5277
5730
6137
6792
7286
7679
7331
6861
7526
9078
10181
10253
9774
10572
10410
7016
5308
8012
12369
13185
7291
768
1646
7343
9733
5846
363
144
2858
1218
-2113
-2151
347
943
-2815
-7005
-6191
-3400
-3193
-4599
-5243
-4780
-5601
-8205
-7792
-3930
-1781
-3643
-6828
-6980
-3971
-2440
-3079
-2624
-1216
-789
-1929
-3035
-1200
1820
2490
1371
474
842
1847
2228
2746
4009
4262
3065
2066
2191
3612
4495
4038
2536
920
1248
1329
568
264
-1325
-2306
-2243
-3160
-4267
-5360
-6302
-5832
-6102
-7942
-8755
-9264
-9244
-8492
-9160
-9867
-9915
-10123
-9611
-8853
-8527
-7848
-7716
-7694
-6466
-5439
-4474
-3450
-3159
-2384
-1372
-984
68
1292
1870
2512
2659
2627
3369
4277
4889
5181
5011
5275
5572
5907
6576
6871
6742
6959
7172
7568
8093
8412
9185
9602
9795
10569
11414
9715
5784
5457
9562
13082
12066
4841
-195
3206
8974
9009
3598
-643
772
2995
520
-2654
-1807
407
42
-4096
-6977
-5281
-3226
-3881
-5104
-4897
-4491
-6122
-8606
-6810
-2630
-1827
-4487
-6987
-6017
-2875
-2178
-3052
-2265
-647
-691
-2095
-2537
-202
2356
2214
987
570
1301
2120
2309
2888
4128
4041
2674
1843
2396
3836
4367
3356
1328
1074
1533
368
-734
-1099
-938
-1298
-3280
-4922
-5967
-5737
-5065
-5530
-7643
-8908
-9061
-9369
-9143
-8730
-8668
-9680
-10742
-10175
-9253
-8517
-7926
-7496
-7504
-7068
-6272
-5390
-3926
-2755
-1989
-1920
-1729
-669
866
1924
2288
2657
2733
2846
3408
4173
5090
5385
5182
4987
5192
5656
6259
6838
6809
6790
6771
6952
7503
8374
9231
9320
9792
10192
10538
9384
6008
5950
9489
12319
11199
5235
448
3177
8200
8575
4244
75
291
2471
588
-1636
-1120
179
-340
-3657
-6398
-4955
-2898
-3416
-4448
-4615
-4711
-5880
-7812
-6173
-2598
-1938
-4267
-6538
-5937
-3125
-1950
-2694
-2037
-928
-1040
-2012
-2297
-184
2164
2039
887
462
1014
1929
2408
2821
3899
3685
2452
1780
2383
3564
4345
2755
986
1700
1654
97
-1356
-1509
33
-750
-3273
-5518
-6484
-5088
-3993
-5484
-7868
-8497
-8802
-8987
-8966
-8303
-7859
-9524
-10649
-9852
-8880
-8014
-7517
-7339
-7163
-6484
-6223
-5217
-3746
-2213
-1485
-2147
-1891
-480
979
1908
2370
2522
2784
2853
2985
4137
5100
5322
5099
4626
4966
5532
5962
6643
6813
6553
6630
6802
7063
8233
8876
8645
9201
10031
10318
10384
7690
5092
7612
11002
12019
8689
2354
1401
5986
8658
6899
2303
-296
1471
2149
-424
-964
-202
-28
-1559
-4773
-5218
-3260
-3083
-3781
-4054
-4407
-4766
-6382
-7124
-4005
-1840
-2962
-5211
-6276
-4431
-2180
-2232
-2302
-1415
-1254
-1637
-2168
-1290
1194
1892
1027
615
692
1393
2058
2287
3132
3716
2705
1872
1885
2776
3921
2981
1463
1671
1322
-118
-1085
-1146
-258
-435
-2947
-5014
-5493
-4898
-4039
-5217
-6921
-7493
-8187
-8836
-8506
-7971
-7677
-8643
-10039
-9596
-8603
-8031
-7340
-7188
-6898
-6364
-6245
-5444
-3691
-2427
-1791
-1926
-1869
-558
689
1516
2228
2527
2753
2964
3119
3967
4913
5071
4960
4901
5120
5777
5767
6229
6866
6632
7083
6971
6583
8343
8876
8757
9983
9679
9774
11020
10246
7726
6868
8706
11653
11828
7501
3041
3293
7176
9323
5947
1626
1103
2424
2243
326
-727
473
270
-2459
-4151
-3971
-2744
-2360
-3839
-4420
-3658
-4721
-6365
-5684
-3197
-1846
-3361
-5663
-5433
-3274
-1897
-2058
-2406
-1443
-898
-1843
-1917
-313
1234
1673
905
218
1037
1779
1989
2514
3149
3216
2584
1839
2218
3319
2846
1871
2012
1909
1160
-482
-2217
-1483
-56
-671
-3140
-5346
-6004
-5122
-4732
-5473
-6374
-7886
-8923
-8975
-8448
-7754
-7874
-9052
-9723
-9283
-8595
-7855
-7448
-6856
-6094
-6177
-5969
-4971
-3582
-2158
-1550
-1509
-1114
-377
502
1471
2212
2904
3198
2807
2964
3794
4707
5219
5105
4798
5074
5353
5676
6363
6723
6914
6768
6771
7362
8006
8930
9586
9471
10033
10586
9760
7047
5976
8806
11880
11306
7302
2356
2460
7202
8904
5690
1743
577
1941
1650
-641
-623
326
-289
-2492
-4875
-4889
-2929
-2964
-4206
-4331
-4338
-5251
-6694
-6491
-3482
-1997
-3663
-5643
-5913
-4108
-2217
-2398
-2447
-1498
-1510
-2132
-2139
-894
1051
1550
565
284
641
1221
1829
2252
3023
3231
2234
1592
2017
2889
3516
2408
878
802
102
-514
-27
-601
-1355
-2392
-4394
-4842
-4506
-4923
-5283
-6410
-7642
-7799
-8610
-8947
-8165
-8240
-8827
-9547
-10038
-9194
-8318
-8021
-7436
-7301
-7229
-6523
-5875
-4616
-2985
-2582
-2327
-1910
-1304
46
1037
1577
2249
2495
2458
2819
3515
4376
4926
4796
4730
4916
5087
5637
5928
6310
6820
6534
6159
6960
7596
8331
9106
8675
8970
10285
10637
10363
8291
6041
7585
10983
11606
8874
3729
2015
6047
8463
6621
2784
452
1529
2357
172
-1023
-331
-357
-1563
-3985
-4991
-3297
-3149
-4082
-4273
-4282
-4796
-6027
-6835
-4599
-2310
-3273
-5210
-6012
-4614
-2571
-2621
-2920
-1924
-1543
-1963
-2285
-1705
277
1360
508
66
381
913
1533
1741
2418
3048
2418
1586
1775
2456
3359
3160
1656
836
923
1064
539
-552
-1706
-2656
-3047
-2909
-3747
-5239
-6238
-6669
-6810
-7071
-7945
-8715
-9229
-9345
-9083
-9299
-9682
-9535
-9397
-9209
-8606
-8174
-7903
-7381
-6589
-5497
-4761
-4293
-3552
-2706
-1769
-857
-309
189
1003
1449
1961
2549
2847
3333
3741
3741
4022
4420
4793
5144
5178
5353
5568
5499
5956
6583
6901
7078
7113
7459
8500
9252
9544
9734
8970
7059
5552
7045
10005
10731
7347
2499
1554
4985
7178
5380
1383
-113
785
778
-1315
-2050
-1125
-982
-2936
-5390
-5842
-4586
-4377
-5084
-5313
-5185
-6187
-7804
-7857
-5293
-3512
-4645
-6671
-7095
-5522
-4162
-4133
-3948
-2978
-2708
-3452
-3885
-2719
-843
-114
-759
-1165
-862
-339
99
666
1610
1857
1049
247
575
1579
2107
1720
1099
207
-775
-158
-2218
-3443
-819
-1821
-3956
-4854
-7570
-7138
-5509
-6054
-6880
-9104
-11005
-9558
-9646
-10115
-8643
-9983
-11416
-11099
-10854
-9422
-8746
-8951
-8178
-8265
-8271
-6530
-6007
-4957
-2927
-3367
-3324
-2567
-1997
-175
977
787
1212
1292
1246
2469
3096
3692
4055
3440
3629
4192
4423
5206
5733
5303
5638
5815
5875
6661
7105
7690
8456
8442
9038
9391
8582
6276
5144
7298
10609
10257
6071
1616
1673
5874
7755
4785
800
-354
1065
1028
-1203
-1675
-406
-819
-3287
-5346
-5289
-3691
-3719
-4760
-4954
-4855
-5951
-7361
-7105
-4181
-2635
-4416
-6623
-6542
-4643
-3138
-3285
-3367
-2405
-2295
-3057
-3128
-1673
233
647
-453
-726
-84
409
891
1427
2120
2264
1325
639
1208
2181
2518
2173
1390
991
-14
-1827
-984
464
-755
-2979
-5085
-5703
-4448
-4468
-5979
-7393
-8082
-8239
-8754
-9915
-9309
-8724
-9774
-10718
-10919
-10413
-9850
-9839
-9216
-8551
-8681
-8674
-7935
-6820
-4943
-4295
-4653
-4203
-3203
-2057
-1124
-625
79
789
674
864
1706
2622
3437
3164
2904
3251
3529
3887
4728
5011
5107
4813
4544
5200
6026
6560
7098
6906
7129
7793
8838
9447
9028
6949
4357
6254
9689
10625
7780
2652
1075
5036
7548
5612
1934
210
944
1583
-664
-1466
-513
-565
-2190
-4298
-5011
-3773
-3560
-4412
-4426
-4330
-5186
-6656
-7108
-4575
-2625
-3820
-5579
-6093
-4857
-3369
-3084
-3153
-2128
-1915
-2653
-2783
-1816
39
856
153
-167
203
627
1058
1577
2274
2820
1999
1209
1555
2220
2925
2720
2151
1302
369
376
767
-363
-2447
-2390
-2062
-2816
-3464
-5929
-7211
-5979
-5411
-6403
-8489
-9650
-9063
-8564
-9322
-8899
-9092
-10064
-10007
-9576
-8531
-7886
-8015
-7645
-7001
-6244
-5397
-4889
-4359
-2574
-1879
-1959
-1511
-862
538
1641
1613
1889
2354
2409
2998
3655
4096
4635
4254
4214
4809
4937
5649
6057
5679
6223
6729
6229
6718
7777
8240
8870
9106
9144
9749
8817
6317
5841
8516
11136
10426
5615
1542
3293
7240
7887
4764
1109
463
1755
1369
-457
-632
14
-624
-3053
-4739
-4024
-2963
-3360
-4030
-4157
-4308
-5462
-6572
-5702
-2983
-2384
-4193
-5834
-5503
-3471
-2312
-2467
-2290
-1563
-1648
-2248
-1851
-299
1276
1181
441
416
1011
1688
2047
2551
3210
3216
2410
2114
2655
3510
3895
3334
2766
2516
1523
267
135
1107
872
-864
-2837
-3893
-3675
-3221
-3842
-5035
-6102
-6966
-7493
-7723
-7407
-6974
-7673
-8861
-9106
-8640
-8121
-7819
-7444
-6887
-6726
-6763
-6284
-5105
-3672
-2651
-2523
-2311
-1625
-801
243
1204
2013
2454
2559
2512
3198
4339
4947
5178
5098
5088
5333
5678
6349
7077
7168
7006
6961
7111
7843
8390
8628
9294
9854
9817
10008
10829
11212
10523
8306
7041
9797
12400
11215
7273
3645
4911
8556
8656
5410
2496
2222
3168
2702
790
542
896
31
-1562
-2925
-2677
-1955
-2603
-3264
-3073
-3281
-4341
-5251
-4680
-2348
-1938
-3715
-4769
-4133
-2609
-1840
-2006
-1678
-900
-1013
-1350
-896
314
1609
1579
946
1314
1909
2232
2550
2962
3592
3711
2892
2572
3246
3933
4069
3633
2839
2174
1782
1591
1518
842
-780
-1409
-1600
-2149
-2876
-4140
-5124
-4899
-5079
-6194
-7336
-7758
-7380
-7264
-8026
-8224
-8108
-8394
-8276
-7680
-7100
-6661
-6688
-6428
-5509
-4602
-3760
-3138
-2672
-1633
-858
-502
151
1065
2024
2541
2520
2936
3706
4248
4596
4858
5115
5464
5602
5959
6332
6675
6784
6807
7214
7619
7808
7931
8350
9115
9618
9733
9878
10704
11376
10256
7822
6568
9501
12540
11189
6984
3490
4300
8009
8501
5597
2774
2327
2738
2200
289
585
1421
234
-1839
-3185
-3014
-2005
-2356
-3141
-2986
-3049
-4476
-5428
-4812
-2411
-1559
-3323
-4533
-4146
-2863
-1733
-1548
-1391
-521
-707
-1289
-792
564
1955
2125
1390
1495
2030
2399
2859
3511
4025
4084
3257
2887
3593
4210
4426
4114
3555
3293
2619
1100
1380
2117
269
-409
-867
-2517
-2411
-3006
-4257
-3983
-4563
-5587
-6385
-7420
-6857
-5937
-7258
-7696
-7482
-7941
-7615
-7176
-6515
-5773
-6041
-5944
-5111
-4471
-3176
-2182
-2339
-1398
-628
-479
577
1489
2271
3072
2928
2960
3764
4315
4860
5128
5155
5669
5444
5390
6268
6654
6593
6952
6767
6945
7441
7453
7776
8459
8774
9297
9363
9597
10263
9481
7886
6480
7610
10240
10469
7338
3779
2994
5715
7190
5370
2344
1174
1052
1128
-37
-990
-471
-792
-2684
-4301
-4646
-3848
-3741
-4517
-4793
-4753
-5794
-6721
-6491
-5050
-3636
-4587
-5929
-6055
-4960
-3847
-3403
-3387
-2651
-2401
-2916
-2758
-1594
-336
156
-332
-443
178
600
866
1353
1862
2221
1845
1203
1529
2175
2385
2309
1737
1570
466
-1573
-457
911
-841
-2018
-3721
-5122
-3871
-4057
-5322
-6010
-7089
-7355
-7850
-9207
-8231
-7415
-9030
-9602
-9588
-9520
-8941
-8835
-8184
-7384
-7743
-7593
-7009
-6295
-4288
-3508
-3906
-3184
-2573
-1862
-565
-9
782
1549
1166
1413
2329
3057
3795
3843
3804
4294
4100
4299
5139
5589
5884
5793
5455
5895
6592
7320
7673
7632
7892
8448
8937
10105
10200
8375
6396
5748
8598
11386
9418
5280
2366
3542
6931
6794
3795
1481
1126
1162
749
-986
-863
-238
-1625
-3475
-4515
-4460
-3815
-4312
-4747
-4302
-4786
-6543
-7044
-6080
-3929
-3486
-5202
-6114
-5493
-4301
-3524
-3324
-2779
-1961
-2435
-2970
-2151
-740
342
286
-245
191
731
861
1265
2027
2533
2420
1606
1345
2117
2669
2730
2434
1922
1743
437
-786
741
565
-2213
-2369
-2832
-3721
-3347
-4962
-6281
-5738
-6173
-6628
-7955
-9180
-7866
-7463
-9172
-8950
-8584
-9099
-8943
-8617
-7647
-6990
-7656
-7099
-6192
-5547
-4149
-3868
-3852
-2354
-1764
-1500
-577
-167
785
1583
1318
1840
2646
2792
3235
3520
3806
4337
4061
4064
4846
5133
5302
5665
5449
5868
6156
6101
7015
7503
7809
8499
8350
8997
8765
7229
5761
6123
8908
9905
7261
3670
2136
3981
6322
5480
2402
655
365
299
-127
-1304
-920
-1186
-2753
-4385
-4910
-4657
-4020
-4320
-4885
-4816
-5633
-6782
-6500
-5188
-3454
-3953
-5429
-5742
-4835
-3767
-2873
-2539
-2255
-1797
-2220
-2167
-946
245
988
797
479
919
1339
1703
2382
2938
3072
2826
2259
2456
3185
3411
3437
2995
2684
1832
479
378
1306
1032
-683
-2085
-3128
-3411
-3081
-3966
-4669
-5465
-6282
-6982
-7791
-7624
-6890
-7278
-8503
-8661
-8590
-8298
-7960
-7403
-6709
-6709
-6913
-6424
-5453
-4238
-3215
-2939
-2719
-1917
-1339
-494
406
1192
1984
1983
1915
2351
3267
3989
4296
4469
4429
4502
4708
5414
6049
6265
6186
5756
5987
6852
7258
7539
7975
8112
8555
9002
9197
10284
9704
7874
6298
6539
9903
10986
7665
4136
2708
4835
7186
5726
2449
1338
1169
927
186
-1246
-511
-429
-2427
-3894
-4205
-3911
-3538
-4072
-4376
-3919
-4915
-6349
-5952
-4602
-2714
-3409
-5153
-5057
-3938
-3071
-2390
-2214
-1640
-1001
-1672
-1768
-446
781
1457
1165
888
1551
1938
2097
2694
3319
3606
3427
2626
2813
3646
3765
3812
3413
2939
2114
1303
1199
1457
226
-1532
-1318
-1684
-2685
-3140
-5031
-5243
-4618
-5273
-6539
-7633
-7793
-7026
-7372
-8340
-7715
-7960
-8521
-7998
-7522
-6662
-6405
-6563
-5972
-5115
-4357
-3541
-3001
-2446
-1167
-993
-672
306
982
1884
2136
2075
2716
3268
3379
3770
4141
4602
4753
4442
4738
5363
5543
5720
5928
5897
5960
6579
6834
7104
7786
7926
8217
8989
9280
8066
6737
5409
6486
9643
9058
5960
3093
1607
4314
5866
4214
1475
29
-449
-94
-1126
-2184
-1421
-2149
-3791
-5006
-5696
-4955
-4724
-5330
-5387
-5511
-6796
-7360
-7049
-5724
-3956
-5114
-6407
-6269
-5420
-4260
-3587
-3579
-2861
-2619
-3136
-2823
-1685
-524
259
-422
-414
203
513
1006
1544
1934
2268
1867
1236
1716
2260
2528
2637
1927
1567
301
-571
-357
-403
121
-823
-3477
-4817
-4835
-4407
-3949
-4948
-6727
-7825
-8764
-8341
-7436
-8022
-8459
-9187
-9976
-9703
-9099
-8542
-7968
-7956
-7926
-7761
-7719
-6571
-5080
-4431
-3716
-3669
-3590
-2777
-1740
-666
287
430
297
540
941
1965
2720
2868
3017
2719
2757
3429
4019
4730
5071
4661
4775
4968
5170
6373
6861
6871
7461
7267
7645
9051
9889
8874
7171
5672
6468
9576
9978
7396
4517
2738
4756
6692
5503
3225
1712
1252
1410
595
-558
4
-354
-1490
-2706
-3674
-3350
-3089
-3497
-3344
-3306
-4423
-5250
-5199
-4175
-2269
-2769
-4048
-4140
-3516
-2397
-1730
-1551
-779
-386
-998
-829
208
1294
2212
1910
1771
2225
2453
2923
3376
3837
4293
4030
3349
3539
4103
4315
4520
3903
3593
3123
1689
1480
2473
1718
-443
-1321
-1589
-1782
-1961
-3229
-4595
-4733
-4958
-5341
-6410
-6938
-6436
-6506
-7547
-7367
-7015
-7311
-7341
-6803
-5948
-5657
-5853
-5371
-4515
-3520
-2670
-2295
-1943
-891
-183
323
1084
1662
2364
2736
2930
3450
4090
4466
4616
4858
5259
5466
5339
5860
6530
6702
6688
6730
6854
7365
7962
8073
8310
8742
9065
9657
9942
10889
11007
9327
8180
7215
8939
11689
10213
6844
4894
4287
6690
7627
5426
3325
2434
1590
1793
866
161
776
-313
-1991
-2702
-3283
-2914
-2603
-3090
-3006
-3453
-4886
-4977
-4413
-3116
-1898
-3272
-4023
-3634
-3050
-2120
-1166
-1125
-533
-554
-1021
-183
889
1778
2200
1752
1976
2512
2588
3093
3774
4070
4286
3806
3311
3936
4241
4354
4416
3890
3267
2290
1526
1803
2263
275
-905
-678
-1849
-2333
-2949
-4396
-4179
-4390
-5234
-6265
-7102
-6873
-6107
-7127
-7535
-6984
-7595
-7687
-7232
-6355
-5634
-5957
-5925
-5043
-4259
-3445
-2583
-2386
-1473
-674
-650
168
926
1624
2351
2378
2539
3304
3694
3890
4335
4591
4927
4851
4802
5444
5846
6073
6155
6039
6461
6994
7340
7600
7791
8062
8767
9275
9854
10058
8413
7237
6530
7628
10516
9636
6285
3922
3080
5504
6776
4735
2304
1367
539
678
-86
-1108
-384
-1313
-3093
-4020
-4713
-4287
-3846
-4430
-4610
-4844
-6270
-6677
-6173
-4931
-3511
-4709
-5871
-5562
-4888
-3915
-3061
-3076
-2564
-2446
-2968
-2363
-1303
-436
117
-262
-293
275
354
736
1382
1750
1943
1427
746
1207
1648
1702
1790
1164
674
117
-905
-1215
-1112
-2351
-3339
-3322
-4364
-5461
-6358
-7192
-7021
-7144
-7994
-9183
-10186
-10040
-9311
-9676
-10197
-10186
-10345
-10390
-10054
-9230
-8443
-8513
-8421
-7720
-7004
-6143
-5233
-4594
-3765
-3051
-2775
-2060
-1276
-391
435
657
796
1286
1779
2169
2662
3085
3372
3381
3520
3831
4350
4783
4841
5069
5193
5497
6142
6243
6763
7528
7654
8391
8833
8945
8561
7325
5836
6639
9481
9947
7355
3934
2299
5057
6962
5757
2946
1017
927
1346
453
-567
81
-556
-2101
-3541
-3996
-3173
-3031
-3659
-3852
-3926
-4600
-5565
-5492
-3986
-2240
-3198
-4417
-4572
-3688
-2419
-1844
-1583
-961
-801
-1224
-847
250
1491
2037
1511
1620
2151
2438
2806
3279
3918
4241
3728
3132
3483
4043
4282
4183
3656
3483
3014
2606
2494
2901
755
-1605
-553
-788
-1015
-1430
-4840
-5188
-4681
-4877
-5024
-6456
-7478
-6856
-7695
-8377
-7036
-7732
-7996
-7992
-8146
-7200
-7190
-7243
-6196
-5587
-5227
-4541
-4751
-3829
-2046
-2097
-1237
-872
-749
296
805
1274
2237
2446
2295
2735
2953
3851
4180
3860
4565
4706
4752
5146
5178
5858
6425
6282
6405
6771
7096
7982
8673
8705
9290
9928
8993
7516
6424
6705
10040
10698
7455
4676
2673
4726
7531
6109
3398
1746
1074
1202
786
-548
395
-138
-2171
-3270
-3939
-3404
-2820
-3727
-3870
-3544
-4755
-5773
-5535
-4468
-2406
-3137
-4792
-4772
-4085
-2952
-2068
-1969
-1361
-887
-1663
-1432
-236
888
1757
1410
1153
1871
1908
2249
3026
3587
3861
3465
2628
3066
3721
3833
4016
3607
3161
2936
2202
2255
2629
16
-1935
-220
477
-313
-2533
-5634
-5223
-3589
-3239
-4625
-6971
-7883
-6653
-6875
-7202
-6425
-7005
-7943
-8173
-7400
-6105
-6194
-6418
-5492
-4762
-4515
-4116
-3933
-2478
-895
-951
-824
-472
230
1423
2070
2439
3060
3066
2975
3399
4183
5228
5198
4652
5054
5455
5656
6042
6295
6632
6930
6854
7000
7666
7918
8569
9199
9382
9919
10604
9434
8273
7679
7452
10007
11192
8276
5670
3759
4877
7764
6867
4116
2443
1595
1665
1742
212
565
551
-1402
-2643
-3217
-3004
-2292
-3077
-3514
-3236
-4324
-5408
-5014
-4270
-2392
-2632
-4421
-4512
-3760
-2838
-1899
-1655
-1260
-743
-1408
-1269
-40
897
1743
1559
1135
1812
1978
2180
2954
3534
3745
3473
2627
2914
3726
3699
3890
3616
3042
2750
2263
2110
2787
732
-1813
-991
-258
-187
-1552
-5028
-5443
-4481
-3889
-4328
-6300
-7660
-6966
-7278
-7606
-6710
-7152
-7668
-8132
-7963
-6691
-6606
-6748
-5981
-5291
-4954
-4527
-4529
-3398
-1744
-1596
-1178
-985
-596
508
1124
1538
2278
2404
2394
2800
3068
3878
4185
3805
4406
4636
4509
4879
5191
5677
5975
5916
6033
6500
6778
7129
7657
8384
9010
9400
8629
7070
6720
6767
8036
9956
7920
5070
3532
3684
5802
6228
4083
2013
1422
756
950
124
-207
321
-1162
-2792
-3389
-3419
-2867
-2750
-3269
-3425
-3873
-5286
-4986
-4029
-2592
-2065
-3557
-4242
-3582
-2638
-1720
-941
-823
-394
-663
-859
229
1438
2174
2372
1923
2233
2609
2786
3457
4199
4338
4131
3513
3303
4074
4296
4247
4103
3578
2768
1757
1684
2291
2133
685
-1520
-2404
-1659
-1481
-2705
-3998
-5239
-5380
-5486
-6139
-6425
-6818
-7274
-7527
-7819
-7857
-7459
-7703
-7654
-7008
-6784
-6773
-6745
-6025
-4803
-4152
-4035
-3657
-3078
-2223
-1243
-860
-214
231
493
978
1553
2240
2757
2850
2986
3495
3688
3955
4202
4542
5051
5065
4920
5176
5645
6186
6552
6720
6858
7159
7567
8207
8960
9497
9433
7728
7164
7339
7609
9370
8848
6397
5258
4118
4723
5997
5251
3581
2384
1039
934
1032
-43
156
-358
-1681
-2474
-3375
-3409
-2558
-2647
-3084
-3580
-4764
-4726
-4054
-3626
-2376
-2880
-3781
-3635
-3301
-2381
-1094
-1003
-876
-637
-883
-314
539
1322
2128
2000
1766
2054
2269
2887
3655
3716
3780
3641
3063
3474
3786
3889
4053
3619
2863
2209
1457
1715
2271
1657
-7
-2361
-2949
-1131
-1335
-2627
-3954
-5763
-5627
-5124
-5394
-5659
-6319
-7026
-6936
-7403
-7038
-6085
-6672
-6648
-6064
-5917
-5729
-5384
-4370
-3090
-2794
-2901
-2314
-1883
-624
507
693
1159
1381
1514
2261
2910
3422
3878
3724
3791
4288
4546
4991
5313
5457
5818
5769
5697
6318
6692
6909
7217
7345
7598
8030
8521
8998
9740
9415
7570
7301
7546
7818
9189
8093
6002
5358
4323
4615
5333
4636
3506
2059
302
497
815
-145
-404
-1311
-2213
-2765
-3737
-3827
-3139
-3235
-3721
-4470
-5417
-4914
-4418
-4149
-3263
-3613
-4156
-4095
-3834
-2828
-1616
-1606
-1560
-1441
-1321
-590
-47
584
1365
1285
1256
1431
1635
2381
2954
2968
3093
2902
2506
2802
3139
3316
3385
2771
1800
1312
1019
1494
1391
-742
-1472
-1321
-2122
-2181
-3218
-4314
-4328
-4678
-5030
-5720
-6641
-6381
-5933
-6843
-6797
-6717
-7111
-6906
-6592
-5841
-5520
-5860
-5467
-4572
-4016
-3224
-2631
-2457
-1496
-1028
-538
268
579
1307
1877
2035
2436
2950
3256
3585
3914
4278
4588
4537
4666
5271
5554
5721
5759
6052
6272
6382
6870
7274
7556
7680
8046
8744
9219
9458
7638
6726
7654
7600
8544
7933
5808
5225
4763
4195
4719
4329
3083
2207
560
51
679
-489
-979
-1446
-2355
-2942
-3803
-4348
-3702
-3572
-4186
-4670
-5674
-5456
-4782
-4860
-4107
-3928
-4577
-4527
-4288
-3628
-2486
-2222
-2348
-1871
-1804
-1340
-784
-346
491
672
441
633
933
1378
1923
1986
1998
2020
1680
1772
1968
2048
2261
1599
567
305
317
167
-27
-1652
-3264
-2748
-2605
-3438
-4356
-5830
-6183
-5933
-6198
-6716
-7592
-8140
-7794
-7961
-8284
-7840
-8027
-8161
-7858
-7410
-6861
-6807
-6580
-5576
-4923
-4554
-3911
-3436
-2639
-1562
-1133
-695
-156
298
1070
1546
1982
2493
2722
2936
3346
3675
4016
4276
4400
4878
5154
5003
5369
5779
6320
6563
6638
6874
7062
7782
8426
8759
9257
9009
7424
7193
7717
7645
8789
7972
5833
5312
4339
4627
5277
4466
3210
2084
482
409
788
-285
-425
-1217
-2417
-2797
-3561
-3499
-2923
-3318
-3793
-4102
-5048
-4604
-4068
-4073
-3011
-3284
-3901
-3640
-3285
-2433
-1327
-1370
-1197
-904
-937
-224
417
992
1804
1538
1483
1885
2120
2757
3193
3065
3225
3175
2746
3095
3252
3279
3395
2869
2285
1410
920
1298
1291
717
-889
-2893
-3055
-2019
-2261
-3378
-4743
-6042
-5906
-5862
-5948
-6057
-6798
-7240
-7403
-7572
-7120
-6510
-6751
-6714
-6394
-6196
-5834
-5493
-4450
-3493
-3272
-3009
-2564
-1919
-847
47
277
688
906
1242
1868
2370
2955
3225
3185
3337
3641
4021
4579
4782
4919
5070
5064
5209
5732
6325
6618
6756
6755
6946
7722
8354
8794
9311
7619
6500
7093
7019
8229
8539
6025
4948
4130
3928
4890
4407
3127
2258
620
-177
309
-453
-611
-1025
-2537
-3027
-3713
-4170
-3548
-3494
-3874
-4097
-5218
-5454
-4575
-4426
-3516
-3436
-4268
-4191
-3971
-3449
-2195
-1759
-1633
-1422
-1666
-1089
-306
177
1018
1065
850
1166
1238
1759
2546
2681
2610
2501
2050
2289
2651
2591
2796
2459
1480
772
646
844
723
-139
-1387
-2486
-3389
-3136
-2818
-3817
-4953
-6105
-6798
-6630
-6348
-6411
-7165
-8069
-8174
-7872
-8116
-7674
-7251
-7349
-7434
-7233
-6720
-6179
-5509
-4717
-4207
-4048
-3622
-3018
-2267
-1196
-663
-515
-244
65
689
1336
1723
2028
2191
2221
2516
2913
3384
3824
3773
3915
4206
4423
4762
5145
5413
5744
6069
6422
6758
7095
7825
8177
6925
6157
6497
6353
7071
7105
5515
4703
4092
3399
3725
3326
2700
1939
175
-729
-328
-1032
-1481
-1982
-3176
-3556
-4211
-4874
-4615
-4506
-4825
-5224
-6077
-6059
-5562
-5682
-5154
-4791
-5144
-4996
-5013
-4608
-3528
-3110
-3029
-2731
-2682
-2169
-1673
-1306
-502
-178
-305
-66
135
580
1199
1167
1338
1494
1297
1353
1472
1507
1725
1350
610
139
-216
29
-149
-1133
-2400
-3560
-3381
-2738
-3555
-4916
-5890
-6392
-6109
-6067
-6787
-7262
-7684
-7774
-7599
-7823
-7685
-7310
-7437
-7248
-6720
-6445
-6122
-5721
-4938
-4032
-3751
-3528
-2873
-2187
-1219
-532
-353
57
470
891
1460
1821
2200
2552
2646
2860
3106
3397
3831
4069
4210
4413
4490
4711
5046
5329
5812
6122
6198
6440
6734
7371
8123
8432
7233
6239
6681
6849
7125
7260
6220
5184
4528
3975
3952
4074
3444
2519
1104
219
512
-25
-615
-989
-1592
-2270
-3060
-3572
-3343
-3083
-3372
-3700
-4360
-4473
-4060
-4099
-3600
-3085
-3231
-3418
-3373
-2891
-1980
-1401
-1285
-994
-778
-435
-45
430
1138
1490
1447
1549
1798
2164
2632
2780
2825
2934
2766
2718
2875
2907
3088
2644
1894
1408
1014
1111
715
-258
-631
-1572
-2217
-2208
-2835
-3508
-4026
-4673
-4983
-5159
-5681
-5801
-6100
-6375
-6162
-6402
-6554
-6271
-6057
-5737
-5455
-5316
-4911
-4549
-4104
-3236
-2836
-2327
-1722
-1355
-731
-33
397
868
1257
1490
1944
2240
2569
2971
3161
3442
3586
3724
4124
4338
4504
4830
4838
4943
5167
5307
5779
6007
6322
6661
6490
6944
7465
7952
8088
7063
6353
7064
7137
7040
6848
5574
5356
5175
4208
4119
3931
3232
2646
1531
784
967
214
-512
-688
-1411
-1837
-2515
-3090
-2725
-2718
-3306
-3543
-3889
-3830
-3610
-3884
-3510
-3001
-3267
-3255
-3159
-2761
-1934
-1714
-1620
-1147
-974
-699
-278
-47
661
859
743
1068
1329
1610
1881
1833
2012
2161
1938
1882
2027
1996
1797
1049
453
271
63
-80
-907
-1578
-1744
-2438
-3062
-3404
-3967
-4278
-4619
-5082
-5545
-5945
-6191
-6184
-6351
-6417
-6414
-6711
-6751
-6285
-5953
-5717
-5590
-5305
-4903
-4524
-3969
-3358
-2862
-2300
-1791
-1448
-931
-391
0
389
760
1120
1316
1582
1946
2310
2616
2837
2929
3118
3442
3657
3821
3968
4097
4389
4461
4521
4859
5078
5320
5507
5716
6012
6315
6951
6798
5941
5655
6072
6635
6301
5224
4651
4544
4887
4435
3405
2705
2548
2545
1649
894
504
220
-414
-1011
-1289
-1668
-2189
-2691
-2769
-2837
-3108
-3468
-3851
-3602
-3496
-3468
-3696
-3576
-3317
-3230
-3081
-2888
-2485
-2186
-1957
-1699
-1332
-1004
-771
-547
-203
176
222
370
684
877
1023
1090
1108
1225
1205
566
-241
-333
376
736
-205
-1638
-2223
-2037
-1633
-1681
-2620
-3627
-4075
-4249
-4246
-4297
-4462
-4950
-5678
-5884
-5570
-5429
-5516
-5455
-5360
-5283
-5344
-5233
-4720
-4114
-3751
-3563
-3508
-3228
-2598
-1975
-1314
-811
-617
-569
-471
72
806
1152
1205
1207
1409
1692
1980
2259
2456
2651
2756
2766
2887
3135
3378
3669
3775
3659
3645
3663
3892
4415
4757
4612
4560
4742
5158
5530
4859
4496
4975
5137
5218
4234
3071
3170
3634
3842
3453
2211
1301
1355
1088
1231
1144
322
-450
-1099
-1365
-1165
-1266
-1704
-2038
-2574
-2834
-2936
-3089
-2740
-2647
-2891
-3126
-3340
-3286
-2842
-2510
-2302
-2249
-2416
-2265
-1967
-1633
-1199
-1008
-1098
-1103
-981
-799
-429
-296
-248
-434
-793
-808
-611
-457
-562
-991
-1403
-1596
-1740
-1924
-1954
-2259
-2709
-3161
-3554
-3643
-3639
-3810
-4120
-4406
-4683
-4801
-4903
-4858
-4647
-4714
-4917
-5116
-4974
-4623
-4368
-4224
-3995
-3934
-3920
-3615
-3207
-2672
-2305
-2165
-1982
-1797
-1428
-1040
-885
-631
-392
-353
-263
66
323
581
678
696
778
852
952
1219
1341
1477
1450
1343
1564
1759
1969
1959
1986
2225
2430
2597
2692
2655
2975
3308
3350
3032
2669
2987
3374
3480
3303
2564
2289
2424
2505
2159
1694
1483
1274
783
630
426
154
0
-506
-921
-937
-1133
-1493
-1678
-1648
-1858
-2094
-2563
-2698
-2389
-2321
-2449
-2738
-2987
-2809
-2585
-2491
-2211
-2176
-2399
-2462
-2231
-1624
-1461
-1694
-1701
-1695
-1473
-1314
-1485
-1420
-1312
-1401
-1565
-1773
-1796
-1746
-1829
-1894
-2200
-2581
-2719
-2832
-2940
-2895
-3168
-3695
-3862
-4001
-4062
-4091
-4273
-4359
-4548
-4741
-4713
-4725
-4757
-4616
-4607
-4625
-4591
-4541
-4324
-4065
-3804
-3496
-3503
-3479
-3115
-2811
-2638
-2452
-2305
-2110
-2030
-1973
-1763
-1668
-1521
-1188
-1107
-1270
-1133
-899
-746
-530
-347
-430
-603
-374
-57
-1
47
16
-62
120
415
524
411
501
683
724
888
1006
837
692
466
481
741
647
31
-264
-262
-583
-901
-1061
-1335
-1996
-2501
-2794
-3294
-3456
-3950
-4580
-5070
-5732
-6148
-6749
-7642
-7868
-8162
-9125
-10015
-10586
-10978
-11410
-11897
-12567
-13297
-13691
-14004
-14471
-14836
-14851
-15175
-15503
-15517
-15586
-15381
-15034
-14912
-14793
-14453
-14100
-13730
-13489
-13098
-12733
-12590
-12340
-11983
-11735
-11673
-11523
-11546
-11560
-11678
-11904
-11944
-12100
-12208
-12296
-12533
-12572
-12373
-12160
-11940
-11799
-11630
-11289
-11000
-10622
-10161
-9778
-9404
-8946
-8436
-8059
-7707
-7251
-6853
-6482
-6177
-6068
-6032
-5746
-5380
-5102
-5092
-5044
-4843
-4637
-4298
-3947
-3744
-3562
-3370
-3109
-2781
-2484
-2160
-1876
-1743
-1577
-1375
-1125
-926
-702
-476
-288
-245
-305
95
373
212
246
753
893
560
701
1303
1298
848
1096
1287
947
1232
1652
1123
574
1046
1185
647
684
846
431
112
-52
46
-27
-337
-511
-823
-1218
-865
-1002
-1521
-1654
-1449
-1685
-2262
-2445
-2353
-2535
-2711
-2861
-3496
-3945
-3958
-4287
-4497
-4702
-5351
-6048
-6332
-6440
-6612
-6938
-7508
-7985
-8209
-8223
-8317
-8476
-8543
-8664
-8791
-8759
-8634
-8598
-8689
-8823
-8723
-8584
-8773
-8839
-8615
-8476
-8338
-8170
-8172
-8129
-7906
-7770
-7825
-7936
-8153
-8386
-8602
-8774
-9124
-9463
-9822
-10254
-10469
-10744
-11094
-11411
-11539
-11628
-11714
-11787
-11789
-11594
-11291
-10842
-10453
-10311
-10194
-9942
-9781
-9642
-9662
-9969
-10346
-10548
-10762
-11040
-11414
-11610
-11626
-11735
-11772
-11684
-11450
-11053
-10421
-9971
-9589
-8993
-8360
-7513
-6660
-6039
-5493
-4816
-4255
-3553
-2769
-2341
-2084
-1621
-1094
-779
-618
-520
-101
329
470
527
431
360
740
1128
1061
953
966
905
988
1261
1491
1332
1000
936
1053
1175
876
551
644
877
837
178
-182
235
566
667
257
-125
134
520
710
668
637
603
557
609
865
1016
870
514
255
384
477
249
-114
-350
-576
-769
-995
-1056
-1044
-1370
-1578
-1621
-1745
-1890
-2046
-2266
-2179
-2226
-2533
-2679
-2768
-2682
-2669
-2822
-2842
-2860
-2932
-2819
-2612
-2508
-2437
-2420
-2350
-2047
-1860
-1690
-1697
-1510
-1120
-1041
-951
-703
-457
-298
-15
176
324
717
858
908
1092
1272
1438
1410
1261
1221
938
468
13
-393
-823
-1450
-1905
-2230
-2723
-2732
-2463
-2607
-2280
-1308
-794
-680
-42
691
1170
1486
1508
1521
1711
2038
2376
2518
2419
2492
2872
2854
2710
2979
3149
3024
3042
3082
2701
2403
2042
1295
690
113
-683
-1581
-2432
-3038
-3412
-3823
-4080
-4169
-4106
-3818
-3406
-2850
-2290
-1701
-1223
-794
-398
0
390
608
845
963
918
1049
1218
1266
1350
1508
1543
1509
1768
2012
1962
1953
2112
2191
2174
2259
2274
2317
2406
2627
2730
2744
2968
3299
3572
3782
3998
4245
4538
4844
5185
5435
5648
5828
6048
6206
6421
6639
6845
7082
7277
7419
7597
7972
8287
8415
8580
8942
9206
9293
9402
9552
9654
9853
10098
10172
10105
10255
10435
10335
10375
10505
10240
10109
10014
9712
9618
9414
9044
8890
8968
8990
9010
8922
8887
9162
9574
9761
9566
9548
9640
9962
10163
10179
10160
10074
10068
10234
10366
10334
10326
10327
10404
10581
10472
10254
10326
10522
10544
10273
10101
9954
9885
10011
9934
9617
9460
9404
9248
9022
8951
9012
8827
8564
8387
8235
8042
7854
7682
7423
7271
7102
6922
6636
6524
6506
6201
5846
5679
5629
5518
5349
5007
4587
4314
4219
4134
3849
3475
3188
2762
2508
2503
2286
1952
1692
1478
1279
988
871
860
664
409
342
131
-74
-5
-42
-106
-207
-336
-345
-377
-342
-217
-128
-39
92
351
642
948
1349
1724
2029
2389
2832
3156
3514
3928
4183
4282
4322
4311
4148
3955
3757
3589
3336
2959
2556
2212
1869
1514
1236
945
783
985
1225
1238
1397
1811
2138
2425
2870
3141
3212
3317
3459
3521
3464
3435
3481
3574
3711
3920
3999
3928
4011
4208
4218
4107
4048
3930
3873
4038
4228
4208
4323
4746
4989
5032
5172
5487
5721
5755
5844
5938
5954
5940
5915
5999
6018
5999
6026
5966
5862
6001
6061
5999
5971
5881
5826
5733
5647
5613
5483
5245
5151
5002
4782
4592
4351
4203
4091
3891
3673
3519
3386
3264
3145
3045
2903
2804
2584
2379
2345
2234
2037
1778
1664
1487
1375
1229
952
818
741
607
460
406
303
156
-30
-95
-77
-186
-384
-529
-606
-740
-959
-1131
-1326
-1552
-1744
-1892
-2082
-2255
-2409
-2537
-2495
-2468
-2513
-2544
-2449
-2210
-1968
-1733
-1458
-1052
-628
-270
341
900
1316
1696
2106
2481
2718
3037
3294
3393
3616
3838
3986
3985
4075
4294
4410
4431
4483
4532
4564
4606
4690
4756
4766
4832
4851
4733
4665
4773
4805
4752
4716
4631
4590
4601
4579
4545
4526
4459
4414
4266
4160
4137
4112
4056
3932
3741
3587
3541
3491
3409
3203
3110
3044
2877
2659
2510
2428
2272
2177
2022
1834
1732
1676
1714
1662
1547
1423
1303
1272
1350
1420
1384
1318
1307
1306
1225
1156
1102
1037
937
812
696
503
385
397
340
203
32
-83
-304
-657
-1032
-1610
-2288
-3020
-3691
-4258
-4824
-5214
-5386
-5372
-5234
-5041
-4778
-4545
-4253
-3876
-3587
-3218
-2830
-2317
-1667
-998
-335
206
589
880
1131
1294
1398
1415
1254
1108
1062
1086
1099
1223
1574
1998
2457
2892
3325
3704
4090
4513
4801
4905
4943
4956
4965
5043
5127
5208
5189
5142
5052
5057
5046
4981
4918
4897
4790
4649
4465
4269
4135
4001
3834
3625
3396
3106
2878
2702
2608
2430
2258
2065
1909
1883
1831
1773
1716
1686
1639
1582
1569
1617
1669
1745
1655
1644
1735
1799
1893
1908
2056
2122
2201
2267
2306
2459
2585
2684
2817
2915
3016
3090
3215
3387
3551
3696
3784
3821
3952
4132
4267
4414
4540
4594
4585
4654
4734
4785
4818
4860
4849
4786
4845
4869
4894
5001
5005
5018
5001
5023
5095
5120
5157
5156
5172
5184
5159
5158
5167
5174
5173
5182
5148
5131
5119
5085
5117
5156
5123
5105
5051
5032
4996
5020
5027
4985
4985
4980
4972
4970
4900
4862
4939
4920
4927
4912
4960
4975
4989
5046
5093
5143
5154
5227
5288
5393
5555
5654
5822
5945
6097
6214
6365
6525
6600
6690
6782
6802
6818
6874
6830
6815
6751
6745
6690
6609
6551
6467
6469
6404
6323
6221
6115
6066
6060
6076
6042
6020
6028
6048
6124
6162
6252
6248
6306
6358
6310
6365
6376
6386
6387
6368
6404
6405
6337
6333
6321
6292
6269
6230
6175
6121
6130
6072
5978
5910
5823
5746
5689
5549
5434
5270
5126
5003
4754
4540
4341
4131
3933
3688
3562
3475
3266
3117
3051
2891
2778
2691
2570
2465
2293
2183
2067
1944
1845
1857
1760
1752
1718
1682
1789
1844
1944
1977
2079
2184
2281
2392
2504
2607
2728
2852
2964
3076
3199
3293
3393
3528
3631
3689
3736
3793
3799
3856
3914
3911
3908
3909
3893
3901
3906
3915
3900
3914
3919
3898
3938
3963
4016
4032
4072
4065
4102
4120
4147
4190
4157
4164
4120
4052
3989
3909
3835
3758
3599
3485
3348
3219
3120
3014
2865
2760
2682
2611
2562
2476
2443
2421
2398
2333
2355
2352
2298
2294
2318
2340
2320
2350
2360
2393
2427
2432
2484
2581
2589
2623
2640
2636
2691
2757
2775
2750
2740
2694
2677
2675
2612
2552
2494
2426
2358
2249
2128
2012
1903
1803
1737
1663
1589
1546
1496
1458
1455
1430
1445
1462
1488
1494
1534
1600
1603
1712
1659
1694
1738
1754
1758
1777
1795
1792
1838
1845
1829
1886
1920
1912
1846
1922
1934
1938
1939
1977
1981
1985
1995
2031
2050
2046
2135
2169
2219
2240
2321
2312
2294
2325
2395
2433
2385
2435
2457
2499
2481
2467
2485
2451
2491
2442
2413
2437
2398
2399
2395
2367
2307
2276
2252
2233
2209
2115
2087
2021
2025
1995
1925
1955
1932
1803
1788
1801
1760
1725
1626
1626
1586
1571
1547
1479
1443
1445
1419
1422
1421
1304
1327
1337
1282
1287
1265
1199
1229
1215
1182
1156
1136
1121
1064
1030
1072
1052
1005
1061
1003
1010
987
963
983
986
978
972
960
990
1000
965
960
928
958
973
925
937
911
953
984
959
1010
988
1016
1011
987
1013
1101
1099
1123
1113
1136
1207
1182
1213
1210
1234
1286
1343
1336
1369
1378
1363
1399
1379
1360
1407
1443
1437
1481
1501
1486
1504
1547
1554
1548
1642
1692
1688
1782
1825
1914
1957
2013
2058
2084
2107
2176
2225
2270
2261
2283
2218
2140
2102
1966
1952
1807
1579
1379
1182
943
767
536
320
100
-65
-162
-317
-440
-483
-461
-516
-514
-467
-444
-394
-305
-295
-213
-120
-88
10
33
57
67
121
171
169
153
194
171
187
142
119
77
68
48
-26
-31
-16
-75
-107
-124
-142
-176
-233
-301
-280
-321
-354
-335
-397
-410
-447
-486
-469
-493
-531
-485
-507
-488
-453
-477
-423
-395
-312
-337
-264
-240
-241
-208
-208
-182
-172
-184
-191
-231
-289
-274
-308
-353
-364
-378
-436
-468
-521
-566
-549
-555
-615
-587
-632
-671
-681
-645
-616
-675
-643
-611
-637
-630
-642
-665
-623
-583
-585
-551
-564
-515
-493
-490
-429
-471
-454
-458
-490
-465
-460
-488
-505
-510
-498
-487
-494
-479
-513
-526
-503
-474
-511
-512
-500
-543
-541
-558
-558
-563
-550
-566
-560
-545
-535
-538
-552
-581
-556
-526
-547
-535
-517
-503
-472
-527
-469
-436
-461
-433
-420
-424
-399
-385
-373
-357
-343
-284
-313
-274
-270
-253
-233
-267
-262
-233
-214
-231
-207
-193
-222
-201
-191
-164
-171
-190
-162
-177
-188
-159
-171
-174
-156
-177
-182
-211
-179
-208
-188
-170
-161
-173
-227
-255
-206
-193
-227
-238
-288
-250
-269
-299
-299
-312
-313
-356
-326
-362
-327
-333
-348
-354
-403
-405
-424
-448
-445
-414
-449
-422
-433
-508
-483
-481
-501
-506
-503
-535
-572
-557
-578
-552
-534
-515
-536
-563
-578
-588
-591
-544
-550
-637
-634
-641
-660
-618
-612
-654
-674
-644
-658
-664
-666
-683
-684
-691
-713
-723
-704
-705
-671
-705
-703
-738
-739
-682
-704
-736
-722
-680
-678
-676
-682
-750
-744
-708
-673
-694
-687
-693
-684
-711
-684
-670
-663
-641
-638
-607
-609
-610
-634
-604
-616
-621
-593
-601
-627
-600
-569
-557
-546
-533
-495
-555
-544
-559
-535
-569
-569
-515
-577
-538
-576
-568
-575
-604
-613
-625
-661
-625
-609
-630
-677
-604
-623
-648
-632
-704
-647
-679
-696
-672
-698
-712
-747
-743
-749
-748
-792
-746
-721
-724
-762
-758
-753
-814
-796
-808
-825
-828
-807
-775
-766
-778
-804
-823
-835
-792
-837
-814
-804
-838
-837
-888
-864
-878
-883
-923
-898
-888
-882
-890
-887
-854
-880
-904
-903
-912
-916
-931
-945
-967
-1002
-1017
-1018
-1028
-1045
-1024
-1018
-1057
-1088
-1050
-1047
-1037
-1055
-1026
-1099
-1064
-1053
-1063
-1093
-1081
-1051
-1085
-1072
-1124
-1071
-1060
-1092
-1085
-1089
-1057
-1082
-1081
-1075
-1114
-1057
-1072
-1078
-1085
-1081
-1053
-1051
-1073
-1063
-1049
-1047
-1019
-1063
-1039
-991
-1024
-1005
-996
-1031
-1029
-1014
-1032
-980
-993
-1005
-1001
-1032
-1051
-1026
-1021
-1047
-1003
-978
-1024
-1050
-1031
-1016
-1047
-1038
-1067
-1106
-1060
-1081
-1104
-1078
-1107
-1133
-1087
-1129
-1146
-1211
-1175
-1166
-1200
-1197
-1222
-1228
-1262
-1218
-1254
-1247
-1235
-1279
-1271
-1253
-1270
-1209
-1203
-1194
-1205
-1248
-1257
-1271
-1243
-1236
-1260
-1303
-1292
-1339
-1296
-1313
-1335
-1291
-1331
-1280
-1372
-1299
-1304
-1343
-1331
-1314
-1345
-1342
-1351
-1394
-1387
-1423
-1368
-1380
-1367
-1371
-1347
-1345
-1373
-1401
-1341
-1367
-1383
-1363
-1352
-1355
-1362
-1384
-1376
-1398
-1422
-1341
-1374
-1396
-1383
-1356
-1380
-1367
-1371
-1317
-1319
-1363
-1325
-1309
-1317
-1306
-1287
-1305
-1271
-1293
-1285
-1275
-1278
-1301
-1304
-1303
-1304
-1302
-1336
-1312
-1328
-1344
-1363
-1344
-1334
-1355
-1369
-1321
-1332
-1393
-1356
-1368
-1368
-1391
-1409
-1408
-1361
-1392
-1419
-1427
-1484
-1469
-1431
-1431
-1447
-1456
-1518
-1509
-1496
-1488
-1500
-1530
-1541
-1539
-1532
-1590
-1605
-1605
-1664
-1625
-1654
-1618
-1584
-1644
-1609
-1605
-1646
-1603
-1598
-1624
-1634
-1651
-1646
-1678
-1656
-1664
-1680
-1663
-1694
-1675
-1650
-1677
-1714
-1745
-1765
-1723
-1747
-1731
-1713
-1770
-1744
-1706
-1736
-1746
-1719
-1697
-1684
-1719
-1686
-1695
-1715
-1731
-1756
-1754
-1709
-1691
-1724
-1693
-1676
-1708
-1728
-1680
-1728
-1728
-1689
-1730
-1751
-1775
-1769
-1760
-1757
-1763
-1752
-1734
-1691
-1694
-1677
-1667
-1660
-1702
-1694
-1648
-1619
-1635
-1648
-1634
-1639
-1607
-1629
-1607
-1613
-1648
-1614
-1639
-1621
-1648
-1589
-1595
-1586
-1583
-1609
-1567
-1604
-1620
-1625
-1596
-1630
-1601
-1625
-1601
-1615
-1601
-1611
-1634
-1639
-1607
-1573
-1584
-1605
-1627
-1630
-1645
-1671
-1658
-1655
-1712
-1690
-1693
-1694
-1737
-1729
-1699
-1730
-1739
-1738
-1749
-1777
-1757
-1745
-1775
-1781
-1731
-1776
-1734
-1790
-1769
-1748
-1788
-1801
-1860
-1809
-1796
-1808
-1811
-1805
-1845
-1837
-1854
-1852
-1851
-1858
-1819
-1829
-1843
-1837
-1825
-1831
-1828
-1842
-1854
-1830
-1786
-1765
-1843
-1845
-1853
-1851
-1830
-1825
-1813
-1803
-1831
-1860
-1832
-1829
-1816
-1847
-1850
-1877
-1822
-1797
-1807
-1807
-1865
-1767
-1772
-1785
-1798
-1756
-1798
-1772
-1788
-1773
-1750
-1763
-1728
-1745
-1716
-1730
-1695
-1716
-1686
-1701
-1661
-1660
-1664
-1657
-1709
-1643
-1674
-1663
-1663
-1675
-1696
-1671
-1639
-1604
-1604
-1617
-1583
-1650
-1632
-1597
-1634
-1613
-1588
-1628
-1614
-1648
-1687
-1678
-1618
-1699
-1679
-1682
-1684
-1653
-1678
-1689
-1672
-1674
-1692
-1675
-1682
-1672
-1717
-1749
-1746
-1704
-1716
-1681
-1676
-1704
-1746
-1705
-1709
-1766
-1717
-1765
-1760
-1709
-1750
-1707
-1694
-1711
-1711
-1738
-1698
-1710
-1722
-1719
-1735
-1688
-1704
-1705
-1692
-1663
-1653
-1670
-1669
-1689
-1697
-1678
-1685
-1728
-1719
-1679
-1677
-1696
-1669
-1659
-1644
-1670
-1664
-1664
-1690
-1706
-1714
-1716
-1681
-1666
-1667
-1657
-1648
-1634
-1642
-1647
-1612
-1597
-1620
-1624
-1628
-1596
-1575
-1535
-1565
-1544
-1515
-1500
-1495
-1525
-1483
-1511
-1498
-1479
-1509
-1474
-1519
-1515
-1506
-1510
-1480
-1470
-1484
-1500
-1528
-1491
-1505
-1466
-1434
-1467
-1411
-1472
-1445
-1464
-1458
-1437
-1458
-1442
-1460
-1437
-1449
-1438
-1387
-1402
-1422
-1421
-1398
-1446
-1424
-1417
-1440
-1436
-1401
-1396
-1349
-1385
-1405
-1387
-1421
-1412
-1375
-1371
-1414
-1392
-1401
-1409
-1429
-1406
-1408
-1387
-1421
-1478
-1447
-1462
-1416
-1411
-1392
-1404
-1430
-1433
-1422
-1415
-1393
-1397
-1412
-1412
-1393
-1404
-1430
-1397
-1401
-1430
-1417
-1382
-1430
-1415
-1411
-1414
-1412
-1405
-1367
-1356
-1360
-1368
-1381
-1338
-1350
-1317
-1316
-1348
-1291
-1338
-1331
-1391
-1323
-1353
-1345
-1324
-1320
-1301
-1320
-1309
-1293
-1297
-1246
-1249
-1279
-1260
-1247
-1228
-1228
-1241
-1276
-1256
-1254
-1281
-1285
-1262
-1258
-1260
-1310
-1279
-1221
-1233
-1234
-1252
-1259
-1196
-1226
-1252
-1248
-1250
-1209
-1200
-1240
-1259
-1228
-1243
-1232
-1238
-1266
-1236
-1253
-1220
-1251
-1283
-1222
-1257
-1215
-1259
-1247
-1244
-1263
-1218
-1227
-1217
-1211
-1193
-1219
-1235
-1235
-1264
-1221
-1223
-1230
-1262
-1207
-1206
-1249
-1253
-1285
-1236
-1241
-1270
-1211
-1198
-1244
-1220
-1213
-1225
-1192
-1211
-1176
-1159
-1193
-1197
-1181
-1222
-1194
-1186
-1192
-1168
-1142
-1160
-1122
-1158
-1141
-1104
-1188
-1189
-1156
-1149
-1146
-1132
-1133
-1127
-1155
-1118
-1143
-1130
-1126
-1143
-1143
-1145
-1131
-1084
-1062
-1139
-1137
-1129
-1136
-1115
-1157
-1096
-1123
-1135
-1127
-1146
-1147
-1148
-1156
-1133
-1137
-1142
-1111
-1131
-1167
-1143
-1139
-1146
-1173
-1153
-1108
-1155
-1137
-1123
-1133
-1156
-1177
-1155
-1139
-1111
-1086
-1139
-1149
-1160
-1106
-1107
-1123
-1103
-1121
-1141
-1106
-1120
-1122
-1070
-1113
-1120
-1082
-1097
-1111
-1097
-1113
-1111
-1071
-1111
-1100
-1110
-1097
-1083
-1087
-1051
-1087
-1052
-1057
-1057
-1057
-1083
-1119
-1091
-1073
-1054
-1016
-1017
-1087
-1092
-1056
-1056
-1056
-1057
-1103
-1080
-1057
-1066
-1073
-1102
-1083
-1090
-1090
-1087
-1119
-1121
-1104
-1090
-1106
-1103
-1090
-1076
-1078
-1063
-1055
-1014
-1004
-985
-1013
-1022
-973
-989
-993
-978
-936
-913
-938
-943
-961
-941
-953
-895
-970
-991
-958
-959
-933
-922
-896
-909
-857
-892
-904
-910
-915
-902
-899
-894
-895
-912
-904
-920
-946
-923
-945
-902
-918
-930
-925
-914
-892
-882
-916
-888
-860
-904
-897
-901
-882
-869
-869
-908
-911
-886
-862
-890
-892
-901
-911
-893
-912
-885
-903
-919
-889
-902
-909
-914
-909
-903
-884
-873
-855
-888
-896
-908
-914
-913
-941
-910
-919
-925
-955
-954
-930
-972
-976
-939
-960
-959
-919
-911
-941
-943
-913
-933
-898
-926
-905
-938
-945
-884
-878
-886
-881
-888
-884
-876
-890
-867
-867
-817
-808
-809
-768
-794
-800
-755
-768
-779
-780
-778
-742
-734
-726
-681
-691
-678
-654
-690
-647
-645
-631
-625
-621
-604
-605
-587
-603
-564
-561
-585
-585
-566
-561
-625
-627
-561
-564
-534
-546
-564
-549
-551
-536
-561
-587
-545
-544
-539
-530
-556
-557
-535
-529
-536
-554
-541
-517
-542
-530
-560
-550
-516
-559
-554
-545
-577
-541
-550
-531
-530
-564
-569
-582
-559
-537
-548
-526
-539
-532
-525
-555
-526
-528
-552
-556
-540
-562
-526
-557
-578
-555
-554
-521
-540
-593
-558
-563
-541
-565
-572
-598
-580
-561
-587
-579
-607
-595
-578
-556
-605
-578
-581
-571
-536
-571
-557
-515
-565
-558
-535
-550
-579
-535
-562
-585
-557
-536
-494
-522
-506
-558
-542
-456
-536
-516
-479
-484
-486
-451
-450
-440
-479
-443
-431
-481
-420
-396
-379
-457
-407
-358
-395
-411
-371
-400
-372
-376
-388
-312
-311
-330
-363
-327
-331
-381
-370
-333
-330
-305
-309
-325
-325
-319
-323
-325
-320
-304
-302
-353
-321
-308
-338
-328
-360
-312
-329
-359
-310
-325
-302
-301
-306
-319
-327
-384
-402
-415
-421
-429
-389
-405
-393
-401
-370
-391
-366
-386
-388
-343
-387
-372
-348
-373
-413
-410
-377
-358
-382
-335
-406
-412
-405
-392
-368
-358
-394
-379
-369
-410
-366
-425
-390
-414
-383
-383
-431
-380
-415
-419
-374
-374
-406
-367
-407
-414
-392
-393
-369
-384
-355
-348
-369
-376
-373
-372
-362
-345
-346
-393
-350
-336
-386
-372
-357
-353
-318
-325
-361
-311
-318
-299
-329
-327
-325
-311
-284
-331
-314
-322
-346
-235
-259
-308
-331
-333
-288
-328
-351
-345
-306
-290
-266
-246
-269
-292
-327
-335
-310
-326
-316
-319
-338
-277
-291
-333
-356
-318
-341
-335
-314
-286
-286
-341
-298
-310
-319
-311
-285
-309
-320
-329
-341
-348
-353
-351
-328
-328
-361
-337
-320
-310
-350
-385
-363
-358
-350
-336
-327
-312
-361
-388
-349
-368
-406
-384
-394
-403
-402
-396
-398
-380
-344
-378
-385
-373
-366
-391
-402
-383
-347
-337
-341
-331
-409
-398
-359
-342
-371
-390
-349
-365
-359
-363
-402
-387
-406
-383
-366
-366
-357
-345
-339
-335
-327
-351
-310
-325
-333
-313
-318
-333
-286
-264
-287
-213
-238
-265
-274
-281
-286
-268
-262
-245
-264
-207
-229
-209
-225
-260
-209
-228
-197
-213
-220
-192
-166
-183
-184
-171
-227
-210
-190
-263
-264
-259
-277
-287
-267
-283
-303
-344
-291
-306
-284
-237
-261
-277
-254
-246
-305
-294
-305
-316
-327
-291
-319
-291
-281
-276
-283
-311
-293
-241
-293
-295
-302
-303
-280
-279
-274
-316
-312
-323
-323
-317
-308
-302
-306
-269
-288
-329
-318
-319
-336
-368
-329
-354
-364
-360
-376
-334
-382
-369
-331
-380
-387
-415
-371
-367
-367
-360
-361
-389
-369
-389
-405
-317
-379
-366
-356
-343
-380
-377
-378
-383
-349
-329
-341
-354
-332
-353
-327
-363
-355
-333
-306
-273
-303
-297
-279
-287
-229
-275
-273
-250
-271
-262
-294
-294
-318
-314
-270
-285
-285
-240
-300
-306
-279
-278
-256
-259
-297
-305
-270
-287
-269
-287
-297
-300
-302
-264
-282
-286
-301
-269
-263
-301
-272
-298
-286
-283
-246
-277
-302
-239
-251
-280
-248
-265
-260
-279
-301
-263
-274
-261
-318
-296
-246
-252
-287
-255
-238
-284
-246
-265
-259
-255
-254
-245
-262
-270
-260
-222
-251
-251
-213
-184
-202
-199
-209
-240
-213
-246
-250
-202
-185
-203
-201
-161
-193
-185
-176
-178
-200
-213
-163
-181
-200
-214
-217
-200
-193
-208
-159
-218
-245
-179
-208
-210
-161
-147
-181
-152
-189
-173
-202
-232
-158
-196
-223
-206
-188
-162
-154
-144
-151
-148
-134
-156
-176
-169
-154
-186
-205
-162
-176
-140
-178
-173
-156
-168
-166
-172
-200
-153
-124
-133
-87
-120
-108
-96
-123
-115
-94
-154
-143
-106
-92
-71
-102
-121
-83
-105
-135
-107
-148
-148
-87
-84
-106
-87
-100
-104
-140
-106
-132
-151
-182
-130
-115
-115
-110
-121
-97
-108
-126
-116
-172
-198
-178
-187
-156
-131
-133
-134
-113
-113
-116
-111
-152
-127
-114
-131
-135
-122
-139
-157
-174
-144
-180
-181
-119
-136
-119
-143
-177
-146
-169
-158
-153
-174
-168
-150
-135
-149
-88
-83
-79
-138
-146
-139
-100
-105
-126
-144
-122
-131
-152
-129
-139
-115
-104
-107
-126
-111
-151
-122
-133
-103
-84
-93
-121
-100
-95
-128
-135
-106
-104
-107
-83
-94
-73
-71
-74
-34
-39
-42
-54
-70
-65
-8
-2
-15
-24
-54
-55
-26
-58
-38
-35
-37
-59
-34
-62
-71
-54
-94
-106
-77
-40
-99
-142
-182
-137
-155
-164
-175
-135
-164
-176
-141
-177
-155
-183
-168
-179
-183
-138
-181
-187
-180
-152
-135
-116
-157
-166
-137
-158
-115
-139
-160
-123
-115
-129
-103
-97
-115
-152
-99
-101
-113
-62
-101
-105
-128
-117
-87
-90
-68
-74
-84
-93
-118
-149
-130
-126
-172
-164
-138
-123
-95
-127
-106
-92
-101
-111
-138
-123
-94
-105
-85
-98
-92
-115
-66
-44
-60
-73
-88
-108
-97
-84
-71
-92
-106
-103
-104
-136
-109
-103
-79
-105
-162
-160
-177
-127
-141
-154
-120
-161
-181
-149
-179
-181
-171
-206
-174
-118
-136
-179
-123
-150
-157
-148
-199
-192
-165
-171
-192
-146
-125
-98
-114
-103
-142
-151
-120
-142
-176
-145
-174
-130
-141
-111
-98
-149
-149
-151
-132
-136
-134
-161
-134
-136
-200
-194
-174
-212
-189
-202
-243
-197
-196
-191
-184
-172
-138
-147
-93
-140
-186
-136
-122
-129
-150
-90
-123
-147
-114
-130
-74
-60
-71
-57
-53
-45
-66
-41
-98
-91
-70
-43
-28
-68
-33
-48
10
24
-24
-19
-53
-41
-12
-29
-14
-26
-30
-39
-64
-95
-109
-87
-88
-60
-52
-69
-68
-68
-10
27
4
-48
-37
-24
-4
5
-2
12
-5
-17
-17
15
-1
-8
8
-14
-12
-11
-27
43
42
23
29
42
6
-11
31
9
5
42
-16
-40
-21
-20
-71
1
3
-33
-40
-23
-34
-8
-16
-71
-24
-52
-26
-23
-35
3
-19
-56
-47
-42
-27
-3
-27
-54
-74
-12
-53
-6
17
-7
-5
-24
-35
-40
-12
7
60
23
6
26
6
-7
-16
12
27
15
19
9
24
28
50
55
19
80
12
57
60
1
24
14
26
-17
28
10
1
17
-26
-2
7
-2
-11
9
8
-26
-1
37
18
-3
3
-2
13
-23
-29
-11
-6
21
32
-1
-14
-12
4
-22
-46
-28
-36
-62
28
41
9
-6
-7
31
39
29
2
-39
-24
-51
-23
10
-71
-62
-36
-28
-16
-13
32
42
18
19
-9
38
24
33
21
40
42
2
-2
-10
2
50
20
-9
-40
-31
24
-13
-29
-31
-47
-79
-50
-48
-68
-50
-78
-91
-62
-116
-128
-115
-148
-121
-85
-120
-125
-106
-105
-103
-92
-130
-119
-90
-112
-138
-122
-134
-155
-144
-154
-134
-157
-137
-122
-110
-91
-118
-95
-116
-97
-52
-64
-61
-94
-80
-78
-89
-70
-49
-90
-76
-79
-148
-91
-137
-144
-109
-160
-141
-127
-144
-103
-53
-84
-35
26
-11
4
63
-34
-53
-40
17
5
42
55
-19
10
19
36
9
1
15
-5
-18
-73
-51
-50
-37
-20
-33
-45
-52
-40
-62
-24
-61
-39
12
1
-16
-18
-34
-60
-38
-65
-39
2
-16
-49
-46
-22
12
-9
-25
2
-42
-34
-49
-83
-92
-71
-91
-69
-108
-146
-75
-84
-67
-89
-92
-89
-64
-86
-44
-47
-91
-55
-70
-67
-103
-84
-108
-110
-121
-140
-120
-62
-59
-58
-65
-77
-43
-94
-94
-102
-68
-48
-72
-128
-93
-70
-97
-75
-31
-79
-63
-11
-19
-74
-120
-63
-102
-99
-95
-92
-100
-91
-62
-15
-26
-40
-28
-39
-33
1
-39
-58
-60
-95
-83
-37
-66
-37
-19
-38
2
17
-19
-33
31
4
-20
-30
-39
-14
8
-24
-24
-48
13
10
-44
-72
-54
13
-13
-37
-10
-34
-11
-22
-18
-37
-41
-25
-38
-18
-61
-85
-71
-75
-71
-16
-51
-26
48
-34
2
-30
-18
-19
-28
0
-51
2
-5
-9
-14
7
-37
-13
8
14
20
36
-12
-12
-13
-3
-12
-49
8
-18
1
-19
12
3
-52
-12
11
-41
-63
-29
-19
-61
-72
-25
-21
-35
-36
-104
-92
-82
-76
-88
-77
-69
-118
-99
-89
-80
-64
-90
-97
-96
-66
-90
-73
-29
-65
-42
-81
-72
-16
-9
-6
-15
-44
-15
-34
-40
-46
-44
-43
-77
-36
-41
-27
-38
-57
-59
-17
-31
-63
-78
-40
-56
-61
23
-31
-20
-11
-17
43
20
46
32
-10
-18
-16
9
28
-2
-22
-5
-13
-53
-25
-17
-43
-8
-12
-16
-2
6
-4
-53
-41
-11
-31
-60
-67
-45
-45
-29
-37
-84
-24
3
-9
-23
-4
-19
-36
2
-45
-47
-44
-90
-72
-63
-65
-93
-99
-81
-102
-79
-70
-104
-92
-64
-82
-82
-81
-90
-65
-71
-99
-119
-144
-93
-111
-133
-142
-106
-86
-84
-94
-128
-122
-160
-168
-177
-128
-141
-115
-60
-106
-123
-129
-148
-165
-206
-176
-172
-162
-160
-132
-180
-156
-113
-141
-125
-132
-124
-141
-116
-103
-70
-66
-121
-130
-90
-80
-92
-75
-86
-88
-80
-93
-65
-69
-69
-50
-79
-72
-84
-80
-42
-44
-84
-75
-62
-91
-87
-85
-61
-58
-59
-86
-94
-131
-106
-115
-108
-90
-76
-107
-95
-80
-40
-52
-119
-103
-105
-127
-135
-77
-97
-56
-68
-78
-63
-50
-59
-81
-91
-94
-91
-38
-45
-60
-30
-44
-34
10
-34
2
20
14
-19
-58
-26
-20
-33
-61
-43
-32
-7
-39
-55
-59
-60
-79
-121
-58
-46
-30
-64
-90
-90
-69
-39
-64
-66
-68
-57
-68
-79
-23
-21
-9
-50
-93
-69
-63
-53
-68
-65
-14
-14
-42
-36
-55
-17
-83
-65
-43
-83
-49
-59
-48
-70
-56
-46
-116
-68
-71
-77
-131
-153
-140
-127
-146
-93
-98
-144
-95
-107
-127
-107
-78
-71
-93
-95
-76
-38
-36
-75
-92
-111
-69
-63
-61
-43
-47
0
-11
-40
-60
-70
-71
-60
-34
-30
5
6
7
-11
-13
-4
20
7
7
23
-20
11
22
23
17
-5
27
8
-17
9
11
-14
-20
-42
-50
-15
-15
-23
19
13
-19
-33
-42
-40
-32
-24
-7
-33
6
8
-23
23
12
9
-21
-13
5
-25
-17
11
10
-19
22
11
25
-4
-5
7
15
-10
-21
17
-1
20
-30
-40
-18
-38
-45
-37
-12
-49
-16
-25
-52
-52
-33
-68
-114
-55
-98
-102
-50
-63
-101
-50
-44
-66
-53
-98
-94
-84
-77
-71
-63
-86
-51
-61
-93
-61
-30
-72
-96
-63
-76
-76
-76
-49
-59
-91
-51
-40
-20
-70
-68
-40
-29
-38
-65
-51
-63
-75
-77
-33
-32
-80
-77
-56
-100
-49
-66
-68
-59
-47
-19
-11
-56
-112
-70
-77
-61
-43
-40
-22
3
28
24
8
3
-24
-48
-35
-51
-14
-34
-83
18
-8
11
4
-22
-13
24
26
-2
-16
-48
17
13
21
-18
12
27
-40
-15
-31
-14
40
-3
-21
-19
-14
21
5
-13
-12
-5
-43
-41
-25
-53
-31
-28
-24
-46
-85
-47
-114
-70
-64
-51
-54
-22
-12
-35
-27
-73
-64
-55
-23
-20
-23
-33
-24
-43
-55
-49
-38
-44
-48
-72
-60
-33
-68
-13
-50
-20
-56
-72
-56
-43
-86
-126
-69
-64
-74
-72
-36
-89
-73
-104
-76
-58
-88
-77
-77
-53
-85
-54
-66
-70
-35
-67
-7
-19
-77
-46
-35
-58
-60
-24
-41
-57
-85
-54
-71
-73
-64
-54
-35
-55
-83
-81
-47
-70
11
8
-32
-10
-24
-27
-22
0
-34
-16
-40
-29
-26
-30
10
-7
-7
40
39
42
66
33
34
45
47
40
67
94
66
88
107
85
118
136
105
127
144
112
123
118
135
142
129
142
147
151
144
172
151
132
62
145
153
119
109
94
122
111
73
96
99
78
101
108
134
47
62
65
46
98
109
128
118
125
126
128
106
83
84
90
114
107
101
75
78
65
102
90
95
114
112
149
85
73
100
114
79
79
126
120
76
105
103
113
69
94
105
76
46
30
98
33
26
58
29
26
40
81
43
77
55
53
70
34
97
57
64
83
63
35
26
50
22
62
63
44
50
41
60
97
57
70
91
67
56
76
88
77
105
78
117
105
78
81
101
87
87
111
98
127
116
106
115
93
65
91
102
79
76
143
156
138
122
151
147
107
110
121
138
90
145
142
201
169
153
175
129
171
154
161
157
168
138
160
169
163
145
120
147
162
153
172
170
143
132
134
136
120
109
100
102
99
108
114
71
98
75
72
81
91
111
77
76
86
69
74
115
58
15
56
51
21
57
45
46
51
41
2
-3
19
55
52
7
47
70
58
84
89
59
52
35
50
56
56
61
72
38
54
63
96
74
70
66
26
58
54
47
43
83
91
88
36
86
118
36
62
98
15
21
51
91
109
104
92
68
80
98
99
93
44
78
95
133
143
102
128
153
169
114
159
151
150
176
141
186
217
200
159
152
122
111
129
144
108
140
185
174
179
161
157
190
158
166
146
172
166
192
180
170
211
194
166
177
150
131
175
142
163
205
172
187
206
169
170
172
166
172
152
150
145
137
125
134
140
155
188
176
148
150
91
106
131
140
157
144
182
149
166
123
66
125
114
107
109
127
128
88
124
93
129
94
117
124
110
139
121
130
131
133
88
98
145
109
101
109
99
123
121
102
123
118
124
144
130
120
134
150
122
101
116
94
87
97
106
91
118
104
97
145
139
158
177
148
125
176
162
121
164
185
180
193
165
192
190
201
206
178
180
178
160
151
178
206
189
202
163
154
162
170
194
190
236
214
195
179
203
160
183
189
212
214
189
204
180
177
201
181
149
178
191
164
177
185
183
177
160
192
224
195
174
175
177
211
195
198
199
198
219
193
190
225
202
161
154
162
161
177
188
164
182
123
122
154
175
186
163
159
175
182
162
195
153
153
192
189
198
200
209
186
179
202
193
169
200
173
175
142
164
176
200
171
157
159
128
150
183
211
180
182
167
176
187
216
202
159
170
151
169
197
177
162
143
175
177
158
148
163
141
164
134
118
137
184
175
145
145
157
196
183
179
181
163
156
173
169
177
180
174
210
217
202
162
163
164
199
223
229
275
245
196
214
245
246
260
248
209
239
266
220
201
191
243
234
221
245
249
251
258
264
217
219
245
228
180
207
225
158
139
180
201
186
154
139
156
142
171
122
116
54
71
119
122
116
79
108
137
146
133
143
100
88
134
162
84
118
119
95
147
139
104
137
130
125
115
75
89
83
73
124
114
97
66
45
73
63
60
48
67
75
55
76
39
78
104
111
65
79
66
82
77
34
23
27
47
10
25
77
66
71
88
49
67
67
131
97
92
131
81
48
85
91
73
99
125
109
128
109
57
122
108
97
79
77
110
64
69
99
22
79
67
51
42
27
94
58
42
39
66
76
66
99
108
125
118
122
157
118
126
132
140
115
134
148
111
132
160
178
140
142
171
165
166
135
169
173
158
140
151
137
108
85
77
102
95
114
158
116
97
97
124
107
135
186
130
145
159
142
147
160
148
143
118
125
124
98
119
118
99
127
122
91
136
136
115
147
115
142
95
101
76
84
115
95
122
95
88
132
99
122
93
74
90
95
98
69
84
65
76
55
51
50
57
57
60
88
99
81
65
76
57
88
69
40
109
115
129
135
142
136
112
138
172
140
149
208
185
177
182
135
180
180
174
203
212
169
208
201
197
231
199
233
211
217
191
174
166
197
195
180
204
197
208
203
197
199
230
240
178
226
217
204
187
200
191
178
180
180
179
193
177
157
179
119
162
169
146
