-11
-39
-12
-33
-60
-46
-34
-30
-29
-33
-65
-13
-23
-31
-33
-34
-7
-21
21
42
2
22
25
-29
0
31
16
26
-2
-46
-40
-32
-46
-41
-29
-30
-6
-21
-22
15
16
27
-12
6
55
52
34
55
86
63
61
11
46
36
-1
43
14
36
16
-1
-14
-13
75
34
6
51
-9
-41
-11
-19
15
62
45
41
52
24
35
44
62
73
89
114
127
155
136
114
69
123
135
139
134
100
91
104
99
96
96
73
67
69
54
46
77
55
78
106
89
132
83
98
95
67
110
65
83
107
100
86
81
79
68
50
49
92
31
-3
24
-17
45
-21
30
45
84
59
3
66
-2
33
104
130
98
122
87
93
104
34
42
65
67
74
78
46
16
46
30
75
47
29
34
35
35
44
30
26
21
23
6
-18
-7
-58
0
13
49
52
27
5
-31
-34
-13
31
22
27
27
30
62
58
87
84
74
64
110
109
149
92
123
59
45
108
67
93
109
104
49
103
100
78
93
109
77
68
53
90
97
107
113
75
86
134
107
121
112
95
63
66
91
60
65
88
72
117
150
106
80
98
147
86
97
127
100
132
139
120
138
122
138
127
153
157
130
147
121
132
150
119
86
128
122
105
115
89
103
116
88
114
91
53
93
64
117
130
129
105
83
71
54
67
93
53
26
44
44
72
23
39
39
-15
-3
-1
-49
-49
-4
-40
-9
-69
-59
1
-2
-1
-30
-18
-13
10
22
-17
-18
-23
-5
51
45
-2
-18
15
-22
-48
-43
-72
-41
-32
-36
-60
-45
-53
-37
-14
-32
-52
-40
1
-19
-20
-55
-40
-9
17
-2
-52
8
-25
-39
-7
5
0
-2
-26
-10
15
-9
12
53
43
49
64
16
12
26
22
46
31
27
66
58
8
46
72
79
65
84
68
33
43
72
68
64
60
73
115
106
118
81
105
93
119
59
79
116
84
71
104
86
53
93
57
39
13
45
10
-13
1
12
15
12
-26
-16
8
-6
-3
-2
-19
-17
15
-7
-30
3
44
-51
-33
-63
-35
-4
-16
-10
-2
-31
-32
-26
-2
43
-27
-22
-44
0
-13
-18
-54
-43
-35
-73
-45
-55
-63
-71
-62
-79
-38
-68
-69
-35
-26
-52
-56
-43
-48
-58
-51
-80
-78
-89
-62
-53
-38
-63
-27
-56
-76
-22
-59
-59
-61
-17
-20
-31
-27
6
1
-19
8
-1
-13
6
18
15
-19
-3
-26
-7
32
26
22
10
44
58
29
22
46
52
77
35
71
66
64
106
82
148
84
65
83
67
90
77
75
78
47
72
103
59
54
72
52
54
72
76
110
91
102
107
97
106
106
114
73
98
79
90
58
59
81
58
28
26
59
50
77
82
105
77
75
46
47
57
87
77
87
63
68
56
30
61
19
13
29
12
0
0
-37
-36
-69
-55
-25
-16
12
23
3
15
-3
73
24
38
48
34
51
15
29
27
34
28
12
-7
23
51
26
32
25
47
29
3
51
39
46
30
43
54
7
-43
15
6
-23
8
-26
17
33
53
37
24
65
54
3
24
69
12
36
20
19
44
-19
7
41
43
37
21
19
5
-2
-19
17
10
-48
-5
-23
-12
-1
33
75
36
48
34
65
7
-6
13
8
-22
14
35
-2
-20
-21
-37
-46
-4
-12
-18
6
54
0
-1
35
13
20
25
2
15
58
20
0
-25
24
31
22
67
28
6
-5
-5
-8
-14
-3
30
31
42
9
-8
11
-9
-11
-16
48
11
7
21
26
28
43
31
-7
38
39
25
2
-1
-15
-9
-9
26
18
-14
-43
-30
-10
23
38
13
14
-12
19
3
21
4
15
22
13
3
23
20
45
28
25
6
-15
3
-13
-38
-3
7
-22
32
-3
1
21
-4
4
11
-33
-24
-16
-22
-35
-42
-48
-47
-23
-69
-44
-46
-73
-42
-15
-28
-65
-71
-47
-45
-76
-57
-71
-71
-95
-88
-86
-86
-75
-67
-56
-33
-55
-64
-61
-24
15
11
11
21
5
-32
-23
-5
42
28
28
68
38
44
40
3
14
3
-3
-47
-11
14
-12
-16
-65
-47
-19
-28
-39
-8
15
-15
-32
-14
4
41
43
40
54
27
-6
-4
-4
33
-10
-31
-20
17
-9
-8
-3
-19
-51
-11
17
-50
-35
-36
-78
-90
-63
-95
-75
-51
-34
-57
-66
3
-42
-44
-79
-106
-80
-72
-79
-68
-78
-91
-99
-112
-81
-44
-87
-84
-77
-73
-71
-68
-58
-72
-28
-37
-40
-39
-56
-74
-74
-91
-79
-95
-82
-35
-91
-88
-92
-108
-84
-116
-109
-83
-64
-53
-91
-59
-105
-93
-100
-114
-113
-151
-140
-130
-107
-106
-109
-101
-98
-83
-71
-121
-131
-150
-92
-77
-41
-45
-101
-79
-66
-65
-87
-62
-51
-70
-65
-63
-32
-20
-40
-54
-68
-21
-48
-36
-49
-73
-52
-72
-48
-23
-39
-40
-64
-54
-57
-86
-67
-53
-59
-58
-35
-48
-76
-54
-55
-35
-7
-7
-41
13
-24
-46
-27
-34
0
-57
-37
-61
-71
-78
-81
-38
-40
-42
-64
-60
-82
-65
-65
-55
2
-36
-21
-82
-92
-70
-103
-109
-89
-123
-106
-103
-117
-116
-137
-120
-100
-105
-152
-123
-120
-124
-129
-119
-122
-134
-154
-164
-129
-134
-187
-168
-140
-193
-150
-179
-185
-192
-203
-191
-214
-170
-170
-183
-149
-171
-163
-100
-129
-160
-132
-127
-128
-129
-130
-106
-116
-131
-115
-143
-118
-96
-138
-119
-116
-135
-132
-119
-133
-103
-131
-100
-81
-128
-99
-120
-76
-74
-48
-65
-74
-89
-88
-46
-122
-93
-50
-71
-79
-40
-31
-35
-57
-33
-37
-110
-121
-52
-31
-40
-84
-43
-17
-47
-72
-85
-87
-86
-46
-77
-58
-39
-62
-30
0
38
12
-13
-23
-4
6
-19
17
32
14
-20
-22
-7
-26
-49
-41
-52
-14
-29
-24
1
-23
-18
-40
-8
-12
-4
14
37
56
-13
-27
-73
-18
-34
-58
-24
18
29
-26
-19
-2
-19
-30
-44
-40
-29
-24
-28
-19
-23
5
-17
-11
-38
-52
-40
-49
-81
-53
-62
-74
-53
-62
-56
-55
-9
-49
-42
1
-5
-57
-73
-54
-67
-82
-65
-61
-54
-61
-20
-36
-86
-39
-29
-36
-42
-16
-42
-31
-63
-55
-27
-41
-58
-38
-20
-23
6
10
-1
12
-18
-33
-31
-6
17
-16
21
25
-10
20
-20
-16
21
6
-5
-12
16
5
-29
-11
20
-15
27
11
9
7
46
38
36
40
2
53
57
75
26
41
20
-3
29
-9
6
7
-19
-22
8
28
8
-22
-13
-66
-53
-21
3
-26
-4
-19
-26
5
-62
-27
-18
-8
-61
-71
-13
-48
-13
-52
-37
-8
-30
-9
-8
-23
-24
-21
-31
-39
-24
-15
-27
-51
-80
-45
-45
-40
-6
-19
-53
-19
-34
-57
-53
-30
-10
-49
-77
-36
-64
-71
-41
-46
-44
-76
-72
-41
-42
-9
-13
-28
-30
-26
-30
-5
16
13
23
1
21
24
49
2
1
7
-11
8
8
27
25
55
80
14
2
-6
32
52
17
38
8
-39
18
42
18
-4
4
13
23
44
80
65
75
68
13
25
-1
29
74
96
69
72
77
54
57
81
92
65
20
-4
-15
16
45
17
-10
-31
-4
26
10
-18
10
3
-9
1
-33
13
-4
33
25
-19
-18
-7
27
-8
-12
-5
-5
-27
-35
-59
-28
-47
-44
0
-40
-35
-61
-47
-21
-12
-32
-7
-10
2
28
-7
-7
-68
-49
-89
-67
-59
-42
-43
-48
-3
-49
-34
-74
-63
-20
-35
-31
-88
-74
-52
-69
-68
-79
-12
-42
-31
-56
-76
-42
-79
-95
-106
-93
-84
-74
-73
-42
-41
-32
-30
-32
-47
-89
-65
-47
-74
-36
-56
-64
-74
-70
-50
-86
-49
-29
-37
-59
-44
-82
-103
-73
-79
-74
-64
-84
-60
-6
-28
-59
-26
-33
-60
10
-5
26
19
-11
6
-48
19
43
22
19
1
14
58
16
88
79
31
69
43
39
28
58
25
65
75
57
81
45
47
59
97
88
97
112
96
92
76
117
71
96
81
46
53
33
60
49
40
47
40
21
26
-5
29
19
8
54
53
25
41
45
52
56
-5
55
51
47
53
13
31
12
19
0
-2
-13
23
42
-27
1
34
-14
-37
-64
-72
-81
-108
-66
-67
-33
-36
-48
-31
-29
-41
-71
-29
-60
-55
-37
-63
-100
-67
-59
-84
-107
-90
-79
-91
-50
-77
-84
-90
-93
-113
-137
-71
-73
-71
-94
-97
-57
-84
-60
-75
-76
-79
-94
-112
-107
-103
-103
-94
-148
-136
-136
-116
-117
-93
-52
-101
-115
-100
-68
-65
-112
-70
-91
-90
-106
-98
-71
-97
-105
-69
-73
-107
-110
-85
-72
-88
-71
-48
-57
-23
-27
-26
-28
-40
-45
-57
-42
-21
-54
-62
-68
-48
-17
-51
-54
-47
-44
-28
-25
-27
0
54
21
9
-6
-48
13
35
24
36
-6
-20
-4
7
-15
4
44
27
10
19
-31
-50
-45
-24
-17
-16
15
-19
-48
-11
-17
-14
-6
-37
-47
-60
-63
-39
-9
10
-25
-42
-32
-45
-38
-53
-52
-50
-70
-55
-62
-60
-12
-29
-60
-7
-45
-27
10
-7
8
18
-4
5
-34
-30
5
6
18
25
-21
-3
-1
-27
-15
-15
-33
-30
2
-4
32
17
-9
32
30
40
26
2
22
2
9
60
89
-5
44
56
36
73
42
46
53
56
62
109
56
53
77
105
101
80
108
46
44
73
106
103
72
109
89
100
89
95
120
107
64
108
86
87
87
107
124
131
126
106
149
113
127
84
98
90
71
104
77
81
74
60
74
88
83
110
69
29
-8
27
17
10
25
36
24
16
26
29
14
-3
-11
-1
1
-21
-23
-23
-44
-44
-60
-58
-54
-41
13
-29
-29
-42
-100
-69
-51
-49
-14
-15
-17
-27
-39
-24
-44
-63
-40
-34
-50
-53
-45
-44
-63
-56
-12
-16
-63
-65
-44
-49
-27
5
-38
-53
-55
-43
-44
-53
-40
-52
-48
-46
-44
-49
-44
-26
-79
-60
-39
-56
-23
-26
-25
-33
-43
-56
-62
-60
-45
-45
-21
-45
-75
-22
-24
-23
-43
-48
-25
-79
-61
-61
-68
-52
-49
-52
-92
-94
-55
-42
-42
-27
-13
-9
-20
-37
5
-12
-16
-18
-11
24
9
10
32
40
57
55
76
48
48
73
55
52
76
40
14
74
30
68
72
35
45
14
9
28
46
2
-4
13
7
30
34
-17
30
-3
-7
49
-7
2
87
51
40
88
48
50
23
46
16
-6
-19
-31
33
10
-5
7
-3
10
-8
-2
4
4
4
19
28
19
1
-41
-26
10
-14
3
-13
-48
-15
-77
-52
-5
-39
-23
-32
-16
-24
-30
-16
18
26
-6
-32
-1
-3
-24
-6
20
-20
-49
-30
15
31
-20
-14
2
-20
-45
-62
-37
-32
-101
-56
-29
-23
-73
-101
-84
-76
-62
-124
-95
-61
-94
-90
-91
-70
-73
-55
-72
-46
-41
-35
-47
-40
-26
-63
-73
-71
-69
-67
-59
-79
-33
-36
-68
-34
-29
-15
-17
-27
-8
1
6
8
26
-18
24
3
41
70
-6
15
48
27
53
51
22
-3
16
9
-15
-18
-49
-25
6
-15
5
27
6
-17
-4
15
-10
-10
-52
-56
-4
-8
-29
26
14
13
48
45
42
39
59
63
47
20
41
36
29
33
30
31
47
23
30
-28
-13
22
0
35
17
19
-4
17
23
5
-23
-21
-27
-33
-2
8
41
0
38
78
76
106
41
5
51
46
32
22
14
3
12
64
42
11
21
43
16
30
59
14
24
61
60
47
65
79
87
104
90
85
85
78
91
87
69
76
107
80
82
89
91
64
86
108
98
116
104
108
104
134
101
83
116
97
78
83
119
90
128
85
76
131
57
62
93
96
114
75
99
127
158
132
115
134
120
104
107
110
116
120
133
119
102
120
92
107
79
56
72
119
91
84
123
110
119
103
90
96
73
77
103
69
63
97
52
47
33
55
54
37
45
42
60
50
32
-50
-15
-10
-23
20
-25
-12
35
-28
-33
-36
-6
-15
-18
28
21
-3
-7
2
-41
2
6
14
11
-28
-20
8
-21
-59
-51
-79
-78
-93
-48
-66
-64
-71
-82
-25
-38
-82
-72
-91
-82
-55
-68
-105
-105
-80
-66
-57
-39
-13
-55
-49
-66
-51
-83
-76
-49
-51
-18
-53
-55
-42
-85
-72
-66
-66
-75
-83
-52
-36
-12
-43
-16
-16
-23
5
-27
-75
-2
-32
-21
-15
-41
6
-45
-25
-7
-21
-16
0
8
-4
-29
-23
-30
-56
-24
-4
-10
-52
-57
-20
-3
30
38
49
30
47
47
16
79
51
17
36
16
35
91
62
71
60
41
36
30
-23
-5
22
6
49
4
23
34
29
-3
22
38
69
25
-10
17
-17
14
41
24
-5
-5
15
-8
38
-2
-18
3
-15
-1
28
28
29
46
37
15
2
45
55
21
0
20
-10
15
2
-13
7
-22
-29
-32
-54
-40
-52
-68
-89
-31
-41
-84
-44
-100
-71
-66
-87
-81
-75
-75
-111
-51
-46
-58
-78
-79
-55
-140
-97
-45
-82
-53
-13
-11
-40
-40
-51
-79
-128
-112
-69
-24
-48
-49
-46
-52
-21
-50
-50
-12
28
-3
-3
-30
2
-21
-41
14
-54
-58
-32
-24
-20
-14
-36
-25
-21
-20
22
-7
-45
-41
-24
-22
-33
-10
-33
-9
-7
30
12
-2
-4
9
78
69
77
55
63
48
14
31
30
37
39
48
37
31
84
40
32
47
30
58
68
96
69
23
69
6
13
62
49
64
51
37
46
69
75
66
94
104
50
65
61
41
67
100
111
83
89
90
104
90
103
100
87
86
58
64
104
114
102
67
56
102
66
52
63
76
91
98
70
67
83
88
100
120
99
112
82
127
107
99
107
75
91
66
91
123
89
55
59
53
63
76
19
25
82
62
37
64
83
74
83
73
70
60
60
27
42
20
18
49
99
39
-28
21
9
14
-9
-15
3
9
10
44
42
19
36
5
74
40
35
82
43
66
50
68
63
56
58
62
75
30
50
25
27
37
42
45
8
14
23
-5
37
38
33
57
50
83
23
68
72
62
100
115
89
55
47
34
3
39
17
31
45
17
60
56
97
67
56
57
87
109
59
69
75
63
68
31
59
82
94
102
82
92
56
74
103
107
47
11
-15
-16
0
13
13
32
23
13
2
-68
-14
-3
8
37
2
51
18
7
30
21
39
42
44
74
75
109
129
96
68
77
94
110
101
133
133
148
145
90
97
96
111
112
81
102
98
103
74
73
40
40
58
41
71
54
102
148
147
101
58
63
54
41
45
33
55
57
20
65
67
68
101
97
103
57
61
61
61
89
108
130
104
69
104
129
105
62
105
64
69
104
75
86
81
76
54
38
23
44
48
69
22
43
50
37
46
39
39
14
41
55
36
23
5
9
19
25
67
39
32
43
20
5
6
-12
48
6
-4
9
12
50
35
79
62
64
73
42
41
36
13
24
10
35
17
26
62
50
62
75
57
24
28
-29
10
12
8
-10
-24
11
14
25
10
11
12
4
-13
-20
-37
5
-10
11
50
-17
2
-9
-1
-10
-28
-14
-8
-22
-42
13
7
35
13
20
37
52
16
18
6
23
32
26
56
18
75
91
99
106
48
48
76
46
50
57
106
88
25
54
67
80
42
37
64
77
58
56
77
72
39
40
44
40
41
58
37
73
51
5
43
57
42
36
50
50
74
21
37
53
76
110
94
69
70
107
93
96
29
70
96
109
92
61
103
78
117
60
86
76
109
121
116
93
60
108
70
85
102
90
91
61
52
96
41
62
109
50
65
61
83
74
101
114
82
96
69
112
89
92
118
108
59
76
111
79
66
88
102
87
90
87
107
81
71
81
82
140
128
119
139
85
74
71
48
99
115
68
79
56
79
55
33
40
36
54
47
46
42
70
62
63
84
60
81
98
79
83
78
105
119
92
107
114
67
86
58
81
121
97
88
117
132
128
138
144
167
117
106
96
91
127
148
114
105
98
120
149
131
121
129
118
110
121
146
153
114
91
104
154
121
125
110
92
136
135
106
108
118
95
100
99
119
137
109
96
81
96
79
82
115
104
127
131
127
128
132
118
112
118
140
96
103
118
102
102
76
126
130
161
124
136
120
87
131
145
113
129
114
74
108
64
61
82
85
50
65
72
60
77
80
66
75
78
75
82
74
92
89
76
84
62
61
64
80
123
70
37
25
11
14
26
12
5
24
-10
-50
26
63
14
56
4
15
-37
-33
-6
-4
9
3
-4
-52
-62
-15
-2
-4
1
9
38
54
52
38
19
46
78
60
56
55
16
19
17
43
50
7
21
-10
21
45
30
69
85
96
66
58
60
53
51
45
41
16
4
50
45
35
22
26
18
-4
9
18
56
79
72
31
21
26
-1
40
48
-5
7
25
3
54
32
11
15
49
-12
-4
5
-16
29
-12
30
11
-14
13
1
-7
-16
-12
-10
-1
5
-26
-46
-18
-24
-17
4
32
15
6
-7
-8
-10
-24
-20
-23
1
-28
-40
-45
-29
6
-56
-60
-83
-75
-36
-106
-73
-90
-101
-119
-103
-108
-83
-70
-98
-92
-73
-71
-49
-44
-69
-70
-117
-70
-96
-76
-78
-98
-49
-23
-49
-53
-46
-76
-56
-81
-69
-66
-36
-42
-33
-37
-72
-30
-39
-77
-95
-92
-101
-101
-93
-97
-77
-75
-133
-85
-82
-71
-84
-84
-68
-48
-31
-94
-94
-58
-51
-79
-72
-31
-68
-77
-8
-38
-51
-34
-18
-13
-45
-54
11
4
3
35
5
1
-2
19
-34
7
-24
-11
-12
-39
16
13
-8
-40
8
-3
-11
25
-31
-14
2
-30
22
-7
-17
-30
-37
7
3
29
-20
10
22
-31
8
-6
-7
-43
-32
0
3
-9
-45
-2
32
-4
1
-11
-18
-19
-59
-60
-83
-75
-35
-50
-54
-35
-28
-62
-74
-19
-21
-51
-53
-45
-60
-56
-57
-55
-66
-66
-85
-72
-54
-57
-92
-55
-36
-96
-65
-81
-67
-73
-112
-121
-81
-66
-76
-60
-49
-20
-4
-19
-16
-46
-78
-29
-32
-43
-75
-69
-96
-85
-91
-82
-94
-67
-45
-59
-65
-36
14
-18
-20
-40
-5
-70
-59
-44
-44
-18
-30
-53
-60
-47
-26
-9
-47
-36
10
2
-10
9
-30
-18
-5
-26
-26
-14
-11
-37
-19
10
14
-10
7
6
34
10
-42
14
39
3
-6
5
-29
-29
14
-22
2
41
-35
44
32
55
51
-12
35
11
11
6
12
-21
-9
5
0
12
2
31
-26
-25
-20
-16
6
-25
-14
-27
-16
-43
-42
12
3
-1
-35
-45
-34
-23
-28
-55
-23
-24
-36
-9
-38
-46
-31
-19
17
-9
-19
-11
-34
-66
-59
-47
-16
-13
-21
-31
-41
-16
-10
-14
-21
-3
-20
-30
15
-1
-26
1
-6
-49
-26
-39
1
-10
-67
-39
-30
-54
-59
-57
-62
-16
-43
-60
-45
-56
-84
-70
-35
-45
-55
-79
-106
-101
-58
-73
-82
-50
-64
-73
-33
-68
-44
-51
-44
-46
-91
-98
-84
-40
-16
-55
-43
-14
-72
-74
-79
-65
-82
-28
-44
-70
-32
-75
-36
-14
-63
-20
-40
-52
-56
-56
-60
-30
-49
-81
-55
-53
-44
-30
-9
-37
-63
-65
-58
-70
-125
-116
-100
-93
-80
-90
-64
-81
-75
-60
-38
-64
-69
-95
-98
-93
-124
-71
-76
-51
-53
-61
-49
-52
-53
-73
-50
-43
-70
-53
-30
-71
-78
-51
-62
-76
-78
-72
-102
-84
-51
-57
-75
-61
-66
-82
-3
-44
-81
-64
-90
-79
-110
-98
-72
-86
-89
-113
-83
-73
-81
-47
-69
-63
-42
-94
-89
-118
-95
-92
-116
-93
-70
-86
-103
-114
-77
-115
-122
-105
-87
-105
-109
-94
-106
-83
-86
-110
-121
-116
-152
-116
-106
-117
-126
-156
-136
-94
-78
-103
-115
-80
-98
-107
-71
-69
-81
-84
-105
-57
-63
-102
-85
-84
-89
-76
-96
-85
-44
-75
-54
-71
-70
-54
-75
-94
-45
-103
-78
-16
-4
-9
-51
-65
-67
-28
-47
-59
-53
-38
-58
-79
-66
-65
-32
-25
-40
-55
-51
-43
-39
-56
-21
-35
-43
-53
-95
-88
-97
-86
-99
-121
-109
-67
-67
-71
-95
-73
-105
-111
-99
-124
-95
-99
-130
-128
-141
-129
-112
-131
-126
-113
-86
-74
-76
-126
-127
-124
-125
-123
-121
-96
-100
-100
-106
-94
-108
-102
-110
-122
-129
-103
-120
-124
-84
-83
-84
-95
-99
-90
-72
-88
-94
-76
-98
-115
-100
-113
-74
-112
-115
-66
-89
-20
-73
-85
-88
-74
-46
-56
-46
-84
-65
-73
-95
-101
-55
-66
-66
-66
-67
-43
-57
-56
-38
-30
-50
-71
-122
-51
-29
-50
-43
-36
-71
-91
-54
-80
-48
-83
-104
-53
-68
-61
-48
-43
-67
-49
-48
-17
-19
-63
-34
-15
-33
-35
-1
-18
-29
-70
-22
-2
16
-18
-34
-14
-34
-70
-55
-27
3
-4
-10
-20
-7
8
12
-1
28
47
28
8
-22
-49
-72
-40
-56
-39
-48
-89
-42
-53
-87
-89
-96
-93
-79
-93
-73
-36
-57
-81
-77
-31
-42
-24
-50
-74
-57
-78
-86
-89
-57
-82
-96
-149
-109
-87
-80
-37
-60
-60
-79
-73
-64
-52
-88
-59
-78
-57
-74
-84
-83
-137
-141
-141
-108
-120
-61
-52
-112
-36
-61
-80
-69
-65
-72
-45
-26
-90
-68
-57
-47
-40
-47
-45
-47
-33
-39
-56
-68
-67
-40
-22
-38
-72
-89
-54
-37
-98
-47
-15
-34
15
-74
-48
-46
-35
-46
-4
-43
-57
-40
-45
20
3
25
-28
3
0
16
18
-4
-9
8
5
-1
-4
60
53
33
37
6
50
30
5
-20
-40
-43
3
6
11
8
-21
34
-5
-10
19
-17
-9
-20
-27
-26
-3
6
-30
-41
-31
-45
-8
-30
-25
-24
-36
-46
-50
-44
-33
-54
-52
-67
-64
-69
-90
-96
-103
-96
-114
-81
-86
-95
-94
-73
-76
-80
-75
-117
-80
-71
-58
-49
-79
-137
-108
-99
-67
-66
-84
-50
-34
-36
-92
-101
-129
-125
-114
-100
-40
-18
-37
-26
-35
-58
-80
-53
-64
-75
-65
-60
-56
-29
-50
-70
-51
-32
-33
-72
-70
-89
-91
-93
-103
-89
-87
-113
-102
-111
-118
-117
-87
-124
-108
-46
-41
-70
-95
-87
-82
-42
-77
-82
-112
-119
-44
-58
-51
-78
-71
-94
-85
-48
-75
-92
-84
-86
-80
-91
-70
-60
-59
-42
-33
-29
-56
-58
-66
-37
-36
-46
-11
-40
-15
-15
11
2
-20
-25
-12
-32
-18
-26
-32
-7
0
-4
-14
19
-50
-41
15
48
13
8
16
34
6
-33
34
6
14
1
36
52
16
26
-10
6
24
62
69
83
55
-20
-16
10
35
7
11
46
27
30
11
28
19
-1
13
47
51
32
77
30
52
61
50
31
34
33
41
50
42
78
93
114
44
71
55
52
96
76
68
57
48
69
47
33
46
31
36
71
48
74
105
70
135
160
176
166
139
143
145
148
134
128
102
119
86
108
98
109
98
82
90
119
124
84
79
78
115
116
93
103
77
134
112
101
107
120
112
64
100
104
92
70
68
64
48
51
27
38
68
79
120
91
76
64
77
59
90
123
108
109
112
115
125
151
129
138
152
133
104
95
126
136
140
165
124
134
170
154
131
141
161
154
147
166
170
169
172
154
201
153
136
150
120
170
144
156
134
155
136
149
136
152
202
174
178
157
180
160
145
159
160
179
191
181
167
167
187
198
178
166
170
185
153
132
129
131
105
114
163
175
149
128
172
131
109
111
156
148
133
128
97
119
108
124
132
96
93
102
89
69
74
70
90
111
100
98
59
69
60
91
100
97
72
84
110
99
88
103
123
45
63
118
101
120
113
115
114
111
135
150
146
126
141
172
169
164
167
134
168
179
160
144
105
152
145
133
118
128
158
180
169
139
127
106
108
94
132
122
123
127
99
132
139
116
100
116
115
132
158
132
95
152
148
117
123
149
134
141
115
112
142
96
99
132
147
123
126
136
124
136
108
160
150
124
146
135
114
102
105
55
110
121
126
136
117
139
146
132
120
139
138
92
77
107
130
124
119
111
111
99
67
40
80
64
66
64
63
46
27
62
58
18
56
104
103
71
73
90
54
37
48
62
15
43
42
15
-11
46
43
36
38
7
41
14
50
22
13
12
7
52
48
46
61
57
50
7
40
51
59
35
18
46
50
54
74
94
86
86
103
146
82
49
80
72
108
88
91
96
57
89
102
105
89
93
73
46
109
120
114
111
117
95
80
110
72
128
144
134
109
87
83
81
79
107
137
113
114
107
128
134
93
75
90
113
99
117
122
41
103
117
90
106
127
137
131
101
127
129
138
105
117
109
90
118
135
142
105
142
135
115
128
142
117
112
85
98
127
110
102
119
114
88
85
104
130
84
85
100
47
73
45
39
86
99
104
83
110
104
128
114
97
103
86
81
82
117
119
108
103
148
137
101
117
170
157
113
113
147
138
98
109
94
111
95
102
105
79
76
55
54
36
31
28
44
46
46
69
46
37
46
59
61
86
97
66
46
55
64
11
1
23
11
53
58
66
86
85
127
122
103
73
105
93
114
150
125
135
134
114
174
156
124
188
145
149
193
162
147
130
97
112
136
120
121
87
85
104
113
124
105
97
97
141
92
114
87
61
92
87
121
164
135
133
150
101
108
140
118
96
101
79
104
79
56
68
48
57
69
42
27
38
32
30
25
17
-3
32
3
-22
20
23
-2
-24
11
5
-8
13
-1
5
20
14
23
-10
5
24
18
18
44
13
15
7
-25
54
29
6
-18
-1
-11
22
4
5
-38
-20
23
-24
-16
-5
-19
-56
-42
-67
-42
-81
-76
-62
-81
-79
-116
-80
-106
-89
-89
-78
-42
-80
-108
-82
-44
-68
-50
-38
-36
-74
-62
-64
-89
-81
-77
-83
-145
-158
-178
-207
-252
-287
-326
-368
-435
-599
-762
-1070
-1574
-3430
-5231
-5784
-6563
-7276
-8671
-9815
-9289
-8200
-7023
-6050
-5319
-3826
-1824
-683
107
555
714
707
219
-270
-600
-894
-1162
-1316
-1275
-189
1255
1971
2702
3370
4297
5064
4764
4110
2884
1653
278
-1296
-2873
-4313
-5263
-6028
-6216
-5849
-5028
-3962
-2923
-1960
-616
874
2089
2826
3083
3577
4090
4711
5028
5285
6114
6891
7784
8538
9131
9852
10045
9835
9255
8259
7285
5729
3778
1767
-74
-1593
-3009
-4399
-5342
-5789
-5806
-5627
-5497
-5088
-4609
-4018
-3615
-3431
-3312
-3154
-2984
-2915
-2755
-2374
-1761
-1014
-312
740
1983
3216
4319
5064
5689
6118
6124
5754
4891
3720
2502
1121
-373
-1931
-3316
-4510
-5613
-6684
-7787
-8771
-9907
-10879
-11851
-12943
-13947
-14958
-15656
-15937
-15827
-15350
-14482
-13254
-11494
-9330
-7005
-4507
-2057
258
2402
4284
5879
7179
8121
8877
9472
9944
10463
10964
11343
11796
12410
13153
13914
14566
15111
15664
16125
16479
16598
15863
14601
12946
10986
8820
6043
2844
-209
-3109
-5618
-7600
-9372
-10548
-11290
-11461
-10995
-10176
-9210
-8314
-7341
-6269
-5083
-3965
-3069
-2257
-1478
-487
836
2135
3526
4687
5999
7536
8929
9998
10740
11044
11046
10708
9896
8829
7357
5584
3754
1931
262
-1167
-2611
-3874
-4864
-5554
-5893
-6153
-6403
-6632
-6786
-6714
-6590
-6533
-6453
-6294
-5891
-5217
-4391
-3360
-2163
-818
593
2142
3617
5019
6038
6808
6961
5997
5498
4055
2220
259
-3500
-6942
-10337
-13524
-15916
-18718
-21320
-22457
-23155
-22736
-21411
-20427
-18649
-16509
-14065
-11293
-8851
-6566
-4449
-2612
-726
1518
3355
5110
6905
8346
10695
12792
14696
16551
17629
19111
20623
21463
22149
22391
22294
22441
22333
21857
20877
19114
17090
14915
12318
9169
5529
1671
-1943
-5303
-8713
-11526
-13750
-15348
-16396
-17057
-16627
-15552
-14309
-12968
-11498
-9556
-7443
-5551
-3986
-2504
-941
775
2461
3901
5359
6897
8446
10066
11512
12698
13669
14233
14297
13975
13126
11992
10393
8201
5839
3452
1242
-941
-3252
-5345
-6929
-7990
-8824
-9466
-9966
-10138
-9997
-9825
-9544
-9200
-8743
-8200
-7578
-6727
-5654
-4378
-3005
-1632
-200
1602
2577
2903
3430
3346
2624
764
-1940
-4462
-6770
-9366
-12041
-14887
-16996
-17575
-17913
-17964
-17524
-16574
-15121
-13508
-12060
-10703
-9514
-8414
-7401
-6685
-5633
-4033
-2515
-922
1070
3755
6986
9872
12525
15031
17403
19732
21716
22817
23593
24116
24502
24794
24708
24703
24562
23800
22611
21099
19291
17010
13926
9882
5576
1303
-2831
-6965
-11407
-15376
-18156
-20035
-21140
-21515
-21303
-20160
-18350
-16211
-13880
-11433
-9005
-6672
-4708
-2786
-751
1178
2916
4445
6062
8067
10228
12192
13841
15237
16523
17565
17992
17700
16669
15071
13056
10533
7602
4520
1389
-1740
-4600
-7100
-9025
-10503
-11645
-12488
-12912
-12855
-12534
-12193
-11985
-11650
-11156
-10425
-9828
-9503
-8796
-8487
-7805
-6851
-6299
-5598
-5821
-5977
-5490
-5366
-5315
-5826
-6886
-7341
-7547
-7918
-8328
-9221
-9748
-9798
-10055
-10002
-9943
-10157
-10110
-9812
-9310
-8335
-7278
-6223
-4725
-3136
-779
1954
4186
6419
8549
10763
13293
15360
17212
18912
20239
21881
23607
25184
26378
27821
29212
30090
30285
29394
27935
25925
22712
18402
13334
7880
2751
-2883
-8703
-13598
-17556
-20520
-22806
-24534
-24850
-24249
-23149
-21696
-19964
-17891
-15679
-13525
-11583
-9460
-7322
-4949
-2614
-247
2580
5659
8736
11883
14758
17392
19779
21544
22717
22903
22186
20973
18935
16361
13162
9646
6197
2753
-589
-3707
-6250
-8416
-10097
-11608
-12909
-13616
-14165
-14695
-15271
-15715
-15705
-15534
-15341
-14781
-14253
-13874
-13101
-11857
-10376
-9418
-8943
-8310
-7312
-6254
-5453
-5372
-5677
-5529
-5187
-5207
-5547
-6109
-6579
-7056
-7581
-7957
-8474
-9114
-9650
-10061
-10198
-9844
-9151
-8480
-7744
-6415
-4394
-1956
40
2089
4238
6477
9060
11318
13289
15162
17042
19174
21203
23242
25299
27235
29280
30803
32092
32614
32098
30906
28654
25175
20902
15632
9861
4099
-2393
-8331
-13660
-18229
-21442
-24210
-26097
-26565
-26180
-25188
-23787
-22337
-20376
-18091
-16203
-14218
-12118
-10030
-7516
-5121
-2447
753
4126
7630
11159
14430
17708
20579
22577
23915
24262
23890
22761
20680
17934
14722
11048
7423
3784
284
-2906
-5665
-8028
-9921
-11609
-12974
-13969
-14908
-15736
-16498
-17120
-17521
-17653
-18062
-18231
-18448
-18136
-17290
-16894
-15954
-14764
-13267
-11314
-9612
-7987
-6261
-4841
-3499
-2561
-2343
-2133
-2423
-3318
-4305
-5615
-6831
-7967
-9399
-10423
-11066
-11384
-11126
-10564
-10005
-8748
-7109
-5316
-3270
-1527
477
2583
4476
6487
8488
10458
12733
15111
17396
20083
22391
23861
25311
26810
28513
30640
32183
32461
31706
29716
27275
24072
19271
13320
6746
258
-5293
-10855
-16109
-20122
-23231
-24802
-25384
-25420
-24454
-22945
-21442
-19740
-18108
-16218
-14083
-12537
-11310
-9702
-7510
-4564
-1637
1137
4406
8208
12124
15871
18824
21162
23094
23893
23966
23033
21196
18780
15553
11772
8053
4609
1373
-1746
-4753
-7180
-8809
-10065
-11199
-12403
-13630
-14405
-15068
-15791
-16591
-17392
-17717
-17734
-17941
-17758
-17338
-16505
-15087
-13971
-12372
-10574
-8695
-6721
-5270
-4095
-2800
-1968
-1712
-1825
-2474
-3048
-3988
-5213
-6427
-7812
-8873
-9604
-10350
-10923
-11076
-10872
-10344
-9657
-8980
-7614
-6108
-4627
-2899
-1237
641
2664
4525
6517
8502
10532
12986
15180
17509
19988
22335
24725
26454
28020
29704
31357
32409
32405
31435
29269
26391
22819
17939
12209
5848
-696
-6363
-11736
-16466
-20327
-23443
-25045
-25464
-25308
-24269
-22891
-21277
-19332
-17559
-15592
-13462
-11658
-9980
-8097
-5951
-3033
66
2963
6257
9696
13307
16962
19666
21844
23383
23933
23835
22751
20775
18270
15027
11365
7785
4186
973
-2090
-4998
-7353
-9128
-10427
-11492
-12579
-13590
-14380
-15019
-15534
-15930
-16356
-16490
-16102
-15932
-15577
-14924
-14008
-12344
-11004
-9482
-7819
-6172
-4180
-2636
-1544
-603
28
296
225
-532
-1331
-2339
-3733
-5064
-6504
-7777
-8689
-9588
-10294
-10603
-10432
-9826
-9005
-8241
-7003
-5398
-3807
-1978
-307
1447
3373
4989
6734
8448
10159
12177
13966
15833
17649
19592
21626
23437
25280
26956
28609
30023
31021
30783
29675
27345
24291
20603
15239
9507
2968
-3441
-9083
-14601
-19248
-22821
-25342
-26463
-26684
-26256
-24750
-22910
-21017
-18964
-17228
-15074
-12915
-11425
-9678
-7917
-5728
-2909
22
2978
6449
10059
13643
17102
19718
22015
23555
24012
23718
22390
20375
17812
14428
10750
7090
3607
481
-2374
-5045
-7137
-8664
-9816
-10703
-11691
-12489
-13126
-13733
-14352
-14866
-15311
-15355
-15612
-16157
-16042
-15396
-14152
-13065
-12200
-10796
-8905
-6702
-4765
-3613
-2648
-1614
-953
-833
-1409
-2356
-3422
-4866
-6344
-7797
-9171
-10207
-11125
-11880
-12187
-11747
-11079
-10365
-9711
-8704
-7119
-5708
-4317
-3009
-1710
61
1752
3375
5009
6717
8845
11003
13087
15365
17987
20367
22793
24316
25180
26686
28309
29922
31525
32467
32044
29562
25719
22137
18382
13123
5510
-2757
-9119
-13117
-16884
-21347
-25076
-26303
-25124
-23794
-22756
-21286
-18943
-16515
-15125
-14011
-12296
-10247
-8857
-8517
-7507
-4793
-984
2402
4947
7848
11893
16494
19983
22050
23193
23953
24160
23073
20747
17834
14552
10878
6812
2923
-51
-2407
-4738
-7131
-9001
-9687
-9730
-10245
-11472
-12818
-13506
-13669
-14220
-15246
-16084
-16081
-15399
-14827
-14085
-12813
-10864
-8695
-6948
-5231
-3364
-1468
-164
203
121
132
64
-774
-2254
-3818
-4971
-5889
-7054
-8357
-9419
-9916
-10101
-10362
-10654
-10595
-10124
-9574
-9126
-8566
-7467
-6158
-4921
-3628
-2078
-19
2192
4205
5987
7861
10028
12272
14299
15882
17732
19597
21541
23313
24674
26330
27839
29492
31121
32237
32506
30842
27665
24326
20614
16376
9954
1792
-5358
-10597
-14423
-18386
-22675
-25090
-24862
-23671
-21951
-20448
-18297
-15565
-13729
-12160
-10491
-8704
-6999
-6467
-6078
-4376
-1345
1906
4562
6960
10207
14528
18330
21156
22759
23546
24104
23616
21807
19275
15948
12289
8252
4006
586
-2146
-4642
-7005
-9127
-10180
-10241
-10273
-10839
-11836
-12510
-12613
-12733
-13336
-14114
-14494
-14189
-13812
-13327
-12522
-11014
-9203
-7541
-5746
-3854
-1766
-21
941
1296
1509
1739
1382
186
-1449
-2831
-3923
-5117
-6423
-7714
-8488
-8790
-8912
-8967
-8820
-8202
-7407
-6748
-6091
-5120
-3984
-2856
-1859
-814
686
2436
4010
5508
6981
8721
10876
12772
14443
16165
17896
19886
21591
22989
24602
26180
27806
29426
30305
30704
29530
26512
23314
19544
15589
10154
2599
-4372
-9842
-13752
-17244
-21402
-24217
-24501
-23644
-22160
-20843
-19123
-16541
-14558
-13095
-11421
-9657
-7793
-6690
-6153
-4628
-1807
1480
4351
6828
9728
13756
17541
20356
22158
22936
23459
23170
21624
19351
16366
13011
9390
5383
1979
-672
-3052
-5249
-7374
-8744
-9054
-9225
-9755
-10745
-11674
-12031
-12249
-12820
-13565
-13975
-13931
-13790
-13501
-12665
-11069
-9301
-7732
-6139
-4247
-2039
-105
945
1209
1397
1708
1445
343
-1249
-2761
-3931
-5201
-6509
-7626
-8491
-8867
-9044
-9213
-8918
-8320
-7637
-7061
-6561
-5647
-4404
-3398
-2487
-1493
-155
1591
3257
4830
6342
8013
9998
11949
13506
15113
16732
18221
19658
21008
22347
23820
25179
26285
27771
28792
29755
28903
25782
22666
19237
15989
10994
3503
-3560
-9004
-12854
-16233
-20421
-23455
-23829
-22937
-21556
-20176
-18478
-15601
-13612
-12373
-10864
-9191
-7176
-6343
-6280
-5262
-2827
270
2949
4984
7511
11334
15198
18048
19905
20823
21617
21544
20101
18051
15291
12159
8619
4513
1047
-1542
-3798
-5983
-8300
-9823
-10096
-10120
-10613
-11630
-12597
-12910
-13124
-13704
-14548
-15382
-15835
-16041
-15764
-14925
-13626
-12188
-10788
-9031
-6759
-4213
-2259
-1303
-751
-197
181
-35
-1097
-2713
-4317
-5656
-6806
-8033
-9234
-10045
-10413
-10522
-10330
-9709
-9003
-8411
-7853
-7107
-5973
-4767
-3847
-3091
-2173
-798
1082
2805
4288
5817
7672
9759
11754
13506
15090
16766
18233
19671
20861
22318
23603
24713
25952
27039
28693
29773
29823
27872
24735
21947
18856
14911
8726
1525
-4628
-9136
-12777
-16826
-20590
-22497
-22362
-21395
-20233
-18500
-16136
-13648
-12102
-10574
-8589
-6605
-5068
-4769
-4146
-2406
360
3065
5035
7143
10122
13755
16835
18851
20201
20977
21209
20342
18572
16286
13430
10126
6267
2538
-388
-2651
-4906
-7183
-9000
-9737
-9723
-9936
-10591
-11421
-11902
-12003
-12361
-12904
-13636
-14164
-14334
-14452
-13931
-12716
-11281
-9829
-8414
-6437
-3884
-1593
-96
636
1102
1668
1886
1239
-138
-1808
-3233
-4459
-5767
-6971
-7953
-8672
-9084
-9201
-8954
-8352
-7802
-7474
-7068
-6356
-5281
-4364
-3781
-3146
-2133
-668
914
2303
3697
5304
7029
8820
10416
11972
13513
14839
16124
17317
18457
19896
20838
21772
22954
24025
25635
26775
27276
26901
24432
21608
18595
14990
10632
4014
-2935
-8488
-12796
-16238
-19919
-23340
-24327
-23803
-22628
-20956
-19391
-17006
-14793
-13393
-11721
-10077
-8433
-7311
-7065
-6169
-4115
-1263
1382
3721
6253
9806
13738
16832
19110
20531
21399
21628
20685
18938
16566
13523
10175
6399
2861
157
-2185
-4441
-6566
-8197
-8666
-8767
-9171
-9934
-10802
-11187
-11461
-12102
-12996
-13818
-14282
-14443
-14316
-13896
-12782
-11316
-9840
-8058
-6093
-3789
-1743
-544
147
572
837
758
-268
-1796
-3244
-4618
-5809
-7033
-8279
-8967
-9394
-9577
-9539
-9407
-9030
-8764
-8667
-8445
-8036
-7393
-6743
-6279
-5535
-4312
-2660
-1013
524
2046
3734
5660
7343
8875
10162
11434
12885
14033
15105
16177
17157
18306
19241
20231
21491
22908
24570
25396
25469
23880
21380
18836
15549
11667
5891
-784
-6578
-11201
-14786
-18326
-21856
-23570
-23408
-22449
-20857
-19166
-17139
-14741
-13263
-11690
-10018
-8641
-7335
-7103
-6599
-5031
-2636
-39
2133
4427
7588
11303
14611
17039
18694
19670
20109
19534
17975
15852
13015
9693
6057
2446
-442
-2789
-5116
-7142
-8769
-9439
-9489
-9771
-10270
-10975
-11431
-11615
-12094
-12807
-13806
-14404
-14842
-15124
-14655
-13991
-12766
-11536
-10129
-8148
-6085
-4128
-2746
-2167
-1651
-1112
-1113
-1563
-2564
-3562
-4207
-4930
-5379
-5764
-6236
-6318
-6362
-6220
-6058
-5983
-6046
-6271
-6463
-6279
-5830
-5542
-5279
-4777
-3822
-2444
-923
660
2350
4152
6271
8452
10408
12326
14007
15483
17049
18429
19755
20970
21989
23180
24273
25372
26447
27580
28424
28448
26778
24058
21443
18466
14638
8748
1822
-3952
-8337
-11988
-15890
-19606
-21167
-20836
-19931
-18710
-17079
-14842
-12521
-11145
-9942
-8355
-6900
-5824
-5750
-5523
-3912
-1429
1017
3089
5325
8669
12470
15654
17981
19558
20617
21050
20294
18532
16360
13580
10325
6595
2936
246
-1895
-4094
-6104
-7575
-8057
-7922
-8109
-8720
-9369
-9739
-9938
-10458
-11222
-11913
-12418
-12354
-12253
-11860
-10626
-9222
-7648
-6129
-4444
-2347
-629
499
1081
1113
1283
1223
335
-930
-2239
-3296
-4153
-5274
-6183
-6713
-7180
-7362
-7474
-7492
-7274
-7101
-6939
-6744
-6411
-5590
-4671
-4008
-3288
-2061
-495
1227
2793
4405
6276
8128
9940
11613
12985
14404
15752
16752
17793
18731
19823
20681
21296
22250
23469
24709
25880
26919
27382
26652
24118
21075
17890
14339
9497
2731
-3952
-9086
-12622
-15985
-19756
-22340
-22590
-21432
-20139
-18724
-16822
-14516
-12662
-11635
-10501
-9155
-7983
-7469
-7524
-6755
-4607
-1853
545
2621
5406
9113
12856
15590
17429
18677
19335
19190
17823
15755
13235
10279
6917
3336
346
-1797
-3573
-5411
-7019
-7812
-7764
-7633
-8011
-8717
-9354
-9710
-10107
-10882
-11774
-12316
-12248
-11899
-11700
-11074
-9803
-8372
-6836
-5635
-4402
-3048
-2132
-1612
-1733
-2176
-2491
-3045
-4186
-5373
-6428
-7095
-7755
-8668
-9105
-9344
-9493
-9479
-9691
-9752
-9572
-9335
-9028
-8724
-8151
-7093
-5968
-4909
-3618
-2006
-169
1581
3156
4812
6543
8186
9646
10766
11825
13101
14237
15187
16118
16986
18412
19694
20887
22374
23601
25274
26905
27976
28082
26048
23098
20221
16811
12696
6712
-158
-5751
-10062
-13314
-16452
-19535
-20670
-20131
-19104
-17597
-15957
-13954
-12225
-11475
-10691
-9534
-8468
-7983
-8130
-7927
-6330
-3699
-1109
1292
3853
7335
11244
14430
16839
18464
19360
19526
18580
16846
14777
11990
8850
5386
2206
51
-1683
-3346
-4992
-6181
-6383
-6280
-6554
-7241
-8135
-8837
-9508
-10284
-11208
-11970
-12554
-12739
-12464
-12015
-10615
-9158
-7908
-6448
-5050
-3285
-1903
-1430
-1302
-1504
-1865
-2155
-3117
-4361
-5351
-6345
-6795
-7315
-7779
-7623
-7690
-7659
-7429
-7306
-6993
-6986
-7222
-7254
-7132
-6685
-6055
-5594
-4973
-3761
-2269
-650
909
2413
4117
5712
7125
8466
9562
10529
11506
12259
13138
14108
15090
16230
17148
18366
19994
21481
22945
24165
24667
24074
21777
18901
15693
11987
7141
928
-5099
-9996
-13422
-16492
-19517
-21390
-21452
-20321
-18900
-17367
-15444
-13308
-11786
-10800
-9728
-8502
-7483
-7048
-6739
-5679
-3565
-861
1656
4095
7025
10530
13944
16499
18244
19253
19607
19118
17590
15462
12860
9937
6687
3379
677
-1316
-2904
-4458
-5799
-6429
-6437
-6547
-7030
-7856
-8671
-9245
-9849
-10736
-11718
-12416
-12641
-12528
-12122
-11241
-9825
-8193
-6586
-4779
-2771
-717
750
1526
1618
968
-295
-2155
-4402
-6480
-7863
-8688
-9242
-9747
-9968
-9920
-9884
-9675
-9480
-9230
-8983
-8807
-8599
-8291
-7607
-6656
-5793
-4927
-3772
-2233
-583
1013
2447
3963
5674
7245
8649
9805
10808
11970
12970
13843
14711
15543
16685
17698
18824
20199
21733
23386
24890
25924
25877
24558
22208
19596
16324
12003
6539
379
-4966
-9332
-13154
-16593
-19401
-20653
-20593
-19816
-18553
-16851
-14912
-13209
-11870
-10676
-9252
-8258
-7669
-7306
-6649
-5020
-2857
-585
1768
4445
7704
11107
14041
16330
17892
18754
18784
17953
16385
14253
11535
8456
5262
2373
6
-1911
-3690
-5248
-6161
-6522
-6662
-7006
-7656
-8301
-8903
-9511
-10268
-11213
-11967
-12410
-12559
-12367
-11685
-10437
-9086
-7692
-6158
-4487
-2763
-1406
-661
-366
-241
-200
-482
-1338
-2323
-3181
-3907
-4473
-5012
-5332
-5524
-5649
-5585
-5561
-5423
-5250
-5261
-5323
-5326
-5011
-4409
-3922
-3501
-2771
-1651
-262
1144
2576
4112
5705
7375
8809
10127
11355
12432
13384
14149
15051
16046
16909
17609
18492
19555
20886
22161
23332
24489
24460
23321
21126
18333
15373
11321
6043
78
-5427
-9776
-13474
-17111
-19971
-21451
-21604
-20824
-19782
-18122
-16069
-14334
-12808
-11551
-10184
-8941
-8188
-7870
-7334
-5945
-3977
-1774
222
2613
5681
8904
11844
14079
15694
16771
17030
16476
15153
13149
10808
7951
4779
1904
-520
-2466
-4303
-6010
-7115
-7626
-7838
-8148
-8746
-9334
-9786
-10294
-10863
-11555
-12150
-12383
-12990
-13459
-13170
-12776
-11896
-11350
-10745
-9352
-7921
-6334
-5191
-4737
-3896
-3044
-2690
-2431
-2625
-2964
-3333
-4235
-4913
-5672
-6626
-7164
-8015
-8608
-8610
-8491
-8285
-8165
-7835
-6786
-5540
-4526
-3520
-2483
-1383
-300
423
898
1269
1622
2283
3019
3937
5392
7049
8806
10609
12660
14917
16844
18459
19762
20884
22057
23084
24046
24081
23168
21511
19020
16393
12913
8522
3398
-2077
-6764
-10660
-14139
-17058
-19252
-20358
-20291
-19527
-18133
-16494
-15135
-13684
-12269
-10887
-9501
-8556
-7741
-7071
-5873
-3953
-1742
521
2851
5615
8611
11570
14194
16188
17414
17943
17816
17065
15482
13379
10761
7778
4883
2272
68
-1958
-3861
-5310
-6323
-6911
-7327
-7874
-8534
-9142
-9663
-10083
-10592
-11049
-11280
-11171
-10751
-10587
-9682
-8549
-7245
-5876
-4994
-3632
-2406
-1331
-533
-500
-524
-448
-712
-1335
-2152
-2993
-3615
-4567
-5540
-6103
-6863
-7428
-8003
-8518
-8744
-8898
-8789
-8618
-8408
-7805
-6565
-5380
-4352
-2994
-1423
308
1814
3191
4700
5933
7216
8483
9667
10876
12264
13541
14738
15851
17179
18650
19682
20881
22010
23199
24494
25510
25423
24288
22055
19472
16783
12813
8194
2976
-2175
-6254
-10072
-13222
-15585
-17477
-17968
-17740
-17073
-15538
-13976
-12705
-11522
-10570
-9102
-7783
-7252
-6519
-5777
-4388
-2295
-237
2107
4553
7244
10330
13056
15248
17079
18130
18366
17961
16920
15453
13326
10639
7977
5433
3197
1348
-522
-2154
-3315
-4080
-4592
-5296
-6177
-7334
-9239
-11820
-14623
-17151
-18863
-19519
-19129
-17818
-16204
-14215
-11893
-9861
-7925
-5884
-3962
-2286
-1151
-574
-196
-100
-88
-197
-770
-1286
-1768
-2379
-2922
-3571
-3990
-4345
-4771
-4911
-4951
-4990
-4987
-5102
-5015
-4619
-3928
-2925
-1987
-882
613
2349
4097
5683
7323
8988
10442
11875
13100
14162
15038
15760
16473
17084
17926
18879
19514
20195
20903
21617
22481
22867
22323
20918
18295
15557
12640
8667
4149
-1395
-6429
-10391
-13938
-16881
-19284
-20897
-21096
-20468
-19436
-17752
-16144
-14557
-13115
-12030
-10469
-9072
-8154
-7306
-6379
-4575
-2180
269
2774
5483
8428
11714
14648
16961
18697
19627
19899
19453
18221
16514
14247
11467
8567
5720
3382
1270
-745
-2592
-4152
-5245
-6110
-7045
-8133
-9017
-9611
-9968
-10237
-10490
-10626
-10515
-10124
-9304
-8101
-6926
-5556
-4235
-3120
-1856
-970
-356
-211
-671
-1195
-1988
-2927
-3824
-4801
-5590
-6165
-6898
-7580
-8520
-9374
-9840
-10189
-10364
-10564
-11079
-11834
-12597
-12990
-12892
-12512
-11725
-10763
-9740
-8474
-6909
-5277
-3717
-2302
-801
705
2168
3644
5126
6571
7984
9441
11017
12601
14095
15760
17258
18861
20506
22090
23514
23491
22476
20251
17710
14938
10833
5725
-186
-5350
-9455
-13232
-16652
-19151
-20480
-20590
-19982
-18957
-17097
-15275
-13742
-12366
-11311
-9711
-8402
-7633
-7009
-6170
-4235
-1804
595
3035
5962
9326
12692
15664
17963
19693
20669
20741
20089
18595
16661
14132
11063
7941
5139
2915
1017
-942
-2494
-3430
-3966
-4314
-4978
-5766
-6614
-7418
-8273
-9262
-10278
-11004
-11792
-12349
-12405
-11854
-10737
-9700
-8382
-6774
-5025
-3375
-2381
-1826
-1374
-992
-635
-640
-1042
-1432
-1884
-2446
-2776
-3010
-3067
-3206
-3645
-4021
-4306
-4503
-4698
-5091
-5316
-5108
-4660
-4133
-3710
-3073
-2047
-732
698
2222
3802
5404
6998
8452
9833
11125
12262
13370
14396
15525
16769
17835
18766
19401
20121
21233
22275
23632
24352
24178
23311
21185
18908
15545
10575
4607
-1758
-7126
-11506
-15652
-19014
-21378
-22466
-21975
-21122
-19766
-17865
-16288
-14637
-13329
-12134
-10633
-9859
-9290
-8640
-7447
-5331
-2953
-569
2137
5339
8864
12403
15195
17392
18967
19634
19573
18654
16944
14787
11946
8807
5940
3340
1240
-691
-2491
-3692
-4452
-4752
-5058
-5764
-6461
-7149
-7881
-8615
-9537
-10388
-10952
-11164
-10924
-10171
-8916
-7361
-5698
-3951
-1907
75
1705
2813
3371
3647
3685
3251
2171
478
-1257
-2456
-3371
-4011
-4521
-5023
-5428
-5794
-5857
-5815
-5886
-6025
-6311
-6556
-6651
-6678
-6486
-6095
-5248
-3724
-1845
83
2010
3924
5897
7817
9590
11470
13192
14722
16219
17625
18977
20253
21373
22316
23123
24147
25435
26726
27240
26770
25314
22654
19746
15847
10847
5069
-1361
-6898
-11781
-16076
-19183
-21513
-22762
-22526
-21532
-19561
-17338
-15626
-13655
-12086
-10695
-9171
-8508
-7866
-7288
-6473
-4705
-2721
-401
2284
5161
8436
11817
14797
17271
18913
19612
19691
18877
17274
15055
12005
8683
5431
2433
-98
-2483
-4542
-5991
-7005
-7540
-7841
-8267
-8691
-9198
-9712
-10126
-10692
-11121
-11389
-11751
-11442
-10563
-9446
-7728
-6189
-4464
-2326
-414
1489
2822
3459
4015
4200
4029
3707
2759
1742
694
-613
-1559
-2672
-3471
-3896
-4415
-4396
-4069
-3821
-3459
-3315
-3211
-2902
-2833
-2803
-2863
-3095
-2906
-2229
-1222
109
1519
3111
4865
6540
8271
9703
10700
11520
12224
12951
13982
14935
16031
17248
18430
20198
22093
23618
24053
23423
21798
19579
16743
12602
7499
1541
-4147
-9034
-13415
-17052
-19870
-21593
-22014
-21392
-19858
-17785
-15879
-14138
-12378
-10963
-9516
-8521
-8105
-7746
-7291
-6071
-4353
-2489
-298
2324
5382
8674
11824
14561
16608
17869
18292
17986
16881
15017
12467
9345
6185
3266
736
-1458
-3458
-4997
-5939
-6471
-6714
-7043
-7539
-8176
-8959
-9775
-10686
-11716
-12639
-13260
-13527
-13013
-11936
-10504
-8744
-7020
-4892
-2762
-1169
-72
312
309
173
-313
-983
-1932
-3041
-3740
-4468
-5152
-5529
-5916
-6099
-6263
-6142
-5732
-5859
-6317
-6895
-7450
-7567
-7175
-6437
-5348
-4082
-2497
-503
1436
3395
5383
7238
8950
10384
11815
13155
14161
14912
15774
16579
17656
19240
20739
22493
23881
25119
26461
27250
27381
26195
23977
20982
17950
14232
9175
3368
-2892
-8051
-12602
-16726
-19802
-22266
-23336
-23120
-22100
-20284
-18288
-16534
-14686
-13211
-11861
-10302
-9619
-9089
-8621
-7663
-5735
-3696
-1347
1351
4364
7949
11483
14506
16914
18509
19369
19363
18435
16777
14386
11265
7849
4578
1582
-961
-3349
-5435
-6865
-7855
-8265
-8594
-9244
-9945
-10644
-11270
-12054
-13033
-13814
-14389
-14892
-14977
-14508
-13472
-12024
-10519
-8888
-6999
-4901
-3111
-1864
-1223
-828
-560
-737
-1417
-2382
-3313
-4098
-4906
-5541
-5924
-6173
-6316
-6432
-6435
-6282
-6203
-6271
-6466
-6574
-6308
-5756
-5053
-4208
-3087
-1565
208
2026
3947
5824
7594
9209
10712
12093
13400
14595
15552
16498
17525
18648
19808
20707
21776
22948
24297
25809
27022
27436
26745
25057
22597
19879
15977
10958
5160
-756
-5658
-10061
-13916
-16882
-18934
-19597
-19214
-18118
-16339
-14539
-12963
-11459
-10244
-8982
-7925
-7638
-7271
-6825
-5640
-3743
-1695
684
3443
6645
10163
13417
16094
18209
19475
19887
19517
18318
16416
13817
10578
7353
4271
1527
-891
-3131
-5001
-6265
-7062
-7530
-8104
-8842
-9579
-10406
-11173
-12082
-13101
-14017
-14796
-15134
-14913
-14136
-12942
-11599
-9921
-8044
-5863
-3850
-2407
-1396
-797
-465
-484
-1043
-1922
-3043
-4139
-5009
-5827
-6517
-7010
-7400
-7629
-7769
-7707
-7612
-7794
-7999
-8177
-8140
-7990
-7700
-7153
-6345
-5176
-3773
-2094
-368
1304
3083
4667
6138
7520
8807
10074
11051
12132
13453
14641
15862
17120
18387
19961
21436
22948
24565
26081
27122
26869
25524
23090
20459
16976
12049
6546
597
-4582
-9112
-13230
-16328
-18538
-19595
-19351
-18410
-16791
-14722
-12997
-11310
-9829
-8671
-7324
-6835
-6560
-6135
-5415
-3820
-1976
85
2585
5534
8752
12061
14847
17083
18695
19330
19256
18301
16525
14227
11165
7899
4843
2026
-333
-2427
-4247
-5381
-6059
-6336
-6519
-6936
-7371
-7866
-8465
-9143
-9954
-10950
-11681
-12267
-12401
-11844
-11211
-10113
-8776
-7250
-5283
-3475
-2048
-911
-290
136
245
-262
-955
-2076
-3304
-4290
-5385
-6187
-6851
-7531
-7830
-8017
-7950
-7712
-7645
-7569
-7429
-7118
-6538
-5905
-5202
-4202
-3027
-1681
-192
1271
2798
4300
5682
7071
8392
9630
10782
11768
12918
14121
15349
16431
17460
18652
19820
21070
22150
23278
24594
24864
24036
22380
19781
17289
13482
8368
3146
-2391
-7010
-11151
-15363
-18017
-19866
-20830
-20546
-20062
-18438
-16463
-15224
-13682
-12411
-11204
-9734
-9340
-8885
-8007
-6888
-5038
-3137
-1154
1616
4583
7622
10702
13158
15354
16921
17357
17324
16418
14767
12703
9669
6555
3730
939
-1402
-3693
-5653
-6739
-7634
-8145
-8648
-9242
-9627
-10123
-10728
-11328
-11970
-12594
-13147
-13537
-13376
-12592
-11655
-10468
-9059
-7282
-5124
-3397
-2043
-928
-128
532
790
534
-139
-1920
-4897
-8517
-12591
-16290
-19240
-20879
-20695
-19346
-16814
-13568
-10544
-8400
-7439
-7201
-7202
-7206
-7028
-6323
-5300
-4147
-2779
-1240
422
2022
3402
4718
5842
6862
7994
9108
10629
12260
13618
15059
16313
17507
18522
18867
19032
19308
19806
20283
19573
18304
16383
13882
11149
6891
2120
-3001
-8256
-12535
-16779
-20286
-22384
-23864
-24106
-23643
-22423
-20144
-18237
-16579
-14731
-13313
-11618
-10349
-9814
-8907
-7948
-6342
-4261
-2275
258
3337
6533
9852
12897
15572
17731
18929
19225
18896
17612
15606
12872
9499
6239
2989
-44
-2725
-5313
-7208
-8442
-9393
-9933
-10464
-10881
-11205
-11607
-11971
-12382
-12722
-12961
-13579
-13703
-13230
-12385
-11190
-10201
-8681
-6835
-4970
-3183
-2019
-1193
-525
-304
-509
-1055
-1934
-2888
-4051
-5183
-5918
-6627
-7081
-7458
-7685
-7532
-7233
-6872
-6652
-6631
-6339
-5779
-5308
-4803
-4087
-3034
-1826
-665
743
2341
3709
5162
6611
8088
9603
11023
12386
13640
14909
16260
17496
18545
19766
20992
22275
23618
24753
26170
27380
27375
26853
25273
22815
20287
16186
11212
5971
425
-4173
-8793
-13194
-15924
-17903
-18818
-18771
-18311
-16477
-14650
-13225
-11357
-10042
-8606
-7287
-6843
-6216
-5374
-4286
-2578
-954
1024
3872
6741
9729
12642
15090
17232
18606
19003
18784
17593
15743
13348
10119
6925
3865
954
-1593
-4007
-5768
-6768
-7575
-8063
-8461
-8832
-8987
-9358
-9819
-10277
-10812
-11173
-11807
-12330
-12158
-11633
-10684
-9736
-8574
-6849
-5077
-3298
-1913
-972
-121
258
101
-431
-1280
-2297
-3579
-4981
-6066
-6959
-7738
-8220
-8584
-8464
-8061
-7464
-6834
-6446
-5986
-5403
-4922
-4613
-4087
-3414
-2534
-1743
-783
485
1668
3008
4444
5923
7529
9073
10738
12356
13839
15417
16898
18172
19355
20575
21718
22808
23775
24849
26002
26809
26480
25510
23646
21114
18286
13746
8816
3452
-1881
-6504
-11303
-15208
-17815
-19863
-20871
-21009
-20275
-18560
-17315
-16031
-14401
-13240
-11773
-10784
-10261
-9351
-8362
-6802
-4917
-2866
-334
2755
5907
9155
12223
14824
17004
18276
18723
18528
17377
15638
13254
10198
7384
4595
1980
-302
-2439
-3899
-4856
-5680
-6182
-6634
-7078
-7530
-8148
-8747
-9450
-10070
-10519
-10882
-11499
-11486
-10814
-10055
-8771
-7814
-6414
-4591
-3078
-1451
-459
-18
554
503
-22
-770
-2096
-3192
-4619
-6140
-6836
-7746
-8388
-8720
-9059
-8807
-8580
-8247
-7876
-7755
-7362
-6593
-5947
-5183
-4165
-2955
-1461
16
1581
3403
4977
6396
7907
9183
10570
11876
12805
13857
14841
16015
17372
18197
19218
20317
21622
22908
23835
24916
25914
25891
24948
23503
21069
18465
14558
9654
4723
-397
-4773
-9195
-13499
-16393
-18139
-19313
-19632
-19260
-17929
-16188
-15185
-13775
-12288
-11220
-10069
-9721
-9102
-8104
-6981
-5307
-3543
-1457
1364
4367
7279
10210
12683
14892
16347
16883
16849
15974
14314
12192
9427
6562
3910
1280
-1060
-3190
-4850
-5757
-6517
-7167
-7628
-8069
-8377
-8933
-9578
-10195
-10896
-11453
-11846
-12283
-12722
-12624
-11857
-10842
-9578
-8331
-6733
-5010
-3600
-2378
-1894
-1797
-1769
-2077
-2686
-3614
-4704
-5771
-7159
-8664
-9831
-11316
-13093
-14943
-16613
-17631
-18194
-18053
-17396
-16403
-14946
-13245
-11490
-9821
-8081
-6206
-4327
-2520
-702
1198
2765
4042
5386
6583
7859
8901
9784
10776
11787
13057
14215
15255
16309
17470
18737
19820
20678
21899
22717
22292
21343
19722
17728
14946
10730
6292
1762
-2661
-6775
-11119
-14590
-16604
-18005
-18878
-19117
-18388
-16654
-15397
-14431
-12858
-11350
-10011
-9166
-8563
-7489
-6347
-5041
-3457
-1727
457
3122
5782
8373
10771
13010
14959
15901
16207
16040
15190
13725
11623
9155
6768
4510
2257
198
-1519
-2661
-3344
-4090
-4665
-4994
-5220
-5518
-6087
-6556
-6929
-7308
-7508
-7825
-8211
-7989
-7304
-6206
-5087
-4023
-2425
-683
937
2446
3441
4046
4331
3976
3432
2480
1220
-142
-1837
-3352
-4447
-5534
-6487
-7241
-7702
-7735
-7728
-7709
-7757
-7997
-8149
-8243
-8327
-8299
-7921
-7155
-6312
-5315
-4029
-2616
-1414
-292
882
2126
3253
4290
5321
6488
7759
9117
10424
11654
13000
14418
15816
16883
18146
19219
20422
21134
20725
20170
18739
16885
14440
10522
6472
2468
-1770
-5565
-9634
-12878
-14666
-16266
-16995
-16961
-16368
-14765
-13678
-12600
-11027
-9956
-8839
-8266
-8027
-7369
-6709
-5947
-4898
-3587
-1653
813
3300
5967
8679
11029
13144
14480
14989
14975
14173
12851
11022
8637
6406
4192
1889
-135
-1917
-3093
-4067
-4972
-5636
-6271
-6802
-7399
-8222
-8865
-9493
-9993
-10317
-10891
-11293
-11423
-12051
-13460
-15237
-16332
-16028
-15093
-13783
-12536
-12064
-12169
-13094
-14725
-16382
-18143
-20107
-21910
-23094
-22756
-21446
-20356
-19209
-18183
-17113
-16004
-15244
-14499
-13988
-13658
-13019
-12372
-11669
-10657
-9261
-7482
-5719
-3692
-1292
1049
3074
4879
6650
8265
9632
10781
11811
12646
13664
14656
15394
16055
16761
17562
18168
18499
19098
19811
20351
20662
19977
19059
17866
16233
13669
9885
5751
1903
-1983
-6015
-9858
-12997
-14991
-16498
-17375
-17437
-16643
-15399
-14232
-13055
-11497
-9814
-8471
-7670
-6898
-5760
-4367
-3084
-1779
-117
1975
4317
6624
8886
10993
12941
14440
15355
15599
15458
14696
13244
11265
9096
7066
5003
2792
768
-780
-1942
-2796
-3531
-4121
-4540
-4805
-5049
-5451
-5795
-6120
-6841
-7777
-8397
-8528
-8417
-8050
-7382
-5868
-3690
-1241
952
2026
2474
2545
2192
1750
1133
469
-324
-1580
-2678
-3429
-4328
-5265
-6440
-7604
-8596
-9732
-10834
-11986
-13084
-13732
-14131
-14618
-14963
-15041
-14598
-13687
-12569
-11051
-9200
-7185
-5057
-2922
-862
1033
2636
4036
5310
6438
7656
8822
9696
10730
11911
13177
14384
15316
16314
17294
18278
19205
20185
20284
19635
18757
17373
15917
13257
9720
6222
2688
-377
-3473
-6908
-9254
-10759
-11777
-12286
-12479
-11668
-10509
-9987
-9084
-7914
-6710
-5709
-5420
-4815
-3847
-2717
-1362
-81
1449
3585
5852
8144
10254
12163
13972
15226
15815
15983
15690
14786
13406
11583
9706
8037
6272
4540
2814
1422
610
-286
-1126
-1932
-2571
-3023
-3747
-4530
-5331
-6138
-7067
-7685
-8138
-8266
-8035
-7716
-6881
-5646
-4181
-2532
-1085
161
1590
2665
3317
3524
3305
3099
2468
1626
965
7
-879
-1692
-2477
-3000
-3580
-4179
-4766
-5522
-6082
-6375
-6583
-6625
-6473
-5927
-5231
-4648
-4147
-3445
-2705
-1988
-1216
-646
-115
349
655
1107
1378
1742
2321
2676
3212
4001
4905
5924
6651
7512
8353
8855
9480
9956
9989
9313
8191
6933
5511
3575
840
-2239
-5175
-7780
-10067
-12583
-14635
-15834
-16274
-16341
-16066
-15085
-13592
-12229
-11073
-9536
-7962
-6437
-5490
-4712
-3528
-2194
-759
647
2149
4031
6121
8284
10303
12095
13722
15029
15806
16105
15947
15231
14058
12332
10442
8440
6492
4476
2327
535
-688
-1573
-2437
-3193
-3700
-3929
-4390
-5063
-5477
-6013
-6789
-7298
-7575
-7411
-6814
-6141
-5000
-3543
-1915
-256
799
1642
2501
3239
3674
3654
3430
3134
2418
1420
404
-835
-1972
-3097
-4234
-5155
-5905
-6471
-7106
-7779
-8188
-8281
-8430
-8508
-8375
-7841
-6972
-6054
-5074
-3950
-2757
-1476
-189
845
1759
2674
3504
4263
4957
5899
6898
7758
8719
9794
11125
12376
13408
14405
15141
15769
16217
16578
16754
16904
16299
15373
14421
13213
12297
10101
7523
5043
2656
580
-2037
-4620
-6618
-8210
-9512
-10227
-10666
-10615
-10220
-10011
-9082
-7947
-6725
-5564
-4919
-3830
-2506
-1254
-111
943
2025
3384
4832
6142
7540
8517
9485
10257
10576
10884
10724
10147
9270
8014
6794
5626
4108
2619
1172
-41
-865
-1775
-2601
-3369
-4106
-4548
-4998
-5427
-6077
-6986
-7389
-7675
-7791
-8007
-8609
-8734
-8524
-7978
-7113
-6598
-5913
-5007
-4440
-3964
-3987
-4222
-4281
-4598
-4628
-4476
-4675
-4807
-5048
-5173
-5052
-5051
-5173
-5358
-5538
-5321
-5044
-5054
-4949
-4780
-4245
-3272
-2116
-844
463
1730
3155
4586
5852
7021
7981
8841
9690
10558
11606
12456
13170
13892
14753
15571
16168
16552
16630
16348
15772
15270
14774
14361
13791
13221
12570
11852
11070
10202
9231
8160
6536
4753
3218
1639
24
-2054
-4062
-5480
-6563
-7577
-8299
-8564
-8454
-8047
-7627
-6864
-5866
-5218
-4600
-4179
-3667
-3210
-3076
-2934
-2800
-2672
-2396
-1928
-1499
-966
-434
182
870
1179
1359
1439
1197
710
20
-633
-1351
-2261
-3196
-3884
-4421
-4737
-5165
-5488
-5734
-6050
-6037
-6133
-6267
-6443
-6619
-6843
-7374
-8441
-9679
-10478
-10600
-9829
-8752
-7634
-6414
-5333
-4417
-3495
-2643
-1971
-1862
-2412
-3403
-4894
-6458
-7536
-8208
-8403
-8218
-7803
-7253
-6947
-6662
-6251
-5991
-5900
-5723
-5437
-5040
-4590
-4112
-3532
-3060
-2441
-1601
-748
125
1026
2021
2990
3973
5055
6205
7312
8344
9331
10265
11011
11644
12135
12555
12837
13055
12964
12552
12202
11833
11611
11221
10827
10480
10036
9651
9179
8503
7403
6053
4328
2508
651
-1360
-3173
-5187
-6502
-7238
-7636
-7515
-7294
-6565
-5603
-4724
-3766
-2915
-2332
-2047
-2003
-1994
-1931
-2230
-2409
-2450
-2406
-2186
-2081
-1861
-1785
-1908
-2049
-2144
-2361
-2709
-3172
-3669
-4027
-4294
-4129
-3446
-2727
-2132
-1544
-828
-103
477
994
1633
1931
1858
1559
972
436
-260
-826
-1174
-1605
-2080
-2538
-2457
-1571
-134
1468
3099
4394
5131
5053
4031
2097
-1403
-6164
-10895
-14757
-17413
-18677
-18345
-17132
-15944
-15094
-14390
-13759
-13217
-12417
-11369
-10241
-9081
-8004
-7093
-6350
-5775
-5226
-4704
-4290
-3874
-3377
-2772
-2080
-1342
-547
231
918
1638
2286
2802
3129
3273
3411
3435
3375
3273
3146
3270
3539
3835
4290
4802
5551
6228
6905
7280
7156
6882
6348
5738
4638
3172
1861
709
-278
-991
-1464
-1421
-1150
-775
-102
573
1155
1544
1491
1320
1187
948
660
195
-308
-720
-1079
-1401
-1698
-1901
-1698
-1145
-313
403
650
414
-227
-1022
-1679
-2058
-2408
-2808
-3212
-3510
-3565
-3527
-3353
-2969
-2516
-2150
-2507
-3584
-5079
-6540
-7647
-8445
-8894
-9071
-9093
-8985
-8784
-8498
-7978
-7511
-7152
-6848
-6590
-6161
-5726
-5294
-4873
-4679
-4957
-5680
-7177
-9265
-11618
-13761
-15061
-15545
-15427
-14976
-14351
-13737
-13098
-12365
-11469
-10623
-9853
-9054
-8271
-7512
-6962
-6468
-6046
-5637
-5129
-4531
-3880
-3218
-2470
-1739
-1039
-286
346
875
1224
1439
1612
1698
1723
1585
1567
1518
1582
1725
1952
2258
2557
2908
3192
3476
3630
3693
3585
3406
3162
2944
2748
2603
2596
2667
2773
2990
3183
3472
3696
3887
3948
3866
3859
3812
3790
3525
3239
3178
3264
3451
3543
3486
3528
3731
3957
4171
4216
4081
3755
3113
2582
2170
1843
1744
1685
1920
2349
2467
2507
2286
1768
1062
-144
-1729
-3642
-5737
-7659
-9163
-10398
-10940
-10922
-10529
-9880
-9305
-8588
-7930
-7407
-7033
-6700
-6418
-6179
-6026
-6074
-6011
-5962
-5855
-5920
-6068
-6075
-6208
-6316
-6377
-6415
-6376
-6307
-6123
-5884
-5583
-5148
-4690
-4259
-3825
-3303
-2785
-2351
-2011
-1706
-1354
-1031
-711
-427
-62
420
896
1272
1602
1882
2063
2136
2128
2034
1832
1489
1033
552
-8
-507
-975
-1387
-1664
-1844
-1866
-1813
-1685
-1380
-975
-631
-346
-141
98
211
134
-8
-197
-408
-665
-946
-1177
-1327
-1380
-1417
-1482
-1567
-1563
-1538
-1611
-1634
-1574
-1433
-1206
-767
-65
721
1502
2306
3050
3633
4085
4286
4454
4532
4544
4473
4313
4092
3653
3093
2319
1264
-199
-2355
-5129
-8086
-10757
-12480
-12878
-12190
-11131
-10226
-9613
-9324
-9281
-9488
-9837
-10169
-10474
-10617
-10588
-10416
-10098
-9712
-9389
-9217
-9207
-9280
-9376
-9476
-9372
-9095
-8700
-8056
-7370
-6561
-5676
-4794
-3914
-3124
-2378
-1760
-1275
-888
-643
-449
-346
-309
-234
-140
-51
27
32
11
21
-76
-233
-394
-614
-772
-901
-989
-909
-870
-759
-636
-477
-357
-297
-314
-506
-793
-1172
-1534
-1996
-2483
-2990
-3442
-3811
-4042
-4143
-4100
-4051
-3872
-3554
-3258
-2884
-2565
-2310
-2025
-1854
-1788
-1763
-1980
-2245
-2629
-3034
-3428
-3949
-4299
-4524
-4544
-4243
-3567
-2525
-1348
-156
1022
2199
3326
4473
5555
6574
7544
8359
9084
9707
10168
10502
10733
10888
10901
10807
10746
10618
10392
10212
9994
9759
9427
9007
8602
8226
7753
7332
6947
6607
6290
6004
5880
5829
5844
5892
5959
5960
5946
5841
5664
5309
4776
4041
3227
2338
1348
502
-178
-696
-1038
-1130
-1067
-833
-557
-238
122
487
830
1070
1169
1160
1096
971
808
656
535
483
499
551
747
977
1189
1449
1629
1826
1973
2003
1953
1832
1742
1584
1431
1258
1132
1038
924
833
717
502
196
-155
-587
-1023
-1474
-1937
-2301
-2590
-2734
-2788
-2738
-2617
-2500
-2314
-2178
-2101
-2036
-2068
-2077
-2043
-1969
-1746
-1414
-1040
-580
-97
246
283
-98
-910
-2125
-3446
-4629
-5461
-6174
-7146
-8442
-9939
-11526
-12951
-14149
-14980
-15357
-15317
-14813
-14044
-13075
-12077
-11061
-10101
-9369
-8843
-8555
-8506
-8602
-8835
-9059
-9047
-8718
-8003
-6945
-5918
-5241
-4975
-5270
-6174
-7497
-9092
-10528
-11461
-11664
-11226
-10653
-9983
-9283
-8446
-7423
-6285
-5127
-4038
-2994
-2116
-1323
-708
-331
-152
-180
-349
-702
-1310
-2193
-3328
-4610
-5814
-6760
-7351
-7509
-7172
-6419
-5470
-4406
-3396
-2579
-1935
-1431
-1123
-952
-881
-971
-1088
-1273
-1473
-1678
-1880
-2004
-2187
-2266
-2284
-2323
-2275
-2181
-2068
-1912
-1745
-1591
-1393
-1182
-959
-782
-556
-373
-259
-203
-228
-354
-520
-770
-1090
-1440
-1909
-2297
-2712
-3197
-3733
-4263
-4818
-5405
-6066
-6850
-7651
-8489
-9323
-10155
-10848
-11457
-11807
-11954
-11889
-11467
-10801
-9816
-8600
-7141
-5580
-3998
-2475
-1104
167
1300
2369
3357
4350
5209
6040
6757
7336
7878
8282
8603
8860
9028
9216
9413
9638
9829
9949
10128
10240
10292
10265
10169
9981
9720
9352
8947
8554
8133
7719
7322
6996
6828
6795
6845
6983
7229
7435
7549
7481
7243
6929
6567
6176
5849
5607
5426
5308
5260
5213
5215
5201
5083
4911
4655
4318
3829
3194
2559
1863
1146
521
-2
-268
-366
-224
186
869
1753
2582
3096
3336
3380
3131
2881
2658
2566
2734
3002
3282
3550
3713
3766
3739
3685
3605
3485
3381
3324
3264
3140
3055
3092
3102
3161
3251
3393
3570
3743
4025
4303
4555
4882
5172
5493
5797
6076
6336
6564
6828
7052
7324
7589
7828
8081
8290
8468
8593
8586
8511
8209
7820
7322
6770
6167
5656
5241
4831
4519
4270
4108
4003
3961
3905
3911
3892
3840
3815
3794
3775
3766
3794
3817
3841
3894
4010
4165
4315
4569
4722
5000
5277
5477
5742
5965
6151
6338
6531
6671
6783
6799
6750
6647
6444
6150
5785
5348
4936
4487
4042
3557
3087
2658
2209
1757
1304
822
325
-160
-599
-1008
-1345
-1541
-1619
-1602
-1390
-1092
-737
-330
147
583
960
1336
1689
1945
2214
2481
2642
2837
2951
3101
3237
3335
3416
3420
3405
3312
3220
3061
2880
2650
2381
2115
1890
1699
1481
1335
1193
1084
1011
987
993
966
989
999
1039
1122
1201
1342
1469
1562
1640
1674
1665
1618
1466
1212
955
609
290
-98
-461
-690
-844
-883
-759
-550
-296
21
280
519
763
933
1157
1347
1602
1887
2156
2479
2766
3126
3366
3564
3764
3877
3957
3986
3981
4002
4051
4069
4101
4179
4222
4261
4282
4320
4328
4384
4471
4446
4429
4427
4458
4503
4576
4644
4722
4870
4972
5076
5187
5278
5345
5415
5463
5480
5511
5551
5604
5689
5785
5933
6002
6097
6219
6242
6224
6264
6258
6240
6184
6147
6077
6052
6066
6074
6068
6052
6084
6053
6041
6008
5925
5837
5724
5657
5568
5476
5455
5408
5372
5368
5310
5311
5282
5202
5136
5086
5063
4990
4944
4926
4888
4896
4901
4868
4771
4735
4684
4621
4563
4480
4353
4237
4159
4060
3965
3841
3728
3602
3474
3321
3206
3033
2858
2632
2437
2283
2107
1950
1769
1604
1474
1323
1139
989
782
592
369
185
-21
-196
-286
-398
-434
-417
-318
-196
15
246
546
875
1195
1543
1920
2276
2636
3038
3458
3803
4190
4552
4899
5260
5602
5930
6245
6483
6699
6961
7148
7291
7475
7568
7692
7792
7844
7955
8030
8083
8106
8197
8264
8287
8323
8388
8392
8379
8337
8346
8349
8361
8358
8351
8358
8334
8355
8289
8237
8234
8157
8086
8087
8033
7959
7861
7780
7713
7652
7557
7488
7403
7294
7239
7111
7001
6890
6770
6657
6560
6450
6352
6235
6134
6032
5895
5841
5698
5587
5510
5346
5263
5107
5024
4968
4908
4833
4738
4665
4622
4560
4463
4451
4398
4312
4281
4240
4258
4263
4285
4279
4288
4348
4373
4428
4455
4483
4543
4596
4648
4711
4702
4704
4699
4716
4714
4706
4662
4620
4607
4534
4494
4437
4390
4351
4294
4218
4121
4035
3966
3867
3729
3659
3522
3431
3345
3195
3086
2962
2878
2773
2697
2579
2449
2374
2280
2208
2071
2040
1980
1950
1933
1916
1923
1882
1907
1885
1891
1876
1886
1886
1891
1940
1985
2031
2081
2184
2239
2281
2356
2419
2454
2455
2507
2589
2644
2719
2796
2831
2909
3003
3046
3101
3164
3233
3288
3347
3428
3485
3550
3594
3635
3684
3736
3823
3872
3903
3913
3963
3972
3924
3920
3980
3991
3987
4021
4039
4110
4090
4095
4087
4076
4095
4035
4031
4052
4025
4043
4016
4027
3984
3944
3954
3937
3971
3955
3959
3918
3896
3864
3869
3853
3858
3845
3843
3833
3835
3789
3777
3809
3745
3767
3738
3708
3725
3740
3720
3755
3757
3795
3822
3815
3808
3810
3804
3831
3842
3809
3839
3782
3791
3824
3855
3862
3861
3857
3834
3823
3788
3761
3784
3791
3782
3813
3777
3786
3778
3787
3791
3768
3764
3738
3708
3701
3670
3623
3582
3569
3603
3567
3570
3559
3553
3565
3548
3549
3539
3529
3508
3511
3513
3517
3526
3563
3539
3534
3506
3493
3506
3459
3472
3443
3433
3435
3383
3368
3343
3322
3270
3218
3185
3133
3107
3020
2994
2962
2931
2871
2826
2824
2810
2836
2837
2803
2751
2739
2715
2706
2684
2696
2642
2650
2637
2618
2662
2613
2623
2598
2586
2586
2557
2536
2533
2514
2461
2480
2465
2433
2429
2439
2369
2372
2372
2346
2366
2324
2352
2327
2354
2376
2393
2405
2416
2359
2381
2433
2407
2402
2366
2379
2385
2401
2381
2398
2345
2391
2380
2328
2340
2350
2372
2353
2346
2297
2343
2313
2288
2304
2259
2226
2228
2263
2222
2185
2206
2223
2212
2223
2191
2164
2210
2185
2175
2166
2128
2103
2093
2101
2104
2101
2100
2096
2093
2084
2071
2052
2080
2076
2070
2072
2060
2077
2034
2006
2036
2054
2048
1990
1976
1989
1953
1962
1991
1952
1951
1925
1890
1885
1885
1888
1863
1872
1896
1892
1862
1862
1880
1856
1835
1837
1897
1854
1843
1893
1866
1843
1865
1833
1853
1834
1844
1838
1816
1786
1754
1745
1727
1676
1610
1638
1575
1545
1538
1502
1477
1479
1473
1454
1458
1459
1398
1405
1431
1400
1365
1373
1349
1292
1339
1370
1330
1324
1307
1271
1319
1294
1216
1243
1227
1223
1223
1218
1179
1180
1203
1178
1167
1160
1150
1163
1143
1127
1126
1082
1060
1098
1068
1065
1086
1043
1012
1010
1016
1038
991
1009
986
973
954
958
972
953
948
931
967
961
962
978
992
995
1024
1032
1033
1029
986
983
998
951
969
966
966
985
960
948
935
944
952
925
888
902
898
868
848
855
871
852
841
826
816
846
848
827
803
830
822
845
826
827
790
740
741
689
688
647
607
619
617
608
593
545
482
482
455
376
359
332
331
320
293
282
263
284
263
255
208
233
199
170
153
136
157
172
132
127
127
130
93
96
50
56
78
44
65
30
33
26
43
10
-18
29
57
56
30
15
60
41
33
44
40
15
0
8
4
-7
7
-28
-1
7
2
-3
-16
13
-26
-41
-22
-51
-42
-43
-49
16
17
21
49
25
50
42
88
82
117
154
151
124
134
153
109
120
142
143
101
109
119
127
121
94
79
142
88
98
66
117
115
94
112
127
130
136
125
108
137
96
80
49
63
40
69
29
35
5
-30
-40
-59
-84
-142
-148
-150
-174
-182
-186
-232
-232
-236
-229
-261
-255
-295
-333
-342
-353
-290
-352
-393
-387
-380
-405
-387
-368
-382
-406
-395
-424
-431
-437
-460
-425
-464
-447
-478
-470
-454
-501
-494
-483
-503
-533
-545
-553
-547
-542
-559
-583
-552
-557
-547
-554
-561
-572
-545
-517
-550
-538
-516
-527
-529
-513
-529
-527
-536
-508
-505
-494
-447
-449
-450
-441
-435
-438
-432
-408
-404
-364
-345
-380
-339
-344
-341
-327
-317
-308
-313
-314
-313
-307
-302
-288
-320
-282
-283
-281
-299
-293
-296
-301
-270
-279
-266
-277
-273
-296
-274
-259
-289
-316
-325
-350
-336
-334
-360
-374
-382
-332
-386
-427
-469
-457
-465
-481
-479
-531
-538
-570
-572
-580
-574
-607
-609
-632
-684
-697
-693
-664
-679
-684
-696
-726
-728
-730
-724
-746
-713
-743
-737
-738
-755
-764
-793
-785
-846
-830
-821
-830
-832
-861
-848
-843
-837
-841
-807
-836
-865
-885
-870
-853
-935
-904
-939
-926
-928
-929
-916
-956
-922
-915
-888
-904
-919
-898
-867
-921
-894
-908
-892
-894
-885
-876
-846
-823
-834
-826
-823
-817
-826
-789
-788
-785
-810
-804
-768
-790
-769
-732
-759
-790
-763
-748
-751
-748
-774
-759
-751
-747
-803
-775
-774
-803
-765
-793
-766
-794
-781
-781
-795
-795
-786
-787
-798
-789
-817
-826
-825
-826
-880
-891
-908
-893
-946
-938
-962
-998
-965
-972
-1012
-1048
-1035
-1012
-1036
-1059
-1043
-1091
-1105
-1081
-1091
-1098
-1104
-1126
-1111
-1157
-1163
-1157
-1177
-1163
-1203
-1217
-1204
-1188
-1188
-1222
-1256
-1247
-1193
-1228
-1227
-1208
-1244
-1217
-1250
-1217
-1177
-1223
-1215
-1221
-1228
-1237
-1210
-1232
-1229
-1199
-1232
-1226
-1246
-1275
-1252
-1252
-1261
-1265
-1235
-1205
-1205
-1220
-1258
-1221
-1227
-1258
-1241
-1244
-1218
-1220
-1215
-1178
-1174
-1175
-1135
-1115
-1096
-1078
-1074
-1058
-1106
-1101
-1079
-1098
-1072
-1071
-1071
-1032
-1043
-1059
-1047
-1025
-1017
-1039
-1033
-990
-988
-1006
-989
-975
-999
-986
-994
-980
-955
-1002
-993
-990
-1009
-991
-1034
-1024
-1053
-1070
-1100
-1100
-1109
-1122
-1093
-1127
-1122
-1130
-1117
-1149
-1135
-1165
-1157
-1130
-1178
-1179
-1186
-1203
-1236
-1224
-1249
-1272
-1280
-1298
-1270
-1292
-1317
-1288
-1269
-1276
-1246
-1268
-1284
-1292
-1293
-1270
-1303
-1328
-1286
-1312
-1309
-1283
-1280
-1309
-1287
-1266
-1288
-1281
-1291
-1296
-1299
-1319
-1343
-1347
-1308
-1291
-1304
-1264
-1309
-1257
-1248
-1271
-1263
-1292
-1286
-1275
-1280
-1291
-1257
-1237
-1263
-1283
-1230
-1208
-1211
-1199
-1179
-1182
-1138
-1145
-1145
-1159
-1164
-1154
-1145
-1117
-1110
-1115
-1139
-1096
-1113
-1115
-1075
-1073
-1116
-1088
-1082
-1080
-1057
-1037
-1021
-1064
-1073
-1070
-1055
-1048
-1055
-1057
-1075
-1051
-1052
-1047
-1052
-1107
-1100
-1108
-1059
-1091
-1062
-1075
-1120
-1045
-1079
-1115
-1137
-1122
-1161
-1127
-1126
-1152
-1168
-1191
-1177
-1196
-1187
-1167
-1193
-1182
-1196
-1245
-1221
-1245
-1243
-1239
-1244
-1271
-1299
-1258
-1240
-1242
-1258
-1262
-1291
-1317
-1306
-1334
-1324
-1388
-1356
-1331
-1359
-1380
-1369
-1364
-1368
-1378
-1375
-1377
-1359
-1332
-1381
-1379
-1355
-1403
-1365
-1387
-1360
-1354
-1418
-1360
-1327
-1378
-1352
-1317
-1315
-1378
-1414
-1409
-1393
-1385
-1376
-1364
-1360
-1354
-1338
-1310
-1348
-1324
-1315
-1301
-1297
-1266
-1257
-1246
-1225
-1224
-1191
-1188
-1200
-1197
-1194
-1151
-1172
-1174
-1138
-1155
-1137
-1128
-1153
-1162
-1147
-1115
-1159
-1115
-1103
-1115
-1094
-1088
-1095
-1094
-1076
-1052
-1060
-1079
-1037
-1028
-1056
-1055
-1094
-1061
-1100
-1129
-1095
-1145
-1095
-1113
-1125
-1107
-1119
-1151
-1153
-1167
-1177
-1162
-1164
-1178
-1178
-1182
-1215
-1205
-1181
-1216
-1237
-1248
-1261
-1251
-1203
-1202
-1213
-1213
-1210
-1234
-1253
-1244
-1232
-1280
-1287
-1246
-1270
-1264
-1268
-1304
-1309
-1329
-1301
-1293
-1321
-1325
-1309
-1285
-1298
-1304
-1317
-1335
-1345
-1308
-1280
-1321
-1306
-1332
-1300
-1308
-1298
-1281
-1306
-1292
-1310
-1283
-1304
-1312
-1285
-1307
-1303
-1341
-1340
-1302
-1309
-1289
-1278
-1253
-1252
-1255
-1212
-1205
-1177
-1201
-1177
-1147
-1139
-1107
-1150
-1135
-1110
-1088
-1133
-1097
-1057
-1041
-1064
-1065
-1049
-1054
-1051
-1050
-1054
-1097
-1116
-1046
-1066
-1077
-1046
-1046
-1049
-1042
-995
-1041
-1036
-1010
-1027
-1047
-1006
-1001
-1047
-1028
-1007
-1023
-1019
-1013
-1033
-1026
-1011
-1016
-1009
-1013
-989
-1023
-1056
-1048
-1096
-1051
-1048
-1058
-1032
-1042
-1028
-1021
-1084
-1051
-1033
-1055
-1032
-1044
-1038
-1067
-1045
-1050
-1062
-1085
-1111
-1098
-1109
-1141
-1121
-1101
-1107
-1123
-1104
-1100
-1156
-1138
-1128
-1140
-1126
-1159
-1132
-1114
-1123
-1133
-1157
-1141
-1154
-1170
-1167
-1131
-1127
-1142
-1105
-1163
-1150
-1169
-1145
-1106
-1122
-1090
-1124
-1110
-1105
-1079
-1059
-1072
-1106
-1077
-1038
-1018
-1065
-1036
-1004
-988
-983
-999
-987
-1001
-1025
-1009
-979
-967
-972
-991
-967
-990
-980
-928
-938
-927
-958
-931
-898
-925
-919
-942
-934
-916
-935
-949
-926
-915
-904
-907
-914
-918
-915
-918
-913
-940
-950
-943
-953
-961
-969
-950
-957
-934
-897
-931
-945
-909
-992
-1008
-946
-988
-999
-974
-996
-978
-930
-964
-972
-943
-983
-998
-963
-968
-981
-991
-985
-1037
-1042
-1056
-1050
-1028
-1031
-1040
-1048
-1021
-1050
-1049
-1048
-1095
-1102
-1032
-1052
-1069
-1022
-1027
-1006
-1017
-1044
-1056
-1044
-1058
-1060
-1047
-1044
-1015
-1045
-1023
-1049
-1036
-1027
-1060
-1038
-1042
-1048
-1086
-1052
-999
-1030
-1041
-1030
-1035
-1013
-1000
-1020
-1020
-1005
-974
-1000
-997
-972
-992
-992
-990
-971
-971
-979
-942
-903
-911
-910
-908
-903
-892
-882
-885
-870
-905
-895
-837
-867
-888
-854
-836
-833
-829
-845
-818
-832
-834
-813
-792
-834
-817
-824
-861
-847
-809
-832
-830
-844
-886
-809
-841
-850
-842
-829
-861
-845
-845
-854
-887
-908
-899
-893
-872
-922
-908
-918
-961
-950
-943
-932
-944
-888
-890
-911
-871
-920
-947
-914
-980
-938
-915
-938
-960
-927
-903
-940
-940
-950
-921
-916
-910
-960
-962
-944
-944
-913
-907
-891
-892
-886
-891
-897
-913
-900
-856
-889
-910
-920
-911
-942
-937
-912
-939
-938
-936
-908
-875
-860
-822
-833
-829
-822
-820
-832
-841
-844
-834
-803
-828
-790
-780
-778
-789
-784
-778
-797
-813
-832
-813
-799
-775
-769
-762
-759
-755
-765
-783
-753
-779
-763
-745
-740
-739
-768
-775
-781
-780
-753
-751
-752
-719
-705
-755
-781
-754
-772
-765
-788
-785
-771
-782
-764
-754
-787
-787
-762
-776
-829
-807
-816
-808
-836
-843
-803
-861
-819
-810
-841
-806
-822
-800
-816
-823
-813
-782
-818
-836
-831
-837
-796
-848
-851
-861
-879
-861
-842
-858
-822
-795
-809
-775
-778
-804
-812
-745
-729
-779
-799
-825
-794
-812
-805
-814
-830
-762
-803
-797
-770
-778
-757
-776
-799
-765
-803
-760
-792
-785
-756
-746
-730
-734
-738
-778
-725
-716
-712
-696
-664
-655
-631
-652
-625
-625
-626
-589
-584
-631
-604
-599
-617
-584
-606
-585
-571
-587
-594
-582
-560
-537
-530
-519
-509
-528
-532
-541
-538
-535
-547
-567
-533
-536
-540
-508
-517
-514
-540
-560
-546
-554
-559
-570
-575
-601
-599
-630
-640
-616
-607
-639
-633
-640
-658
-656
-692
-661
-638
-664
-645
-684
-653
-645
-683
-658
-652
-663
-719
-688
-669
-677
-685
-677
-691
-687
-696
-735
-685
-719
-713
-698
-691
-666
-697
-688
-717
-735
-684
-654
-673
-673
-660
-684
-672
-664
-656
-646
-611
-620
-622
-612
-629
-650
-658
-646
-654
-656
-636
-624
-644
-624
-617
-605
-609
-569
-547
-603
-578
-546
-548
-548
-543
-533
-533
-504
-550
-547
-533
-540
-505
-503
-492
-456
-424
-438
-439
-439
-464
-442
-440
-459
-444
-469
-431
-417
-430
-423
-418
-399
-447
-422
-416
-447
-440
-477
-463
-427
-445
-446
-416
-394
-398
-395
-422
-444
-471
-436
-425
-453
-488
-489
-505
-474
-461
-457
-494
-498
-465
-518
-488
-496
-518
-511
-487
-510
-514
-527
-549
-529
-521
-551
-586
-594
-574
-576
-603
-564
-579
-600
-578
-559
-604
-584
-583
-600
-588
-588
-592
-604
-615
-596
-631
-589
-592
-586
-559
-630
-612
-591
-586
-585
-568
-591
-553
-581
-564
-545
-551
-537
-541
-546
-516
-515
-525
-506
-527
-487
-500
-533
-524
-500
-490
-446
-450
-437
-455
-457
-428
-432
-460
-434
-439
-428
-417
-411
-422
-420
-388
-413
-391
-403
-396
-397
-376
-416
-413
-404
-386
-381
-392
-387
-377
-398
-385
-353
-379
-382
-358
-383
-398
-356
-351
-359
-359
-355
-313
-335
-380
-324
-368
-331
-301
-338
-323
-310
-336
-348
-316
-334
-325
-358
-328
-316
-386
-402
-340
-335
-373
-397
-367
-409
-396
-399
-420
-397
-394
-382
-420
-411
-406
-449
-433
-425
-452
-415
-423
-421
-435
-451
-410
-429
-448
-444
-422
-432
-391
-402
-419
-432
-453
-434
-442
-397
-427
-417
-422
-445
-436
-450
-434
-480
-486
-467
-444
-417
-436
-397
-404
-379
-415
-398
-392
-394
-395
-440
-433
-429
-370
-409
-388
-356
-378
-356
-343
-385
-367
-314
-350
-315
-329
-296
-309
-301
-280
-294
-273
-293
-289
-292
-301
-313
-299
-293
-276
-284
-297
-294
-290
-249
-296
-312
-305
-341
-357
-356
-331
-343
-316
-326
-336
-289
-320
-334
-313
-287
-285
-308
-287
-312
-307
-301
-311
-321
-311
-286
-298
-298
-304
-297
-267
-276
-288
-278
-276
-300
-323
-312
-331
-350
-282
-288
-345
-287
-288
-297
-289
-302
-265
-292
-292
-268
-271
-300
-293
-301
-299
-295
-293
-276
-290
-240
-248
-240
-266
-222
-244
-257
-234
-270
-271
-260
-223
-230
-250
-248
-224
-204
-206
-215
-214
-236
-234
-222
-223
-187
-195
-244
-190
-189
-165
-197
-220
-187
-231
-202
-164
-162
-188
-204
-224
-239
-224
-224
-221
-192
-172
-199
-181
-165
-180
-150
-163
-147
-193
-180
-165
-158
-189
-202
-195
-160
-205
-218
-187
-201
-194
-234
-223
-185
-206
-187
-217
-209
-199
-234
-224
-233
-178
-192
-195
-222
-242
-217
-244
-235
-259
-242
-249
-288
-222
-233
-236
-229
-213
-229
-230
-256
-264
-276
-259
-221
-272
-275
-290
-288
-292
-286
-267
-293
-261
-271
-252
-248
-209
-233
-245
-227
-212
-192
-243
-215
-192
-227
-255
-224
-199
-208
-217
-223
-218
-225
-210
-227
-214
-181
-199
-210
-196
-197
-199
-203
-196
-149
-190
-208
-175
-150
-167
-206
-190
-154
-159
-159
-128
-145
-142
-150
-146
-115
-144
-132
-118
-117
-117
-147
-108
-154
-153
-147
-131
-165
-165
-134
-201
-173
-132
-167
-183
-128
-199
-177
-166
-176
-138
-164
-185
-174
-187
-186
-212
-216
-206
-219
-182
-166
-144
-162
-156
-153
-150
-166
-157
-165
-190
-189
-181
-179
-203
-140
-185
-191
-208
-207
-208
-224
-198
-188
-236
-205
-179
-214
-170
-175
-185
-181
-167
-215
-197
-162
-198
-202
-210
-244
-203
-204
-209
-186
-200
-241
-203
-164
-162
-147
-160
-169
-172
-155
-151
-128
-140
-98
-145
-161
-136
-159
-160
-152
-158
-166
-123
-137
-139
-138
-131
-105
-96
-111
-72
-77
-73
-71
-93
-59
-55
-75
-90
-80
-61
-45
-18
-40
-55
-52
-49
-42
-48
-39
-58
-78
-101
-106
-104
-104
-93
-94
-125
-126
-133
-108
-132
-143
-142
-104
-125
-122
-142
-132
-81
-143
-134
-125
-122
-131
-128
-122
-121
-140
-184
-170
-150
-200
-197
-241
-225
-212
-229
-222
-241
-204
-245
-242
-233
-280
-261
-302
-316
-304
-328
-309
-303
-301
-352
-349
-338
-343
-348
-338
-329
-314
-355
-338
-331
-379
-350
-329
-345
-334
-310
-317
-373
-375
-290
-329
-280
-296
-330
-315
-298
-315
-304
-322
-312
-309
-297
-276
-262
-301
-301
-241
-248
-249
-253
-230
-238
-225
-228
-242
-224
-235
-196
-179
-223
-200
-232
-236
-193
-216
-183
-176
-196
-232
-166
-170
-191
-180
-174
-118
-154
-151
-159
-148
-96
-140
-127
-100
-71
-100
-76
-57
-55
-40
-73
-54
-38
-2
-57
-21
-11
-9
12
-59
19
-17
-57
-47
-77
-29
-39
-70
-61
-80
-61
-63
-94
-82
-100
-87
-119
-100
-94
-105
-84
-138
-124
-143
-118
-135
-131
-120
-147
-150
-160
-173
-196
-161
-165
-199
-172
-181
-189
-204
-207
-167
-175
-191
-210
-211
-172
-182
-204
-167
-162
-153
-146
-181
-198
-159
-184
-166
-192
-209
-183
-195
-208
-199
-192
-212
-226
-231
-164
-196
-216
-215
-182
-203
-176
-158
-144
-175
-170
-130
-155
-159
-178
-165
-181
-183
-159
-153
-148
-145
-115
-147
-143
-125
-168
-147
-183
-160
-159
-168
-205
-157
-133
-130
-98
-61
-88
-88
-80
-98
-89
-86
-71
-124
-92
-106
-134
-83
-86
-89
-109
-135
-77
-67
-79
-38
-19
-44
-39
-62
-35
-57
-43
-19
-53
-31
-57
-59
-47
-41
-48
-41
-35
-32
-44
-57
-21
-49
-43
-16
-24
-6
-44
-61
-47
-37
-55
-79
-78
-83
-39
-75
-77
-88
-108
-71
-102
-113
-94
-80
-109
-105
-115
-89
-74
-58
-42
-69
-90
-80
-58
-79
-104
-82
-103
-81
-122
-98
-70
-88
-90
-81
-58
-46
-32
-38
-51
-44
-53
-45
-29
7
13
1
26
18
22
-7
3
-22
-16
-6
-17
-36
-75
-61
-51
-31
-23
-22
-21
2
-15
-19
-22
-30
-14
-2
15
-6
18
-13
-46
-30
-41
-34
-36
-58
-47
-35
-44
-30
-45
-41
-23
-44
-49
-8
-12
12
18
-18
-33
-43
-46
-23
-25
-38
-57
-68
-57
-13
38
3
10
7
-21
3
-34
-4
-3
-16
-4
-16
-5
-19
9
-29
-12
-17
-28
-4
-22
-60
-22
-47
-73
-66
-96
-72
-74
-51
-85
-81
-41
-56
-48
-65
-58
-64
-76
-34
-59
-97
-74
-42
-58
-55
-48
-68
-16
-16
-20
-7
-2
-2
-44
-30
-35
-25
-30
-31
-26
-34
-21
5
21
5
-9
4
-18
-28
-20
-58
-15
-18
-26
-31
-15
-24
-11
-18
-26
-35
-49
-46
-44
-48
-68
-43
-80
-40
-39
-75
-55
-42
-68
-67
-40
-50
-21
-58
-49
-74
-46
-50
-45
-45
-50
-53
-72
-75
-90
-81
-80
-89
-78
-90
-98
-85
-114
-116
-110
-115
-122
-91
-111
-130
-113
-125
-125
-121
-64
-63
-63
-83
-44
-53
-75
-28
-74
-32
-61
-46
-38
10
-2
-3
27
-4
21
12
8
27
22
32
33
13
23
9
0
-38
5
6
-2
-9
-56
-11
-7
0
-9
-44
-51
-29
-26
-29
-27
-18
-10
-1
-17
-11
-17
-65
6
-10
-7
-27
-15
24
20
11
44
50
1
-16
0
23
33
19
18
52
30
22
16
32
46
18
7
18
11
36
49
-10
-53
-12
-63
-53
-49
-43
-40
-70
-69
-94
-36
-45
-77
-84
-53
-65
-44
-40
-49
-70
-90
-91
-120
-95
-102
-136
-120
-100
-83
-124
-94
-71
-98
-64
-86
-65
-59
-62
-52
-74
-99
-41
-83
-117
-103
-50
-62
-59
-49
-88
-88
-92
-44
-50
-75
-46
-6
-21
-7
19
-19
-20
-10
0
-18
-37
-4
-19
8
-8
-15
25
27
25
25
47
32
55
49
24
15
36
58
44
72
67
92
69
85
84
60
66
60
104
113
121
128
126
120
132
102
134
142
89
114
85
63
62
59
69
48
70
87
72
109
107
89
94
55
40
91
82
58
101
110
102
108
97
129
90
77
79
79
75
38
51
52
42
62
86
65
57
67
28
43
43
11
9
35
8
-48
-28
-28
-44
-55
-16
-43
-49
-45
-25
-51
-85
-76
-52
-75
-98
-67
-81
-91
-92
-45
-30
-65
-38
-54
-59
-45
-62
-46
-67
-49
-70
-58
-87
-93
-55
-40
-26
-24
-24
-54
-59
-29
-58
-58
-104
-86
-84
-53
-52
-61
-59
-69
-64
-79
-83
-39
-87
-79
-42
-94
-68
-54
-78
-67
-68
-84
-72
-70
11
-1
-13
8
19
19
35
28
37
42
28
33
32
34
6
36
33
32
24
43
9
13
29
21
15
16
4
6
4
10
56
15
-15
-1
-32
-6
10
-24
0
-17
-36
-14
-9
-16
-11
-34
-10
-16
-27
-31
-56
-38
-18
-4
-28
-33
-45
-40
-38
-39
-65
-59
-35
-78
-71
-72
-83
-80
-77
-75
-65
-82
-72
-82
-89
-57
-87
-62
-81
-92
-91
-74
-47
-55
-56
-99
-75
-98
-134
-115
-156
-130
-122
-128
-82
-114
-99
-107
-140
-110
-100
-131
-96
-124
-151
-108
-121
-96
-102
-110
-121
-138
-120
-82
-58
-79
-128
-116
-98
-76
-92
-102
-76
-87
-95
-70
-90
-69
-69
-60
-47
-69
-73
-54
-61
-34
-13
-34
-34
-52
-68
-39
-48
-85
-48
-31
-49
-66
-43
-34
-48
-49
-45
-24
-2
-30
-15
4
-23
15
-10
1
15
5
-11
6
33
22
34
52
61
35
66
78
86
119
139
127
94
129
116
99
102
96
127
129
131
127
91
89
106
77
88
108
138
130
130
95
115
110
92
148
80
108
105
102
125
85
83
92
77
75
91
71
151
122
71
146
106
127
152
160
153
135
166
134
129
139
105
140
137
140
141
114
115
154
153
106
117
111
101
96
80
64
62
78
96
65
93
81
73
80
105
86
86
99
82
61
83
63
44
54
61
41
38
51
38
51
19
33
32
59
25
-8
1
31
21
-18
-5
-9
-7
-19
28
30
-6
44
34
-4
30
31
-3
11
11
14
29
26
-9
11
30
10
-3
-27
-31
-35
-49
-55
-46
-46
-7
-20
-60
-19
-19
-41
-31
13
40
68
87
81
43
44
97
54
80
55
51
136
76
103
66
71
98
70
81
77
76
48
82
90
82
106
73
61
99
68
55
40
53
43
84
59
63
95
36
81
66
99
111
91
97
125
113
117
137
109
124
119
123
83
82
92
75
47
49
88
97
93
100
68
41
80
97
108
98
54
37
33
16
17
18
23
-5
31
15
9
10
-18
23
1
0
9
-21
-43
-39
-42
-33
-22
-54
-65
-27
-46
-36
-25
-52
-45
-21
-48
-58
-58
-62
-42
-65
-73
-51
-33
-10
-37
-20
-24
-9
-28
-20
17
-1
9
8
-17
-6
27
25
42
35
-30
8
-16
-17
-26
-26
-36
-54
-36
-1
11
-15
2
-38
-23
-63
-64
-31
-45
-31
-52
-37
-35
-23
1
-2
-14
7
44
34
-2
22
42
6
13
18
8
28
43
18
36
43
51
45
41
18
6
-5
8
22
34
5
-8
0
-17
-8
57
27
2
7
-35
-58
-29
-34
-32
-34
-11
1
-26
19
-26
-38
-55
-70
-100
-124
-110
-118
-123
-98
-101
-88
-112
-94
-67
-118
-126
-119
-95
-94
-109
-91
-97
-123
-119
-138
-151
-150
-116
-133
-145
-130
-156
-157
-177
-182
-183
-159
-134
-158
-166
-163
-137
-94
-139
-168
-150
-141
-147
-140
-144
-148
-126
-141
-121
-164
-145
-148
-110
-114
-125
-92
-118
-83
-109
-128
-119
-122
-107
-144
-108
-77
-69
-49
-59
-29
-36
-73
-94
-96
-67
-46
-30
-29
-49
-56
-18
-4
-7
-14
5
-13
-40
-65
-8
0
-35
6
8
18
-10
6
8
-20
5
1
-43
-41
28
27
6
35
32
5
24
18
4
10
28
42
-5
-9
-16
35
38
-30
5
28
-19
-28
-15
-28
-62
-16
-19
-28
-33
-76
-33
-38
-63
-62
-90
-83
-106
-96
-103
-117
-118
-129
-135
-127
-109
-144
-127
-101
-71
-71
-59
-82
-71
-99
-125
-125
-151
-166
-163
-152
-160
-130
-110
-101
-118
-135
-160
-162
-144
-137
-158
-194
-183
-133
-152
-203
-178
-160
-141
-140
-158
-188
-141
-134
-151
-120
-129
-142
-118
-152
-131
-97
-114
-128
-139
-137
-119
-126
-151
-137
-143
-160
-167
-160
-120
-108
-119
-112
-100
-123
-99
-95
-57
-83
-50
-63
-111
-75
-33
-34
-79
-22
-42
-67
-51
-31
-3
-38
-9
-15
-31
-55
-51
-55
-54
-99
-74
-20
-2
-75
-75
-11
-20
46
15
7
-6
-18
-28
-15
3
-1
-12
-9
24
-28
-44
-29
-16
-35
-46
-63
-59
-79
-69
-43
-59
-50
-57
-33
-29
30
8
-45
3
-35
-27
-29
-43
-47
-60
-62
-100
-64
-92
-73
-68
-99
-104
-87
-104
-83
-84
-90
-89
-104
-104
-99
-91
-102
-138
-135
-108
-163
-94
-129
-122
-118
-131
-109
-143
-109
-126
-130
-108
-76
-92
-119
-89
-95
-79
-66
-114
-95
-122
-78
-90
-123
-122
-134
-121
-107
-97
-145
-121
-93
-126
-125
-161
-187
-182
-142
-150
-204
-159
-148
-154
-162
-177
-221
-227
-183
-187
-211
-180
-155
-157
-158
-137
-168
-154
-126
-156
-146
-144
-124
-179
-179
-186
-138
-163
-169
-125
-134
-166
-124
-111
-157
-140
-145
-115
-162
-159
-143
-183
-114
-150
-163
-156
-161
-138
-126
-128
-134
-134
-146
-129
-131
-133
-143
-118
-110
-111
-84
-103
-72
-122
-107
-114
-108
-100
-123
-111
-80
-73
-88
-123
-100
-42
-80
-108
-86
-45
-116
-85
-73
-66
-35
-70
-52
-58
-42
-70
-49
-60
-69
-64
-92
-83
-40
6
-33
-17
-16
-28
-12
15
-12
-52
-28
-37
-34
-36
-42
-71
-57
-68
-63
-24
-40
-51
-50
-73
-45
-43
-79
-46
-44
-21
-42
-39
-73
-95
-41
-101
-122
-99
-108
-107
-48
-61
-49
-62
-54
-46
-98
-70
-72
-40
-67
-57
-57
-63
-48
-85
-89
-62
-48
-103
-110
-91
-78
