72
70
66
56
33
64
61
69
52
58
61
17
50
38
69
66
86
79
54
56
22
20
72
42
19
58
38
19
-7
39
-12
-20
45
-17
24
10
-29
20
49
21
55
71
52
31
24
34
0
2
-12
-19
10
36
6
40
68
8
16
25
51
91
74
26
51
50
35
55
58
76
55
49
52
29
6
-1
-20
-46
-3
30
24
47
37
8
7
-17
-10
36
12
-3
-21
-7
-29
19
13
16
29
19
89
60
45
58
81
54
68
26
87
60
51
45
41
93
84
108
49
72
84
81
88
72
38
65
78
50
58
56
66
70
79
120
54
62
81
78
41
64
138
49
55
48
23
33
18
33
35
46
37
57
56
15
17
25
18
29
12
43
45
5
10
-8
-2
-5
13
28
23
-7
23
42
55
58
45
64
63
59
46
59
95
110
142
79
112
132
91
130
139
137
106
139
122
145
92
114
145
120
115
89
122
87
99
97
75
58
68
78
89
66
30
81
99
43
53
53
29
56
59
37
51
39
51
40
37
60
53
68
66
79
60
72
109
78
57
42
79
83
38
24
97
79
50
50
46
47
59
119
92
84
69
79
104
66
85
69
66
102
79
98
111
99
105
96
98
95
106
131
107
143
126
110
135
135
139
168
159
112
146
162
104
113
94
124
76
94
127
110
49
50
93
34
77
82
96
73
63
99
86
108
103
99
98
97
105
95
86
61
49
57
54
68
88
76
44
79
64
26
79
73
68
73
81
94
82
93
102
100
84
86
29
58
121
60
62
35
47
45
38
36
84
53
37
31
23
10
-3
48
59
29
52
32
-15
38
26
27
40
58
28
33
88
73
46
70
59
27
46
27
16
-2
-10
28
43
19
69
49
3
3
25
40
20
17
45
58
56
45
47
47
72
125
94
95
118
72
90
116
73
75
94
101
57
59
80
78
28
17
45
30
28
37
47
59
53
53
75
76
60
29
12
9
46
54
69
49
72
78
72
101
95
91
69
50
41
35
51
37
9
10
23
17
43
67
-1
35
79
54
69
47
49
48
56
95
74
70
41
65
98
63
78
114
61
79
99
75
58
23
41
17
41
60
48
64
40
8
36
60
-9
27
36
60
79
103
63
55
54
46
39
53
63
47
33
15
48
59
55
23
50
33
68
50
39
22
46
48
17
17
18
5
4
-14
-39
-6
-2
12
-14
-33
2
-1
21
64
34
69
94
73
37
87
96
55
22
30
29
6
-3
-9
45
39
24
17
-9
-3
44
45
-12
5
14
4
21
8
41
67
45
71
70
41
54
84
39
51
34
3
18
20
35
36
59
46
46
63
37
26
14
12
43
45
54
38
20
1
-27
3
24
5
-15
15
-3
17
43
45
52
10
30
12
8
42
21
43
38
-35
-31
3
-46
-35
11
-45
-18
8
28
46
2
8
32
-18
-56
-76
-65
-58
-93
-97
-103
-79
-63
-69
-100
-88
-76
-65
-73
-101
-87
-68
-70
-42
-58
-44
-51
-90
-87
-82
-84
-105
-96
-104
-96
-95
-61
-23
-57
-55
-74
-24
-15
-41
-18
-46
-33
-51
-23
-29
-7
-22
-16
-31
-52
-58
-47
8
-51
-80
-47
-18
-3
14
6
4
72
26
-15
21
-13
-22
38
56
13
56
48
25
16
31
45
40
46
16
29
7
32
45
68
46
49
11
25
41
41
52
22
69
68
62
33
52
76
52
9
41
58
86
91
48
74
54
60
52
43
53
68
65
47
55
64
23
-3
27
31
15
60
61
45
54
64
55
33
66
33
24
1
-9
4
19
19
-2
38
3
-25
12
11
28
44
0
9
2
-20
17
19
-3
-14
-13
35
-7
-38
-23
-29
0
-16
-13
-11
-6
-13
-53
-50
-64
-28
-43
-99
-89
-54
-94
-103
-69
-100
-97
-117
-88
-82
-100
-90
-116
-97
-85
-78
-70
-70
-63
-31
-29
-61
-75
-43
-56
-97
-57
-96
-97
-69
-73
-80
-79
-92
-60
-91
-45
23
4
-8
-72
-39
-26
-52
-6
-25
-22
22
24
-1
-12
-2
6
-39
-15
-12
20
54
-25
17
-19
-13
-26
-66
-76
-34
-36
-81
-54
-43
-33
-29
-31
-9
-18
-32
-72
-61
-18
-11
-2
0
-53
-30
-55
-70
-58
-46
3
-22
6
-31
-8
-44
-56
-25
-37
-4
-54
-47
-26
-48
-9
22
18
3
-38
-16
3
3
-21
3
5
24
31
55
29
36
16
-7
-2
5
16
-18
12
-30
-49
-28
-47
4
-48
-48
-61
-59
-3
-56
-43
-40
-30
-23
10
-9
-31
-6
30
7
34
25
28
36
0
62
41
24
16
17
62
70
25
37
28
-19
35
57
64
42
49
19
2
26
64
50
53
23
27
78
77
44
41
41
14
33
43
24
21
25
16
25
50
54
65
60
25
35
71
9
9
46
41
67
32
17
62
58
7
-9
-11
37
-15
45
13
16
49
32
21
12
32
13
25
17
43
68
42
30
81
91
82
74
50
37
51
27
16
64
65
73
64
67
47
69
49
2
96
96
51
58
59
82
73
85
91
110
87
53
64
71
43
42
82
78
76
109
101
58
94
83
98
34
31
49
77
47
-6
19
23
49
10
1
5
4
-7
7
-12
0
41
52
14
21
16
-11
4
37
5
11
-16
2
8
-17
8
2
8
36
21
9
26
-29
-22
-10
-35
-26
-4
7
17
13
-24
7
8
4
20
28
25
44
36
19
76
29
40
20
13
60
28
23
22
12
-1
24
15
-17
23
50
64
87
52
36
73
75
28
50
73
50
48
46
55
61
62
48
49
60
58
92
102
76
70
35
86
62
63
65
75
84
33
16
10
40
26
12
24
21
-19
-9
4
8
-23
-22
-9
16
31
18
34
-10
20
2
2
57
58
36
70
78
88
63
28
45
40
44
19
13
25
8
59
32
34
15
46
57
17
25
-23
34
38
53
5
2
9
2
7
-39
-9
-20
-63
-22
-16
-15
15
34
27
-10
9
15
-19
-28
-33
-52
-56
-44
-47
-2
-59
-103
-66
-25
6
-30
-2
-51
-43
-13
-30
-44
-73
-50
-43
-36
-46
-96
-88
-116
-88
-110
-129
-97
-118
-128
-106
-98
-79
-70
-60
-56
-63
-38
-47
-52
-78
-30
-43
-53
-28
-28
-50
-47
-49
-18
-31
-27
-13
-26
-24
-14
-45
-61
-28
-6
5
-47
-62
-27
-33
-23
-19
-37
-17
6
2
-9
11
-29
9
35
-15
-16
-26
-14
11
-26
-13
13
7
17
29
-15
-6
-42
-44
-5
-2
32
6
2
-19
18
-10
-12
18
16
1
7
-20
-25
-19
-47
-7
14
15
11
37
-26
-5
16
35
20
-21
18
35
13
29
40
-1
-48
-25
-17
-9
-15
-20
-17
-27
10
-30
-42
-9
-4
1
-58
-57
-11
-11
-24
-37
28
21
-2
-40
-2
-25
-9
-25
-34
-43
-49
-64
-54
-56
-71
-33
-25
-35
-43
-53
-91
-68
-89
-46
-44
-44
-38
-60
-38
-42
-38
-60
-106
-71
-83
-49
-89
-68
-23
-49
-28
-27
-52
-27
-22
-27
-30
-33
-32
-56
-67
-46
-49
-24
2
-11
-3
-7
7
-22
-24
-18
-35
-13
-24
-27
-67
-54
-38
-56
-69
-78
-25
-28
-29
-12
-2
-41
-57
-5
27
36
59
37
58
63
35
39
50
42
46
55
54
46
48
9
31
43
0
15
22
23
11
-16
-8
18
16
57
-29
11
50
12
-5
-2
5
-9
-9
-57
-12
13
20
-5
-20
-55
-47
-44
-40
-16
-48
-12
-33
-46
-23
-59
-60
-47
-60
-75
-98
-64
-64
-82
-67
-53
-58
-15
-91
-70
-25
-79
-19
-41
-54
-60
-34
-17
-57
-87
-68
-88
-92
-98
-106
-75
-36
-14
1
-23
-55
-11
-44
-10
-17
-58
-31
-67
-64
-53
-30
-22
-29
-31
-18
-20
-27
-86
-59
-29
-15
-28
-56
-10
-3
-17
-43
-71
-99
-69
-72
-98
-81
-63
-40
-23
-41
-70
0
5
-19
-45
-64
-58
-49
-56
-51
-50
-44
-40
-60
-12
-24
-42
-65
-34
-37
-76
-18
-33
-9
-10
0
16
13
-12
8
9
-17
-31
-24
-19
23
-28
-28
8
-5
-48
-20
10
-8
-4
-11
-54
-73
-25
-48
-16
-34
-3
-28
-46
12
20
10
39
15
6
18
1
-14
-1
-56
-28
11
-44
-64
-59
-58
-65
-53
-55
-63
-58
-30
-32
-45
-69
-62
-83
-111
-74
-13
-21
-12
-5
6
7
-18
-5
-17
-17
6
-33
10
5
-9
-24
-59
-57
-87
-53
-81
-118
-121
-53
-70
-35
-23
-45
-45
-39
-57
-98
-49
-25
-51
-81
-94
-107
-96
-94
-106
-133
-105
-87
-138
-108
-110
-125
-89
-54
-69
-68
-37
-94
-98
-157
-104
-81
-113
-126
-131
-117
-104
-77
-75
-44
-84
-70
-108
-160
-98
-91
-129
-110
-104
-103
-104
-50
-52
-45
-47
-83
-45
-51
-60
-96
-55
-51
-53
-38
-38
-13
-49
-58
-5
67
88
23
19
-8
8
-27
11
16
23
33
-27
26
5
23
30
48
-6
-25
41
31
25
-4
6
3
17
21
-17
-21
-19
9
13
-17
23
43
19
44
35
59
0
36
14
70
48
28
-9
-13
30
3
-22
-53
32
23
6
-8
-9
-17
0
-18
-21
4
13
2
-4
-9
-1
-10
-21
-35
-54
-52
-13
-29
-51
-33
-19
7
-9
-22
8
-19
-8
-10
-33
-5
-20
5
11
15
2
16
10
48
50
69
77
28
50
55
28
50
0
-24
16
25
40
4
-2
25
25
11
4
32
46
13
42
40
24
45
28
20
26
20
41
43
24
27
63
66
-3
34
36
45
19
23
54
50
55
70
89
70
81
69
60
83
77
55
58
46
104
77
59
57
42
15
7
14
27
15
-28
18
36
42
15
-14
-38
0
-6
-20
7
0
-18
-19
-39
-26
-2
14
-15
11
-17
3
-14
-25
-80
-67
-30
-52
-38
-88
-56
-95
-104
-119
-83
-94
-116
-80
-105
-86
-97
-90
-86
-89
-82
-86
-109
-114
-140
-104
-131
-134
-116
-120
-97
-159
-116
-93
-144
-83
-95
-110
-76
-117
-79
-114
-135
-113
-145
-100
-142
-150
-120
-131
-114
-85
-104
-89
-123
-105
-75
-130
-126
-97
-108
-99
-95
-104
-124
-127
-94
-101
-115
-141
-95
-90
-146
-125
-142
-100
-100
-157
-129
-178
-163
-160
-161
-151
-168
-107
-121
-78
-82
-90
-86
-77
-116
-112
-60
-36
-47
-60
-61
-43
-46
-45
-53
-84
-64
-68
-30
-75
-74
-78
-82
-24
-63
-23
-3
29
31
-1
-21
-61
-74
-44
-70
-68
-54
-40
-50
-83
-52
-43
-71
-9
-19
-65
-19
22
-23
-42
-33
-42
-26
-71
-48
-76
-31
-42
-38
-7
-21
-36
-39
-38
-86
-77
-94
-49
-51
-83
-84
-60
-60
-98
-103
-64
-59
8
-24
-45
23
-23
-47
-84
-58
-80
-106
-95
-88
-65
-48
-81
-92
-69
-136
-109
-125
-148
-129
-100
-71
-85
-64
-84
-82
-105
-74
-64
-103
-59
-93
-73
-55
-90
-83
-109
-58
-70
-77
-93
-66
-79
-111
-79
-76
-116
-79
-86
-132
-109
-113
-98
-86
-65
-89
-117
-122
-127
-115
-135
-124
-93
-117
-127
-124
-176
-147
-163
-232
-188
-197
-154
-139
-147
-129
-155
-137
-122
-128
-175
-134
-113
-137
-153
-176
-175
-137
-135
-131
-131
-103
-94
-133
-153
-175
-137
-142
-194
-168
-147
-162
-186
-155
-213
-200
-175
-215
-183
-215
-206
-185
-143
-149
-164
-174
-140
-121
-139
-150
-121
-151
-132
-132
-144
-146
-138
-130
-145
-133
-154
-185
-194
-178
-155
-142
-142
-118
-137
-80
-91
-155
-159
-115
-145
-147
-178
-197
-165
-186
-147
-154
-156
-174
-179
-133
-120
-121
-134
-154
-183
-173
-166
-195
-225
-166
-164
-187
-136
-149
-106
-114
-127
-154
-148
-156
-169
-167
-125
-152
-152
-147
-145
-158
-180
-168
-135
-135
-119
-133
-151
-130
-168
-145
-196
-189
-171
-175
-202
-175
-149
-141
-111
-140
-121
-123
-125
-96
-96
-146
-124
-104
-116
-125
-109
-96
-72
-61
-66
-72
-82
-100
-78
-57
-118
-143
-120
-106
-172
-140
-114
-101
-108
-138
-76
-135
-102
-76
-129
-117
-150
-193
-181
-170
-129
-161
-154
-126
-117
-155
-145
-140
-129
-108
-149
-141
-114
-134
-154
-140
-206
-196
-142
-127
-136
-167
-145
-130
-180
-175
-165
-155
-171
-188
-160
-140
-107
-109
-40
-66
-84
-59
-66
-29
-74
-88
-98
-113
-101
-109
-99
-97
-94
-34
-28
-18
-5
17
2
-13
-35
1
-6
-35
-41
-44
6
0
12
7
15
31
44
74
48
19
-1
6
-26
-116
-67
-81
-137
-108
-112
-133
-108
-60
-40
-51
-65
-56
-89
-86
-113
-95
-116
-115
-103
-87
-78
-57
-35
-73
-50
-38
-32
-49
-64
-67
-35
-62
-67
-75
-66
-77
-61
-101
-79
-16
-76
-59
-57
-55
-91
-79
-79
-85
-79
-33
-65
-78
-51
-57
-28
-78
-72
-65
-46
-20
-28
-47
-32
-28
-62
-39
-74
-36
-54
-60
-46
-22
-38
-4
-9
-38
-21
-57
-25
4
-13
-5
4
10
57
62
74
12
-25
10
4
24
21
22
-30
-34
-8
-7
-10
-10
29
38
3
47
11
61
40
28
9
-28
28
-29
-25
-9
18
33
37
12
12
2
4
30
-5
1
1
25
-2
-17
12
-9
12
-2
-22
-24
-23
-7
-2
-17
2
-42
-57
-71
-55
-48
-57
-42
-52
-56
-30
-63
-60
-23
-77
-100
-71
13
-48
-56
-54
-67
-56
-31
-14
-44
-59
-83
-75
-85
-69
-77
-100
-66
-101
-106
-116
-112
-71
-36
-15
-73
-23
-59
-47
-43
-53
-49
-95
-60
-55
-69
-67
-55
-64
-57
-58
-53
5
54
30
67
11
3
-6
-7
-6
-3
17
20
24
57
63
24
4
36
24
23
48
38
33
19
75
53
25
-26
-3
-13
4
31
22
53
68
35
25
2
45
-7
1
33
-9
32
22
31
47
10
15
40
48
78
40
53
81
18
5
5
-41
-36
-41
-5
5
18
61
41
27
1
24
10
-10
-23
-16
31
1
-6
-7
-34
-51
-75
-52
-35
3
27
9
-14
54
52
-11
-4
-62
-56
-59
-62
-51
14
-31
-50
-85
-70
-68
-44
-40
-84
-47
-52
-22
-82
-79
-58
-79
-111
-95
-93
-61
-61
-58
-27
-86
-81
-111
-119
-118
-111
-136
-139
-140
-73
-61
-93
-65
-80
-61
-56
-54
-80
-21
-31
-57
-36
-47
-81
-56
-4
-15
21
64
36
71
80
23
2
19
7
-22
-19
5
44
36
73
109
65
102
98
85
89
70
48
44
19
-2
31
-8
17
26
31
-4
19
31
22
15
7
33
39
17
-15
3
-5
7
10
10
37
30
-51
-48
-37
-30
-33
-73
-116
-73
-40
-26
-50
-98
-73
-36
-17
-4
-3
-26
-47
-55
-30
-23
-46
-59
-34
-25
-38
-30
-32
-1
16
12
-3
5
1
34
5
-23
-11
-16
-16
12
-40
-88
-34
-32
-31
-28
-12
27
82
102
61
38
-14
-87
-95
-98
-139
-114
-133
-135
-95
-87
-89
-73
-86
-99
-73
-96
-128
-146
-134
-104
-123
-139
-93
-98
-72
-77
-76
-62
-73
-66
-63
-42
-54
-44
-43
-49
-55
-76
-95
-113
-58
-27
-51
-67
-45
-40
-23
-52
-94
-79
-56
-73
-64
-70
-115
-56
-116
-110
-79
-85
-88
-135
-131
-113
-110
-120
-133
-102
-97
-110
-117
-107
-129
-121
-170
-165
-160
-220
-189
-177
-197
-179
-186
-180
-174
-181
-205
-165
-136
-142
-102
-111
-109
-130
-140
-111
-113
-112
-177
-152
-125
-87
-81
-114
-119
-111
-134
-91
-85
-140
-121
-118
-88
-145
-120
-115
-136
-139
-121
-155
-138
-58
-103
-60
-134
-104
-142
-146
-126
-198
-210
-231
-220
-182
-143
-172
-166
-195
-187
-172
-193
-159
-151
-141
-167
-191
-120
-171
-150
-147
-151
-115
-103
-91
-90
-100
-86
-57
-68
-58
-75
-89
-69
-69
-61
-42
-91
-45
-58
-72
-80
-52
-56
-67
-27
-22
-52
15
2
5
25
-18
30
-27
-25
-43
-78
-88
-120
-144
-131
-159
-116
-125
-75
-100
-79
-45
-79
-71
-90
-95
-114
-126
-151
-120
-105
-92
-89
-91
-87
-47
-68
-79
-94
-62
-40
-43
-64
-91
-67
-65
-129
-179
-176
-111
-134
-152
-78
-140
-100
-89
-72
-67
-80
-107
-90
-118
-118
-108
-141
-113
-98
-86
-131
-75
-43
-55
-48
-38
-124
-95
-81
-103
-101
-128
-137
-113
-111
-113
-126
-120
-115
-158
-128
-108
-104
-133
-115
-148
-125
-143
-130
-136
-137
-131
-124
-115
-98
-94
-78
-90
-115
-131
-138
-134
-158
-90
-146
-148
-109
-134
-146
-98
-66
-96
-104
-98
-130
-108
-169
-170
-149
-142
-153
-182
-156
-152
-128
-113
-76
-100
-98
-100
-118
-149
-128
-140
-145
-161
-177
-179
-202
-217
-220
-163
-181
-203
-186
-179
-245
-219
-216
-189
-186
-212
-190
-228
-196
-192
-206
-176
-142
-128
-165
-155
-156
-144
-183
-195
-194
-177
-166
-168
-164
-143
-84
-132
-157
-125
-120
-147
-139
-136
-152
-148
-167
-156
-175
-122
-83
-97
-56
-95
-94
-55
-75
-76
-65
-70
-52
-46
-23
-39
-40
-38
-73
-70
-84
-15
9
-49
-33
-1
-30
-68
-49
-44
-35
-18
-36
-50
-23
-42
-17
0
-17
-21
-3
10
33
12
0
-10
-33
-50
-48
-35
-25
-75
-46
-49
-47
-57
-73
-62
-120
-67
-86
-81
-85
-58
-32
-79
-35
-4
4
-27
-52
-69
-53
-91
-69
-66
-113
-119
-127
-101
-84
-130
-118
-66
-95
-58
-137
-147
-156
-187
-136
-182
-192
-206
-159
-184
-220
-169
-155
-152
-173
-197
-164
-166
-182
-159
-212
-218
-249
-231
-183
-192
-167
-191
-136
-162
-145
-145
-155
-145
-160
-170
-145
-125
-122
-96
-87
-78
-95
-44
-29
-27
-41
-88
-82
-45
-84
-61
-61
-77
-31
-42
-128
-66
-61
-80
-71
-77
-69
-96
-89
-62
-44
-76
-98
-52
-32
-69
-71
-35
-54
-63
-72
-22
-33
-22
6
-8
0
11
13
-5
-26
1
-13
16
96
85
129
71
-6
27
17
18
-1
46
93
35
22
59
71
49
46
25
44
39
41
31
27
34
13
-1
22
3
-60
-29
-7
-5
-3
20
23
-30
5
-32
-29
-34
-48
-45
-65
-74
-39
-26
-16
-31
-28
-42
-54
-27
-47
-14
-3
-26
-51
-41
-88
-100
-73
-26
-49
-50
-39
-2
-13
-15
4
11
4
-15
0
8
13
5
10
19
37
49
31
65
40
-14
11
17
-8
13
20
-23
7
11
-5
-25
-4
9
1
31
33
21
31
17
9
12
-18
10
16
14
6
-6
33
64
50
37
15
0
0
-17
-1
34
91
27
24
35
-8
51
17
12
32
2
29
-5
-4
24
-15
-1
8
37
18
14
-17
-27
-39
4
-20
-22
-46
-31
-21
-51
-30
0
-10
-31
-12
-18
11
-25
-15
47
-17
-53
-62
-46
-8
-59
-69
-57
-59
-47
-21
-86
-61
-47
-67
-36
-72
-59
-49
-34
-62
-32
-57
-77
-57
-79
-60
-93
-90
-55
-36
-22
-22
-47
-36
-10
-60
-66
-61
-71
-76
-94
-99
-70
-60
-80
-91
-87
-43
-53
-52
-45
-72
-56
-70
-82
-70
-34
-55
-38
-28
-14
-22
-9
31
4
3
14
-5
26
3
-35
11
-15
4
4
-15
5
-23
-1
18
9
-13
-13
9
24
-11
-25
0
-5
-25
-64
-65
-70
-68
-72
-78
-95
-136
-71
-94
-111
-101
-123
-160
-114
-91
-99
-116
-110
-144
-132
-89
-105
-103
-111
-106
-88
-50
-87
-128
-116
-133
-128
-100
-119
-106
-75
-40
-46
-111
-90
-56
-79
-54
-51
-60
-37
-77
-35
-39
-19
-10
-15
-33
-2
59
-19
15
-6
-11
-14
-48
-25
-47
-11
-58
-29
-49
-80
-18
-56
-66
-64
-88
-77
-50
-86
-70
-81
-125
-61
-78
-66
-69
-48
-38
-67
-15
18
-61
-53
-86
-82
-57
-128
-109
-75
-111
-113
-94
-121
-125
-155
-142
-107
-75
-74
-98
-104
-101
-78
-113
-118
-74
-78
-93
-69
-34
-53
-85
-73
-69
-78
-76
-57
-41
-63
-115
-94
-89
-51
-35
-100
-62
-101
-108
-89
-70
-40
-97
-103
-78
-73
-60
-76
-109
-67
-121
-77
-34
-20
-23
-33
7
-4
9
-13
-64
-37
-40
-41
-32
-68
-13
-10
-46
-65
-58
-17
-64
-21
31
2
8
7
8
-3
-39
-26
-31
-17
-13
-39
-13
-14
-50
-75
-91
-63
-24
-58
-68
-72
-42
-22
-49
-66
-78
-47
-9
10
-8
-16
1
43
83
43
31
65
70
73
74
101
98
84
119
140
101
50
63
35
31
18
23
17
6
34
10
41
37
40
50
53
68
77
112
52
16
55
25
35
61
60
44
46
44
51
16
-8
6
5
-7
-60
-30
-31
-62
-59
-33
-89
-78
-63
-77
-58
-42
-47
-5
-58
-102
-107
-86
-35
-54
-79
-64
-40
-44
-4
-26
-2
-13
-32
-40
-39
-61
-34
-33
-74
-79
-65
-36
-3
-5
-5
27
11
7
-12
29
9
-33
-40
-30
-33
-10
7
-14
-6
-20
-5
-23
-24
-60
-56
5
-11
11
-6
6
12
-6
62
-5
12
31
-8
59
36
47
49
37
45
32
29
-28
-19
-22
-38
-33
24
-3
-34
-32
9
12
-3
-40
-36
-45
-13
-12
-56
-53
-37
17
-40
14
-4
31
9
-40
-33
-51
-19
-47
-64
-50
-40
-33
-50
-41
15
-31
-62
-24
-8
-40
-23
-40
-28
20
21
-36
4
19
37
80
48
44
47
57
80
72
40
63
6
7
29
45
53
49
34
40
20
19
46
58
55
64
54
59
53
55
57
45
8
61
69
46
49
35
94
34
25
-10
25
73
68
-1
-34
-47
-35
-17
15
8
-59
-32
-58
-55
-41
-22
-32
-50
-43
-48
-28
-49
-67
-21
-49
-54
-34
-77
-96
-36
-29
-25
-34
-50
-35
-22
-56
-41
-35
-55
1
1
2
23
43
36
59
51
1
11
9
-19
-39
-17
-7
-21
-42
15
-21
-35
-30
-33
-46
-66
-4
-27
-32
-30
-52
-40
-41
-45
6
14
-8
13
14
16
-13
11
-29
-36
-15
-28
-64
-55
-53
-49
-57
-22
11
-16
-17
-35
-36
-17
-37
-60
-59
-95
-83
-290
-730
-2431
-3524
-2616
-1545
-1656
-2711
-4472
-5254
-4589
-3929
-3882
-3764
-3715
-4545
-4658
-3843
-3412
-2917
-2407
-2074
-1413
-1112
-1324
-1110
-377
1033
1918
1915
1868
1878
2191
3171
4307
4899
4586
4123
3936
4368
5430
5853
5708
5668
5436
5327
5356
5608
4902
2563
1191
1876
3183
2826
138
-2571
-2822
-1656
-1397
-2533
-3430
-4063
-4724
-4741
-4446
-3964
-3977
-4432
-3970
-2999
-2628
-2958
-3098
-1941
-235
410
159
-96
381
1154
1942
2727
3087
2887
2432
2260
2724
3118
2706
2255
2001
1830
1292
347
-314
-530
-703
-1222
-2031
-2840
-3591
-4286
-4505
-4297
-4238
-4700
-5483
-5701
-5328
-4868
-4570
-4446
-4084
-3613
-3356
-2998
-2536
-1956
-1111
-572
-84
245
277
523
952
1678
2323
2378
2249
2171
2472
2909
3237
3363
3146
3085
3395
3633
3861
4040
3994
4292
4637
5037
5305
5357
4412
3918
3959
4305
4584
4124
2902
2019
1761
1697
1485
1123
355
-461
-714
-1187
-1610
-1746
-2092
-2263
-2167
-2449
-2609
-2963
-2923
-2471
-1915
-1634
-1618
-1714
-1580
-1146
-474
130
349
584
559
883
1195
1428
1612
1805
1868
1920
1806
1478
1351
1231
1362
1291
1003
537
-22
-316
-576
-769
-889
-1317
-1835
-2278
-2719
-2925
-2998
-3194
-3244
-3471
-3717
-3858
-4036
-3967
-3761
-3671
-3559
-3618
-3689
-3724
-3533
-3067
-2785
-2648
-2765
-2942
-2693
-2265
-1959
-1688
-1513
-1505
-1468
-1214
-796
-463
-120
97
257
714
1018
1250
1583
2061
2314
2666
3173
3570
4080
4697
4897
5285
6304
7051
7512
8245
8406
8035
7741
7716
7875
8116
7704
6525
5696
5117
4175
3015
1844
1039
591
-219
-1477
-2989
-4118
-4421
-4345
-4601
-5090
-5654
-6041
-6022
-5659
-4977
-4259
-3757
-3498
-3045
-2120
-1211
-414
329
1283
2298
2874
3007
3315
4015
4707
5215
5348
5336
5121
4552
4194
4164
4160
3618
2732
1924
1371
642
-137
-716
-988
-1381
-2168
-2936
-3387
-3605
-3736
-3755
-3600
-3493
-3607
-3729
-3522
-2828
-2200
-1827
-1505
-973
-609
-143
18
765
-544
-3180
-2102
277
641
-148
-2838
-5254
-3874
-2005
-3167
-3927
-3393
-5397
-6487
-4780
-5113
-5551
-4690
-5696
-5662
-4145
-4848
-5787
-4333
-2502
-1709
-1617
-1894
-2238
-1178
617
1602
2642
2903
2377
2410
3493
4856
5742
5900
6501
7078
7645
8148
8155
8663
10136
10753
9923
8810
7958
7616
7578
7423
6756
5616
3967
2096
1035
988
359
-943
-2082
-2972
-3858
-4819
-5901
-5827
-5269
-5193
-5672
-5942
-5868
-5602
-4911
-3738
-2521
-1711
-1540
-1551
-437
887
1994
2848
3507
4029
4255
4336
4610
5323
5718
5775
5386
4991
4405
3643
3216
2972
2798
2041
780
-345
-1121
-1771
-2275
-2922
-4109
-4872
-5162
-5576
-5984
-6480
-7041
-6899
-6417
-6221
-6515
-6412
-6217
-6020
-5089
-4496
-4303
-3925
-3842
-3533
-2896
-2530
-2427
-2253
-2071
-1976
-2006
-2195
-2206
-2025
-1797
-1865
-1990
-2347
-2549
-2097
-1528
-1051
-985
-1294
-1381
-982
-387
236
776
1178
1528
2058
2743
3703
4916
5772
6456
7570
8105
8731
10026
10898
11437
11288
10805
10718
10902
10435
9015
7460
6795
6506
5479
3855
2081
702
-365
-1417
-2474
-3444
-4424
-5605
-6752
-6868
-6681
-7089
-7413
-7384
-6909
-6068
-5847
-5425
-4415
-3291
-2281
-1376
-516
440
1367
2315
3434
4362
4999
5119
5469
6035
6323
6415
6182
5909
5625
5077
4406
3888
3253
2545
1715
837
127
-755
-1637
-2329
-2862
-3305
-3882
-4429
-4743
-4865
-4869
-4787
-4693
-4471
-4155
-3925
-3334
-3669
-5002
-4930
-3401
-2046
-1651
-2906
-4564
-4394
-2942
-2483
-2608
-2628
-3625
-4286
-3835
-3759
-3823
-3689
-4300
-4541
-4082
-4494
-5170
-5005
-4348
-3626
-3302
-3680
-4108
-3707
-2810
-2090
-1307
-848
-756
-500
55
924
2045
2911
3920
4994
5771
6794
7643
9334
10923
12259
13603
15335
16502
16589
15077
12585
10392
10038
12182
13871
11845
6158
416
-791
1557
2567
275
-3670
-6622
-8233
-9280
-9693
-9313
-9157
-9394
-10289
-10669
-10785
-10837
-9724
-6869
-3884
-2824
-3803
-4658
-2938
281
3616
5323
5844
5696
5448
6158
7722
9458
10259
10101
9336
8657
7422
6298
5901
6110
6248
4986
2518
94
-1443
-1975
-1944
-2195
-3028
-4717
-6636
-7628
-7573
-6836
-6394
-6355
-6435
-6580
-6780
-6516
-6785
-6689
-4813
-2931
-2431
-3138
-4828
-5544
-3448
-1018
-698
-1345
-2538
-4126
-3898
-2373
-2074
-2092
-2540
-4203
-4761
-4434
-4888
-4875
-4152
-3972
-4087
-4434
-5374
-5540
-4241
-3199
-2394
-1854
-2343
-2643
-1715
-246
1319
2492
2915
3536
4789
6096
7287
8959
10928
12282
13290
14117
15522
17031
17413
16403
14060
11342
10550
12029
13397
11835
6589
1234
-377
1143
1511
-926
-4310
-6864
-8454
-9498
-10274
-10424
-10256
-10513
-10951
-10860
-10948
-11023
-10165
-7625
-4620
-3257
-3741
-4079
-2495
533
3424
5154
5998
6087
6303
7028
8208
9730
10339
10217
9843
9173
8125
6971
6291
6374
6252
4938
2744
395
-1058
-1761
-2064
-2526
-3565
-5087
-6649
-7685
-7651
-7261
-6966
-6886
-6947
-7228
-9225
-9441
-7350
-5642
-4251
-4657
-6731
-6553
-4883
-4084
-3200
-1955
-2376
-3497
-3127
-3023
-3088
-1738
-2211
-3028
-2353
-3338
-4536
-4049
-3568
-3174
-2746
-3625
-4555
-4410
-3825
-3539
-2670
-2079
-2387
-1991
-1652
-1331
-155
985
1936
3345
4063
4658
5592
7250
9256
10850
12333
13263
13990
15541
16029
15875
15902
14563
12703
11274
11060
11724
10832
7411
3108
626
892
646
-1367
-3957
-6422
-7981
-9035
-10124
-10185
-10361
-10967
-11150
-11145
-10666
-10184
-9905
-8100
-5578
-4069
-3561
-3363
-2016
442
2742
4503
5505
6162
6709
7212
8414
9622
9999
10040
9617
9169
8630
7534
6623
6324
5875
4755
2922
1010
-341
-1244
-1832
-2585
-3473
-4697
-6136
-7173
-7243
-7122
-6907
-7302
-8811
-9384
-8601
-7523
-6660
-6681
-7548
-7471
-6105
-5216
-4835
-4259
-4265
-4379
-3411
-2992
-3139
-2692
-2651
-2681
-2255
-2521
-3302
-3346
-3105
-2948
-2706
-2966
-3707
-3749
-3304
-2953
-2426
-2621
-3137
-2789
-1981
-1299
-824
-642
-275
829
2052
2922
3628
4505
5791
7750
9140
9597
10486
11888
13763
15681
16485
15696
14975
14529
13347
11911
11217
10869
10862
9127
5072
1388
320
476
-98
-2029
-4665
-7135
-8654
-9639
-9871
-9465
-9627
-10501
-10980
-10770
-10272
-9391
-8218
-6308
-4319
-3545
-3413
-2637
-711
1794
3967
5298
5854
6142
6561
7379
8812
9817
9985
9581
8921
8357
7649
6825
6276
5887
5037
3514
1692
144
-942
-1645
-2242
-3073
-4147
-5445
-6631
-7152
-7024
-6918
-6698
-8721
-10199
-8795
-7484
-6586
-6634
-8445
-8570
-6560
-5319
-5197
-4594
-4428
-5130
-4081
-2933
-3396
-2759
-2571
-3315
-2283
-2074
-3509
-3582
-3021
-2779
-2361
-2658
-3681
-3844
-3122
-2874
-2415
-2184
-3151
-3215
-2214
-1418
-815
-581
-757
307
1652
2522
3344
4057
5209
6504
7685
8746
9654
10994
12311
13592
15237
16145
15875
14928
13745
13539
12866
11297
10509
9986
8715
5973
2165
126
235
-78
-1969
-4824
-6961
-8286
-9399
-9899
-10093
-10135
-10251
-10965
-11033
-10178
-9421
-8305
-6575
-4905
-3658
-3278
-2713
-947
1486
3711
4925
5540
6133
6644
7488
8634
9539
9965
9641
8933
8431
7848
7165
6558
5924
5218
3877
2062
515
-575
-1214
-1827
-2794
-3917
-5147
-6270
-6765
-6791
-6566
-7362
-8508
-8969
-8522
-7501
-7146
-7821
-8207
-7698
-6604
-5576
-5152
-5136
-5211
-4621
-3712
-3127
-2801
-2924
-3031
-2668
-2420
-2502
-2824
-3144
-3003
-2735
-2829
-3238
-3562
-3595
-3258
-2831
-2599
-2927
-3417
-3398
-2751
-1755
-1091
-1106
-956
-307
636
1593
2478
3536
4637
5488
6293
7195
8701
10278
11276
11846
12898
14342
15739
16870
16388
14742
13069
11609
11092
11524
11165
9213
5874
2654
646
90
-23
-1305
-3832
-6028
-8017
-9102
-9383
-9585
-9473
-9385
-9807
-10188
-10190
-9631
-8066
-6140
-4350
-3386
-3092
-2549
-1200
1086
3419
4978
5711
6040
6229
7050
7974
8959
9682
9572
9020
8145
7226
6645
6319
5933
5255
3937
2157
534
-619
-1146
-1712
-2536
-3653
-4882
-5917
-6455
-6672
-6500
-6538
-6546
-7449
-9529
-9183
-7759
-6904
-5996
-6819
-7974
-6968
-5883
-5589
-4835
-3831
-4025
-4329
-3593
-3673
-3575
-2447
-2775
-2791
-2086
-3205
-4098
-3538
-3186
-2832
-2664
-3434
-4060
-3671
-3184
-3025
-2503
-2494
-2961
-2342
-1836
-1531
-677
-160
305
1428
2090
2578
3717
4698
5565
6592
7647
8779
9995
11211
11776
12772
14359
15660
16838
16448
14091
12155
11546
11670
11919
10606
8194
5428
2905
1041
80
-382
-1410
-3726
-6096
-7898
-8853
-9157
-9389
-9275
-9113
-9757
-10318
-10242
-9322
-7507
-5743
-4667
-3771
-3198
-2530
-1007
1199
3383
4804
5411
5738
6178
7078
8025
8866
9492
9366
8638
7820
7065
6702
6436
5845
4863
3611
1988
561
-531
-1140
-1761
-2670
-3791
-5017
-5899
-6342
-6705
-6867
-6976
-7480
-7935
-8011
-8198
-8063
-7240
-6887
-6650
-6244
-6308
-6258
-5381
-4654
-4292
-3711
-3561
-3860
-3636
-3290
-3231
-2861
-2656
-3191
-3370
-3418
-3784
-3625
-3402
-3582
-3663
-3574
-3777
-3720
-3300
-3268
-3217
-2881
-2630
-2130
-1501
-1242
-783
-25
671
1352
1939
2847
4083
5214
6047
6804
7719
8645
9761
11015
12060
12962
13675
14528
15805
16066
14417
12280
11433
11490
11282
10007
7733
5569
3627
1475
112
-593
-1691
-3693
-5813
-7166
-8008
-8790
-9412
-9552
-9092
-8990
-9572
-9719
-8916
-7457
-5854
-4636
-3666
-2833
-2065
-867
1071
3051
4394
5047
5442
6167
6944
7589
8201
8595
8767
8319
7457
6827
6328
5829
5208
4299
3186
1762
300
-844
-1549
-2168
-2976
-4125
-5146
-5793
-6321
-6703
-7127
-7347
-7520
-7918
-8559
-8801
-8035
-7319
-7054
-6881
-7145
-6915
-6032
-5525
-4919
-4221
-4134
-4208
-3942
-3576
-3406
-3098
-2869
-3106
-3040
-3263
-3902
-3831
-3530
-3584
-3587
-3826
-4266
-4248
-3990
-3695
-3327
-3168
-3349
-3417
-2969
-2310
-1636
-968
-626
-311
379
1056
2101
3337
4359
5342
6096
6771
7690
8821
9904
11217
12233
13000
13773
14578
15028
14425
13120
12206
11673
11178
10061
7978
6140
4667
2981
1210
-437
-1698
-2976
-4853
-6339
-7327
-8154
-8850
-9463
-9519
-9229
-9452
-9563
-9017
-7904
-6523
-5582
-4741
-3596
-2479
-1246
168
1577
3110
4072
4730
5535
6264
6970
7366
7615
8009
7938
7456
6878
6274
5823
5190
4184
3197
2130
972
-142
-1279
-2099
-2945
-3893
-4806
-5591
-6197
-6805
-7488
-7992
-8043
-7797
-8623
-9231
-8840
-8519
-7671
-6988
-7517
-7370
-6553
-6198
-5518
-4573
-4277
-4470
-4204
-3786
-3725
-3163
-3007
-3492
-3130
-3059
-3800
-3807
-3762
-3906
-3664
-3766
-4258
-4350
-4185
-4059
-3648
-3198
-3456
-3634
-3213
-2772
-1929
-1161
-1057
-765
-41
849
1906
2818
3658
4781
5785
6765
7726
8556
9564
10437
11082
12310
13540
14235
14960
14529
13418
12106
11271
11305
10771
9222
7128
4867
3600
2172
86
-1007
-2064
-3579
-5145
-6981
-8050
-8308
-8637
-8688
-8783
-8944
-9130
-9151
-8194
-6602
-5353
-4322
-3671
-2856
-1527
-342
1169
2779
3973
4981
5497
5817
6617
7261
7873
8359
8319
8082
7326
6581
6171
5744
5243
4444
3217
1969
663
-528
-1178
-1803
-2458
-3458
-4597
-5434
-5835
-6126
-6409
-6956
-7312
-7702
-8222
-7735
-7334
-7080
-6487
-6591
-6485
-5755
-5276
-4791
-4186
-3692
-3554
-3511
-3108
-3029
-2836
-2265
-2614
-2674
-2530
-3010
-3132
-2912
-3064
-3055
-3109
-3416
-3521
-3344
-2973
-2878
-2519
-2436
-2642
-2317
-1834
-1229
-384
65
437
1209
1780
2184
2985
4217
5445
6636
7249
7312
8162
9571
10727
11880
12624
12908
13623
14748
15663
15268
13592
11954
11787
12476
11718
9134
6349
4961
4418
3386
1393
-676
-1956
-3205
-4460
-5385
-6235
-7163
-7797
-7999
-7604
-7250
-7728
-7798
-6706
-4971
-3757
-3244
-2796
-1762
-195
1401
2658
3828
4717
5336
6174
7075
7901
8238
8336
8525
8793
8487
7724
6972
6534
6199
5436
4272
3085
1972
937
40
-830
-1683
-2599
-3597
-4452
-4879
-5330
-5908
-6705
-7241
-7460
-7491
-7199
-7152
-7198
-6894
-6716
-6286
-5605
-5199
-4896
-4508
-3947
-3585
-3263
-3112
-2996
-2728
-2471
-2546
-2628
-2665
-2808
-2897
-2870
-3040
-3204
-3387
-3530
-3406
-3251
-3098
-3074
-2916
-2764
-2701
-2478
-2199
-1736
-1072
-619
-142
162
708
1715
2771
3641
4298
4898
5831
6943
7800
8815
9503
10258
11313
11698
12681
13946
14997
15326
13776
11895
10991
11270
11755
10249
7565
5506
3965
2917
1675
-43
-1420
-2660
-4119
-5531
-6798
-7524
-7934
-8143
-7932
-7952
-8383
-8648
-8182
-6684
-5090
-4156
-3658
-3084
-2147
-631
862
2365
3693
4363
4978
5554
6117
6845
7335
7746
8006
7721
7039
6229
5658
5366
4916
4047
2832
1409
272
-688
-1458
-2054
-2927
-3911
-4821
-5589
-5996
-6295
-6995
-7524
-7916
-8076
-7748
-7615
-7605
-7425
-7222
-6837
-6222
-5752
-5429
-5062
-4467
-4072
-3766
-3426
-3325
-3187
-2765
-2758
-2878
-2835
-2996
-3100
-3050
-3145
-3367
-3454
-3524
-3584
-3462
-3292
-3253
-3056
-2699
-2675
-2480
-2195
-1952
-1372
-641
-157
352
766
1245
1944
2956
3912
5079
6002
6681
7044
7914
9125
10121
11257
12053
12693
13560
14306
14874
14573
13240
11933
11656
11808
10850
8436
6073
5093
4487
3061
617
-1260
-2218
-3210
-4528
-5687
-6603
-7244
-7889
-8228
-7862
-7705
-7864
-7715
-6752
-5323
-4183
-3701
-2953
-1622
-69
1192
2289
3484
4490
5257
6076
6836
7491
7820
7847
8017
8179
7816
7155
6406
5806
5330
4373
3210
2043
1020
115
-886
-1810
-2600
-3487
-4358
-4976
-5416
-5619
-6114
-6261
-7064
-8310
-8152
-7210
-6315
-5806
-6559
-7462
-6834
-5523
-4773
-4463
-4029
-4159
-4379
-3741
-3423
-3243
-2633
-2787
-3098
-2874
-3133
-3695
-3571
-3179
-3036
-3271
-3787
-4426
-4394
-3751
-3397
-2996
-2834
-3090
-3152
-2787
-2371
-1687
-1014
-476
2
263
481
1066
2555
3934
4559
4918
5431
6642
7835
8411
9306
10287
11125
11984
12495
13100
14571
15155
13981
12144
11087
11225
11291
9926
7562
5433
4508
3351
1184
-518
-1617
-2636
-3791
-5433
-6753
-7305
-8006
-8328
-8030
-7698
-7855
-8255
-7909
-6576
-5103
-4023
-3454
-2538
-1340
-273
1036
2462
3766
4788
5431
5938
6602
6939
7194
7592
7849
7747
6998
6029
5395
5015
4457
3573
2419
1336
167
-1061
-1992
-2688
-3246
-3934
-4983
-5627
-6049
-6401
-6507
-6481
-6340
-6656
-6965
-7098
-7336
-7066
-6260
-5763
-5201
-5101
-5674
-5669
-4849
-3975
-3623
-3480
-3672
-4031
-3798
-3470
-3521
-3278
-3249
-3844
-4075
-4199
-4519
-4424
-4235
-4031
-4059
-4157
-4387
-4387
-3712
-3001
-2586
-2425
-2484
-2448
-1753
-842
-27
632
903
1242
2069
2916
3742
4623
5434
6414
7185
7629
8451
9373
10101
10859
11604
12738
13714
14301
13850
12481
11036
10402
10467
10390
9044
6375
3956
2581
1818
796
-670
-2199
-3638
-5124
-6390
-7137
-7537
-7749
-7929
-8020
-7968
-8030
-7956
-7238
-5740
-4149
-3317
-2907
-2221
-1157
374
1935
3233
4215
4770
5170
5661
6358
6914
7240
7306
7225
6856
6085
5324
4715
4385
3829
2874
1518
218
-829
-1670
-2225
-2854
-3557
-4537
-5409
-5961
-6123
-6159
-6160
-6193
-6120
-6342
-6662
-6693
-6926
-6114
-4973
-4897
-5021
-5311
-5601
-4954
-3921
-3376
-3410
-3549
-3783
-4139
-3694
-3122
-3434
-3302
-3526
-4180
-4272
-4388
-4603
-4273
-3954
-4106
-4397
-4625
-4448
-4014
-3111
-2612
-2490
-2392
-2510
-2111
-1095
-82
646
939
1054
1491
2069
3293
4420
4984
5543
6077
6652
7845
8690
9094
9849
10783
11508
12268
12860
13596
14193
13516
11802
10216
10118
10371
9463
7555
5171
3247
2514
1341
-48
-1119
-2476
-4000
-5175
-6161
-6586
-6974
-7293
-7318
-7172
-6972
-7047
-6871
-5732
-4288
-3162
-2332
-1834
-977
256
1456
2931
4074
4706
5247
5535
6117
6728
6934
7181
7128
6865
6342
5521
4844
4415
3772
3029
2056
943
-124
-1262
-2094
-2613
-3328
-3917
-4647
-5429
-5743
-6004
-6035
-5878
-5819
-5699
-6033
-7015
-6845
-5674
-4722
-4218
-4624
-5423
-5166
-4217
-3536
-3234
-2853
-3013
-3681
-3397
-3068
-3130
-2813
-2925
-3397
-3307
-3607
-4269
-4309
-3960
-3722
-3777
-3979
-4418
-4381
-3750
-3206
-2669
-2214
-2324
-2449
-1942
-1305
-473
310
586
1136
1734
2047
2514
3402
4693
5861
6204
6223
6775
7911
9474
10389
10387
10764
11435
12450
13763
14514
13604
11508
10070
10031
10907
10532
7918
4658
3163
2953
2212
614
-1364
-3131
-3977
-4740
-5735
-6546
-7315
-7790
-7564
-7100
-7023
-7400
-7459
-6470
-4664
-3206
-2791
-2522
-1689
-285
1267
2566
3452
4110
4680
5237
5925
6481
6664
6682
6757
6710
6360
5523
4661
4131
3687
3009
1931
726
-357
-1402
-2193
-2795
-3399
-4101
-5003
-5603
-5928
-6057
-6231
-6305
-6288
-6330
-6555
-7146
-6923
-6069
-5374
-4971
-5062
-5381
-5003
-4413
-3893
-3362
-2947
-3145
-3564
-3425
-3141
-3086
-2849
-3037
-3478
-3499
-3816
-4236
-4114
-3919
-3914
-4008
-4212
-4368
-4309
-3908
-3395
-2821
-2389
-2395
-2504
-2162
-1556
-846
126
663
1056
1215
1558
2262
3433
4752
5531
5970
6535
7032
7964
9046
9894
10369
10941
11399
11953
12894
13828
13474
11888
10240
9493
10100
10125
7999
4887
2728
2320
2143
719
-1323
-3333
-4459
-5027
-5764
-6500
-7230
-7912
-8008
-7634
-7226
-7134
-7370
-6697
-5215
-3784
-2836
-2513
-1923
-571
894
2159
3146
3781
4250
4770
5442
6138
6376
6317
6213
6084
5956
5298
4397
3723
3156
2503
1558
421
-698
-1713
-2543
-3145
-3724
-4361
-5207
-5914
-6235
-6265
-6313
-6367
-6468
-6594
-7074
-7285
-6662
-5980
-5613
-5445
-5618
-5453
-4810
-4417
-4096
-3606
-3298
-3458
-3576
-3375
-3288
-3229
-2996
-3224
-3326
-3434
-3980
-4249
-4107
-3990
-3996
-4148
-4381
-4449
-4263
-3899
-3528
-2994
-2611
-2540
-2446
-2126
-1660
-924
-117
516
912
1050
1368
2162
3378
4593
5345
5619
5744
6370
7603
8792
9954
10448
10382
10685
11392
12708
14313
13967
11722
9318
8631
9817
10281
8292
5096
2742
1941
1368
13
-1406
-2871
-4242
-5390
-6426
-7015
-7468
-8249
-8160
-7487
-7244
-7598
-8067
-7439
-5535
-3771
-2775
-2527
-2112
-1020
316
1936
3343
4034
4424
4676
5212
5977
6175
6221
6410
6396
6108
5213
4140
3513
3080
2604
1794
638
-648
-1854
-2741
-3213
-3537
-4059
-4985
-5869
-6269
-6357
-6330
-6252
-6591
-6834
-6695
-6663
-6364
-5942
-5761
-5444
-4882
-4461
-4308
-4130
-3759
-3471
-3004
-2582
-2799
-2951
-2857
-2950
-2742
-2577
-2875
-3238
-3553
-3631
-3659
-3659
-3769
-3999
-4067
-3988
-3903
-3646
-3496
-3240
-2747
-2201
-1947
-1709
-1449
-952
-86
726
1354
1696
1979
2636
3608
4838
5831
6177
6694
7529
8368
9359
10093
10703
11338
11976
12743
13526
13999
13149
11240
10166
10266
10489
9455
6854
4206
2908
2302
1295
-389
-2095
-3528
-4799
-5809
-6531
-6993
-7537
-8073
-8073
-7609
-7479
-7584
-7310
-6276
-4636
-3411
-2900
-2413
-1463
-44
1495
2711
3642
4236
4638
5198
5877
6473
6656
6544
6416
6232
5829
5031
4179
3576
3012
2184
1168
6
-1116
-2009
-2787
-3382
-4012
-4797
-5590
-6165
-6257
-6201
-6224
-6276
-6876
-7298
-6877
-6235
-5734
-5408
-5473
-5518
-4994
-4185
-3879
-3549
-3109
-3155
-3051
-2707
-2740
-2787
-2615
-2666
-2786
-2899
-3244
-3681
-3714
-3568
-3667
-3830
-4182
-4528
-4488
-4137
-3870
-3524
-3343
-3227
-2888
-2381
-1971
-1558
-1168
-562
102
723
1310
1744
2168
2882
3787
4807
5787
6384
6786
7669
8601
9132
9746
10656
11579
12025
12496
13162
13707
12981
10910
8824
8962
10028
9216
6498
3402
1642
1239
494
-951
-2431
-3972
-5326
-6573
-7221
-7355
-7811
-8317
-8236
-7720
-7389
-7605
-7578
-6307
-4440
-3002
-2415
-2169
-1349
-61
1441
3077
4025
4578
4760
5040
5755
6373
6552
6514
6306
6018
5435
4459
3668
3097
2637
1866
763
-434
-1623
-2675
-3374
-3869
-4402
-5064
-5967
-6555
-6634
-6586
-6391
-6367
-6966
-7187
-6766
-6263
-5735
-5446
-5448
-5300
-4639
-4043
-3842
-3409
-3135
-3265
-2896
-2545
-2782
-2753
-2809
-2995
-2873
-2943
-3394
-3852
-3970
-4001
-4099
-4127
-4342
-4698
-4617
-4422
-4133
-3750
-3515
-3321
-2899
-2389
-1985
-1586
-1192
-501
220
1008
1636
1872
2353
3055
4039
5382
6393
6569
6606
7501
8918
10061
10573
10450
10789
12063
13293
13737
13040
11340
9626
9134
9809
9705
7591
4572
2317
1483
1350
185
-1904
-3622
-4796
-5582
-6341
-7020
-7639
-8165
-8135
-7574
-7262
-7311
-7479
-6867
-5149
-3401
-2504
-2225
-1790
-617
1055
2549
3676
4303
4644
5046
5582
6296
6691
6600
6444
6167
5899
5253
4321
3507
2933
2310
1478
308
-977
-2058
-2865
-3416
-3932
-4603
-5255
-5949
-6327
-6371
-6234
-6160
-6842
-7169
-6722
-6171
-5469
-5189
-5499
-5263
-4658
-4026
-3616
-3126
-2869
-3021
-2698
-2294
-2420
-2288
-2359
-2678
-2565
-2613
-3101
-3417
-3602
-3606
-3639
-3786
-4057
-4418
-4409
-4221
-4001
-3622
-3410
-3239
-2863
-2387
-1969
-1649
-1231
-695
-88
700
1371
1842
2470
3082
3840
4897
5865
6406
6616
7286
8401
9490
10300
10487
10784
11592
12296
13093
13678
12778
10724
9208
8972
9812
9178
6489
3499
1846
1654
883
-785
-2286
-3788
-5092
-6012
-6771
-7059
-7465
-7980
-7917
-7403
-6939
-7032
-7111
-6003
-4129
-2804
-2111
-1774
-990
401
1815
3213
4186
4701
5053
5345
5986
6590
6708
6645
6427
6115
5740
4818
3933
3352
2691
1997
1000
-223
-1377
-2426
-3147
-3639
-4115
-4751
-5491
-6027
-6200
-6117
-5933
-6369
-6924
-6663
-6106
-5415
-4883
-5109
-5214
-4770
-4060
-3379
-3104
-2894
-2921
-2869
-2403
-2214
-2230
-2180
-2493
-2581
-2570
-2915
-3197
-3441
-3516
-3503
-3698
-4005
-4401
-4555
-4274
-3950
-3554
-3411
-3458
-3172
-2582
-1907
-1411
-1194
-862
-273
472
1248
1735
2169
2717
3475
4516
5294
5586
6048
7007
8093
8767
9230
9378
9860
10982
11612
12074
12915
13456
12517
10294
8473
8443
9533
9343
6577
3294
1550
981
432
-674
-2099
-3417
-4927
-6276
-6931
-7131
-7254
-7509
-7458
-6971
-6786
-7165
-7104
-5817
-3878
-2325
-1705
-1487
-926
203
1781
3344
4605
5107
4986
5163
5689
6307
6630
6627
6403
6090
5368
4399
3583
3049
2601
1830
848
-412
-1602
-2589
-3365
-3723
-3929
-4442
-5259
-5946
-6285
-6046
-5930
-6547
-6738
-6313
-5907
-5331
-5259
-5503
-5228
-4460
-3751
-3340
-2924
-3033
-3249
-2667
-2108
-2083
-2031
-2344
-2669
-2601
-2622
-2866
-3082
-3300
-3441
-3632
-3804
-3999
-4210
-4161
-3947
-3716
-3468
-3409
-3229
-2827
-2254
-1649
-1388
-962
-569
-57
717
1304
1843
2647
3230
3792
4328
5114
6243
7182
7693
7753
8114
9387
10349
11031
11527
11634
12184
13188
13258
11746
9632
8235
8769
9715
8642
5209
1840
518
685
521
-820
-2961
-4932
-6100
-6832
-6846
-6763
-7383
-7930
-7796
-7261
-6726
-6775
-6479
-5045
-3199
-1904
-1493
-1282
-520
1072
2856
4235
4993
5066
4989
5369
6212
6897
6941
6539
5935
5533
4923
4118
3424
2759
2063
1101
-19
-1178
-2246
-3156
-3681
-3995
-4381
-5090
-5844
-6286
-6284
-5852
-5794
-6226
-6676
-6484
-5694
-4870
-4580
-4779
-4880
-4291
-3441
-2953
-2669
-2641
-2710
-2449
-2084
-1934
-2188
-2437
-2594
-2563
-2463
-2839
-3424
-3752
-3804
-3720
-3695
-3992
-4336
-4491
-4226
-3795
-3400
-3141
-3063
-2754
-2169
-1595
-1233
-852
-561
32
808
1521
1983
2455
2895
3476
4405
5418
6221
7065
7481
7622
8477
9545
10044
10469
11018
11495
12452
13211
12209
9963
8526
8450
9357
9632
7157
3348
975
465
721
355
-1384
-3734
-5523
-6514
-6794
-6607
-6849
-7447
-7751
-7361
-6977
-6811
-6900
-6084
-4214
-2555
-1702
-1596
-1471
-368
1558
3301
4504
4819
4564
4578
5227
6153
6687
6605
6056
5505
5047
4273
3456
2874
2320
1636
728
-464
-1749
-2845
-3603
-3803
-3919
-4388
-5267
-6052
-6314
-6065
-5916
-6414
-6769
-6352
-5679
-5190
-5106
-5355
-5285
-4504
-3548
-3093
-2823
-2927
-3198
-2857
-2120
-1856
-2038
-2383
-2738
-2846
-2740
-2823
-3235
-3489
-3572
-3763
-3973
-4165
-4420
-4494
-4226
-3890
-3622
-3520
-3407
-3156
-2498
-1848
-1519
-1172
-839
-389
334
934
1483
2148
2712
3379
4106
4823
5569
6330
7105
7796
8456
8632
9014
9876
11027
11641
11901
12272
12490
11720
9833
8084
8125
9273
9227
6534
2709
462
151
283
-210
-1890
-4036
-5773
-6896
-7197
-6932
-6806
-7253
-7661
-7407
-7039
-6932
-6593
-5539
-3788
-2121
-1584
-1477
-1077
93
1892
3627
4689
4933
4639
4574
5198
6103
6630
6445
5915
5287
4583
3803
3028
2544
2023
1232
180
-1021
-2283
-3191
-3790
-4077
-4139
-4668
-5490
-6184
-6440
-6170
-6360
-6714
-6554
-6068
-5510
-5329
-5626
-5616
-4977
-3897
-3294
-2973
-2841
-3206
-3131
-2466
-1904
-1713
-2006
-2584
-2808
-2769
-2747
-2881
-3177
-3310
-3618
-3951
-4137
-4327
-4274
-4097
-3852
-3554
-3490
-3361
-3069
-2508
-1746
-1329
-1185
-902
-492
121
902
1491
2084
2688
3160
3814
4609
5489
6302
6894
7439
7944
8752
9624
10094
10307
10502
10972
12149
13175
12353
9825
7529
7372
8762
9499
7478
3446
510
-181
167
135
-1171
-3350
-5278
-6405
-6776
-6680
-6610
-7050
-7350
-6942
-6425
-6285
-6419
-5803
-3971
-1969
-935
-725
-730
5
1560
3392
4817
5294
5023
4765
5123
5878
6439
6499
6123
5536
4896
4120
3258
2574
2056
1398
553
-569
-1791
-2846
-3629
-3954
-4008
-4287
-4942
-5749
-6100
-6038
-6373
-6556
-6222
-5458
-4749
-4865
-5429
-5647
-4873
-3588
-2819
-2469
-2635
-3173
-3171
-2459
-1797
-1450
-1735
-2333
-2703
-2766
-2706
-2873
-3024
-3069
-3315
-3774
-4112
-4337
-4242
-3973
-3620
-3365
-3340
-3289
-3129
-2408
-1550
-1126
-995
-821
-361
512
1231
1697
2350
2891
3541
4287
4800
5498
6314
7414
8234
8491
8877
9271
9950
10894
11705
12354
12976
12815
11455
9373
8150
8450
9327
8906
6127
2517
469
-59
27
-508
-2015
-3916
-5711
-6999
-7360
-7023
-6844
-7001
-7272
-7058
-6864
-6829
-6418
-5061
-3126
-1571
-1033
-959
-520
594
2401
4038
5255
5522
5142
4985
5526
6251
6740
6690
6145
5514
4533
3612
2858
2352
1852
1094
38
-1178
-2424
-3473
-4075
-4284
-4229
-4705
-5540
-6235
-6408
-6054
-5824
-5911
-6112
-5994
-5237
-4621
-4615
-4637
-4561
-3968
-2904
-2287
-2351
-2685
-2742
-2538
-2027
-1539
-1895
-2505
-2853
-3017
-2985
-2950
-3329
-3792
-4052
-4137
-4249
-4458
-4447
-4429
-4252
-3876
-3579
-3379
-2966
-2413
-1761
-1220
-952
-715
-302
538
1460
2029
2460
2705
3268
4279
5250
5845
6314
6855
7356
8219
9086
9400
9712
10360
10959
11463
12343
12596
11264
9301
7829
7804
8830
8603
5799
2393
454
108
9
-690
-2259
-4076
-5552
-6563
-6941
-6911
-6914
-7114
-7043
-6719
-6452
-6435
-6228
-5016
-3135
-1571
-819
-744
-422
685
2300
3953
5080
5351
5094
4998
5368
6026
6371
6317
5850
5258
4468
3505
2704
2071
1526
875
-128
-1259
-2442
-3478
-4074
-4264
-4379
-4754
-5369
-5955
-6131
-5836
-5643
-5692
-5836
-5802
-5237
-4582
-4261
-4246
-4308
-3991
-3171
-2467
-2337
-2590
-2785
-2650
-2284
-1932
-2171
-2610
-2980
-3275
-3223
-3213
-3547
-3948
-4213
-4303
-4246
-4313
-4495
-4581
-4339
-3912
-3458
-3152
-2925
-2519
-1885
-1253
-674
-247
-140
469
1291
2030
2668
2999
3251
3887
4925
5701
6206
6834
7263
7860
8632
9276
9791
10361
10686
11035
11749
12543
11788
9598
7755
7271
8112
8419
6369
2997
697
-43
-242
-872
-1997
-3657
-5362
-6321
-6728
-6605
-6668
-7179
-7191
-6503
-5890
-5753
-5890
-5111
-3414
-1714
-589
-189
74
835
2079
3687
5114
5618
5455
5229
5518
6097
6379
6263
5832
5327
4631
3703
2759
2043
1367
624
-156
-1118
-2223
-3316
-4163
-4545
-4525
-4672
-5216
-5747
-5924
-5764
-5364
-5178
-5203
-5245
-5077
-4503
-3750
-3413
-3448
-3480
-3190
-2575
-2022
-1963
-2192
-2383
-2342
-2202
-2181
-2425
-2843
-3211
-3378
-3467
-3642
-4081
-4438
-4610
-4666
-4500
-4503
-4621
-4638
-4368
-3835
-3327
-2886
-2602
-2204
-1570
-921
-371
124
531
1015
1695
2339
2979
3474
3903
4390
5094
6032
6780
7251
7679
8003
8446
9305
9994
10290
10698
11588
12369
12167
10164
7670
7065
8324
9080
7324
3829
822
-159
116
-150
-1386
-3073
-4976
-6213
-6686
-6667
-6633
-7063
-7315
-6765
-6152
-5978
-6118
-5750
-4106
-2155
-853
-531
-459
58
1330
3159
4714
5465
5344
5016
5116
5779
6305
6317
5899
5365
4671
3948
2974
2166
1544
868
172
-748
-1866
-3048
-4020
-4445
-4494
-4517
-4880
-5549
-5959
-5936
-5524
-4889
-4642
-4730
-4768
-4636
-4219
-3508
-2994
-2797
-2835
-2759
-2625
-2473
-2138
-2062
-2249
-2275
-2532
-2859
-3173
-3434
-3507
-3682
-3872
-4296
-4761
-4966
-5002
-4906
-4670
-4666
-4767
-4766
-4419
-3825
-3243
-2731
-2302
-1836
-1211
-664
-261
235
738
1383
2072
2579
2926
3331
3932
4560
5097
5594
6176
6928
7751
8006
8073
8762
9572
10520
11210
11214
11570
11308
9917
8413
7826
8022
8166
6808
4107
1631
470
-63
-612
-1315
-2712
-4442
-5746
-6649
-6618
-6272
-6483
-6586
-6475
-6256
-5971
-5754
-5034
-3591
-2121
-1011
-452
-99
558
1664
3183
4501
5327
5442
5169
5176
5575
5957
6244
6024
5387
4599
3630
2745
2099
1523
738
-8
-967
-1986
-3024
-3892
-4334
-4484
-4522
-4788
-5226
-5637
-5718
-5333
-4669
-4218
-4283
-4436
-4511
-4057
-3284
-2638
-2401
-2567
-2687
-2602
-2238
-1915
-1962
-2206
-2356
-2645
-2821
-2995
-3354
-3518
-3701
-3883
-4130
-4507
-4841
-4961
-4834
-4590
-4493
-4516
-4602
-4351
-3764
-3176
-2595
-2070
-1606
-1047
-578
-145
445
881
1482
2199
2687
3141
3581
3944
4514
5305
5876
6252
6915
7648
8197
8629
8962
9440
10387
11318
11903
12426
11480
9114
7427
7561
8759
9010
6515
2887
561
195
231
-361
-1599
-3285
-4998
-6058
-6551
-6381
-6368
-6879
-6729
-6215
-5759
-5685
-5847
-5037
-3090
-1368
-347
-74
5
718
2025
3765
5160
5710
5489
5114
5320
5929
6175
6157
5716
5095
4424
3448
2511
1705
971
343
-359
-1245
-2283
-3520
-4434
-4714
-4614
-4509
-4886
-5490
-5842
-5738
-5173
-4529
-3805
-3452
-3762
-3922
-3700
-3287
-2198
-1449
-1569
-1841
-2232
-2420
-2155
-1679
-1635
-2067
-2442
-3015
-3583
-3627
-3727
-3967
-4075
-4368
-4845
-5288
-5519
-5451
-5140
-4720
-4487
-4547
-4496
-4190
-3665
-2847
-1921
-1243
-900
-510
-207
139
894
1675
2314
2910
3152
3230
3567
4009
4767
5531
6167
6631
6922
7023
7443
8214
9232
10040
10269
10343
10967
11317
10079
8064
7041
7395
8364
7535
4274
1364
233
67
0
-733
-2265
-4101
-5711
-6452
-6172
-5578
-5888
-6643
-6602
-6032
-5412
-5212
-5008
-3824
-2189
-1091
-368
-12
437
1357
2657
4135
5280
5349
4868
4647
5066
5679
5848
5560
4869
4102
3326
2487
1891
1271
423
-358
-1175
-2045
-2942
-3934
-4521
-4573
-4499
-4626
-5073
-5481
-5526
-5193
-4589
-3875
-3578
-3696
-3983
-3830
-3276
-2454
-1930
-1987
-2202
-2458
-2587
-2351
-2024
-1975
-2284
-2729
-3224
-3586
-3820
-4055
-4179
-4280
-4557
-4925
-5319
-5535
-5347
-4935
-4633
-4524
-4455
-4450
-4130
-3482
-2726
-1947
-1397
-975
-584
-176
211
715
1317
2053
2680
2942
3117
3409
3781
4448
5303
6120
6686
6928
7020
7335
8388
9491
10055
10372
10605
11095
11117
9723
7897
7116
7617
8243
6995
3878
1090
-87
-193
-374
-1203
-2678
-4541
-6008
-6755
-6539
-5967
-6201
-6662
-6532
-6073
-5580
-5330
-4889
-3559
-1898
-729
-64
181
684
1749
3128
4627
5511
5582
5119
4909
5293
5740
5959
5605
4889
4077
3130
2232
1567
857
152
-624
-1463
-2400
-3412
-4300
-4843
-4872
-4696
-4766
-5181
-5574
-5637
-5236
-4459
-3613
-3033
-3017
-3351
-3394
-3082
-2337
-1431
-1056
-1382
-1948
-2325
-2298
-1981
-1653
-1852
-2393
-2916
-3522
-4006
-4135
-4155
-4272
-4430
-4805
-5300
-5660
-5601
-5249
-4812
-4427
-4292
-4356
-4242
-3750
-2950
-2009
-1117
-508
-117
175
378
784
1458
2377
3193
3554
3486
3427
3752
4559
5753
6565
6695
6699
6999
7590
8405
9363
9988
10288
10729
11303
11301
10103
8199
7019
7464
8406
7353
4264
1343
-52
-213
-336
-1063
-2459
-4194
-5867
-6735
-6398
-5820
-5997
-6574
-6622
-5924
-5222
-5075
-4794
-3540
-1882
-607
155
480
978
1791
2971
4391
5529
5763
5238
4900
5129
5622
5843
5502
4798
4048
3085
2092
1431
759
21
-821
-1617
-2434
-3322
-4339
-4984
-5050
-4856
-4775
-5105
-5431
-5528
-5092
-4355
-3618
-2846
-2557
-2801
-2980
-2702
-2068
-1314
-905
-1063
-1483
-1910
-2277
-2258
-1986
-1938
-2330
-3096
-3793
-4259
-4482
-4603
-4619
-4825
-5276
-5595
-5942
-5921
-5552
-5180
-4936
-4660
-4411
-4224
-3851
-3199
-2405
-1599
-823
-369
92
366
696
1287
1999
2715
3311
3463
3544
3757
4175
4959
5689
6236
6467
6767
7048
7515
8543
9414
9768
9999
10463
11179
10815
8741
6789
6570
7824
8208
5908
2240
-250
-640
-239
-385
-1535
-3559
-5538
-6498
-6413
-5759
-5567
-6266
-6644
-6122
-5365
-4864
-4787
-4121
-2641
-1083
-17
468
587
1102
2150
3675
5097
5592
5304
4652
4588
5101
5531
5526
4891
3962
3125
2243
1516
906
79
-651
-1445
-2220
-2996
-4008
-4821
-5121
-4917
-4686
-4754
-5058
-5395
-5259
-4598
-3719
-2932
-2410
-2200
-2130
-2154
-1996
-1515
-1020
-618
-485
-987
-1731
-2179
-2411
-2274
-2048
-2316
-3186
-4034
-4574
-4942
-4861
-4833
-5153
-5438
-5722
-6025
-5982
-5738
-5354
-4885
-4464
-4079
-3924
-3755
-3207
-2331
-1333
-421
108
340
545
774
1301
2141
2860
3227
3248
3163
3178
3708
4395
4936
5317
5651
6008
6546
7044
7486
8125
8688
9447
10220
10855
11124
9932
7549
6431
7291
8502
8213
5480
1905
174
98
276
-84
-1286
-3234
-4914
-5878
-5962
-5458
-5548
-6141
-6005
-5455
-5052
-4941
-5016
-4110
-2334
-769
108
466
422
838
2091
3727
5189
5627
5073
4455
4584
4974
5326
5327
4748
4085
3267
2259
1406
717
12
-574
-1146
-1833
-2796
-3880
-4654
-4781
-4432
-4202
-4368
-4812
-5095
-4990
-4375
-3477
-2660
-2062
-1902
-2006
-2206
-2054
-1454
-778
-320
-390
-1097
-1996
-2538
-2409
-1977
-1716
-2189
-3309
-4279
-4773
-4900
-4784
-4589
-4806
-5275
-5708
-5949
-5859
-5441
-4897
-4489
-4161
-4000
-3890
-3556
-2893
-2035
-1110
-330
97
304
420
716
1322
2055
2658
2931
2947
2903
3061
3536
4132
4743
5223
5368
5548
5934
6525
7301
8110
8675
9554
10113
10543
10456
9164
7759
7273
7692
8479
7881
5079
1871
330
293
501
233
-1281
-3384
-4917
-5786
-5801
-5280
-5292
-5631
-5821
-5626
-5217
-5016
-4825
-3773
-2213
-868
-127
-52
99
796
2148
3647
4823
5138
4644
4192
4269
4732
5234
5229
4552
3795
2827
1922
1302
714
221
-428
-1230
-2073
-3029
-4035
-4592
-4667
-4362
-4212
-4394
-4788
-5069
-4796
-4178
-3279
-2432
-2102
-2306
-2584
-2570
-2014
-1276
-801
-771
-1240
-1821
-2196
-2288
-2105
-1996
-2174
-2839
-3582
-4152
-4509
-4666
-4580
-4636
-4923
-5260
-5645
-5738
-5539
-5117
-4747
-4365
-4131
-4013
-3803
-3288
-2549
-1745
-973
-257
291
490
650
950
1540
2254
2987
3230
3128
3159
3422
3991
4747
5358
5549
5792
6217
6543
6984
7789
8700
9584
10265
10432
10334
9396
7734
6793
7226
8039
7993
6005
2690
303
-516
-385
56
-511
-2398
-4616
-6059
-6364
-5768
-5347
-5413
-5497
-5512
-5360
-5113
-4887
-4019
-2524
-1021
10
449
368
528
1526
3084
4665
5455
5085
4336
3943
4223
4788
5191
4882
4165
3026
1831
996
409
-28
-453
-1014
-1836
-2841
-3993
-4844
-4949
-4535
-4120
-4072
-4489
-4907
-4958
-4452
-3432
-2383
-1663
-1843
-2310
-2443
-2247
-1565
-921
-706
-945
-1465
-1913
-2277
-2309
-2193
-2315
-2562
-3074
-3774
-4354
-4763
-4830
-4703
-4666
-4847
-5251
-5519
-5536
-5281
-4773
-4196
-3830
-3645
-3515
-3207
-2583
-1719
-828
-66
522
887
954
998
1304
1923
2682
3180
3341
3175
3179
3531
4028
4643
5232
5569
5999
6255
6476
7056
7999
8817
9513
9887
10280
10053
8572
6890
6552
7352
8003
7056
4536
1785
133
-364
-442
-338
-1191
-3155
-5009
-5948
-5852
-5404
-5346
-5288
-5165
-5006
-4858
-4875
-4424
-3200
-1744
-462
437
682
707
1022
2137
3694
4992
5313
4776
4232
4125
4373
4744
4845
4528
3688
2473
1469
779
210
-284
-715
-1317
-2045
-3041
-4078
-4642
-4601
-4268
-3968
-3925
-4134
-4382
-4378
-3829
-2777
-1691
-1248
-1594
-2177
-2666
-2248
-1078
-273
-521
-1146
-1966
-2539
-2311
-2068
-2343
-2427
-2738
-3620
-4093
-4364
-4823
-4875
-4623
-4598
-4740
-5099
-5543
-5707
-5200
-4388
-3719
-3419
-3425
-3402
-3037
-2176
-1061
-213
361
751
752
900
1261
1814
2537
3318
3547
3288
3128
3222
3837
4792
5436
5663
5931
6329
6790
7336
7904
8397
9223
9910
10297
10270
8955
6969
6148
6777
7783
7547
5236
2011
-99
-753
-607
-299
-946
-2736
-4669
-5871
-6049
-5530
-5180
-5130
-5008
-4890
-4615
-4483
-4239
-3336
-1833
-385
677
1066
980
1089
1891
3391
4869
5562
5131
4352
3948
3998
4437
4648
4389
3628
2563
1467
596
-7
-433
-871
-1326
-1970
-2769
-3735
-4495
-4609
-4261
-3721
-3414
-3582
-3930
-3935
-3485
-2539
-1445
-731
-608
-1297
-2176
-1919
-765
50
257
-405
-1546
-2147
-2229
-2332
-2222
-2113
-2708
-3504
-4117
-4601
-4847
-4955
-4910
-4687
-4717
-4987
-5366
-5574
-5197
-4398
-3729
-3328
-3069
-3050
-2858
-2163
-1149
-176
569
961
1176
1372
1404
1722
2259
2928
3436
3474
3124
2900
3224
3934
4728
5381
5712
5838
5950
6259
6754
7804
8842
9164
9364
9890
9516
7976
6673
6280
6923
7690
6786
4305
1837
76
-755
-645
-211
-746
-2717
-4906
-5961
-5763
-5218
-4825
-4817
-4840
-4649
-4632
-4580
-3920
-2823
-1649
-495
498
922
896
1015
1826
3323
4740
5184
4775
4058
3614
3708
4031
4325
4165
3220
1959
942
306
-114
-544
-1127
-1624
-2226
-3031
-3880
-4386
-4436
-4104
-3619
-3407
-3430
-3682
-3831
-3334
-2390
-1245
-570
-450
-1194
-2172
-2018
-969
-78
96
-593
-1873
-2506
-2391
-2367
-2514
-2480
-3048
-3848
-4195
-4465
-4850
-5072
-5037
-4872
-4598
-4582
-5094
-5553
-5225
-4348
-3522
-2925
-2682
-2823
-2880
-2186
-1065
15
781
1015
975
1012
1228
1529
2171
2954
3449
3383
3068
2945
3244
3866
4568
5266
5878
6212
6170
6008
6629
7907
8830
9289
9775
9910
8922
7216
6048
6345
7530
7634
5886
3608
1489
-109
-782
-468
-77
-848
-2965
-5008
-5613
-5163
-4770
-4604
-4419
-4190
-4148
-4398
-4271
-3376
-2321
-1120
118
905
1140
919
1087
2187
3794
4954
5088
4560
3884
3481
3543
3950
4244
3921
2880
1681
720
42
-398
-777
-1077
-1434
-2137
-3171
-3953
-4273
-4134
-3687
-3261
-3114
-3305
-3615
-3644
-3018
-1915
-960
-525
-1144
-2235
-2231
-1464
-795
-193
-384
-1515
-2204
-2438
-2693
-2489
-2185
-2765
-3483
-3701
-4202
-4737
-4908
-4817
-4597
-4496
-4507
-4924
-5277
-4978
-4456
-3860
-3137
-2631
-2795
-2805
-2303
-1613
-623
359
833
1023
1089
988
1042
1595
2355
3012
3217
3074
2894
2929
3514
4390
5050
5529
5763
5734
5877
6528
7313
8526
9270
9355
9327
8502
7011
6492
6682
6895
7024
5665
3540
2164
895
-347
-692
-755
-1216
-2178
-3781
-5031
-5247
-5182
-4868
-4196
-3823
-3848
-4112
-4437
-3832
-2427
-1257
-258
449
666
733
1083
1749
2989
4068
4298
4128
3762
3363
3253
3291
3453
3505
2905
1836
810
-41
-643
-868
-1098
-1417
-1906
-2870
-3750
-4098
-4089
-3615
-3215
-3114
-3229
-3448
-3491
-3028
-2220
-1447
-1079
-1653
-2451
-2330
-1788
-1141
-800
-1149
-1817
-2186
-2476
-2735
-2549
-2547
-3021
-3460
-3768
-4079
-4447
-4801
-4912
-4733
-4600
-4630
-4890
-5107
-4984
-4581
-4028
-3349
-3012
-3040
-2914
-2555
-1818
-847
-176
348
706
821
837
981
1390
1926
2489
2732
2705
2609
2665
3127
3810
4544
5082
5333
5497
5805
6273
6792
7561
8137
8634
9140
8760
7471
6168
5483
5849
6714
6124
4304
2483
1031
16
-254
-652
-1182
-1827
-3028
-4124
-4473
-4746
-4815
-4582
-4260
-3760
-3407
-3716
-3807
-3218
-2305
-994
136
576
595
587
810
1781
2911
3555
3661
3300
2817
2676
2710
2752
2842
2461
1818
1124
331
-427
-959
-1291
-1333
-1501
-2036
-2825
-3570
-3931
-3753
-3352
-2939
-2794
-2982
-3194
-3119
-2914
-2953
-2791
-2483
-2237
-1956
-1992
-2516
-2660
-2359
-2118
-1992
-1952
-2354
-2976
-3294
-3327
-3262
-3220
-3375
-3808
-4335
-4505
-4518
-4591
-4484
-4267
-4284
-4265
-4031
-4000
-3852
-3351
-2844
-2381
-1824
-1456
-1243
-779
-91
521
881
1106
1216
1425
1792
2278
2542
2783
3048
3282
3587
3891
4199
4695
5115
5413
5850
6232
6498
6963
7444
7727
8214
8230
7019
5821
5483
5545
5849
5427
3738
2187
1481
834
435
61
-1044
-2078
-2645
-3025
-3002
-3122
-3772
-3881
-3600
-3257
-2732
-2611
-2784
-2394
-1648
-824
74
489
431
534
1001
1736
2520
2729
2593
2409
2254
2302
2420
2245
2010
1591
1088
793
346
-179
-782
-1121
-1334
-1422
-1790
-2254
-2694
-2978
-2828
-2486
-2387
-2488
-2714
-3147
-3216
-2863
-2458
-2186
-2160
-2392
-2457
-2350
-2258
-2388
-2499
-2371
-2268
-2483
-2726
-2989
-3346
-3405
-3221
-3408
-3533
-3636
-4230
-4506
-4213
-4006
-3934
-3882
-3942
-4013
-3799
-3412
-3123
-2823
-2459
-2130
-1820
-1400
-917
-467
31
425
444
375
619
1058
1614
2243
2423
2399
2403
2726
3166
3931
4611
4714
4805
5159
5529
5954
6496
6806
7273
7821
8201
7666
6499
5506
5178
5361
5798
5160
3465
1886
877
391
323
-352
-1338
-2093
-2891
-3566
-3573
-3701
-3977
-3996
-3986
-3564
-2965
-3068
-3168
-2596
-1780
-840
-107
148
347
548
780
1489
2266
2440
2425
2095
1839
1891
1922
1704
1499
1166
623
19
-498
-928
-1388
-1765
-1934
-2000
-2258
-2785
-3215
-3464
-3247
-2875
-2731
-2681
-2911
-3151
-3115
-2784
-2311
-1979
-2087
-2179
-2066
-1909
-1710
-1691
-1898
-1979
-2011
-2097
-2219
-2530
-2858
-3128
-3259
-3298
-3390
-3717
-4041
-4152
-4213
-4019
-3856
-3988
-3967
-3680
-3519
-3182
-2717
-2337
-2004
-1580
-1098
-568
-50
184
390
444
646
1121
1521
1969
2214
2214
2176
2470
2941
3452
3943
4093
3985
3959
4233
4576
4943
5162
5465
5857
6260
6434
5763
4740
4194
4444
4977
4970
4009
2801
1751
1276
1277
1254
892
209
-585
-1225
-1347
-1428
-1688
-1727
-1690
-1649
-1503
-1575
-1870
-1687
-1225
-693
-104
92
-50
-167
-92
285
928
1324
1237
946
598
451
404
401
391
314
-72
-561
-1066
-1537
-1801
-1873
-1890
-1970
-2149
-2706
-3165
-3365
-3305
-3012
-2714
-2650
-2726
-2864
-3052
-2918
-2573
-2159
-1903
-1854
-1941
-2140
-2164
-2103
-2023
-1779
-1743
-1843
-2066
-2452
-2692
-2757
-2561
-2486
-2540
-2732
-3074
-3260
-3262
-3081
-2872
-2668
-2502
-2446
-2378
-2188
-1891
-1464
-872
-298
-33
-10
-96
-24
293
949
1614
1931
2140
2051
1952
2314
2852
3379
3893
4099
3937
3912
4265
4697
5161
5486
5582
5421
5338
5422
5282
5029
4911
4690
4240
3831
3303
2976
2802
2349
1575
940
622
386
170
-157
-585
-931
-1066
-969
-901
-734
-636
-838
-951
-714
-271
25
267
395
463
595
812
908
947
1080
1119
1000
882
852
621
444
209
-128
-378
-502
-711
-998
-1387
-1897
-2165
-2309
-2294
-2374
-2602
-2861
-3041
-3073
-2994
-2805
-2618
-2587
-2507
-2437
-2445
-2256
-2019
-1876
-1646
-1602
-1783
-1911
-1947
-2012
-1930
-1932
-2074
-2278
-2485
-2645
-2655
-2612
-2649
-2676
-2760
-2770
-2801
-2662
-2466
-2286
-1985
-1708
-1481
-1282
-1015
-748
-508
-139
174
299
454
719
1015
1368
1695
1837
2046
2316
2640
2900
3108
3367
3457
3682
4017
4122
4264
4470
4457
4552
4953
5442
5809
5441
4547
4029
4059
4294
4450
3974
3104
2401
1940
1522
1490
1499
1082
782
457
-23
-291
-538
-736
-557
-201
4
-126
-483
-659
-387
17
556
950
911
609
391
417
791
1302
1406
1101
828
507
190
89
46
7
2
-193
-703
-1308
-1777
-2136
-2214
-2018
-1876
-2079
-2560
-3024
-3299
-3151
-2815
-2388
-2129
-2251
-2536
-2728
-2665
-2244
-1790
-1549
-1485
-1793
-2184
-2378
-2389
-2149
-1835
-1809
-2129
-2534
-2954
-3084
-2944
-2801
-2622
-2591
-2780
-3004
-3016
-2986
-2730
-2324
-1958
-1704
-1562
-1540
-1450
-1192
-777
-289
52
95
35
-59
210
683
1059
1372
1438
1472
1545
1753
2075
2532
2862
2888
2772
2678
2782
3045
3199
3320
3543
3665
3739
3867
3961
3987
3695
3392
3507
3823
3880
3423
2666
2107
2137
2258
2259
2093
1438
845
602
530
684
724
482
72
6
10
70
105
35
55
78
268
395
455
335
308
532
740
906
826
564
332
338
410
395
276
62
-271
-484
-450
-359
-536
-1132
-1686
-1892
-1804
-1518
-1358
-1658
-1965
-2128
-2205
-1970
-1739
-1827
-1985
-1837
-1746
-1675
-1698
-1889
-2074
-2041
-1770
-1647
-1684
-1861
-2203
-2438
-2326
-2058
-1884
-2046
-2237
-2481
-2559
-2322
-2178
-2046
-1979
-2045
-2069
-1845
-1645
-1471
-1237
-995
-729
-497
-361
-347
-257
-55
279
551
807
922
849
739
857
1133
1525
1917
1991
1901
1868
2085
2328
2571
2580
2454
2463
2560
2731
2932
3175
3271
3457
3700
3769
3844
3734
3327
3268
3580
3639
3668
3550
2964
2469
2352
2295
2239
2225
2087
1934
1526
1060
794
760
994
1245
1105
731
466
151
189
651
837
626
542
252
126
363
518
601
602
326
226
258
129
147
0
-263
-286
-335
-590
-739
-1010
-1420
-1469
-1428
-1575
-1644
-1854
-2162
-2160
-2110
-2167
-2227
-2316
-2411
-2320
-2154
-2049
-2076
-2300
-2426
-2276
-2103
-1935
-1874
-1967
-2085
-2056
-2153
-2075
-1960
-2061
-2054
-1978
-1996
-1989
-1988
-2140
-2148
-1967
-1829
-1752
-1680
-1663
-1629
-1433
-1253
-1049
-885
-816
-810
-666
-372
-109
81
226
237
287
526
737
939
1200
1392
1553
1745
1889
2053
2146
2301
2321
2277
2321
2457
2516
2557
2597
2714
2821
2886
3044
3164
3253
3216
3008
2878
3037
3277
3238
2963
2743
2537
2512
2497
2297
2116
1888
1629
1471
1422
1308
1210
1116
924
897
855
652
521
407
313
428
683
670
553
384
118
127
347
370
237
191
128
-4
-133
-217
-315
-385
-468
-511
-603
-832
-1008
-1296
-1534
-1410
-1290
-1515
-1662
-1792
-2071
-2109
-2019
-2023
-1928
-1947
-2074
-2092
-2124
-2109
-2062
-2049
-1991
-1954
-2108
-2086
-2074
-2190
-2049
-1934
-1978
-1933
-1963
-2115
-2016
-1879
-1945
-1772
-1655
-1645
-1500
-1395
-1380
-1167
-923
-869
-761
-813
-832
-632
-404
-248
13
58
18
145
254
308
548
692
799
967
999
1066
1123
1033
1116
1217
1288
1449
1445
1490
1499
1627
1831
2068
2231
2304
2482
2599
2776
2921
2896
2831
2740
2818
2974
3003
2615
2316
2273
2307
2333
2048
1528
1296
1201
1198
1331
1066
609
236
-86
34
449
476
198
-86
-290
-217
-14
-145
-269
-236
-253
-181
-78
-233
-407
-546
-581
-403
-289
-521
-771
-1062
-1266
-1242
-1346
-1554
-1699
-1921
-2173
-2290
-2290
-2298
-2368
-2522
-2518
-2412
-2345
-2428
-2522
-2532
-2496
-2347
-2305
-2306
-2316
-2431
-2410
-2249
-2139
-2072
-2123
-2204
-2134
-2091
-2022
-1934
-1940
-2023
-2015
-1974
-1889
-1805
-1862
-1810
-1708
-1643
-1527
-1492
-1584
-1604
-1494
-1256
-938
-756
-746
-785
-736
-564
-324
-76
51
39
16
67
166
231
211
209
314
482
640
587
411
307
328
574
1051
1253
1149
1012
921
999
1360
1695
1763
1622
1381
1313
1451
1614
1607
1460
1458
1544
1445
1270
1098
956
744
735
906
997
871
423
-79
-434
-463
-198
-46
-116
-314
-828
-1279
-1188
-920
-694
-567
-709
-953
-1079
-1349
-1504
-1388
-1270
-1126
-1078
-1273
-1575
-1879
-2048
-1908
-1646
-1527
-1577
-1861
-2345
-2454
-2345
-2248
-2071
-2003
-2113
-2308
-2473
-2498
-2399
-2306
-2167
-2019
-1978
-2075
-2125
-2178
-2144
-1869
-1624
-1445
-1364
-1454
-1574
-1540
-1368
-1064
-782
-641
-608
-650
-693
-580
-435
-259
-44
65
107
34
53
54
131
435
615
776
833
717
686
721
937
1212
1378
1424
1453
1387
1449
1563
1754
1977
2067
2075
2128
2075
2084
2196
2273
2489
2651
2612
2419
2325
2365
2367
2493
2647
2782
2769
2640
2480
2348
2445
2639
2787
2756
2660
2480
2288
2294
2478
2604
2481
2195
1933
1748
1747
1671
1600
1545
1439
1411
1265
1084
920
733
569
714
944
942
762
401
165
115
251
381
433
439
212
-20
-140
-84
12
-32
-32
-112
-215
-320
-459
-454
-353
-194
-145
-279
-472
-586
-712
-715
-553
-425
-422
-516
-685
-809
-736
-709
-608
-415
-365
-328
-342
-469
-485
-347
-100
115
309
292
161
128
157
322
452
540
502
481
413
368
377
509
637
702
736
767
776
710
675
648
709
795
840
798
737
702
682
791
936
1051
1080
1116
1184
1289
1375
1402
1371
1393
1497
1533
1682
1689
1524
1420
1397
1377
1339
1430
1434
1316
1238
1178
1134
1156
1181
1136
1226
1199
1171
1145
1184
1129
1103
1098
1107
1144
1113
949
761
657
567
609
493
389
300
184
181
167
114
-8
-154
-189
-85
-18
-127
-138
-225
-327
-327
-271
-309
-409
-545
-609
-424
-243
-158
-273
-431
-432
-230
-142
12
8
-187
-292
-393
-477
-450
-406
-519
-586
-639
-751
-784
-791
-838
-736
-619
-554
-487
-610
-729
-669
-553
-343
-196
-203
-344
-437
-443
-318
-100
-29
-23
-34
-35
9
60
107
200
285
263
278
342
248
214
189
151
237
290
268
207
240
334
439
560
714
735
749
765
796
860
966
939
912
887
787
727
742
692
591
742
745
652
688
686
505
430
557
632
741
805
718
634
666
698
713
674
631
558
498
536
503
385
325
275
245
210
212
154
92
108
169
178
280
222
80
58
18
81
152
159
189
186
179
213
299
332
404
469
518
596
569
483
480
484
566
624
603
617
512
397
362
470
572
561
473
406
359
392
453
552
615
540
587
539
493
467
428
440
540
674
626
582
525
529
578
711
779
891
943
847
862
950
981
986
1005
1039
1053
1028
921
852
832
801
823
902
806
711
611
613
724
854
931
869
864
882
907
1030
1058
1066
1080
1025
949
906
882
789
627
607
657
688
618
570
528
448
469
510
540
566
478
293
250
237
287
277
301
263
199
173
197
166
137
165
169
224
252
224
147
145
138
166
242
229
149
96
29
13
75
74
32
54
-26
-70
-87
-51
-37
-47
-99
-148
-150
-226
-157
-90
-146
-184
-160
-134
-93
-108
-74
-37
-27
49
82
134
150
238
246
306
286
335
349
252
259
236
281
292
272
204
104
99
135
178
156
147
119
91
102
107
202
254
302
252
188
154
174
216
301
286
252
192
87
94
97
180
199
225
177
112
37
-19
29
92
125
114
46
-8
-149
-221
-147
-89
63
33
31
-53
-109
-48
55
131
199
261
228
167
150
217
229
205
205
199
147
122
69
62
53
119
188
132
77
2
-62
-118
-82
72
153
103
39
-37
-99
2
83
135
168
66
13
42
62
77
138
160
102
3
-66
-73
-134
-216
-115
-89
-161
-185
-199
-283
-304
-274
-247
-232
-185
-208
-273
-283
-315
-233
-212
-178
-162
-173
-226
-300
-231
-216
-244
-167
-119
-184
-236
-282
-311
-229
-209
-198
-219
-201
-173
-190
-180
-223
-211
-189
-179
-202
-231
-249
-296
-268
-274
-275
-234
-216
-187
-235
-231
-226
-192
-158
-131
-116
-101
-109
-171
-125
-88
-107
-78
-62
-142
-172
-236
-197
-184
-181
-122
-86
-140
-200
-233
-293
-270
-238
-252
-308
-320
-375
-390
-354
-336
-350
-346
-409
-403
-445
-493
-507
-437
-473
-509
-496
-521
-534
-604
-594
-545
-507
-566
-600
-582
-652
-665
-690
-606
-573
-594
-609
-605
-578
-517
-518
-580
-506
-466
-436
-470
-514
-565
-549
-486
-467
-365
-421
-493
-543
-495
-384
-359
-302
-300
-287
-277
-234
-215
-174
-49
-39
-57
-101
-116
-79
-115
-119
-54
10
-4
-10
-8
19
60
111
147
172
199
124
139
116
139
199
179
116
81
44
7
32
9
29
46
13
9
4
-20
-65
-46
-26
-7
-32
-18
-84
-130
-144
-208
-240
-200
-170
-189
-233
-228
-225
-188
-220
-151
-109
-129
-81
-149
-108
-145
-196
-193
-216
-272
-271
-327
-356
-378
-408
-403
-412
-352
-379
-350
-422
-458
-406
-394
-413
-443
-520
-573
-566
-585
-487
-509
-553
-595
-617
-645
-619
-619
-627
-608
-635
-668
-672
-688
-724
-720
-735
-739
-793
-897
-952
-954
-957
-971
-980
-944
-912
-906
-919
-903
-816
-809
-744
-687
-718
-694
-796
-772
-735
-720
-705
-693
-710
-761
-666
-637
-654
-563
-500
-533
-527
-473
-521
-528
-541
-507
-453
-470
-512
-554
-576
-595
-527
-466
-475
-455
-503
-541
-474
-478
-454
-430
-415
-441
-429
-470
-503
-475
-480
-467
-442
-443
-485
-493
-503
-452
-410
-360
-280
-293
-339
-317
-277
-272
-266
-257
-287
-273
-286
-313
-354
-387
-310
-328
-330
-319
-269
-327
-371
-342
-347
-318
-283
-283
-357
-310
-325
-418
-467
-427
-391
-385
-391
-454
-458
-490
-498
-463
-409
-329
-375
-405
-420
-431
-447
-434
-393
-366
-402
-394
-438
-475
-468
-480
-446
-427
-389
-382
-411
-401
-400
-413
-346
-282
-313
-345
-391
-383
-391
-373
-331
-305
-299
-387
-354
-377
-369
-348
-321
-344
-317
-328
-370
-302
-324
-347
-310
-333
-315
-287
-282
-306
-304
-289
-293
-229
-261
-235
-194
-186
-146
-154
-116
-137
-164
-157
-193
-191
-170
-140
-142
-173
-188
-152
-152
-110
-104
-110
-98
-97
-124
-156
-200
-215
-210
-250
-254
-268
-293
-287
-321
-379
-342
-345
-359
-365
-414
-473
-434
-480
-505
-487
-501
-538
-544
-537
-530
-547
-605
-599
-611
-596
-538
-508
-501
-513
-527
-530
-535
-537
-507
-490
-482
-510
-486
-500
-530
-502
-518
-505
-476
-453
-489
-456
-484
-439
-374
-427
-428
-408
-401
-435
-398
-348
-328
-329
-319
-371
-374
-347
-324
-288
-279
-266
-266
-316
-362
-348
-267
-255
-283
-262
-250
-253
-228
-222
-235
-179
-169
-180
-180
-183
-193
-201
-112
-105
-88
-51
-84
-77
-72
-29
16
14
33
18
-21
-54
-55
-16
-31
-41
-24
-67
-73
-88
-90
-107
-131
-131
-126
-154
-161
-226
-210
-203
-221
-135
-161
-205
-266
-257
-208
-191
-153
-172
-225
-249
-224
-173
-183
-197
-170
-187
-182
-190
-165
-178
-210
-140
-120
-92
-88
-85
-108
-146
-149
-115
-68
-103
-129
-133
-163
-138
-132
-139
-142
-148
-145
-165
-155
-159
-145
-153
-160
-126
-172
-170
-193
-197
-202
-204
-194
-185
-224
-231
-201
-192
-169
-150
-123
-101
-55
-54
-50
-54
-47
-35
-45
-46
-22
3
-30
-57
-18
-7
27
37
29
29
10
65
20
47
18
73
94
68
29
-14
-16
-9
31
9
21
-36
-60
-35
-27
-103
-88
-99
-123
-61
-112
-146
-147
-101
-88
-45
18
-22
-37
-13
-19
9
26
4
17
25
15
-15
-47
9
-23
-51
-13
-23
-31
-93
-78
-115
-152
-145
-155
-157
-147
-197
-242
-192
-212
-193
-205
-221
-242
-268
-294
-267
-274
-314
-275
-309
-318
-279
-323
-312
-249
-241
-242
-241
-270
-281
-246
-271
-260
-214
-227
-186
-251
-249
-244
-214
-195
-159
-180
-147
-87
-109
-114
-91
-108
-120
-28
13
0
-2
5
27
10
13
34
53
64
59
90
83
86
118
127
95
112
77
94
126
132
173
212
176
171
206
242
269
249
245
271
262
271
284
262
254
298
293
297
305
332
314
281
344
367
327
323
349
308
347
332
332
354
349
362
320
330
321
335
310
294
296
280
298
309
282
293
270
263
243
204
239
221
191
164
149
126
147
116
124
174
120
93
91
99
85
72
84
73
56
59
17
34
28
38
80
77
78
92
130
109
63
37
74
65
80
123
74
49
71
105
101
168
157
150
136
98
68
77
92
70
61
79
109
85
29
70
29
-32
-1
0
38
29
64
78
46
84
78
106
119
101
128
95
74
120
128
114
148
136
149
159
177
188
179
164
127
130
134
156
167
153
164
142
135
157
164
155
137
90
124
139
99
119
103
82
115
133
74
101
120
90
108
54
76
68
61
37
14
19
-1
4
43
2
-31
-15
-24
-12
7
15
-27
-25
-8
-64
-57
-33
1
-27
-81
-54
-32
-38
-77
-51
-49
-67
-40
-38
-12
-2
-81
-70
-64
-44
-89
-121
-102
-93
-77
-53
-36
-20
-67
-63
-1
-4
12
36
-1
-29
9
25
36
43
7
46
69
62
96
90
105
96
121
110
102
118
94
124
142
153
167
165
136
133
169
156
121
126
158
140
173
202
186
175
223
195
204
185
160
198
173
186
188
174
250
208
191
189
195
246
211
200
202
200
234
189
167
201
189
165
204
193
181
208
194
206
179
210
179
113
161
143
104
160
137
139
96
70
83
30
53
72
64
38
52
28
30
22
14
-16
-62
-54
-82
-89
-90
-86
-97
-103
-122
-135
-122
-150
-162
-160
-125
-162
-168
-120
-127
-180
-181
-141
-139
-153
-181
-200
-196
-201
-211
-195
-198
-231
-206
-204
-235
-217
-219
-240
-194
-166
-186
-182
-162
-174
-176
-202
-193
-138
-158
-135
-128
-172
-132
-130
-128
-121
-117
-81
-97
-101
-132
-132
-83
-66
-104
-95
-129
-97
-47
-76
-75
-66
-62
-54
-14
-61
-87
-38
-44
-28
-58
-71
-82
-52
-28
-30
-61
-64
-62
-50
-69
-47
-28
-42
-29
-48
-35
-30
-22
0
-11
-43
-4
-29
-24
-3
-29
-44
-39
-47
-65
-34
-67
-47
-83
-81
-80
-74
-65
-108
-80
-101
-90
-118
-125
-149
-124
-127
-143
-154
-156
-180
-174
-166
-172
-213
-220
-176
-209
-204
-219
-166
-182
-194
-206
-183
-200
-192
-199
-209
-197
-247
-227
-233
-212
-178
-176
-185
-191
-215
-187
-207
-265
-259
-260
-250
-203
-206
-200
-169
-213
-191
-207
-224
-196
-154
-156
-170
-144
-92
-114
-174
-156
-178
-152
-121
-162
-183
-165
-171
-146
-142
-174
-179
-160
-139
-179
-179
-143
-139
-129
-138
-123
-138
-134
-119
-127
-128
-101
-108
-112
-69
-65
-97
-109
-82
-137
-126
-115
-123
-122
-99
-62
-118
-104
-79
-97
-120
-119
-191
-168
-110
-111
-149
-119
-150
-171
-163
-172
-150
-167
-148
-202
-236
-213
-204
-221
-233
-237
-233
-235
-229
-239
-251
-219
-242
-247
-261
-272
-289
-303
-280
-307
-290
-290
-282
-322
-292
-303
-323
-295
-317
-296
-326
-293
-285
-298
-285
-300
-321
-331
-279
-325
-313
-308
-329
-276
-272
-236
-272
-300
-272
-238
-247
-239
-174
-238
-241
-229
-225
-223
-233
-196
-215
-245
-241
-228
-198
-181
-211
-165
-180
-206
-176
-207
-134
-149
-207
-186
-170
-157
-183
-217
-174
-140
-163
-152
-175
-208
-174
-168
-172
-165
-195
-160
-182
-192
-155
-156
-163
-135
-166
-214
-211
-240
-197
-209
-231
-207
-190
-217
-249
-251
-304
-331
-262
-249
-269
-273
-325
-282
-281
-292
-273
-250
-219
-210
-230
-239
-218
-226
-228
-223
-250
-293
-278
-256
-243
-207
-229
-271
-243
-269
-306
-271
-271
-263
-275
-249
-245
-242
-242
-265
-259
-268
-244
-262
-272
-265
-247
-197
-273
-240
-189
-255
-226
-211
-237
-208
-192
-191
-179
-199
-189
-187
-162
-197
-180
-190
-227
-178
-194
-116
-149
-167
-152
-143
-127
-123
-165
-174
-146
-125
-135
-148
-93
-140
-125
-170
-142
-154
-133
-186
-166
-127
-125
-126
-154
-156
-152
-136
-181
-136
-130
-149
-180
-145
-151
-209
-209
-192
-167
-195
-234
-184
-187
-188
-178
-198
-202
-185
-166
-189
-197
-178
-191
-213
-218
-199
-189
-182
-172
-209
-192
-191
-224
-198
-209
-207
-195
-148
-146
-137
-98
-140
-170
-167
-123
-70
-131
-150
-131
-160
-154
-161
-182
-185
-186
-181
-193
-183
-162
-116
-123
-119
-105
-116
-110
-113
-143
-142
-141
-109
-86
-119
-116
-113
-99
-118
-79
-64
-67
-45
-21
-11
-41
-14
-24
-8
4
-28
-6
19
12
15
14
58
56
34
80
60
83
100
129
111
121
126
121
100
117
143
102
172
161
148
164
169
169
191
170
168
199
141
123
151
142
163
156
156
170
128
132
149
142
156
145
136
173
128
134
117
72
70
41
45
80
24
26
20
-24
31
-17
25
60
26
23
57
65
29
25
-16
30
35
23
21
13
38
1
28
19
-20
5
-4
29
52
34
43
39
42
53
37
-5
24
-10
-1
39
30
35
34
12
-14
6
-20
9
16
47
66
48
19
16
6
22
34
23
53
47
66
79
97
119
108
97
123
123
141
146
138
163
189
195
209
219
197
179
211
211
193
216
225
221
196
182
196
211
222
203
212
239
211
201
245
197
197
239
239
234
202
213
212
202
195
167
171
183
160
187
154
155
160
148
195
167
139
120
129
104
125
90
124
99
60
34
74
69
49
39
35
66
70
95
62
42
42
41
22
83
79
42
52
-5
-7
-19
8
32
-7
-23
-11
-2
-37
-25
-38
-37
-33
-33
-17
7
10
-11
-32
-3
25
-24
-6
-39
-68
-2
-8
0
12
-40
-4
-17
-43
-13
3
-2
27
10
-14
26
24
62
81
72
48
79
78
71
55
81
90
78
127
93
133
116
103
106
73
88
69
88
91
115
86
74
112
58
108
93
66
93
100
136
125
102
112
152
142
113
114
152
138
151
122
120
107
126
144
133
113
132
138
73
93
96
59
76
44
39
21
33
22
-20
22
-24
20
22
4
-1
21
-6
-41
-35
-6
-2
-14
10
-29
-28
-28
-53
-103
-95
-87
-104
-94
-100
-90
-56
-42
-88
-73
-64
-67
-120
-96
-83
-84
-80
-65
-80
-79
-81
-77
-85
-87
-82
-119
-64
-67
-94
-66
-84
-91
-81
-116
-99
-115
-117
-75
-91
-98
-45
-32
-27
-36
-18
-22
-43
-29
-15
36
-12
10
14
-6
26
28
32
55
68
29
74
89
86
111
119
113
121
166
145
144
173
144
104
121
149
136
138
132
84
82
91
126
91
91
129
102
58
47
75
80
91
93
141
107
87
94
87
75
63
72
50
72
88
70
53
43
31
37
43
41
40
27
16
27
29
4
20
6
30
-5
8
41
-6
10
27
13
-22
12
45
28
36
10
6
-14
-34
-45
-39
-54
-94
-72
-77
-71
-111
-100
-107
-101
-122
-144
-128
-161
-81
-102
-110
-57
-46
-59
-60
-81
-62
-62
-102
-26
-33
-28
-19
-36
-13
1
6
4
42
22
17
25
23
9
-1
49
6
45
43
13
31
5
30
49
45
26
36
15
27
54
79
64
18
37
11
-16
26
15
-18
17
18
-24
6
-28
-79
-52
-61
-54
-39
-21
10
-2
10
25
-26
-3
16
42
34
-1
10
6
-20
10
26
-15
-2
21
29
33
42
-15
-16
20
-4
-60
-69
0
-59
-90
-73
-103
-64
-55
-105
-82
-96
-65
-35
-66
-68
-104
-116
-103
-130
-95
-89
-76
-119
-130
-84
-119
-93
-70
-47
-55
-47
-75
-42
-43
-39
-48
-9
-33
-56
4
-6
10
29
11
16
-25
17
71
42
45
17
-16
25
20
6
32
31
-5
-40
-23
0
-8
29
40
-18
-3
-17
-8
10
-6
9
0
14
7
-5
-7
-46
-6
-26
-9
2
-37
-7
-21
-28
-67
-2
-18
10
22
28
38
60
47
17
58
65
87
64
80
107
100
106
72
71
33
37
44
48
49
43
22
-16
22
36
47
27
-26
-48
-15
-1
-18
-8
-16
-25
-50
-30
-42
-51
-1
-10
-32
-37
-43
-47
-67
-76
-75
-58
-58
-51
-43
-36
-42
-54
5
-39
-14
6
-5
6
9
60
60
100
127
71
92
99
80
87
52
11
59
79
47
70
39
35
48
21
65
59
56
30
60
36
46
29
-29
42
36
29
28
23
32
29
5
38
53
15
57
37
42
33
39
65
84
47
43
68
52
87
26
55
71
100
117
82
99
93
117
147
107
102
101
125
105
126
117
133
138
118
123
101
107
66
67
14
46
20
5
46
1
-1
-5
20
-20
-32
-43
-62
-47
-28
7
26
24
-10
-7
9
-26
1
-7
-31
-6
0
30
29
34
17
20
-8
9
55
22
25
-25
-18
15
32
20
78
87
7
23
35
12
1
45
25
37
47
-8
53
30
2
-16
0
26
-15
9
-22
27
26
11
13
21
27
-39
-11
-26
-13
-6
-10
27
-17
-16
29
44
2
29
70
18
-1
6
48
75
62
34
46
51
41
-3
6
11
35
24
24
34
43
115
49
36
67
17
-12
13
10
-3
-1
-29
-25
-53
-63
-45
-12
-30
-59
-53
-31
-49
-39
11
-30
-22
-63
-43
-48
-60
-58
-81
-103
-53
-46
-55
17
16
-29
-12
-23
-41
-30
-63
-50
-37
-39
-88
-41
-32
-17
-71
-84
-74
-47
-40
-59
-69
-88
-84
-93
-59
-113
-57
-60
-65
-6
-25
-28
-65
-45
-43
-74
-64
-57
-10
-56
-61
-51
-43
-109
-75
-29
-60
-20
-30
-6
-7
16
36
40
50
50
-11
32
7
-5
-5
-30
-23
-29
4
-42
-60
-5
-20
-20
3
2
29
-16
8
-31
-10
11
15
29
40
36
-23
10
-8
42
55
36
24
3
-5
-24
30
-17
-11
33
24
34
49
36
37
43
31
49
62
63
56
47
17
35
23
-10
16
49
8
19
21
-3
57
26
67
70
50
61
67
109
84
75
87
43
3
10
35
25
19
51
10
51
41
7
-15
26
24
39
22
11
16
19
45
8
29
25
14
3
-20
5
13
9
50
-2
-44
-5
26
-8
6
16
3
55
41
49
55
34
68
33
45
51
8
57
41
36
86
81
61
88
76
63
84
47
43
49
52
72
22
52
12
51
79
106
97
82
92
103
75
88
112
105
111
116
147
122
159
128
138
161
155
143
142
148
112
169
147
142
126
147
151
135
184
155
180
144
189
154
169
176
166
165
116
135
126
155
146
140
143
154
146
148
130
123
80
105
98
111
123
106
147
91
71
63
76
134
102
124
103
93
139
160
109
81
93
103
106
67
81
93
104
70
78
53
64
59
101
96
100
102
111
90
66
97
61
64
50
68
38
56
54
53
85
119
126
95
67
69
59
83
64
38
111
70
85
99
88
105
127
112
126
111
115
153
111
115
113
89
121
105
129
133
79
89
54
103
114
102
94
85
127
60
91
45
-4
46
10
-4
26
53
40
-2
24
47
12
8
5
2
35
32
36
-6
23
13
-21
-5
-9
19
57
18
12
17
5
22
6
-8
-29
-2
38
1
-6
43
27
17
2
6
-8
-6
22
45
22
-4
42
23
39
48
25
60
54
1
2
30
17
24
39
40
3
-22
-29
-51
-9
3
22
21
18
9
12
13
53
46
-14
24
-12
4
38
20
6
-15
-4
31
65
35
31
72
59
92
103
92
75
95
72
61
95
64
139
110
77
107
114
73
71
99
73
59
44
61
72
88
86
53
60
62
50
23
31
44
28
33
61
34
25
37
41
44
17
1
24
95
78
57
51
80
77
91
97
56
81
38
76
59
71
78
85
89
85
98
81
87
35
-10
15
20
16
-9
14
24
-15
3
38
26
11
-12
-23
31
31
14
-4
-21
31
3
-20
12
-25
-28
-13
15
-4
-19
0
2
25
-6
-41
-27
5
-17
-2
10
8
18
23
60
29
36
41
15
-2
49
75
84
66
69
52
22
38
18
34
39
50
35
16
56
56
52
47
26
47
3
17
-1
18
26
33
21
-5
27
50
9
17
46
12
18
50
60
57
102
63
71
100
92
116
149
122
137
157
124
113
149
178
102
117
132
124
159
156
134
126
84
87
105
124
113
98
114
83
46
78
110
117
107
80
100
131
111
92
139
66
39
83
109
158
113
61
70
113
49
98
104
57
92
122
107
75
86
113
93
110
157
102
88
102
77
120
133
116
145
173
181
93
126
158
160
147
140
105
111
146
137
181
143
172
132
105
96
80
95
87
77
66
88
77
101
108
107
83
69
114
75
80
125
135
120
98
100
126
155
142
91
64
77
68
83
118
79
82
68
64
62
92
69
61
98
134
118
94
67
80
137
107
119
88
94
75
86
93
81
84
96
73
53
57
57
60
6
13
20
16
19
18
65
64
77
42
64
82
44
31
25
53
74
82
90
80
54
60
78
60
73
83
86
109
91
74
66
57
78
97
89
55
42
85
8
2
24
30
82
68
60
87
85
121
91
82
78
69
83
63
51
93
48
88
63
57
82
55
81
43
47
24
49
42
38
92
114
107
106
69
75
88
134
92
78
92
108
137
118
96
97
120
110
90
68
111
54
31
16
58
56
25
36
17
74
44
70
38
49
28
39
41
42
54
-11
25
-16
17
29
-5
33
3
39
20
52
66
37
52
77
73
78
116
107
88
110
70
39
48
45
56
55
66
69
50
101
48
15
63
54
78
47
56
45
41
48
48
75
61
45
23
