-188
-165
-195
-183
-169
-174
-182
-152
-170
-234
-210
-171
-161
-179
-134
-75
-88
-102
-164
-120
-144
-173
-126
-162
-117
-120
-129
-146
-131
-122
-125
-195
-225
-174
-210
-187
-170
-202
-189
-235
-249
-228
-196
-182
-197
-152
-154
-109
-70
-64
-53
-75
-60
-105
-134
-114
-140
-185
-133
-138
-157
-171
-147
-155
-189
-195
-178
-220
-253
-211
-203
-194
-210
-157
-149
-147
-203
-230
-223
-233
-228
-262
-259
-276
-307
-242
-235
-193
-152
-213
-261
-248
-219
-246
-256
-250
-231
-249
-259
-271
-281
-273
-289
-280
-284
-277
-273
-268
-218
-232
-229
-253
-288
-333
-245
-277
-278
-245
-242
-203
-200
-184
-206
-179
-188
-170
-155
-204
-215
-180
-192
-208
-177
-215
-187
-203
-180
-165
-249
-207
-227
-233
-221
-206
-227
-208
-207
-212
-193
-203
-191
-186
-170
-156
-107
-161
-133
-119
-152
-176
-154
-151
-165
-182
-193
-233
-228
-178
-194
-162
-187
-179
-173
-153
-111
-120
-133
-122
-123
-105
-111
-55
-55
-80
-80
-87
-105
-166
-145
-135
-156
-128
-142
-151
-125
-145
-127
-103
-110
-134
-113
-107
-131
-162
-171
-155
-140
-81
-110
-123
-115
-138
-170
-130
-109
-138
-130
-139
-153
-164
-176
-120
-133
-127
-105
-118
-138
-125
-85
-119
-168
-172
-143
-158
-146
-143
-83
-83
-104
-107
-107
-106
-130
-148
-108
-95
-166
-201
-214
-172
-184
-154
-151
-108
-86
-75
-59
-110
-87
-48
-77
-77
-61
-93
-78
-117
-133
-153
-185
-175
-226
-195
-198
-172
-157
-210
-161
-153
-166
-153
-158
-122
-93
-105
-65
-74
-68
-87
-26
-47
-85
-50
-104
-126
-127
-167
-211
-211
-226
-216
-241
-211
-261
-206
-208
-210
-145
-186
-150
-112
-110
-141
-105
-114
-109
-100
-121
-156
-164
-160
-178
-160
-167
-148
-150
-172
-168
-207
-213
-192
-184
-161
-136
-96
-150
-142
-101
-130
-143
-131
-125
-99
-131
-127
-125
-150
-155
-117
-160
-173
-166
-150
-129
-165
-170
-217
-208
-195
-195
-233
-190
-141
-166
-146
-154
-129
-75
-91
-118
-45
-79
-87
-86
-87
-56
-56
-88
-111
-78
-96
-104
-151
-164
-175
-121
-142
-154
-120
-112
-63
-56
-79
-34
-49
-67
-41
-16
-34
-31
-17
-45
-34
-33
-13
-18
-30
-38
-85
-56
-21
-37
-76
-51
-19
-34
-44
-64
-61
-53
-25
-37
-14
14
-19
18
8
-40
-43
-52
-71
-39
-63
-85
-80
-83
-123
-136
-79
-55
-9
8
-20
-39
-17
-44
-47
-36
-40
-93
-82
-32
-66
-21
-50
-46
-9
-22
-39
-71
-69
-28
-53
-35
0
-43
9
-6
-1
-8
-26
-25
-71
-37
-71
-63
-38
-75
-40
-86
-64
-27
-61
-44
-34
-25
-27
-16
-17
4
-32
-25
-33
-47
-45
-47
-54
-28
-1
-23
-30
-57
-65
-55
-30
-52
-111
-77
-77
-85
-101
-109
-101
-161
-116
-75
-86
-131
-148
-117
-132
-111
-113
-145
-132
-115
-158
-119
-133
-183
-176
-156
-174
-151
-190
-206
-212
-204
-188
-211
-194
-215
-227
-261
-233
-194
-227
-261
-240
-216
-234
-184
-214
-219
-191
-271
-230
-213
-212
-219
-193
-218
-222
-188
-169
-217
-171
-191
-228
-230
-249
-191
-169
-145
-125
-153
-166
-122
-105
-111
-120
-110
-66
-29
-69
-20
-12
-24
-15
-62
-63
-11
-20
18
29
12
16
27
-4
-3
37
-19
15
22
50
57
13
63
40
72
63
41
80
92
106
37
5
56
0
49
15
-10
2
2
22
-37
-13
-5
-6
-20
10
24
9
20
27
50
51
-2
38
77
42
66
111
95
62
66
49
52
17
47
48
-2
-16
17
17
-1
10
12
36
3
10
22
24
30
-24
-61
-27
-16
-17
5
32
35
1
-16
38
33
29
-19
-19
-20
-31
-72
-89
-97
-102
-107
-75
-57
-46
-28
-38
-38
-39
1
6
-22
-26
-36
-51
-32
-78
-83
-57
-56
-77
-45
-23
-50
-91
-101
-90
-94
-80
-59
-70
-71
-46
-72
-30
-18
-18
-40
-17
-14
-14
-7
-16
-51
-40
-37
-54
-43
-48
-14
-15
-56
-22
-51
-31
-48
-78
-99
-108
-52
-97
-85
-23
-39
-21
-30
-28
-34
-36
-21
-56
-31
-54
-71
-77
-86
-54
-14
-66
-60
-40
-85
-100
-14
-66
-78
-61
-80
-90
-79
-37
-38
-8
3
6
-19
-16
19
15
29
39
43
35
35
62
21
14
18
32
13
23
48
40
55
9
25
5
-1
17
-23
-14
38
41
7
19
39
56
36
38
60
40
59
68
28
35
45
27
-2
8
-8
4
-23
-34
-6
-26
14
37
21
52
-12
-2
24
41
62
8
15
23
0
10
31
-5
42
29
-7
7
-62
-18
7
-36
-38
-32
-37
-5
-7
11
4
-4
-23
-19
-18
-37
-22
-44
-31
-31
5
12
12
-8
24
39
-8
52
45
26
8
42
56
16
-8
-46
-31
-36
-51
-59
-18
-30
-33
-20
-22
0
12
-24
24
63
4
17
11
62
32
9
25
-2
1
-3
25
22
0
21
2
12
-22
-18
-32
-40
-55
-28
-74
-51
-27
-35
-31
-48
-44
-24
17
-8
19
-28
6
13
-2
42
15
-44
-64
-42
-78
-86
-100
-118
-122
-81
-58
-99
-104
-133
-155
-171
-151
-111
-118
-122
-118
-123
-59
-52
-90
-70
-59
-53
-73
-73
-93
-104
-74
-83
-75
-115
-102
-101
-98
-90
-79
-104
-81
-66
-71
-53
-66
-37
-36
-51
-58
-11
-37
-55
-78
-55
-36
-77
-74
-91
-52
-48
-62
-67
-73
-62
-61
-81
-77
-86
-95
-47
-43
-39
-72
-76
-50
-24
-58
-17
-23
-25
-49
-61
-28
-40
-15
19
13
-8
9
-19
6
15
-21
-14
-27
-49
-26
-27
-25
-38
-16
-32
-40
-27
-21
14
-5
27
1
-3
19
6
17
15
-19
-9
-26
-37
-32
-5
-23
-66
-47
-37
-40
-83
-77
-59
-32
-72
-53
-20
-54
-31
-60
-47
22
-42
-45
-55
-70
-80
-37
-32
-72
-56
-91
-59
-83
-66
-51
-109
-96
-83
-74
-96
-91
-73
-93
-98
-76
-45
-47
-35
-17
-25
-28
-50
-43
-73
-97
-72
-93
-45
-90
-68
-59
-100
-67
-86
-67
-98
-84
-71
-84
-68
-74
-117
-60
-103
-91
-48
-25
-12
-15
-20
-37
-26
-33
-13
3
-34
-36
-32
-29
-22
-31
-40
-6
3
-35
-7
-11
-8
-11
29
38
9
12
-10
-18
-36
-1
-47
-51
-3
-15
-50
-58
1
-16
3
12
14
-10
12
44
10
-18
-18
-42
-33
48
46
17
-2
24
34
46
79
60
55
56
85
79
26
61
70
49
34
52
92
89
98
23
-10
21
9
-13
-4
46
41
51
57
30
27
3
35
63
88
82
-7
10
-2
19
32
-2
11
5
28
20
36
21
9
18
0
40
10
35
35
21
17
29
22
-27
14
37
-17
-49
-23
-37
4
-23
-77
-38
4
-19
-72
-74
-62
-47
-18
-33
-61
-37
-69
-83
-91
-64
-46
-63
-78
-65
-92
-82
-61
-77
-74
-80
-48
-64
-60
-63
-71
-71
-39
-77
-70
-92
-90
-71
-96
-71
-52
-56
-67
-52
-88
-80
-70
-78
-72
-52
-85
-45
-71
-61
-58
-46
-22
-56
-25
-39
-24
-43
-101
-3
-9
-15
-15
-58
-35
-52
-26
-42
-40
-21
-25
-23
-19
-19
-2
-16
4
3
3
53
38
47
26
5
0
1
37
44
-3
2
3
-8
-3
-46
-19
-7
-27
-28
-30
17
-8
-22
-43
0
-17
-38
-6
11
-44
-29
-33
-47
-25
-23
-33
-43
-22
-77
-90
-70
-70
-74
-63
-72
-82
-101
-107
-102
-110
-91
-91
-77
-82
-45
-52
-59
-72
-77
-55
-58
-85
-81
-56
-33
-56
-49
-78
-67
-93
-94
-50
-81
-89
-101
-76
-103
-54
-98
-117
-120
-115
-71
-100
-116
-108
-95
-93
-124
-136
-103
-136
-88
-37
-21
-36
-68
-39
-34
-23
-28
-61
-57
-27
-63
-55
-48
-71
-54
-30
-12
-14
-13
-24
-6
-52
-51
-40
-49
-35
-6
1
-33
-3
4
1
-28
-36
-6
-53
-77
-65
-80
-29
-74
-64
-61
-23
-51
-77
-46
-49
-10
-58
-24
-17
-6
-14
-33
-20
2
19
9
39
65
36
59
43
12
34
34
44
41
7
-19
36
36
46
47
31
23
18
25
-18
7
47
47
42
43
71
68
66
63
51
34
31
69
37
31
16
39
62
21
30
62
71
40
69
44
50
49
27
46
48
80
51
91
51
61
11
-33
24
33
23
24
64
46
83
57
52
36
72
86
59
84
58
46
98
57
51
62
66
64
45
48
54
45
34
26
32
89
64
108
77
107
65
62
100
44
57
37
76
65
15
46
45
52
86
94
88
80
104
58
51
53
43
42
80
64
52
81
52
-10
12
7
-12
28
-4
-1
38
34
43
15
1
58
29
36
4
-26
10
1
27
4
-26
-12
25
12
37
82
27
21
18
2
0
-2
9
-27
-38
18
-3
-17
-35
-11
13
-12
7
2
19
-6
-27
2
-39
7
1
-77
27
36
15
-10
13
8
-1
-19
-54
-62
-44
-5
-34
-31
-10
-77
-35
4
-13
27
-9
-5
-7
43
14
-4
34
-16
6
3
8
6
6
-9
-23
-16
-6
4
5
38
32
17
69
23
32
90
43
31
70
96
68
75
82
130
103
77
149
104
69
110
108
86
80
83
83
77
55
91
118
111
85
74
108
83
75
70
55
85
79
75
134
134
78
44
93
93
83
120
97
103
104
108
131
124
129
108
112
107
56
59
57
88
98
132
73
74
112
59
55
67
70
58
57
78
83
56
67
52
69
67
76
71
81
52
33
44
42
6
8
20
1
0
-7
30
33
28
58
39
60
28
50
41
53
49
48
76
54
70
19
20
49
47
36
22
-31
-11
10
22
4
-32
-16
-48
0
35
44
43
69
52
22
80
28
23
3
-24
1
25
53
27
51
60
37
14
31
86
26
40
3
26
8
-15
0
8
22
-4
5
-18
41
43
20
74
57
40
80
31
2
56
68
33
69
76
88
70
66
95
86
42
47
69
45
68
53
57
45
25
-5
40
22
23
78
15
71
62
75
62
67
64
86
62
54
103
87
102
101
99
109
130
128
123
110
175
130
109
166
147
158
153
181
164
175
169
177
151
166
167
167
210
179
174
94
121
152
130
155
128
112
117
124
140
133
130
133
84
119
96
119
87
72
116
77
89
99
110
73
89
94
123
123
127
104
89
116
144
128
101
133
158
152
112
119
118
130
94
104
143
153
106
92
89
90
121
84
105
53
42
72
50
21
48
35
69
54
60
61
4
54
47
19
32
62
53
59
56
96
79
70
89
77
99
79
56
55
18
3
60
51
68
44
24
47
37
53
40
49
-15
9
-13
-46
-22
-13
-40
-50
-53
-59
13
-9
-59
4
-19
-2
10
1
2
-2
12
-36
-1
-19
-30
8
30
30
45
16
28
81
49
108
101
68
89
92
98
108
108
126
165
114
97
143
134
125
113
96
133
125
135
119
138
123
130
171
134
143
154
151
160
131
148
131
122
149
178
191
160
162
131
164
189
160
180
160
167
170
173
168
184
152
169
169
147
153
128
127
93
115
116
116
123
97
118
110
110
119
156
161
99
88
86
123
88
76
96
44
100
67
47
84
70
84
53
60
59
42
46
38
60
53
53
80
113
118
121
114
110
157
131
111
92
86
118
84
91
99
76
101
106
80
107
97
104
97
91
126
132
122
133
107
130
160
148
143
152
135
161
97
101
146
97
151
157
144
127
121
109
133
108
65
67
52
104
76
84
85
60
81
63
61
68
36
37
71
33
93
107
54
51
93
57
79
116
86
99
19
89
97
97
106
68
110
140
135
119
149
118
115
112
87
72
63
51
81
79
77
78
70
93
69
122
116
120
140
137
158
178
161
163
185
197
184
158
181
200
151
154
163
190
217
187
259
214
237
243
203
233
227
237
215
232
211
203
204
198
195
229
186
170
153
199
214
209
220
188
187
166
177
161
145
152
151
124
186
133
120
143
139
123
150
144
159
128
133
198
143
143
144
127
138
128
159
151
153
138
162
168
124
111
99
116
151
98
104
107
85
104
75
97
132
163
143
96
103
139
86
62
100
96
108
128
113
107
77
69
109
82
90
106
88
114
115
61
72
88
87
105
136
138
133
163
122
131
148
153
169
131
137
144
162
139
139
118
161
133
120
178
124
127
154
140
146
156
127
122
84
93
122
76
92
73
123
136
80
94
136
112
128
101
108
120
91
92
78
82
43
81
73
71
63
72
127
75
88
83
102
83
58
94
137
105
109
129
112
102
148
120
86
119
65
98
112
120
117
122
115
110
111
98
130
135
146
115
150
146
130
102
144
141
164
147
161
170
140
124
174
158
94
112
100
112
106
117
99
109
119
117
131
129
142
113
155
163
149
159
115
161
131
143
142
103
108
120
120
65
62
89
105
100
103
128
89
95
160
119
64
69
119
124
106
112
96
80
40
101
138
131
139
147
118
143
170
177
142
104
96
62
104
101
65
24
70
87
30
88
79
60
97
64
71
119
73
39
80
67
76
82
56
103
65
47
64
46
58
54
41
3
37
45
46
84
53
38
36
-1
15
35
58
46
33
16
42
47
12
-1
1
29
1
33
18
65
91
57
45
37
76
72
47
45
69
49
35
46
15
35
41
10
36
58
61
82
59
66
85
81
119
130
103
100
116
111
99
107
127
133
111
88
136
135
130
116
134
153
133
161
141
154
129
169
167
107
155
110
119
144
145
172
144
156
152
117
170
165
155
199
190
164
165
201
180
167
203
183
142
146
158
174
143
165
177
150
151
86
135
151
119
162
143
130
135
142
149
183
152
120
121
113
143
129
103
146
135
108
90
77
94
151
146
106
134
154
148
117
125
172
145
99
100
118
165
182
132
167
151
153
171
151
198
176
189
187
187
165
168
185
166
175
158
145
181
186
182
175
208
203
203
209
190
167
164
175
159
134
171
171
153
157
202
169
152
147
166
156
113
178
170
146
149
146
130
140
161
113
91
88
125
97
151
135
145
120
80
113
58
66
104
93
108
118
95
90
109
71
129
119
103
115
87
83
69
110
94
105
77
49
72
56
100
64
105
114
99
179
122
153
152
111
135
140
125
104
156
164
153
161
137
139
146
127
149
137
137
154
154
191
197
172
182
156
152
175
191
189
175
180
198
158
186
256
217
203
240
242
214
192
173
217
198
208
185
206
217
202
223
180
204
171
183
219
224
192
206
146
166
200
185
206
194
220
222
224
211
192
125
135
121
123
100
99
95
28
24
35
53
32
36
55
63
48
67
90
75
66
88
65
101
102
71
97
78
77
72
56
41
66
35
-19
-1
47
37
48
55
34
33
16
-25
0
21
-15
2
-28
33
29
-20
-4
-24
-25
-22
4
-8
-7
-37
-21
-44
-59
-64
-37
-64
-47
-33
-43
-28
-27
-61
-55
-62
-36
-47
-32
-15
-52
-29
-33
2
-3
12
-11
-21
-22
-2
-1
9
-41
-26
-2
-41
-44
-38
-23
24
0
-8
31
4
-1
-5
-23
15
5
-16
10
-21
-14
-9
17
11
-4
1
15
-5
-26
-1
18
2
13
23
53
39
0
54
38
64
57
41
41
25
47
59
74
32
65
79
96
93
75
54
72
108
70
59
81
127
109
94
115
116
122
187
142
121
160
138
137
157
143
163
173
156
160
108
122
135
147
182
161
171
158
140
149
140
141
145
165
155
167
179
152
153
180
184
175
172
151
175
183
173
139
140
121
148
132
158
127
122
166
168
148
124
151
126
133
105
160
134
97
53
63
85
83
112
51
141
90
70
88
75
96
99
116
60
83
81
89
83
84
54
69
68
74
54
50
82
47
71
89
109
121
130
100
128
138
81
99
125
160
108
112
109
78
131
91
65
92
124
128
101
95
124
125
133
112
115
157
109
90
93
130
136
92
88
128
126
108
111
96
118
110
63
107
174
144
147
120
114
136
106
102
93
104
120
133
155
105
110
109
120
136
113
121
137
148
161
92
108
135
128
147
151
148
141
185
133
142
162
160
132
132
133
132
134
111
148
125
158
122
145
125
118
180
169
146
179
144
100
103
116
138
121
128
149
159
132
124
122
108
133
175
112
132
165
149
160
136
92
121
134
93
124
115
127
160
124
138
132
114
119
138
138
119
56
72
91
117
112
130
131
99
117
90
86
87
82
78
55
79
61
63
60
72
95
60
42
66
48
33
35
49
31
20
-12
-25
6
-6
-8
-30
-6
13
29
-8
-13
10
-17
-38
-35
-1
-34
-2
-27
-9
-31
-59
-2
-5
-48
-62
-61
-59
-14
-59
-54
-32
-36
-59
-67
-54
-42
-67
-70
-54
-63
-41
-37
-20
2
-14
-56
-55
-26
-33
-32
-22
-13
8
8
37
-5
0
56
-2
-20
5
-22
-38
-29
-41
-56
-43
-20
-18
-6
23
20
18
-16
24
1
-22
9
24
22
4
55
28
36
6
0
17
-20
-3
9
9
11
40
58
42
53
80
15
45
44
13
46
55
36
25
17
68
45
28
89
26
68
84
97
108
110
119
121
117
105
131
86
100
145
122
104
103
122
85
53
50
104
98
91
90
99
101
88
85
76
95
155
122
87
132
95
87
115
86
41
105
92
61
91
49
46
50
47
32
42
39
35
39
84
78
31
50
10
23
36
10
37
38
11
23
53
34
27
44
13
-11
46
13
37
34
17
52
12
8
53
49
38
42
27
47
34
73
45
42
91
88
118
130
100
102
69
55
99
84
63
86
82
75
58
36
61
41
39
68
73
86
81
74
73
52
48
70
42
57
36
23
49
32
21
-18
-1
7
-9
11
27
47
41
19
61
25
8
78
46
46
10
17
17
-8
11
-21
12
30
-8
-47
-24
-8
-44
-12
-15
-61
-64
-29
-21
-19
-12
8
-7
-43
-48
-66
-60
-46
-3
-56
-35
-44
-58
-48
-41
-67
-81
-61
-65
-65
-42
-31
-85
-30
-80
-33
-70
-52
-59
-78
-48
-98
-58
-48
-68
-105
-67
-56
-83
-17
-30
-19
7
14
-9
-49
-8
-25
-52
-6
-53
-93
-33
-54
-55
-16
6
-25
-36
-7
-24
1
15
-32
-8
-51
-31
-52
-8
-52
-26
-18
-27
-60
-84
-51
-15
25
-36
-6
-15
-26
-59
-75
-74
-76
-46
-63
-46
-79
-135
-159
-97
-88
-75
-54
-58
-47
-91
-80
-69
-106
-87
-102
-138
-119
-145
-134
-93
-152
-140
-173
-159
-136
-153
-134
-121
-154
-148
-128
-149
-172
-156
-172
-187
-162
-166
-159
-198
-170
-218
-197
-185
-214
-244
-226
-249
-224
-247
-260
-208
-248
-226
-257
-210
-237
-250
-217
-297
-289
-306
-320
-319
-319
-327
-327
-322
-307
-371
-388
-381
-411
-392
-412
-417
-460
-459
-494
-482
-480
-503
-483
-477
-512
-555
-533
-580
-546
-579
-598
-616
-627
-666
-658
-658
-679
-697
-712
-726
-709
-701
-752
-742
-764
-777
-755
-788
-792
-785
-839
-876
-902
-943
-973
-980
-1000
-1054
-1018
-1029
-1063
-1090
-1093
-1101
-1120
-1137
-1168
-1211
-1240
-1246
-1251
-1253
-1245
-1272
-1294
-1304
-1353
-1344
-1310
-1330
-1367
-1410
-1424
-1408
-1441
-1408
-1460
-1468
-1461
-1449
-1446
-1509
-1475
-1465
-1485
-1430
-1433
-1400
-1369
-1372
-1302
-1326
-1311
-1307
-1287
-1240
-1210
-1223
-1180
-1144
-1104
-1075
-1089
-1044
-1028
-1022
-1036
-993
-974
-962
-938
-867
-831
-794
-734
-730
-669
-623
-636
-602
-553
-531
-497
-411
-375
-367
-313
-250
-195
-141
-127
-111
-76
-83
-40
-57
2
18
31
9
14
10
-1
-49
-91
-117
-222
-299
-370
-478
-556
-665
-711
-770
-826
-900
-995
-1018
-1122
-1202
-1281
-1310
-1344
-1366
-1411
-1463
-1458
-1480
-1471
-1506
-1504
-1482
-1487
-1452
-1459
-1418
-1416
-1327
-1334
-1325
-1291
-1247
-1162
-1120
-1033
-1036
-972
-918
-833
-777
-709
-663
-570
-515
-440
-399
-323
-296
-255
-162
-108
-35
-4
1
50
127
172
200
232
278
293
383
404
408
472
490
531
565
541
525
561
600
590
586
621
631
625
657
661
624
655
668
622
670
642
618
656
653
607
579
594
584
597
576
602
567
568
578
573
563
533
609
567
587
610
570
598
585
619
603
618
623
617
619
569
612
594
592
618
587
549
530
548
545
519
514
510
461
513
483
490
540
494
498
526
543
528
532
527
506
528
519
565
538
570
564
534
498
514
589
544
546
557
570
595
615
599
612
598
593
579
585
579
586
608
603
617
612
585
610
589
593
607
649
667
625
613
582
639
617
633
627
619
649
632
672
684
690
656
643
647
675
656
655
674
677
707
658
672
690
673
674
697
678
651
680
658
692
740
737
742
789
781
813
779
793
830
797
809
792
844
830
857
820
786
818
844
830
820
839
897
854
820
877
895
876
892
901
881
889
908
879
900
887
874
897
879
915
921
902
889
896
920
892
923
962
948
947
963
950
947
925
936
922
902
900
911
901
881
841
836
853
848
874
871
851
864
873
807
791
837
845
848
831
795
845
847
859
848
834
858
848
851
828
819
821
817
824
858
797
782
817
840
838
836
804
836
875
846
870
815
819
840
797
815
849
832
826
842
880
882
864
857
876
868
858
876
824
831
858
824
843
819
810
860
839
845
796
803
826
830
841
834
834
853
855
897
868
897
894
853
823
879
882
843
867
918
905
845
883
887
856
866
890
874
863
883
878
872
869
874
833
816
877
865
857
850
846
873
884
875
872
861
813
840
863
894
849
861
827
818
847
840
873
842
839
899
867
838
834
873
931
849
853
886
846
865
873
860
835
881
860
873
867
834
857
841
856
883
821
809
837
844
848
851
839
837
799
812
804
818
806
838
847
792
764
794
775
772
746
791
736
746
758
719
743
727
760
755
767
771
762
749
751
761
761
700
683
686
694
717
698
719
681
743
718
713
697
710
754
706
706
715
707
692
699
717
703
699
710
691
672
690
648
642
642
623
608
627
605
602
645
667
619
567
565
554
596
538
562
590
567
574
522
545
545
508
536
528
543
517
557
556
518
550
566
550
579
574
572
600
651
614
610
636
634
638
622
611
641
676
631
655
658
677
642
643
639
641
646
591
611
520
531
538
523
461
473
397
356
340
290
272
202
136
76
70
40
1
-1
6
-59
-48
-45
-25
-26
19
67
112
161
226
263
388
504
596
708
816
945
1063
1263
1419
1646
1837
2094
2426
2675
2984
3304
3314
3091
2779
2488
2265
1756
969
375
-70
-345
-646
-1026
-1171
-1179
-1248
-1389
-1473
-1411
-1370
-1558
-1871
-1874
-1643
-1443
-1348
-1243
-826
-239
249
655
1010
1450
1836
1943
1934
2022
2028
1901
1666
1445
1495
1521
1401
1202
1134
1087
1049
819
520
267
-40
-323
-675
-846
-989
-1051
-1124
-1089
-912
-639
-369
-199
-33
207
371
539
621
613
781
837
922
1050
1207
1328
1405
1357
1328
1291
1183
961
584
258
15
-306
-608
-853
-1033
-1108
-1142
-1153
-1084
-928
-830
-772
-757
-629
-458
-369
-273
-130
54
335
571
787
1047
1319
1524
1714
1802
1851
1856
1720
1594
1400
1206
1041
810
581
424
285
209
67
-49
-124
-277
-392
-521
-582
-621
-667
-720
-737
-586
-406
-257
-126
36
286
422
565
615
665
686
726
720
676
659
619
627
553
538
541
517
455
388
341
258
125
7
-121
-202
-273
-292
-265
-291
-158
-45
-2
113
222
371
406
447
495
460
493
506
544
606
590
639
656
710
735
749
773
673
615
597
527
406
233
148
131
82
41
-36
-22
-25
-30
-33
-52
-52
-79
-60
-137
-130
-102
-139
-92
-60
51
158
179
235
343
390
451
487
493
534
490
474
442
427
420
396
395
401
382
377
372
360
303
230
188
172
122
75
44
9
34
-8
33
19
6
89
115
127
151
206
190
210
245
234
252
269
218
237
260
260
247
279
268
260
244
177
139
114
55
-39
-93
-109
-129
-158
-137
-113
-101
-47
-45
-97
-62
-19
-18
-44
-43
30
71
70
66
76
133
131
146
181
184
242
258
199
189
125
110
81
46
-21
-12
-12
-46
-43
-40
3
-38
-70
-112
-157
-175
-153
-204
-235
-217
-214
-207
-197
-193
-203
-211
-202
-264
-241
-276
-289
-334
-334
-368
-380
-402
-485
-463
-495
-454
-489
-558
-549
-646
-774
-854
-975
-1050
-1197
-1309
-1299
-1358
-1511
-1707
-1766
-1752
-1698
-1678
-1770
-1665
-1448
-1260
-1080
-955
-756
-579
-439
-326
-204
-44
-23
-70
-9
120
359
577
718
1020
1397
1957
2482
2981
3604
4211
4882
5395
5826
6231
6551
6764
6844
6825
6819
6771
6399
5592
4484
3266
2187
976
-552
-1985
-3315
-4314
-4943
-5506
-5736
-5708
-5587
-5388
-4988
-4398
-3814
-3333
-3065
-2650
-2088
-1352
-605
-32
686
1580
2443
3368
4164
4737
5184
5323
5244
5068
4752
4174
3319
2396
1614
939
260
-338
-945
-1477
-1754
-2118
-2448
-2769
-3113
-3479
-3809
-4060
-4136
-4038
-3887
-3665
-3219
-2541
-1721
-888
-83
700
1370
2038
2591
2848
3052
3120
3050
2877
2690
2626
2391
2073
1802
1565
1280
988
585
35
-541
-1127
-1699
-2267
-2890
-3438
-3899
-4184
-4267
-4235
-4053
-3823
-3476
-3092
-2688
-2241
-1871
-1685
-1626
-1585
-1599
-1573
-1712
-1871
-1716
-1627
-1437
-1287
-1251
-1019
-871
-953
-1062
-1259
-1535
-1872
-2397
-2889
-3154
-3414
-3656
-3812
-3835
-3565
-3328
-3106
-2710
-2429
-2053
-1587
-1309
-867
-378
69
592
1200
1894
2765
3594
4273
5107
5851
6625
7305
7645
7992
8186
8142
8038
7771
7499
7304
6760
6341
5926
5299
4534
3350
2224
1232
-4
-1333
-2559
-3590
-4376
-5068
-5694
-5879
-5784
-5620
-5383
-5125
-4621
-3868
-3320
-2847
-2272
-1661
-845
-184
382
1093
1963
2744
3346
3844
4330
4769
4833
4687
4417
3999
3384
2513
1490
540
-356
-1259
-2303
-3216
-3908
-4541
-5176
-5876
-6345
-6667
-6991
-7260
-7478
-7415
-7323
-7142
-7011
-6934
-6500
-6041
-5598
-5124
-4641
-4072
-3503
-3024
-2618
-2130
-1703
-1536
-1473
-1419
-1289
-1321
-1531
-1679
-1816
-1759
-1573
-1299
-844
-125
780
1667
2676
3763
5029
6126
7047
7861
8733
9481
10131
10369
10624
10897
10879
11072
10784
10512
10391
10194
9758
9140
7844
5981
4129
2062
238
-1932
-4610
-6861
-8449
-9506
-9965
-10464
-10501
-9834
-9024
-7990
-6879
-5607
-4322
-3417
-2875
-1999
-736
479
1528
2120
3102
4723
6179
7335
8094
8666
9235
9254
8760
8006
7044
5707
3905
2049
475
-606
-1910
-3290
-4404
-5096
-5261
-5529
-5997
-6371
-6584
-6716
-6751
-7002
-6919
-6775
-6728
-6528
-6106
-5350
-4391
-3631
-3000
-2316
-1882
-1646
-1555
-1693
-1934
-2572
-3559
-4165
-4746
-5310
-5806
-6410
-6794
-6888
-6935
-6975
-7035
-7152
-7218
-7232
-7279
-7012
-6622
-6166
-5428
-4464
-3002
-1161
675
2486
4343
6228
8270
9884
11013
12164
12887
13539
14053
14090
14318
14428
14111
13934
13583
13190
12868
12106
11071
10159
9294
8139
6137
3163
364
-1861
-3872
-6228
-9101
-11464
-12603
-12888
-12939
-12836
-12274
-10924
-9401
-8081
-6558
-4771
-2946
-1670
-1061
-180
1566
3301
4424
5062
5916
7589
9227
10089
10325
10501
10563
10171
8993
7547
6174
4335
2062
-332
-2255
-3435
-4578
-6122
-7481
-8243
-8246
-8200
-8628
-9193
-9478
-9504
-9666
-10032
-10153
-9906
-9523
-9035
-8328
-7122
-5675
-4514
-3800
-3005
-2196
-1544
-1530
-2133
-2732
-3361
-4075
-4942
-5874
-6525
-6921
-7358
-7687
-7738
-7571
-7485
-7549
-7617
-7448
-6907
-6459
-5880
-5116
-3873
-2246
-602
1232
3248
5477
7492
9240
10890
12547
14074
15070
15823
16525
17144
17641
17780
17633
17464
17276
16829
16034
15267
14486
13644
12250
9399
5845
2463
-427
-2881
-6494
-11020
-14478
-16177
-16487
-16636
-17468
-17335
-15481
-13209
-11207
-9556
-7499
-4967
-3209
-2524
-1396
845
3358
4791
5031
6072
8851
11548
12971
13072
13234
14297
14682
13542
11630
9677
7716
5116
1691
-1054
-2662
-4290
-6510
-8825
-9876
-9443
-9142
-9836
-10761
-10976
-10365
-9827
-10276
-10905
-11052
-11018
-10648
-10126
-9306
-7869
-6799
-5794
-4533
-2933
-1253
-787
-1364
-2135
-2678
-3156
-4419
-6355
-8169
-9508
-10355
-11007
-11441
-11608
-11489
-11447
-11276
-10462
-9554
-8864
-8562
-8171
-6867
-5097
-3493
-2008
-482
1662
4310
6685
8918
10847
12617
14314
15616
17065
18343
19160
19732
19944
20709
21380
21378
21229
20679
20596
20728
20091
19061
16930
12337
7336
2920
-949
-4372
-10509
-17407
-21070
-22197
-21656
-21975
-23498
-22328
-18679
-15490
-13267
-11236
-8464
-5419
-4392
-4493
-2526
893
3715
4348
4093
7075
12125
15729
16846
16736
17975
20238
20147
17823
15249
12796
10004
5742
931
-1811
-3269
-5956
-9349
-11909
-11940
-10351
-10603
-12277
-13341
-13066
-11987
-11988
-12965
-12991
-12266
-11610
-10761
-9519
-7441
-4823
-3473
-2327
-382
1530
3133
2890
1496
744
-28
-1650
-4021
-6699
-8607
-9947
-11671
-13061
-13605
-13865
-14040
-14608
-14953
-14076
-13526
-13625
-13961
-13875
-12394
-10889
-9789
-8342
-5965
-3099
26
2867
5593
8647
11134
12887
14430
15780
17074
17893
17682
18185
18912
20063
21016
21102
22026
22623
23201
23422
23224
22904
22251
21110
19824
17164
11201
5446
293
-3081
-6080
-13168
-19962
-22813
-22584
-20804
-21922
-23760
-21252
-16823
-13765
-12642
-11288
-7891
-4219
-4075
-5124
-2743
1564
5234
5211
4551
8485
14557
18250
18300
17333
19200
21789
20866
17401
14215
12191
9610
4818
-642
-2792
-3613
-6058
-9561
-12624
-11987
-9888
-10509
-12818
-14272
-13714
-12284
-12814
-14286
-14666
-13883
-13227
-12769
-11743
-9511
-6855
-6001
-5184
-3203
-507
1028
-44
-1747
-2008
-1789
-2801
-5400
-7968
-9140
-9894
-11181
-12419
-12840
-12881
-13099
-14062
-14213
-12944
-12165
-12390
-12874
-11966
-9393
-7243
-6108
-4810
-2364
945
3922
6141
7923
10445
12573
13948
15426
16668
18347
18770
18703
19497
21016
22943
23570
23478
24286
25400
26360
26463
25667
25369
25014
22651
17082
10886
5658
1550
-2799
-10640
-18138
-22297
-23642
-23609
-24898
-26433
-24960
-21273
-18176
-16220
-14205
-11216
-8211
-7193
-7154
-5094
-1737
1245
2253
2852
6452
11589
15929
17885
18606
20707
23105
23469
21774
19348
16793
13687
9303
4408
1162
-1325
-4539
-7958
-10899
-11513
-10784
-11294
-12768
-14115
-14179
-13643
-13974
-14991
-15902
-16148
-15939
-15771
-14845
-13037
-11237
-9578
-7986
-5716
-2737
-750
-494
-592
-735
-590
-1087
-3159
-5366
-6981
-8539
-9886
-11193
-12256
-12647
-13311
-13956
-13890
-13221
-12637
-12641
-12895
-12285
-10753
-9305
-8163
-7062
-5292
-2668
-131
2320
4833
7292
9699
11331
12886
14657
16122
17386
17697
18009
18916
20281
21870
22489
23914
25826
27441
29266
30079
30994
32239
32375
31103
27576
21323
15346
10033
4006
-2694
-11210
-18774
-22550
-24173
-24901
-25894
-26624
-24316
-20679
-17963
-15546
-13181
-10806
-9181
-9007
-8343
-5652
-3059
-1264
-48
2185
7343
13017
16918
19515
21885
24769
27081
26892
25262
23153
19900
15503
10613
6128
2916
-432
-4637
-7909
-9643
-9737
-9609
-11004
-12498
-13151
-13416
-13890
-15162
-16587
-17410
-18186
-18642
-18074
-16550
-14477
-12639
-10792
-7985
-4505
-1573
59
481
826
1213
753
-771
-2836
-4921
-6718
-8488
-10158
-11087
-11914
-12817
-13595
-13954
-13696
-13281
-13606
-14328
-14572
-13908
-12875
-12161
-11289
-9729
-7494
-4813
-2065
914
4039
6929
9667
11830
13997
15914
17262
18058
18466
19490
20819
21691
22673
23622
25103
27193
28090
28830
30101
30604
31843
32401
31023
29069
23290
16434
10942
4824
-784
-8932
-17984
-22861
-24827
-25496
-26253
-27351
-25971
-22206
-19113
-16749
-13995
-11687
-9642
-9134
-9463
-7148
-4245
-2405
-1316
-67
4388
10179
14493
17284
19797
22665
25184
25897
24438
22658
20005
15497
10606
5732
2104
-962
-5613
-9492
-11556
-12052
-11796
-12917
-14392
-14975
-15143
-15638
-16646
-17908
-18798
-19296
-20088
-19958
-18294
-16454
-14166
-12346
-9904
-5975
-2739
-555
439
667
1038
897
-670
-2781
-4946
-7271
-9278
-11232
-12611
-13014
-13871
-14772
-14971
-14834
-13912
-13852
-14591
-14935
-14778
-14010
-13412
-12909
-11854
-10020
-7638
-5041
-2125
1147
4071
6934
9269
11546
13894
15132
15811
16219
16769
17807
18778
19070
19984
21171
22483
24864
26167
27630
29245
29803
31244
32392
31789
28716
21263
14523
9810
4872
-1512
-12152
-20882
-24412
-25041
-25402
-27247
-28092
-25146
-20848
-18468
-16206
-13011
-10408
-9364
-10562
-10498
-6670
-3843
-3183
-3344
-1165
5167
11278
15021
17239
20431
24292
26750
26587
25258
24018
20934
15645
10276
6119
3616
-23
-5543
-9101
-10185
-9359
-9268
-11131
-12411
-12373
-12201
-13068
-14432
-15770
-16402
-17580
-18949
-18320
-16297
-14236
-12976
-12068
-9096
-4873
-1899
-699
-770
-243
536
224
-1673
-3726
-5443
-7421
-9347
-11141
-11578
-11770
-12927
-14096
-14307
-13272
-12363
-12999
-14134
-14267
-13243
-12020
-11522
-11088
-9606
-7230
-4920
-2373
574
3814
6645
8377
10516
13163
15407
16325
16415
16908
18194
19624
20569
20728
21543
23487
24889
26552
27233
28206
29823
29822
30187
30327
29535
25539
19191
12953
7928
4137
-2838
-11786
-18833
-22456
-22658
-23701
-26017
-25750
-23113
-19896
-17747
-15495
-12218
-9432
-8639
-9099
-7478
-4423
-1549
-646
-513
2676
7943
12899
15904
17862
21080
24411
25646
25360
24489
23126
20033
15172
10301
6897
4045
-140
-4807
-8397
-9466
-9300
-10404
-12047
-13050
-13078
-13104
-14060
-15061
-15536
-16053
-17104
-17799
-17146
-15650
-13966
-13083
-11787
-8885
-5416
-2872
-2109
-1877
-1032
-419
-1086
-2864
-4784
-6455
-8403
-10480
-11966
-12692
-13316
-14155
-14941
-14890
-13659
-12883
-13120
-13563
-13114
-11680
-10675
-10141
-9306
-7802
-5862
-3725
-1310
1427
4273
6724
8851
11173
13745
15984
17152
17453
18393
20030
21002
21609
22043
22858
24407
25604
26135
27370
28366
29341
30444
30184
30537
28274
22658
17126
11396
7275
1581
-7715
-15770
-20700
-22620
-23619
-25984
-27038
-24641
-21292
-18628
-15877
-12844
-9387
-7128
-7541
-6464
-3690
-1105
290
32
1964
6830
11604
14921
17383
20416
24136
26540
26765
26318
25617
23072
18896
13740
9372
6501
2021
-3165
-7338
-9588
-9838
-10774
-12647
-13645
-13723
-13637
-14185
-15316
-15968
-16307
-17359
-18696
-18841
-17903
-16643
-15826
-15125
-12907
-9814
-7212
-5727
-4763
-3685
-2571
-2514
-3577
-4700
-6078
-7747
-9690
-11739
-12718
-13456
-14591
-15602
-16062
-15285
-14348
-14256
-14197
-13481
-12049
-10566
-9471
-8412
-6855
-5046
-3363
-1225
1205
3758
6145
7942
10260
12856
15109
17060
18074
19229
21114
22501
23603
24587
25020
26379
27459
27901
29245
29421
29888
30787
30968
31688
28804
23275
18287
12990
9085
2897
-6400
-14230
-19547
-21936
-23742
-26640
-27749
-25617
-23023
-20873
-17854
-14409
-10586
-8864
-9042
-7250
-4302
-1703
-667
-909
1306
5904
10484
13625
16145
19707
23469
25854
26337
26738
26576
24188
20099
15117
11370
8381
3588
-1821
-6235
-8534
-9092
-10540
-12534
-13344
-13226
-13235
-13865
-14614
-14793
-14965
-16237
-17098
-16965
-16164
-14918
-14677
-13679
-11379
-8590
-5969
-4865
-3766
-2273
-1326
-1403
-2355
-3310
-4558
-6292
-8486
-10105
-11043
-12181
-13231
-14379
-14758
-13922
-13524
-13587
-13760
-13293
-11951
-11058
-10358
-9189
-7559
-5889
-4243
-2159
465
3130
5443
7411
9646
12143
14462
15927
16710
17923
19417
20676
21269
21932
23172
23770
24838
25493
26052
27239
27604
27992
28191
28367
29170
27291
21704
16455
11384
7606
2490
-6429
-14437
-19848
-22635
-24012
-26624
-28626
-27011
-24452
-22330
-19730
-16905
-13147
-11008
-11330
-10361
-7445
-4913
-3400
-3635
-2315
2038
6599
10142
12550
15504
19365
22321
22974
23198
23186
21508
17891
13113
9182
6439
2417
-2838
-7225
-9850
-10461
-11245
-13040
-14243
-14321
-14095
-14273
-15180
-15516
-15601
-16556
-17341
-17171
-15639
-13723
-12336
-10888
-8171
-5659
-4511
-3884
-4090
-3875
-4037
-5892
-7929
-9495
-10470
-11206
-12790
-13826
-13111
-12618
-12731
-12839
-12748
-12339
-12645
-13968
-14841
-15355
-15406
-14968
-14850
-13586
-10918
-7853
-4887
-1984
1648
5764
8725
10816
13042
14869
16064
16302
16158
16737
17504
18080
18748
19699
21835
24348
26209
27885
29121
30585
32167
32204
31986
32093
31199
28700
22727
16733
12113
7696
2555
-5302
-12353
-16486
-18240
-19521
-21775
-23180
-22003
-19961
-18674
-17469
-15322
-13089
-11891
-12103
-11373
-8428
-5764
-4012
-3066
-759
4128
8939
12511
14925
17898
21282
23276
23622
23223
22634
20807
17166
13162
9783
7133
3856
-558
-4151
-6259
-7108
-8345
-10621
-12433
-13360
-14194
-15615
-17179
-18367
-19126
-20338
-21266
-21014
-19563
-17927
-16496
-15871
-15478
-12856
-11140
-10951
-11152
-12224
-11893
-11960
-13088
-13226
-13812
-14412
-14027
-14059
-13729
-12683
-12483
-13144
-13806
-14060
-13499
-14257
-16118
-16466
-16238
-15335
-13914
-12327
-9842
-7441
-4624
-1075
2026
4760
7595
9430
10419
11855
13432
14247
14210
14186
15344
17076
18219
19584
21241
22904
24886
26738
28092
28803
29424
29811
29387
28988
29054
27939
23103
17296
12596
8851
5125
-1895
-9503
-15226
-18776
-19940
-22181
-25237
-25695
-24399
-23106
-22048
-20298
-17462
-15410
-15636
-15294
-12435
-9396
-7207
-6395
-5476
-1808
2907
6896
9474
11547
14895
17963
18986
19191
19420
18784
16097
12218
8954
6767
3905
-421
-4553
-7630
-8925
-9746
-11783
-13837
-14964
-15255
-15713
-16854
-17552
-17530
-18028
-18800
-18447
-17066
-15057
-13457
-12168
-10440
-9606
-8018
-6897
-7308
-7281
-7946
-8503
-9189
-10070
-9805
-10010
-11056
-10971
-10284
-9982
-9796
-10173
-10858
-11514
-12410
-12954
-13726
-15170
-15257
-14558
-13709
-11847
-9178
-6055
-3564
-719
2799
6218
8615
10244
12043
12977
13623
14534
14960
15350
15770
17008
18626
19696
21882
24018
25635
27097
28165
29544
30198
30063
30070
29591
28681
28748
26929
21800
17118
12753
9649
6050
-1573
-7807
-12128
-15309
-16340
-19096
-21680
-21141
-20009
-18696
-17364
-15576
-12369
-10160
-10270
-8816
-5295
-2355
-267
441
2171
6548
10468
13608
15930
18079
21410
23896
24312
24501
24676
23639
20974
17086
14070
12104
8468
3867
52
-2837
-4110
-5831
-8446
-10184
-11137
-11591
-12355
-13671
-14099
-13943
-14633
-15171
-14651
-13251
-11460
-10524
-9425
-8508
-8288
-6807
-6537
-6838
-6975
-7738
-7849
-8432
-8636
-8020
-8510
-9224
-8937
-8641
-8715
-9042
-10054
-11205
-12301
-13413
-13921
-15098
-16215
-15661
-14908
-13481
-11237
-8325
-5458
-3210
-515
2696
5422
7007
8407
9607
10089
11159
12131
12629
13512
14295
16149
18129
19771
22174
24193
25424
26739
28298
28753
28942
28569
28140
28285
27605
27387
24681
19468
15593
12026
8942
4129
-3397
-9329
-13558
-16082
-17943
-21143
-23181
-22672
-21292
-20020
-18308
-15746
-12645
-11015
-10580
-8070
-4590
-1961
-606
41
2540
6625
10346
12983
14811
17521
20767
22721
23340
23759
24014
22531
19449
16004
13486
10983
6704
1890
-1992
-4467
-6092
-8309
-10947
-12609
-13256
-13642
-14454
-15262
-15299
-15251
-15851
-16312
-16081
-15098
-14314
-14197
-13679
-12476
-10756
-9269
-8591
-7858
-6595
-5497
-4922
-4983
-5055
-4993
-5669
-6848
-7912
-8724
-9812
-11341
-12923
-13951
-14344
-14771
-15401
-15830
-15483
-14438
-13244
-12174
-10526
-8439
-6440
-4788
-3008
-891
1259
2972
4470
6332
8265
10378
11932
13307
15156
17123
19000
20383
21739
23311
24925
25849
26585
27239
27729
28711
28605
28752
29132
29344
30258
28787
24571
20707
16524
13181
8762
1048
-5922
-11226
-14534
-16616
-19760
-21966
-21301
-19786
-18385
-16467
-14092
-10838
-9182
-9064
-7727
-5260
-2859
-1652
-1658
-112
3651
7549
10627
12905
16146
20057
23031
24271
25124
25823
24772
21968
18087
14720
11752
7543
2300
-2194
-5265
-6801
-8598
-11086
-12474
-12730
-12827
-13401
-14323
-14718
-14901
-15952
-17001
-17565
-17413
-17087
-17160
-16916
-15847
-13910
-12024
-10762
-9573
-7795
-6035
-5204
-5058
-4887
-4907
-5559
-6838
-8183
-9173
-10261
-11542
-12924
-13841
-13909
-13847
-14165
-14414
-13993
-12861
-11810
-11127
-9849
-8102
-6398
-5037
-3540
-1594
446
2191
3778
5481
7663
9851
11389
12834
14176
16139
17796
18780
19934
21003
22489
23419
23831
24781
25391
26216
26498
26846
27538
28099
29094
29045
27440
23881
20397
16902
12846
8151
1302
-4934
-9757
-12916
-14900
-17745
-19346
-18708
-17465
-15737
-13730
-11225
-8775
-7462
-6765
-5490
-3516
-2119
-1428
-1155
345
3606
6868
9644
12066
15248
18787
21294
22687
23616
23832
22456
19737
16462
13297
9923
5763
1123
-2767
-5402
-6995
-8832
-10795
-11900
-12161
-12474
-13130
-13888
-14539
-15240
-16478
-17307
-17493
-17191
-16754
-16159
-15021
-12982
-10744
-10472
-10291
-9389
-8638
-8030
-9298
-10667
-11090
-11755
-12121
-12975
-13952
-13649
-13539
-14024
-14193
-13980
-13844
-14557
-16007
-16579
-16362
-16636
-16812
-16655
-15476
-12955
-10238
-7508
-5167
-2270
1162
4037
6027
7818
9774
10809
11144
11481
12435
13294
13736
14243
15470
17441
19159
21050
22216
22852
24684
25514
25469
25225
24772
24848
24391
23820
22298
19406
15183
11510
8442
4330
-652
-6855
-12161
-15386
-17769
-20093
-22535
-23814
-23068
-21789
-20722
-18979
-16624
-14556
-13579
-12368
-10148
-7340
-5732
-4945
-3606
-1009
2646
5670
7776
9973
12948
15697
17556
18164
18693
18639
16941
14329
11919
9719
6806
2988
-957
-3606
-5335
-6931
-8971
-10887
-11872
-12050
-12563
-13476
-14039
-14406
-14817
-15568
-15828
-15867
-15668
-15588
-15672
-15253
-14237
-12891
-12103
-11450
-10441
-9052
-7951
-7413
-7132
-6948
-7101
-7549
-8352
-9329
-10335
-11557
-12969
-14331
-15093
-15498
-16007
-16593
-16582
-15808
-14944
-13955
-12785
-11078
-9218
-7353
-5433
-3766
-2037
-269
1239
2654
4287
5928
7564
8994
10526
12461
14116
15561
17265
18476
19848
21287
21913
22697
22979
23461
23737
23515
23974
23920
24183
24779
25418
25983
24401
21353
18162
15100
11832
7010
110
-6120
-10519
-13733
-16499
-19663
-21035
-20196
-18944
-17267
-14926
-11830
-8810
-7290
-6206
-4331
-2127
-466
-169
-100
1517
4508
7355
9520
11812
15186
18570
20954
22559
23854
24538
23410
20995
18228
15541
12417
8032
3373
-287
-2721
-4533
-6795
-8789
-9525
-9678
-9992
-10538
-10924
-11156
-11759
-12857
-13812
-14606
-14999
-15419
-16130
-16106
-14991
-13416
-12050
-10842
-9001
-6638
-4805
-3664
-2958
-2544
-2446
-3071
-4311
-5767
-7017
-8448
-10248
-11746
-12425
-12575
-12932
-13315
-12976
-12065
-11156
-10463
-9727
-8671
-7374
-6004
-4840
-3780
-2439
-933
344
1744
3515
5642
7409
8877
10857
12674
14843
16393
17568
18975
19976
21268
21919
22239
22981
23279
23437
23565
23936
24795
25198
25911
26729
27821
27516
25228
22003
18615
15679
11287
5250
-1397
-6799
-10238
-13455
-16516
-18514
-18486
-17182
-15786
-13831
-11041
-8022
-6066
-5286
-4098
-2313
-773
-283
-549
462
2795
5631
7906
10167
13327
16792
19537
21284
22619
23437
22817
20546
17605
14632
11496
7354
2608
-1557
-4408
-6451
-8587
-10542
-11552
-11601
-11705
-12015
-12386
-12514
-12912
-13862
-15110
-16288
-17019
-17719
-18709
-19303
-18912
-17638
-16354
-15109
-13089
-10585
-7921
-5691
-3922
-2303
-1133
-793
-1327
-2339
-3443
-4423
-5896
-7341
-8055
-8248
-8419
-8747
-8657
-8020
-7328
-6893
-6636
-6353
-5892
-5391
-4879
-4451
-3757
-2474
-1305
-220
1271
3022
4809
6355
7768
9752
11749
13322
14794
16287
17834
19448
20914
21674
22670
23609
24232
24809
24985
25882
26629
26963
27417
28273
29503
28546
26440
23048
19776
16953
11970
6099
-453
-5830
-9407
-13128
-16365
-18197
-18549
-17833
-16751
-14990
-12243
-9589
-8108
-7067
-5865
-4244
-2752
-2678
-2741
-1813
194
2711
4646
6986
10149
13534
16312
18646
20575
21798
21727
20292
18177
15984
13255
9493
5359
1526
-1081
-3200
-5435
-7253
-8297
-8662
-8872
-9356
-9554
-9817
-10439
-11673
-13462
-14429
-15290
-16303
-17466
-18122
-17579
-16213
-14858
-13277
-11256
-8806
-6130
-4381
-2976
-1760
-1357
-1621
-2556
-3822
-4966
-6422
-8323
-9815
-10710
-10973
-11126
-11242
-10931
-10034
-8934
-8065
-7272
-6434
-5336
-4422
-3680
-2849
-1891
-921
57
1012
2607
4604
6432
8241
10056
12366
14833
16735
18135
19431
20699
21946
22592
22998
23222
23229
23427
23524
23409
23645
23954
24054
24747
25558
26359
25288
23133
20477
17592
14528
9706
4176
-1785
-6696
-10534
-13885
-16738
-18279
-18619
-18075
-16559
-14645
-11787
-9370
-8008
-6744
-5188
-3646
-2563
-2498
-2541
-1483
257
2436
4322
6680
9627
12765
15345
17756
19676
20746
20603
19199
17477
15395
12625
8808
4977
1448
-1035
-3172
-5317
-6865
-7777
-8049
-8210
-8463
-8578
-8735
-9529
-10802
-12374
-13514
-14732
-15957
-17272
-18017
-17553
-16594
-15141
-13526
-11375
-8758
-6241
-4218
-2508
-1332
-883
-1234
-2356
-3465
-4775
-6628
-8473
-10048
-10854
-10976
-11159
-10947
-10389
-9429
-8233
-7285
-6370
-5493
-4595
-3811
-3225
-2663
-1890
-1096
-356
612
2224
4039
5874
7603
9568
11886
13945
15908
17295
18377
19422
20186
20570
20656
20426
20203
20094
19690
19810
20233
20482
21309
22206
23543
24440
23512
22501
20002
17132
14424
9089
3982
-1510
-6715
-10240
-14400
-17026
-17881
-18572
-17798
-16202
-14169
-11210
-9012
-7634
-5846
-4580
-3497
-2605
-2916
-2593
-1547
-284
1690
3501
6186
9277
12066
14957
17500
19544
20515
20358
19329
17626
15561
12472
8824
5286
1846
-630
-3052
-5151
-6145
-7036
-7361
-7506
-7641
-7539
-7877
-9248
-10726
-12183
-13765
-15232
-17189
-18766
-19249
-19048
-18015
-16663
-14874
-12152
-9421
-6926
-4622
-2676
-1541
-1300
-1913
-2833
-3910
-5671
-7642
-9471
-10840
-11357
-11522
-11504
-11004
-10118
-8783
-7586
-6781
-5967
-5245
-4903
-4626
-4422
-4206
-4023
-3811
-3304
-2209
-621
1127
3092
5084
7446
10089
12404
14498
16150
17431
18839
19365
19857
20320
20062
20168
19771
19455
20029
20255
20885
21258
21775
23132
24225
23313
21981
19609
16497
14139
8806
4120
-1004
-6523
-9901
-13758
-16242
-16998
-17809
-17333
-15819
-14128
-11064
-9090
-8058
-6577
-5566
-4636
-3966
-4311
-4314
-3433
-2748
-803
948
3342
6244
8786
11491
13995
16188
17226
17307
16296
14960
13143
10318
7000
3735
468
-1925
-4204
-6211
-7251
-8263
-8623
-9002
-9238
-9228
-10155
-11896
-13374
-15050
-16526
-18361
-20396
-21460
-21784
-20975
-19573
-17825
-15324
-12142
-9060
-5999
-3279
-1148
215
404
217
-328
-1352
-2907
-4736
-6309
-7216
-7563
-7685
-7736
-7378
-6518
-5525
-4757
-4331
-3790
-3571
-3602
-3634
-3554
-3247
-2946
-2516
-1434
176
2068
4393
6589
9009
11746
14257
16577
18373
19626
20731
21385
21515
21679
21118
20513
20295
19443
19535
19393
19265
20038
20570
21461
22578
22166
21067
19642
16646
14130
9871
4503
-13
-5475
-9834
-13413
-16890
-18292
-19028
-19521
-18079
-16376
-14035
-11534
-10401
-8709
-7220
-6336
-5640
-5614
-5552
-4706
-4098
-2760
-698
1578
4459
7232
10050
12990
15515
16996
17592
17313
16450
14951
12490
9360
6331
3259
376
-1907
-4099
-5450
-6489
-7329
-7719
-7988
-8272
-9354
-10989
-12491
-14304
-16071
-18074
-20209
-21436
-21927
-21504
-20433
-18864
-16391
-13376
-10470
-7438
-4730
-2712
-1354
-1228
-1346
-1965
-3350
-5070
-7052
-8699
-9680
-10361
-10618
-10681
-10302
-9308
-8359
-7533
-6950
-6391
-6103
-6086
-5991
-5841
-5780
-5607
-5396
-4587
-3252
-1626
376
2448
4882
7737
10334
12617
14550
16272
18017
18744
19368
19703
19796
19965
19509
19523
19584
19834
20680
21069
21926
23097
24304
24343
23188
21911
19143
16392
12048
7134
2123
-3648
-8038
-12250
-15604
-17652
-18686
-18959
-18287
-16730
-14474
-12261
-10715
-9405
-8103
-7262
-6785
-6527
-6950
-6443
-5966
-4657
-2966
-995
1972
4739
7777
10595
13333
15040
15352
15088
14219
12881
10631
7128
3953
977
-1427
-3253
-5470
-6741
-7236
-7357
-7481
-7602
-7528
-7884
-9724
-11439
-12794
-14416
-16263
-18571
-20076
-20318
-19723
-18399
-16749
-14804
-11425
-8110
-5284
-2614
-553
936
1076
528
-105
-1191
-2998
-4964
-6686
-7675
-7946
-7904
-7872
-7531
-6401
-5067
-4075
-3565
-2915
-2499
-2425
-2429
-2320
-2200
-2036
-1757
-1033
330
1855
3559
5313
7191
9346
11725
13498
14891
16092
17113
17850
18183
18148
18218
17935
17657
17692
17453
17991
18150
18582
19273
19884
21062
20074
18238
17421
15440
13304
9502
4465
1301
-2020
-5077
-7750
-10756
-11524
-10974
-11276
-10487
-8697
-6914
-4895
-4509
-3541
-1381
-911
-869
-1244
-1367
-180
168
464
1279
2463
4716
6651
8149
9896
11600
12491
12470
12056
11514
10522
8302
5764
3694
1891
115
-1639
-3365
-4335
-4678
-5082
-5395
-5841
-5977
-6155
-7644
-9058
-10050
-11361
-12841
-14819
-15976
-16361
-16436
-15932
-15340
-14296
-12334
-10262
-8786
-7503
-6226
-5162
-5281
-5996
-6558
-7441
-8955
-10668
-11991
-12646
-13075
-13331
-13279
-12921
-11912
-10827
-9998
-9536
-8893
-7971
-7512
-7340
-6891
-6164
-5567
-5211
-4353
-2981
-1578
-217
1157
2784
4665
6677
8278
9613
11061
12679
14003
14736
15363
15894
16252
16101
16165
16303
16241
16246
16299
16831
17599
18488
19592
19068
18476
17935
16143
14254
10872
7236
3693
-463
-4027
-7029
-9770
-11617
-12765
-13377
-12616
-11408
-10112
-8796
-8026
-6600
-5281
-4966
-4667
-4713
-4594
-4124
-3940
-2834
-1604
-66
1799
3857
6210
8444
10338
11176
11706
11920
11427
10206
8112
5773
3712
1312
-917
-2810
-4446
-5620
-6525
-7077
-7362
-7531
-7680
-8498
-10020
-10942
-12028
-13354
-15254
-17056
-17823
-18173
-18049
-17367
-16330
-14544
-12093
-9881
-7707
-5673
-3905
-3032
-3070
-3247
-3739
-5011
-6805
-8672
-10076
-11116
-12072
-12519
-12754
-12419
-11554
-10642
-9811
-9166
-8218
-7420
-6897
-6298
-5415
-4653
-4105
-3301
-1838
-75
1574
3361
5327
7641
9990
12179
14161
16001
17574
19080
20028
20682
21272
21397
21263
21011
20758
20784
20618
20385
20932
21439
22245
23149
22619
21790
20682
18610
16242
12213
7620
3470
-955
-4873
-8453
-11477
-13148
-13839
-14179
-13253
-11672
-10018
-8241
-7155
-5831
-4385
-3758
-3635
-3832
-3897
-3238
-2744
-1915
-649
1220
3572
5966
8430
10770
12946
14110
14720
14655
14047
12836
10695
8107
5622
3322
1053
-969
-2753
-4045
-4802
-5338
-5799
-6104
-6452
-7276
-8890
-10343
-11834
-13507
-15413
-17700
-19087
-19803
-19949
-19566
-18962
-17662
-15612
-13407
-11502
-9669
-8195
-7173
-6954
-7208
-7504
-8335
-9637
-11031
-12066
-12505
-12702
-12752
-12404
-11717
-10511
-9117
-8030
-7053
-6194
-5423
-4867
-4568
-4138
-3719
-3439
-3143
-2314
-970
336
1650
3143
4855
6828
8690
10284
11836
13215
14677
15898
16666
17287
17406
17404
17281
17043
17000
16775
16631
16789
17230
17935
18740
18366
17689
16996
15279
13563
10251
6475
2976
-1009
-4465
-7937
-10619
-12150
-13290
-13979
-13462
-12080
-10561
-9212
-8376
-7174
-5934
-5437
-5347
-5603
-5558
-5162
-5010
-4251
-2993
-1282
860
2887
5149
7704
9748
10709
11183
11140
10583
9291
6960
4339
1771
-756
-3156
-5416
-7212
-8334
-9341
-9930
-10108
-10107
-10164
-11187
-12384
-13154
-14094
-15377
-17415
-18925
-19663
-19878
-19553
-19090
-18000
-16068
-13723
-11573
-9398
-7287
-5577
-4857
-4784
-4529
-4870
-5830
-7104
-8359
-8973
-9330
-9537
-9413
-9097
-8140
-6911
-5833
-5033
-4275
-3592
-3260
-3180
-2959
-2457
-2156
-2053
-1617
-503
856
2122
3414
4998
6847
8911
10672
12226
13707
15045
16251
16843
17341
17709
17654
17237
16744
16521
16268
16049
15749
15645
15969
16594
17409
17238
16251
15646
14388
12537
10021
6718
3549
238
-2752
-5306
-7546
-8929
-9253
-9399
-8854
-7433
-5883
-4510
-3994
-3526
-2760
-2798
-3154
-3694
-4111
-3908
-3705
-3059
-1933
-621
1234
3172
4972
6939
8758
10088
10748
10932
10870
10213
8914
7198
5425
3720
2252
845
-169
-1013
-1490
-1559
-1692
-1565
-1736
-2423
-3186
-4167
-5088
-6422
-8591
-10294
-11723
-12666
-13139
-13322
-12771
-11659
-10060
-8281
-6471
-4862
-3615
-2930
-2789
-2796
-3298
-4147
-5332
-6567
-7235
-7727
-8048
-8200
-8204
-7717
-7139
-6619
-6271
-6050
-5995
-5959
-6102
-6132
-5918
-5872
-5705
-5238
-4409
-3412
-2439
-1368
12
1448
2911
4263
5439
6673
7794
8725
9508
10074
10602
11138
11228
11410
11585
11662
11804
11743
12112
12325
12798
13419
13949
14129
13518
13026
11986
10538
8536
5706
2667
-282
-2770
-5505
-8092
-9988
-11037
-11532
-12064
-11823
-11124
-10586
-10205
-9877
-9422
-9163
-9265
-9490
-9679
-9523
-8971
-8172
-7211
-6069
-4173
-2124
-149
1702
3301
4701
5446
5674
5731
5170
4168
2941
1423
239
-957
-2042
-3109
-4158
-4700
-4963
-5494
-6251
-6900
-7454
-8049
-8564
-9039
-10060
-11467
-13216
-15045
-16464
-17393
-17589
-17047
-16000
-14106
-11295
-8113
-4695
-1918
-290
135
-447
-1371
-2585
-3907
-4867
-5550
-5902
-5751
-5694
-5534
-5528
-5620
-5831
-6831
-8299
-9837
-11231
-12031
-12228
-12112
-11628
-11040
-10326
-9421
-8637
-7809
-6869
-5769
-4586
-3267
-1884
-603
714
2070
3464
4620
5514
6498
7086
7707
8132
8090
8438
8583
8845
9160
9358
9913
10506
11035
11568
11280
10653
10171
9015
7689
5450
2768
813
-1576
-3617
-5620
-7446
-7912
-8421
-8739
-8357
-7619
-6520
-5952
-5609
-4875
-4179
-3905
-3990
-4167
-3967
-3379
-3153
-2549
-1625
-395
1096
2106
3446
4793
5873
6424
6299
6307
6136
5525
4280
2937
2104
1109
78
-835
-1626
-1997
-2506
-3131
-3842
-4687
-5374
-6306
-7257
-7835
-8551
-9230
-10167
-10907
-10848
-10554
-10073
-9289
-8160
-6255
-4097
-2372
-728
137
322
-278
-1820
-3312
-4846
-6557
-7928
-9041
-9424
-9215
-9068
-8610
-7954
-7024
-5994
-5338
-4822
-4341
-3929
-3370
-3052
-2790
-2312
-1812
-1221
-492
374
1474
2380
3085
3969
4892
5763
6271
6679
7148
7756
8223
8414
8413
8474
8426
8371
8187
7982
7828
7432
7284
7350
7697
8127
8656
9125
9129
8877
8496
7813
6621
4691
2430
310
-1869
-3856
-5929
-7629
-8536
-9202
-9303
-9080
-8463
-7597
-7092
-6580
-5931
-5465
-5567
-6075
-6251
-6162
-6251
-6280
-5840
-4964
-3814
-2530
-1002
798
2270
3490
4522
5128
5539
5302
4598
3717
2520
1484
505
-631
-1491
-2196
-2453
-2585
-2945
-3050
-3427
-3764
-4124
-4767
-5294
-6125
-6980
-7470
-7858
-7730
-7553
-7369
-6867
-6239
-5593
-5068
-4890
-4831
-4881
-5156
-5339
-5687
-6180
-6580
-6828
-6750
-6473
-6101
-5418
-4804
-4166
-3303
-2557
-1959
-1646
-1483
-1135
-697
-251
372
886
1529
2275
3037
3966
4687
5350
6070
6739
7665
8663
9344
10059
10545
11081
11638
11861
11957
11809
11703
11699
11514
11298
11105
10742
10557
10421
10298
10484
10569
10795
11158
10895
10441
9956
9008
8002
6314
4233
2392
467
-1113
-2799
-4172
-4741
-5025
-5226
-5089
-4396
-3529
-2911
-2779
-2532
-2130
-1990
-2189
-2617
-2816
-2664
-2563
-2226
-1602
-691
335
1203
2195
3230
4061
4367
4223
4046
3674
3105
2213
1155
225
-614
-1201
-1592
-2000
-2254
-2427
-2741
-2991
-3311
-3760
-4541
-5503
-6272
-6846
-7488
-7956
-8107
-8072
-7567
-6893
-5945
-4928
-3908
-2950
-2255
-1649
-1187
-1091
-1427
-1816
-2148
-2534
-2886
-3121
-3209
-3131
-2881
-2391
-1964
-1588
-1227
-948
-778
-756
-558
-331
-137
-13
319
730
1061
1354
1848
2404
2846
3402
3908
4339
4860
5457
5973
6607
7029
7533
8043
8407
8710
8850
8802
8611
8323
7941
7519
6914
6367
5948
5717
5651
5687
5796
6093
6089
5793
5534
5186
4717
3596
2175
994
-4
-978
-1978
-2723
-3180
-3065
-2877
-2525
-1819
-1276
-746
-404
-298
66
233
-48
-374
-673
-459
-43
167
427
1063
1929
2794
3423
3916
4481
4694
4517
4236
3889
3482
2874
2033
1545
1393
1150
957
662
573
748
667
412
41
-604
-1179
-1985
-2859
-3476
-4251
-4833
-5204
-5255
-4856
-4254
-3746
-2961
-2079
-1203
-424
-61
169
344
459
588
601
642
1013
1208
1454
1623
1714
1679
1335
920
577
196
-397
-1150
-1810
-2190
-2415
-2430
-2275
-2026
-1464
-793
-191
473
1114
1724
2232
2702
3256
3745
4234
4696
5051
5433
5696
5767
5768
5628
5259
4961
4429
3859
3468
2974
2697
2392
2209
2300
2292
2511
2782
2973
2832
2426
2084
1338
556
-567
-1828
-3084
-4189
-4875
-5596
-6148
-6348
-6282
-6138
-5955
-5449
-5067
-5090
-5081
-4954
-4597
-4454
-4577
-4362
-3878
-2882
-2004
-1193
-197
797
1840
2428
2656
2880
2846
2296
1651
1059
453
-159
-901
-1574
-2062
-2566
-3197
-4156
-5511
-7215
-9818
-13334
-17236
-21264
-24491
-26635
-27183
-25929
-23404
-20049
-16426
-12978
-9897
-7524
-6282
-6041
-6635
-7612
-9054
-10767
-12175
-13293
-14044
-14468
-14612
-14550
-14234
-13721
-13177
-12531
-12038
-11638
-11350
-11203
-11114
-10919
-10699
-10472
-10126
-9641
-8929
-8083
-7291
-6375
-5462
-4585
-3726
-2959
-2150
-1415
-724
-66
674
1459
2313
3092
3844
4574
5187
5673
5810
5849
5757
5445
5042
4616
4290
4125
4095
4230
4611
4985
5549
6022
6384
6806
6964
6941
6659
5964
5248
4452
3518
2726
1814
1223
996
1048
1399
1900
2467
3045
3478
3737
3819
3590
3150
2412
1698
1036
390
-245
-779
-986
-1018
-847
-691
-507
-359
-255
-242
-221
-230
-194
-181
-292
-118
116
390
720
983
1276
1642
1750
1826
1543
1001
549
-174
-720
-1236
-1697
-1843
-1671
-1038
-5
1098
1734
1739
1042
-91
-1437
-2544
-3342
-3915
-4307
-4751
-5323
-5844
-6348
-6652
-6438
-5617
-3929
-1855
172
2037
3447
4363
4799
4931
4959
4847
4845
4869
4862
4889
5072
5323
5672
6069
6487
6881
7082
7031
6652
5813
4435
2684
690
-1218
-2840
-4072
-5011
-5624
-6019
-6363
-6661
-6939
-7086
-7261
-7331
-7128
-6830
-6383
-5914
-5430
-4914
-4498
-4187
-4160
-4192
-4380
-4738
-5066
-5539
-5854
-5966
-6010
-5786
-5355
-4773
-4114
-3423
-2765
-2263
-1884
-1796
-1832
-2119
-2635
-3141
-3629
-4115
-4529
-4760
-4896
-4899
-4891
-4844
-4887
-5064
-5257
-5689
-6181
-6693
-7272
-7844
-8364
-8746
-8971
-9119
-9115
-8893
-8634
-8253
-7827
-7387
-6947
-6702
-6558
-6461
-6482
-6567
-6654
-6757
-6643
-6422
-6009
-5388
-4781
-4103
-3246
-2418
-1624
-767
-53
544
921
1101
1046
721
352
-123
-498
-831
-1226
-1540
-1797
-2052
-2274
-2484
-2708
-2792
-2862
-2871
-2801
-2658
-2417
-2168
-1872
-1571
-1299
-1046
-819
-604
-395
-142
86
385
750
1077
1461
1794
2125
2440
2701
2716
2620
2453
2172
1836
1361
1014
595
337
139
143
263
364
578
800
1033
1161
1240
1111
984
787
429
134
-201
-536
-795
-940
-1109
-1186
-1267
-1458
-1638
-1870
-2194
-2672
-3212
-3832
-4580
-5198
-5820
-6325
-6688
-7012
-7022
-6905
-6748
-6440
-6071
-5758
-5401
-5070
-4824
-4605
-4507
-4473
-4476
-4530
-4532
-4657
-4711
-4703
-4656
-4511
-4471
-4354
-4197
-4041
-3898
-3739
-3647
-3605
-3533
-3563
-3585
-3616
-3623
-3590
-3558
-3410
-3038
-2661
-2307
-1918
-1539
-1177
-862
-559
-317
-133
103
373
729
1060
1435
1788
2113
2352
2660
2898
3063
3214
3177
3110
2887
2636
2425
2289
2163
2105
1983
1684
1523
1505
1575
1819
2190
2550
2932
3243
3506
3738
3870
3873
3857
3678
3295
2920
2339
1672
918
145
-581
-1301
-1879
-2267
-2516
-2561
-2474
-2222
-1791
-1289
-865
-416
-3
371
604
805
930
939
982
875
856
867
774
702
618
527
522
514
445
398
399
415
449
445
518
569
581
622
598
625
576
477
365
262
175
95
-13
-82
-39
61
221
468
724
988
1172
1275
1328
1200
962
671
413
179
-27
-25
133
377
753
1218
1678
2137
2516
2817
2926
2889
2699
2573
2311
2012
1890
1913
2091
2304
2638
2961
3148
3228
3179
2833
2346
1731
1135
534
-20
-494
-877
-1128
-1390
-1455
-1414
-1327
-1183
-964
-732
-595
-487
-433
-572
-833
-1218
-1830
-2588
-3494
-4435
-5375
-6244
-6912
-7425
-7697
-7691
-7419
-6976
-6461
-5816
-5122
-4507
-3838
-3210
-2606
-2069
-1489
-976
-438
35
476
940
1304
1625
1922
2250
2390
2551
2717
2813
2882
2943
3026
3135
3189
3216
3224
3249
3245
3243
3291
3334
3397
3474
3566
3657
3848
4039
4238
4493
4690
4889
5031
5118
5199
5207
5267
5262
5242
5221
5255
5249
5266
5276
5283
5372
5355
5367
5386
5383
5357
5298
5251
5165
4978
4767
4494
4128
3621
3093
2522
1752
902
-42
-1018
-2110
-3216
-4305
-5326
-6239
-6991
-7521
-7788
-7812
-7831
-7704
-7571
-7584
-7607
-7804
-7995
-8345
-8798
-9299
-9911
-10589
-11282
-11990
-12658
-13168
-13530
-13610
-13472
-13116
-12552
-11883
-11223
-10676
-10216
-9927
-9754
-9688
-9661
-9705
-9643
-9582
-9392
-9044
-8643
-8134
-7634
-7046
-6445
-5896
-5384
-4832
-4346
-3889
-3464
-3059
-2705
-2339
-1990
-1623
-1261
-963
-605
-312
-12
269
479
713
870
1050
1280
1413
1602
1767
2014
2284
2551
2888
3178
3506
3871
4203
4551
4973
5287
5642
5962
6286
6640
6912
7209
7408
7568
7763
7927
7996
8005
8007
7898
7760
7524
7233
6963
6591
6149
5683
5203
4747
4358
3996
3764
3572
3473
3317
3143
2872
2448
2022
1486
830
208
-381
-903
-1267
-1523
-1671
-1711
-1647
-1520
-1377
-1241
-1083
-934
-782
-675
-524
-396
-323
-264
-199
-1
108
305
458
636
819
1027
1220
1396
1563
1701
1845
1930
2144
2299
2463
2655
2922
3220
3449
3649
3965
4236
4440
4674
4838
5032
5258
5423
5597
5836
6036
6232
6473
6675
6832
6975
7036
7090
7090
7050
6950
6884
6803
6705
6634
6616
6616
6564
6554
6497
6392
6286
6150
5942
5751
5601
5412
5305
5200
5136
5192
5221
5335
5515
5760
6015
6268
6554
6874
7176
7422
7620
7811
7908
7938
8039
8048
8075
8117
8081
8057
8017
7871
7677
7484
7250
6965
6622
6296
5982
5581
5181
4784
4411
3996
3603
3224
2853
2505
2200
1982
1778
1615
1579
1599
1652
1718
1752
1867
1870
1819
1752
1655
1500
1408
1308
1303
1317
1397
1543
1661
1840
1968
2129
2230
2344
2496
2657
2875
3160
3385
3662
4034
4378
4787
5187
5497
5781
6054
6284
6466
6616
6736
6853
6917
6953
7011
7027
7043
7007
6899
6860
6763
6612
6469
6302
6120
5924
5748
5573
5391
5141
4957
4764
4490
4217
3929
3656
3354
3102
2779
2523
2250
1999
1799
1537
1306
1040
803
542
258
15
-240
-567
-779
-1061
-1317
-1544
-1671
-1860
-2092
-2189
-2274
-2432
-2621
-2863
-3096
-3395
-3753
-4124
-4547
-4963
-5416
-5850
-6228
-6620
-6906
-7118
-7298
-7383
-7389
-7348
-7317
-7250
-7161
-7027
-6926
-6753
-6567
-6354
-6087
-5812
-5562
-5260
-4977
-4717
-4448
-4151
-3815
-3476
-3090
-2643
-2199
-1678
-1179
-644
-174
303
753
1105
1480
1766
2102
2281
2454
2591
2691
2788
2867
2910
2858
2837
2796
2659
2609
2578
2489
2477
2472
2523
2635
2742
2828
2928
3049
3156
3189
3255
3317
3363
3451
3479
3507
3620
3748
3798
3891
3976
4065
4216
4283
4347
4435
4443
4501
4547
4637
4665
4716
4824
4910
5006
5099
5176
5263
5296
5358
5412
5455
5488
5494
5511
5568
5617
5625
5670
5656
5710
5733
5761
5743
5763
5759
5710
5711
5739
5717
5746
5750
5755
5786
5802
5832
5866
5843
5838
5882
5865
5844
5901
5886
5912
5981
6030
6148
6174
6221
6292
6297
6322
6374
6408
6450
6489
6459
6459
6540
6558
6612
6596
6600
6624
6634
6632
6617
6602
6589
6637
6647
6626
6642
6672
6684
6722
6723
6709
6741
6757
6723
6696
6707
6687
6630
6650
6649
6650
6645
6616
6613
6597
6577
6541
6504
6464
6450
6466
6408
6396
6396
6390
6421
6355
6319
6268
6243
6244
6254
6188
6156
6159
6109
6159
6139
6173
6131
6123
6124
6113
6068
5970
5877
5813
5759
5714
5690
5666
5640
5588
5559
5507
5558
5532
5536
5566
5530
5495
5451
5438
5432
5430
5387
5396
5378
5424
5428
5393
5373
5343
5280
5284
5268
5215
5196
5117
5050
5028
5031
4977
4895
4862
4809
4716
4699
4613
4559
4511
4478
4432
4407
4372
4360
4406
4345
4316
4310
4311
4288
4297
4274
4226
4265
4208
4160
4185
4144
4151
4134
4134
4127
4113
4097
4065
4046
4010
3988
3952
3899
3845
3782
3760
3751
3714
3661
3637
3670
3660
3623
3624
3634
3606
3577
3575
3584
3546
3530
3544
3553
3524
3503
3526
3532
3569
3584
3625
3606
3682
3715
3695
3736
3719
3779
3782
3773
3779
3811
3813
3825
3873
3836
3805
3791
3810
3786
3805
3800
3772
3780
3771
3751
3719
3732
3735
3720
3705
3652
3649
3643
3655
3637
3594
3564
3563
3510
3453
3496
3455
3396
3447
3436
3400
3368
3324
3290
3284
3242
3184
3173
3125
3094
3055
3016
3000
2961
2962
2954
2936
2943
2878
2840
2837
2821
2800
2740
2701
2731
2711
2664
2675
2667
2681
2647
2644
2607
2574
2550
2498
2481
2441
2514
2507
2446
2403
2396
2437
2422
2367
2345
2332
2323
2303
2278
2302
2283
2267
2247
2241
2228
2281
2248
2279
2314
2272
2248
2257
2261
2253
2255
2281
2302
2255
2251
2267
2305
2308
2349
2333
2383
2378
2374
2381
2377
2379
2365
2363
2366
2413
2409
2399
2396
2383
2375
2382
2352
2300
2332
2320
2287
2306
2315
2333
2305
2276
2256
2265
2246
2264
2287
2222
2200
2179
2206
2207
2197
2175
2125
2155
2143
2121
2082
2044
2010
1946
1903
1890
1873
1821
1788
1757
1721
1687
1713
1693
1582
1520
1502
1397
1410
1388
1331
1292
1303
1276
1244
1287
1258
1244
1233
1253
1176
1118
1113
1113
1098
1074
1074
1026
1044
988
985
1001
904
937
905
866
858
823
865
832
781
793
780
783
743
781
763
767
773
727
718
750
681
697
735
721
745
686
748
778
835
810
808
843
841
882
891
898
952
930
956
971
995
1040
1052
1099
1107
1142
1198
1204
1221
1283
1243
1278
1278
1301
1272
1286
1286
1303
1326
1322
1273
1288
1273
1254
1290
1245
1271
1252
1228
1226
1261
1197
1227
1277
1214
1212
1221
1225
1238
1210
1170
1179
1164
1110
1124
1084
1041
1041
1034
1005
1036
1040
1009
998
981
991
969
973
975
940
959
954
925
939
953
953
958
968
1011
986
944
995
941
945
985
952
983
988
1002
988
959
938
968
958
959
993
965
963
938
939
998
977
954
998
965
978
947
943
942
922
943
943
892
908
937
901
937
912
894
914
860
898
912
934
940
883
865
852
906
925
890
910
952
896
913
905
916
882
853
888
838
831
894
900
860
864
822
793
760
760
784
738
715
700
689
720
705
747
702
653
704
686
681
647
606
593
596
589
556
558
554
520
507
399
428
427
414
387
341
341
287
291
276
296
242
206
207
171
153
77
80
18
21
-34
-16
-48
-106
-90
-131
-124
-175
-177
-184
-215
-206
-219
-171
-196
-223
-234
-263
-291
-271
-315
-340
-360
-364
-349
-370
-331
-316
-325
-310
-318
-329
-317
-375
-356
-325
-376
-423
-349
-374
-358
-346
-346
-343
-332
-328
-354
-334
-336
-346
-343
-313
-345
-314
-319
-319
-333
-315
-256
-272
-279
-260
-266
-264
-245
-265
-266
-254
-249
-244
-254
-215
-243
-229
-187
-229
-292
-279
-294
-285
-255
-253
-267
-274
-234
-240
-269
-262
-271
-313
-314
-308
-346
-356
-367
-370
-351
-367
-391
-415
-411
-474
-500
-515
-502
-555
-578
-585
-589
-586
-637
-654
-671
-690
-747
-730
-738
-777
-802
-850
-883
-853
-870
-905
-924
-944
-958
-971
-949
-967
-960
-974
-1021
-1027
-1014
-1032
-1034
-1010
-1032
-1003
-1015
-991
-1046
-1028
-1037
-1052
-1039
-1063
-1018
-992
-1022
-1024
-1047
-1062
-1016
-1032
-1038
-1028
-1043
-1071
-1043
-1053
-1019
-994
-1009
-983
-997
-997
-990
-968
-1004
-1024
-999
-1006
-1001
-984
-968
-969
-960
-952
-966
-916
-920
-928
-947
-943
-931
-933
-928
-955
-956
-895
-909
-908
-935
-944
-929
-947
-923
-936
-944
-967
-931
-967
-989
-956
-951
-953
-967
-984
-946
-971
-995
-1037
-1070
-1071
-1100
-1074
-1101
-1098
-1092
-1122
-1106
-1149
-1138
-1156
-1166
-1148
-1248
-1239
-1266
-1257
-1234
-1308
-1284
-1294
-1329
-1333
-1308
-1372
-1425
-1380
-1430
-1428
-1455
-1446
-1496
-1490
-1448
-1510
-1489
-1494
-1520
-1534
-1537
-1547
-1569
-1558
-1552
-1542
-1562
-1570
-1529
-1520
-1546
-1545
-1536
-1570
-1579
-1572
-1572
-1566
-1573
-1570
-1530
-1578
-1586
-1573
-1572
-1626
-1613
-1585
-1582
-1542
-1538
-1491
-1516
-1511
-1532
-1445
-1504
-1483
-1429
-1494
-1428
-1429
-1429
-1442
-1423
-1393
-1402
-1369
-1363
-1391
-1331
-1302
-1292
-1276
-1287
-1263
-1225
-1241
-1247
-1223
-1216
-1173
-1194
-1190
-1187
-1200
-1214
-1193
-1231
-1214
-1215
-1247
-1236
-1218
-1232
-1231
-1228
-1251
-1231
-1215
-1222
-1222
-1245
-1247
-1231
-1262
-1239
-1260
-1267
-1289
-1273
-1247
-1289
-1315
-1301
-1292
-1350
-1333
-1318
-1318
-1321
-1390
-1359
-1368
-1380
-1345
-1415
-1401
-1404
-1425
-1407
-1434
-1471
-1482
-1512
-1512
-1485
-1500
-1535
-1520
-1508
-1496
-1521
-1506
-1552
-1563
-1518
-1576
-1524
-1573
-1554
-1523
-1513
-1546
-1542
-1519
-1540
-1490
-1536
-1523
-1552
-1527
-1527
-1535
-1502
-1534
-1538
-1539
-1559
-1551
-1518
-1530
-1498
-1475
-1541
-1496
-1506
-1502
-1446
-1459
-1468
-1497
-1478
-1459
-1456
-1403
-1412
-1384
-1352
-1376
-1377
-1350
-1352
-1368
-1355
-1316
-1292
-1330
-1286
-1284
-1294
-1272
-1266
-1219
-1256
-1259
-1212
-1160
-1131
-1164
-1133
-1141
-1159
-1210
-1165
-1180
-1166
-1179
-1186
-1138
-1170
-1161
-1163
-1135
-1177
-1167
-1141
-1151
-1188
-1185
-1200
-1172
-1152
-1224
-1254
-1220
-1204
-1239
-1219
-1230
-1221
-1215
-1260
-1272
-1273
-1287
-1294
-1260
-1296
-1315
-1332
-1320
-1353
-1361
-1344
-1387
-1387
-1405
-1429
-1379
-1401
-1423
-1435
-1457
-1462
-1402
-1440
-1425
-1418
-1461
-1415
-1444
-1451
-1438
-1468
-1445
-1473
-1488
-1495
-1450
-1429
-1516
-1490
-1505
-1493
-1472
-1475
-1527
-1497
-1476
-1480
-1525
-1501
-1476
-1482
-1465
-1463
-1469
-1503
-1462
-1465
-1481
-1485
-1462
-1430
-1440
-1424
-1435
-1450
-1425
-1397
-1435
-1394
-1422
-1438
-1410
-1352
-1329
-1342
-1328
-1361
-1344
-1360
-1343
-1325
-1306
-1346
-1265
-1278
-1313
-1299
-1273
-1247
-1306
-1303
-1307
-1276
-1313
-1317
-1289
-1322
-1319
-1282
-1249
-1284
-1237
-1276
-1349
-1309
-1349
-1320
-1266
-1306
-1318
-1309
-1295
-1303
-1324
-1307
-1318
-1333
-1344
-1368
-1358
-1389
-1385
-1410
-1419
-1430
-1405
-1440
-1486
-1445
-1443
-1486
-1429
-1477
-1498
-1484
-1515
-1527
-1513
-1530
-1528
-1527
-1531
-1536
-1537
-1526
-1570
-1596
-1592
-1588
-1581
-1560
-1544
-1547
-1572
-1582
-1550
-1570
-1558
-1532
-1552
-1553
-1567
-1594
-1563
-1571
-1598
-1570
-1600
-1621
-1598
-1601
-1595
-1601
-1626
-1599
-1565
-1527
-1531
-1502
-1548
-1545
-1524
-1531
-1509
-1559
-1523
-1531
-1501
-1502
-1509
-1519
-1519
-1514
-1475
-1456
-1522
-1480
-1497
-1480
-1488
-1491
-1504
-1457
-1459
-1464
-1426
-1440
-1407
-1436
-1410
-1420
-1407
-1380
-1388
-1387
-1355
-1330
-1318
-1321
-1310
-1303
-1351
-1345
-1364
-1333
-1325
-1332
-1322
-1278
-1296
-1328
-1322
-1334
-1349
-1361
-1357
-1337
-1361
-1354
-1344
-1374
-1401
-1371
-1385
-1378
-1360
-1402
-1391
-1401
-1378
-1392
-1420
-1384
-1402
-1383
-1403
-1399
-1385
-1397
-1440
-1408
-1395
-1427
-1404
-1434
-1387
-1419
-1399
-1383
-1385
-1376
-1397
-1372
-1346
-1372
-1396
-1363
-1386
-1427
-1385
-1361
-1372
-1377
-1373
-1372
-1365
-1391
-1377
-1336
-1328
-1345
-1372
-1355
-1358
-1344
-1332
-1329
-1327
-1310
-1320
-1349
-1350
-1322
-1337
-1307
-1307
-1254
-1249
-1230
-1227
-1208
-1246
-1212
-1166
-1230
-1181
-1212
-1216
-1206
-1228
-1200
-1221
-1197
-1199
-1190
-1171
-1175
-1207
-1191
-1151
-1157
-1166
-1215
-1183
-1138
-1183
-1180
-1162
-1189
-1186
-1177
-1164
-1172
-1185
-1168
-1156
-1128
-1152
-1131
-1107
-1118
-1112
-1101
-1095
-1101
-1116
-1144
-1188
-1143
-1140
-1128
-1137
-1180
-1147
-1164
-1168
-1190
-1168
-1174
-1175
-1177
-1166
-1170
-1173
-1157
-1117
-1177
-1190
-1175
-1187
-1141
-1157
-1191
-1179
-1209
-1189
-1156
-1182
-1159
-1197
-1219
-1205
-1199
-1203
-1205
-1211
-1234
-1221
-1180
-1156
-1166
-1155
-1148
-1143
-1148
-1191
-1189
-1159
-1146
-1139
-1159
-1193
-1186
-1144
-1145
-1162
-1178
-1151
-1167
-1172
-1145
-1177
-1187
-1146
-1111
-1126
-1127
-1105
-1094
-1084
-1097
-1084
-1107
-1061
-1081
-1061
-1060
-1077
-1038
-1069
-1058
-1022
-1015
-1025
-1000
-1019
-1033
-1024
-1006
-1014
-1056
-1026
-1033
-1050
-1010
-1005
-989
-977
-977
-968
-997
-991
-987
-1016
-1016
-986
-1009
-1010
-1019
-997
-1006
-1035
-999
-1021
-1033
-1014
-1057
-1037
-1037
-1045
-1053
-1077
-1043
-1036
-1078
-1070
-1103
-1123
-1141
-1135
-1115
-1133
-1143
-1131
-1149
-1134
-1126
-1155
-1181
-1182
-1214
-1197
-1210
-1199
-1201
-1205
-1208
-1242
-1260
-1259
-1254
-1266
-1298
-1284
-1300
-1266
-1272
-1296
-1284
-1300
-1245
-1267
-1271
-1286
-1290
-1272
-1274
-1280
-1276
-1299
-1249
-1254
-1276
-1283
-1251
-1254
-1257
-1259
-1258
-1249
-1284
-1250
-1275
-1239
-1217
-1175
-1232
-1214
-1156
-1194
-1163
-1190
-1163
-1205
-1186
-1144
-1150
-1109
-1114
-1127
-1092
-1081
-1090
-1057
-1061
-1036
-1032
-1042
-1070
-1071
-1045
-1081
-1067
-1013
-1017
-1017
-1017
-1022
-1001
-1000
-1007
-1048
-1065
-1074
-1009
-990
-1034
-993
-1026
-1020
-1021
-1060
-1030
-1043
-1034
-1034
-1002
-979
-1026
-976
-990
-1009
-997
-1011
-990
-971
-996
-1000
-985
-1016
-974
-953
-985
-926
-981
-974
-982
-970
-977
-998
-965
-977
-1005
-1022
-1013
-1015
-1037
-1031
-1071
-1058
-1074
-1088
-1096
-1034
-1016
-1077
-1060
-1052
-1034
-1046
-1069
-1086
-1065
-1088
-1067
-1048
-1043
-1021
-1029
-1034
-1013
-1028
-1069
-1036
-1031
-1092
-1065
-1068
-1077
-1078
-1069
-1045
-1049
-1009
-1032
-1009
-1026
-1022
-1005
-1041
-1043
-986
-975
-984
-988
-965
-921
-960
-942
-936
-936
-954
-962
-938
-888
-887
-904
-856
-879
-825
-818
-886
-941
-915
-909
-922
-891
-910
-896
-863
-885
-842
-844
-884
-844
-822
-819
-845
-851
-837
-814
-789
-807
-790
-797
-783
-742
-783
-779
-760
-803
-794
-778
-770
-772
-735
-778
-792
-756
-780
-736
-746
-745
-731
-790
-767
-738
-724
-754
-762
-729
-738
-737
-781
-758
-780
-793
-745
-802
-808
-769
-801
-786
-825
-800
-788
-825
-802
-801
-796
-799
-791
-825
-841
-841
-828
-800
-827
-810
-842
-837
-784
-778
-816
-742
-769
-769
-749
-735
-710
-744
-741
-722
-688
-719
-699
-755
-754
-755
-744
-741
-737
-720
-733
-760
-744
-738
-768
-758
-713
-737
-732
-735
-735
-709
-731
-740
-728
-667
-700
-689
-694
-682
-695
-650
-653
-691
-659
-621
-638
-663
-631
-699
-730
-704
-679
-682
-672
-677
-635
-619
-664
-622
-621
-637
-630
-662
-670
-651
-649
-660
-669
-619
-615
-640
-608
-619
-656
-679
-668
-682
-697
-708
-733
-702
-718
-702
-699
-705
-666
-652
-678
-657
-643
-658
-676
-685
-697
-672
-703
-684
-685
-713
-690
-696
-699
-707
-732
-711
-738
-716
-739
-755
-738
-759
-762
-760
-734
-742
-760
-714
-730
-740
-711
-754
-745
-708
-748
-737
-714
-752
-796
-790
-745
-756
-737
-741
-743
-698
-716
-779
-764
-769
-756
-741
-765
-752
-750
-753
-732
-731
-750
-755
-782
-760
-770
-746
-740
-743
-777
-776
-788
-813
-764
-811
-813
-811
-793
-740
-755
-772
-770
-778
-764
-763
-775
-789
-767
-731
-758
-739
-737
-764
-782
-778
-755
-784
-785
-791
-759
-750
-751
-731
-744
-738
-748
-702
-680
-755
-740
-702
-699
-713
-712
-655
-706
-696
-678
-722
-693
-664
-651
-647
-708
-651
-687
-697
-645
-675
-658
-693
-666
-679
-712
-697
-662
-681
-687
-655
-646
-636
-686
-679
-649
-629
-639
-654
-580
-610
-599
-640
-669
-632
-637
-642
-605
-590
-622
-559
-555
-585
-580
-564
-544
-588
-569
-564
-555
-584
-587
-566
-536
-541
-576
-532
-514
-529
-540
-478
-478
-497
-534
-477
-454
-506
-483
-478
-474
-478
-423
-456
-450
-435
-467
-457
-419
-424
-454
-438
-496
-476
-424
-454
-468
-468
-501
-451
-429
-446
-434
-420
-417
-404
-407
-413
-421
-432
-388
-365
-407
-407
-410
-440
-412
-423
-389
-404
-375
-386
-360
-350
-411
-343
-394
-411
-373
-363
-421
-395
-384
-384
-383
-409
-358
-354
-367
-398
-394
-401
-386
-389
-392
-365
-379
-363
-376
-387
-387
-419
-406
-398
-392
-381
-362
-380
-415
-387
-409
-386
-371
-410
-392
-361
-338
-390
-411
-416
-353
-384
-402
-385
-394
-408
-418
-400
-368
-364
-369
-348
-363
-342
-351
-306
-353
-330
-372
-392
-357
-372
-374
-335
-343
-328
-295
-331
-325
-313
-322
-347
-307
-333
-324
-319
-347
-322
-331
-337
-316
-332
-359
-326
-352
-325
-311
-314
-307
-334
-319
-323
-362
-365
-358
-332
-306
-296
-302
-316
-357
-362
-342
-366
-363
-367
-354
-382
-338
-341
-378
-353
-355
-344
-349
-337
-359
-335
-337
-340
-362
-364
-300
-335
-332
-374
-394
-399
-439
-416
-424
-415
-385
-428
-479
-477
-444
-451
-439
-446
-437
-449
-486
-503
-510
-458
-449
-453
-469
-488
-513
-466
-443
-455
-464
-459
-476
-465
-496
-451
-415
-460
-447
-439
-443
-465
-493
-465
-464
-476
-422
-398
-452
-413
-435
-462
-441
-445
-405
-453
-458
-400
-381
-401
-405
-356
-381
-399
-417
-422
-422
-382
-393
-429
-411
-400
-393
-360
-358
-395
-384
-353
-389
-377
-373
-380
-362
-357
-328
-385
-395
-365
-334
-356
-367
-405
-394
-406
-410
-399
-441
-444
-403
-423
-448
-421
-414
-420
-446
-415
-410
-454
-484
-446
-416
-420
-418
-428
-411
-407
-450
-400
-421
-443
-404
-430
-409
-450
-442
-399
-412
-401
-399
-401
-398
-378
-405
-436
-408
-387
-431
-442
-447
-478
-482
-448
-435
-421
-420
-448
-437
-422
-457
-418
-401
-424
-429
-458
-441
-446
-429
-429
-429
-396
-386
-363
-390
-431
-418
-384
-386
-372
-372
-377
-342
-350
-382
-384
-367
-371
-347
-313
-315
-304
-317
-279
-268
-273
-261
-290
-274
-298
-297
-239
-233
-250
-199
-228
-204
-189
-193
-194
-209
-173
-192
-203
-184
-201
-188
-171
-138
-166
-153
-173
-173
-146
-185
-157
-136
-190
-182
-197
-203
-115
-132
-167
-145
-128
-138
-152
-177
-154
-226
-258
-210
-173
-246
-221
-207
-220
-209
-226
-179
-208
-167
-172
-174
-164
-191
-158
-177
-170
-148
-170
-178
-183
-154
-186
-184
-209
-190
-149
-181
-184
-158
-159
-138
-118
-120
-133
-152
-165
-128
-122
-129
-143
-138
-132
-114
-108
-112
-131
-128
-139
-164
-184
-156
-123
-135
-133
-173
-162
-168
-168
-114
-94
-124
-122
-108
-47
-111
-81
-77
-112
-84
-120
-102
-115
-123
-178
-138
-88
-113
-149
-124
-98
-116
-61
-104
-114
-105
-93
-51
-61
-76
-45
-70
-96
-83
-53
-80
-93
-69
-89
-80
-61
-37
-47
-56
-69
-66
-57
-70
-88
-100
-73
-63
-90
-105
-93
-96
-95
-80
-88
-104
-93
-118
-99
-86
-97
-82
-118
-131
-131
-132
-117
-100
-120
-135
-111
-84
-92
-124
-166
-178
-155
-189
-179
-140
-167
-195
-206
-192
-143
-135
-143
-138
-169
-155
-143
-136
-154
-161
-161
-150
-190
-192
-147
-169
-159
-181
-183
-170
-169
-197
-184
-200
-191
-206
-199
-210
-230
-176
-218
-194
-166
-169
-144
-190
-203
-198
-251
-236
-217
-209
-226
-254
-222
-234
-253
-231
-241
-223
-219
-231
-266
-219
-244
-266
-230
-259
-281
-221
-260
-222
-201
-251
-252
-260
-201
-242
-233
-237
-264
-282
-233
-244
-249
-252
-234
-237
-222
-266
-266
-269
-276
-281
-286
-259
-295
-285
-255
-254
-219
-244
-235
-256
-292
-235
-264
-261
-269
-251
-262
-261
-231
-279
-274
-282
-262
-285
-288
-267
-260
-289
-247
-232
-258
-264
-225
-260
-289
-258
-283
-291
-296
-289
-304
-325
-311
-280
-274
-246
-286
-256
-212
-225
-200
-247
-257
-225
-234
-224
-200
-230
-180
-190
-232
-194
-171
-160
-186
-177
-135
-128
-163
-159
-107
-110
-99
-134
-129
-88
-101
-144
-113
-148
-182
-143
-141
-121
-164
-147
-128
-169
-186
-174
-169
-203
-192
-201
-192
-138
-164
-182
-171
-186
-172
-158
-184
-168
-149
-162
-162
-121
-121
-130
-150
-135
-125
-137
-145
-103
-81
-101
-93
-115
-140
-104
-108
-125
-127
-154
-131
-131
-155
-112
-106
-134
-118
-147
-146
-131
-161
-133
-103
-118
-154
-120
-114
-128
-107
-122
-139
-132
-142
-141
-132
-135
-115
-112
-111
-125
-103
-105
-85
-88
-65
-88
-96
-106
-98
-112
-95
-85
-108
-108
-104
-93
-77
-88
-69
-56
-52
-37
-33
-34
-17
-3
-13
-6
-2
13
-7
28
21
7
19
15
-1
-4
-3
4
14
-3
4
-29
-2
-26
21
17
4
-1
-20
-15
-3
9
-20
21
-23
30
-13
-37
9
-37
-23
-13
15
-37
-23
-32
-57
-11
-43
-50
-46
-42
-43
-49
-19
-28
-18
-47
4
-29
-36
-20
-26
-45
-47
0
-1
-13
-3
-1
-22
-42
-71
-39
-55
-15
11
-10
-8
-51
-32
-31
-15
-2
-46
-82
-58
-84
-74
-72
-40
-26
-19
-1
1
-36
-50
-23
-52
-41
-56
-43
-6
-22
-59
-45
-32
-35
-23
-19
-70
-1
-9
-38
-73
-31
-66
-80
-60
-29
-28
-62
20
-13
-54
-56
-41
-59
-67
-69
-70
-71
-62
-32
-42
-56
-61
-38
-46
-30
-23
-52
-49
-73
-21
-17
0
-15
-47
-23
-35
-73
-29
-58
-77
-50
-83
-84
-81
-84
-66
-79
-63
-72
-99
-93
-115
-105
-94
-101
-113
-130
-118
-68
-141
-114
-101
-135
-169
-129
-114
-175
-150
-192
-225
-223
-207
-204
-241
-176
-233
-241
-212
-222
-240
-240
-234
-260
-251
-268
-273
-296
-274
-254
-222
-252
-247
-278
-260
-292
-234
-241
-274
-226
-220
-178
-197
-229
-215
-217
-218
-204
-219
-201
-196
-235
-265
-251
-240
-219
-201
-202
-240
-257
-225
-191
-235
-196
-210
-247
-249
-208
-213
-224
-192
-199
-161
-161
-213
-187
-198
-202
-214
-232
-225
-236
-249
-203
-198
-194
-196
-189
-175
-181
-164
-168
-180
-173
-137
-145
-139
-159
-146
-165
-165
-102
-142
-137
-135
-168
-130
-132
-132
-118
-103
-112
-109
-107
-94
-74
-78
-109
-104
-65
-91
-105
-118
-68
-43
-75
-27
-21
-83
-31
-4
-57
-65
-32
-43
-28
-89
-86
-107
-122
-106
-156
-129
-150
-171
-189
-180
-137
-144
-165
-170
-173
-159
-121
-151
-167
-195
-154
-155
-148
-158
-180
-147
-131
-133
-136
-154
-162
-161
-194
-168
-171
-156
-157
-143
-113
-133
-166
-178
-145
-167
-129
-111
-147
-148
-149
-151
-128
-138
-104
-108
-168
-142
-132
-161
-136
-102
-132
-114
-97
-107
-98
-105
-81
-91
-108
-105
-146
-72
-94
-110
-92
-107
-130
-93
-92
-76
-66
-53
-82
-65
-49
-109
-79
-86
-93
-77
-40
-68
-46
-75
-54
-43
-34
8
-28
-43
-27
-59
-22
-37
-21
-47
-20
-33
-77
-59
-52
-54
-90
-20
-47
-50
-44
-92
-70
-101
-92
-49
-84
-91
-107
-99
-69
-97
-106
-77
-56
-67
-46
-29
-62
-37
-47
-51
-34
-46
-34
-28
18
-20
-24
-69
-65
-47
-103
-60
-21
-5
4
-15
-10
-4
-60
-54
-74
-51
-28
-38
-25
-46
-30
-26
-44
-9
-31
-2
-31
-60
-16
-25
10
-11
-21
47
29
-24
11
-22
15
-5
-42
-12
-4
-4
-47
-13
-4
-17
22
16
14
-3
-36
-4
-3
18
10
-16
3
12
20
-25
4
17
20
22
-13
3
32
42
7
6
-7
-13
14
13
35
-14
-34
12
11
13
54
0
4
7
-1
21
15
44
30
7
49
11
-25
-26
-39
-27
-63
-43
-39
-17
-21
-36
-21
-55
-62
-58
-92
-124
-108
-130
-93
-67
-135
-133
-129
-130
-135
-112
-118
-126
-145
-127
-72
-86
-134
-119
-142
-140
-117
-114
-108
-120
-92
-101
-126
-91
-97
-149
-189
-135
-148
-157
-120
-161
-157
-169
-169
-194
-164
-173
-153
-141
-126
-107
-179
-168
-150
-152
-161
-133
-128
-115
-117
-115
-100
-92
-148
-106
-113
-109
-61
-108
-108
-91
-129
-110
-173
-146
-141
-140
-157
-190
-182
-156
-111
-164
-176
-196
-160
-179
-228
-150
-134
-178
-154
-175
-177
-146
-179
-202
-180
-189
-208
-195
-178
-179
-164
-211
-205
-190
-187
-218
-192
-173
-235
-224
-235
-236
-219
-216
-222
-201
-176
-171
-188
-169
-196
-185
-178
-217
-197
-169
-127
-101
-136
-160
-163
-103
-86
-106
-113
-141
-135
-146
-94
-97
-82
-84
-75
-77
-84
-90
-39
-44
-40
-54
-43
-37
-35
-20
-61
-68
-62
-15
-53
-27
-39
-23
-9
-34
-61
-34
3
22
46
42
16
31
56
25
37
5
15
30
65
76
45
65
42
60
19
30
84
37
62
75
84
101
111
69
88
98
76
95
64
70
116
89
100
63
56
100
57
52
56
41
-3
3
25
12
-7
43
31
27
34
-2
13
29
10
-36
8
6
-20
0
-63
-16
4
-49
-51
-55
-77
-20
-37
-55
-48
-69
-62
-78
-53
-58
-56
-45
-61
-90
-103
-109
-136
-162
-96
-137
-98
-116
-100
-118
-178
-145
-168
-162
-199
-178
-152
-150
-154
-116
-98
-134
-117
-122
-172
-177
-165
-153
-127
-156
-133
-152
-156
-167
-126
-133
-76
-51
-112
-98
-93
-91
-57
-28
-42
-17
-50
-46
-21
-48
-27
0
-75
-40
-6
-5
22
-26
9
-22
-26
-22
-68
-42
-40
-23
19
13
-22
-47
-20
2
-9
-23
-37
-21
-10
20
25
37
35
12
-8
-23
-4
19
-4
-6
14
38
14
10
-7
13
14
-28
9
-12
4
-31
-27
3
-40
-14
-49
-73
-78
-34
-37
-42
-75
-86
-41
-35
-14
-39
-27
-61
-39
-44
-40
15
-13
1
-17
-33
5
-14
-21
-33
-26
-39
-38
-20
-38
-36
-41
-10
-25
-28
-16
-11
-4
-30
-24
-9
-7
-8
-30
-22
13
4
4
13
-46
-34
-67
-44
-12
-34
-3
23
18
1
25
7
2
-3
-7
-8
-9
16
-25
-59
-62
-85
-68
-34
-80
-21
-33
-65
-45
-72
-56
-45
-63
-83
-58
-96
-74
-79
-95
-61
-40
-41
-62
-27
-30
-36
-43
-92
-94
-58
-74
-70
-62
-80
-58
-64
-93
-94
-115
-109
-142
-165
-152
-174
-162
-151
-163
-185
-158
-129
-128
-129
-164
-153
-164
-134
-194
-174
-183
-165
-144
-148
-148
-137
-112
-183
-149
-157
-168
-189
-168
-135
-172
-206
-158
-143
-167
-147
-117
-97
-126
-141
-122
-155
-161
-150
-151
-122
-152
-131
-148
-169
-139
-141
-145
-100
-81
-130
-115
-107
-144
-104
-74
-92
-105
-99
-79
-100
-79
-94
-114
-98
-107
-107
-81
-34
-46
-69
-34
-66
-61
-23
-65
-55
-27
-22
-69
-57
-24
-63
-2
-29
-83
-86
-57
-52
-79
-49
-21
-45
-35
-41
-8
-37
-20
20
-22
8
33
33
28
29
81
64
80
90
63
66
36
60
28
56
64
83
110
63
66
10
36
59
29
50
67
53
43
17
13
-4
6
-3
-8
22
-11
-7
-25
-12
37
-8
-17
16
32
46
86
69
48
30
16
19
16
58
8
39
33
61
37
23
6
30
2
6
25
37
64
56
21
-4
55
23
67
64
84
65
71
37
47
13
18
24
2
23
51
39
14
20
46
30
52
22
25
21
-38
-32
-31
-23
-53
-48
-21
-13
-10
-4
-82
-66
-44
-56
-51
-71
-51
-57
-63
-69
-51
-28
-23
-15
-38
-82
-76
-46
-69
-74
-41
-14
-21
-63
-64
-19
-18
-5
-42
-64
-57
-98
-52
-51
-40
-10
-20
-30
-15
-18
-5
13
-2
-23
3
-16
-32
-11
-17
8
-50
-31
6
-27
8
-2
-19
-2
-9
-1
-17
-17
-24
-32
-4
-45
-35
-42
-16
-1
15
21
-6
47
35
33
11
29
56
74
70
55
69
82
70
70
87
63
68
65
79
85
110
72
87
124
82
55
88
78
65
69
123
120
66
86
59
64
99
81
63
103
104
60
72
95
74
52
42
67
107
95
84
89
58
63
79
73
81
40
69
46
61
28
12
30
-13
20
-1
5
-2
6
-27
-16
16
1
13
-1
-14
-18
-8
-6
-40
24
-10
-57
38
14
29
-18
-28
0
-37
-41
-5
-15
-31
-11
-7
9
-9
4
-29
-59
-30
-47
-94
-84
-40
-71
-68
-49
-1
-66
-114
-36
-52
-80
-57
-38
-52
-4
-40
-52
-21
-6
-3
-21
-45
-78
-41
-52
-47
-40
-68
-46
-54
-33
-31
-39
-32
-24
-38
-27
-34
-50
-20
-9
-36
-15
-22
-83
-61
-59
-49
-15
-47
-59
-26
-32
1
-30
-33
-2
8
-35
-38
15
-7
-9
30
29
37
46
83
80
25
59
82
71
55
66
36
78
76
62
94
60
66
47
36
54
89
62
44
117
100
69
72
77
83
42
55
63
86
103
79
26
11
63
81
68
83
76
55
82
108
106
99
55
81
52
40
19
42
64
19
54
48
52
55
74
38
59
64
13
56
41
39
53
53
59
43
49
53
79
20
15
34
58
57
52
68
57
82
73
120
115
104
124
119
103
123
80
73
140
123
134
108
118
100
111
99
81
116
134
149
157
168
131
145
122
140
151
204
171
167
182
130
206
170
209
204
205
194
193
165
175
221
221
232
184
213
241
233
258
224
240
260
233
262
268
217
196
227
241
246
232
220
256
221
220
227
189
201
221
219
197
159
167
180
145
148
187
154
172
168
157
162
162
203
149
180
165
139
144
163
163
174
184
204
172
161
171
176
168
164
154
187
173
154
187
195
184
161
186
188
155
196
202
162
146
194
156
141
157
113
156
171
134
91
100
127
62
83
112
153
146
115
167
166
142
127
153
137
140
137
122
118
105
121
115
117
118
89
98
142
182
148
168
143
100
144
131
129
158
206
157
180
188
170
152
164
151
200
179
170
160
121
152
143
182
162
141
136
193
158
138
179
210
178
166
173
124
138
155
156
166
192
215
164
132
163
141
156
106
159
151
146
135
105
83
87
88
51
77
56
85
77
81
67
93
129
76
88
39
14
33
19
2
21
76
53
29
19
64
19
40
85
26
25
-11
-42
-26
-23
-35
-38
-25
-69
-74
-39
-25
-27
-28
-39
-22
-12
-11
13
14
-26
-5
15
2
23
15
-21
-28
18
-19
-8
10
-11
9
-32
-40
-21
-29
-3
-8
4
-5
-37
30
-9
19
69
37
76
55
63
88
80
61
48
66
60
62
62
57
74
54
71
74
93
106
83
84
97
118
89
101
75
117
112
105
113
116
157
102
109
183
171
166
123
174
103
57
97
61
120
91
108
117
134
141
128
118
81
98
112
128
114
92
54
58
100
81
83
61
84
101
110
114
89
75
75
46
57
89
57
58
72
53
43
37
9
6
-23
32
8
31
74
33
49
50
53
64
65
63
56
52
40
66
73
67
96
90
119
76
100
133
136
139
120
137
145
116
148
149
108
134
133
129
146
107
152
158
91
116
160
203
152
172
147
114
141
113
139
157
161
160
145
169
165
172
163
128
110
87
114
95
120
119
139
117
127
163
129
169
142
82
111
118
120
158
130
107
82
104
137
90
92
118
116
108
122
136
121
107
138
116
105
134
94
131
123
84
99
76
105
105
86
108
95
104
89
88
137
166
156
176
172
171
174
133
164
132
133
175
152
178
188
157
176
204
155
176
179
121
139
115
140
172
167
191
165
175
195
214
189
181
218
185
231
238
210
194
193
197
173
164
157
165
140
154
178
139
157
175
141
167
166
168
180
163
172
154
128
110
110
121
114
149
128
111
136
85
114
105
82
63
75
64
69
63
40
51
44
26
41
45
17
22
5
31
-15
-32
-51
-23
9
-19
5
9
-29
-4
-45
-22
8
-8
4
10
5
5
-30
-38
-33
-69
-64
-62
-52
-39
-67
-27
-50
-67
-26
-52
-69
-54
-54
-48
-60
-73
-58
-89
-76
-80
-35
17
-53
-80
-67
-78
-22
-22
-28
-56
-62
-80
-26
-73
-36
-68
-57
-57
-55
-44
-79
-32
-114
-58
-86
-91
