61
67
97
83
30
48
32
52
71
33
63
58
41
46
57
81
115
104
80
54
113
93
48
94
89
98
87
78
51
46
126
87
2
27
39
34
50
48
75
64
38
44
55
55
42
46
56
32
45
55
33
60
60
60
52
17
3
46
40
22
30
-21
35
42
32
32
26
61
48
67
58
27
37
20
49
64
74
36
32
61
25
51
55
44
80
77
66
73
56
11
9
43
57
40
46
50
100
77
65
99
63
79
61
17
36
65
10
20
45
20
-17
-51
-26
-30
-5
-41
-91
-25
-40
1
-32
-26
-39
-75
-13
-38
-16
-30
-24
-58
-60
-76
-44
-38
-37
-35
-44
-44
-41
29
-22
8
4
-15
-19
-20
-47
-29
-11
-35
-32
-22
5
-2
-30
-9
-37
-73
-2
1
-12
33
19
15
8
4
37
18
-43
-48
-11
-39
2
20
-29
8
7
22
23
1
-26
-29
-7
-22
20
22
17
5
15
7
28
35
54
36
54
62
70
86
80
90
51
84
114
111
86
49
35
53
74
59
55
42
12
17
25
56
43
37
42
-3
10
-27
-16
8
-13
-3
1
25
25
4
-2
2
9
12
39
18
20
1
-25
-60
-32
-24
-57
-42
-40
-28
-44
-40
-29
-17
-13
-32
-42
-22
-27
-66
-38
-84
-58
-51
-22
-53
-46
-76
-68
-13
-36
-70
-96
-58
-128
-71
-45
-41
-42
-29
-41
-79
-58
-66
-65
-82
-103
-100
-107
-108
-107
-109
-103
-81
-106
-89
-60
-84
-101
-60
-82
-84
-75
-84
-99
-90
-42
-64
-97
-80
-41
-36
-68
-66
-61
-51
-62
-72
-47
-37
-21
-39
-36
-47
-23
-57
-40
-19
-36
-18
-4
-7
-45
-19
-35
-67
-41
-28
-37
-13
20
30
-10
6
18
-8
15
15
-16
11
30
-14
-6
40
36
31
21
59
-7
-12
-34
-44
-36
-39
-23
-39
-28
-69
-65
-84
-54
-63
-38
-33
-11
5
-37
-78
-62
-29
-82
-84
-62
-45
-59
-60
-90
-40
-73
-63
-46
-59
-36
-66
-31
-65
-55
-71
-59
-62
-19
-17
3
-15
-31
3
7
6
-19
-27
-38
-12
-21
-25
-26
-63
-65
-61
-59
-69
-48
-53
-82
-43
-37
-16
-39
-67
-70
-101
-98
-38
-53
-40
-38
-39
-41
-78
-32
-23
-55
-38
-56
-23
-52
-45
-41
-68
-12
-42
-29
-47
-80
-53
-35
-52
-92
-61
-48
-101
-111
-64
-42
-62
-62
-80
-38
-64
-76
-100
-95
-88
-99
-42
-54
-44
-61
-79
-59
-55
-69
-60
-47
-59
-49
-69
-78
-26
-26
-33
-29
20
6
33
10
-36
0
9
25
-17
-28
-18
-36
-47
-57
-46
-6
-1
-28
-36
-34
-54
-54
-62
-32
-21
-60
-69
-29
-8
-33
-18
-11
-31
-21
-49
-56
-37
-71
-33
-49
-36
4
-32
-7
-41
-63
-35
-32
-32
-29
-5
-29
-2
12
-11
-48
-26
-31
-36
-65
-78
-54
-13
-39
13
-26
-55
5
-23
25
-24
-36
-12
-11
-27
-5
-26
-72
-32
-21
-23
-23
-31
11
3
15
19
-45
-13
0
39
15
-12
-4
29
-40
-45
-20
-23
-2
-15
-16
-48
-60
-80
-54
-97
-119
-87
-86
-89
-87
-100
-84
-89
-107
-79
-74
-78
-83
-87
-74
-110
-84
-37
-60
-21
-48
-65
-34
-27
-51
-38
-21
-29
-23
-84
-54
-43
-54
-37
-69
-65
-44
-37
27
31
6
5
19
32
21
15
45
38
39
27
40
55
28
12
40
47
2
17
56
46
43
59
55
51
6
30
51
34
41
24
50
35
26
33
42
66
70
79
63
136
150
141
117
122
132
97
80
56
77
48
49
44
65
32
71
91
82
60
24
36
33
35
36
56
51
57
50
56
44
30
50
45
62
42
43
60
32
37
33
41
35
1
51
18
40
6
42
47
49
45
5
61
43
22
3
1
11
41
32
13
40
29
32
10
-17
-14
-1
-11
-81
-51
-52
-89
-83
-60
-71
-86
-25
-39
-9
-44
-3
15
-36
-5
-30
-13
-17
44
10
-14
-5
-13
-13
-36
-47
-58
-41
-22
-46
-45
-40
-46
-17
-44
-43
-32
-31
-33
-59
-23
-45
-60
-61
-70
-88
-79
-45
-64
-66
-57
-35
-52
-75
-73
-111
-119
-65
-59
-108
-39
-73
-83
-70
-70
-128
-127
-94
-124
-125
-110
-57
-74
-105
-69
-46
-51
-40
-45
-56
-34
-36
-36
-59
-37
-4
-9
-20
-14
-21
-38
-53
-62
-69
-70
-115
-61
-36
-34
-64
-49
-38
-45
-57
-70
-14
-56
-58
-54
-36
-36
-55
-72
-70
-73
-88
-80
-72
-57
-56
-97
-73
-110
-102
-49
-26
-59
-55
-52
-62
-50
-40
-31
-35
-15
-34
-20
-36
-53
-53
-14
-17
8
14
-17
-14
-43
-39
-53
-58
-65
-61
-46
-40
-33
-30
-60
-67
-30
-40
-31
-24
-23
-34
-40
-28
-41
-85
-65
-60
-29
-73
-52
-34
-88
-100
-118
-91
-93
-99
-100
-120
-90
-99
-110
-100
-115
-138
-106
-117
-138
-102
-117
-115
-135
-140
-138
-100
-122
-143
-137
-120
-118
-144
-129
-95
-93
-113
-141
-113
-137
-145
-115
-138
-140
-128
-106
-126
-102
-64
-105
-111
-64
-110
-97
-76
-95
-75
-88
-86
-120
-93
-105
-66
-124
-143
-111
-179
-152
-152
-112
-123
-153
-119
-108
-113
-143
-152
-128
-80
-111
-127
-99
-129
-106
-116
-93
-82
-103
-80
-105
-99
-95
-96
-117
-115
-118
-130
-97
-124
-104
-114
-154
-152
-163
-138
-143
-125
-141
-137
-160
-172
-183
-165
-153
-155
-95
-141
-140
-152
-140
-110
-97
-115
-111
-152
-122
-118
-168
-135
-174
-137
-132
-132
-195
-154
-201
-146
-165
-181
-182
-160
-185
-180
-141
-192
-129
-142
-136
-193
-161
-181
-194
-178
-159
-145
-180
-162
-120
-183
-177
-170
-179
-191
-207
-192
-205
-182
-194
-180
-151
-189
-194
-174
-157
-183
-159
-124
-176
-165
-132
-133
-101
-120
-126
-127
-122
-135
-160
-112
-144
-135
-150
-186
-187
-185
-205
-214
-172
-148
-152
-160
-146
-177
-171
-170
-173
-132
-145
-131
-135
-156
-171
-185
-164
-160
-159
-162
-143
-128
-149
-157
-165
-148
-100
-109
-155
-151
-119
-90
-108
-128
-160
-152
-108
-116
-97
-78
-80
-128
-138
-67
-95
-94
-44
-82
-77
-109
-80
-92
-129
-152
-131
-82
-148
-136
-96
-117
-97
-117
-140
-121
-92
-117
-162
-133
-102
-85
-125
-168
-148
-120
-138
-134
-60
-47
-108
-97
-90
-53
-69
-80
-64
-74
-124
-102
-93
-107
-81
-92
-62
-88
-62
-64
-109
-45
-74
-64
-39
-47
-64
-24
-46
-62
-35
-61
-88
-91
-69
-38
-50
-71
-35
-29
-75
-56
-41
-65
-44
-51
-50
-72
-76
-72
-15
-52
-34
-19
-37
-48
-29
-4
-74
2
-7
-35
-27
-10
-4
-1
-56
-67
-74
-65
-49
-32
-7
0
-41
-20
-66
-84
-67
-94
-49
-74
-87
-28
-18
-70
22
22
8
11
-35
-5
-18
-38
-1
4
8
-8
-2
24
-9
-18
-27
-22
12
33
34
7
-39
27
42
31
24
19
40
37
39
36
59
96
103
72
15
-7
23
43
47
6
-7
29
38
31
-3
-20
-33
-39
-28
2
-5
-66
-45
-11
-40
-32
-1
-19
-101
-88
-30
-45
-50
-22
-65
-67
-42
-63
-67
-33
-63
-85
-68
-56
-44
-51
-40
-62
-74
-32
-47
-48
-39
-70
-42
-57
-70
-81
-73
-84
-76
-109
-82
-99
-101
-99
-153
-99
-116
-105
-77
-144
-97
-117
-131
-114
-128
-118
-134
-100
-123
-114
-107
-108
-124
-129
-126
-144
-119
-120
-130
-120
-191
-195
-148
-200
-222
-184
-130
-144
-143
-125
-123
-122
-83
-90
-126
-69
-98
-118
-100
-111
-106
-90
-77
-94
-80
-76
-107
-111
-106
-97
-151
-151
-144
-146
-118
-111
-96
-126
-115
-93
-96
-137
-114
-86
-85
-54
-36
-40
-69
-57
-64
-69
-76
-70
-57
-49
-49
-76
-48
-66
-79
-58
-74
-91
-89
-71
-127
-127
-87
-76
-107
-83
-124
-95
-85
-111
-69
-64
-39
-43
-87
-72
-99
-93
-46
-81
-83
-108
-71
-99
-124
-121
-136
-135
-112
-150
-152
-159
-164
-167
-140
-150
-153
-126
-138
-125
-129
-119
-119
-130
-136
-74
-88
-103
-116
-108
-106
-123
-106
-87
-60
-55
-71
-84
-96
-88
-102
-90
-75
-98
-46
-72
-83
-59
-36
-43
-73
-42
-69
-33
-74
-61
-41
-75
-58
-39
-17
-41
-34
-22
-12
-44
-38
-83
-71
-104
-104
-87
-80
-61
-42
-9
-36
-25
-33
-37
-14
-66
-41
-79
-84
-73
-73
-45
-58
-29
-38
-44
-43
-28
-52
-43
-30
-73
-2
1
14
49
11
22
9
24
47
-6
58
67
55
29
41
58
57
36
-1
-19
-5
9
-10
7
44
22
8
15
22
44
23
35
33
22
48
37
67
88
73
108
50
45
59
44
69
58
35
40
40
36
26
30
72
99
82
25
34
52
73
42
44
61
56
30
15
51
30
54
50
23
54
82
99
84
73
66
107
44
84
108
66
80
48
81
54
63
38
68
57
24
9
-15
6
-10
1
12
28
12
-12
39
48
-16
34
23
39
19
19
-38
-42
-14
3
17
12
-33
-45
-55
-63
-41
-15
-4
-21
28
-44
-56
-34
-57
-22
7
-19
-18
-16
-32
-45
-71
-66
-52
-35
-67
-48
-9
-2
-17
-52
-58
-36
-57
-85
-73
-54
-50
-38
-25
-61
-31
-20
-27
-38
-49
-24
-39
-17
5
-7
-21
-34
-15
-22
-9
-52
32
73
41
32
27
39
38
73
29
53
56
49
12
31
21
37
31
1
5
20
19
-11
1
-19
-9
-2
12
-13
39
-21
-26
7
-22
6
11
28
57
54
62
60
51
19
19
35
3
-12
-9
23
-1
2
20
-7
-12
26
18
11
7
-1
-7
-14
23
32
16
21
16
-4
-47
-82
-80
-41
-32
7
11
-60
-27
14
-33
-8
8
-15
-8
17
19
36
57
75
86
19
28
57
65
65
24
35
56
66
38
76
58
42
46
47
68
81
50
53
10
26
44
55
38
34
20
2
51
59
85
18
34
20
36
25
45
56
36
64
15
17
-20
34
62
21
62
84
107
95
75
48
43
50
57
72
46
20
6
62
46
9
69
88
40
23
22
61
32
54
54
48
45
23
33
58
73
88
70
75
55
56
49
75
25
26
28
17
40
20
79
64
91
84
68
73
79
93
124
72
80
75
51
56
35
82
54
45
78
31
76
76
77
66
80
92
54
74
38
71
52
44
85
101
118
132
109
114
108
72
85
90
46
40
89
95
107
124
115
124
103
73
98
130
129
120
133
123
119
149
94
108
107
93
115
113
141
120
152
104
151
126
107
90
105
163
104
120
139
145
148
103
91
158
93
107
133
81
101
88
86
84
111
123
74
84
98
67
88
113
104
130
90
89
93
117
120
124
81
83
112
124
94
68
104
95
107
92
73
155
129
102
167
126
135
170
143
117
93
105
116
106
134
106
121
126
136
113
46
85
129
108
88
41
48
52
60
70
68
89
78
24
48
36
24
64
-3
-7
-18
0
-4
-14
-44
-17
-41
3
6
-16
10
-64
-19
0
-18
-32
-33
-21
-21
-9
-12
-17
-10
-9
-6
11
12
-8
53
83
24
22
38
10
13
-20
-24
-1
20
16
-14
4
-30
-50
-64
-21
-40
-42
-39
-21
-30
-60
-57
-53
-14
6
13
-10
58
19
1
45
25
-2
-17
8
3
-13
-4
39
-20
5
13
-7
15
20
9
-28
-20
-27
-17
1
46
6
43
73
60
86
23
28
33
47
61
56
70
58
79
33
0
53
56
94
52
78
110
78
84
65
91
105
129
126
146
106
89
91
66
116
125
106
117
134
108
91
96
100
78
72
88
92
93
88
74
89
70
60
60
116
114
73
76
106
96
76
121
120
128
59
109
158
129
158
134
104
133
96
53
66
87
31
50
75
40
69
64
75
78
74
100
38
50
50
37
31
31
57
57
44
82
106
81
54
33
16
34
62
59
43
64
85
52
57
62
100
57
66
59
70
82
57
48
111
134
101
104
101
105
97
93
49
46
39
14
-4
12
5
48
16
-10
13
9
43
63
72
3
23
15
1
1
-2
-22
2
6
29
40
25
38
66
54
67
94
65
90
51
11
36
7
40
21
-51
-29
17
-2
-24
8
1
42
29
-27
4
5
-10
-22
21
3
7
12
3
14
-9
10
3
9
-17
7
27
-14
6
-47
-65
-5
31
-10
-19
15
-24
-9
-8
1
8
28
37
25
-3
40
7
9
45
-11
3
-41
-6
16
-4
13
20
20
-30
-21
-31
-41
-33
-5
-40
-21
-7
-3
5
-18
-8
36
10
-33
-9
17
-7
9
-28
4
21
8
-26
-27
17
-19
13
45
37
12
35
1
-39
-5
-22
-43
-37
-9
24
3
34
35
10
8
55
65
51
43
16
-12
-51
-43
-45
-66
-28
-16
-24
-5
-20
-55
-7
-26
-28
20
-15
-34
-27
-40
-39
-42
-22
-12
-72
-74
-26
-44
-20
-4
-28
-40
-35
-114
-46
0
-65
-11
-29
-13
-55
-58
-54
-88
-72
-54
-32
-30
-47
-36
-59
-25
-37
-45
-68
-67
-63
-121
-97
-108
-99
-71
-72
-72
-117
-127
-143
-160
-117
-151
-160
-143
-157
-172
-172
-176
-158
-190
-171
-174
-175
-164
-189
-180
-169
-136
-182
-143
-143
-109
-112
-95
-86
-98
-98
-152
-107
-78
-110
-138
-123
-135
-123
-82
-57
-51
-17
-39
-69
-71
-88
-93
-100
-45
-57
-100
-70
-77
-82
-72
-78
-65
-76
-48
-53
-81
-38
-35
-14
-52
-73
-67
-71
-57
-113
-83
-94
-96
-73
-53
-84
-96
-88
-94
-85
-78
-102
-93
-79
-111
-105
-69
-62
-105
-144
-134
-89
-80
-55
-68
-98
-67
-71
-61
-46
-35
-27
-80
-98
-71
-59
-43
-70
-72
-18
-31
1
-2
-45
-25
-32
-13
-56
-38
-25
-3
28
-30
-9
-46
-55
-42
-66
-56
-57
-67
-61
-38
-36
-45
-46
-43
-36
-1
1
-35
-50
-69
-50
-41
-66
-72
-55
-37
-30
-11
-28
-28
-58
-79
-79
-91
-76
-81
-127
-116
-111
-60
-106
-132
-138
-138
-104
-65
-79
-111
-95
-101
-106
-65
-70
-79
-30
-35
-62
-93
-81
-88
-61
-71
-56
-29
-82
-113
-75
-118
-109
-103
-115
-68
-46
-62
-31
-55
-32
-72
-76
-40
-65
-63
-89
-74
-76
-64
-80
-73
-63
-97
-100
-152
-102
-114
-100
-105
-85
-50
-77
-90
-83
-73
-102
-108
-111
-96
-145
-159
-125
-130
-110
-113
-67
-67
-79
-69
-62
-51
-46
-38
-34
-76
-120
-108
-117
-127
-152
-118
-122
-149
-139
-153
-132
-139
-103
-94
-92
-108
-104
-98
-113
-138
-118
-117
-136
-98
-123
-103
-85
-78
-136
-124
-92
-128
-84
-97
-71
-62
-59
-42
-74
-107
-121
-100
-92
-106
-91
-90
-123
-130
-127
-68
-58
-74
-110
-105
-86
-116
-97
-91
-90
-114
-92
-87
-106
-125
-148
-135
-122
-125
-133
-139
-171
-149
-136
-124
-136
-124
-156
-154
-127
-137
-145
-139
-152
-158
-98
-99
-126
-138
-117
-69
-76
-105
-101
-117
-99
-92
-115
-136
-96
-122
-114
-132
-93
-71
-127
-142
-132
-119
-145
-78
-89
-63
-69
-55
-39
-57
-40
-29
-11
-63
-75
-66
-64
-55
-59
-28
-57
-57
-63
-73
-63
-66
-33
-27
-20
-22
-15
-9
-7
-21
-20
-49
-50
-44
-62
-99
-111
-85
-64
-89
-91
-60
-82
-91
-95
-66
-39
-61
-35
-47
-43
-30
-33
-45
-15
-8
-35
-42
-30
-27
-31
-14
-37
-21
-32
-12
-10
-41
-39
-58
-35
9
-19
13
-14
-23
-5
-65
-8
22
-26
-29
-15
-13
-38
-6
-49
-52
-54
-87
-55
-42
-88
-78
-85
-128
-141
-103
-100
-50
-49
-99
-39
-56
-75
-54
-9
-55
-45
-31
-97
-101
-103
-47
-47
-72
-37
-48
-41
10
-27
-27
28
-17
-5
-11
4
16
17
3
-30
-9
-6
11
19
3
-6
21
-19
-6
19
-3
-8
-40
-26
-69
-33
-1
-33
22
21
-10
15
-1
-15
1
-36
38
54
15
9
23
8
-2
19
1
-24
29
19
20
29
56
70
35
61
24
9
0
6
18
23
31
-24
-35
-31
-8
-15
-5
4
-33
-51
-45
-62
-62
-75
-43
-77
-45
-29
-37
-48
-65
-37
-49
-48
-9
-27
-55
-40
-7
-47
-42
2
-41
-30
-38
-27
-23
-4
-4
-19
14
-21
-19
-5
-32
-49
-48
-41
-47
-74
-71
-86
-66
-19
-74
-71
-42
-81
-120
-108
-114
-128
-106
-90
-68
-101
-70
-81
-100
-37
-25
-37
-63
-56
-119
-108
-102
-111
-133
-128
-95
-76
-89
-116
-103
-79
-82
-105
-118
-85
-112
-104
-78
-93
-24
-74
-68
-89
-68
-92
-90
-85
-80
-66
-93
-77
-82
-80
-23
-29
-65
-55
-78
-28
-26
-45
-39
-33
-4
-15
-14
-21
-22
-33
-35
-13
-19
-4
28
22
-33
-14
-26
-18
-11
-51
-61
-52
-12
-37
-64
-22
-16
2
29
-32
-3
-8
-28
-25
-19
-13
9
5
7
24
28
60
43
22
-14
-34
12
-12
-41
-1
-13
-16
0
-4
4
-21
-24
-23
-33
-41
-35
11
-6
-14
-29
-12
-25
4
4
2
-18
-24
-36
-52
-11
18
-8
-15
9
23
53
18
18
16
5
-14
-3
3
9
-1
-13
0
11
-1
-5
-4
-14
-19
-3
-29
-2
-3
-52
-43
-61
-59
-59
-35
-45
-49
-39
-12
-31
-65
-63
-16
-38
-75
-31
-44
-37
-53
-21
-55
-61
-37
-7
-16
-20
-17
15
-5
-20
2
4
-6
-4
-9
-21
3
-33
9
23
4
-2
-34
17
19
-24
-20
-40
-51
-44
-47
-30
-43
-36
-27
1
-3
-81
-42
-12
-59
-60
-37
-42
-51
-50
-37
-36
-47
-67
-46
-29
10
-20
-32
-19
-15
-2
-9
-10
12
10
-4
18
34
-18
-32
-44
-32
-22
-26
-14
-26
-13
-31
21
12
-58
-66
-40
-5
-10
6
28
-6
-23
-48
-68
-49
-59
-80
-74
-66
-62
-42
-39
-30
-69
-71
-25
-47
-49
-36
-67
-106
-103
-100
-75
-52
-77
-66
-64
-76
-63
-43
-70
-70
-41
-48
-59
-90
-56
-46
-47
-35
-47
1
-33
-47
-69
-69
-29
-46
-28
-10
-80
-64
-39
-67
-19
-56
-61
-63
-31
-52
-36
-25
-25
-31
-33
-38
-39
-59
-37
12
-10
3
-47
-22
-14
-15
-50
-47
-60
-39
-10
-32
-23
-21
-38
-62
-43
-51
-48
-71
-58
-56
-39
-64
-63
-80
-91
-93
-104
-109
-110
-78
-98
-75
-95
-81
-139
-117
-92
-134
-113
-178
-188
-169
-179
-202
-180
-192
-167
-163
-125
-115
-158
-171
-140
-133
-195
-145
-127
-125
-124
-163
-93
-90
-124
-124
-125
-120
-136
-130
-84
-89
-102
-91
-117
-103
-100
-94
-61
-95
-95
-87
-103
-94
-131
-141
-152
-140
-131
-86
-111
-157
-89
-111
-76
-39
-77
-106
-76
-115
-140
-98
-88
-105
-92
-94
-90
-56
-96
-110
-51
-86
-94
-61
-70
-82
-70
-118
-77
-60
-46
-24
-35
-48
-55
-60
-90
-58
-85
-79
-78
-79
-47
-48
-55
-69
-72
-80
-85
-81
-77
-60
-83
-28
-50
-80
-47
-75
-41
-78
-85
-63
-83
-103
-71
-38
-38
-19
-6
6
-41
-33
33
16
-18
-39
10
2
5
-31
37
82
47
17
4
39
-13
-39
-11
4
12
5
15
-38
7
16
-3
25
52
28
5
32
-19
-3
-4
6
-8
-23
-12
-10
18
12
46
23
15
-1
-1
21
0
38
16
6
10
4
10
19
-33
-18
4
-13
-51
-42
-39
-39
-12
-49
-39
12
-17
-22
-18
-28
-40
-34
-31
-63
-28
-93
-51
-29
-51
-70
-99
-967
-1796
-1353
-656
-603
-1342
-2370
-2623
-2050
-1841
-2082
-2402
-2321
-2268
-2694
-2581
-2222
-2321
-2268
-1970
-1774
-1645
-1865
-2060
-1597
-833
-324
-597
-928
-609
-280
57
456
551
541
525
446
616
898
1052
993
972
1125
1085
766
661
835
1084
1229
1011
693
656
770
915
1056
1118
1088
842
766
956
1101
1090
1049
966
1099
1067
865
870
881
959
982
757
630
494
341
357
348
322
196
-161
-301
-354
-429
-501
-712
-857
-962
-1152
-1343
-1376
-1412
-1495
-1582
-1713
-1723
-1782
-1811
-1801
-1787
-1649
-1619
-1697
-1680
-1592
-1429
-1316
-1253
-1127
-1112
-1045
-986
-849
-690
-651
-588
-573
-411
-322
-278
-169
-41
19
102
167
236
323
371
410
456
559
631
709
776
899
962
983
1179
1249
1398
1595
1631
1730
1944
2099
2277
2390
2461
2532
2556
2747
2946
2879
2751
2696
2514
2488
2374
2096
1913
1649
1390
1053
754
537
161
-120
-297
-647
-997
-1289
-1537
-1555
-1792
-1923
-2019
-2204
-2238
-2170
-2230
-2136
-2070
-2120
-1992
-1914
-1804
-1656
-1565
-1363
-1243
-1164
-1065
-1159
-1094
-964
-856
-828
-866
-1001
-1136
-1127
-1151
-1200
-1323
-1402
-1540
-1647
-1672
-1701
-1703
-1737
-1753
-1749
-1755
-1724
-1689
-1591
-1299
-1171
-1070
-856
-799
-607
-335
-119
154
392
438
603
820
1065
1507
1842
1876
1927
1930
2277
2795
3077
3279
3335
3430
3634
3710
4063
4427
4736
4908
4394
3804
3616
3773
4073
4116
3364
2573
1979
1728
1790
1485
986
561
-52
-462
-845
-1239
-1398
-1476
-1684
-1817
-2160
-2412
-2471
-2356
-1877
-1602
-1619
-1675
-1700
-1382
-808
-417
-66
145
232
456
645
921
1329
1534
1692
1735
1636
1493
1414
1331
1402
1262
878
421
-90
-389
-671
-997
-1356
-1766
-2309
-2795
-3264
-3522
-3653
-3859
-4017
-4254
-4506
-4657
-4719
-4487
-4218
-4075
-4047
-4075
-3896
-3484
-3152
-2855
-2560
-2359
-2135
-1955
-1638
-1254
-925
-619
-388
-248
-62
125
286
517
735
862
910
921
1106
1302
1472
1589
1663
1908
2167
2528
2955
3384
3719
4163
4560
4894
5298
5804
6452
6807
7363
7626
7197
6724
6719
6868
7219
6941
5881
4921
4103
3318
2378
1743
1730
1456
-44
-1964
-3282
-3164
-2540
-2952
-4137
-4873
-4989
-5154
-5582
-5346
-4315
-3630
-3851
-4220
-3859
-2707
-1945
-1584
-673
486
1047
685
670
1739
3290
3825
3685
3575
3844
3950
3619
3678
4294
4457
3746
2773
2238
2251
1906
1348
940
820
247
-829
-1710
-1845
-1602
-1830
-2316
-2829
-3088
-3392
-3580
-3537
-2881
-4227
-7033
-6282
-3935
-2774
-3132
-5829
-7416
-5460
-3499
-3283
-4004
-3990
-3712
-4505
-4012
-2506
-2587
-2718
-2653
-2807
-2202
-1968
-2819
-2901
-1474
-120
-903
-2142
-1917
-1409
-688
284
245
-325
-241
-523
-323
719
1686
1563
1147
1664
2335
2477
3068
4025
4624
5671
5982
5582
6193
7393
8363
8876
8887
8446
7672
7398
7822
7869
7097
6142
5042
4000
2811
1473
693
892
495
-1442
-3593
-4547
-4331
-4288
-4989
-5536
-5730
-5991
-6606
-6818
-5883
-4712
-4264
-4305
-4029
-3145
-2424
-1936
-836
690
1752
1871
1761
2336
3411
4297
4765
5022
5161
4968
4543
4430
4679
4842
4430
3704
3023
2372
1689
1061
702
442
-58
-987
-1992
-2578
-2899
-3056
-3210
-3483
-3761
-4324
-4708
-6742
-8033
-6170
-4478
-3739
-4638
-7601
-8353
-6020
-4197
-3580
-3799
-4370
-4964
-5142
-3833
-2695
-2371
-2046
-2589
-2881
-2383
-2504
-2691
-1905
-856
-519
-1518
-2463
-2486
-1751
-466
115
-349
-1000
-1471
-1564
-645
411
955
830
608
892
1416
2123
3136
4125
5003
5968
6395
6828
7934
9013
10207
11712
12475
11823
10654
9337
8721
8894
9277
9495
8552
5773
2428
532
1100
2375
1478
-1296
-4031
-5519
-5929
-6385
-6590
-6183
-6240
-7351
-8624
-8967
-8099
-6811
-5793
-4684
-3947
-3977
-4350
-3702
-1478
1059
2406
2517
2342
2510
3391
4416
5647
6749
6916
6242
5452
5059
5224
5468
5430
5141
4353
3108
1667
722
644
737
239
-762
-2032
-3173
-3880
-4084
-3930
-3745
-4099
-4777
-5368
-5446
-5094
-4540
-4514
-5835
-5971
-4907
-4187
-3557
-4155
-5337
-4628
-3333
-2910
-2970
-3284
-3326
-3193
-2773
-2191
-2387
-2633
-2661
-2849
-2548
-2254
-2729
-3047
-2828
-2420
-2328
-2760
-2933
-2810
-2352
-1771
-1746
-1869
-1669
-1478
-1064
-430
9
519
937
1669
2265
2752
3441
4159
5061
6549
7319
7445
7960
8912
10276
11564
12344
12311
11780
10865
9822
8463
8231
8991
9119
7606
4408
905
17
1006
1400
-149
-2840
-4958
-5946
-6651
-6925
-6641
-6577
-6966
-7991
-8567
-8152
-7359
-6528
-5259
-4060
-3255
-3529
-3705
-2435
-183
1891
2837
2900
3011
3416
4006
5223
6372
7048
6875
6037
5536
5402
5276
5215
4987
4601
3804
2397
1058
398
73
-68
-670
-1656
-2769
-3813
-4564
-4612
-4410
-4317
-4733
-5362
-5628
-5525
-5256
-4619
-4832
-6205
-5985
-4866
-4006
-3343
-4206
-5363
-4465
-3449
-2995
-2967
-3045
-3107
-3156
-2859
-2432
-2636
-2749
-2804
-3093
-2679
-2577
-3177
-3495
-3155
-2549
-2470
-2848
-2989
-2951
-2458
-1893
-1717
-1570
-1263
-1139
-900
-258
554
1166
1489
2087
2639
3274
4094
4919
5676
6947
7474
7831
8675
9723
10890
11873
12536
12333
11344
10345
9319
8363
8552
8943
8444
6331
2802
187
301
1250
1028
-1370
-4133
-5390
-5933
-6644
-6778
-6688
-6564
-7060
-8071
-8194
-7586
-6764
-5807
-4611
-3448
-2823
-3292
-3021
-1214
1103
2752
3264
3187
3472
3952
4742
5858
6750
7233
6725
5883
5578
5419
5200
5072
4699
4265
3251
1722
524
-7
-205
-414
-1276
-2329
-3258
-4275
-4738
-4647
-4484
-4512
-4977
-5516
-5532
-5993
-6981
-6684
-5303
-4018
-3812
-5261
-6569
-5849
-4180
-3084
-2929
-3201
-3600
-4018
-3720
-2705
-1983
-1766
-2247
-2878
-2849
-2693
-2845
-2847
-2383
-1819
-2180
-3057
-3474
-3192
-2371
-1634
-1455
-1701
-2111
-2431
-2094
-1035
40
361
120
187
769
1643
2549
3256
3989
4842
5648
6079
6641
7332
8427
9951
10732
11054
11588
11675
12089
11640
10797
10109
8556
7816
8045
7712
6570
3431
102
-20
948
575
-1556
-4487
-5671
-5531
-6164
-6475
-6807
-7014
-7179
-7760
-7592
-6585
-6163
-5665
-4670
-3395
-2253
-2234
-2107
-677
1296
2836
3418
3386
3911
4483
5060
5933
6623
6820
6569
5788
5574
5497
4998
4584
4112
3551
2886
1531
318
-226
-623
-948
-1672
-2584
-3382
-4217
-4737
-4703
-4628
-4604
-4931
-5374
-5397
-6407
-7295
-6228
-4861
-3957
-4065
-5978
-6770
-5444
-4086
-3155
-3001
-3307
-3787
-4229
-3614
-2676
-2128
-1912
-2537
-3108
-2963
-3003
-3196
-2878
-2252
-1929
-2599
-3348
-3542
-3153
-2161
-1490
-1611
-1954
-2372
-2603
-1890
-614
196
242
12
250
779
1679
2660
3427
4356
5136
5290
5805
6779
7570
8914
9640
10168
11085
11616
12064
12161
11218
10702
10303
9081
8450
7753
7033
6386
3977
1270
336
238
88
-1385
-3828
-5001
-5556
-6280
-6505
-6763
-6778
-6926
-7661
-7531
-6708
-6015
-5334
-4832
-3795
-2499
-2114
-1734
-631
832
2354
3133
3407
4004
4403
4869
5585
6127
6662
6438
5676
5329
5109
4791
4510
3858
3319
2661
1414
378
-360
-841
-1219
-1950
-2811
-3552
-4299
-4811
-5055
-4990
-4841
-5038
-5517
-5421
-6106
-7453
-6836
-5454
-4285
-3823
-5488
-6974
-5890
-4270
-3276
-2969
-3224
-3682
-4181
-3689
-2682
-2252
-1981
-2376
-3069
-2917
-2791
-3132
-3039
-2456
-1922
-2279
-2969
-3336
-3203
-2329
-1474
-1408
-1703
-2014
-2357
-1884
-702
257
384
136
195
799
1696
2689
3358
3899
4727
5333
5983
6780
7418
8067
9219
10187
10993
11167
11242
11766
12031
11184
10323
9328
8636
8024
6974
6222
5227
3088
815
-437
-467
-413
-2183
-4523
-5698
-5887
-6019
-6555
-7006
-6955
-7018
-7165
-7047
-6330
-5373
-4766
-4268
-3117
-1858
-1275
-829
34
1594
3002
3650
3840
4190
4730
5324
5694
6201
6447
6078
5476
5048
4817
4589
4001
3264
2674
1914
950
-48
-932
-1344
-1775
-2463
-3206
-3930
-4491
-4901
-5099
-4926
-4901
-5024
-5440
-6947
-7523
-6221
-5021
-4236
-4441
-6113
-6379
-5048
-3871
-3173
-2964
-3125
-3504
-3684
-2962
-2377
-2114
-1810
-2118
-2479
-2390
-2684
-2904
-2456
-1887
-1731
-2309
-2895
-3172
-2901
-1984
-1308
-1431
-1718
-2148
-2324
-1611
-491
151
267
179
271
736
1737
2823
3510
4197
4773
5188
5985
6708
7345
8352
9671
10324
10563
10838
11418
12505
12618
11148
10123
9859
9233
8282
6933
6320
5783
3780
1314
-115
-430
-501
-2044
-4045
-4784
-5245
-6251
-6974
-7068
-6462
-6368
-6972
-7069
-6365
-5424
-4763
-4218
-3014
-1725
-1307
-972
-19
1450
2747
3411
3812
4473
4933
5140
5446
5978
6505
6280
5608
5174
4851
4499
3933
3313
2899
2234
1110
-42
-764
-1239
-1634
-2333
-3036
-3613
-4234
-4801
-5013
-4922
-4756
-4924
-4954
-5489
-6679
-6447
-5375
-4549
-3794
-4474
-5723
-5246
-4251
-3508
-3000
-2906
-3000
-3287
-3253
-2733
-2491
-2113
-1969
-2473
-2537
-2570
-3021
-3115
-2756
-2242
-2308
-2868
-3209
-3375
-2912
-2063
-1753
-1842
-1970
-2330
-2086
-1187
-310
157
142
143
599
1436
2330
3055
3623
4213
4931
5754
6424
6926
7657
8718
9643
10282
10271
10480
11699
12626
12208
10438
9139
9145
8749
7696
6560
5611
4831
2915
251
-918
-700
-945
-2598
-4591
-5462
-5872
-6672
-7085
-6844
-6414
-6457
-7233
-7374
-6209
-5151
-4602
-3875
-2824
-1751
-1359
-1036
132
1709
3013
3543
3692
4204
4613
4852
5383
6006
6276
5833
4996
4519
4327
3915
3404
2868
2258
1532
282
-840
-1360
-1689
-2144
-2877
-3619
-4207
-4863
-5285
-5287
-5082
-4962
-5148
-5483
-6794
-7287
-6043
-5004
-4062
-4050
-5762
-6081
-4886
-3846
-3063
-2817
-3027
-3366
-3536
-2968
-2584
-2377
-1969
-2304
-2770
-2763
-3147
-3378
-2933
-2400
-2186
-2747
-3289
-3522
-3224
-2303
-1620
-1652
-1749
-2119
-2369
-1681
-618
314
558
545
637
956
1905
2948
3564
4278
5016
5460
6033
6735
7275
8183
9184
10043
10547
10795
10680
11436
12227
11992
10854
9592
8774
8166
7470
6516
5692
4618
2730
422
-913
-937
-1190
-2586
-4270
-5239
-5656
-6301
-6772
-6811
-6277
-6035
-6398
-6554
-5849
-4981
-4125
-3250
-2153
-1146
-781
-384
535
2068
3344
4022
4175
4571
4909
5216
5605
6002
6231
5880
5127
4574
4197
3790
3332
2677
2080
1279
110
-895
-1585
-1942
-2304
-2919
-3600
-4232
-5083
-5929
-6186
-5887
-5626
-5796
-6431
-6897
-6728
-6158
-5602
-5149
-4814
-4670
-4636
-4378
-3698
-3111
-2685
-2476
-2441
-2267
-2244
-2282
-2055
-1753
-1607
-1832
-2205
-2429
-2494
-2387
-2279
-2249
-2298
-2457
-2704
-2693
-2314
-1917
-1791
-1848
-1868
-1752
-1423
-788
-258
128
448
683
1177
2051
2968
3751
4431
4997
5608
6065
6799
7664
8403
9324
9641
9964
10550
11014
11510
11700
10925
9883
9058
7872
6367
5325
5136
5499
4447
1305
-1835
-2898
-1931
-1296
-2584
-4640
-6090
-6904
-7161
-6756
-6077
-5699
-6055
-6634
-6254
-5284
-4394
-3819
-2766
-1259
-304
-401
-511
452
2169
3673
4286
4301
4173
4001
4101
4767
5601
5731
4944
3892
3112
2799
2459
1969
1508
1009
109
-1098
-2140
-2690
-2882
-3060
-3376
-3918
-4587
-5569
-6643
-6806
-5851
-5212
-5459
-6285
-7147
-6977
-5920
-4955
-4556
-4377
-4542
-4794
-4519
-3667
-2994
-2692
-2579
-2613
-2719
-2747
-2799
-2649
-2225
-1938
-2250
-2901
-3306
-3311
-3028
-2613
-2350
-2646
-3002
-3247
-3084
-2417
-1854
-1816
-2074
-2078
-1804
-1332
-790
-280
60
468
1085
1643
2309
2964
3552
4433
5391
6176
6543
6905
7360
8062
9120
10055
10417
10589
10785
11371
11563
10682
9297
8677
8614
8031
6451
4879
3961
3174
1783
66
-971
-1485
-2327
-3697
-4727
-5091
-5463
-6225
-6605
-6374
-5976
-6069
-6221
-5787
-4738
-3927
-3442
-2865
-1884
-975
-349
423
1464
2455
3043
3346
3805
4410
4720
4850
4947
5207
5241
4782
4199
3758
3411
2925
2289
1694
1002
164
-696
-1357
-1757
-2250
-2911
-3503
-3991
-4643
-5619
-6154
-5810
-5548
-5616
-6140
-6721
-6369
-5731
-5374
-5046
-4664
-4355
-4265
-4057
-3457
-2905
-2682
-2510
-2399
-2178
-1930
-2110
-2179
-1874
-1634
-1734
-2164
-2376
-2426
-2432
-2321
-2223
-2224
-2355
-2527
-2481
-2029
-1689
-1621
-1793
-1670
-1357
-962
-331
53
388
707
1043
1765
2710
3481
4009
4289
5009
6023
6693
7142
7653
8214
9136
9850
10183
10473
10667
11231
11946
11687
10319
8894
8257
8538
7926
6207
4492
3559
2779
1573
-226
-1338
-1776
-2541
-3665
-4530
-5080
-5581
-6295
-6417
-5810
-5385
-5557
-5917
-5499
-4308
-3320
-2775
-2169
-1379
-534
108
869
1903
2873
3358
3728
4105
4607
4930
4951
5071
5343
5261
4742
4084
3590
3244
2752
2170
1564
905
70
-862
-1519
-1755
-2158
-2732
-3574
-4597
-5368
-5663
-5516
-5441
-5535
-5907
-6503
-6381
-5729
-5290
-4852
-4536
-4372
-4191
-3794
-3367
-2972
-2483
-2100
-2025
-2009
-1872
-1854
-1781
-1472
-1320
-1420
-1686
-1981
-2164
-2103
-1857
-1780
-1925
-2038
-2182
-2230
-1899
-1525
-1443
-1583
-1621
-1437
-1023
-406
92
343
606
974
1441
2284
3206
3995
4588
5116
5792
6382
6899
7781
8757
9204
9441
9702
10000
10864
11583
11817
11456
10102
8901
8503
8371
7794
6245
4416
3545
2819
1295
-347
-1546
-2011
-2499
-3786
-4881
-5576
-6048
-6313
-6407
-6086
-5755
-6046
-6246
-5648
-4547
-3437
-2954
-2531
-1616
-784
-91
705
1644
2653
3306
3534
3881
4341
4570
4725
4852
5095
5056
4459
3804
3354
2982
2654
2047
1288
561
-293
-1047
-1600
-2008
-2366
-3180
-4638
-5454
-5504
-5503
-5636
-6084
-6583
-6610
-6373
-6178
-5973
-5623
-5106
-4882
-4626
-4036
-3672
-3404
-3026
-2642
-2225
-2008
-2069
-2178
-1954
-1505
-1391
-1600
-1769
-1944
-2050
-2000
-1983
-2083
-2140
-2267
-2415
-2292
-2083
-1954
-1894
-1796
-1807
-1739
-1584
-1214
-583
-153
188
506
887
1520
2378
3231
3900
4477
5094
5669
6346
7120
7546
8050
8719
9341
9950
10077
10302
10883
11517
11096
9720
8307
8030
8203
7192
5383
4012
3347
2457
717
-1061
-1738
-1878
-2640
-4066
-5132
-5536
-5973
-6506
-6320
-5831
-5675
-6119
-6340
-5537
-4217
-3421
-2999
-2431
-1529
-701
-128
564
1627
2603
3075
3401
3791
4168
4356
4487
4759
4982
4770
4069
3417
3034
2861
2327
1646
1032
320
-487
-1311
-1844
-2196
-2694
-3675
-4813
-5306
-5346
-5791
-6194
-6323
-6541
-6502
-6356
-6434
-6054
-5452
-5169
-5012
-4501
-3948
-3707
-3537
-2990
-2515
-2295
-2108
-2182
-2099
-1694
-1552
-1685
-1758
-1785
-2030
-2214
-2067
-1983
-2156
-2293
-2386
-2351
-2148
-2102
-2074
-1883
-1750
-1797
-1790
-1350
-880
-430
-81
284
692
1168
1795
2629
3604
4344
4578
4892
5816
7065
7669
7678
8032
8686
9633
10213
10412
10823
11547
11291
10019
8809
8535
8514
7651
6119
4705
3757
2866
1306
-457
-1325
-1707
-2469
-3826
-4930
-5567
-5939
-6363
-6405
-6150
-6017
-6255
-6480
-5948
-4699
-3819
-3286
-2727
-1983
-1202
-444
451
1432
2380
2943
3299
3645
4139
4379
4560
4834
5027
4877
4294
3641
3259
2985
2542
1887
1264
504
-414
-1252
-1811
-2090
-2551
-3207
-4301
-5373
-5850
-5878
-5908
-5868
-6286
-6807
-6849
-6551
-6065
-5664
-5300
-4969
-4788
-4431
-3935
-3568
-3156
-2645
-2411
-2314
-2188
-2213
-2133
-1852
-1622
-1653
-1810
-2043
-2316
-2422
-2226
-2215
-2337
-2429
-2594
-2627
-2436
-2169
-1980
-1896
-1952
-1979
-1812
-1425
-890
-457
8
414
853
1334
1955
2578
3486
4274
4863
5403
5917
6414
7229
8030
8218
8700
9255
9646
10174
10327
10599
10716
9592
8350
7699
7341
6869
5577
3784
3064
2262
782
-945
-2199
-2520
-2840
-4012
-5050
-5714
-6305
-6595
-6552
-6120
-5724
-6018
-6264
-5795
-4776
-3617
-3037
-2531
-1645
-811
-151
579
1389
2374
3085
3368
3723
3999
4116
4252
4396
4640
4572
3903
3248
2753
2375
2014
1342
685
41
-789
-1595
-2274
-2748
-3006
-4017
-5154
-5596
-5738
-5988
-6338
-6630
-6736
-6643
-6472
-6534
-6281
-5600
-5229
-5163
-4583
-3979
-3739
-3485
-3093
-2703
-2439
-2250
-2302
-2307
-1909
-1701
-1940
-2029
-1981
-2166
-2358
-2365
-2382
-2476
-2577
-2582
-2648
-2508
-2275
-2242
-2110
-1990
-1982
-1880
-1527
-1043
-553
-257
60
467
1078
1861
2543
3301
4034
4362
5034
5773
6436
7252
7737
8122
8565
8991
9600
10266
10682
11144
10897
9698
8651
8086
7927
7635
6234
4564
3376
2389
1296
-155
-1412
-1975
-2717
-3816
-4706
-5498
-6046
-6432
-6496
-6035
-5841
-6070
-6245
-5988
-4898
-3789
-3121
-2500
-1886
-1257
-486
376
1353
2352
2846
3210
3581
3929
4300
4424
4645
4860
4637
4158
3562
3021
2653
2199
1661
1162
377
-596
-1426
-1994
-2295
-2733
-3916
-5056
-5388
-5400
-5713
-6133
-6521
-6822
-6714
-6328
-6254
-6084
-5629
-5410
-5108
-4338
-3734
-3626
-3429
-2927
-2533
-2246
-1944
-2058
-2195
-1790
-1562
-1784
-1763
-1814
-2106
-2249
-2085
-2123
-2392
-2467
-2516
-2545
-2321
-2154
-2192
-2033
-1907
-1898
-1809
-1447
-994
-671
-268
186
508
978
1596
2257
3217
4045
4482
4946
5512
6306
7061
7513
8104
8596
8967
9281
9734
10343
11005
11225
10104
8612
7942
8115
7946
6544
4787
3513
2804
1988
376
-1209
-1885
-2336
-3228
-4182
-4986
-5623
-6196
-6372
-5964
-5507
-5568
-5880
-5873
-4906
-3628
-2932
-2451
-1852
-1073
-336
440
1367
2269
2928
3351
3682
4142
4504
4575
4575
4772
4871
4602
3941
3304
2928
2421
1919
1330
676
-190
-1055
-1812
-2171
-2617
-3812
-4993
-5342
-5318
-5430
-5994
-6701
-6821
-6426
-6091
-6023
-5950
-5606
-5200
-4986
-4262
-3686
-3423
-3240
-2968
-2492
-1967
-1900
-2028
-1998
-1660
-1386
-1548
-1713
-1776
-1942
-1968
-1998
-2061
-2147
-2418
-2559
-2461
-2227
-2100
-2099
-2071
-1951
-1958
-1810
-1488
-1064
-494
-266
62
522
1074
1692
2424
3065
3756
4490
4949
5505
6162
6864
7426
7837
8311
8801
9102
9524
9962
10508
11156
10492
8740
7557
7489
7826
7189
5273
3352
2422
1813
691
-820
-1811
-2262
-3154
-4264
-5006
-5506
-5849
-6206
-6114
-5666
-5439
-5731
-5897
-5150
-3780
-2851
-2455
-2018
-1282
-441
429
1322
2214
2892
3260
3531
3928
4421
4604
4577
4606
4664
4362
3776
3181
2723
2388
1811
1209
593
-210
-1081
-1877
-2360
-2832
-3932
-5193
-5650
-5612
-5526
-6001
-6878
-7037
-6614
-6221
-5971
-5881
-5590
-5192
-4914
-4268
-3613
-3258
-3061
-2941
-2484
-1904
-1843
-1960
-1929
-1699
-1413
-1479
-1706
-1883
-1986
-2025
-2060
-2117
-2193
-2555
-2806
-2728
-2446
-2201
-2222
-2249
-2226
-2176
-1950
-1619
-1211
-649
-308
16
565
1073
1630
2348
3076
3749
4385
4920
5557
6260
6832
7417
7831
8124
8691
9218
9600
9898
10124
10550
10204
8780
7590
7219
7258
6887
5072
3130
2237
1560
552
-848
-1979
-2478
-3340
-4469
-5140
-5600
-5804
-6085
-6331
-5875
-5533
-5620
-5611
-5096
-3793
-2821
-2458
-1983
-1217
-449
445
1170
2029
2864
3103
3301
3718
4164
4436
4323
4256
4359
4078
3534
3013
2481
2093
1555
879
264
-468
-1298
-2025
-2479
-2968
-4073
-5159
-5549
-5594
-5592
-6024
-6878
-7011
-6552
-6174
-5989
-5935
-5662
-5342
-4951
-4261
-3772
-3532
-3302
-3095
-2688
-2148
-2048
-2236
-2198
-1916
-1738
-1856
-2041
-2197
-2376
-2316
-2293
-2412
-2489
-2751
-2946
-2804
-2493
-2338
-2363
-2330
-2241
-2212
-2041
-1686
-1352
-884
-518
-224
319
849
1368
1973
2772
3637
4228
4586
5173
5691
6375
7034
7423
7998
8475
8822
9035
9391
9896
10457
10320
9050
7583
6941
7003
6885
5609
3676
2323
1584
755
-419
-1717
-2458
-3073
-4019
-4758
-5231
-5623
-6121
-6287
-5951
-5300
-5230
-5441
-5300
-4373
-3138
-2373
-1878
-1270
-560
163
928
1859
2754
3185
3428
3705
4125
4425
4454
4356
4411
4350
3897
3262
2595
2167
1706
1118
518
-152
-936
-1780
-2363
-2809
-3835
-4913
-5338
-5458
-5452
-5812
-6718
-6893
-6462
-6019
-5789
-5715
-5466
-5111
-4947
-4215
-3533
-3265
-2949
-2819
-2521
-2057
-1858
-1925
-1935
-1665
-1360
-1632
-1861
-1960
-2073
-2071
-2058
-2179
-2277
-2482
-2728
-2641
-2365
-2028
-2003
-2038
-1949
-1967
-1830
-1517
-1078
-487
-79
257
575
905
1444
2199
3147
4019
4615
4834
5150
5790
6651
7416
7828
8129
8440
8768
9232
9736
10305
10741
10186
8542
7397
7272
7615
7078
5246
3287
2165
1701
879
-439
-1667
-2385
-3368
-4257
-4726
-5038
-5487
-6011
-6211
-5757
-5307
-5257
-5401
-5053
-3929
-2828
-2192
-1681
-1088
-396
532
1296
2205
2951
3201
3441
3785
4322
4706
4631
4442
4379
4166
3763
3191
2659
2160
1581
930
383
-318
-1090
-1906
-2495
-3117
-4106
-4938
-5275
-5474
-5628
-6148
-6688
-6532
-6211
-5967
-5900
-5759
-5284
-4864
-4523
-4006
-3554
-3278
-2935
-2607
-2283
-1966
-1843
-1921
-1820
-1561
-1452
-1660
-1897
-1971
-2018
-2080
-2141
-2173
-2361
-2543
-2577
-2498
-2323
-2158
-2153
-1977
-1748
-1719
-1665
-1368
-980
-388
113
411
712
1160
1790
2402
3152
3972
4486
4877
5284
5877
6404
7060
7669
8094
8412
8680
8953
9361
9894
10291
10129
8921
7552
6861
7092
7171
5878
3657
2180
1591
1210
156
-1306
-2307
-2970
-3782
-4405
-4900
-5257
-5644
-5940
-5660
-5100
-4887
-5005
-4900
-4070
-2811
-2015
-1600
-1129
-430
405
1138
1904
2689
3185
3408
3643
4080
4399
4401
4128
4016
4031
3728
3163
2529
2064
1524
889
308
-178
-929
-1820
-2613
-3557
-4407
-4919
-5105
-5281
-5706
-6422
-6936
-6766
-6198
-5887
-5883
-5716
-5392
-5077
-4604
-4023
-3559
-3159
-2864
-2624
-2367
-2062
-1875
-1885
-1699
-1432
-1461
-1736
-1931
-2009
-1981
-1932
-2020
-2266
-2458
-2630
-2710
-2560
-2277
-2111
-2096
-2064
-1963
-1927
-1816
-1493
-1001
-436
-27
228
671
1137
1591
2264
3156
3910
4484
4870
5174
5534
6141
6932
7560
7904
8207
8372
8572
9106
9573
9971
9927
8641
7089
6557
7101
7285
5781
3209
1655
1308
1345
459
-1383
-2517
-3203
-3934
-4309
-4687
-5007
-5538
-6051
-5758
-5052
-4829
-4981
-4997
-4068
-2653
-1985
-1748
-1331
-595
460
1357
2038
2722
2891
3004
3408
4044
4516
4390
3941
3763
3745
3517
3125
2573
1996
1349
639
154
-393
-1039
-1849
-2751
-3486
-4414
-5107
-5409
-5584
-5682
-6158
-6874
-6888
-6447
-6006
-5751
-5557
-5240
-4918
-4567
-4016
-3511
-3040
-2639
-2577
-2306
-1940
-1854
-1894
-1810
-1522
-1407
-1653
-1876
-2050
-2135
-2012
-2050
-2213
-2292
-2548
-2756
-2634
-2279
-1950
-1882
-1798
-1910
-1997
-1710
-1186
-641
-67
227
330
848
1386
1993
2715
3423
4114
4601
5108
5823
6283
6689
7171
7477
7971
8573
8854
8985
9253
9420
9704
9452
8427
7489
6916
6754
6289
4584
2869
1949
1432
901
-406
-1885
-2723
-3403
-3917
-4258
-4613
-4946
-5521
-5824
-5308
-4760
-4438
-4359
-4186
-3297
-2394
-1776
-1232
-606
268
1106
1601
2319
2915
3186
3511
3858
4312
4576
4342
3970
3832
3598
3343
2909
2293
1763
1028
308
-200
-704
-1447
-2119
-3287
-4367
-4880
-5301
-5292
-5424
-6132
-6626
-6833
-6608
-6166
-5877
-5516
-5227
-5096
-4623
-4143
-3693
-3121
-2788
-2448
-2176
-2018
-1962
-1886
-1686
-1293
-1277
-1429
-1690
-1963
-2043
-2004
-1943
-1969
-2154
-2463
-2623
-2661
-2385
-2079
-1926
-1836
-1782
-1839
-1752
-1395
-857
-238
178
379
667
1217
1840
2547
3258
3855
4236
4705
5310
5906
6485
6999
7238
7449
7975
8472
8821
9234
9284
9318
9681
8988
7669
6867
6857
7313
6585
4168
2015
1200
1369
1413
-9
-1662
-2742
-3803
-4287
-4188
-4186
-4427
-5266
-5797
-5278
-4612
-4255
-4237
-3948
-2888
-2017
-1704
-1300
-699
172
1185
1920
2555
2887
2844
3031
3591
4338
4638
4168
3617
3422
3208
3010
2627
2077
1554
679
-48
-546
-1119
-1712
-2674
-3960
-4583
-4824
-5118
-5533
-6082
-6549
-6682
-6519
-6205
-6119
-5904
-5537
-5271
-4859
-4201
-3803
-3647
-3241
-2759
-2340
-2114
-2005
-1953
-1895
-1551
-1403
-1558
-1636
-1791
-2008
-1987
-1979
-2003
-2238
-2453
-2541
-2574
-2464
-2299
-2184
-2017
-1764
-1783
-1883
-1709
-1293
-749
-129
310
554
787
1289
1949
2784
3617
4158
4467
4872
5550
6073
6571
6914
7224
7653
8182
8500
8540
8733
9050
9421
9665
8629
7193
6419
6423
6814
5891
3610
1760
905
898
578
-805
-2119
-3070
-3934
-4280
-4330
-4502
-4823
-5406
-5516
-4849
-4294
-4180
-4148
-3700
-2547
-1671
-1178
-839
-320
471
1238
2009
2760
3062
3095
3291
3599
4135
4266
3884
3501
3321
3108
2735
2250
1602
1072
335
-293
-800
-1403
-2465
-4034
-4827
-4656
-4682
-5177
-6135
-6980
-7038
-6634
-6262
-6026
-5846
-5685
-5715
-5368
-4422
-3760
-3555
-3322
-2881
-2422
-2082
-2021
-2040
-1808
-1447
-1322
-1538
-1750
-1907
-2062
-2063
-1812
-1875
-2232
-2674
-2854
-2672
-2401
-2290
-2361
-2267
-2062
-1948
-1975
-1842
-1488
-1056
-505
113
404
716
1135
1692
2566
3422
4010
4309
4663
5274
5837
6315
6672
6999
7407
7902
8232
8362
8529
8832
9099
9199
8751
7490
6601
6366
6532
6142
4442
2295
1114
944
956
191
-1421
-2665
-3611
-4112
-4064
-4158
-4385
-4893
-5352
-5120
-4488
-4101
-3928
-3744
-3046
-2030
-1435
-986
-533
117
1020
1801
2449
2933
2945
3011
3358
3964
4360
4087
3558
3181
3032
2824
2517
2009
1319
572
-182
-701
-1159
-2164
-3510
-4464
-4555
-4495
-5087
-6065
-6845
-7035
-6574
-6127
-6136
-6088
-5928
-5794
-5304
-4476
-3782
-3587
-3428
-2969
-2514
-2154
-1935
-1934
-1798
-1396
-1269
-1394
-1557
-1717
-1850
-1849
-1704
-1766
-2152
-2478
-2603
-2511
-2224
-2124
-2196
-2122
-1949
-1815
-1771
-1622
-1306
-983
-518
71
448
776
1197
1815
2555
3274
3912
4300
4755
5404
5896
6439
7031
7201
7340
7755
8216
8796
8971
8827
8961
9116
8557
7578
6700
6380
6430
5443
3674
2129
1292
996
419
-827
-1846
-2759
-3695
-4184
-4363
-4348
-4552
-5238
-5479
-4968
-4401
-4038
-3875
-3477
-2636
-1897
-1380
-773
-140
602
1237
1922
2683
3052
3147
3275
3637
4097
4167
3916
3607
3330
2973
2586
2272
1808
1182
359
-316
-878
-1309
-2261
-3745
-4522
-4581
-4787
-5216
-5956
-6626
-6793
-6562
-6239
-6057
-5798
-5549
-5488
-5128
-4270
-3719
-3494
-3257
-2811
-2415
-2228
-2123
-1981
-1835
-1491
-1475
-1595
-1648
-1813
-2044
-2069
-1951
-1973
-2247
-2558
-2617
-2583
-2419
-2289
-2255
-2074
-1870
-1834
-1831
-1542
-1150
-771
-257
257
628
920
1305
1904
2666
3434
4097
4494
4877
5278
5664
6038
6561
7233
7429
7545
7754
7846
8300
8684
8818
8889
8112
7063
6332
6063
6286
5487
3371
1831
1163
1064
697
-747
-2213
-2883
-3473
-3630
-3883
-4225
-4545
-5235
-5263
-4484
-3973
-3742
-3802
-3634
-2601
-1721
-1127
-653
-234
425
1188
1798
2535
2871
2870
3170
3499
3977
4036
3582
3235
3083
2909
2671
2150
1567
961
191
-391
-788
-1248
-2055
-3227
-4566
-5019
-4813
-4896
-5173
-5921
-6704
-6726
-6405
-5816
-5427
-5339
-5139
-5011
-4587
-3797
-3365
-3122
-2699
-2430
-2155
-1922
-1932
-1959
-1812
-1508
-1290
-1518
-1778
-2102
-2336
-2118
-1908
-1997
-2243
-2547
-2731
-2610
-2341
-1942
-1738
-1576
-1573
-1761
-1618
-1149
-603
47
525
739
967
1305
1944
2737
3469
4040
4381
4776
5372
5907
6322
6612
7044
7562
7993
8219
8280
8252
8474
8936
9014
8277
7104
6242
6089
6114
5129
3240
1696
1073
1029
330
-1112
-2351
-3133
-3600
-3867
-4127
-4334
-4784
-5371
-5328
-4629
-4009
-3809
-3794
-3383
-2417
-1659
-1042
-527
56
802
1378
2012
2679
2923
3030
3321
3719
4119
4059
3624
3260
3063
2847
2540
2078
1501
700
-53
-596
-1028
-1460
-2083
-3136
-4034
-4490
-5427
-5819
-5470
-5509
-5777
-6327
-6788
-6508
-5856
-5210
-4815
-4753
-4352
-4122
-4160
-3304
-2597
-2423
-2274
-2247
-2153
-2156
-2042
-1902
-1892
-1658
-1706
-2270
-2496
-2434
-2513
-2436
-2287
-2375
-2579
-2838
-2777
-2428
-1964
-1495
-1510
-1705
-1609
-1369
-940
-179
511
795
950
1276
1861
2571
3417
3985
4266
4631
5146
5681
6181
6504
6830
7091
7500
8020
8281
8381
8403
8548
8687
8235
7307
6450
6119
6297
5633
3624
1924
1219
1196
990
-287
-1798
-2786
-3470
-3701
-3743
-3872
-4224
-5056
-5393
-4737
-3973
-3673
-3685
-3446
-2634
-1762
-1280
-872
-324
427
1212
1840
2510
2808
2793
2927
3421
4003
4154
3726
3211
2962
2743
2499
2104
1589
1062
245
-472
-922
-1318
-1930
-2613
-3190
-4015
-4553
-5284
-6091
-5746
-5276
-5534
-5839
-6243
-6360
-5837
-5104
-4371
-4149
-4134
-3817
-3919
-3476
-2399
-2209
-2285
-2101
-2105
-2229
-2207
-2058
-2008
-1997
-1825
-2149
-2634
-2625
-2742
-2764
-2385
-2296
-2551
-2831
-2852
-2462
-2049
-1512
-1235
-1464
-1538
-1342
-957
-150
717
1040
1092
1303
1781
2524
3349
3932
4247
4521
5055
5603
6149
6493
6675
6806
7159
7669
8027
8031
8063
8157
8480
8462
7528
6348
5696
5747
5704
4615
2728
1249
652
482
17
-965
-2043
-3079
-3756
-3931
-3893
-3888
-4326
-4807
-4716
-4131
-3688
-3532
-3330
-2721
-1921
-1233
-772
-285
263
886
1586
2255
2896
3021
2926
3042
3438
3815
3787
3503
3057
2647
2229
1962
1549
1109
497
-298
-895
-1329
-1824
-2429
-2954
-3643
-4295
-5074
-5890
-5861
-5343
-5298
-5663
-6177
-6418
-5986
-5302
-4621
-4231
-4226
-4082
-3940
-3522
-2733
-2368
-2406
-2332
-2250
-2210
-2136
-2137
-2110
-2121
-2044
-2149
-2480
-2659
-2730
-2812
-2606
-2382
-2488
-2723
-2867
-2570
-2156
-1667
-1358
-1485
-1576
-1449
-1005
-377
316
760
894
1117
1635
2252
2842
3430
4092
4638
5089
5538
5739
6035
6477
6906
7279
7620
7801
7958
8138
8389
8867
8682
7564
6430
5839
6136
6365
5236
3116
1368
617
695
485
-356
-1633
-3046
-3885
-3920
-3767
-3785
-4343
-4938
-4894
-4371
-3877
-3683
-3584
-3073
-2195
-1457
-835
-552
-198
450
1292
2132
2778
2862
2730
2760
3225
3801
3924
3626
3158
2676
2389
2189
1864
1376
680
-32
-582
-1005
-1510
-2146
-2805
-3034
-3600
-4388
-5131
-6040
-5884
-5085
-5073
-5328
-5876
-6420
-5846
-4986
-4171
-3811
-4001
-3984
-3849
-3438
-2492
-2216
-2373
-2334
-2331
-2346
-2226
-2197
-2158
-2225
-2075
-2065
-2509
-2746
-2877
-2946
-2588
-2238
-2312
-2570
-2803
-2581
-2046
-1406
-1000
-1188
-1334
-1109
-743
-143
546
952
1148
1319
1824
2435
2941
3524
4097
4613
5154
5543
5697
6083
6480
6686
7061
7280
7484
7817
7899
8137
8342
7677
6720
5976
5572
5915
5650
4116
2201
676
401
583
84
-901
-2307
-3600
-3972
-3999
-3780
-3735
-4296
-4766
-4777
-4300
-3703
-3503
-3148
-2548
-1913
-1186
-760
-460
102
857
1603
2431
2786
2734
2614
2793
3419
3859
3825
3372
2761
2321
2160
1905
1577
1082
391
-242
-831
-1315
-1726
-2283
-2732
-2919
-3552
-4283
-5110
-5907
-5527
-4791
-4697
-5007
-5675
-6121
-5653
-4711
-3711
-3381
-3630
-3684
-3740
-3286
-2331
-1985
-2117
-2131
-2156
-2200
-2171
-2077
-2065
-2114
-1917
-2003
-2478
-2652
-2770
-2777
-2331
-2004
-2125
-2482
-2638
-2316
-1754
-1130
-762
-986
-1194
-1017
-619
62
810
1256
1357
1552
1903
2476
3137
3923
4536
4805
5139
5480
5822
6198
6477
6724
7118
7520
7840
7924
7823
8087
8358
7802
6841
5943
5669
5912
5430
3733
1905
768
643
638
-67
-1160
-2562
-3665
-3997
-3917
-3640
-3735
-4424
-4888
-4742
-4090
-3578
-3338
-2966
-2337
-1744
-1157
-635
-195
461
1099
1847
2507
2849
2794
2756
3028
3558
3847
3688
3330
2791
2435
2150
1889
1610
1067
276
-468
-976
-1365
-1798
-2307
-2647
-2967
-3277
-3617
-4011
-4170
-4315
-4587
-5250
-5504
-4986
-4403
-4143
-4255
-4573
-4678
-4178
-3396
-2848
-2656
-2704
-2960
-3036
-2519
-1978
-1962
-2218
-2369
-2505
-2569
-2547
-2570
-2643
-2612
-2567
-2679
-2790
-2803
-2791
-2560
-2069
-1623
-1507
-1497
-1425
-1178
-875
-349
46
181
462
707
1038
1588
2158
2537
2866
3343
3839
4290
4684
5050
5490
5947
6461
6708
6677
6913
7292
7680
8242
8475
8307
7498
6459
5892
6043
6374
5956
3929
1719
734
855
1075
332
-1241
-2642
-3537
-3878
-3847
-3814
-3937
-4347
-4940
-4754
-4147
-3827
-3558
-3338
-2531
-1651
-1137
-929
-630
21
991
1808
2385
2707
2575
2530
2826
3448
3884
3696
3132
2696
2431
2265
2013
1526
1036
399
-283
-778
-1253
-1746
-2306
-2690
-2881
-3064
-3560
-4474
-5421
-5778
-5171
-4399
-4269
-4856
-5607
-5744
-5061
-4070
-3333
-3249
-3456
-3525
-3382
-2796
-2117
-1999
-2092
-2118
-2070
-2151
-2225
-2297
-2299
-2140
-1991
-2223
-2683
-2953
-3019
-2751
-2306
-2051
-2172
-2469
-2467
-2115
-1607
-1037
-818
-949
-946
-827
-382
246
873
1291
1558
1916
2354
2821
3320
3907
4591
5062
5374
5598
5829
6301
6722
6915
7274
7638
7861
8003
8002
8157
7493
6475
6046
6009
6209
5546
3370
1329
714
1016
1111
73
-1602
-3013
-3887
-3913
-3536
-3465
-3760
-4684
-5373
-4936
-4068
-3463
-3311
-3152
-2519
-1823
-1333
-869
-349
357
1222
1847
2392
2663
2497
2537
2953
3615
4000
3659
3012
2535
2266
2243
2032
1617
1104
305
-474
-895
-1269
-1694
-2150
-2619
-2837
-3112
-3518
-4205
-4825
-5069
-5048
-4613
-4126
-4336
-4841
-5171
-4969
-4071
-3245
-2950
-3116
-3342
-3172
-2775
-2323
-1829
-1793
-2124
-2199
-2210
-2196
-2141
-2161
-2232
-2259
-2325
-2571
-2881
-2930
-2714
-2488
-2183
-2123
-2301
-2356
-2175
-1596
-955
-631
-564
-683
-634
-200
329
972
1562
1893
2071
2291
2769
3387
4059
4600
4910
5191
5676
6083
6189
6432
6822
7227
7665
7873
7866
7856
7947
7675
6865
6204
5987
6098
5728
4211
2085
949
1008
1232
632
-810
-2324
-3237
-3590
-3461
-3214
-3415
-3917
-4626
-4683
-3959
-3325
-3080
-2873
-2381
-1620
-1036
-809
-401
214
1015
1821
2328
2685
2656
2489
2694
3309
3863
3847
3262
2620
2293
2115
1991
1789
1236
511
-312
-847
-1179
-1555
-1991
-2404
-2735
-2964
-3181
-3821
-4520
-4984
-4989
-4503
-4030
-4071
-4678
-5134
-4929
-4129
-3285
-2926
-3019
-3163
-3138
-2918
-2412
-1946
-1835
-1972
-2108
-2160
-2241
-2230
-2240
-2209
-2223
-2272
-2488
-2866
-2956
-2840
-2609
-2246
-2161
-2255
-2374
-2244
-1776
-1247
-807
-611
-647
-654
-360
139
791
1335
1654
1831
2072
2445
2964
3522
4020
4493
4925
5351
5704
5857
6183
6662
6981
7216
7264
7438
7645
7919
7889
7025
6101
5549
5522
5664
4958
3026
1340
608
676
651
-244
-1658
-2795
-3545
-3620
-3518
-3586
-3816
-4309
-4684
-4329
-3712
-3355
-3238
-2923
-2161
-1344
-802
-601
-270
337
1223
1906
2441
2643
2583
2549
2838
3369
3662
3405
2893
2440
2046
1983
1653
1228
659
-21
-552
-1046
-1486
-1913
-2362
-2693
-2869
-3039
-3379
-4077
-4573
-4805
-4862
-4577
-4148
-4094
-4418
-4762
-4720
-4098
-3275
-2818
-2819
-3037
-3014
-2770
-2447
-2073
-1828
-2043
-2204
-2352
-2409
-2322
-2353
-2379
-2426
-2519
-2614
-2884
-2995
-2829
-2630
-2354
-2218
-2139
-2125
-1985
-1640
-1190
-715
-553
-564
-540
-234
270
876
1393
1732
1929
2153
2697
3430
4095
4488
4642
5013
5511
5899
6240
6570
6751
7023
7316
7509
7711
7923
7754
7049
6317
5855
5862
5910
5083
3155
1239
562
789
904
51
-1571
-2959
-3657
-3644
-3478
-3391
-3693
-4326
-4775
-4463
-3727
-3219
-3048
-2843
-2222
-1411
-845
-555
-218
499
1349
1985
2526
2753
2683
2650
2963
3552
3921
3659
3025
2540
2294
2181
1957
1569
940
241
-411
-887
-1249
-1689
-2078
-2470
-2741
-2853
-3162
-3690
-4264
-4842
-4593
-3886
-3790
-3989
-4384
-4770
-4236
-3429
-2920
-2782
-2920
-2936
-2894
-2664
-1924
-1722
-1964
-1991
-2167
-2195
-2147
-2211
-2332
-2326
-2285
-2355
-2645
-2828
-2816
-2769
-2510
-2121
-2156
-2317
-2267
-1969
-1385
-915
-533
-536
-580
-337
-63
463
1143
1544
1711
1947
2204
2663
3231
3792
4396
4770
5085
5399
5632
5978
6301
6604
6987
7273
7273
7257
7511
7817
7321
6351
5666
5559
5689
5230
3513
1642
786
753
832
250
-1005
-2445
-3570
-3786
-3337
-3089
-3349
-4060
-4808
-4567
-3729
-3154
-2873
-2784
-2329
-1729
-1099
-550
-131
361
1000
1687
2326
2740
2648
2515
2774
3367
3758
3668
3097
2562
2218
2047
1990
1642
1080
378
-313
-741
-1061
-1473
-1929
-2348
-2526
-2675
-3007
-3280
-3508
-3835
-4012
-4132
-4168
-3974
-3765
-3724
-3762
-3757
-3536
-3221
-2859
-2561
-2547
-2613
-2479
-2344
-2228
-1997
-2003
-2193
-2325
-2336
-2362
-2518
-2533
-2518
-2624
-2678
-2708
-2819
-2816
-2674
-2504
-2275
-2042
-1776
-1686
-1447
-1048
-727
-454
-321
-133
89
546
1046
1483
1807
2121
2380
2711
3324
3924
4328
4656
4965
5263
5757
6093
6306
6593
6874
7150
7413
7579
7762
7422
6539
5785
5537
5851
5950
4724
2620
954
535
846
768
-131
-1507
-2979
-3789
-3782
-3391
-3172
-3529
-4254
-4562
-4246
-3711
-3263
-3020
-2461
-1833
-1266
-829
-543
-163
511
1371
2244
2750
2676
2442
2435
2901
3597
3850
3580
2941
2290
1993
1857
1790
1521
871
85
-568
-969
-1333
-1711
-2080
-2335
-2542
-2914
-3189
-3447
-3590
-3330
-3681
-4091
-4107
-4111
-3737
-3330
-3400
-3413
-3385
-3276
-2834
-2592
-2371
-2347
-2637
-2401
-2152
-2182
-2113
-2279
-2523
-2496
-2468
-2535
-2718
-2807
-2825
-2922
-2823
-2701
-2818
-2838
-2659
-2375
-1954
-1687
-1541
-1343
-1112
-645
-285
-140
6
156
443
973
1543
1877
2121
2241
2574
3168
3854
4419
4699
4787
5134
5595
5958
6327
6567
6778
6956
7195
7339
7519
7407
6571
5741
5467
5676
5769
4684
2728
1102
545
802
903
81
-1353
-2833
-3785
-3699
-3179
-2992
-3404
-4174
-4697
-4346
-3627
-3065
-2818
-2501
-1941
-1425
-961
-521
-66
551
1311
2027
2587
2688
2435
2404
2847
3556
3868
3580
2951
2361
1956
1901
1911
1629
1057
229
-487
-906
-1234
-1503
-1841
-2166
-2407
-2720
-3020
-3227
-3305
-3479
-3615
-3724
-3866
-3739
-3550
-3462
-3377
-3314
-3228
-2999
-2718
-2446
-2337
-2417
-2290
-2185
-2101
-1977
-2016
-2270
-2330
-2345
-2373
-2400
-2522
-2631
-2780
-2769
-2673
-2662
-2714
-2639
-2510
-2205
-1903
-1719
-1522
-1315
-922
-545
-259
-66
58
203
542
1105
1560
1974
2176
2381
2740
3185
3797
4324
4609
4785
5085
5490
5765
5921
6231
6484
6812
7140
7149
7275
7227
6556
5888
5533
5561
5588
4902
3215
1548
757
909
1029
366
-880
-2396
-3373
-3441
-3129
-2876
-3066
-3698
-4382
-4359
-3782
-3164
-2776
-2439
-2018
-1616
-1119
-764
-332
323
1166
1858
2301
2422
2325
2304
2690
3326
3618
3419
2847
2291
1917
1898
1904
1655
1087
364
-357
-808
-1055
-1320
-1732
-2089
-2269
-2587
-2876
-3347
-3981
-4302
-4106
-3599
-3456
-3824
-4295
-4531
-4149
-3362
-2844
-2744
-2826
-3029
-3016
-2627
-2097
-1781
-1926
-2116
-2177
-2236
-2239
-2204
-2280
-2251
-2208
-2404
-2675
-2863
-2857
-2787
-2512
-2267
-2256
-2389
-2370
-2147
-1599
-1047
-749
-616
-633
-586
-319
129
742
1197
1436
1650
1937
2314
2800
3390
3817
4226
4582
5016
5291
5516
5822
6127
6459
6677
6840
6983
7031
7175
7249
6658
5948
5309
4982
5181
4809
3484
1726
459
361
505
99
-821
-2175
-3243
-3437
-3438
-3280
-3327
-3783
-4159
-4065
-3575
-3080
-2939
-2660
-2049
-1484
-864
-472
-289
176
887
1532
2228
2511
2431
2261
2409
2912
3324
3282
2907
2360
1918
1768
1559
1345
905
327
-257
-792
-1139
-1486
-1990
-2257
-2432
-2609
-2850
-3625
-4307
-4482
-4290
-3745
-3402
-3797
-4269
-4444
-4215
-3462
-2844
-2540
-2642
-2959
-2856
-2525
-2204
-1858
-1808
-1998
-2101
-2202
-2263
-2300
-2283
-2209
-2266
-2336
-2551
-2881
-2958
-2792
-2448
-2213
-2204
-2350
-2382
-2188
-1664
-1082
-718
-652
-821
-808
-452
208
863
1396
1555
1622
1831
2296
3042
3688
4122
4297
4309
4604
5125
5635
5933
6034
5973
6126
6415
6679
6859
6864
6864
6562
5824
5158
4775
4887
4812
3898
2411
919
278
339
298
-121
-1167
-2483
-3223
-3442
-3090
-2804
-3110
-3586
-3793
-3647
-3137
-2808
-2476
-1957
-1555
-1065
-614
-295
67
510
1118
1868
2318
2372
2216
2176
2506
2955
3147
3028
2606
2065
1690
1462
1405
1133
612
27
-539
-955
-1353
-1686
-1979
-2149
-2337
-2554
-3037
-4047
-4455
-4282
-3929
-3325
-3310
-4024
-4438
-4461
-3858
-2945
-2489
-2346
-2793
-3174
-2759
-2332
-1931
-1651
-1812
-2082
-2169
-2204
-2247
-2322
-2162
-2087
-2218
-2304
-2607
-2916
-2829
-2513
-2145
-1944
-2011
-2131
-2165
-1764
-1132
-725
-517
-549
-647
-500
87
730
1275
1520
1665
1895
2218
2778
3344
3823
4175
4518
4778
4954
5219
5486
5778
6096
6145
6158
6332
6563
6860
6999
6528
5630
4881
4673
4955
4897
4108
2739
1191
380
366
434
131
-813
-2135
-2980
-3045
-2847
-2804
-3042
-3331
-3420
-3306
-3129
-2804
-2455
-2086
-1593
-1064
-569
-355
-249
122
965
1712
2161
2191
2024
1989
2134
2544
2926
2949
2508
1936
1553
1401
1302
1069
618
78
-393
-852
-1251
-1592
-1805
-2030
-2263
-2615
-3327
-4095
-4298
-4051
-3594
-3350
-3712
-4325
-4507
-4191
-3588
-3017
-2705
-2803
-3160
-3130
-2670
-2289
-2018
-1950
-2062
-2140
-2192
-2252
-2254
-2259
-2148
-2147
-2303
-2487
-2684
-2841
-2715
-2384
-2103
-2107
-2280
-2305
-2142
-1649
-1090
-791
-802
-908
-920
-657
-78
557
987
1164
1314
1534
1962
2533
3002
3447
3876
4187
4340
4523
4806
5133
5509
5806
5957
5908
5830
5879
6199
6623
6794
6217
5035
4263
4203
4627
4780
3976
2607
1286
421
137
169
116
-352
-1440
-2553
-2928
-2946
-2769
-2739
-2907
-2838
-2837
-2985
-2950
-2539
-1907
-1304
-917
-613
-485
-449
-119
505
1365
1930
1877
1638
1583
1683
2086
2356
2439
2267
1738
1207
998
895
751
507
141
-273
-700
-1262
-1654
-1808
-1825
-1933
-2392
-3291
-4067
-3949
-3614
-3378
-3250
-3777
-4359
-4331
-3972
-3422
-2975
-2837
-2924
-3210
-2997
-2556
-2500
-2296
-2108
-2209
-2252
-2292
-2392
-2418
-2315
-2142
-2181
-2331
-2435
-2681
-2739
-2396
-2103
-1979
-1952
-2130
-2116
-1835
-1365
-927
-736
-681
-790
-735
-337
270
710
1020
1236
1495
1688
2171
2660
3024
3456
3707
4020
4376
4738
4930
5047
5259
5429
5598
5765
5830
5800
5874
6096
6263
5962
5215
4395
4043
4290
4390
3867
2708
1659
803
174
127
137
-74
-924
-2082
-2824
-2728
-2334
-2162
-2382
-2677
-2707
-2846
-2648
-2083
-1617
-1250
-1030
-834
-517
-192
45
477
1004
1572
1733
1516
1520
1546
1779
2035
2177
2046
1586
1056
753
714
664
473
7
-490
-887
-1255
-1665
-1952
-2328
-2744
-2996
-3071
-3422
-3813
-3993
-4075
-3920
-3721
-3644
-3728
-3751
-3628
-3447
-3076
-2615
-2486
-2626
-2626
-2417
-2284
-2128
-1987
-1959
-2012
-2012
-2026
-2138
-2188
-2237
-2224
-2213
-2175
-2225
-2394
-2392
-2256
-1986
-1767
-1659
-1563
-1444
-1254
-1061
-903
-688
-388
-101
263
628
866
1113
1479
1943
2473
2786
3155
3378
3683
4079
4317
4682
4978
5156
5234
5340
5510
5697
5836
5871
5751
5917
6028
5457
4751
4240
4057
4272
3905
2971
2100
1226
615
218
-116
-129
-678
-1655
-2339
-2647
-2562
-2384
-2481
-2542
-2497
-2634
-2635
-2439
-1916
-1411
-1106
-851
-583
-445
-193
136
637
1234
1436
1479
1400
1396
1607
1690
1812
1875
1678
1183
778
528
470
433
36
-300
-627
-1091
-1537
-2050
-2429
-2614
-2755
-2907
-3301
-3680
-3973
-4165
-3953
-3632
-3556
-3584
-3709
-3735
-3589
-3193
-2764
-2567
-2598
-2588
-2592
-2484
-2202
-2118
-2046
-2050
-2089
-2133
-2261
-2304
-2312
-2273
-2219
-2174
-2304
-2418
-2382
-2332
-2108
-1854
-1652
-1527
-1450
-1310
-1123
-976
-751
-461
-223
107
403
642
965
1343
1713
2147
2577
2850
3009
3301
3766
4216
4573
4788
4750
4636
4811
5155
5420
5569
5462
5346
5446
5738
5657
4902
4101
3788
3936
4052
3558
2525
1590
952
488
219
187
-104
-907
-1862
-2296
-2262
-2024
-2122
-2351
-2504
-2445
-2420
-2391
-2128
-1675
-1394
-1128
-805
-521
-363
-229
140
749
1220
1324
1221
1097
1203
1451
1686
1747
1609
1261
875
626
574
479
279
4
-407
-851
-1318
-1676
-1754
-2155
-2874
-2926
-3007
-3146
-3206
-3730
-4090
-3914
-3611
-3355
-3387
-3390
-3433
-3641
-3214
-2514
-2448
-2500
-2541
-2619
-2419
-2193
-2082
-2124
-2136
-2027
-2138
-2283
-2172
-2266
-2380
-2242
-2089
-2103
-2246
-2318
-2265
-2048
-1671
-1399
-1377
-1319
-1207
-1075
-783
-386
-85
74
278
628
920
1242
1745
2119
2466
2801
2959
3097
3429
3952
4403
4668
4656
4579
4370
4551
5105
5365
5372
5167
4951
4994
5261
5143
4480
3941
3664
3680
3689
3038
2060
1228
740
610
378
-20
-523
-1332
-1965
-1996
-1852
-1867
-2120
-2504
-2529
-2311
-2056
-2000
-1864
-1633
-1427
-1057
-699
-434
-319
-214
116
623
1027
1128
1029
947
1119
1372
1482
1444
1240
916
660
562
521
333
-36
-412
-765
-1013
-1358
-1858
-2199
-2344
-2559
-2769
-3033
-3264
-3425
-3656
-3631
-3437
-3327
-3246
-3398
-3474
-3240
-2947
-2756
-2569
-2485
-2392
-2445
-2396
-2147
-2116
-2110
-2118
-2150
-2076
-2126
-2249
-2225
-2224
-2189
-2158
-2276
-2252
-2227
-2210
-2008
-1772
-1562
-1404
-1300
-1174
-972
-735
-487
-272
24
365
686
983
1260
1667
1995
2296
2660
3045
3311
3684
3944
4130
4450
4581
4575
4645
4850
5018
5182
5145
5044
4968
5164
5210
4768
4153
3648
3378
3219
3081
2713
1933
983
277
-79
-156
-207
-698
-1491
-1992
-2144
-2234
-2257
-2157
-2116
-2194
-2290
-2224
-1935
-1610
-1363
-1118
-798
-407
-326
-284
61
505
861
1046
1103
1141
1026
1010
1126
1239
1273
1059
694
434
226
100
-96
-216
-521
-933
-1255
-1514
-1891
-2208
-2283
-2474
-2656
-2879
-3099
-3262
-3292
-3317
-3241
-3108
-2976
-3007
-3151
-3040
-2747
-2597
-2454
-2402
-2362
-2405
-2434
-2316
-2176
-2088
-2089
-2168
-2298
-2271
-2308
-2316
-2256
-2192
-2239
-2384
-2306
-2197
-2121
-1985
-1819
-1595
-1392
-1196
-1013
-846
-762
-578
-338
-4
365
662
961
1200
1520
1842
2252
2528
2815
3093
3303
3629
3816
3957
4081
4202
4356
4431
4505
4614
4677
4681
4702
4646
4725
4569
3992
3582
3253
3291
3293
2830
2085
1431
839
615
428
52
-237
-679
-1130
-1405
-1608
-1653
-1652
-1738
-1732
-1785
-1764
-1599
-1514
-1351
-1022
-817
-566
-518
-348
-90
157
385
686
845
878
800
799
913
995
1001
881
681
504
347
128
-67
-289
-422
-632
-875
-1301
-1840
-2068
-2006
-1976
-2216
-2665
-3013
-3057
-2987
-2924
-2854
-2874
-3019
-3077
-2970
-2713
-2551
-2451
-2412
-2375
-2259
-2231
-2250
-2129
-1972
-1922
-1930
-1971
-2073
-2120
-2026
-1938
-1886
-1830
-1876
-1987
-1959
-1763
-1591
-1488
-1320
-1179
-1041
-860
-666
-529
-401
-220
-56
227
581
831
1058
1301
1622
1946
2263
2554
2816
3046
3251
3521
3843
4083
4069
4083
4174
4282
4465
4368
4261
4321
4533
4611
4645
4181
3470
3109
3042
3334
3227
2665
1888
1044
802
863
757
604
58
-680
-1005
-1194
-1071
-946
-1212
-1297
-1511
-1609
-1476
-1456
-1299
-1044
-941
-742
-570
-645
-585
-531
-206
193
266
265
56
-70
23
146
246
364
62
-293
-591
-764
-730
-808
-1034
-1337
-1702
-1941
-2114
-2280
-2352
-2465
-2628
-2698
-2874
-3026
-3023
-2956
-2788
-2597
-2568
-2542
-2626
-2555
-2323
-2165
-1962
-1908
-1931
-1943
-1953
-1815
-1672
-1670
-1624
-1637
-1770
-1777
-1761
-1690
-1604
-1591
-1573
-1583
-1570
-1401
-1217
-1057
-860
-802
-790
-791
-638
-308
83
457
707
747
994
1290
1676
2085
2399
2681
2952
3200
3376
3569
3811
4156
4266
4265
4128
4119
4143
4321
4311
3770
3483
3466
3210
3136
2919
2390
2012
1750
1559
1354
1058
669
277
-52
11
-199
-455
-539
-773
-1051
-927
-840
-715
-766
-866
-765
-645
-536
-372
-353
-335
-207
-198
-54
41
63
25
-28
94
46
-131
-297
-484
-474
-553
-753
-922
-1143
-1337
-1530
-1586
-1730
-1874
-2058
-2167
-2251
-2322
-2363
-2493
-2478
-2445
-2470
-2538
-2633
-2629
-2473
-2388
-2308
-2202
-2253
-2299
-2299
-2187
-2033
-1985
-1973
-2067
-2074
-1940
-1950
-1912
-1837
-1886
-1911
-1859
-1790
-1690
-1621
-1531
-1375
-1198
-1003
-860
-811
-728
-611
-414
-168
8
211
346
551
786
987
1201
1514
1693
1861
2029
2141
2288
2300
2384
2556
2674
2806
2985
2979
2885
2838
2871
2964
3172
3321
3228
3164
2993
2700
2623
2682
2666
2582
2229
1808
1531
1379
1313
1209
941
709
430
127
107
90
-28
-163
-354
-385
-389
-466
-491
-464
-412
-286
-249
-219
-262
-353
-287
-174
-45
-7
-69
-111
-200
-294
-256
-253
-320
-429
-598
-793
-908
-1099
-1213
-1315
-1398
-1558
-1746
-1979
-2143
-2255
-2290
-2267
-2306
-2476
-2648
-2735
-2687
-2546
-2422
-2370
-2421
-2438
-2372
-2236
-2173
-2011
-1951
-1982
-1938
-1856
-1909
-1879
-1790
-1710
-1658
-1627
-1612
-1602
-1586
-1538
-1341
-1198
-1067
-1007
-938
-915
-841
-774
-698
-564
-435
-268
-136
11
153
300
517
722
920
1156
1295
1431
1604
1783
2066
2164
2221
2318
2335
2422
2591
2637
2679
2733
2640
2550
2647
2709
2699
2727
2669
2601
2416
2225
2094
2077
2076
1932
1652
1422
1183
997
878
872
932
765
555
424
290
218
154
112
183
231
181
73
-83
-137
-108
-46
88
61
-70
-286
-345
-196
-83
-42
-190
-329
-402
-482
-503
-502
-546
-633
-920
-1060
-1082
-1161
-1281
-1351
-1391
-1495
-1599
-1717
-1746
-1799
-1856
-1889
-1864
-1900
-1865
-1996
-2076
-2033
-1968
-1874
-1793
-1823
-1874
-1908
-1912
-1774
-1646
-1629
-1632
-1619
-1554
-1471
-1433
-1369
-1318
-1251
-1164
-1098
-926
-814
-800
-743
-751
-671
-597
-536
-455
-410
-290
-163
-82
40
111
204
415
576
777
873
953
1069
1228
1439
1568
1602
1558
1599
1678
1869
2048
1928
1855
1809
1888
2093
2157
2245
2184
2035
1937
1933
2083
2252
2280
2190
1913
1736
1742
1896
2010
1906
1614
1309
1150
1295
1388
1340
1160
939
812
824
862
817
710
575
502
461
358
231
205
142
81
88
29
-70
-145
-212
-217
-274
-335
-368
-459
-604
-634
-667
-654
-662
-813
-970
-1082
-1172
-1194
-1187
-1212
-1275
-1331
-1361
-1438
-1490
-1479
-1455
-1445
-1403
-1383
-1454
-1460
-1454
-1383
-1275
-1247
-1197
-1265
-1304
-1208
-1123
-962
-891
-857
-865
-837
-765
-641
-504
-405
-383
-392
-355
-303
-231
-191
-86
-78
9
162
262
378
507
672
810
1005
1097
1192
1280
1350
1496
1606
1645
1676
1694
1699
1857
1987
2118
2186
2167
2221
2236
2321
2512
2524
2444
2365
2296
2308
2411
2465
2382
2306
2224
2181
2202
2254
2220
2130
2044
1948
1901
1748
1643
1458
1337
1333
1304
1199
942
696
676
733
739
778
624
400
163
93
206
275
246
88
-49
-228
-312
-268
-201
-132
-151
-308
-480
-597
-665
-579
-472
-455
-562
-789
-993
-1078
-1014
-907
-824
-990
-1184
-1237
-1244
-1226
-1211
-1116
-1137
-1140
-1166
-1135
-1189
-1239
-1112
-971
-849
-824
-862
-978
-912
-799
-685
-525
-489
-478
-528
-481
-385
-282
-200
-166
-176
-150
-98
-32
104
219
345
382
398
509
545
637
786
954
991
1044
1078
1135
1175
1204
1274
1320
1364
1396
1480
1451
1567
1592
1684
1798
1764
1808
1812
1839
1877
1933
1859
1827
1827
1830
1838
1832
1821
1731
1681
1714
1683
1627
1605
1548
1494
1390
1356
1297
1218
1129
972
915
850
735
673
629
579
596
523
471
484
357
360
407
422
455
390
298
258
225
163
179
145
86
-19
-71
-85
-169
-212
-322
-375
-335
-330
-419
-517
-625
-738
-766
-734
-756
-827
-889
-1003
-1062
-1011
-957
-891
-849
-870
-888
-917
-818
-714
-712
-696
-659
-713
-659
-611
-607
-546
-469
-449
-457
-468
-510
-496
-470
-402
-332
-311
-247
-257
-194
-144
-102
32
139
160
194
284
400
479
579
662
711
784
869
923
1009
1004
999
1041
1087
1209
1203
1187
1215
1310
1371
1460
1484
1491
1400
1434
1429
1466
1577
1572
1467
1356
1400
1359
1495
1471
1336
1235
1173
1219
1262
1226
1128
1031
937
952
926
918
844
748
736
692
618
543
525
472
496
566
478
387
338
297
334
263
250
218
82
0
-66
-22
-53
-121
-211
-249
-333
-302
-303
-314
-363
-430
-455
-505
-487
-532
-566
-567
-542
-530
-540
-587
-664
-654
-595
-559
-514
-541
-535
-544
-521
-449
-399
-377
-388
-406
-369
-374
-374
-343
-311
-340
-288
-270
-290
-296
-293
-216
-215
-159
-87
-66
-3
7
72
149
159
240
300
372
388
423
424
455
478
504
529
568
591
567
528
502
578
639
650
642
641
645
689
714
719
716
696
702
758
768
761
736
807
877
871
879
915
845
800
793
804
842
858
846
739
692
667
628
660
698
745
735
633
586
545
521
494
503
483
402
355
296
302
289
300
239
192
119
46
10
35
-66
-54
-52
-109
-97
-107
-121
-229
-268
-295
-239
-197
-189
-226
-310
-333
-340
-271
-280
-219
-261
-323
-281
-258
-215
-166
-148
-176
-152
-186
-169
-189
-165
-116
-87
-71
-58
-109
-127
-106
-47
78
78
37
36
81
99
179
205
247
245
196
274
281
336
381
403
424
369
352
396
372
428
489
494
476
458
478
484
471
496
480
502
490
413
377
365
414
484
491
435
386
351
403
484
527
569
544
466
459
479
502
438
383
363
311
287
227
218
173
197
288
288
323
273
192
173
174
285
252
165
108
69
53
-32
-58
-21
-23
-100
-126
-122
-122
-124
-124
-199
-206
-204
-250
-254
-280
-288
-342
-330
-284
-287
-331
-411
-398
-332
-322
-299
-312
-308
-288
-338
-336
-278
-222
-279
-281
-250
-226
-220
-167
-173
-158
-75
-61
-67
-52
-40
-22
16
12
33
-14
-83
-96
-45
-40
-41
-47
-1
-4
-21
-67
-67
-38
-55
9
33
42
-3
-14
-15
74
135
104
115
88
140
152
130
128
148
94
136
111
128
135
54
32
48
77
46
63
41
34
56
57
47
28
15
13
-14
-46
-50
14
33
37
52
16
-3
17
-8
3
-9
-17
2
-42
-100
-126
-129
-94
-53
-55
-107
-72
-16
-9
39
12
-3
-30
-51
-76
-47
0
-44
-101
-32
9
-32
3
7
-32
-40
19
89
100
86
82
22
58
126
86
108
111
125
170
173
148
125
171
154
225
257
261
204
134
155
194
247
279
260
213
234
258
315
355
300
339
335
342
369
361
400
357
330
342
330
309
296
264
272
312
380
433
358
350
336
294
331
372
425
393
348
369
352
397
363
341
360
359
383
354
309
315
340
324
295
317
345
329
310
341
294
298
305
394
404
351
371
358
331
267
315
316
315
315
313
317
251
264
278
270
258
232
209
193
184
194
151
143
153
147
98
118
121
157
159
138
117
58
61
146
140
83
118
94
104
105
123
109
104
120
141
137
92
63
93
95
113
145
83
29
-48
-38
52
53
69
95
103
72
131
165
146
94
113
171
134
109
109
84
117
163
156
174
155
140
172
213
241
293
278
291
306
320
346
301
289
301
329
377
393
355
330
328
328
354
356
367
377
299
310
306
287
266
272
220
213
239
244
300
223
210
178
199
249
259
232
238
193
200
271
212
150
153
154
147
122
166
154
72
61
71
38
86
69
26
12
-12
1
-2
-34
-22
-33
-60
-112
-123
-93
-137
-134
-136
-105
-74
-63
-54
-100
-117
-77
-26
-24
-43
-55
-116
-161
-138
-56
-77
-115
-167
-201
-185
-169
-163
-141
-210
-202
-203
-200
-132
-159
-158
-182
-189
-139
-97
-122
-144
-164
-177
-217
-208
-182
-171
-186
-193
-178
-195
-145
-142
-126
-137
-104
-104
-91
-84
-152
-131
-165
-177
-155
-150
-176
-128
-82
-64
-111
-142
-131
-164
-104
-73
-59
-29
-31
-40
-98
-114
-56
-37
-10
6
5
-53
-19
-17
-48
-4
17
14
2
15
-34
-49
-6
7
23
-11
-7
-24
-14
19
14
-48
-87
-26
-52
-52
-63
-90
-120
-155
-128
-121
-132
-147
-178
-230
-228
-171
-167
-218
-258
-268
-319
-295
-333
-366
-320
-300
-297
-340
-379
-372
-393
-367
-313
-343
-351
-394
-407
-401
-432
-427
-382
-379
-371
-358
-410
-429
-427
-445
-415
-402
-425
-470
-505
-497
-491
-492
-455
-380
-384
-403
-370
-330
-365
-361
-331
-312
-291
-309
-315
-303
-339
-335
-323
-224
-224
-257
-268
-262
-250
-222
-182
-178
-142
-192
-141
-117
-156
-161
-163
-161
-134
-127
-165
-136
-166
-170
-159
-106
-92
-82
-94
-109
-95
-82
-67
-77
-42
-62
-59
-59
-94
-81
-123
-110
-62
-55
-28
-75
-122
-139
-170
-125
-121
-86
-87
-93
-157
-181
-181
-173
-99
-74
-78
-92
-173
-212
-220
-237
-190
-200
-142
-102
-196
-175
-172
-222
-186
-149
-103
-115
-160
-184
-244
-268
-240
-196
-226
-249
-291
-314
-333
-339
-327
-313
-313
-328
-380
-352
-322
-320
-344
-322
-282
-314
-310
-378
-397
-372
-343
-345
-297
-251
-292
-351
-385
-339
-332
-291
-317
-334
-360
-393
-354
-390
-374
-360
-335
-313
-281
-277
-315
-322
-295
-251
-195
-211
-235
-216
-189
-187
-193
-198
-193
-234
-222
-165
-157
-133
-136
-179
-148
-138
-126
-154
-155
-181
-199
-147
-141
-165
-199
-134
-172
-149
-121
-170
-158
-110
-176
-178
-202
-201
-207
-203
-207
-220
-206
-250
-244
-279
-220
-207
-232
-211
-181
-244
-232
-204
-239
-216
-253
-289
-292
-295
-271
-318
-344
-321
-338
-324
-321
-353
-387
-378
-381
-367
-371
-363
-373
-368
-389
-403
-446
-410
-398
-388
-372
-385
-375
-370
-366
-420
-374
-378
-342
-358
-346
-299
-301
-331
-345
-291
-341
-315
-305
-301
-258
-260
-274
-297
-273
-245
-265
-275
-255
-218
-235
-240
-238
-235
-219
-226
-200
-202
-166
-172
-169
-127
-78
-87
-75
-59
-50
-27
46
-56
-51
-17
-14
29
-8
27
24
62
80
97
49
64
126
105
84
98
104
41
74
68
75
109
78
73
63
65
51
70
57
33
83
52
35
35
23
-19
30
30
0
26
-27
-28
-18
-22
-46
16
-21
-58
1
-64
-45
-19
0
11
-37
-29
-38
-7
-56
-22
-53
-86
-45
-51
-65
-119
-44
-36
-51
-59
-85
-68
-75
-86
-54
-46
-109
-79
-112
-111
-106
-100
-110
-153
-127
-126
-130
-147
-120
-127
-136
-126
-102
-121
-165
-117
-89
-59
-68
-66
-26
-67
-50
-90
-97
-51
-26
-43
-53
-72
-77
-86
-20
-60
-76
-10
-8
-18
-33
-2
55
27
48
58
67
100
59
93
46
102
149
99
90
63
103
111
116
133
94
165
149
164
157
122
130
78
29
86
101
40
36
32
15
0
-6
-21
12
5
-36
-24
-34
-61
-25
-77
-59
-32
-11
3
-36
-61
-48
-49
-101
-48
-100
-85
-79
-114
-128
-113
-130
-135
-160
-167
-126
-154
-119
-173
-153
-111
-116
-139
-184
-163
-192
-235
-179
-175
-221
-176
-188
-192
-147
-202
-183
-217
-233
-252
-240
-241
-301
-263
-270
-247
-242
-251
-250
-282
-297
-283
-275
-312
-262
-260
-293
-295
-294
-287
-318
-284
-268
-273
-255
-260
-279
-249
-263
-261
-271
-273
-238
-231
-271
-228
-205
-220
-159
-173
-189
-157
-168
-149
-166
-159
-176
-143
-129
-146
-133
-140
-119
-167
-170
-161
-153
-140
-162
-204
-158
-130
-138
-153
-144
-145
-180
-163
-156
-186
-202
-190
-175
-158
-179
-212
-194
-185
-235
-242
-283
-308
-279
-303
-289
-270
-275
-281
-282
-310
-311
-324
-280
-310
-334
-317
-306
-306
-348
-364
-376
-349
-384
-366
-355
-374
-300
-335
-321
-317
-371
-323
-358
-418
-405
-415
-443
-461
-448
-427
-399
-436
-447
-452
-451
-422
-451
-434
-437
-453
-429
-434
-452
-453
-418
-477
-469
-460
-446
-393
-482
-460
-434
-419
-440
-417
-428
-444
-427
-443
-401
-373
-414
-399
-393
-381
-359
-406
-358
-379
-391
-394
-372
-356
-368
-337
-333
-346
-361
-326
-347
-297
-329
-294
-276
-264
-231
-269
-268
-238
-247
-276
-287
-289
-269
-306
-303
-331
-294
-292
-288
-267
-318
-297
-289
-265
-238
-322
-332
-282
-287
-300
-307
-297
-325
-350
-339
-379
-380
-354
-383
-373
-358
-353
-372
-384
-383
-368
-398
-384
-373
-394
-411
-433
-417
-455
-440
-425
-450
-458
-452
-419
-415
-405
-422
-447
-444
-427
-402
-390
-402
-426
-411
-448
-459
-430
-454
-455
-451
-456
-451
-445
-432
-448
-456
-464
-477
-449
-518
-474
-426
-464
-429
-413
-443
-431
-476
-449
-447
-447
-430
-433
-424
-471
-421
-379
-373
-374
-379
-348
-355
-383
-399
-392
-347
-333
-347
-364
-396
-366
-365
-391
-382
-393
-387
-335
-357
-383
-383
-378
-409
-370
-393
-350
-328
-350
-311
-335
-293
-313
-293
-316
-313
-326
-336
-297
-314
-313
-336
-337
-291
-328
-342
-274
-270
-335
-337
-304
-317
-309
-297
-290
-284
-303
-283
-325
-321
-319
-380
-350
-371
-360
-384
-409
-385
-417
-389
-380
-375
-381
-373
-385
-403
-410
-367
-402
-413
-376
-399
-367
-407
-397
-432
-418
-381
-366
-386
-382
-325
-309
-324
-313
-288
-321
-358
-330
-316
-326
-320
-266
-294
-328
-322
-310
-259
-292
-331
-328
-300
-286
-273
-291
-261
-249
-260
-251
-262
-285
-247
-250
-276
-244
-262
-227
-249
-253
-238
-243
-245
-257
-228
-236
-221
-185
-213
-219
-221
-198
-216
-216
-190
-185
-194
-179
-186
-173
-167
-179
-173
-172
-142
-142
-117
-108
-64
-86
-57
-105
-118
-77
-116
-101
-163
-144
-120
-138
-105
-123
-114
-131
-131
-129
-111
-103
-149
-113
-168
-154
-121
-135
-107
-146
-148
-167
-170
-168
-170
-122
-133
-75
-124
-141
-175
-139
-167
-169
-187
-220
-193
-198
-194
-178
-173
-149
-126
-157
-142
-145
-118
-125
-135
-81
-98
-43
-51
-94
-78
-116
-86
-90
-69
-54
-43
-72
-56
-70
-86
-82
-82
-59
-91
-128
-114
-97
-96
-90
-55
-66
-34
-3
-20
-1
-6
4
-25
-10
24
17
62
50
31
28
22
23
41
54
64
29
-31
3
4
-8
-9
8
28
-9
-5
-26
-9
52
37
66
29
39
41
50
19
5
46
25
-12
-25
37
39
5
21
18
2
16
-26
-24
-8
25
-6
-7
-7
35
19
28
65
27
25
35
47
35
66
13
62
30
18
13
-14
-6
-6
-7
-46
9
18
-33
-67
-79
-65
-53
-62
-77
-35
-63
-67
-27
-34
-3
-24
-17
3
-9
9
18
-34
4
-11
-9
-29
-60
-4
-54
-4
24
-13
-11
-42
-53
-55
-74
-77
-36
-52
-45
-2
13
-6
-23
13
-13
-15
16
21
-20
-36
-32
12
35
-3
-32
2
54
13
15
4
-16
-17
-14
-30
-22
-11
-35
-37
-45
8
-14
-4
21
-8
15
-25
-30
-29
-41
-58
-45
-14
-16
22
-8
-35
-27
-21
-5
-15
-24
-13
-27
-35
12
1
-10
29
-7
-18
3
-32
-43
-48
-29
-46
-60
-6
27
-24
-30
-27
-19
-32
-57
-49
-36
-35
-36
-41
-44
-21
-72
-77
-61
-93
-116
-128
-143
-113
-90
-77
-64
-47
-84
-83
-79
-78
-61
-52
-56
-65
-29
-45
-33
-56
-42
-47
-47
-64
-33
-34
-39
-16
-77
-38
-2
-34
-49
-20
-48
-46
-20
1
-36
12
40
-3
-13
-17
-9
13
-7
-70
-15
-25
-28
-39
-33
-22
-37
-1
18
-27
-17
-5
-10
-16
-12
-41
-27
21
10
25
4
11
6
-5
-41
9
-2
-10
34
5
8
0
42
47
29
18
-5
9
7
-29
11
42
18
-7
13
37
19
-4
29
25
-1
-18
2
25
-13
17
17
10
6
31
30
43
90
29
43
14
31
-14
-61
9
-56
-27
-16
-65
-31
-18
7
-5
-25
-29
-15
-12
1
36
32
-4
31
43
23
21
-4
26
31
40
54
35
65
94
124
119
168
133
78
111
112
94
117
77
57
98
108
130
94
113
116
118
128
127
172
138
120
136
138
155
149
131
147
84
61
40
51
94
106
86
85
111
94
124
111
72
106
85
88
98
71
119
119
123
123
83
97
87
93
50
79
72
79
88
90
93
118
116
123
149
126
130
96
109
77
69
68
58
62
68
37
48
86
52
72
54
69
60
63
61
-15
13
3
27
19
19
32
-12
35
6
-7
5
-58
-30
-65
-12
8
-40
-20
-32
-22
-37
1
13
13
32
16
-3
-4
2
-51
-69
-32
2
-3
25
10
-16
1
16
4
-16
-7
-2
22
47
29
31
24
-17
9
12
-2
35
28
23
17
31
43
24
7
62
9
55
35
25
3
-1
4
-19
37
5
10
29
33
30
27
49
81
49
47
51
27
-20
-34
8
11
-39
-36
14
-17
8
-23
-29
8
-38
-41
-41
-28
-25
-6
-44
-21
-41
-65
-66
-60
-35
-81
-109
-98
-70
-42
-17
-61
-45
-40
-39
-49
-47
-30
-40
-63
3
-52
-42
-8
-43
-73
-22
-41
-35
-9
-14
4
-27
-10
-18
-37
-68
-61
-52
-21
-30
-29
-36
-27
-61
-77
-59
-72
-82
-91
-67
-54
-52
-61
-13
-43
-3
-3
-64
-43
-24
-37
-42
-44
-49
4
-3
-21
-10
-30
17
-4
-3
9
23
12
0
15
21
96
31
29
-3
-11
-12
-59
4
10
49
56
34
50
45
27
58
49
28
3
46
12
16
59
14
1
18
-5
21
0
-3
-12
1
27
4
12
-2
22
39
24
42
52
18
51
43
20
-1
10
1
-24
5
-9
9
15
5
14
-12
17
23
25
19
1
30
33
-4
-21
26
0
21
16
20
20
-10
-12
14
37
40
1
-1
-19
11
2
-31
1
20
2
14
-2
-17
-20
-46
-23
-9
-12
-8
-26
-17
1
-20
11
-10
27
27
56
72
33
43
34
20
33
40
-2
-21
-32
-25
13
-20
-29
-2
15
9
9
35
29
51
21
28
6
8
6
-16
25
44
73
79
56
56
62
51
84
120
73
71
96
86
96
130
72
82
124
93
86
51
81
53
103
90
52
47
51
125
78
96
100
80
124
135
117
66
86
89
67
40
26
3
24
27
6
17
-16
10
13
-8
-10
-33
-16
-10
-2
2
10
48
11
10
-4
-30
-18
40
41
26
29
40
44
81
92
34
61
85
81
91
51
47
38
45
60
65
44
-14
-15
8
27
-14
5
24
102
60
52
125
77
89
41
65
64
43
20
31
39
53
27
31
85
62
68
62
49
46
19
62
72
78
16
73
113
61
101
84
58
61
66
87
70
49
59
33
49
51
55
55
45
36
43
67
53
88
72
48
29
14
36
34
17
29
20
36
36
14
45
20
32
43
54
38
4
87
107
101
125
121
74
75
119
156
122
70
70
79
90
96
92
94
74
104
108
104
123
122
100
157
118
38
82
96
123
127
113
101
131
119
123
115
101
86
48
35
64
101
47
69
62
74
104
118
115
103
93
65
32
76
76
71
92
73
130
150
140
142
171
168
186
194
165
178
191
163
205
225
235
182
215
182
192
225
192
212
208
211
223
245
195
205
191
189
238
224
259
268
245
232
268
251
230
224
200
187
192
169
163
192
196
173
156
151
157
196
176
170
162
160
163
177
193
191
186
178
185
205
228
190
230
241
207
189
175
145
130
166
148
129
139
112
156
178
164
119
108
120
135
159
127
182
165
184
179
161
151
160
170
149
149
154
178
139
194
178
190
221
144
133
178
159
157
174
184
190
174
198
172
157
138
203
217
227
219
187
237
239
231
220
235
224
203
191
163
212
207
186
163
111
152
161
164
189
219
163
131
140
152
146
132
157
122
107
145
115
144
165
120
159
177
187
157
137
125
123
112
99
113
111
109
102
146
168
150
172
124
174
177
151
122
103
147
142
146
126
140
143
146
150
151
157
108
82
139
104
64
56
111
106
100
121
71
69
37
30
54
47
34
50
62
61
93
86
93
99
85
92
117
81
52
49
92
79
69
73
45
27
32
26
27
61
22
47
48
62
69
62
92
57
93
75
76
142
98
130
118
135
113
107
121
102
105
114
134
145
148
90
94
104
101
108
111
122
159
162
146
206
215
218
210
176
204
188
212
194
153
179
182
192
164
163
179
165
136
150
186
155
202
203
177
195
195
166
162
156
192
212
191
251
249
260
233
209
215
207
246
231
209
240
210
183
216
197
204
203
217
151
145
156
119
151
135
180
139
136
145
157
165
158
166
145
121
124
152
125
133
108
105
98
90
102
53
91
76
62
85
132
104
116
154
116
101
107
100
100
115
85
100
97
126
121
103
124
171
181
157
181
174
157
209
185
165
181
172
220
189
179
159
151
178
149
182
161
161
190
195
182
188
214
196
187
195
182
179
160
172
183
165
144
176
205
216
210
203
201
211
210
181
192
181
148
157
198
200
176
150
150
105
134
145
164
185
155
159
183
187
180
183
197
186
166
177
216
206
211
183
167
169
164
170
168
201
164
139
129
93
117
150
154
201
174
164
203
194
195
152
152
164
159
136
150
132
119
100
81
63
75
69
62
74
100
98
71
76
92
60
45
89
15
27
38
29
60
66
4
40
25
13
4
11
53
12
6
47
27
-4
19
-9
-5
17
1
-7
-23
18
60
6
15
6
25
58
103
104
43
73
15
15
53
4
28
-24
39
37
41
37
60
42
6
37
4
31
38
7
26
56
6
44
15
11
-9
-21
16
15
40
40
56
38
17
41
27
18
30
30
26
35
41
65
46
47
36
7
52
47
37
44
-2
19
2
1
-23
-10
-10
-31
-37
-14
-40
-79
-12
4
-12
23
34
-2
-32
-12
-13
-13
-20
-60
-59
-60
-84
-98
-111
-102
-91
-85
-128
-136
-103
-68
-76
-59
-5
9
-6
-29
1
-27
-25
-10
-39
-5
-16
-17
-26
-15
-41
-48
-25
-38
-38
-42
1
-3
12
-1
-9
5
-30
-28
-9
-43
-33
-5
5
-25
-17
-2
30
-22
-34
-3
-13
28
-18
-2
13
-6
19
34
-19
4
-5
9
12
38
38
44
38
36
70
22
89
99
108
81
53
64
41
21
-1
21
46
101
41
8
33
42
60
56
61
22
52
36
9
1
38
70
4
31
36
21
43
2
-12
19
-13
10
34
30
25
22
33
40
23
41
53
76
86
109
122
82
69
69
80
79
43
50
7
20
31
19
67
67
44
62
52
58
74
102
110
70
67
62
88
62
42
40
20
25
16
-4
-5
-15
-7
52
24
8
-32
-8
-16
13
37
27
26
24
20
41
62
59
71
76
72
94
74
40
61
90
67
34
48
53
14
36
65
23
37
10
-17
-28
6
3
33
41
12
46
70
36
22
52
35
52
49
21
-2
-36
22
-3
-29
-11
-5
15
-15
-31
-2
-2
28
37
47
40
17
79
66
65
103
88
71
95
65
26
-27
-38
-46
-3
8
7
46
23
22
15
29
16
17
47
19
16
8
-41
-19
-45
-51
-61
-10
-28
-84
-69
-76
-76
-80
-72
-43
-69
-54
-14
-59
-28
-14
9
14
27
52
44
64
36
45
36
-5
21
24
23
6
18
21
35
3
25
21
12
42
30
27
44
68
38
51
63
64
76
63
14
44
56
3
-23
-13
-15
-61
-98
-81
-95
-143
-153
-180
-115
-131
-122
-100
-70
-50
-58
-40
-16
-8
-24
-12
7
-21
-57
-48
-61
-50
-45
-72
-87
-86
-62
-120
-95
-77
-64
-55
-63
-42
-15
-21
-25
-25
-8
-33
-40
-82
-86
-55
-100
-87
-102
-85
-103
-122
-150
-183
-187
-172
-156
-186
-224
-169
-201
-208
-171
-152
-148
-150
-93
-137
-160
-96
-120
-98
-91
-91
-137
-141
-138
-163
-173
-200
-145
-144
-162
-94
-111
-110
-77
-47
-43
-59
-49
-58
-78
-108
-74
-41
-55
-92
-80
-22
-55
-103
-109
