62
29
42
49
63
51
104
89
57
22
30
41
54
80
89
42
8
44
36
14
70
34
42
28
13
55
5
46
43
55
19
34
61
58
34
22
57
26
47
36
27
13
18
33
72
63
69
47
10
1
16
34
13
-11
5
41
33
35
0
22
56
16
27
44
45
34
56
29
33
36
16
44
57
65
30
75
87
87
67
58
43
10
75
59
73
93
86
65
39
55
40
65
91
42
45
49
50
41
61
72
61
49
16
59
32
81
82
63
57
33
66
49
85
86
68
85
105
111
103
84
97
93
82
96
92
75
90
51
53
114
76
39
70
76
52
40
51
53
39
54
29
12
40
16
56
31
50
36
-15
2
-20
32
34
19
21
13
37
63
106
57
52
109
92
137
87
96
100
69
80
94
111
85
71
58
70
64
56
53
77
73
104
86
72
92
71
61
24
50
5
19
54
4
5
-4
12
47
21
-26
-27
15
-8
27
-16
-8
-7
19
33
-6
16
-23
27
10
-14
11
-4
8
-6
-10
21
-13
22
29
18
26
50
9
-5
30
-3
8
2
21
-1
-9
18
-13
14
11
-24
-4
-6
9
5
-20
-28
-5
21
-21
-14
-31
10
-11
21
41
-38
9
5
70
65
32
56
62
59
74
102
88
68
45
26
52
63
32
61
75
85
80
84
41
57
68
43
58
-7
-5
0
6
-8
13
-3
-5
1
9
28
-11
-4
-39
-43
1
-40
-62
-67
-91
-78
-68
-97
-99
-86
-56
-62
-86
-70
-62
-89
-83
-86
-82
-49
-78
-77
-57
-39
-56
-80
-76
-125
-100
-58
-73
-78
-123
-107
-88
-112
-87
-95
-100
-87
-168
-98
-69
-52
-9
-67
9
-51
-98
-63
-45
-62
-127
-86
-58
-18
-33
-41
-15
-21
-21
-61
-31
20
-26
-31
-16
-16
-18
3
-12
9
-35
-58
-51
-19
4
11
16
-2
27
7
9
-13
13
15
1
35
3
55
37
-12
20
24
32
55
22
6
-41
-14
4
17
39
25
42
40
30
24
75
42
20
14
4
58
79
46
21
76
67
54
70
67
57
85
87
46
80
35
71
41
34
69
37
68
68
109
66
45
68
83
85
71
72
127
118
93
108
84
70
68
51
40
66
50
3
-6
-14
24
-5
-16
-15
38
21
-8
14
9
17
3
29
-17
-35
24
39
17
2
-11
-16
-10
-21
-35
-19
3
-10
3
22
21
-2
-17
-3
-47
-12
-44
-51
-70
-68
-54
-43
-48
-57
-75
-55
-55
-64
-46
-23
-27
-36
-15
-10
24
-1
4
-5
-12
7
-22
-9
-28
-43
-4
-18
-44
-19
-33
-62
-49
-31
-6
-30
-31
-30
-14
-6
-41
-46
-20
-6
-27
-17
15
-12
30
33
53
29
27
34
15
35
41
48
16
61
37
16
5
24
-25
-17
-9
-6
7
-1
-14
-47
-65
-29
-34
-48
-15
-19
-21
-11
-44
-81
-47
-55
-57
-45
-13
-17
-1
-20
-18
36
1
-59
-49
-6
3
8
-36
-26
-9
4
-41
-31
-29
-17
-41
-44
-13
-45
-36
-40
-46
-13
-38
-22
-21
-30
-8
-8
34
38
10
-12
8
46
30
48
26
12
38
55
73
49
50
56
60
96
78
87
51
41
58
42
62
60
73
49
60
57
33
48
71
82
55
31
38
2
8
26
11
-8
28
25
-10
19
-11
-25
-37
-21
-35
-23
-24
-37
-41
-16
5
-1
-22
-61
-5
10
-45
-18
15
-7
4
5
19
25
-10
-16
-7
-21
-29
-10
-11
-28
-56
-16
-30
-36
7
-44
-11
5
-47
-7
-1
-32
-34
-40
-37
-54
-71
-77
-67
-77
-91
-97
-56
-120
-98
-55
-92
-109
-79
-104
-107
-73
-78
-106
-103
-74
-54
-76
-130
-99
-88
-100
-77
-77
-109
-76
-106
-142
-89
-54
-64
-78
-101
-67
-65
-62
-54
-17
-8
-33
-21
-38
-38
-39
-67
-65
-50
-18
-27
-39
-43
-41
-68
-57
-33
-45
-21
-42
-17
-22
-32
-14
-46
-4
-3
-36
-41
-49
-67
-65
-51
-13
-34
0
6
15
3
14
30
-1
19
7
17
36
35
14
57
1
2
16
-2
9
-12
39
54
62
22
38
49
41
10
33
22
59
51
43
98
43
53
38
66
60
42
81
64
40
45
45
50
35
17
45
34
6
59
39
55
38
47
46
65
71
31
23
34
31
47
23
34
36
54
76
48
59
38
54
13
4
12
14
-6
22
-9
1
-1
19
74
58
72
-6
-16
25
29
24
3
13
56
57
32
44
84
54
1
63
42
53
99
53
68
40
29
44
33
6
41
54
7
27
46
68
55
23
21
30
43
45
31
20
16
-7
21
12
28
4
-13
-14
-35
25
18
27
-17
-33
4
-13
17
0
-21
6
31
-7
7
15
-37
-3
18
-27
-42
-17
-17
-36
-22
-61
-55
-16
-42
-39
-57
-45
-45
-63
-48
-37
-49
-77
-52
-30
-69
-35
-90
-60
-41
-88
-64
-64
-43
-82
-85
-71
-60
-68
-61
-52
-34
-57
-101
-44
-56
-40
-45
-63
-32
-18
-20
-43
-48
-38
-51
-48
-49
-25
-10
-49
-47
-60
-58
-47
-41
-50
-34
-40
-53
-66
-74
-74
-43
-40
-59
-71
-70
-79
-59
-63
-73
-86
-122
-86
-97
-70
-48
-47
-41
-65
-41
-57
-76
-54
-26
-32
-25
-45
-47
-52
-47
-22
-42
-30
-7
-8
32
14
2
-10
-50
-19
-46
-49
-32
-43
-40
-45
-55
-59
-27
-31
-34
-32
-12
-40
-29
-31
-67
-48
-56
-27
-19
15
-59
-43
-19
-58
-23
-23
-33
-65
-48
-47
-32
-30
-36
-64
-20
-55
-34
-66
-40
-11
-53
-43
-8
-3
-6
22
9
2
-20
-4
-10
7
-6
-27
-35
-28
-47
-7
4
-81
-12
-65
-46
-20
20
8
-15
-40
-62
-15
-29
-31
-37
-48
-71
-51
-34
-58
-71
-43
-52
-30
-73
-87
-74
-75
-86
-66
-54
-54
-43
-92
-30
-23
-79
-39
-47
-44
-25
-40
-32
-21
-7
-43
-57
-22
-62
-103
-89
-73
-34
-24
-40
-58
-37
-33
-13
-52
-66
-74
-61
-73
-99
-34
-54
-20
-38
-76
-68
-40
-38
-47
-42
-62
-55
-76
-81
-88
-62
-55
-79
-53
-79
-71
-47
-29
-35
-48
-35
-35
-43
-9
-28
-33
-7
-59
-7
-31
-65
4
-4
-36
-28
-13
-2
29
-3
9
-1
-69
-65
-64
-68
-42
-38
-5
-1
-29
-58
-37
-16
-43
-48
-53
-28
-63
-37
-41
-34
-53
-41
-37
-45
-24
-41
-68
-86
-54
-39
-52
-29
-13
-47
-18
-15
-7
-29
7
-13
-60
-40
-38
-27
-22
-7
-35
-65
-48
-30
-34
-78
-44
-65
-55
-28
-92
-77
-63
-35
-62
-17
-4
-3
31
-52
-24
-25
-35
-16
1
22
3
1
-30
-20
-10
-7
4
18
-13
-47
-7
-2
-28
-30
-41
-39
-39
-27
-21
-42
-28
-55
-65
-43
-42
-63
-25
8
-17
-49
-54
-65
-54
-42
-55
-106
-108
-102
-56
-54
-72
-92
-121
-124
-60
-64
-72
-53
-92
-72
-83
-118
-118
-153
-137
-139
-167
-143
-142
-146
-135
-139
-161
-123
-121
-106
-104
-154
-136
-143
-133
-140
-141
-191
-191
-150
-202
-164
-188
-204
-182
-177
-195
-193
-172
-169
-189
-174
-163
-170
-167
-187
-202
-218
-189
-147
-176
-149
-141
-163
-163
-132
-144
-144
-104
-137
-144
-165
-130
-145
-136
-133
-123
-118
-150
-113
-138
-113
-137
-161
-108
-99
-113
-149
-148
-159
-134
-118
-153
-131
-105
-111
-112
-134
-141
-115
-93
-85
-132
-139
-121
-113
-146
-154
-152
-156
-177
-183
-145
-173
-173
-154
-112
-174
-165
-158
-173
-179
-192
-132
-148
-184
-205
-191
-190
-198
-167
-164
-179
-192
-201
-168
-243
-182
-186
-245
-186
-190
-207
-187
-177
-186
-160
-207
-183
-148
-182
-153
-111
-123
-137
-119
-106
-149
-149
-96
-123
-110
-102
-88
-59
-82
-90
-78
-104
-81
-71
-49
-59
-86
-48
-76
-30
-43
-45
21
10
-13
0
-16
32
65
4
-5
6
30
15
20
48
22
14
4
30
35
-15
30
-1
-8
27
-27
-5
-12
4
-35
3
41
9
-4
-32
6
-54
-8
6
-35
-29
-20
-36
-50
-58
-84
-36
-51
-83
-73
-92
-74
-87
-96
-74
-70
-102
-107
-94
-107
-115
-108
-112
-87
-110
-137
-128
-117
-114
-140
-134
-133
-140
-162
-149
-164
-196
-132
-121
-161
-160
-159
-112
-129
-154
-147
-155
-145
-141
-120
-116
-107
-139
-145
-85
-130
-99
-146
-137
-143
-133
-110
-149
-138
-160
-153
-157
-145
-161
-143
-157
-179
-130
-166
-161
-149
-144
-129
-94
-117
-124
-149
-129
-131
-86
-73
-158
-111
-79
-120
-133
-129
-114
-102
-128
-97
-104
-71
-49
-45
-68
-74
-74
-81
-110
-73
-54
-42
-10
-15
-24
25
31
-13
-16
1
-28
-24
-1
-48
-16
39
27
-3
3
-15
-9
5
-7
1
-33
-46
-32
-23
-37
-39
4
9
-15
-15
23
-22
-21
-60
-38
4
3
20
7
-1
-12
-39
-19
-19
-21
-21
-46
-45
-36
-35
-43
-24
-68
-81
-62
-77
-74
-14
-21
-48
-53
-26
-47
-45
-59
-37
-16
-61
-74
-69
-60
-134
-81
-83
-74
-86
-98
-74
-75
-105
-115
-66
-110
-130
-124
-110
-137
-121
-120
-140
-140
-160
-85
-104
-116
-93
-96
-114
-101
-86
-88
-133
-93
-135
-146
-108
-82
-69
-102
-60
-83
-42
-121
-124
-88
-77
-134
-89
-60
-83
-57
-93
-47
-71
-64
-79
-87
-125
-149
-130
-108
-89
-107
-97
-96
-90
-133
-151
-126
-102
-136
-131
-145
-131
-164
-146
-88
-126
-91
-142
-173
-136
-135
-186
-169
-124
-131
-168
-152
-142
-140
-158
-124
-143
-152
-146
-105
-108
-119
-109
-184
-113
-95
-101
-103
-99
-73
-76
-65
-62
-128
-100
-77
-86
-88
-89
-114
-91
-43
-108
-82
-98
-88
-68
-71
-120
-85
-58
-88
-30
-37
-70
-48
-71
-59
-44
-101
-84
-66
-79
-76
-51
-66
-52
-67
-75
-41
-43
-59
-76
-57
-49
-10
6
-30
-25
-34
-21
-40
-22
-1
-32
-33
-81
-64
-51
-50
-63
-53
-85
-90
-45
-98
-106
-85
-64
-57
-68
-70
-79
-76
-81
-57
-86
-45
-37
-30
-7
-39
3
-3
-41
-4
-14
-58
-40
-27
-24
-38
-31
-31
52
41
41
41
-3
-8
28
32
-10
7
19
27
48
64
41
66
46
4
-6
20
22
56
31
62
106
31
64
49
92
45
39
20
33
-14
15
43
27
48
-2
68
39
57
90
94
28
26
28
-7
26
53
54
85
68
62
17
32
35
40
61
46
37
12
21
-18
19
-28
4
23
31
33
-16
-12
6
20
13
3
-6
21
6
27
-26
-16
-28
-39
-8
-22
-2
-15
9
-7
0
-5
-15
-63
-56
-78
-37
-33
-39
-26
-58
-34
-19
-16
-68
-44
-77
-82
-58
-69
-58
-101
-68
-47
-55
-10
-55
-45
-91
-93
-84
-76
-39
-119
-62
-72
-95
-94
-66
-69
-61
-50
-44
-59
-95
-70
-122
-100
-48
-55
-38
-12
-13
-34
-74
-58
-22
-27
-44
-66
-57
-35
-34
-67
-92
-72
-56
-33
-48
-42
0
-7
-46
-2
-37
-29
-28
-31
-54
-57
30
-21
-1
11
32
33
-3
81
34
0
48
21
51
37
34
32
26
23
38
33
29
9
2
32
38
15
8
37
35
40
54
19
10
-33
-15
-3
-22
-29
-14
-16
-13
9
8
13
13
50
29
41
17
12
14
-16
11
48
-37
-47
-31
-67
-61
-74
-85
-87
-80
-40
-103
-97
-86
-104
-78
-82
-121
-142
-135
-115
-138
-203
-174
-163
-185
-156
-161
-208
-181
-171
-190
-196
-140
-146
-130
-142
-171
-157
-196
-137
-172
-220
-243
-220
-246
-222
-141
-174
-127
-182
-169
-156
-214
-178
-158
-165
-146
-107
-117
-108
-93
-89
-105
-91
-66
-74
-45
-85
-86
-61
-71
-33
-65
-53
-33
-31
-17
-44
-14
-18
-34
-31
-21
-25
-30
4
-19
-30
-11
-37
-33
-29
-33
-8
-9
10
2
-24
36
-17
-4
-15
-32
-2
-12
-25
-26
-8
-26
-15
-20
-38
-14
11
-19
-4
-12
-13
18
43
9
-3
-23
-35
3
17
-34
-58
-89
-100
-33
-55
-79
-95
-75
-50
-20
-46
-32
-6
-13
-30
-40
-31
3
-10
-29
-50
-55
-45
-77
-96
-85
-64
-50
-68
-52
-41
-48
-60
-83
-29
-8
-42
-26
-6
-18
-21
-71
-50
-39
-64
-48
-76
-64
-62
-94
-62
-40
-77
-58
-78
-69
-48
-61
-38
-27
-46
-58
-36
-2
-22
0
17
-6
6
11
-28
-3
35
36
10
-7
6
-15
23
62
50
23
28
57
36
-1
5
12
56
61
55
38
48
60
52
87
44
78
37
56
74
52
54
37
78
53
76
61
51
34
13
10
13
14
12
42
51
64
49
8
10
-29
-42
29
-13
-1
-10
43
43
-8
11
10
27
30
32
-12
-8
14
-29
15
9
-4
26
-34
-52
-49
-54
-48
-46
-56
-29
-36
-74
-70
-76
-100
-101
-113
-86
-62
-95
-84
-94
-58
-23
-72
-77
-67
-79
-54
-32
-44
-96
-80
-27
-64
-88
-70
-71
-94
-78
-82
-66
-50
-46
-53
-75
-63
-58
-36
-22
-50
-15
-31
-41
-19
-51
-34
-49
-34
-74
-71
-60
-97
-56
-58
-44
-25
-48
-41
-100
-103
-81
-60
-47
-52
-45
-42
-46
-64
-74
-32
-23
-87
-39
-71
-65
-37
-18
-24
-59
-36
-18
-31
11
9
6
7
1
15
-30
-21
-14
-41
-45
-14
-3
7
-33
-9
40
17
1
-13
-12
-6
28
41
17
17
8
16
25
32
21
39
5
12
36
29
34
24
52
10
25
25
11
26
24
-21
-26
-37
-69
-6
9
-22
-6
0
-34
8
0
-46
-27
-22
-25
-6
-13
0
6
-1
4
25
-22
-25
37
13
-34
-4
10
22
-1
-35
-1
-43
-39
-40
-31
-34
-31
-34
-9
-19
-25
-24
-66
-68
-92
-66
-100
-99
-98
-80
-53
-59
-71
-66
-46
-67
-88
-86
-45
-75
-90
-32
-39
-89
-48
-73
-65
-85
-79
-47
-44
-42
-10
-13
-49
-47
-29
-46
-56
-35
-53
-39
-60
-28
-65
-58
-37
-32
-50
-68
-20
-43
-17
10
-4
-29
-35
13
3
-4
-36
-10
33
-2
-1
62
63
38
63
29
7
20
43
32
26
11
35
24
50
29
2
1
-14
22
7
30
8
-17
7
-21
16
27
-19
0
11
-31
35
1
-40
-49
-62
-52
-67
-38
-65
-43
-5
25
-9
-15
-21
-33
-24
-53
-62
-32
-43
-43
-44
-54
-79
-23
-28
-45
-10
-73
-39
-38
-72
-79
-53
-43
-32
-28
-46
-20
-27
-15
-18
-6
-31
-26
-39
-57
-25
-38
-16
-59
-35
-37
-49
-16
2
3
32
31
-11
-50
-36
-33
-7
-9
-4
19
12
11
7
9
40
-2
-21
8
13
7
12
30
12
1
-12
0
6
55
74
47
55
65
61
25
40
73
107
71
57
113
68
73
57
38
30
45
51
46
81
64
50
59
57
73
67
43
93
58
61
72
61
13
21
40
14
52
24
20
1
-2
4
31
24
15
14
-36
-8
-6
8
-16
-4
2
6
6
-53
-47
-70
-51
-51
-51
-35
-49
-66
-49
-68
-55
-44
-39
-45
-72
-80
-43
-34
-34
-19
-59
-38
-37
-24
-28
-58
-49
-42
-39
-76
-20
-45
-60
-34
-29
-58
-78
-86
-77
-59
-103
-88
-113
-86
-65
-34
-79
-84
-86
-89
-51
-36
-69
-84
-66
-55
-76
-108
-56
-80
-81
-74
-88
-99
-63
-141
-97
-25
-52
-46
-20
-50
-27
-26
-38
-18
-42
-7
-2
21
-62
-49
-22
-34
-26
-44
-57
-50
-26
-30
-32
-31
-20
-37
-26
-32
-19
-25
-31
-11
13
0
13
13
-24
22
24
-3
3
-12
-7
-59
-58
-41
-50
-9
-76
-17
28
-5
-10
-5
1
-34
16
11
30
-3
20
60
16
64
88
91
41
69
62
38
79
70
71
91
61
55
80
74
122
114
69
59
106
70
80
72
43
69
90
77
33
73
41
15
76
71
63
100
120
116
148
132
165
132
115
132
82
112
50
68
115
61
66
59
66
60
64
84
78
101
64
33
39
40
58
61
66
49
18
20
38
42
54
72
50
32
59
65
62
53
57
50
70
85
60
77
36
61
70
46
68
68
101
77
82
93
80
105
89
113
102
105
116
97
101
85
76
104
95
87
63
73
100
87
102
81
89
71
76
114
98
110
128
143
111
104
91
97
70
91
91
104
119
73
91
45
34
53
27
47
81
40
34
49
86
102
114
94
76
128
97
75
96
121
111
73
128
45
44
67
85
88
60
49
54
60
19
57
94
110
111
95
114
115
98
104
111
106
121
80
64
97
108
86
85
103
78
61
48
37
75
91
39
89
65
53
47
76
64
59
33
28
63
-22
19
8
-20
21
47
41
10
-24
-24
-14
-5
6
-1
-19
-33
14
-8
-41
6
-10
-9
16
35
10
-11
69
46
38
18
19
-1
8
20
31
46
65
49
38
54
45
54
85
78
62
90
75
95
104
111
68
75
68
57
61
64
136
75
99
82
22
50
48
50
75
91
89
93
81
124
120
138
121
142
125
67
112
155
157
100
98
133
87
150
102
79
114
105
135
112
119
136
102
107
87
128
117
99
126
62
111
110
123
154
125
117
122
105
103
125
118
134
121
129
121
61
85
86
49
61
66
67
62
23
77
46
51
74
75
57
76
43
33
61
30
29
24
27
9
44
-28
-1
63
0
6
0
12
-13
-11
-14
0
6
-18
-11
-73
-44
-50
-65
-36
-23
-18
-27
-13
-31
3
-39
-35
-21
-24
-7
-5
13
5
-13
-20
13
20
27
31
2
-1
-17
-26
7
48
76
49
47
41
55
33
28
24
65
46
23
18
13
1
17
31
9
73
20
15
50
10
28
19
7
11
25
71
77
78
66
54
16
29
79
47
35
73
75
51
33
5
30
101
82
88
77
75
72
89
85
85
103
102
111
68
80
95
91
84
72
90
81
49
72
117
51
59
75
52
75
66
86
58
85
93
96
93
117
60
49
100
73
84
56
24
21
84
66
48
78
48
70
76
73
124
85
58
99
59
46
98
73
54
108
63
49
47
44
67
53
43
49
78
87
46
11
61
47
38
12
3
27
25
61
47
60
57
51
53
32
21
47
35
58
68
50
57
81
97
80
106
100
125
91
99
84
119
165
131
177
155
119
149
148
120
106
152
150
152
158
113
104
161
154
140
165
164
147
138
155
134
139
139
162
126
147
136
105
100
133
109
83
160
89
136
147
117
123
111
83
83
97
140
155
114
95
69
69
76
75
62
84
79
61
50
70
105
72
96
109
102
75
36
73
91
67
79
66
49
12
62
74
50
83
46
13
5
13
33
20
10
0
1
28
-6
-5
-15
-12
-21
-3
2
5
14
-14
-7
20
19
-7
-20
25
18
6
-40
-12
11
-33
-2
-25
-38
-23
-64
-50
-21
-1
-46
14
12
-4
-14
-13
-10
-14
6
-13
-3
-14
-15
-10
3
-38
-14
16
21
16
-6
26
-8
1
2
21
19
53
-6
25
52
-3
84
47
69
70
57
62
53
33
41
9
7
62
21
18
48
14
7
55
48
60
40
27
54
67
40
59
36
25
15
47
88
43
48
28
52
27
-3
34
23
73
92
73
86
44
50
55
84
32
24
68
77
61
89
71
77
87
90
76
93
118
89
136
114
108
106
95
96
71
76
43
39
54
53
34
38
56
61
102
72
46
90
70
50
-8
-7
-16
-24
-17
6
-4
-9
11
28
13
31
51
43
58
2
11
31
25
8
68
18
-5
-2
-20
1
-13
26
53
47
56
4
2
-7
2
11
-6
7
-9
19
61
27
7
45
-6
7
37
52
9
62
18
16
0
-18
6
8
-1
-29
10
19
-34
-5
8
40
50
21
44
46
79
58
86
58
68
86
69
89
45
75
64
55
71
64
44
66
113
86
116
64
73
106
89
72
96
80
29
5
86
98
88
140
84
74
103
99
70
74
94
113
78
79
88
61
73
64
65
75
85
101
131
80
77
79
64
60
91
99
102
86
122
154
162
152
119
160
141
135
134
142
132
154
103
106
123
104
132
102
50
33
45
59
37
74
76
41
39
46
91
95
41
54
70
51
40
50
35
46
61
45
34
26
41
-4
1
13
27
35
-14
51
-3
-21
30
40
40
41
46
20
40
54
53
39
26
49
14
2
1
-14
1
-8
18
-14
-42
-10
-5
-14
-1
4
27
-8
0
2
8
50
-7
7
8
-22
24
58
79
71
73
79
53
53
56
90
79
49
100
117
104
124
164
120
102
104
111
109
124
88
89
89
142
80
66
108
104
112
117
135
80
115
108
115
159
142
121
74
90
110
94
118
95
103
87
59
49
26
42
89
73
57
112
59
90
107
59
72
91
69
61
61
79
108
76
60
47
56
23
19
-5
-6
-3
-3
29
15
46
15
43
34
-11
52
12
-52
8
75
75
26
2
-32
5
46
36
55
42
60
66
100
53
20
22
31
-1
15
34
-33
-28
-7
19
29
37
20
19
27
58
7
68
52
-6
34
51
50
44
62
15
-34
5
38
-11
-3
-2
11
4
6
22
31
51
4
19
31
31
-6
1
43
-6
44
50
50
47
17
35
9
49
31
66
34
55
60
35
56
61
110
85
99
112
86
61
63
88
97
88
66
53
87
75
66
69
70
42
37
60
23
57
53
60
45
10
31
19
32
58
59
76
85
60
56
60
136
111
98
102
89
55
82
82
104
110
43
71
49
63
61
88
21
23
21
10
32
29
40
46
5
-15
31
16
27
32
33
27
20
19
21
-7
13
24
10
35
90
23
22
38
1
25
59
52
70
56
26
43
67
128
84
118
111
130
100
88
123
70
90
133
112
108
106
122
129
127
140
127
118
121
184
140
125
101
140
146
116
139
105
126
124
131
127
108
124
110
125
146
134
147
104
103
79
119
169
97
170
150
136
158
136
122
114
96
71
89
107
49
99
91
50
64
84
82
75
46
55
91
95
91
94
67
54
38
51
62
51
48
42
64
45
51
32
-1
2
-17
-6
-21
3
25
-33
13
4
20
14
-5
53
18
36
30
0
26
29
17
0
14
15
44
23
25
33
23
52
-13
4
24
2
22
58
38
30
23
-11
-1
-16
28
9
-18
27
23
29
-6
48
21
-3
-16
9
5
-31
16
-11
45
44
44
25
22
37
12
36
17
30
38
46
40
48
49
48
74
69
51
50
65
64
81
86
56
31
66
29
61
25
23
82
35
43
28
37
5
23
-19
-13
26
24
34
65
28
2
29
4
19
-15
8
64
47
18
38
22
29
64
65
47
30
-4
57
31
25
46
38
59
27
28
27
38
5
-13
-15
33
2
-31
8
12
8
-6
11
-13
2
-11
18
-6
-18
14
2
23
-38
-47
-46
-64
-52
-16
-21
-39
-55
-32
-19
-38
-39
-25
-21
-25
-15
-17
-41
-31
-2
-39
-45
-18
-66
-34
9
5
-42
-11
-16
-30
-10
-22
-16
-16
12
-1
-31
-41
-16
2
10
4
6
-28
-14
-17
-19
-3
12
-15
-18
-51
-24
-21
-15
-43
-67
-42
-6
-36
-95
-45
-66
-66
-95
-62
-93
-116
-58
-79
-81
-87
-57
-70
-88
-90
-76
-60
-58
-84
-89
-102
-103
-75
-63
-60
-40
-58
-88
-47
-52
-83
-100
-69
-65
-123
-112
-131
-149
-120
-110
-146
-169
-149
-142
-153
-212
-195
-158
-177
-216
-201
-210
-166
-127
-163
-132
-102
-88
-8
-39
8
29
-6
46
24
48
34
76
47
27
-11
43
61
59
58
7
-4
-1
28
34
65
-2
-19
-19
-27
-24
-119
-133
-184
-173
-214
-330
-328
-339
-362
-359
-402
-436
-452
-504
-530
-555
-664
-939
-1617
-2301
-3201
-4034
-5065
-6469
-7883
-9345
-10301
-11181
-11929
-12419
-12717
-12179
-11409
-10304
-8886
-7332
-5343
-3385
-1252
858
2712
4513
5988
7291
8389
9260
9959
10210
10407
10554
10829
11000
11079
11248
11415
11777
12028
12154
12251
12118
11899
11331
10500
9484
8023
6367
4246
2117
-40
-2336
-4546
-6804
-8711
-10277
-11379
-12126
-12582
-12616
-12270
-11441
-10323
-9108
-7790
-6457
-4997
-3493
-2262
-1158
-211
554
1210
1744
2169
2540
2847
3053
3339
3755
4275
4804
5243
5784
6331
6915
7387
7625
7667
7533
7227
6722
5969
4851
3575
2249
799
-678
-2193
-3656
-4982
-6107
-7023
-7689
-8060
-8231
-8198
-7877
-7492
-6786
-6744
-7423
-7088
-6975
-6831
-7574
-8975
-9323
-9730
-9750
-10398
-11056
-11148
-10972
-9669
-9094
-8360
-7053
-5910
-4048
-2819
-1208
373
1490
2819
3651
4797
5682
6509
6875
6810
7499
8111
8919
9149
9086
10018
10814
11848
12544
13133
13975
14454
15255
15408
15337
15161
14282
13255
11485
9777
8090
5532
2821
-132
-2594
-4732
-7117
-9256
-11233
-12642
-13290
-13529
-13595
-13598
-13112
-12089
-10864
-9623
-8556
-7266
-6027
-4925
-3884
-2796
-1806
-1135
-536
38
855
1727
2453
3024
3569
4471
5637
6610
7406
8061
8781
9442
9910
10041
9875
9404
8723
7987
6833
5494
3960
2283
590
-1173
-2623
-3977
-5321
-6551
-7485
-7963
-8186
-8255
-8237
-8127
-7656
-7092
-6804
-6554
-6549
-6423
-6429
-6838
-7365
-7972
-8501
-9105
-9817
-10296
-10689
-10681
-10537
-10347
-9722
-8975
-7818
-6645
-5558
-4368
-3156
-1826
-726
158
901
1600
2289
2639
2945
3272
3687
4259
4515
5125
5800
6580
7638
8574
9811
10968
12233
13546
14558
15689
16536
17161
17415
17063
16654
15815
14619
12882
10655
8511
6118
3661
1140
-1448
-3745
-5730
-7371
-8833
-9926
-10575
-10986
-10983
-10857
-10438
-9796
-9214
-8541
-7944
-7222
-6551
-5996
-5561
-5180
-4691
-4168
-3539
-2951
-2364
-1530
-497
626
1824
3048
4374
5693
6917
8109
9089
9882
10386
10606
10522
10208
9689
8787
7588
6204
4743
3268
1789
210
-1231
-2538
-3580
-4522
-5290
-5970
-6479
-7459
-8845
-9654
-10665
-11560
-13216
-15199
-16513
-17900
-18620
-19663
-20632
-20899
-20686
-19369
-18280
-16926
-14897
-12729
-10030
-7530
-4780
-2103
144
2501
4506
6436
8078
9504
10514
10938
11852
12675
13521
13881
13861
14720
15403
16326
17053
17629
18528
19127
20240
21036
21228
21345
21042
20539
19403
17677
15846
13215
10233
6763
3086
-257
-3811
-7229
-10737
-14042
-16388
-17970
-19081
-20240
-20775
-20166
-18980
-17629
-16332
-14448
-12340
-10343
-8429
-6652
-4874
-3437
-2275
-1213
-288
698
1575
2259
2940
3650
4869
6117
7196
8331
9464
10820
12132
13216
13954
14366
14544
14484
14058
13057
11634
9924
7931
5699
3269
904
-1503
-3866
-6100
-8008
-9493
-11189
-12740
-13761
-14615
-15144
-16003
-16801
-17246
-17620
-17667
-17959
-18260
-18374
-18114
-17497
-17170
-16609
-15561
-14457
-13090
-11642
-9964
-8159
-6371
-4376
-2445
-517
1353
3304
4966
6308
7651
9125
10509
11269
12050
12941
13712
14368
14858
15388
15806
16174
16822
17329
17672
18022
18350
18922
19101
19045
18937
18290
17382
16060
14511
12783
10433
7792
4808
1660
-1318
-4212
-7207
-10302
-13119
-15082
-16350
-17497
-18338
-18576
-18147
-17350
-16341
-14982
-13293
-11600
-9789
-8086
-6328
-4570
-3166
-1856
-962
79
1253
2142
2815
3375
4079
5067
6012
6908
7844
8674
9617
10587
11455
12027
12260
12398
12256
11774
11015
9908
8507
6811
4914
2945
1052
-1043
-3059
-5148
-6991
-9504
-12000
-13576
-15461
-16998
-19304
-21137
-22058
-23086
-23189
-23842
-24203
-23765
-22960
-21104
-20069
-18683
-16492
-14547
-12009
-9862
-7393
-4988
-3107
-824
1256
3316
5138
6892
8553
9746
11338
13049
14629
15505
16092
17506
18636
19410
19931
20326
20984
21095
21645
22004
21908
22098
22101
22340
21484
20380
19760
18206
16478
13824
11240
8663
4865
1351
-2414
-5997
-9335
-12810
-15552
-18423
-20359
-21311
-22121
-22280
-22177
-20911
-19312
-17825
-15775
-13764
-11359
-9438
-7477
-5450
-3887
-2339
-1194
73
1123
1874
3151
4038
4958
5985
7036
8633
9592
10768
11995
12948
14039
14560
15083
15037
14590
14183
13045
11707
9870
7865
5863
3275
794
-1499
-3754
-5859
-8031
-9709
-12192
-14107
-15407
-16829
-17806
-20126
-21165
-21874
-22715
-22569
-23541
-23521
-23309
-22723
-20995
-20507
-18939
-17175
-15354
-12854
-11160
-8339
-6063
-4112
-1637
414
2937
4898
6785
8379
9574
11237
12669
14193
14701
15136
16376
17041
17773
17811
18163
18745
18705
19448
19586
19831
20138
20328
21180
21260
21464
21586
20740
19648
17873
16563
14516
11210
7735
3998
807
-2786
-6390
-9912
-13641
-16372
-18676
-20073
-21290
-22245
-21964
-21465
-20195
-18546
-16565
-14117
-12557
-10491
-8378
-6235
-4192
-3135
-1878
-963
33
1287
1917
2609
2907
3777
5129
6027
7302
8367
9608
10916
11983
13419
14206
14767
14823
14519
14201
13195
12078
10230
7807
5450
3044
864
-1686
-4509
-6924
-10351
-12779
-14692
-16678
-18243
-21294
-22849
-23742
-24472
-24268
-25391
-25528
-25317
-24389
-22422
-21841
-20500
-18948
-17160
-14698
-12990
-10387
-8298
-6495
-4041
-1780
903
3057
5146
7011
8588
10818
12898
14867
15561
16159
17595
18549
19560
19609
19772
19862
19470
20004
19860
19758
19583
19430
20116
20406
20780
21298
20861
20298
19242
18183
16929
14168
11103
7472
3785
295
-3328
-6741
-10838
-14641
-17566
-19505
-21111
-22849
-23646
-23506
-22555
-21083
-19302
-17054
-14960
-12606
-10157
-7879
-5445
-3720
-2236
-1334
-525
854
1848
2380
2419
2660
3787
4827
5831
6823
7724
9110
10416
11979
13379
14223
14948
15121
15157
14933
14208
13006
10991
8710
6342
4079
1640
-1163
-4001
-6543
-9497
-12413
-14191
-16329
-17980
-20321
-22270
-22806
-23724
-23615
-24308
-25091
-24593
-24131
-22438
-21799
-21314
-19556
-18167
-16012
-14388
-12442
-10158
-8661
-6257
-4042
-1540
737
2707
5094
6664
8838
11241
13205
14680
15143
16865
18335
18988
19440
19169
19611
19278
19060
19321
18580
18570
18388
18727
19261
19177
20342
20851
20808
20702
20201
19996
18366
16050
13396
10235
6733
2686
-1166
-5396
-9564
-13189
-16322
-18647
-20958
-22393
-23132
-23586
-22876
-21800
-19935
-18187
-16434
-13734
-11451
-9033
-7002
-5212
-3490
-2560
-1449
-402
145
625
761
1431
2175
2955
4029
5024
6371
7677
9429
11119
12434
13869
14786
15508
15751
15617
15295
14074
12384
10335
8190
6006
2991
285
-2543
-5275
-8783
-11873
-13930
-16322
-18230
-20992
-22893
-23923
-24893
-24807
-25831
-26249
-25912
-25143
-23491
-23133
-21999
-20240
-18863
-16692
-15205
-12809
-10761
-9132
-6693
-4623
-2016
200
2505
4799
6397
8881
11337
13485
14801
15569
17448
18591
19271
19576
19354
19568
18898
18907
18905
18101
18002
17562
17886
18123
18106
19222
19581
20248
20541
20650
20848
19228
18080
16244
13553
10457
6031
2380
-1949
-6477
-10300
-14251
-16908
-19518
-21215
-22024
-22871
-22231
-21343
-19906
-18294
-16646
-13860
-11683
-9600
-7712
-5929
-3965
-3067
-2066
-1344
-911
-234
-84
600
990
1562
2758
3592
4968
6268
8008
9876
11058
12652
13902
14857
15503
15269
15134
14113
12653
10674
8229
5998
3096
253
-3415
-6765
-9512
-12363
-14544
-17751
-20017
-21547
-22890
-23385
-24774
-25170
-25165
-25172
-24304
-24085
-23141
-22188
-21378
-19938
-18971
-17251
-15705
-14263
-12601
-11076
-8695
-6368
-4094
-1993
50
2838
5297
7750
9765
11432
13502
14804
16163
16795
17055
17477
17079
16879
16227
15542
15204
14485
14215
13952
14131
14998
15584
16709
18069
19863
22042
23585
24703
24916
24588
24216
23182
21120
17600
13092
8653
4294
-317
-5250
-10285
-14618
-17732
-19986
-21667
-22606
-22706
-21845
-20545
-18813
-16201
-13463
-10989
-9119
-7374
-5300
-3424
-2234
-1942
-2174
-1942
-1491
-1243
-1344
-1436
-922
3
1320
2908
4812
6845
8941
11035
13175
15397
17190
18233
18512
18271
17896
17033
15278
12722
9642
6746
3928
1104
-1805
-4783
-7189
-8999
-10517
-12979
-14438
-15444
-16492
-17313
-19362
-20112
-20923
-21879
-22222
-23995
-24424
-24685
-24598
-23767
-24210
-23007
-21249
-19540
-17256
-15544
-12237
-9374
-6658
-3430
-751
2430
4942
7460
9514
10916
12780
14234
15372
15409
15409
16158
16001
15573
14832
14483
14522
13821
13989
14153
14377
15228
16022
17457
18511
19763
22000
23428
24985
26050
26567
26855
25362
24437
22752
19899
16107
11292
7470
3423
-1092
-5535
-10200
-13533
-16197
-18038
-19203
-20308
-20109
-19257
-18107
-16676
-15015
-12540
-10934
-9611
-8501
-6955
-5464
-5229
-5108
-5170
-4940
-4063
-3819
-3289
-2780
-1831
196
1887
4003
6057
8371
10932
12763
14876
16670
17928
18473
18095
17710
16854
15342
13378
10620
7725
4969
2305
-116
-2880
-5315
-7387
-8710
-11151
-12997
-14103
-15543
-16478
-18899
-20410
-21337
-22937
-23457
-25230
-26455
-26927
-27014
-26018
-26366
-25614
-23765
-21938
-19341
-17512
-14392
-11123
-8573
-5234
-2369
822
3483
5955
8299
9730
11566
13119
14489
14745
14301
15117
15134
14738
14201
13336
13518
12931
12681
13012
12822
13390
13936
14965
16167
17021
18825
20409
21581
23043
24310
25440
24920
23537
22709
21465
19056
15334
10743
6657
2803
-1394
-5638
-10251
-14060
-16429
-18240
-19835
-20900
-20646
-19528
-18599
-17691
-15742
-13314
-11404
-10410
-9376
-7979
-6430
-5527
-5417
-5505
-5316
-4534
-3740
-3298
-2922
-1788
138
1959
3832
6192
8713
11254
13270
15241
17433
18880
19726
19640
18877
18002
16630
14700
11955
8597
5541
2900
194
-2638
-5403
-7373
-8980
-10291
-12474
-14146
-15158
-16385
-17378
-19606
-21297
-22352
-23819
-24652
-26254
-27455
-27701
-27590
-27044
-26653
-25521
-23399
-21105
-18731
-16300
-12786
-9560
-6553
-3468
-694
2483
4940
7201
9105
10155
11491
12756
13522
13552
13249
13808
13844
13467
12759
12327
12567
12044
11924
12163
12434
13062
13741
14702
15669
16611
17983
19492
20529
21611
23025
23855
23563
22625
21831
20993
18782
15504
11763
8164
4928
1113
-2970
-7134
-10677
-12830
-14628
-16437
-17674
-17726
-17024
-16541
-15927
-14545
-12510
-10961
-10204
-9357
-8105
-6658
-5947
-5885
-5942
-5684
-4789
-3998
-3606
-3165
-2114
-278
1306
2843
4900
7040
9144
10827
12343
14156
15303
15830
15696
15055
14333
13273
11720
9447
6685
4273
2187
9
-2408
-4598
-6337
-7584
-9765
-12031
-13108
-14669
-15712
-18119
-20511
-21330
-23174
-24006
-25321
-27507
-27721
-27840
-27212
-26718
-26587
-24623
-22285
-20172
-17813
-14866
-11514
-8537
-5549
-2690
677
3262
5706
8029
9369
11039
12658
13963
14440
13995
14609
15096
14898
14554
13709
13818
13453
12785
13236
13183
13663
14315
15025
16058
16598
17903
19392
20496
21533
22948
24690
24913
24063
22873
21932
20871
18071
14652
10565
6797
3864
100
-3858
-8132
-11190
-12670
-14567
-16175
-16979
-16681
-15814
-15636
-14808
-13026
-11123
-9677
-9205
-8327
-7098
-5787
-5000
-5270
-5525
-5209
-4180
-3492
-3517
-3042
-1815
-85
1441
2849
5072
7218
9043
10582
12085
13897
14985
15419
15179
14335
13691
12777
11154
8773
6073
3960
2042
-90
-2540
-5025
-7166
-9120
-10794
-12417
-14217
-16026
-17718
-19223
-20464
-21605
-22785
-24006
-25073
-25696
-25751
-25435
-25198
-24828
-23999
-22460
-20394
-18311
-16139
-13853
-11200
-8149
-5160
-2168
600
3108
5634
7972
10130
11867
13053
13829
14378
14822
15060
14911
14354
13474
12785
12400
12208
12023
11719
11952
12530
13522
14784
15897
17324
18516
19926
21582
22957
24684
25651
25595
25041
23518
22625
21364
18372
14831
10682
7495
4791
974
-3103
-7266
-10215
-12080
-14064
-15673
-16639
-16604
-16161
-15713
-14862
-13404
-11777
-10933
-10480
-9729
-8540
-7083
-7024
-7465
-7623
-7069
-5732
-5277
-4946
-4158
-2974
-952
659
2289
4437
6359
8322
9886
11376
13103
14038
14229
13654
12881
12462
11492
9689
7230
4815
2916
1263
-657
-2702
-4572
-6020
-7667
-9968
-11405
-12831
-14408
-16506
-19543
-21108
-22575
-24254
-25556
-27987
-29167
-29267
-29128
-28518
-28578
-27621
-25275
-23115
-20668
-18061
-14983
-11760
-8861
-5784
-2456
610
3169
5535
7298
8833
10393
11589
12272
12096
12183
12957
13098
12882
12099
11705
11960
11623
11890
12242
12366
12976
13548
14768
15874
17079
18491
19635
20836
21810
23605
24562
24159
23466
22087
21455
19599
16366
13000
8908
5822
2533
-1150
-4601
-8359
-10577
-12172
-13971
-15002
-15763
-15460
-15287
-15303
-14114
-12509
-10985
-10473
-10059
-9061
-7701
-6354
-5995
-6047
-6004
-5325
-4009
-3559
-3243
-2425
-1250
569
1865
3616
5853
7644
9417
10740
12517
14324
15181
15475
14951
14331
13734
12684
10956
8501
6107
4244
2435
402
-1758
-3772
-6146
-8245
-10037
-11643
-13161
-15741
-17880
-19633
-21268
-22136
-23786
-25407
-26607
-27321
-26694
-26438
-26226
-25403
-24222
-22111
-19887
-17282
-14478
-11839
-8947
-5844
-2432
661
3464
5865
7856
9804
11584
13183
13867
13815
14111
14097
13987
13366
12282
11584
10675
10310
10453
10351
10669
11123
12324
13835
15461
17143
18728
20229
21465
23081
24573
25891
26321
25471
24301
23066
21859
20134
16717
12342
8304
4767
1553
-2505
-6918
-10262
-12641
-14039
-15460
-16514
-16763
-16698
-16651
-16384
-15554
-14287
-13133
-12710
-12416
-11505
-9780
-8399
-7978
-8024
-7308
-5783
-4131
-2908
-2021
-501
1232
2875
4359
5728
7237
8347
8998
9655
10284
10980
11238
10689
10074
9703
9511
8766
7041
4854
2995
1502
-2
-1644
-3244
-4637
-5594
-7297
-9141
-10184
-11877
-13521
-16481
-19538
-21225
-23662
-25337
-27550
-30405
-31111
-31632
-31221
-30817
-30879
-29076
-26771
-24375
-21694
-18892
-15395
-12450
-9500
-6419
-3039
27
2317
4431
6030
7664
9316
10594
11266
11094
11715
12439
12335
11971
11158
11479
12091
12265
13234
13791
14506
15504
16240
17847
18733
19724
20663
20892
21625
22396
23946
25131
24491
23643
22402
21465
19985
16969
13124
9043
5609
2480
-856
-5025
-9164
-11879
-14231
-16597
-18791
-20248
-20465
-21109
-21758
-21136
-19789
-17943
-16927
-16336
-14790
-12829
-10495
-9080
-8591
-7833
-6296
-4251
-2950
-2418
-1435
-6
1355
2477
3797
5602
7377
8706
9836
11389
12973
13939
14071
13173
12459
11920
11089
9664
7332
5283
3855
2394
799
-1015
-2565
-3762
-5303
-6447
-7640
-8996
-10484
-12677
-14592
-16172
-17864
-19395
-21441
-23390
-24441
-24922
-25012
-25239
-25400
-24743
-23234
-21496
-19616
-17507
-15301
-12757
-10074
-7264
-4266
-1719
615
2616
4409
6201
7539
8581
8965
8886
9168
9272
9103
8712
8146
8154
8460
8844
9544
9959
10611
11656
12934
14449
16004
17470
19012
20681
22236
23929
25096
25899
26381
25794
25026
24393
23622
22768
20514
17273
13939
10691
7934
4476
-280
-4719
-8422
-11177
-13867
-17096
-19534
-20968
-21831
-22642
-23118
-22554
-21187
-20022
-19234
-17804
-15126
-12015
-9517
-7934
-6057
-3357
-334
2028
3047
4071
5730
7543
9269
10731
12730
15017
16593
17657
18410
19141
19677
18976
17620
16274
15273
14357
12715
10450
8389
6982
5791
4200
2184
377
-1070
-2440
-4262
-6248
-8414
-10297
-12374
-14894
-17112
-19616
-21938
-24294
-27074
-28876
-30278
-31171
-31783
-32531
-31960
-30713
-28852
-26584
-24358
-21548
-18181
-14644
-11265
-8292
-5115
-2201
560
2775
4665
6267
7231
8019
8547
8920
9256
9228
9273
9221
9433
10093
10703
11476
11868
12773
14123
15287
16575
17629
18815
19791
20903
21707
22254
23219
23650
24339
25087
25150
24910
24353
24206
24158
23325
21050
18008
15204
12740
9791
5886
1904
-1456
-3962
-6521
-9031
-11383
-12468
-13229
-13996
-14515
-14183
-12889
-11873
-11510
-11136
-9974
-8273
-6889
-6408
-6185
-5467
-4138
-3077
-2745
-2163
-1086
220
1335
2267
3655
5339
6755
7642
8817
10197
11830
12688
12677
12520
12440
12342
11508
9814
7812
6043
4361
2390
122
-2050
-4150
-6289
-8403
-10345
-11855
-13454
-15453
-17377
-19067
-20316
-21648
-23268
-25006
-26428
-27043
-27198
-27544
-27728
-27442
-26409
-25023
-23435
-21525
-19325
-16971
-14406
-11603
-8672
-5736
-2930
-478
1800
4013
6176
8088
9164
9792
10372
10966
11341
11035
10469
10251
10299
10645
11185
11857
12606
13473
14571
15730
16735
17941
19097
20062
20863
21589
22192
22707
22762
22577
22485
21546
20777
19840
18391
16727
13705
10356
7442
4428
1297
-2814
-6947
-10243
-11923
-12243
-12214
-12228
-11385
-10236
-9605
-9805
-9940
-10051
-10767
-12624
-15393
-17428
-18419
-18235
-17953
-17513
-16006
-13807
-11835
-10530
-9220
-6878
-4020
-1415
803
3144
6042
8728
10365
11529
12376
13167
13254
12362
11174
10019
9096
7725
5958
3976
2570
1576
247
-1545
-3356
-5222
-7066
-8973
-10969
-12524
-14474
-16603
-18547
-20475
-21723
-22992
-24705
-26201
-27640
-28104
-28191
-28548
-28766
-28661
-27700
-26254
-24684
-22911
-20994
-18636
-16112
-13292
-10384
-7499
-4669
-2157
329
2615
4845
6700
7781
8422
8871
9313
9583
9109
8448
7936
7861
8171
8608
9229
10148
11153
12875
14667
16324
18443
19733
21120
22021
22188
23308
23694
24115
24999
24890
24903
24141
22781
21999
20237
17403
14432
11089
8429
5982
3010
139
-1783
-3189
-3902
-4490
-5443
-6430
-8580
-12522
-17870
-22682
-23771
-21896
-18945
-15336
-11669
-7599
-4443
-3061
-2398
-2085
-1384
-554
-712
-699
-217
606
1460
1560
1612
2359
3183
3918
4704
5797
7566
9093
9996
10666
11293
11938
11968
11075
9684
8240
6986
5641
3831
2042
362
-1375
-3163
-5147
-6927
-8579
-10670
-13173
-15342
-17180
-18795
-20456
-22643
-24240
-25120
-25526
-25598
-25900
-25739
-24800
-23355
-21601
-19794
-17673
-15295
-12842
-10244
-7645
-4850
-2302
-61
1885
3554
5290
6690
7530
7782
7916
8305
8521
8519
8229
7943
8126
8475
9096
10027
11155
12579
13846
15335
17506
19454
21308
22752
23619
24246
24404
24313
24111
23559
22976
21604
19339
17656
16098
14776
12684
9649
7101
5165
4136
3799
2536
381
-1512
-1669
-1969
-4798
-7765
-8643
-8293
-7288
-5774
-4988
-5018
-6609
-10320
-13606
-14482
-13619
-12368
-12273
-12643
-12317
-11546
-10609
-9889
-8547
-6112
-3552
-1240
480
2267
4166
5433
5949
6626
7739
8810
9217
8939
8939
9101
9038
8321
6821
5322
4292
3238
1749
-45
-1848
-3604
-5270
-7182
-8835
-10462
-12448
-14456
-16542
-18087
-19232
-20717
-22350
-23990
-24855
-25080
-25240
-25423
-25500
-24935
-23772
-22285
-20596
-18834
-16818
-14445
-11930
-9187
-6455
-3673
-1196
1092
3290
5439
7482
8847
9612
10119
10577
11149
11283
11135
10835
10748
11008
11291
11580
11964
12531
13365
14752
16105
17435
18617
19255
19578
19712
19262
18443
16667
14840
14279
13268
11975
11861
13308
16072
17497
16429
13124
8615
6183
5945
8626
13932
21312
26613
20859
6550
-7669
-17356
-20701
-20431
-18972
-15959
-12433
-9447
-7787
-7141
-6589
-5919
-5749
-6834
-8067
-8529
-8197
-7726
-8318
-8816
-8384
-7451
-6365
-5791
-4868
-3061
-1297
397
2289
4497
6578
7854
8118
8021
8152
8148
7369
5901
4244
2926
1863
410
-1338
-2937
-4126
-5494
-7274
-9090
-10547
-12039
-13827
-16178
-18331
-19859
-21575
-23111
-25059
-26726
-27363
-27693
-27853
-27833
-27565
-26228
-24564
-22944
-20926
-18583
-15895
-13323
-10814
-8206
-5328
-2648
-423
1524
3209
4953
6500
7495
8051
8424
9020
9390
9401
9290
9263
9584
9944
10233
10757
11538
12609
13969
15145
16634
18272
19792
21280
21996
22730
23005
23128
22831
21452
19319
15884
12927
9543
6035
3594
553
-1092
-128
3551
8936
11440
9330
5265
2208
2356
4220
3753
2041
-115
-1778
-2800
-3860
-6537
-11252
-16100
-18805
-17205
-13358
-9320
-6353
-4512
-2728
-1289
-774
-1337
-2457
-2825
-2764
-2399
-1810
-1031
319
1662
2754
4027
5588
7214
8222
8465
8676
9005
9360
8887
7782
6334
5169
4277
2984
1435
-77
-1402
-2740
-4297
-5981
-7344
-8887
-10996
-13201
-15409
-17106
-18877
-21086
-23089
-24922
-25883
-26254
-26795
-27010
-26726
-25640
-23929
-22220
-20263
-17981
-15418
-12795
-10253
-7452
-4654
-2129
1
1908
3718
5355
6731
7493
7935
8340
8887
9350
9374
9463
9714
10411
11196
11836
12651
13805
14833
16018
17223
18658
20111
21302
22345
23056
23603
23806
24038
23760
23737
23779
23281
23091
22262
20154
16999
12895
8877
5166
1919
-2616
-8022
-12149
-15683
-18427
-19802
-19685
-18751
-18250
-15824
-11057
-5350
914
5438
7308
6850
5594
4686
4000
2957
1270
434
1249
2362
3311
3678
4156
5297
6166
6816
7259
7920
9057
9515
9642
10074
10662
11243
10924
10106
9526
9273
8775
7381
5435
3634
2372
1018
-585
-2242
-3613
-4772
-6399
-7988
-9152
-10377
-11845
-14028
-16173
-17762
-19297
-20885
-22987
-25197
-26433
-27131
-27572
-28120
-28536
-27970
-26732
-25325
-23794
-21747
-19414
-16962
-14522
-11899
-9051
-6307
-3913
-1862
43
1945
3681
4849
5234
5361
5784
6060
6004
5744
5453
5652
5869
6221
6911
7603
8730
9834
11033
12399
14112
15791
17373
19067
20519
22318
23645
24468
25131
25242
25037
23739
21826
20093
18429
16450
12534
7806
3446
14
-2848
-6243
-9712
-12213
-13786
-13785
-12117
-10957
-12818
-16959
-18547
-15522
-10911
-7461
-5121
-3807
-3445
-2803
-1635
-586
-251
-360
227
1222
1756
1652
1382
1788
2349
2404
2113
2038
2732
3553
4133
5151
6762
8582
9616
9804
9726
9813
9699
8690
7003
5308
4029
2918
1450
-197
-1927
-3539
-4820
-6531
-8174
-9725
-11523
-13295
-15437
-17249
-18556
-20291
-22098
-24132
-25441
-26062
-26712
-27137
-27580
-27331
-26451
-25108
-23561
-22079
-20178
-17876
-15327
-12654
-10091
-7230
-4626
-2358
-213
1738
3645
4832
5452
5838
6168
6667
6846
6939
7137
7280
7892
8791
9772
10743
11796
13127
14441
15696
16552
17418
18201
19053
20121
20994
21881
22208
22322
22469
21015
19508
18658
17256
16909
15465
11692
7622
3580
2145
2630
1018
-2518
-4364
-3203
-3133
-7351
-15005
-22059
-24742
-21321
-13248
-5259
1607
6350
7005
5142
2804
700
-1182
-2839
-3486
-3022
-1979
-1270
-1520
-1637
-1003
-216
281
530
1518
3058
4287
5117
6036
7423
8687
9235
9045
8983
9112
9030
8196
6542
4893
3607
2403
767
-1388
-3546
-5061
-6826
-8621
-10453
-12413
-13947
-15972
-17905
-19280
-20714
-21874
-23428
-24844
-25381
-25789
-25685
-25706
-25612
-24788
-23219
-21149
-19258
-17231
-14775
-12031
-9123
-6486
-3712
-988
1394
3503
5248
6939
8119
8849
9106
9002
9127
9068
9069
8842
8399
8578
9025
9716
10206
10890
11935
13180
14743
16220
17734
19451
20854
22065
22562
22913
23982
24419
24080
23299
21165
18629
15562
12524
11515
10825
11458
13165
17362
21557
15710
2735
-6684
-6286
1071
4329
2927
1291
-722
-5041
-11649
-17065
-18932
-17111
-13984
-11445
-9113
-6717
-5187
-5220
-6853
-8478
-9295
-9485
-9255
-9159
-8439
-7144
-5883
-4671
-3358
-1569
599
2222
3531
5139
6851
8302
8790
8685
8489
8386
7989
6783
5139
3647
2512
1355
-270
-2432
-4054
-5561
-7219
-8934
-11076
-12563
-14198
-16197
-17804
-19592
-20890
-22179
-23784
-24904
-25798
-26023
-25998
-26157
-25981
-25291
-23868
-22306
-20917
-19229
-17231
-14706
-12425
-10152
-7663
-5253
-2778
-761
1127
2800
4188
5356
5902
6310
6739
7153
7606
7543
7457
7797
8658
9540
10154
11309
12685
14019
15426
16661
18096
19057
19682
19898
18800
17366
15507
14137
13802
13995
14716
15168
17245
23596
29031
26947
23867
30913
27905
8200
-6522
-8747
-1001
4548
4103
-208
-6734
-8960
-6491
-3530
-1580
-2283
-4980
-7933
-10611
-12641
-13722
-13398
-12220
-10990
-10133
-9463
-8091
-6434
-5055
-4209
-3706
-2795
-1908
-1301
-796
-125
896
1661
2242
2955
3984
5217
5849
5815
5801
5943
6094
5655
4643
3565
2651
1847
213
-1498
-3136
-4648
-6021
-8203
-9910
-11447
-12959
-14265
-16243
-17519
-18431
-19223
-19795
-20902
-21161
-21031
-20707
-20345
-20151
-19235
-17942
-16516
-15176
-13780
-11709
-9611
-7487
-5405
-3312
-905
1117
2932
4390
5504
6660
7260
7540
7525
7477
7726
7644
7354
7248
7494
8233
9049
10029
11317
12822
14386
15521
16454
17350
18535
19640
19208
17482
14397
10306
5920
2426
1092
3689
7985
2395
527
17578
31883
25819
18491
16495
11818
8382
8823
10386
10562
5220
-4780
-12402
-15439
-14595
-12115
-9615
-7648
-5997
-4824
-4104
-4386
-5234
-5442
-5223
-4922
-4945
-5198
-4804
-4216
-3756
-3732
-4014
-3996
-3890
-3862
-3911
-3784
-3106
-2506
-1994
-1317
-401
607
1227
1383
1509
1832
2041
1871
1272
630
79
-587
-1571
-2794
-4032
-5052
-6345
-7796
-9115
-10389
-11391
-12687
-14078
-15070
-15814
-16304
-16877
-17459
-17628
-17361
-16982
-16624
-16221
-15529
-14548
-13444
-12416
-11214
-9815
-8251
-6722
-5350
-3824
-2279
-863
192
983
1786
2468
2856
3003
2904
3104
3503
3821
4070
4227
4793
5572
6569
7811
9291
11005
12829
14493
15873
16916
17605
17567
17083
16057
14579
13522
12693
11994
10616
10375
10219
8413
5732
4422
6001
7708
10992
16021
18840
16546
10777
6155
3897
2138
1132
813
1159
2488
2529
453
-3225
-6756
-8569
-8934
-8523
-8519
-9133
-9487
-9697
-9781
-9836
-9531
-8523
-7591
-6896
-6547
-6096
-5073
-4026
-3077
-1985
-682
731
1920
2991
4087
5299
6165
6490
6595
6635
6714
6451
5731
4801
3749
2758
1649
201
-1268
-2951
-4799
-6854
-8886
-10657
-12270
-13759
-15184
-16302
-16870
-17254
-17642
-18026
-18216
-17966
-17625
-17211
-16852
-16417
-15738
-14912
-13943
-12906
-11726
-10387
-9088
-7733
-6309
-4788
-3357
-2273
-1368
-543
271
879
1129
1231
1476
1949
2661
3504
4409
5623
7246
9273
11549
13766
15846
17606
18804
19269
18715
17409
16026
14709
14100
15257
15740
17356
21872
26449
29270
26573
21718
13576
-683
-9209
-6174
3016
12643
18569
19298
18314
15556
9128
3261
1060
254
-1065
-2811
-4198
-4543
-4554
-4596
-4463
-4369
-4512
-5337
-6261
-6664
-6814
-6815
-7091
-7413
-7482
-7374
-7226
-7239
-7088
-6615
-5953
-5198
-4520
-3512
-2286
-1113
-188
643
1571
2584
3323
3658
3870
4172
4494
4415
4139
3569
2878
2139
1066
-147
-1656
-3213
-4758
-6509
-8027
-9489
-10819
-12024
-13260
-14060
-14572
-14918
-15233
-15473
-15445
-15131
-14680
-14156
-13659
-13004
-12206
-11185
-10092
-8981
-7747
-6441
-5028
-3692
-2212
-667
728
1955
3047
4015
4805
5310
5589
5858
6231
6732
7421
8053
8511
8993
9572
10257
10912
11631
11981
11880
11635
10956
9697
8428
7669
8010
9031
10065
9699
9538
12538
20555
27929
25496
21644
20509
17491
13847
11220
10914
10762
7949
6241
6832
7474
8670
9208
8636
7402
4996
2361
-315
-2597
-4614
-6621
-7844
-8675
-8839
-8482
-8406
-7932
-7447
-6926
-6257
-6139
-5914
-5823
-5729
-5441
-5487
-5269
-4821
-4195
-3430
-2722
-1718
-789
58
819
1592
2420
3189
3737
4025
4130
4155
4028
3672
3022
2058
1090
-69
-1304
-2686
-4157
-5611
-7128
-8537
-9780
-10909
-11832
-12669
-13253
-13575
-13654
-13518
-13387
-13105
-12808
-12304
-11681
-11095
-10520
-9839
-9071
-8183
-7229
-6165
-5039
-3916
-2801
-1649
-440
723
1714
2517
3091
3427
3650
3791
3857
3970
4306
4923
5643
6435
7310
8393
9722
11080
12728
14611
16911
19563
22404
25329
28229
29497
28489
26272
23210
18087
14129
14853
15256
13134
8498
4607
5110
9720
16256
20025
20916
20019
17447
14396
12021
11175
9739
7559
5621
2479
-318
-1945
-4170
-4836
-4473
-4539
-5294
-6457
-7329
-8954
-9069
-8026
-7561
-6746
-6233
-5480
-4674
-3866
-3321
-4187
-5496
-7151
-8270
-8617
-8730
-8450
-7933
-6704
-4784
-2749
-560
1346
2850
3910
4409
4588
4402
4053
3605
3156
2427
1553
687
-405
-1409
-2576
-3906
-5035
-6358
-7416
-8410
-9443
-10205
-11092
-11594
-11978
-12231
-12341
-12413
-12310
-12229
-11971
-11585
-11220
-10765
-10424
-9874
-9185
-8573
-7834
-7121
-6361
-5536
-4669
-3727
-2750
-1647
-444
773
1967
2990
3872
4612
5126
5388
5709
6111
6666
7403
8397
9876
11764
13620
15627
17415
19036
20353
21938
23398
26096
26279
24889
27940
26433
17512
8820
6051
11784
19416
20266
17518
17355
20352
23246
24920
25272
23973
22237
19356
16171
14091
12077
10275
7069
3071
1215
1070
1451
977
-565
-2903
-5674
-7498
-8496
-9165
-9539
-9891
-10579
-11920
-13099
-13500
-13455
-13173
-12962
-12722
-12339
-11989
-11280
-10402
-9296
-7833
-6363
-4860
-3331
-1877
-681
218
709
855
1012
1246
1441
1523
1296
801
-6
-1131
-2488
-3940
-5501
-6967
-8200
-9370
-10282
-11043
-11659
-12074
-12384
-12383
-12246
-12064
-11697
-11371
-10939
-10577
-10193
-9760
-9494
-9124
-8805
-8414
-7934
-7564
-7110
-6591
-6003
-5191
-4255
-3151
-1907
-551
999
2509
4065
5424
6659
7718
8405
8995
9372
9582
9574
9372
8897
8238
7222
6092
5316
5046
5494
6301
8263
11099
12861
15425
18443
20480
20544
17096
13247
11725
12173
13367
12454
6558
199
25
4332
8787
10463
9801
10025
11205
11635
11188
10879
10864
11488
12673
13880
13994
10095
5014
2314
2692
5398
5799
3656
527
-2194
-3245
-3225
-3186
-3029
-2755
-3445
-5638
-8075
-9751
-10682
-10417
-9722
-9035
-8341
-7668
-6762
-6137
-5830
-5178
-4503
-3675
-2924
-2465
-2108
-1957
-1926
-2124
-2675
-3564
-4597
-5691
-6884
-8092
-9438
-10667
-11780
-12923
-13799
-14751
-15472
-16163
-16781
-17053
-17344
-17370
-17324
-17162
-16859
-16499
-15872
-15282
-14689
-13986
-13297
-12499
-11780
-11026
-10258
-9541
-8687
-7862
-6828
-5751
-4760
-3642
-2520
-1224
13
1199
2274
3081
3869
4665
5449
6043
6545
7070
7365
7449
7910
9223
11907
15041
16402
15968
14706
13136
11947
10696
11340
14743
17518
19477
20708
20285
18242
15740
13655
14134
15777
13880
9654
6405
4386
3160
2681
2618
2301
1494
491
-572
-1596
-2506
-3363
-4337
-5188
-6065
-6906
-7631
-8114
-8251
-7979
-7530
-6804
-5883
-4915
-3795
-3274
-3044
-2671
-2843
-3014
-2628
-2057
-1849
-2674
-3800
-4799
-5172
-4874
-4225
-2705
-233
2625
5297
6988
7561
7267
6544
5528
4413
3328
2149
1074
5
-615
-1113
-1603
-2356
-3576
-5055
-6909
-8995
-11130
-13415
-15422
-17000
-18082
-18743
-19062
-18853
-18325
-17447
-16476
-15372
-14070
-12956
-11896
-10810
-9778
-8730
-7953
-7280
-6710
-6228
-5688
-5124
-4533
-3884
-3012
-1914
-828
338
1449
2461
3262
3786
4175
4433
4612
4760
4827
4877
5221
5909
7166
8965
11058
12589
12979
12254
10694
9489
9751
10561
11638
13074
14178
16399
18979
19972
19426
20701
21970
22619
23085
22118
20704
17258
11770
7474
6726
7077
7480
8059
8214
8234
7645
6340
4948
3920
3223
2061
806
-33
-903
-1554
-2040
-2166
-1906
-1961
-2382
-3259
-4357
-5416
-6438
-7214
-7636
-7400
-6476
-5176
-3687
-2555
-2068
-2241
-2845
-3489
-4035
-4283
-4762
-5430
-5834
-5815
-5404
-4940
-4394
-3922
-3606
-3396
-3450
-3686
-3939
-4135
-4264
-4571
-5102
-5860
-6948
-8204
-9419
-10414
-11276
-12186
-13313
-14184
-14665
-14926
-15022
-15136
-15131
-14932
-14489
-13986
-13521
-13046
-12485
-11827
-11266
-10811
-10308
-9749
-9129
-8401
-7465
-6325
-5124
-3912
-2587
-1312
-59
1129
2111
2850
3356
3868
4310
4616
4887
5168
5320
5551
6104
7102
8494
9788
10469
10201
9100
7759
6989
7213
8963
11485
13153
14212
14630
14298
13690
13112
13004
13033
13754
14535
15037
15198
14382
12874
11255
9094
6174
4318
3932
4221
4374
4768
5055
4867
4479
3251
1607
4
-1990
-4181
-5582
-6012
-6233
-6341
-6693
-7420
-7949
-8520
-9148
-9500
-9613
-9734
-9956
-10090
-9903
-9389
-8570
-7676
-6863
-5929
-4808
-3579
-2270
-892
332
1241
1711
1822
1614
1173
518
-245
-1076
-2085
-3116
-4184
-5246
-6205
-7160
-8190
-9091
-9893
-10551
-11070
-11664
-12123
-12531
-12807
-12966
-13105
-13181
-13158
-12894
-12554
-12030
-11303
-10561
-9795
-9038
-8218
-7371
-6557
-5791
-5011
-4227
-3450
-2625
-1750
-915
-80
684
1411
2046
2542
3007
3425
3841
4189
4554
4867
5195
5402
5478
5696
6046
6522
7078
7743
8473
9187
9435
9228
9404
9941
10772
12009
14155
16258
17029
16968
17123
17617
17250
17057
16728
16031
14651
12944
10592
7774
6619
5511
4866
4897
4518
3336
599
-2769
-5897
-8162
-8510
-7540
-6027
-4336
-2983
-1968
-1603
-1947
-2368
-2755
-3339
-4114
-4323
-4302
-4399
-4256
-3999
-3572
-3074
-2483
-1943
-1522
-1154
-913
-686
-453
-248
-21
237
485
666
878
1051
1325
1584
1897
2290
2640
2919
2897
2399
1464
231
-1346
-2847
-4247
-5577
-6528
-7421
-8207
-8928
-9710
-10287
-10936
-11363
-11740
-12000
-12065
-12128
-11904
-11654
-11211
-10585
-10014
-9301
-8571
-7891
-7239
-6658
-6010
-5434
-4793
-4198
-3556
-2893
-2217
-1570
-863
-26
769
1562
2339
3053
3635
4104
4505
4746
4828
4989
5175
5385
5630
6033
6532
7073
7720
8462
9381
10405
11507
12667
13945
15045
15677
15875
15781
15381
15220
15050
13753
12128
10745
8805
6929
5650
4510
3685
3031
2447
1298
204
-270
-579
-382
-251
-549
-1174
-2214
-3244
-4033
-4726
-5138
-5403
-5431
-5140
-4946
-4988
-5158
-5307
-5319
-5079
-4439
-3238
-1882
-508
1367
3575
5788
7360
7678
6561
4722
2941
1310
-122
-1427
-2480
-3216
-3484
-3176
-2390
-1406
-529
-29
101
-43
-444
-890
-1594
-2237
-2807
-3443
-4035
-4845
-5691
-6526
-7510
-8484
-9530
-10497
-11349
-12199
-12656
-12928
-12922
-12672
-12242
-11538
-10725
-9701
-8644
-7700
-6848
-6097
-5399
-4848
-4453
-4115
-3817
-3519
-3230
-2918
-2540
-2180
-1793
-1367
-882
-383
143
699
1162
1683
2163
2667
3067
3440
3788
4100
4448
4776
5158
5516
5882
6213
6589
7014
7298
7445
7466
7549
7680
7831
7916
7863
7897
7869
7786
7427
6516
5601
4542
3403
2477
1557
588
-237
-650
-974
-1194
-1054
-777
-315
259
668
983
1249
1572
1848
1496
-76
-2677
-5283
-6977
-7235
-6279
-4723
-2847
-702
1518
3522
5273
6838
8058
8878
9256
9080
8454
7681
7000
6448
6019
5741
5401
4835
4069
3226
2274
1043
-317
-1517
-2546
-3229
-3641
-3914
-3972
-4002
-3936
-3941
-3965
-3973
-4083
-4214
-4608
-5042
-5598
-6198
-6716
-7328
-7835
-8312
-8724
-9053
-9255
-9279
-9071
-8672
-8158
-7605
-7050
-6443
-5926
-5399
-4946
-4596
-4341
-4224
-4166
-4196
-4266
-4302
-4301
-4169
-3963
-3685
-3243
-2783
-2207
-1628
-1075
-563
-192
193
530
790
947
1094
1249
1372
1570
1756
2034
2384
2710
3134
3628
4125
4658
5186
5667
6126
6576
6928
7171
7249
7131
6857
6506
6051
5421
4723
3962
3247
2507
1863
1247
659
169
-247
-596
-848
-988
-1285
-1779
-2087
-2084
-2067
-2082
-2250
-2292
-2231
-2110
-1865
-1587
-1205
-759
-192
385
982
1581
2082
2572
3082
3652
4094
4260
4131
3776
3238
2629
2041
1530
1233
1235
1415
1770
2174
2278
2097
1665
848
-100
-910
-1477
-1799
-1938
-1998
-2022
-2054
-2205
-2446
-2760
-3162
-3538
-3993
-4404
-4749
-5049
-5214
-5227
-5069
-4784
-4443
-4087
-3739
-3510
-3352
-3322
-3404
-3548
-3789
-4013
-4192
-4377
-4567
-4659
-4689
-4574
-4350
-4052
-3652
-3223
-2716
-2151
-1598
-1105
-669
-345
-99
107
199
169
95
-12
-130
-272
-430
-568
-662
-717
-711
-672
-540
-337
-110
152
481
815
1133
1428
1665
1842
1981
1955
1944
1921
1764
1642
1365
1154
1060
867
840
688
679
671
550
498
270
107
-184
-506
-794
-1127
-1282
-1464
-1646
-1677
-1709
-1727
-1792
-1765
-1764
-1756
-1710
-1709
-1700
-1711
-1765
-1807
-1902
-2064
-2193
-2402
-2623
-2791
-2980
-3097
-3128
-3224
-3107
-2953
-2713
-2408
-2086
-1606
-1128
-650
-195
189
516
803
1016
1165
1237
1215
1257
1222
1170
1170
1210
1296
1358
1453
1621
1746
1905
2023
2064
2159
2191
2196
2157
2027
1849
1626
1370
1041
708
378
94
-204
-493
-692
-876
-1016
-1077
-1071
-1050
-1036
-1016
-980
-948
-945
-918
-912
-932
-931
-908
-885
-847
-782
-754
-633
-492
-337
-156
7
204
307
432
529
543
538
480
404
283
105
-109
-294
-487
-673
-805
-897
-897
-842
-683
-525
-389
-176
35
194
349
494
550
609
610
609
555
464
384
293
219
155
104
89
122
187
229
316
373
456
504
446
418
294
137
27
-106
-250
-358
-449
-527
-552
-661
-706
-708
-728
-739
-743
-819
-872
-949
-1073
-1214
-1420
-1648
-1880
-2115
-2384
-2594
-2849
-3093
-3261
-3440
-3578
-3643
-3660
-3693
-3698
-3652
-3634
-3577
-3509
-3488
-3429
-3398
-3323
-3290
-3256
-3260
-3214
-3112
-3055
-2941
-2851
-2698
-2593
-2464
-2273
-2144
-2017
-1916
-1778
-1701
-1620
-1586
-1578
-1550
-1565
-1575
-1538
-1551
-1545
-1514
-1507
-1401
-1348
-1288
-1175
-1082
-978
-855
-766
-661
-553
-447
-338
-257
-165
-70
58
192
267
397
523
616
752
852
1005
1108
1179
1285
1333
1379
1354
1361
1271
1202
1129
934
772
564
394
210
-4
-164
-330
-466
-571
-691
-777
-792
-826
-790
-688
-592
-401
-243
3
261
529
795
1048
1279
1507
1779
1952
2098
2273
2343
2380
2399
2408
2329
2245
2165
2005
1832
1653
1416
1231
1039
867
656
463
376
253
135
30
-52
-135
-180
-317
-470
-554
-683
-821
-947
-1087
-1199
-1332
-1401
-1476
-1543
-1541
-1542
-1579
-1567
-1541
-1479
-1438
-1432
-1363
-1312
-1252
-1216
-1234
-1184
-1180
-1207
-1230
-1241
-1274
-1299
-1325
-1385
-1405
-1431
-1477
-1493
-1499
-1524
-1550
-1579
-1582
-1599
-1625
-1631
-1645
-1653
-1640
-1659
-1654
-1664
-1682
-1637
-1634
-1587
-1579
-1554
-1452
-1392
-1355
-1295
-1242
-1174
-1123
-1078
-1047
-1008
-965
-931
-883
-857
-856
-789
-744
-682
-662
-622
-581
-576
-559
-539
-506
-484
-436
-423
-376
-411
-395
-365
-348
-308
-305
-278
-244
-183
-83
-43
5
69
136
208
251
291
320
353
422
459
496
467
482
488
443
424
366
347
293
236
171
141
78
60
34
-34
-98
-157
-191
-245
-305
-315
-352
-324
-325
-312
-303
-274
-267
-303
-262
-207
-184
-135
-75
-53
19
56
79
144
141
178
209
186
187
223
218
204
189
191
171
112
147
130
167
122
102
185
203
220
271
297
363
373
422
462
445
505
497
495
518
502
499
469
496
493
446
439
443
433
399
413
401
389
396
401
413
415
425
430
434
440
457
431
391
420
392
364
345
346
323
306
308
236
260
237
214
194
160
129
115
121
106
85
96
110
93
122
128
126
145
185
219
240
269
294
343
332
343
351
333
362
329
357
338
351
343
344
353
369
415
379
371
360
370
370
371
412
428
436
476
495
497
543
541
514
525
526
545
549
523
487
506
527
519
506
568
556
564
620
635
669
665
709
750
736
745
784
804
795
836
869
853
912
946
1018
1033
1078
1099
1163
1193
1242
1228
1247
1245
1224
1247
1225
1218
1149
1150
1129
1104
1022
988
954
911
854
818
761
692
607
565
508
436
373
295
220
105
68
-21
-89
-161
-214
-305
-383
-443
-522
-551
-628
-664
-733
-735
-746
-805
-802
-804
-856
-841
-842
-852
-847
-848
-803
-823
-830
-787
-792
-756
-702
-712
-696
-686
-675
-656
-629
-589
-546
-546
-547
-536
-512
-483
-515
-488
-506
-480
-433
-433
-428
-384
-359
-359
-325
-325
-270
-245
-227
-199
-175
-165
-143
-98
-92
-94
-49
-62
-36
7
22
43
72
122
109
185
218
221
317
348
366
401
428
455
525
538
519
579
610
638
666
660
683
695
720
744
776
798
820
845
860
878
879
875
870
870
861
859
905
854
867
874
836
871
864
838
826
805
831
774
800
782
710
688
655
640
551
522
462
407
358
315
277
215
160
72
31
14
-6
-47
-83
-73
-84
-93
-125
-108
-83
-20
-30
-60
-17
45
29
64
79
103
173
174
225
208
271
318
315
379
375
434
437
421
428
434
458
470
456
458
467
456
483
496
491
516
520
524
551
523
550
613
634
664
669
711
736
722
733
725
749
764
815
815
874
876
877
925
922
935
941
963
948
939
944
925
897
866
837
852
822
756
761
731
683
669
636
624
558
504
468
465
426
375
347
345
328
269
242
189
158
134
111
58
42
51
10
-19
-62
-68
-128
-141
-182
-221
-216
-231
-249
-272
-351
-374
-387
-442
-425
-459
-473
-500
-513
-503
-523
-571
-531
-521
-566
-545
-535
-549
-546
-585
-561
-571
-561
-540
-574
-517
-535
-527
-547
-534
-511
-493
-482
-470
-450
-430
-387
-393
-395
-361
-338
-293
-271
-255
-171
-179
-193
-163
-116
-78
-65
-53
12
6
5
57
87
113
158
191
225
241
223
260
255
243
249
296
316
338
334
356
351
337
384
378
394
389
395
428
400
395
427
409
406
368
319
356
339
314
334
307
299
328
295
296
297
270
240
214
205
173
184
162
133
107
134
101
88
68
104
89
67
100
42
58
48
55
11
13
13
-26
-36
-30
-18
-26
-54
-42
-68
-52
-30
-28
-29
-15
-34
-37
2
12
0
39
95
91
66
76
85
104
143
137
139
182
164
171
186
159
165
205
194
193
218
206
245
248
234
258
255
252
259
257
269
303
330
352
374
379
373
400
433
469
482
486
491
499
485
506
557
582
604
588
580
579
604
600
591
635
647
638
649
646
649
612
621
605
611
621
563
595
589
525
475
469
441
409
372
343
278
202
217
163
129
81
22
-41
-97
-103
-59
-92
-135
-125
-164
-180
-214
-192
-205
-236
-213
-209
-172
-171
-173
-165
-159
-107
-89
-57
-44
-46
-7
-1
9
22
42
37
114
116
117
139
170
183
210
239
261
273
295
346
379
441
457
509
566
558
579
618
662
661
685
701
707
688
702
719
720
721
725
736
720
708
705
688
654
654
616
566
556
566
511
490
461
436
444
398
394
369
331
320
277
282
271
250
275
217
243
250
245
251
225
246
193
187
190
202
232
242
240
183
194
142
100
88
36
-11
-113
-171
-201
-269
-296
-292
-348
-341
-302
-263
-182
-131
-34
56
138
224
303
372
419
474
483
512
533
512
504
457
432
402
322
296
231
185
161
38
14
-8
-53
-114
-157
-196
-219
-277
-318
-318
-373
-403
-411
-419
-467
-502
-561
-563
-611
-628
-671
-672
-664
-690
-666
-700
-691
-693
-692
-692
-671
-664
-648
-645
-587
-556
-536
-505
-477
-463
-442
-399
-374
-365
-351
-271
-254
-263
-190
-210
-210
-154
-118
-109
-87
-71
-17
20
24
55
80
124
128
167
185
198
207
231
232
254
280
270
309
340
356
386
387
395
409
398
410
465
478
465
511
511
515
532
521
562
563
578
585
609
577
606
606
598
596
604
646
615
624
664
671
630
632
637
657
646
639
659
640
664
621
615
664
643
618
591
600
621
579
624
628
630
656
621
616
634
616
597
614
603
619
613
621
593
573
590
539
517
494
491
478
494
485
463
478
459
470
453
441
413
408
400
373
376
334
337
358
316
345
328
315
316
326
290
287
304
300
278
286
271
274
280
253
284
253
259
275
255
282
270
273
306
318
307
316
321
335
342
376
390
387
370
372
386
400
399
412
458
409
454
472
454
439
444
468
427
444
456
477
434
449
423
403
455
419
404
399
406
396
380
364
370
374
344
364
340
352
339
329
294
283
287
286
341
307
295
284
290
290
234
289
255
218
246
212
212
213
232
227
219
176
186
153
162
188
167
161
158
183
161
174
172
170
146
143
132
121
124
134
103
119
117
115
104
114
154
128
150
141
159
183
168
169
188
167
156
198
192
225
237
220
250
250
254
250
313
306
300
275
297
336
326
375
378
410
417
423
438
398
455
443
456
488
488
492
475
513
521
545
531
546
530
533
556
561
557
538
555
598
580
571
592
610
620
623
634
634
628
624
618
651
661
669
671
691
702
650
674
712
689
680
695
707
704
708
716
675
701
666
646
676
662
666
647
665
666
659
667
703
715
665
665
665
632
655
630
642
643
618
628
649
592
574
583
593
578
593
609
598
595
585
580
574
547
539
560
514
532
521
528
525
548
528
477
502
494
524
529
471
477
485
476
472
462
456
398
428
419
422
418
432
427
408
421
391
395
404
415
433
417
405
388
386
412
392
401
367
389
383
396
369
345
368
358
379
350
305
336
284
296
288
267
244
244
235
224
204
190
179
159
164
157
128
110
127
100
106
90
85
72
51
67
45
13
2
28
42
12
14
-8
-31
-43
-18
-11
-23
-56
-52
-42
-42
-13
-10
-22
-36
-14
-20
-31
-2
-23
-24
-17
-27
7
-2
-1
-22
20
-1
23
32
31
40
28
38
14
16
18
21
7
15
17
34
35
22
55
33
64
80
38
56
79
82
111
119
122
123
127
143
130
130
153
144
127
132
132
165
178
139
167
193
179
186
191
192
233
238
234
231
279
251
247
261
284
319
298
314
340
359
318
343
321
327
316
345
351
343
350
351
347
374
362
353
365
352
346
319
350
332
307
312
303
294
304
293
278
257
247
245
198
238
198
195
173
172
176
138
130
147
150
137
91
115
121
67
75
92
103
64
83
77
48
72
84
48
56
86
60
62
57
70
81
114
62
67
82
70
97
119
107
132
144
164
161
182
164
185
223
234
256
230
276
259
258
299
281
318
294
324
294
310
366
369
394
378
404
381
423
469
458
472
489
484
475
503
513
525
511
569
568
561
575
545
591
563
591
581
577
598
564
576
587
568
560
600
579
531
565
548
536
541
492
502
472
496
477
456
478
452
444
435
417
407
440
414
389
353
335
306
291
298
314
311
262
262
263
257
227
258
270
246
258
234
210
212
223
220
227
180
210
212
210
224
222
230
214
189
198
197
195
218
210
197
240
251
226
223
269
285
264
269
246
242
239
266
286
277
307
301
307
317
327
363
344
332
324
335
354
370
393
404
411
408
396
389
418
455
430
461
453
450
442
451
470
432
455
467
454
448
477
454
440
482
460
465
464
454
456
467
425
459
498
458
452
446
457
431
429
391
396
399
409
399
388
418
396
382
390
378
353
383
364
368
390
373
397
392
378
389
367
367
362
374
376
381
407
379
344
365
373
363
402
393
395
388
361
386
382
375
363
347
350
351
347
331
368
367
334
352
320
324
326
333
355
320
348
322
322
354
353
378
332
314
327
328
339
356
339
380
407
387
416
404
359
386
384
412
426
394
400
390
407
450
448
444
439
404
430
423
403
399
415
418
408
443
421
426
401
423
457
414
430
427
399
375
387
374
356
350
370
344
338
321
324
319
293
290
297
299
292
307
279
292
275
239
260
253
269
222
249
247
240
211
232
219
194
203
233
209
215
226
242
242
207
198
153
193
145
200
164
145
171
103
137
92
96
29
28
44
23
14
6
3
-3
-22
-56
-29
-63
-54
-50
-66
-82
-70
-45
-69
-94
-83
-66
-87
-78
-81
-94
-59
-81
-53
-55
-38
-40
-44
-37
-24
-19
17
12
-37
-4
-21
-15
-27
1
21
13
29
11
13
52
33
49
75
48
60
93
81
94
108
91
92
86
113
72
115
114
89
133
106
99
150
164
134
173
183
178
196
188
208
205
220
203
183
235
221
253
256
207
238
218
205
229
222
237
261
222
205
225
235
220
211
226
213
216
238
227
223
210
197
212
182
213
188
158
164
164
186
174
177
137
144
133
115
93
77
34
72
79
49
48
57
56
31
26
-4
1
43
9
14
11
-73
-73
-91
-58
-46
-71
-66
-50
-62
-105
-87
-61
-16
-44
-47
-71
-103
-81
-66
-79
-76
-55
-73
-98
-94
-90
-96
-58
-71
-46
-57
-86
-72
-83
-68
-75
-62
-95
-74
-62
-46
-33
-85
-26
-7
-9
-14
-21
-14
2
-11
-5
10
-3
22
19
-10
-22
18
32
14
27
10
53
75
48
43
40
67
82
59
74
66
100
74
66
90
68
77
77
98
73
120
127
137
119
81
70
77
85
59
68
56
69
78
88
62
75
62
52
48
47
89
63
21
23
-4
-13
4
-1
7
16
17
-12
-19
-10
-40
-47
-33
-64
-5
-32
-65
-42
-67
-81
-97
-63
-104
-110
-119
-91
-77
-134
-87
-107
-88
-104
-96
-112
-82
-87
-89
-99
-97
-93
-126
-114
-117
-102
-125
-138
-123
-97
-110
-120
-78
-92
-95
-75
-68
-25
-68
-37
-36
-38
-35
-38
-53
-47
-43
-68
-58
-50
-36
-35
-37
-24
-15
-3
5
9
15
-30
-35
15
24
6
-8
10
10
42
26
19
30
35
43
38
10
10
-4
-8
-17
-27
-25
4
-42
-53
-49
-32
-40
-68
-40
-97
-60
-44
-62
-83
-75
-74
-82
-70
-97
-96
-81
-111
-111
-122
-130
-105
-94
-104
-125
-165
-149
-150
-143
-128
-138
-139
-144
-164
-167
-119
-129
-123
-132
-118
-126
-128
-91
-89
-67
-63
-59
-59
-68
-78
-73
-44
-58
-83
-92
-48
-27
-73
-77
-58
-40
-67
-56
-59
-53
-17
-41
-31
-12
-14
1
18
9
26
24
30
47
19
52
42
33
30
28
36
46
44
35
76
47
42
61
41
58
77
66
44
23
49
52
49
28
63
63
84
70
9
41
17
44
72
43
52
74
67
70
59
54
55
66
32
14
32
31
43
32
63
76
86
92
103
68
47
39
55
57
56
55
66
50
72
61
59
36
48
31
36
70
28
29
13
37
23
43
4
37
49
74
81
82
84
40
87
76
60
95
39
51
53
36
39
38
55
56
54
80
93
67
89
27
59
89
95
115
108
106
87
96
82
76
108
103
99
74
77
82
60
93
86
90
76
108
107
75
50
43
48
55
56
75
100
71
69
71
110
107
94
51
30
42
34
3
41
81
27
42
16
19
21
54
27
29
6
-1
31
28
50
53
88
59
15
15
33
16
16
31
32
45
46
34
28
28
24
9
-10
11
8
2
14
-19
-14
-15
3
-28
-13
13
-4
-1
-1
1
-5
-5
-12
5
15
-13
-15
6
-27
22
40
-16
-27
-34
7
-36
-32
-16
-25
-8
6
8
1
20
-14
-8
7
20
37
28
38
22
37
13
3
31
27
22
9
50
20
41
21
14
5
-25
50
19
23
15
28
5
-19
-18
8
22
34
29
35
32
54
50
46
34
31
26
17
0
3
39
38
38
18
6
4
18
-12
-3
-18
-26
13
-20
6
-15
-33
10
-24
-57
-48
-35
-61
-60
-44
-17
-71
-126
-80
-74
-54
-54
-80
-96
-132
-163
-162
-160
-197
-235
-241
-216
-227
-199
-172
-179
-166
-132
-90
-90
-71
-120
-112
-81
-114
-139
-137
-78
-107
-54
-21
-60
-55
-46
-55
-69
-63
-84
-79
-117
-143
-121
-148
-194
-167
-197
-189
-173
-213
-209
-210
-228
-255
-289
-246
-224
-230
-218
-176
-130
-150
-147
-103
-81
-62
-61
-64
-41
-57
-53
-79
-37
-28
-42
-44
-28
-39
-27
-1
-16
-50
-84
-84
-76
-111
-135
-131
-145
-146
-155
-143
-108
-84
-74
-83
-83
-103
-68
-82
-120
-74
-64
-64
-40
-44
-21
-35
4
7
-36
-23
-27
-43
-43
-79
-117
-106
-99
-99
-111
-114
-94
-89
-100
-114
-137
-101
-80
-79
-80
-86
-54
-91
-70
-58
-47
-54
-59
-26
-34
-9
-15
-34
-38
-25
-18
-62
-102
-39
-38
-82
-72
-52
-63
-77
-78
-65
-58
-112
-107
-89
-104
-113
-121
-111
-82
-70
-57
-59
-45
-23
-37
-29
-12
-30
-41
-22
-36
-23
-51
-50
-72
-55
-42
-75
-46
-40
-76
-87
-73
-90
-90
-77
-74
-72
-70
-65
-76
-70
-41
-60
-59
-105
-98
-62
-93
-62
-72
-85
-83
-46
-49
-61
-53
-48
-55
-43
-48
-69
-42
-53
-37
4
21
26
-4
-4
-1
-10
-20
-7
-8
-55
-35
-15
49
24
31
20
-19
23
22
76
24
23
69
52
32
28
39
39
31
31
29
32
57
45
26
30
17
58
47
12
6
0
-14
14
-8
7
-3
21
26
8
54
53
47
5
-20
11
5
34
62
21
-8
-38
-26
-27
-31
-39
-29
-44
-48
-13
-31
-48
-38
-12
-18
-66
-39
-50
-33
-52
-52
-41
-63
-53
-46
-30
-43
-37
-35
-2
-18
-2
17
-28
6
-25
-35
-43
2
23
-5
12
-2
54
32
34
30
7
-1
-5
4
15
-4
-23
-16
-2
15
16
-4
23
14
14
42
69
67
29
-12
18
19
27
50
5
24
-14
6
23
23
-8
-7
13
-6
34
39
16
-19
23
23
19
32
40
38
23
69
45
51
25
51
38
20
78
72
53
38
42
27
21
23
41
10
3
36
7
4
36
26
27
44
43
54
20
32
31
26
26
43
79
71
56
47
72
61
50
60
35
52
74
42
55
87
97
78
100
107
121
88
96
140
86
109
125
103
120
115
92
87
110
96
78
98
92
143
150
118
119
91
120
112
112
109
127
102
84
82
68
95
120
111
73
108
108
67
102
151
116
129
107
136
168
154
131
116
150
145
145
143
159
162
115
140
152
133
134
143
113
127
113
122
126
137
143
122
104
147
140
132
128
147
140
107
95
97
132
100
132
140
121
90
120
94
64
78
73
106
106
103
96
97
81
131
121
120
102
80
81
68
103
85
95
89
63
80
77
74
105
154
99
72
90
97
99
98
68
67
67
79
79
98
90
42
77
84
67
61
65
60
49
82
51
38
55
27
31
49
109
92
40
61
73
53
64
73
56
92
88
103
90
81
84
107
109
77
98
98
99
93
70
65
74
72
95
106
138
129
118
90
50
79
58
68
62
29
54
55
81
57
72
19
55
28
32
48
16
40
19
62
70
83
51
58
85
82
94
64
78
91
65
88
98
112
114
67
76
87
97
137
106
77
73
117
104
81
76
84
62
34
58
61
107
114
66
60
86
109
107
120
130
121
116
148
112
113
113
96
126
120
106
130
135
133
146
128
122
138
154
140
157
129
136
176
181
155
118
127
109
136
113
112
133
117
129
111
98
99
107
110
99
78
67
85
70
44
64
62
55
22
47
10
49
33
46
47
15
23
25
15
14
2
-7
7
-5
-14
-30
-31
-17
-34
-15
-15
-87
-67
-80
-80
-70
-88
-72
-96
-53
-68
-71
-69
-67
-44
-67
-71
-38
-24
-64
-40
-48
-62
-75
-70
-72
-79
-58
-79
-61
-38
-38
-24
-31
-42
-28
-9
-45
-38
-17
-38
-23
-37
-48
-26
-41
-39
-11
-14
6
-23
-32
-1
8
4
-11
6
-14
4
8
-14
4
-10
1
-16
-38
-20
5
74
88
42
46
51
31
43
38
36
3
0
19
27
15
29
11
7
21
0
44
46
34
13
11
33
20
7
42
53
31
44
22
29
68
46
59
40
11
26
15
15
32
40
75
52
-5
27
40
41
20
56
33
24
39
41
20
4
8
-12
14
13
6
19
-16
0
-8
-53
-14
-11
-30
-32
-23
-42
-21
-17
-29
-30
-28
-28
-45
9
24
-14
13
14
1
-3
-19
1
1
5
5
31
26
63
51
58
57
37
45
18
61
84
64
22
44
27
8
34
47
78
55
34
14
15
17
-11
-4
22
20
-13
-14
-1
-13
0
-24
-12
9
-5
-30
-43
-41
-23
-13
-37
-22
-35
-29
-61
-81
-46
-52
-67
-104
-85
-86
-110
-139
-126
-76
-90
-109
-76
-28
-78
-102
-80
-100
-95
-77
-77
-72
-90
-70
-94
-108
-81
-109
-70
-79
-71
-42
-58
-50
-74
-70
-83
-32
-65
-59
-75
-87
-89
-100
-34
-73
-68
-66
-85
-88
-33
-65
-63
-38
-58
-66
-55
-9
-26
-38
-58
-58
-77
-31
-32
-72
-38
-41
-2
-41
-27
-45
-46
-24
-87
-42
-6
-50
0
21
-32
-6
-7
-13
24
59
31
52
36
9
10
28
29
10
19
72
31
48
45
-4
58
33
-1
30
55
73
38
35
22
19
54
42
26
38
35
36
13
32
54
37
56
28
16
22
4
-5
29
-2
18
47
43
45
17
-16
-1
19
-24
-28
-11
-35
-21
-7
-47
-7
-22
-19
-9
-27
-9
-24
-32
-50
-86
-72
-46
-77
-93
-125
-81
-95
-96
-66
-55
-64
-82
-45
-36
-49
-66
-70
-78
-58
-35
-34
-65
-90
-81
-53
-73
-56
-62
-86
-111
-64
-40
-34
-40
-47
-48
-66
-75
-111
-75
-105
-71
-112
-114
-72
-84
-67
-67
-84
-80
-69
-77
-76
-74
-72
-42
-61
-79
-87
-77
-72
-111
-120
-51
-65
-99
-112
-85
-85
-118
-71
-76
-100
-106
-104
-80
-87
-103
-99
-86
-113
-99
-87
-74
-66
-55
-61
-105
-45
-65
-76
-60
-43
-85
-71
-68
-21
-13
-23
-57
-56
-41
-40
-33
-56
-18
-39
-33
-64
-35
-19
-40
-31
-33
-49
-47
10
-2
-18
-24
-42
-10
-22
11
-15
-36
-25
-20
-24
3
-5
3
-4
-52
-31
3
10
15
-28
-34
-11
-11
-10
-29
5
-2
-6
-10
5
-5
-24
-37
-23
9
-21
-19
-1
-35
-59
-39
-7
-45
-27
-39
-42
-47
-58
-31
-17
-17
-46
-21
-26
-16
-32
8
-3
-21
-46
-63
-11
-13
8
-39
-49
-16
-58
-43
-35
-49
-9
-73
-56
-35
-77
-50
-60
-82
-84
-44
-74
-57
-68
-56
-63
-108
-105
-87
-98
-92
-65
-53
-104
-68
-65
-108
-93
-124
-120
-118
-131
-137
-166
-148
-139
-168
-150
-147
-160
-159
-175
-161
-138
-148
-163
-179
-160
-196
-213
-161
-196
-180
-188
-181
-168
-191
-184
-145
-114
-126
-153
-180
-141
-132
-166
-157
-115
-155
-193
-135
-172
-152
-157
-190
-178
-164
-181
-166
-138
-102
-93
-114
-100
-129
-133
-119
-119
-121
-126
-140
-104
-99
-109
-86
-67
-25
-47
-69
-46
-94
-55
-76
-85
-37
-42
-13
-24
-4
-11
-19
-18
7
50
11
-25
-23
0
-5
-7
49
31
-6
-20
6
20
15
5
-6
29
28
30
5
17
31
32
56
21
32
69
49
28
18
57
48
25
26
38
47
34
60
46
86
69
38
75
29
44
65
27
71
4
-2
24
36
63
40
36
12
58
4
0
10
4
4
0
6
-11
-5
-35
-13
-14
-43
-56
-56
-37
-9
-13
-50
-13
-20
-26
-13
-39
-4
-12
-27
5
-32
-39
-22
-37
-30
-14
2
-4
-32
-57
-28
-33
-25
-50
-86
-60
-65
-89
-61
-89
-105
-59
-93
-125
-131
-91
-134
-106
-115
-125
-101
-107
-111
-149
-109
-132
-103
-111
-142
-117
-111
-106
-117
-109
-130
-103
-103
-99
-120
-108
-81
-90
-74
-91
-71
-35
-54
-100
-97
-79
-59
-117
-87
-48
-58
-63
-84
-73
-87
-65
-77
-95
-74
-81
-68
-55
-67
-21
-37
-36
-29
-21
-78
-41
-48
-49
-54
-67
-7
-54
-48
-38
-52
-40
15
-21
-32
2
-13
-7
-34
0
8
-34
-75
-52
-7
-42
-54
-67
-11
-36
-26
-12
-9
55
37
-10
-3
-1
-26
27
50
16
16
-10
15
35
23
55
6
42
57
39
37
34
86
87
24
81
95
31
59
18
11
62
55
7
25
72
86
35
59
71
9
-1
20
38
32
44
68
61
34
59
78
45
41
44
15
50
42
8
33
10
30
47
3
42
-13
1
-24
-28
-22
-15
-4
-50
-53
1
14
-71
-78
-39
-62
-103
-66
-56
-40
-72
-58
-77
-108
-96
-89
-90
-119
-128
-138
-131
-163
-177
-156
-161
-109
-107
-127
-93
-113
-119
-139
-139
-119
-179
-145
-150
-146
-137
-137
-164
-172
-159
-165
-168
-167
-152
-178
-147
-127
-131
-122
-118
-109
-79
-131
-110
-143
-120
-90
-117
-72
-77
-98
-85
-103
-114
-78
-26
-48
-43
-22
-34
-8
-3
-13
-19
-27
-13
-10
-17
18
-2
-12
-1
33
5
-2
31
20
25
28
17
72
54
10
49
37
50
42
53
67
57
64
19
64
48
12
57
72
16
49
52
26
45
39
82
91
82
59
88
83
100
127
79
92
82
57
47
97
90
41
36
32
66
59
46
57
53
20
-4
31
-9
15
50
7
26
43
13
44
49
-41
-54
-27
-34
-66
-47
-89
-46
-23
-37
-78
-91
-28
-90
-99
-53
-107
-96
-101
-109
-74
-85
-29
-33
-46
-41
-21
-20
-47
-22
3
14
-15
5
-7
-12
-18
-25
-11
-45
-26
-35
-41
-62
-67
-80
-98
-96
-123
-125
-161
-107
-132
-110
-113
-126
-77
-127
-125
-149
-110
-79
-94
-96
-81
-83
-103
-135
-102
-122
-131
-126
-145
-122
-113
-113
-89
-150
-155
-123
-139
-106
-111
-97
-86
-76
-89
-89
-78
-64
-100
-102
-114
-103
-55
-120
-151
-133
-99
-118
-116
-127
-106
-108
-122
-107
-111
-108
-110
-142
-122
-123
-129
-128
-133
-85
-84
-84
-98
-106
-82
-116
-124
-94
-111
-114
-141
-100
-125
-92
-112
-65
-40
-120
-69
-37
-96
-91
-124
-78
-71
-57
-55
-73
-56
-56
-79
-60
-30
-82
-53
-43
-69
-60
-113
-102
-42
-73
-74
-74
-77
-44
-33
-44
-55
-37
1
-36
-58
-20
-52
-56
-7
-58
-47
-26
-11
-38
-50
-32
-31
-58
-53
-73
-64
-66
-96
-22
-35
-77
-44
-43
-84
-22
-36
-45
-44
-24
-16
-37
-45
-43
-81
-71
-99
-105
-68
-62
-71
-46
-66
-51
-68
-95
-100
-66
-12
-83
-55
-72
-31
-33
-50
-48
4
-48
-66
-52
-55
-32
-48
-65
-27
-48
-55
-33
-56
-43
-87
-73
-86
-80
-70
-26
-57
-91
-75
-38
-34
-49
-49
-49
-64
-45
-46
-75
-65
-46
-27
-38
-42
-8
-3
-40
-34
-55
-13
-37
-42
-31
-45
-39
-58
-32
-40
-13
-20
-62
-2
-46
-64
-63
-96
-60
-74
-72
-81
-62
-70
-30
-37
-61
-47
-56
-20
-36
-89
-97
-50
-59
-38
-59
-67
-13
-22
-69
-68
-43
-25
-51
-36
-7
-7
15
-28
9
11
-46
-30
-14
-16
-22
-51
-23
-25
-48
-70
-34
-21
-29
-3
-67
-82
-40
-44
-26
-13
-11
-8
-43
-34
4
-42
-69
-32
0
26
10
-56
-35
-12
-30
4
-17
-17
23
19
52
53
16
24
-7
-13
29
21
-8
-19
23
48
13
-1
23
-7
-10
15
15
44
31
34
81
76
5
30
30
15
14
44
62
52
85
97
84
70
87
55
69
63
61
100
85
93
110
91
81
113
48
69
34
56
56
26
56
47
73
59
16
47
60
19
25
44
112
69
32
37
45
26
64
94
16
44
36
34
61
24
34
30
22
6
12
18
21
27
-4
14
-10
-15
3
-23
-19
-1
14
-11
-10
-13
-48
-51
-55
-42
-69
-114
-108
-99
-77
-85
-101
-70
-97
-96
-74
-100
-92
-62
-126
-111
-72
-63
-62
-71
-82
-59
-90
-117
-87
-89
-97
-85
-86
-78
-59
-95
-86
-63
-62
-81
-52
-30
-22
-42
-66
-24
-19
-48
-12
-39
-29
-42
-23
-11
-34
-62
-52
-36
-68
-59
-34
-20
-51
-7
-33
-14
-32
-35
-2
-32
-1
17
2
0
12
20
64
47
40
40
35
23
48
37
26
64
42
56
39
52
57
52
88
63
72
70
73
106
41
37
99
98
83
57
100
62
32
43
50
81
35
56
14
67
59
-14
21
19
-22
10
12
11
34
13
-3
23
-7
12
-2
-36
-15
-34
-30
-30
-41
-28
14
-32
-43
-57
-57
-60
-53
-46
-43
-97
-85
-60
-61
-39
-84
-53
-79
-84
-103
-98
-128
-128
-111
-94
-113
-95
-106
-151
-115
-102
-93
-134
-131
-84
-104
-106
-128
-108
-70
-105
-45
-74
-69
-23
-25
-51
-58
-42
-69
-41
-32
-41
-26
11
1
25
22
4
0
16
65
63
51
44
38
46
47
49
60
52
63
90
19
58
91
56
52
45
43
59
62
76
65
18
58
51
79
72
89
112
119
112
131
103
69
65
98
145
113
115
85
127
107
121
120
102
147
158
158
122
100
112
107
108
163
117
88
127
117
104
118
74
69
75
60
70
38
86
100
53
45
52
52
75
76
61
63
59
17
24
24
25
57
21
33
29
4
42
25
8
37
22
-10
-2
-25
-7
-15
-19
13
-26
-48
-47
-49
-48
-36
-38
-66
-24
-71
-64
-44
-88
-62
-74
-59
-80
-73
-58
-26
-40
-49
2
-35
-45
-52
-56
-39
-32
-17
0
29
-13
29
2
-15
30
-1
7
13
50
39
36
51
48
46
23
48
56
63
89
72
93
54
47
68
64
93
90
84
81
107
91
92
60
82
62
41
79
63
50
78
165
118
91
76
90
60
69
68
24
45
53
92
80
25
49
45
80
36
46
48
47
51
64
70
79
89
81
83
26
56
63
64
65
42
41
42
52
52
24
33
37
78
56
72
93
104
92
99
65
83
81
15
30
56
34
60
45
78
68
58
46
31
64
72
104
64
55
55
40
60
25
29
58
4
25
37
-8
0
36
4
20
11
2
62
42
79
37
38
56
40
61
34
41
49
8
-32
25
10
15
-1
-29
34
2
-19
-20
11
-5
-16
-29
-20
19
3
-10
-1
-8
-27
-21
9
6
-70
-17
-5
-24
20
-2
-12
-3
-7
-13
27
24
-39
-39
22
-12
-31
-17
-5
1
-16
-12
-31
25
-20
-34
-43
-19
-12
-20
-21
31
27
-34
58
15
40
41
-24
-16
-7
-9
-10
6
-15
-3
-32
-4
7
-13
3
11
15
30
-28
19
77
19
23
36
88
73
100
88
96
104
111
116
122
103
56
105
101
76
67
67
89
78
94
120
89
68
85
101
99
99
50
51
86
67
63
96
82
80
64
40
22
47
-2
51
43
21
51
34
88
46
34
33
55
69
60
15
37
26
12
42
31
34
4
37
52
67
23
14
62
61
49
15
-2
12
5
-12
23
11
8
39
53
78
65
50
13
66
75
29
62
38
45
35
40
43
74
46
13
63
50
65
50
56
65
40
68
82
42
64
64
76
47
24
64
96
71
85
91
100
109
92
91
89
74
68
118
79
74
92
75
61
58
76
65
45
66
73
71
112
89
80
94
143
102
102
109
110
97
114
