66
76
55
58
47
33
5
31
5
34
39
35
66
79
91
92
138
97
90
76
30
32
46
45
12
50
86
15
21
16
12
40
78
71
87
75
75
158
109
112
109
98
107
79
60
82
95
93
65
60
39
87
83
50
103
86
58
40
41
77
76
106
85
73
84
110
58
70
57
101
120
126
110
112
129
116
142
115
63
65
91
113
83
45
58
48
87
37
61
91
107
98
76
32
44
47
42
56
52
92
61
78
85
117
98
40
75
72
29
27
52
52
72
90
84
59
114
91
56
35
11
29
76
86
104
104
91
97
78
36
36
43
61
56
30
58
64
50
26
-9
-2
-12
-45
15
-5
29
-7
26
-8
-12
39
55
98
63
52
6
0
69
82
55
96
127
140
178
113
124
154
178
209
169
170
116
162
156
137
176
126
89
108
114
124
133
153
114
117
102
68
76
83
66
40
33
12
14
44
27
40
48
44
75
24
76
44
31
17
-4
50
49
30
-25
16
6
-42
-30
-44
-28
-46
5
-5
-57
-34
-59
-14
-34
-64
-53
-34
-22
-32
12
9
-9
-11
-19
-42
-47
-20
-49
-91
-38
-64
-69
-46
-45
-17
-47
-38
-15
-41
-101
-69
-94
-52
-66
-79
-72
-82
-42
-59
-65
-75
-101
-107
-83
-129
-146
-101
-79
-80
-36
-16
-45
-47
-62
-24
-7
14
-3
-17
6
41
17
1
-1
-8
9
-36
31
46
29
63
52
20
46
52
40
13
35
23
9
-1
15
-10
8
28
47
68
13
48
34
12
38
50
33
85
63
47
96
101
85
98
83
85
68
68
36
50
82
88
41
43
63
79
77
78
66
53
112
144
80
135
119
95
83
45
82
41
104
68
59
80
66
56
31
40
41
51
37
31
35
46
83
38
50
19
17
21
27
35
19
31
6
18
5
-26
-19
-11
-22
-32
-19
-49
-29
-40
-91
-16
-48
-35
-63
-68
-39
-70
-103
-116
-82
-63
-92
-56
-75
-45
-34
-29
32
-1
0
-20
-22
-57
9
12
-40
-12
-1
-4
-2
8
17
0
-42
-20
-34
-38
-3
41
26
42
43
48
41
51
74
54
33
16
4
-2
46
24
-3
-7
69
62
32
67
94
96
107
69
55
58
84
104
108
126
94
81
89
119
114
70
95
122
97
93
129
105
142
178
131
146
117
148
136
110
131
102
122
136
114
95
97
139
149
136
133
116
145
99
88
128
155
134
156
130
88
126
144
103
58
108
94
88
76
82
51
75
49
45
39
37
62
30
33
20
48
14
39
52
72
23
57
78
47
76
34
59
58
78
45
21
93
108
123
97
87
114
109
143
99
62
55
85
95
90
124
98
96
113
129
91
103
125
130
83
39
91
86
72
69
34
83
83
52
97
83
73
97
54
67
85
77
35
39
25
-8
27
42
53
61
35
98
88
40
78
84
76
49
56
91
117
67
72
51
56
112
77
40
49
98
79
84
84
45
86
86
117
103
32
22
-3
-3
23
27
31
48
72
55
12
52
10
22
27
-18
3
-7
0
0
29
22
-25
-33
-21
30
30
7
19
-38
-66
-53
-57
-60
6
-3
-56
-16
-24
3
-46
-43
-31
-4
-11
-2
-2
-15
-14
-21
-4
-18
-79
-41
-61
-91
-32
-13
-17
-54
-27
-75
-10
-25
-86
-71
-70
-34
-17
-27
-39
-30
-22
-42
1
-1
-46
-33
-12
-28
-65
-49
-68
-85
-55
-67
-59
-53
-28
-26
-32
-36
-14
-76
-116
-127
-82
-78
-98
-53
-103
-45
-26
-68
-51
-58
-40
-51
-21
-12
-18
-53
-3
6
7
15
-4
10
-24
-43
-1
-3
11
18
8
52
-17
-7
6
-9
0
-8
-3
32
32
10
-16
-6
9
-45
-7
-9
-8
12
32
30
40
-18
7
38
-12
-6
-1
39
23
32
25
41
44
12
48
47
65
92
35
50
89
67
83
79
86
118
100
88
80
71
77
34
31
9
3
59
62
80
78
48
100
134
95
92
104
109
115
59
59
73
84
35
49
20
77
76
27
61
65
86
69
2
45
69
5
10
-19
24
32
21
28
16
41
35
29
35
58
51
43
130
77
58
75
20
37
42
39
32
39
76
38
90
2
42
24
-22
29
1
35
35
9
-13
18
17
36
57
70
52
64
52
18
33
34
32
34
27
58
55
65
77
95
120
58
75
68
67
45
15
37
31
77
48
78
106
138
161
104
126
113
77
68
88
76
74
77
107
89
67
111
126
134
141
149
124
83
90
135
93
133
167
146
155
88
111
112
156
152
116
113
69
120
150
139
131
112
144
120
114
143
129
115
151
153
184
165
135
135
126
151
131
88
80
87
141
109
68
114
99
83
55
74
95
73
75
74
40
25
54
73
58
71
78
79
104
130
106
81
94
70
36
19
81
44
68
74
35
70
56
34
32
63
54
58
117
137
97
130
100
91
80
94
94
115
143
108
96
79
116
94
131
115
136
156
155
194
144
144
190
142
120
107
98
113
131
98
122
121
139
144
146
164
108
122
114
85
102
85
99
84
116
116
61
89
66
87
90
122
100
95
78
71
58
100
65
70
90
54
113
66
46
44
33
51
90
81
87
92
68
66
36
74
84
79
73
61
51
86
84
116
119
53
69
50
47
101
100
66
81
41
66
94
101
71
82
93
76
71
22
37
62
73
11
51
76
32
28
27
12
8
23
-7
-58
-52
-14
-5
-25
9
46
6
23
51
40
59
110
57
82
92
103
84
92
137
103
138
159
117
137
150
124
137
118
148
155
134
163
152
166
202
168
130
153
164
133
126
125
149
173
151
162
143
150
161
125
130
113
116
106
142
134
141
133
127
140
118
138
131
155
148
128
130
126
181
151
122
131
140
144
136
149
136
140
190
191
224
208
194
206
177
213
205
203
216
212
223
211
183
203
177
181
220
185
206
229
227
256
240
219
240
202
189
188
187
166
168
226
205
205
179
162
172
205
161
157
126
116
144
113
124
162
131
96
123
91
111
110
124
102
68
95
121
79
92
103
98
130
153
174
161
187
145
161
184
138
145
112
127
105
147
152
115
140
117
123
145
107
175
152
127
179
156
147
121
122
109
124
116
152
107
110
109
87
108
78
107
130
95
68
50
67
79
41
64
67
101
74
60
65
41
112
76
84
66
78
88
67
66
42
40
41
31
23
55
44
55
31
20
62
75
104
99
92
150
127
129
116
108
117
76
81
58
83
102
49
74
105
83
84
94
51
68
76
28
71
71
50
61
46
66
120
106
112
89
81
103
105
125
114
88
62
83
80
90
70
109
138
112
124
100
89
96
83
41
80
58
63
104
84
20
65
65
41
60
5
42
17
1
-13
11
50
22
24
57
-1
36
34
52
57
12
66
59
38
56
39
35
43
40
62
70
65
76
45
22
53
54
23
-15
-12
-5
9
22
65
48
29
27
66
96
137
100
35
94
84
79
36
76
54
103
108
105
123
122
116
78
73
64
98
69
54
114
95
100
78
67
69
27
12
33
2
-11
13
64
-17
-34
-14
-61
-34
-33
-34
-13
-41
-26
-5
14
15
-18
-9
-47
-29
5
16
-17
11
-11
3
-8
-24
12
29
20
-13
15
41
48
54
50
39
10
47
30
11
42
33
43
28
33
4
-18
-11
10
-29
-18
-27
-27
-55
-42
-45
-88
-75
-48
-14
-50
-18
-19
-29
-56
-85
-48
-61
-70
-47
-21
-40
-45
-54
-56
-80
-87
-118
-90
-70
-75
-37
-106
-85
-90
-68
-49
-100
-114
-74
-62
-104
-109
-110
-84
-103
-64
-52
-94
-45
-58
-28
15
41
27
34
-18
-14
-28
-40
10
-54
-3
-11
-15
-7
-4
-28
-44
0
4
-27
-6
3
-10
-24
0
-10
-34
-45
-27
-30
-54
-32
-6
41
16
-22
-32
6
0
11
-37
-27
-9
-13
-1
-47
-28
-20
-31
10
-25
-37
-22
-81
-54
-16
-45
-30
-2
-12
30
-3
51
39
35
19
14
31
16
0
24
-34
-51
-33
-58
-5
-15
-10
-31
-56
-80
-52
-43
-65
-84
-98
-96
-32
-66
-82
-29
-23
-33
-50
-69
-63
-17
5
-19
-71
-30
-52
-47
-46
-62
-13
-27
4
0
-26
-45
-26
-11
-18
9
26
7
14
31
-31
-9
-12
2
2
-11
19
-4
-34
-27
-2
7
27
-1
-10
7
14
2
2
-1
13
48
-7
-26
2
10
14
13
0
4
-2
-30
1
-28
-69
-33
-63
-46
-41
-25
-39
-14
27
-11
-17
-45
-47
-45
-57
-89
-61
-50
-55
1
24
11
7
2
0
-11
17
63
33
46
15
34
8
-34
11
-27
17
12
24
33
31
22
40
-33
-24
-7
-25
42
-15
5
-6
-40
-41
-39
-42
-23
-34
-58
-54
-50
-7
0
26
33
42
5
-23
-17
13
49
64
12
-17
-25
-18
22
1
30
20
47
57
40
34
10
11
11
6
43
22
0
16
26
17
-28
-26
-14
-28
-63
-63
-44
-65
-88
-103
-56
-22
-27
-45
-40
-15
-11
-32
-12
-13
-12
19
45
69
43
37
32
54
64
56
47
85
82
65
0
22
10
26
50
-4
48
32
-2
16
0
-5
32
-37
-11
15
17
17
2
-3
25
20
-18
-1
-13
-18
-40
-25
-60
-71
-47
-27
-35
3
2
-7
-2
28
43
-11
17
13
0
-5
-1
23
-2
-35
41
63
56
48
37
17
34
6
-28
-21
-20
-3
-6
-9
-33
27
40
1
32
13
9
6
11
-22
-27
-37
-28
5
39
45
12
25
26
11
21
16
-22
9
-9
-30
1
-31
-57
-9
-34
-50
-61
-47
-68
-56
-39
-75
-49
-52
-69
-62
-94
-76
-60
-51
-33
-101
-77
-66
-94
-62
-68
-58
-57
-27
-26
-28
-21
-40
-26
-29
-16
-10
-4
21
38
17
1
-1
-11
-7
-39
-12
-55
-43
-34
-55
-26
-33
-8
-1
-24
-21
-30
-49
-42
-50
-54
-68
-39
-28
-46
-48
-76
-75
-35
-12
-32
-53
-74
-84
-99
-65
-42
-22
-66
-73
-59
-57
-34
-68
-75
-49
-41
-87
-75
-54
-84
-86
-85
-53
-52
-43
-33
-19
-18
-26
-34
-20
-27
-39
-33
-53
-41
-32
-20
-20
-30
-30
-9
0
28
-8
20
10
7
-6
44
30
0
15
-41
-16
8
1
-13
-42
-15
-4
-11
-10
-32
-17
-34
-37
3
-21
-18
-17
-26
3
-52
-48
-52
-50
-46
-77
-57
-10
4
9
-26
-10
10
23
-19
-40
30
35
18
22
23
-19
-18
-18
19
44
37
47
43
53
9
62
98
55
19
33
29
46
84
92
66
58
51
28
77
69
93
65
53
64
41
76
46
36
31
52
37
36
99
66
98
88
79
64
26
62
66
72
61
69
72
20
54
90
89
54
25
44
58
67
51
43
93
23
57
66
7
39
28
22
33
97
69
92
72
42
52
74
54
63
65
84
122
65
42
67
74
69
51
76
55
53
34
23
66
14
25
6
18
23
21
27
43
-10
31
31
61
59
19
35
6
-24
-23
14
11
-9
-45
5
-5
-28
-6
1
-7
-6
-3
-32
13
-4
38
-16
-10
66
50
60
23
77
62
51
53
50
9
-19
-27
6
-13
-10
17
-7
17
-40
-23
-16
-11
-7
4
-34
-27
-9
-7
33
11
48
48
27
56
54
41
64
68
68
62
93
59
31
61
25
59
54
34
3
50
96
126
101
82
95
62
76
82
26
59
65
3
25
43
4
27
18
17
30
3
23
19
73
67
113
29
34
34
83
88
63
83
4
49
16
21
31
-13
-35
-42
-55
-24
-22
-30
-23
-18
2
-25
-31
-50
-33
-10
-30
-21
-30
-19
-1
-20
-25
-15
-14
3
13
-25
-11
-42
-10
-28
-42
-21
-56
-8
-8
-12
-18
-26
-39
-48
-59
-42
-71
-91
-92
-104
-70
-74
-70
-90
-107
-66
-91
-86
-73
-114
-141
-118
-115
-130
-119
-93
-122
-137
-151
-151
-148
-158
-176
-133
-93
-123
-129
-152
-118
-48
-79
-81
-78
-81
-97
-72
-24
-29
-44
-52
-59
-27
-24
-8
29
-50
-45
-36
-67
-28
-41
-52
-25
-29
-38
-34
-65
-42
-42
-50
-50
-27
-29
16
9
-33
-29
-7
-5
10
2
-39
-27
-42
-30
7
-27
-47
-30
-41
-46
-23
-19
-32
-35
-49
-78
-14
-22
-57
-17
25
-2
22
45
25
4
-8
23
-8
-24
-31
-24
-25
-21
-36
-27
-51
-30
9
7
-9
-48
-30
-26
-31
-15
-46
-24
-13
-45
-23
-64
-51
-67
-99
-100
-98
-93
-106
-85
-97
-109
-80
-84
-96
-39
-79
-92
-112
-71
-81
-137
-89
-119
-116
-102
-127
-105
-112
-147
-93
-96
-103
-80
-75
-107
-88
-46
-63
-61
-45
-36
-61
-72
-53
-63
-91
-41
-56
-61
-76
-57
-82
-46
-54
-92
-21
-27
10
-12
-9
-38
-31
-6
-48
-42
-46
-51
-19
1
10
16
-12
-26
-41
-17
-24
-20
-8
1
-9
3
25
12
24
-11
17
16
-2
-17
1
46
9
27
42
94
41
17
29
-2
8
-29
-25
-8
-28
-34
-30
-49
-31
-8
-27
-10
46
49
28
44
6
-13
39
39
65
18
33
68
36
14
24
65
16
20
26
54
28
49
16
33
33
9
50
-16
16
12
23
19
1
26
23
9
35
20
9
9
-35
-3
8
-10
-45
-33
10
0
20
31
4
-10
-47
-50
-56
12
-1
24
27
-8
30
-14
0
7
-11
39
21
-8
20
22
4
20
29
-36
-46
-53
-79
-57
-52
-74
-100
-99
-69
-50
-45
-48
-71
-62
-59
-79
-64
-42
-19
-8
-21
6
-47
-29
13
-14
-9
-11
-9
46
29
15
22
19
69
83
47
33
15
-6
-11
6
5
7
-34
-12
11
-33
-16
11
16
35
10
-34
-32
4
-28
10
-59
-1
29
-28
-13
-49
9
-48
-18
-12
-13
-42
-33
5
21
-11
-18
-16
-31
-18
1
-23
-50
-25
-34
-16
-72
-65
-18
-27
-51
-68
-71
-50
-33
-62
-67
-40
-38
-37
-39
-60
-65
-45
-77
-31
-46
-51
-51
-49
-41
-48
-34
-50
-24
-66
-61
-36
-8
-49
-44
-38
2
-4
-22
-21
-67
-53
-81
-50
-50
6
-13
-30
0
-45
-42
-46
-35
-64
-68
-64
-77
-92
-63
-62
-98
-80
-64
-113
-95
-83
-51
-55
-74
-62
-58
-55
-34
-41
-62
-24
-37
-16
-34
-10
-23
-14
17
-7
29
-3
4
20
9
9
13
49
17
35
61
-6
-4
27
-13
-28
-29
-39
-27
-37
-37
-27
-61
-33
-13
-35
-16
-18
-2
-3
42
55
27
19
32
-5
11
26
25
35
-24
39
32
26
59
77
0
-7
12
-13
-8
-28
-47
-64
-61
-43
-57
-60
-61
-19
13
-78
-1
-37
-57
-49
-23
-22
-62
-37
-47
-39
-50
-3
-29
-25
0
-34
-24
-25
2
-4
-9
-8
21
8
60
30
28
9
14
41
-1
10
-38
7
40
34
5
44
19
-6
-1
-12
2
-22
-29
-35
-9
-41
1
-3
-6
10
0
-7
-26
20
37
58
70
38
8
17
10
42
53
16
9
3
10
29
40
46
126
91
33
65
69
92
48
63
59
32
44
57
32
35
29
-11
-12
21
31
3
21
13
-12
37
22
20
29
24
44
64
110
105
62
110
100
96
78
84
123
93
101
50
76
90
71
42
46
57
50
47
61
54
62
75
63
66
36
65
43
56
9
43
55
18
71
53
38
85
53
17
29
46
29
-5
29
63
41
59
23
68
74
49
53
71
44
27
54
51
29
19
63
43
45
69
42
30
-9
-24
-10
11
-4
14
29
8
4
-18
-38
-16
-47
3
27
27
34
-26
-23
-38
-18
-9
26
37
-20
8
6
-10
-16
33
21
-7
27
16
70
65
-3
-4
-36
15
15
-13
14
2
5
-25
1
5
3
-9
-1
13
-2
-2
-7
23
36
-11
-7
-37
-29
-15
-26
11
1
44
45
20
21
35
41
27
19
8
-6
-48
-66
-31
-39
-62
-73
-22
-16
-25
-6
-17
0
-1
-19
-31
-26
-68
-57
-82
-50
-63
-72
-59
-85
-52
-71
-106
-40
-81
-116
-72
-67
-22
-67
-52
-79
-59
-59
-110
-42
-59
-55
-22
-72
-71
-91
-85
-59
-96
-118
-148
-139
-160
-155
-120
-102
-101
-107
-84
-89
-114
-72
-77
-90
-91
-83
-42
-65
-44
-14
-24
-68
-60
-73
-68
-78
-37
-83
-81
-100
-100
-68
-124
-118
-115
-90
-123
-135
-116
-119
-149
-150
-115
-127
-135
-171
-144
-125
-106
-64
-63
-62
-73
-38
-62
-51
-9
-33
-40
-2
-5
-23
-11
18
-14
-4
-11
-48
10
11
-8
4
0
15
3
-24
-9
-50
5
-24
-42
-21
-13
-3
-1
-16
-9
19
-33
1
8
39
9
-56
2
14
-9
-7
-8
13
-14
7
56
19
56
57
85
65
62
29
-18
41
34
51
55
43
12
32
11
8
56
41
44
19
-6
-6
-2
8
-24
-59
-42
-49
-15
-10
-36
-8
11
-30
-16
-16
-8
16
-18
-1
17
-9
-1
3
-27
-13
-43
-29
2
-3
-16
-40
8
11
24
12
-28
24
-23
-42
-24
-23
-34
-39
-28
-19
-20
-22
4
-78
-58
-48
-37
-33
-62
-27
19
-16
-51
-8
-8
-14
-13
21
37
37
15
60
26
-16
-19
-27
-48
3
46
80
44
43
51
57
78
120
106
111
127
92
107
104
78
67
83
94
54
119
100
124
175
72
139
140
65
89
97
76
81
47
49
63
56
85
64
42
66
57
67
33
18
47
52
5
0
30
17
6
9
32
26
43
41
14
31
2
2
34
3
-7
42
-13
-10
27
37
-3
14
-13
-34
-29
-20
-7
-43
-15
-45
-56
-14
-94
-51
-26
-100
-80
-99
-82
-80
-70
-82
-29
-48
-78
-79
-163
-113
-96
-118
-73
-123
-71
-67
-117
-83
-81
-103
-106
-56
-84
-38
-41
-48
-56
-85
-117
-131
-78
-118
-89
-96
-83
-100
-91
-66
-89
-60
-38
-20
-66
-44
-55
-42
-35
-44
-29
-45
-13
-34
-70
-35
5
-31
-12
32
63
9
-31
39
28
-20
-2
1
-32
-5
8
-35
-26
-28
-12
10
16
-15
-40
-47
-59
-16
-44
-72
-27
-80
-50
-27
-40
-14
-57
-52
-45
-58
-30
-37
-33
-73
-46
-37
-82
-39
-32
-65
-41
-75
-81
-81
-66
-72
-72
-75
-15
-36
-11
0
-22
34
-17
-3
6
26
-38
-49
-47
-31
-27
-7
38
9
-28
-40
-49
-69
-89
-70
-70
-58
-56
-67
-78
-22
-81
-74
-40
-114
-89
-97
-87
-53
-38
-74
-81
-72
-94
-58
-109
-100
-106
-114
-73
-72
-93
-94
-67
-64
-51
-89
-45
4
-32
-4
-13
-38
31
-20
-9
3
-18
-31
-31
-10
-4
9
-13
-4
43
21
5
17
24
49
32
44
51
12
5
25
17
54
45
27
26
73
61
68
3
22
53
25
42
60
55
5
45
32
35
47
34
49
26
26
15
35
22
25
51
71
66
38
20
5
11
8
45
62
21
57
41
40
80
41
78
70
89
97
112
83
135
90
103
107
66
105
81
80
55
74
65
63
79
36
19
11
32
42
47
-2
28
38
18
41
4
43
31
41
42
36
32
39
3
14
78
50
30
23
54
60
27
39
66
57
9
41
33
44
55
26
71
56
43
63
52
51
20
38
50
28
1
24
38
7
2
-39
-47
-21
-47
-30
-10
-10
13
17
-30
-45
-12
2
16
33
-1
19
26
-48
5
21
15
17
29
51
57
20
35
71
107
92
74
126
68
91
85
31
21
51
81
34
47
76
106
77
97
76
19
89
84
67
18
37
28
-5
39
32
33
63
62
75
44
71
62
51
58
67
75
104
77
84
67
44
50
58
90
108
71
62
69
45
83
14
61
92
80
35
56
9
11
99
66
65
53
23
10
64
83
112
83
32
47
48
36
21
18
11
40
54
39
30
7
37
26
-22
26
43
19
-7
-9
33
-15
-35
-7
-12
-9
-24
-28
-37
-31
-28
-44
-20
2
-3
-47
-37
-48
-17
-38
-53
-37
0
-18
-91
-29
-52
-43
-56
-55
-36
-30
-52
-10
-46
-34
-39
-52
-56
-51
-24
-49
-24
-60
-22
-51
-27
-38
-23
-14
-29
-2
7
-16
0
21
-3
-7
-8
18
-9
11
24
18
-21
33
38
-7
-2
-17
-34
-22
-31
-97
-27
-49
-31
-48
-13
41
16
-4
-30
2
13
24
11
19
52
39
33
4
37
-16
-19
10
15
29
24
45
28
34
26
23
37
13
24
49
46
55
39
38
62
28
30
35
48
70
60
72
78
73
63
98
72
83
59
70
71
41
93
80
64
81
80
84
98
95
85
85
55
98
129
89
60
54
34
77
58
83
84
55
41
41
54
39
60
16
73
58
-6
53
45
59
33
31
34
38
37
14
42
43
63
90
44
37
88
86
86
69
43
59
47
21
10
46
-10
31
40
15
55
39
106
80
120
118
66
57
75
61
47
63
46
52
22
58
32
78
83
79
76
55
89
80
48
39
44
48
48
54
55
60
77
61
64
65
85
35
-5
36
16
-26
32
21
10
-15
-23
-24
-27
-45
-59
-108
-102
-181
-119
-210
-205
-648
-2151
-1952
-723
-939
-1592
-2790
-3622
-3008
-2929
-3338
-3607
-3788
-3554
-4232
-5147
-3986
-3355
-3760
-3704
-3793
-3711
-3319
-2901
-2250
-1710
-1425
-1258
-1475
-988
429
1057
1255
1582
1925
2253
2737
3445
4204
5054
5069
5108
5393
6109
6567
5893
5921
6456
6833
6727
5747
5133
5475
5608
4956
4192
3346
3220
2715
1812
1397
876
226
-441
-1106
-1674
-2023
-2650
-3136
-3271
-3703
-4035
-4589
-4865
-4562
-4547
-4740
-4874
-4934
-4627
-4239
-4186
-3904
-3421
-3057
-2730
-2462
-1979
-1366
-1012
-622
-116
162
556
951
1270
1579
1812
1944
2072
2121
2207
2299
2128
2069
1937
1660
1350
1093
852
560
-13
-377
-728
-1108
-1471
-2033
-2493
-2790
-3081
-3434
-3919
-4207
-4228
-4399
-4552
-4633
-4732
-4604
-4342
-4159
-3926
-3775
-3474
-3016
-2509
-1939
-1491
-1117
-542
136
661
1148
1887
2506
3006
3629
4199
4711
5409
5946
6494
7060
7646
7868
7529
7371
8001
8736
8577
7602
6622
6668
7093
6763
5672
4819
4481
3934
2916
1960
1710
1321
345
-733
-1474
-1927
-2588
-3217
-3446
-3606
-4338
-5116
-5489
-5293
-5061
-5243
-5448
-5541
-5399
-5184
-4867
-4483
-4004
-3566
-3330
-3008
-2572
-1912
-1194
-582
-105
222
600
1036
1571
2116
2657
3003
3129
3148
3487
3847
4052
4043
4099
3987
3825
3577
3524
3238
1959
1262
1940
2144
926
-876
-1735
-1316
-864
-1878
-3627
-4351
-4159
-4360
-5521
-6078
-5985
-6453
-7083
-7175
-7178
-7397
-7558
-7403
-6990
-6658
-6501
-6620
-6253
-5072
-4230
-4147
-3907
-2997
-2125
-1518
-1018
-421
454
1165
1642
2045
2728
3425
3958
4434
4955
5501
5682
6234
6813
7258
7845
8096
8119
8478
9183
9436
8569
8046
8245
8580
8265
7341
6773
6833
6285
4891
3445
3411
3907
3063
928
-333
-500
-622
-1445
-2541
-3037
-3374
-4231
-5136
-5347
-4992
-4965
-5605
-6172
-5965
-5768
-5737
-5593
-4991
-4358
-4295
-4449
-4114
-3129
-2229
-1697
-1526
-1041
-465
-108
418
1061
1788
2108
2165
2166
2515
2886
3084
3124
3027
2891
2577
2285
2186
2200
1661
1083
622
125
-293
-857
-1435
-1836
-2319
-3012
-3729
-4335
-4616
-4914
-5437
-5839
-6206
-6627
-6839
-6786
-6700
-6665
-6643
-6660
-6454
-5985
-5401
-4839
-4380
-3862
-3444
-2814
-2045
-1094
-278
263
714
1274
2050
2889
3686
4316
4682
5313
5830
6376
7169
7816
8287
8874
9518
10179
10446
10418
11213
11361
10603
9346
7976
9179
11362
10264
6902
4350
4656
6798
6043
3078
1518
1423
978
-731
-2648
-2255
-1313
-3027
-5310
-6142
-5701
-5470
-6530
-6834
-5739
-6231
-7995
-8434
-6979
-4849
-4961
-6406
-6054
-4757
-4190
-3937
-3248
-1741
-671
-1239
-1289
-155
1092
2126
2335
2653
3286
3225
3212
4076
4911
5409
5110
4449
4481
4714
4767
5012
4882
4289
3758
2043
783
1282
2165
1820
-505
-2925
-3449
-3027
-2692
-3567
-5619
-6719
-6858
-7674
-8337
-7979
-7982
-8818
-9684
-9714
-9552
-9555
-8832
-8153
-8162
-8162
-7894
-7588
-6300
-4653
-3967
-4005
-3740
-2601
-1524
-599
369
1141
1520
1912
2390
3000
4207
4925
5053
5194
5609
6165
6605
7351
8015
8039
8133
8565
9107
9895
10327
10732
10968
10254
9400
8378
8388
9967
10489
8662
5864
4352
5253
6230
5159
2881
1355
968
582
-1062
-2360
-1937
-1639
-3026
-5239
-6359
-5622
-5060
-5736
-6160
-5974
-6348
-7290
-7569
-6080
-4278
-4527
-5680
-5583
-4348
-3389
-3183
-2676
-1234
-472
-889
-1079
-90
1612
2511
2355
2361
2892
3082
3233
3810
4687
5094
4392
3760
3868
4419
3990
2890
2496
2623
2289
1068
-392
-685
-709
-1351
-2480
-3712
-4377
-4919
-5720
-6450
-6746
-7165
-8055
-8926
-9106
-8796
-9006
-9277
-9316
-9068
-8884
-8733
-8301
-7570
-6664
-6158
-5707
-5033
-3854
-2848
-2234
-1491
-638
205
896
1717
2471
3243
3636
3992
4719
5377
5951
6213
6712
7163
8057
8450
8458
9209
9820
10465
11255
11374
11240
11477
10901
9794
9224
9009
10460
10986
8181
4969
3774
5375
7001
4863
1173
61
621
243
-1775
-3493
-2476
-1939
-4515
-7086
-7199
-5576
-5125
-6720
-7520
-6540
-6865
-8261
-8066
-5914
-3811
-4956
-6929
-6059
-3685
-2591
-2816
-2521
-798
232
-830
-967
887
2813
3240
2411
2477
3552
3857
3752
4464
5332
5479
4493
3653
4462
5181
5010
4456
4054
3444
1008
-438
1095
2337
1308
-1719
-4876
-5019
-3530
-3410
-4898
-6668
-7552
-8413
-9784
-9400
-8188
-8599
-9769
-10717
-10956
-10400
-9648
-8844
-8135
-7922
-8117
-8313
-7643
-5200
-3210
-3129
-3287
-2807
-1804
-642
504
1667
2667
2725
2654
2687
3589
5102
5928
5900
5793
5779
6072
6833
7988
8845
8765
8466
8540
9193
10472
11526
11659
11175
9794
8583
8346
9369
10751
10410
7603
5024
4300
5178
5704
4472
2652
1421
237
-1083
-2146
-2324
-1785
-2188
-4306
-6226
-6846
-6334
-5679
-5701
-6028
-6509
-7517
-8107
-7345
-5667
-4403
-4700
-5569
-5489
-4634
-3730
-2641
-1630
-667
-516
-1108
-904
399
2051
3029
2956
2563
2680
2998
3555
4447
5134
5167
4517
3735
3884
4350
4859
3991
1885
1761
2427
1428
314
-925
-1589
-1648
-2698
-4372
-5294
-5394
-5317
-6694
-8565
-8442
-8316
-9231
-9682
-9546
-9611
-10008
-10271
-9775
-9062
-8809
-8313
-8105
-7482
-6090
-5474
-5094
-3973
-2690
-1948
-1531
-932
319
1461
1936
2493
2779
3460
4106
4268
4946
5311
5053
5904
6349
6374
7280
6682
6507
7988
8205
8218
9036
8578
9069
9936
10060
10913
9508
6506
5302
6881
11580
11746
5658
463
1190
6471
8086
3132
-954
358
1752
-26
-3686
-3531
259
77
-4612
-7426
-5789
-3503
-3923
-5519
-4651
-3856
-6222
-7912
-6385
-2656
-1280
-4107
-6059
-4257
-2322
-2238
-2335
-1172
849
353
-1771
-1448
884
2909
2992
1839
1791
2328
2091
2407
3795
4547
4239
2646
1857
2770
3608
3485
3491
2040
-1087
-1154
301
537
435
-2610
-5438
-4888
-3897
-4107
-5973
-7009
-6726
-7810
-9421
-8986
-8625
-8468
-8574
-9762
-10110
-9791
-9153
-8336
-7740
-7174
-7158
-7643
-6977
-4836
-3504
-2940
-2739
-2438
-1716
-937
104
1116
2233
2511
2158
2003
2920
4108
4694
4917
5009
4852
4813
5497
6209
7148
7904
7333
6724
7018
8531
10166
10781
10453
10640
10954
10516
7615
5523
9272
14068
13086
6190
145
2522
9269
9953
4188
-387
565
2928
547
-3426
-2198
1137
106
-5055
-8179
-5948
-3172
-4184
-5765
-5395
-5495
-7525
-9376
-7172
-2729
-2481
-5957
-7788
-6081
-3314
-2858
-3551
-2132
-344
-1153
-2815
-2397
609
2874
2288
1144
1220
1581
2079
2766
3954
5018
4155
2459
2310
3377
4534
4559
3906
3395
2951
1791
-262
-46
1406
986
-322
-2906
-5208
-4819
-4526
-4537
-5279
-6781
-8404
-9696
-10040
-8724
-8284
-9203
-10226
-11213
-11006
-10298
-9492
-8404
-7936
-8290
-8714
-8226
-6767
-4522
-3376
-3303
-3284
-3050
-2014
-654
919
1875
2071
1693
1672
2453
3783
4841
4876
4708
4525
4431
4936
6026
6890
7122
6825
6409
6562
7434
8814
9255
9585
9992
9981
11137
11544
8210
5112
6918
12122
14584
9184
831
297
7214
11200
6843
-272
-869
3213
2564
-2327
-3743
-223
1663
-2638
-7839
-7026
-3655
-3476
-5259
-5861
-4886
-5938
-9047
-8539
-4022
-1830
-4424
-7702
-7106
-3744
-2755
-3851
-3337
-1223
-529
-2273
-3429
-1179
1901
2189
1038
436
836
1551
1880
2849
4173
3906
2496
1769
2372
3683
4042
3408
2868
1785
329
73
375
711
454
-1666
-3581
-4193
-4645
-4780
-4924
-5391
-6586
-8595
-9931
-9406
-8391
-8244
-9295
-10647
-10960
-10723
-10152
-9255
-8602
-8463
-8768
-8945
-8033
-6296
-5037
-4377
-4129
-3799
-3244
-2433
-1189
132
1050
1087
867
967
1998
3099
3591
3790
3775
3691
3777
4201
4788
5524
6082
5646
5252
5380
6470
7562
7806
7883
8192
8631
9135
10045
11386
10273
5682
4383
8979
13586
12161
4307
-679
4090
10311
8523
1615
-1212
2527
4715
-160
-4280
-1773
1755
133
-5241
-7256
-4224
-2823
-4829
-5670
-4552
-4443
-7020
-8979
-5930
-2139
-3240
-6566
-7172
-4522
-2626
-3872
-4524
-2158
-372
-1565
-3511
-2844
225
1728
676
52
549
1021
1232
1550
2775
3673
2643
1410
1678
2696
3434
2880
2433
2409
2184
301
-1962
-896
819
96
-1675
-4748
-6160
-5236
-4853
-5052
-6164
-7775
-9002
-10292
-10212
-8375
-8329
-9653
-10808
-11265
-10676
-10009
-9201
-8217
-7969
-8360
-8466
-7991
-6248
-4013
-3299
-3401
-3360
-2789
-1692
-389
1000
1927
1945
1486
1715
2480
3898
4761
4611
4358
4139
4234
4853
5760
6436
6583
5910
5590
6284
7025
7888
8436
8639
8748
8802
9408
11207
11581
7993
4464
6689
11880
13623
8021
944
1720
7908
9880
4589
-605
662
4199
2366
-2625
-3398
-183
1091
-2675
-6512
-5677
-3608
-4076
-5493
-5176
-4558
-6055
-8607
-7703
-4062
-3034
-5595
-7697
-6356
-3961
-3949
-5183
-4336
-2256
-1836
-3529
-4354
-2293
-82
-15
-893
-1123
-591
-242
-11
752
1649
1415
428
47
636
1510
1480
1057
741
93
-1354
-2190
-1766
-1214
-1601
-3329
-5399
-6089
-6111
-6388
-6616
-7185
-8250
-9742
-11139
-10990
-9947
-9870
-10767
-11922
-12233
-11857
-11503
-10814
-10059
-9801
-9911
-10035
-9573
-8049
-6608
-5820
-5408
-5147
-4538
-3753
-2765
-1478
-354
-78
-344
-236
532
1720
2425
2584
2458
2396
2693
3048
3799
4577
4574
4091
4050
4556
5614
6040
6109
6527
6792
7247
7703
8752
10330
11072
7638
2892
4808
10803
13682
9312
1017
-205
6118
9480
5787
364
-54
3500
2615
-2752
-3846
-352
1599
-1670
-6542
-6694
-4211
-4332
-5471
-5084
-4749
-6177
-9072
-9135
-5187
-3279
-5437
-7848
-7465
-5385
-4791
-5796
-4956
-2699
-2465
-4040
-5308
-3598
-787
-458
-1244
-1371
-1194
-975
-626
175
1646
1737
349
-111
426
1435
1833
1394
1283
984
-453
-1695
-1401
-516
-357
-1831
-4186
-5140
-5192
-5357
-5486
-5953
-6878
-8257
-9915
-10217
-9123
-8621
-9310
-10654
-11288
-10992
-10770
-10276
-9347
-8961
-9205
-9540
-9379
-8106
-6499
-5567
-5174
-5100
-4794
-4229
-3240
-1767
-664
-589
-804
-735
-120
1111
1765
1807
2024
2103
1998
2168
2786
3831
4142
3763
3769
3608
4196
5223
5838
6265
6369
6517
6866
7671
8966
10027
9313
5433
3600
7151
11262
10955
5704
631
2418
7414
7424
2986
-68
1548
3269
357
-3177
-2186
422
-14
-3504
-5899
-4742
-3640
-4673
-4920
-4217
-4525
-6400
-7989
-6440
-3477
-3616
-5784
-6364
-5090
-3847
-4251
-4554
-2876
-1476
-2015
-3168
-2942
-922
510
252
42
562
840
869
1253
2340
3305
2992
2098
2211
2937
3354
3358
3153
3018
2233
1178
856
1297
1163
-197
-1515
-2077
-2357
-3124
-4194
-4724
-4677
-5071
-6666
-8039
-7821
-6958
-7189
-8155
-8617
-8576
-8401
-8257
-7711
-7032
-6856
-6830
-6625
-5840
-4735
-3850
-3276
-2664
-1931
-1408
-1004
-249
1056
1901
2015
2051
2441
3164
3718
4117
4382
4680
4868
4911
5082
5669
6202
6386
6372
6352
6714
7098
7596
8390
8642
8593
9105
9594
10691
11486
10418
7430
5648
8770
12761
12023
6947
2417
3730
8357
8954
4852
1567
2263
3854
2213
-1004
-813
1479
1113
-2067
-4293
-3672
-2450
-2833
-3306
-3131
-3649
-5158
-6187
-4920
-2315
-2253
-4347
-5202
-3951
-2714
-2692
-2791
-1714
-400
-822
-1841
-1487
367
1816
1681
1209
1536
1974
2232
2814
3693
4307
4026
3256
3312
4088
4535
4507
4122
3310
2600
2279
2096
2084
1761
247
-1098
-1453
-1750
-2383
-3248
-4031
-4396
-5153
-6201
-6849
-6968
-6629
-6825
-7710
-8326
-8201
-7805
-7456
-7247
-7058
-6792
-6714
-6233
-5364
-4495
-3816
-3380
-2939
-2329
-1585
-811
26
671
1094
1415
1821
2429
3124
3673
3867
4048
4291
4535
4883
5307
5749
6053
6070
5931
6380
7088
7313
7584
7966
8354
8635
8879
9762
10718
11729
11618
9278
6485
7223
11189
13651
11007
5342
2745
6137
9741
8488
4325
2501
3843
4035
1385
-415
1163
2695
941
-2497
-3772
-2567
-1920
-2269
-2467
-2606
-3902
-5721
-5864
-3531
-1714
-2694
-4501
-4793
-3551
-2862
-2824
-2197
-935
-551
-1530
-2045
-941
900
1641
1460
1304
1413
1550
1820
2683
3706
3971
3143
2486
2838
3536
3844
3749
3509
2927
1800
502
557
1617
1465
2
-1822
-2930
-2931
-2725
-3091
-3924
-4639
-5549
-6594
-7122
-6508
-5976
-6471
-7422
-7975
-7868
-7510
-6968
-6274
-5810
-5981
-6267
-5929
-4856
-3463
-2544
-2368
-2346
-1835
-977
-131
807
1647
1946
1871
2039
2562
3431
4094
4331
4358
4283
4228
4574
5194
5688
6046
5963
5587
5571
6240
7086
7496
7691
7724
7761
8278
9126
10066
11232
11099
8918
5976
6299
10657
13407
10583
5014
2598
6057
9301
7727
4077
2785
3820
3785
989
-581
1240
2608
724
-2579
-3760
-2610
-2141
-2658
-2622
-2524
-3915
-5798
-6029
-3827
-1927
-2883
-4579
-4754
-3754
-3158
-3181
-2545
-1077
-715
-1764
-2355
-1505
243
1123
1038
892
877
813
1087
2023
3156
3410
2495
1803
2136
2774
3097
3015
2970
2542
1338
740
955
743
407
-634
-1968
-2169
-2590
-3656
-4401
-4669
-4764
-5567
-7019
-7601
-7376
-7329
-7497
-8104
-8513
-8567
-8550
-8258
-7654
-7299
-7213
-7182
-6941
-6075
-5222
-4723
-4140
-3433
-2908
-2530
-1963
-1059
-153
260
430
702
1121
1769
2259
2376
2704
2870
2747
2919
3320
3721
3917
3777
3908
4233
4546
4763
4972
5354
5662
5927
6045
7085
7793
8261
8781
7431
5453
4737
6642
9889
9498
5504
1962
2189
5532
6913
4219
1033
875
1547
834
-1280
-1619
13
-226
-2810
-4775
-4698
-3817
-3523
-3967
-4117
-4596
-6247
-6886
-5915
-3872
-3336
-4777
-5953
-5393
-4317
-3850
-3367
-2719
-1827
-2126
-2814
-2550
-1276
149
558
324
97
273
452
1155
2220
2705
2386
1664
1552
2159
2665
2731
2724
2570
1912
1109
426
0
398
703
-293
-1707
-3219
-4032
-3751
-3240
-3428
-4981
-6609
-7215
-7068
-6721
-6476
-6914
-7665
-8138
-8287
-7893
-7243
-6523
-6184
-6389
-6596
-6197
-5313
-4272
-3165
-2608
-2541
-2560
-1901
-628
426
1146
1306
1231
1498
2242
2978
3629
3946
3867
3846
4025
4366
4861
5393
5632
5594
5715
5584
5754
6751
7446
7643
7542
7551
8127
9235
9988
10768
10921
9557
7466
6428
8980
12493
11532
7252
3770
4543
8156
8653
5640
3324
3464
3627
2412
251
567
2262
1563
-1050
-3055
-2970
-1972
-1921
-2185
-2120
-3189
-5072
-5329
-4102
-2116
-2019
-3661
-4391
-3733
-3014
-2659
-2056
-1093
-243
-988
-1713
-1207
201
1538
1815
1499
1399
1435
1525
2524
3651
4025
3535
2713
2708
3328
3750
4001
3998
3615
3118
2343
1856
1920
1843
1297
258
-806
-1308
-1989
-2649
-2593
-3135
-4190
-5025
-5849
-6153
-5896
-6040
-6426
-6983
-7369
-7383
-7359
-6990
-6292
-6147
-6343
-6315
-5881
-5037
-4162
-3630
-3115
-2841
-2476
-1706
-908
-80
647
779
755
1149
1840
2555
2925
3079
3238
3233
3243
3616
4092
4406
4509
4290
4264
4905
5261
5444
5949
6020
6232
6651
6829
7568
8568
8949
9518
9063
7531
6383
6376
8980
11183
8917
5072
3031
4566
7434
7118
4055
2405
2280
2034
1213
-35
727
1445
-384
-2701
-3544
-2863
-2132
-2452
-2916
-2938
-4067
-5381
-5115
-3723
-2021
-2452
-4089
-4496
-3474
-2477
-1882
-1487
-894
-343
-967
-1113
-200
1156
2184
2208
1793
1758
2021
2575
3627
4259
4273
3764
3164
3494
4196
4604
4661
4351
3886
3514
3165
2885
3107
2848
1928
854
-336
-535
-351
-1057
-1775
-2614
-3646
-4097
-4449
-4700
-4712
-5066
-5519
-6193
-6633
-6195
-5713
-5596
-5506
-5648
-5777
-5260
-4518
-3708
-3083
-2980
-2616
-2152
-1518
-503
382
890
1307
1597
1780
2301
3022
3919
4228
4007
4064
4309
4601
5291
5676
5651
5700
5667
5692
6155
6709
7230
7405
6903
6947
7765
8350
9116
9485
9381
10207
10316
8938
7866
7360
9092
11613
10208
6655
4667
4975
7650
8150
5526
3368
2791
2654
2587
1292
930
1460
382
-1384
-2396
-2743
-2045
-1904
-2420
-2637
-3618
-5015
-4734
-3665
-2350
-2229
-3693
-4243
-3625
-2768
-2001
-1522
-1237
-745
-1073
-1298
-392
630
1573
1738
1402
1339
1669
2070
2916
3615
3607
3339
2748
2899
3586
4011
4083
3822
3293
3022
2309
1137
1901
2754
1805
336
-1359
-1925
-1108
-969
-1829
-3190
-4279
-4507
-4843
-5388
-4937
-4976
-5956
-6831
-7071
-6620
-6273
-6210
-5767
-5708
-6366
-6259
-5590
-4627
-3515
-3299
-3577
-3563
-2818
-1699
-854
-368
118
117
-94
567
1329
2050
2521
2346
2250
2319
2437
3029
3844
3994
3760
3279
3317
4096
4771
5087
4875
4647
5153
5533
5860
6542
6942
7476
8024
8358
7465
5940
4990
6073
8817
9310
6070
2854
2108
4717
6391
4707
1841
892
1003
542
-812
-1426
-547
-868
-2967
-4807
-5171
-4309
-4014
-4556
-4903
-5274
-6652
-7364
-6507
-4850
-4077
-5398
-6426
-6021
-4953
-4282
-3819
-3295
-2561
-2488
-2981
-2529
-1280
69
536
318
278
628
1001
1732
2683
3250
3051
2406
2280
3017
3729
3977
3762
3417
2982
1747
1462
2547
2949
2045
263
-975
-775
-330
-521
-1571
-2595
-3005
-3518
-4409
-4568
-4028
-4081
-5067
-6092
-6161
-5840
-5609
-5254
-4949
-5192
-5564
-5529
-4837
-3727
-2948
-2781
-3053
-2815
-1963
-1179
-510
109
549
597
528
878
1684
2462
2721
2734
2587
2507
2781
3231
3822
4143
4053
3771
3657
4028
4688
5147
5144
5203
5105
5215
5703
6690
7320
7734
7713
8362
8106
6699
5955
6086
8154
9890
7493
4192
2805
4307
6686
6083
3213
1710
1649
1387
827
-181
38
216
-1377
-3049
-3703
-3450
-2881
-3093
-3580
-3804
-4936
-5928
-5252
-3972
-2959
-3559
-4865
-4957
-3870
-3037
-2492
-2079
-1754
-1429
-1778
-1585
-623
419
1037
1030
760
907
1289
1785
2727
3222
2986
2551
2279
2722
3400
3640
3424
3116
2644
1457
840
1686
2137
1311
-222
-1624
-1860
-1551
-1710
-2755
-3694
-4208
-4793
-5762
-6112
-5696
-5742
-6657
-7543
-7698
-7633
-7575
-7173
-6770
-6927
-7323
-7344
-6805
-5909
-4990
-4685
-4953
-4790
-3932
-3278
-2610
-1833
-1290
-1210
-1312
-977
-212
438
926
1108
859
833
1150
1576
2129
2540
2618
2463
2247
2584
3437
3746
3871
4245
4235
4389
4812
5424
6158
6971
7479
7759
7541
6060
5739
6267
7334
8722
7518
4799
3655
3901
5274
5640
4123
2499
1697
726
658
473
200
68
-1189
-2557
-3252
-3542
-3174
-2834
-3321
-3893
-4654
-5654
-5228
-4286
-3500
-3443
-4285
-4766
-4321
-3649
-2892
-2194
-1986
-1793
-1960
-1932
-1065
-126
589
839
684
592
926
1417
2181
2838
2817
2562
2246
2327
2932
3375
3505
3207
2843
2120
1072
1102
2089
1976
869
-681
-1786
-1622
-1194
-1593
-2646
-3582
-4235
-4723
-5351
-5310
-4996
-5523
-6464
-6952
-6943
-6893
-6528
-6087
-5924
-6292
-6595
-6261
-5494
-4539
-3817
-3777
-3942
-3463
-2633
-1864
-1005
-364
-105
-134
66
746
1575
2142
2435
2364
2301
2447
2797
3435
4023
4014
3791
3755
3919
4403
5067
5233
5321
5497
5685
5825
6184
7085
7730
8150
8407
8765
8016
6830
6673
7148
8821
9432
6856
4584
3942
5161
6400
5484
3425
2395
1928
1270
908
407
525
48
-1400
-2594
-3152
-2939
-2563
-2697
-3168
-3603
-4823
-5283
-4347
-3412
-2888
-3524
-4296
-4246
-3492
-2857
-2129
-1659
-1459
-1345
-1565
-1103
-178
731
1229
1272
1097
1185
1608
2170
3105
3432
3101
2760
2676
3188
3714
3945
3836
3477
3024
1904
1336
2206
2669
1809
421
-1007
-1168
-723
-979
-1842
-2909
-3505
-3913
-4607
-5000
-4698
-4803
-5581
-6323
-6446
-6264
-6195
-5890
-5455
-5493
-5952
-5846
-5231
-4365
-3460
-3117
-3238
-3035
-2272
-1482
-723
-72
477
655
680
1136
1987
2671
2960
3103
3160
3300
3458
3950
4622
4837
4773
4626
4662
5110
5774
6249
6183
6132
6248
6458
7016
7994
8524
8804
8802
9237
9503
8428
7622
7727
8661
10045
8959
6178
5033
5502
6895
6983
5143
3439
2951
2313
2131
1794
1349
973
-73
-1306
-1893
-2024
-1855
-1813
-2245
-2693
-3384
-4317
-3920
-2936
-2307
-2495
-3302
-3633
-3013
-2201
-1615
-1164
-1063
-852
-862
-686
26
867
1468
1589
1503
1468
1836
2310
3039
3546
3384
2975
2871
3089
3587
3977
3855
3513
3209
2675
1685
1693
2395
1987
1087
-176
-1210
-1028
-966
-1418
-2382
-3333
-3781
-4261
-4934
-5023
-4880
-5329
-6091
-6610
-6506
-6361
-6243
-5893
-5754
-5992
-6072
-5615
-5033
-4303
-3668
-3456
-3408
-2976
-2128
-1413
-745
-209
163
363
570
1168
1758
2244
2507
2556
2615
2853
3127
3500
3968
3946
3826
3802
3881
4530
5015
5018
5097
5063
5218
5769
6326
6800
6923
7502
8157
8588
8192
6645
6369
6970
8108
8841
7220
5123
4341
4637
5680
5745
4198
2608
1789
1291
1335
775
235
-90
-982
-2079
-2934
-3168
-2677
-2523
-3213
-3789
-4516
-5020
-4600
-3959
-3418
-3496
-4220
-4619
-4046
-3327
-2643
-2202
-2213
-1960
-1928
-1794
-1107
-270
253
406
243
219
729
1238
1870
2226
2132
1959
1797
2004
2491
2779
2776
2485
2117
1709
732
585
1515
1081
26
-1261
-2179
-1784
-1630
-2369
-3425
-4238
-4567
-4832
-5667
-5848
-5551
-5996
-6704
-7146
-7059
-6829
-6765
-6490
-6200
-6511
-6683
-6213
-5562
-4690
-4131
-4128
-4082
-3543
-2674
-1876
-1316
-855
-483
-373
-123
577
1160
1631
1813
1890
2000
2183
2437
2996
3399
3306
3240
3315
3518
4026
4578
4663
4555
4626
4900
5317
5878
6415
6641
7003
7464
8198
8041
6628
6132
6511
7558
8549
7255
4987
4149
4498
5504
5490
3968
2708
1993
1290
1191
816
370
-32
-986
-1892
-2561
-2941
-2756
-2651
-2929
-3405
-4185
-4960
-4562
-3718
-3169
-3306
-4024
-4305
-3820
-3154
-2546
-2189
-2026
-1849
-1853
-1669
-1014
-320
200
430
271
221
470
963
1658
2049
1867
1508
1420
1563
2007
2281
2202
1937
1552
1166
50
-330
637
524
-658
-1945
-3134
-3101
-2615
-2925
-4025
-5080
-5690
-5772
-6324
-6595
-6336
-6781
-7558
-7917
-7837
-7672
-7444
-7212
-6868
-7049
-7362
-6880
-6196
-5350
-4605
-4536
-4627
-4122
-3201
-2334
-1674
-1223
-779
-609
-305
378
1079
1598
1867
1898
1993
2314
2573
3175
3582
3472
3441
3472
3804
4408
4809
4850
4861
5050
5540
5824
6071
6704
7012
7595
8172
8438
8033
6583
6599
7581
8116
8400
7000
5125
4856
5248
5453
5172
4058
2968
2279
1206
1007
1065
494
-235
-1181
-2052
-2558
-2915
-2981
-2640
-3145
-3897
-4540
-5010
-4372
-3748
-3619
-3804
-4049
-4253
-3862
-3267
-2761
-2128
-2107
-2083
-1940
-1562
-866
-193
194
374
405
384
867
1408
1926
2234
2095
1942
2030
2164
2421
2790
2676
2534
2068
1909
1451
542
975
1344
468
-761
-1985
-2100
-1633
-1904
-2984
-4208
-4883
-4716
-4916
-5770
-5840
-5928
-6532
-7214
-7291
-6815
-6746
-6924
-6706
-6504
-6824
-6601
-5840
-5235
-4738
-4509
-4520
-4169
-3243
-2339
-1873
-1742
-1288
-768
-566
-98
565
1073
1226
1180
1274
1596
1830
2108
2484
2494
2467
2490
2678
3219
3643
3673
3628
3650
3836
4443
4881
5131
5683
5925
6372
7246
6803
5086
5110
5861
6557
7136
5506
3807
3604
3639
3824
3608
2589
1693
707
-378
-355
-448
-1158
-1706
-2685
-3222
-3850
-4712
-4557
-4083
-4445
-5156
-5994
-6393
-5654
-5134
-5137
-5022
-5224
-5305
-5081
-4648
-3926
-3373
-3299
-3139
-3039
-2663
-2003
-1533
-986
-567
-647
-684
-252
241
914
1102
987
986
1003
1132
1394
1681
1769
1645
1130
942
553
-237
73
439
-280
-1273
-2513
-3081
-2592
-2566
-3448
-4670
-5586
-5708
-5774
-6311
-6380
-6637
-7362
-7885
-8017
-7696
-7498
-7528
-7358
-7225
-7458
-7229
-6597
-5983
-5218
-5028
-5116
-4819
-4018
-3016
-2393
-2034
-1581
-1209
-1005
-392
173
706
1105
1081
1154
1462
1875
2283
2667
2737
2829
2908
3111
3465
3922
4208
4319
4484
4793
5023
5528
6214
6525
6981
7546
7895
7292
5998
6047
6793
7645
7964
6057
4373
4141
4474
4954
4443
3202
2246
1368
419
401
100
-402
-948
-1990
-2841
-3565
-3947
-3641
-3468
-3978
-4653
-5533
-5901
-5254
-4820
-4618
-4767
-5251
-5407
-4984
-4399
-3791
-3397
-3354
-3152
-3173
-2827
-2115
-1608
-1064
-930
-1062
-1016
-635
-122
435
589
400
285
230
342
629
777
576
265
-202
-515
-1490
-2138
-1433
-1538
-2772
-4057
-5237
-5322
-5022
-5288
-6363
-7526
-8185
-8294
-8632
-8854
-8665
-8995
-9745
-10192
-9876
-9444
-9339
-9137
-8822
-8842
-8996
-8373
-7527
-6760
-6136
-5990
-5899
-5437
-4435
-3477
-2852
-2487
-2030
-1753
-1484
-764
-77
449
581
567
688
1065
1488
1883
2164
2179
2266
2268
2625
3156
3413
3570
3717
3874
4297
4738
5025
5710
6213
6645
7278
6853
5641
5502
5975
6534
7431
6556
4616
3887
3676
4305
4618
3584
2349
1347
406
379
220
-386
-689
-1639
-2521
-3182
-3894
-3642
-3205
-3569
-4163
-4902
-5487
-4983
-4432
-4066
-3849
-4348
-4641
-4457
-3784
-2990
-2445
-2344
-2199
-2140
-1907
-1204
-611
41
381
241
274
616
1103
1743
2134
2145
1997
1812
1947
2298
2618
2736
2451
2027
1817
1184
427
926
1188
348
-604
-1931
-2365
-1763
-1978
-2862
-3830
-4734
-4835
-5049
-5574
-5482
-5713
-6372
-6930
-7108
-6781
-6565
-6536
-6234
-6271
-6508
-6190
-5624
-4985
-4200
-4040
-4090
-3738
-3061
-2163
-1475
-1098
-736
-415
-205
268
857
1408
1700
1757
1788
1962
2307
2724
3143
3200
3257
3284
3484
3948
4286
4692
4798
4788
4949
5511
6201
6562
6949
7305
7956
8528
7328
5951
6441
7457
8301
8081
5749
4515
4666
4975
5194
4441
3183
2400
1402
626
681
244
-203
-903
-2000
-2710
-3352
-3755
-3280
-3152
-3904
-4658
-5526
-5479
-4623
-4333
-4246
-4522
-4887
-4863
-4451
-3817
-3092
-2772
-2733
-2613
-2507
-1968
-1269
-662
-103
39
-140
24
649
1270
1819
1852
1720
1746
1732
2005
2436
2591
2577
2282
1935
1286
692
1164
1579
1002
-230
-1614
-1881
-1493
-1312
-2007
-3390
-4254
-4408
-4569
-4916
-4944
-5098
-5594
-6334
-6461
-6102
-5985
-5772
-5587
-5591
-5825
-5745
-5090
-4259
-3626
-3359
-3321
-3217
-2455
-1508
-811
-389
-85
280
468
855
1563
2194
2523
2594
2561
2676
3083
3501
4054
4161
3998
3915
4135
4756
5267
5292
5280
5485
5700
6133
6598
6940
7706
8109
8192
9013
8683
7201
7347
7649
8266
9329
7799
5879
5541
5479
6257
6093
4684
3865
2944
1919
1995
1724
1206
777
-460
-1112
-1626
-2287
-2066
-1866
-2269
-2672
-3534
-4240
-3501
-2947
-2695
-2702
-3216
-3314
-2975
-2424
-1714
-1191
-1132
-962
-960
-672
137
738
1274
1526
1480
1477
1929
2362
2947
3347
3174
3106
2996
3151
3512
3736
3737
3484
3095
2149
1532
2131
2441
1698
596
-727
-1156
-625
-763
-1603
-2644
-3429
-3602
-4073
-4499
-4447
-4647
-5218
-5821
-6011
-5917
-5934
-5677
-5309
-5410
-5657
-5543
-5093
-4317
-3626
-3350
-3361
-3186
-2444
-1726
-1098
-445
-155
173
481
812
1426
1926
2280
2488
2438
2532
2742
3054
3607
3883
3707
3669
3724
4101
4721
4860
4966
5125
5230
5402
5677
6341
7014
7343
7619
7988
8271
7359
6572
7116
7715
8009
7681
6021
5155
5116
5112
5162
4603
3689
2792
1616
976
1216
913
98
-742
-1491
-1999
-2663
-3127
-2773
-2737
-3406
-4095
-4745
-4659
-4049
-3910
-3845
-3857
-4088
-4166
-3810
-3106
-2425
-2180
-2217
-2050
-1763
-1273
-713
-201
220
374
256
387
903
1385
1794
1862
1681
1705
1768
1898
2166
2369
2150
1872
1021
180
530
898
460
-429
-1849
-2442
-2365
-2380
-2656
-3920
-4969
-5228
-5700
-6175
-6222
-6469
-6875
-7604
-8034
-7860
-8025
-7930
-7484
-7552
-7890
-7908
-7672
-7012
-6372
-6015
-5833
-5872
-5388
-4553
-3962
-3420
-2955
-2707
-2437
-2174
-1717
-1071
-717
-511
-402
-403
-193
244
645
908
883
866
961
1280
1685
2122
2231
2279
2582
2556
2942
3558
4101
4696
4954
5138
5655
5805
4698
4447
5353
5481
5592
4734
3469
3397
3380
2980
2631
2030
1442
732
-596
-900
-614
-1161
-1993
-3008
-3416
-3655
-4355
-4830
-4426
-4574
-5252
-5825
-6249
-5652
-5278
-5371
-5332
-5211
-5242
-5104
-4756
-4098
-3318
-3221
-3145
-2803
-2350
-1726
-1312
-910
-365
-135
-169
204
749
1273
1648
1494
1545
1771
1883
2065
2220
2311
2176
1899
1227
399
727
1245
688
-364
-1607
-2284
-1953
-1735
-2364
-3705
-4650
-4769
-4896
-5386
-5659
-5765
-6266
-6747
-6947
-6810
-6809
-6762
-6401
-6362
-6576
-6471
-6025
-5422
-4707
-4267
-4153
-4119
-3475
-2534
-1959
-1490
-1177
-783
-481
-153
454
1050
1247
1279
1549
1667
1836
2121
2566
2775
2698
2679
2760
3161
3807
3975
3875
4013
4282
4609
4969
5336
5830
6188
6698
6991
7498
7345
6048
5993
6910
7181
7077
6067
4737
4826
4832
4290
3884
3312
2890
2064
686
268
536
98
-911
-1910
-2351
-2560
-3360
-3721
-3327
-3525
-4170
-4773
-5154
-4638
-4225
-4440
-4426
-4307
-4258
-4137
-3875
-3195
-2519
-2360
-2354
-2128
-1607
-990
-541
-226
253
419
512
818
1289
1783
2072
2004
1950
2183
2293
2433
2619
2649
2575
2208
1489
752
1085
1563
1103
166
-1433
-2019
-1502
-1492
-1859
-3120
-4327
-4478
-4618
-5057
-5176
-5371
-5806
-6354
-6813
-6466
-6294
-6262
-5890
-5890
-6088
-6021
-5604
-4791
-4034
-3806
-3612
-3521
-3070
-2084
-1300
-819
-569
-282
60
412
998
1655
1893
2024
2109
2305
2568
2807
3233
3579
3472
3359
3496
3736
4427
4727
4580
4670
4793
5168
5739
5942
6391
6801
7093
7730
8264
7968
6702
6332
7422
8006
7870
6709
5403
5333
5675
5158
4534
4014
3431
2698
1417
767
1051
679
-251
-1162
-1717
-2111
-2775
-3213
-2760
-2825
-3684
-4483
-4765
-4235
-3702
-3946
-4144
-3963
-3903
-3812
-3513
-2931
-2204
-2105
-2127
-1862
-1415
-770
-354
51
524
709
685
980
1526
2034
2307
2245
2237
2388
2523
2624
2751
2891
2745
2413
1976
1236
944
1477
1467
634
-622
-1876
-1824
-1329
-1671
-2598
-3878
-4512
-4481
-4863
-5223
-5337
-5593
-6177
-6775
-6783
-6407
-6380
-6240
-6068
-6200
-6352
-6070
-5403
-4604
-4103
-3959
-3924
-3618
-2759
-1879
-1340
-1047
-725
-336
-23
321
950
1484
1623
1705
1817
2049
2286
2654
3027
3033
3036
3039
3303
3730
4027
4397
4444
4468
4626
5079
5704
6145
6641
6958
7291
7970
7552
6114
6354
7257
7514
7732
6234
4837
4899
4734
4718
4505
3554
2756
1865
620
731
750
11
-684
-1732
-2227
-2720
-3427
-3277
-2931
-3519
-4168
-4830
-5112
-4342
-4037
-4035
-4046
-4221
-4245
-3985
-3447
-2728
-2236
-2227
-2085
-1909
-1459
-860
-405
104
378
342
363
873
1394
1801
2024
1922
1881
1980
2072
2285
2525
2490
2221
1856
1734
1603
667
428
1040
698
-248
-1520
-2648
-2171
-1751
-2466
-3537
-4747
-5204
-4930
-5373
-5639
-5729
-6388
-6908
-7181
-6976
-6452
-6584
-6630
-6356
-6587
-6491
-5939
-5332
-4556
-4253
-4325
-4109
-3572
-2622
-1800
-1578
-1262
-877
-610
-102
425
897
1304
1339
1300
1689
1945
2257
2689
2797
2866
2846
2983
3459
3952
4190
4347
4425
4758
5168
5416
6067
6735
7237
7628
7900
7228
6133
6693
7353
7592
7687
6264
4984
4936
4897
5043
4802
3736
2877
1916
937
1165
1032
406
-325
-1254
-1817
-2295
-2802
-2541
-2305
-2889
-3432
-4093
-4284
-3515
-3166
-3035
-3030
-3295
-3353
-2927
-2380
-1594
-1210
-1241
-979
-817
-265
351
814
1275
1525
1439
1596
2119
2551
3041
3161
3047
3000
3010
3200
3426
3519
3430
3163
2772
2650
2652
2395
1291
733
1204
778
-238
-1449
-2328
-2090
-2183
-2914
-4088
-5300
-5470
-5269
-5890
-6397
-6671
-7124
-7553
-7796
-7357
-7214
-7721
-7587
-7259
-7243
-7089
-6660
-6086
-5603
-5395
-5150
-4807
-4271
-3349
-2809
-2606
-2305
-1859
-1403
-1004
-606
-171
-15
-62
235
533
750
1007
1128
1310
1487
1640
1946
2191
2404
2776
3002
3366
3683
3976
4512
4969
5831
6674
6846
6846
5604
5257
6740
7140
6975
6493
5025
4802
4906
4242
4406
4303
3462
2490
962
470
1186
736
-177
-940
-1833
-2179
-2873
-3203
-2530
-2661
-3596
-4263
-4745
-4368
-3678
-3835
-3704
-3578
-3837
-3863
-3569
-2755
-1958
-1899
-1994
-1726
-1415
-751
-223
187
700
725
611
904
1513
2062
2347
2280
2237
2287
2275
2440
2735
2917
2743
2250
2046
2053
1933
1147
451
707
764
-32
-1204
-2126
-2181
-2063
-2547
-3514
-4500
-4812
-4923
-5318
-5698
-5877
-6126
-6549
-6947
-6743
-6284
-6430
-6528
-6232
-6006
-5923
-5685
-5128
-4405
-4041
-3840
-3486
-3000
-2199
-1499
-1173
-785
-408
-38
507
823
1275
1667
1686
1862
2190
2403
2610
2806
2963
3135
3313
3479
3697
3969
4360
4442
4561
4873
5137
5641
6143
6687
7065
7356
7773
7094
6114
6772
7541
7372
7057
5963
5190
5503
4865
4412
4368
3820
3219
1883
635
945
1249
188
-742
-1542
-1790
-2291
-3053
-2869
-2625
-3200
-3948
-4465
-4401
-3776
-3748
-4009
-3719
-3677
-3791
-3602
-3138
-2321
-1932
-2086
-1996
-1613
-1121
-624
-484
-69
225
14
44
383
784
943
794
585
509
481
384
421
426
318
-35
-423
-565
-822
-1691
-2151
-1715
-1781
-2731
-3862
-4499
-4355
-4316
-4819
-5515
-6243
-6580
-6637
-7078
-7174
-6873
-7114
-7738
-7997
-7560
-7082
-7252
-7129
-6607
-6564
-6603
-6114
-5478
-4808
-4433
-4255
-3919
-3475
-2779
-2071
-1704
-1386
-841
-592
-364
64
597
999
962
1081
1389
1537
1705
2069
2353
2493
2537
2666
2973
3248
3616
3971
4192
4364
4697
5143
5516
6305
6851
7271
7434
6406
5681
6651
7529
7388
6616
5373
5213
5695
5028
4304
4049
3856
3397
1802
694
998
1232
430
-650
-1527
-1661
-2142
-2927
-2668
-2477
-3133
-3923
-4474
-4119
-3513
-3691
-3983
-3690
-3555
-3553
-3650
-3149
-2280
-2003
-2077
-1976
-1633
-1056
-556
-272
206
379
275
485
898
1423
1631
1572
1481
1647
1725
1689
1841
1969
1978
1602
1287
1280
928
29
-204
131
-172
-1125
-2225
-2932
-2852
-2932
-3540
-4308
-5106
-5522
-5750
-6246
-6312
-6204
-6783
-7446
-7589
-7203
-6991
-7205
-7049
-6644
-6763
-6697
-6195
-5608
-4995
-4654
-4442
-4054
-3566
-2824
-2196
-1818
-1390
-922
-621
-264
195
718
1024
1081
1327
1603
1776
1962
2289
2420
2591
2708
2941
3228
3445
3824
4023
4199
4290
4625
5248
5666
6247
6670
7027
7573
7085
5979
6497
7740
7698
6770
5567
5536
6315
5877
4516
3954
4084
4197
2966
1376
1185
1696
1220
-8
-849
-943
-1163
-2134
-2286
-1878
-2242
-3066
-3710
-3417
-2752
-2886
-3392
-3192
-2739
-2578
-2788
-2640
-1795
-1277
-1233
-1187
-817
-207
137
379
819
1269
1299
1367
1750
2243
2613
2563
2536
2725
2988
2946
2928
3062
3246
3004
2697
2480
2115
1599
1084
1394
1490
344
-802
-1436
-1483
-1311
-2038
-2858
-3571
-4049
-4199
-4502
-4911
-4771
-5092
-5757
-5980
-5809
-5401
-5527
-5526
-5054
-4974
-5147
-4671
-3978
-3442
-3023
-2933
-2618
-2145
-1400
-707
-417
-71
429
770
898
1293
1805
2118
2068
2147
2401
2504
2691
2907
3118
3140
3088
3112
3358
3704
3837
3984
3957
3955
4405
4859
5042
5571
6052
6397
7003
6175
5069
5543
6835
7073
6123
4654
4267
5132
5033
4014
3187
3037
3285
2205
667
407
820
568
-608
-1649
-1748
-1957
-2768
-2965
-2546
-2758
-3556
-4319
-4099
-3244
-3185
-3746
-3746
-3304
-3055
-3077
-2967
-2175
-1578
-1488
-1464
-1129
-462
60
353
692
1160
1216
1309
1712
2263
2698
2692
2549
2776
3149
3195
3236
3357
3489
3442
3089
3061
2808
2376
1774
1690
2093
1518
229
-529
-742
-616
-1010
-1923
-2558
-2898
-3223
-3502
-3993
-4167
-4079
-4520
-4988
-5041
-4711
-4621
-4745
-4497
-4208
-4284
-4202
-3603
-2967
-2525
-2386
-2161
-1665
-1072
-415
-30
280
746
1133
1394
1631
2040
2422
2597
2642
2895
2944
3078
3339
3477
3578
3665
3686
3798
4082
4367
4626
4776
4699
4969
5328
5620
6050
6552
6835
7217
7555
6680
5936
6668
7872
7806
6276
4851
5240
6175
5949
4363
3268
3382
3653
2595
1066
667
1146
729
-756
-1703
-1635
-1900
-2696
-3053
-2886
-3241
-4120
-4767
-4384
-3637
-3927
-4643
-4710
-4136
-3881
-4092
-4004
-3331
-2949
-2965
-2981
-2645
-1967
-1629
-1545
-1311
-935
-782
-675
-359
189
455
318
273
535
869
917
820
885
1066
982
646
564
345
-199
-791
-660
-413
-1336
-2494
-3152
-3183
-3143
-3870
-4770
-5331
-5609
-5809
-6321
-6976
-6939
-6979
-7495
-7894
-7870
-7613
-7671
-7755
-7362
-7107
-7236
-6987
-6378
-5817
-5397
-5207
-4881
-4373
-3766
-3142
-2824
-2444
-1808
-1316
-1111
-811
-332
99
233
385
725
942
1134
1373
1627
1789
1805
2034
2467
2688
2834
3134
3388
3728
3962
4191
4563
4957
5668
6291
6352
6617
6124
5390
6020
7243
7343
5945
4537
4816
5867
5642
4249
3249
3292
3626
2703
1188
898
1316
986
-317
-1279
-1268
-1331
-2172
-2458
-2192
-2441
-3295
-3842
-3409
-2737
-2908
-3546
-3488
-2879
-2630
-2724
-2616
-1899
-1384
-1393
-1398
-910
-193
149
249
527
1020
1173
1255
1632
2193
2459
2305
2324
2561
2897
2974
2914
3083
3172
3099
2811
2732
2463
2157
1727
1326
1647
1398
62
-845
-917
-797
-1179
-1864
-2549
-3149
-3502
-3569
-3803
-4147
-4254
-4599
-4987
-5109
-4685
-4413
-4645
-4537
-4151
-4081
-4151
-3587
-2774
-2373
-2281
-1949
-1423
-981
-299
259
658
981
1344
1681
1922
2406
2781
2895
2907
3220
3428
3618
3804
3938
4084
4046
4254
4523
4763
4771
4898
5207
5536
5811
5834
6047
6614
7149
7656
7940
8077
7645
7067
7460
8448
8782
7520
6286
6302
7021
7235
6018
4785
4771
5058
4360
2961
2422
2710
2535
1315
445
208
123
-390
-885
-848
-1031
-1759
-2328
-2008
-1450
-1599
-2158
-2336
-1773
-1436
-1553
-1546
-1058
-632
-534
-567
-231
317
708
819
954
1279
1490
1567
1844
2343
2625
2492
2391
2590
2905
2995
2859
2851
2902
2897
2655
2397
2078
1757
1564
973
795
648
-344
-902
-1182
-1613
-1964
-2722
-3287
-3537
-3992
-4326
-4671
-5208
-5337
-5423
-5741
-5892
-5973
-5831
-5761
-5772
-5498
-5230
-5173
-4919
-4355
-3933
-3634
-3378
-2899
-2385
-1944
-1459
-1000
-596
-118
188
443
751
1074
1363
1530
1618
1844
2009
2199
2348
2429
2596
2767
2983
3058
3162
3328
3709
3917
4048
4259
4515
4910
5408
5836
6207
6612
6431
5494
5575
6687
7335
6383
4983
4779
5439
5771
4898
3635
3317
3601
3175
1890
1258
1261
1232
218
-750
-891
-1081
-1744
-2233
-2118
-2257
-2906
-3629
-3516
-2930
-2936
-3419
-3743
-3244
-2900
-3010
-2987
-2565
-2049
-1936
-1860
-1717
-1148
-761
-573
-322
-30
283
344
652
1043
1421
1444
1399
1577
1920
2052
1962
2089
2263
2275
2089
2048
1936
1562
1266
901
809
827
151
-843
-1205
-1183
-1397
-2003
-2691
-3140
-3605
-3819
-3909
-4230
-4537
-4775
-5082
-5283
-5161
-5031
-5016
-5058
-4916
-4695
-4554
-4354
-3811
-3345
-3179
-2882
-2499
-2013
-1537
-1005
-573
-265
98
453
734
1085
1465
1666
1817
1967
2079
2252
2430
2560
2730
2861
2919
2944
3300
3514
3496
3752
3971
4152
4371
4625
4849
5175
5704
6277
6544
6572
6076
5604
6115
7027
6876
5675
4887
5165
5563
5204
4069
3434
3464
3322
2529
1529
1262
1241
731
-266
-857
-1008
-1390
-2074
-2302
-2108
-2517
-3253
-3546
-3233
-3028
-3301
-3613
-3520
-3180
-3128
-3189
-2961
-2483
-2307
-2338
-2177
-1811
-1475
-1182
-1066
-801
-455
-333
-161
154
574
750
775
879
1208
1440
1510
1624
1814
1980
1841
1796
1863
1544
1484
1234
797
957
639
-195
-838
-1243
-1065
-1166
-2101
-2644
-3144
-3490
-3325
-3579
-4121
-4464
-4623
-4671
-4754
-4823
-4536
-4561
-4705
-4398
-4134
-4048
-3713
-3190
-2697
-2563
-2381
-1842
-1368
-848
-337
23
250
546
990
1415
1593
1789
2057
2081
2218
2504
2740
2835
2880
3001
3127
3128
3328
3690
3851
3758
3879
4220
4516
4764
4914
5127
5429
5919
6434
6720
6860
6278
5913
6393
7078
7022
6157
5335
5424
5725
5276
4396
3824
3921
3740
2716
1830
1643
1661
1212
346
-241
-443
-928
-1387
-1371
-1470
-1864
-2416
-2672
-2420
-2277
-2412
-2621
-2611
-2383
-2213
-2286
-2067
-1658
-1392
-1253
-1168
-933
-505
-238
13
286
495
601
702
1077
1441
1562
1625
1658
1882
2093
2142
2172
2275
2347
2277
2168
1980
1727
1649
1509
1036
844
542
-101
-514
-1066
-1434
-1504
-1934
-2432
-3007
-3641
-3656
-3646
-3942
-4224
-4576
-4706
-4751
-4804
-4517
-4426
-4514
-4390
-4155
-3938
-3613
-3256
-2881
-2491
-2165
-1765
-1369
-956
-466
15
328
583
858
1141
1473
1684
1883
2037
2069
2238
2431
2565
2592
2631
2751
2884
3038
3285
3396
3345
3507
3782
4061
4389
4571
4508
4874
5375
5814
6168
6321
6009
5526
5713
6262
6491
6025
5201
4929
5175
5175
4376
3620
3540
3525
2889
1903
1376
1267
1205
529
-306
-553
-805
-1294
-1640
-1727
-1776
-2248
-2818
-2915
-2525
-2548
-2762
-2921
-2744
-2478
-2522
-2420
-2171
-1928
-1645
-1550
-1528
-1156
-850
-662
-434
-145
19
101
280
604
877
956
1024
1079
1255
1403
1464
1536
1623
1582
1468
1310
1003
1016
951
435
155
-68
-485
-928
-1357
-1772
-2159
-2636
-2866
-3166
-3828
-4132
-4336
-4579
-4755
-4881
-5124
-5365
-5440
-5216
-5080
-5221
-5131
-4847
-4726
-4556
-4130
-3727
-3543
-3287
-2834
-2488
-2160
-1702
-1321
-1028
-704
-377
-117
72
420
715
751
820
936
1157
1328
1503
1540
1618
1675
1763
1994
2131
2316
2425
2592
2685
2758
3145
3428
3627
4015
4094
4378
4829
5302
5146
4455
4518
5239
5533
4933
4014
3689
4150
4426
3658
2768
2240
2229
2121
1410
892
636
197
-565
-891
-1032
-1352
-1949
-2354
-2369
-2413
-2876
-3328
-3358
-3144
-3037
-3280
-3518
-3353
-3145
-2921
-2821
-2765
-2518
-2330
-2130
-1874
-1556
-1383
-1168
-972
-730
-466
-320
-75
138
369
535
629
731
965
1163
1204
1258
1291
1334
1283
1322
1068
892
783
565
387
-76
-456
-598
-974
-1526
-1998
-2397
-2483
-2660
-3227
-3687
-4048
-4205
-4238
-4433
-4541
-4746
-5074
-5051
-4858
-4698
-4524
-4501
-4390
-4183
-3953
-3611
-3217
-2903
-2514
-2249
-1973
-1633
-1191
-724
-473
-246
-11
204
373
654
861
1054
1092
1118
1316
1511
1691
1729
1852
1962
2154
2339
2537
2668
2692
2868
3235
3547
3700
3747
3911
4354
4809
5159
5330
5443
5072
4790
5256
5801
5907
5205
4256
4132
4597
4709
4059
3308
2899
2842
2388
1770
1493
1389
891
61
-434
-573
-744
-1303
-1526
-1602
-1965
-2381
-2715
-2606
-2412
-2477
-2801
-2931
-2864
-2669
-2490
-2459
-2132
-1979
-1986
-1818
-1578
-1111
-912
-819
-608
-426
-286
-7
276
576
837
811
815
1000
1244
1466
1447
1414
1439
1462
1213
1005
1092
1087
715
348
-182
-531
-518
-911
-1336
-1690
-2244
-2502
-2846
-3414
-3462
-3539
-3978
-4246
-4642
-4699
-4654
-4709
-4573
-4693
-4837
-4712
-4553
-4329
-3859
-3760
-3732
-3527
-3209
-2749
-2433
-2093
-1699
-1525
-1280
-952
-630
-217
42
139
279
446
560
851
970
1191
1304
1216
1281
1482
1793
2013
2091
2099
2207
2321
2562
2809
3058
3187
3317
3502
3649
3999
4319
4763
4885
4300
3963
4449
4938
5189
4780
3742
3469
3858
3878
3678
3042
2528
2190
1633
1539
1509
1144
458
-128
-485
-538
-840
-1304
-1498
-1655
-1917
-2303
-2574
-2554
-2359
-2411
-2612
-2629
-2607
-2573
-2452
-2190
-1894
-1877
-1929
-1820
-1443
-1029
-690
-599
-482
-317
-136
143
423
733
917
943
985
1184
1420
1446
1545
1659
1661
1578
1461
1311
1329
1357
1004
721
362
-13
-192
-260
-498
-962
-1554
-1919
-2037
-2089
-2239
-2784
-3245
-3311
-3371
-3375
-3585
-3777
-3714
-3710
-3736
-3611
-3540
-3393
-3164
-3006
-2798
-2647
-2445
-2143
-1767
-1382
-1133
-1013
-774
-387
-24
240
434
480
679
891
1130
1295
1469
1640
1699
1780
1893
2104
2356
2560
2608
2657
2783
2970
3213
3479
3653
3742
3787
3882
4119
4624
4875
5035
4848
4443
4621
5075
5438
5259
4411
3986
4090
4095
4078
3777
3177
2585
1469
1037
1665
1952
1460
-5
-1240
-1069
-434
-522
-1051
-1675
-2076
-2247
-2622
-2450
-1999
-2034
-2449
-2903
-2800
-2339
-2171
-2023
-1739
-1661
-1661
-1804
-1649
-972
-391
-234
-346
-429
-279
108
482
863
986
864
784
742
1070
1398
1513
1359
1121
1024
1059
1028
982
964
686
390
-87
-372
-480
-724
-735
-997
-1535
-1982
-2373
-2467
-2432
-2555
-2798
-3186
-3626
-3632
-3528
-3473
-3409
-3639
-3792
-3823
-3731
-3440
-3177
-3073
-2950
-2920
-2842
-2532
-2309
-1880
-1589
-1536
-1449
-1338
-1082
-666
-304
-220
-127
-175
-82
129
398
640
594
620
578
693
1026
1324
1388
1389
1432
1560
1835
2019
2160
2312
2349
2481
2622
2772
2965
3102
3288
3509
3435
3168
3281
3593
3809
3801
3427
3067
3001
3057
2980
2712
2472
2222
1736
1400
1379
1303
889
403
-8
-173
-274
-529
-819
-1043
-1196
-1506
-1765
-1894
-1892
-1942
-2157
-2250
-2154
-2193
-2321
-2264
-2044
-1903
-1864
-1825
-1789
-1573
-1273
-1162
-1067
-907
-718
-653
-531
-214
-3
54
95
229
294
471
499
481
542
549
431
276
278
214
-23
-182
-414
-557
-626
-895
-1166
-1466
-1620
-1563
-1793
-2132
-2270
-2434
-2518
-2655
-2731
-2776
-2993
-3079
-3047
-2968
-2861
-2767
-2828
-2878
-2672
-2464
-2449
-2354
-2174
-2032
-1948
-1811
-1583
-1485
-1312
-1146
-1029
-946
-838
-677
-556
-459
-367
-293
-284
-186
-77
106
140
167
304
385
470
627
758
909
1012
1224
1387
1418
1542
1646
1952
2155
2242
2317
2290
2430
2636
2743
2621
2597
2676
2756
2767
2668
2503
2340
2216
2165
2044
1772
1510
1217
967
753
544
235
-82
-411
-593
-811
-1165
-1372
-1608
-1864
-1986
-2138
-2409
-2609
-2725
-2636
-2707
-2842
-2842
-2868
-2903
-2832
-2637
-2518
-2538
-2551
-2412
-2303
-2114
-1894
-1935
-1923
-1752
-1578
-1542
-1456
-1384
-1358
-1440
-1522
-1401
-1407
-1381
-1455
-1659
-1732
-1769
-1814
-1985
-2126
-2123
-2248
-2485
-2533
-2568
-2678
-2770
-2864
-2917
-3004
-3035
-3111
-3218
-3160
-3052
-2994
-3128
-3137
-3046
-3018
-2942
-2817
-2711
-2748
-2696
-2598
-2556
-2433
-2282
-2250
-2221
-2186
-2165
-2087
-2015
-1868
-1819
-1887
-1802
-1781
-1749
-1645
-1617
-1475
-1414
-1416
-1350
-1256
-1238
-1083
-935
-960
-885
-792
-636
-536
-523
-362
-246
-72
85
137
169
367
487
630
772
770
891
933
986
1152
1215
1241
1248
1139
1173
1172
1136
1000
861
769
664
464
244
132
-17
-230
-360
-495
-693
-1030
-1203
-1348
-1493
-1644
-1898
-2156
-2280
-2310
-2421
-2602
-2774
-2747
-2773
-2873
-2929
-2900
-2846
-2889
-2936
-2852
-2842
-2875
-2820
-2788
-2742
-2679
-2703
-2779
-2744
-2643
-2522
-2529
-2584
-2594
-2619
-2610
-2515
-2473
-2464
-2498
-2535
-2530
-2567
-2503
-2392
-2421
-2443
-2447
-2502
-2436
-2352
-2257
-2238
-2288
-2277
-2211
-2137
-2075
-1968
-1846
-1832
-1849
-1752
-1628
-1442
-1321
-1193
-1179
-1140
-961
-889
-767
-625
-496
-453
-342
-282
-181
-17
133
231
317
399
472
559
691
875
1009
1098
1165
1235
1275
1435
1535
1638
1695
1655
1720
1769
1848
1990
1988
1849
1707
1696
1792
1791
1776
1674
1506
1358
1296
1346
1325
1267
1055
742
598
600
636
545
367
193
38
-80
-105
-105
-208
-334
-438
-514
-527
-521
-570
-534
-492
-549
-676
-719
-637
-656
-707
-643
-649
-734
-864
-892
-790
-732
-731
-822
-914
-900
-805
-781
-843
-852
-907
-957
-965
-976
-935
-963
-1012
-1043
-1129
-1114
-1130
-1217
-1288
-1285
-1296
-1298
-1352
-1376
-1415
-1503
-1452
-1460
-1489
-1591
-1676
-1649
-1601
-1698
-1774
-1813
-1846
-1861
-1893
-1928
-2054
-2102
-2092
-2130
-2197
-2336
-2484
-2641
-2669
-2723
-2814
-2979
-3124
-3260
-3374
-3427
-3607
-3715
-3852
-4031
-4134
-4291
-4450
-4684
-4835
-4893
-5060
-5248
-5542
-5765
-5885
-6056
-6273
-6464
-6634
-6731
-6839
-6966
-7008
-7094
-7138
-7093
-7063
-6923
-6814
-6762
-6748
-6677
-6487
-6367
-6399
-6458
-6511
-6447
-6337
-6262
-6269
-6372
-6468
-6319
-6209
-6108
-5960
-5870
-5715
-5693
-5520
-5241
-5070
-4878
-4634
-4492
-4447
-4320
-4051
-3817
-3782
-3676
-3560
-3497
-3394
-3241
-3152
-3087
-3038
-3008
-2964
-2871
-2745
-2643
-2685
-2686
-2628
-2603
-2566
-2519
-2391
-2296
-2305
-2271
-2209
-2208
-2059
-2008
-2039
-1964
-1917
-1906
-1940
-1867
-1704
-1724
-1758
-1720
-1691
-1684
-1648
-1621
-1659
-1642
-1644
-1711
-1748
-1782
-1779
-1814
-1943
-1993
-1958
-2025
-2133
-2176
-2129
-2172
-2219
-2330
-2478
-2516
-2471
-2531
-2650
-2744
-2841
-2851
-2840
-2835
-2798
-2751
-2630
-2617
-2563
-2443
-2343
-2202
-2037
-1988
-1937
-1888
-1821
-1696
-1550
-1481
-1490
-1464
-1439
-1369
-1327
-1258
-1152
-1152
-1173
-1133
-1173
-1042
-936
-932
-902
-878
-830
-720
-611
-587
-449
-351
-291
-151
-26
140
313
511
694
895
1031
1187
1227
1403
1579
1677
1749
1678
1647
1578
1601
1660
1722
1677
1535
1398
1390
1393
1484
1553
1449
1293
1187
1178
1227
1274
1311
1244
1130
1117
1169
1273
1314
1353
1401
1497
1601
1606
1649
1793
1990
2126
2099
2149
2171
2292
2433
2435
2524
2567
2575
2639
2733
2845
2931
3009
3033
3084
3218
3293
3396
3490
3626
3729
3704
3766
3838
3890
3953
3984
4008
4058
4063
4052
4112
4090
4133
4076
4044
4049
4040
4026
3960
3878
3863
3844
3749
3726
3698
3664
3579
3495
3421
3381
3342
3306
3275
3168
3099
3050
2995
2918
2903
2827
2736
2705
2633
2615
2527
2547
2481
2458
2420
2377
2357
2277
2267
2268
2239
2172
2149
2149
2146
2080
2073
2097
2064
2069
2018
1979
1993
1985
1979
1927
1886
1882
1821
1775
1688
1661
1586
1581
1574
1575
1514
1431
1406
1361
1314
1285
1304
1188
1129
1122
1122
1083
1107
1056
1021
970
999
1003
1003
1003
924
967
941
890
886
886
911
891
828
828
840
801
736
714
740
768
772
794
820
789
801
778
768
798
861
861
853
885
849
849
890
971
992
978
993
1001
1032
1062
1088
1125
1098
1057
1033
1021
1079
1124
1059
1022
1019
1042
1064
1096
1096
1037
1033
1027
1118
1103
1082
1102
1128
1132
1200
1158
1184
1168
1187
1237
1239
1130
1099
1082
1145
1197
1237
1214
1116
1150
1187
1240
1294
1342
1294
1288
1296
1367
1414
1365
1391
1367
1382
1366
1284
1320
1248
1223
1185
1145
1098
1034
967
871
847
832
788
766
640
540
542
499
561
494
434
404
335
337
388
437
423
425
377
329
337
361
452
502
489
510
514
484
480
521
522
573
659
669
614
577
593
648
760
865
925
907
885
905
1016
1126
1123
1133
1126
1186
1234
1299
1332
1348
1374
1446
1490
1483
1494
1550
1629
1599
1693
1735
1704
1686
1738
1857
1934
1913
1893
1896
1877
1884
1934
1989
2033
2104
2108
2057
2135
2211
2264
2245
2243
2195
2242
2280
2303
2371
2367
2339
2318
2319
2316
2388
2374
2398
2393
2415
2434
2389
2407
2451
2495
2494
2512
2447
2451
2446
2542
2543
2510
2540
2477
2474
2483
2482
2476
2531
2543
2513
2521
2533
2488
2527
2520
2541
2543
2505
2468
2452
2523
2499
2473
2490
2476
2402
2383
2350
2312
2355
2315
2234
2184
2116
2071
2035
2080
2075
2043
1983
1830
1830
1798
1746
1725
1715
1728
1625
1626
1570
1554
1564
1550
1590
1551
1536
1497
1476
1510
1500
1516
1540
1503
1507
1478
1532
1513
1516
1514
1475
1482
1517
1530
1526
1522
1532
1465
1478
1480
1506
1502
1456
1500
1427
1405
1347
1396
1372
1387
1419
1338
1324
1231
1213
1202
1200
1172
1138
1067
1039
986
981
977
960
947
822
859
813
832
811
762
813
706
658
654
586
607
673
677
678
659
633
625
621
652
603
624
592
557
568
535
539
511
511
524
485
486
449
479
504
536
559
524
526
508
537
607
619
617
579
562
561
603
648
611
644
607
608
599
664
682
669
687
700
740
733
756
766
854
911
919
963
966
993
1075
1103
1117
1128
1129
1162
1202
1150
1206
1209
1268
1264
1296
1327
1296
1321
1330
1425
1441
1474
1511
1486
1521
1506
1578
1640
1630
1650
1575
1632
1651
1640
1682
1671
1713
1761
1756
1796
1797
1766
1856
1775
1809
1846
1851
1881
1825
1845
1898
1875
1890
1848
1804
1870
1866
1818
1879
1850
1822
1802
1745
1737
1747
1723
1738
1697
1669
1682
1599
1596
1583
1583
1575
1418
1445
1418
1386
1365
1325
1344
1307
1308
1238
1240
1227
1177
1196
1159
1103
1047
1056
1027
1005
985
1031
1042
1009
1023
973
979
985
959
949
929
984
1010
963
985
945
985
998
955
950
947
954
928
977
959
904
902
890
856
941
907
853
874
829
777
751
734
696
712
717
688
647
597
570
544
494
506
469
417
400
357
317
276
269
263
206
163
177
100
85
116
90
79
52
68
60
26
48
61
29
43
6
7
25
77
82
77
101
80
37
51
71
75
95
80
100
80
96
82
93
107
121
106
159
159
153
135
140
98
69
80
-3
25
17
8
-6
-43
-69
-125
-116
-147
-143
-123
-152
-189
-194
-210
-239
-258
-276
-273
-264
-273
-342
-328
-335
-374
-369
-390
-356
-395
-369
-376
-425
-396
-394
-417
-422
-453
-478
-485
-474
-461
-504
-467
-507
-502
-506
-497
-508
-483
-505
-492
-521
-486
-507
-512
-465
-494
-450
-473
-430
-428
-399
-398
-407
-407
-418
-390
-398
-378
-355
-321
-313
-324
-321
-282
-302
-260
-211
-244
-218
-170
-142
-114
-165
-107
-77
-83
-58
-87
-40
-37
-34
-31
-50
12
62
32
25
65
32
41
38
37
54
41
28
66
67
45
27
54
56
57
56
19
44
52
63
53
55
26
36
58
22
39
68
86
47
68
52
53
27
125
116
61
86
36
25
57
39
-20
-93
-98
-128
-191
-178
-210
-232
-275
-293
-286
-288
-325
-329
-347
-396
-370
-387
-378
-335
-384
-418
-379
-386
-430
-408
-459
-489
-496
-548
-608
-614
-684
-718
-723
-812
-776
-784
-867
-864
-881
-876
-866
-879
-868
-871
-897
-868
-882
-870
-814
-828
-783
-790
-794
-774
-731
-727
-694
-687
-671
-600
-618
-606
-614
-589
-547
-545
-499
-484
-472
-504
-493
-464
-462
-409
-425
-465
-465
-441
-419
-366
-476
-440
-428
-461
-473
-445
-402
-441
-404
-441
-415
-411
-408
-436
-438
-450
-419
-415
-406
-415
-434
-437
-433
-450
-423
-455
-450
-422
-383
-418
-392
-330
-394
-363
-369
-365
-380
-324
-275
-289
-289
-277
-278
-271
-265
-275
-254
-254
-252
-263
-227
-228
-196
-209
-214
-200
-240
-211
-254
-236
-253
-251
-243
-258
-222
-230
-256
-245
-264
-282
-243
-268
-283
-276
-293
-242
-228
-234
-243
-277
-263
-257
-280
-257
-273
-251
-255
-233
-272
-248
-194
-233
-216
-233
-243
-240
-290
-309
-309
-300
-310
-320
-328
-283
-299
-325
-298
-278
-307
-307
-304
-306
-299
-248
-257
-288
-253
-278
-256
-313
-296
-278
-253
-238
-261
-246
-242
-251
-232
-254
-271
-273
-277
-260
-235
-242
-247
-234
-255
-214
-235
-211
-231
-191
-207
-221
-212
-214
-236
-224
-224
-238
-223
-220
-206
-168
-173
-177
-187
-206
-198
-178
-150
-173
-153
-190
-170
-148
-151
-206
-193
-161
-200
-162
-164
-136
-113
-90
-141
-119
-92
-137
-139
-142
-153
-149
-155
-183
-137
-166
-179
-146
-145
-144
-164
-167
-197
-193
-180
-154
-96
-144
-99
-104
-92
-132
-189
-132
-114
-103
-68
-54
-95
-54
-49
-61
-19
1
-5
-6
8
7
20
33
15
28
28
11
21
22
39
52
30
73
90
85
68
89
68
71
93
106
102
88
131
98
127
115
117
114
113
164
128
150
147
181
158
159
190
162
182
257
247
240
234
227
289
274
299
274
270
236
238
282
306
294
296
284
342
342
342
379
372
350
366
392
355
418
435
452
464
494
476
470
426
435
476
446
419
432
440
431
461
464
449
452
471
487
495
487
506
502
499
501
532
569
583
588
536
556
545
559
601
562
578
588
609
624
618
632
604
603
638
643
627
605
615
672
674
667
715
659
694
683
672
700
663
645
661
707
656
661
725
753
723
712
667
657
676
668
674
655
571
569
595
578
639
604
624
581
603
615
569
510
535
551
522
563
566
562
544
521
490
515
488
474
508
513
478
501
490
495
473
462
474
449
458
411
464
404
404
425
375
387
440
477
492
464
437
439
437
479
451
453
428
437
411
411
412
383
425
367
361
364
348
325
319
315
291
309
286
286
272
250
279
278
257
220
261
269
293
288
327
311
247
229
231
243
208
219
220
227
203
236
242
232
205
226
232
225
215
223
225
189
197
187
184
221
213
200
197
217
212
228
207
195
243
221
227
195
201
178
192
163
196
213
157
165
146
147
114
68
75
111
60
95
58
85
68
25
19
-10
-11
-15
23
-52
-76
-42
-56
-67
-61
-58
-81
-93
-88
-138
-95
-120
-123
-134
-147
-129
-124
-152
-168
-166
-164
-197
-228
-210
-218
-224
-224
-195
-138
-165
-178
-160
-162
-182
-205
-209
-213
-242
-203
-219
-261
-236
-287
-253
-238
-246
-252
-259
-256
-272
-251
-232
-202
-194
-196
-209
-199
-218
-246
-213
-201
-216
-217
-204
-241
-262
-261
-260
-246
-247
-253
-235
-269
-235
-265
-258
-236
-263
-271
-260
-311
-275
-235
-275
-249
-240
-254
-257
-230
-227
-279
-222
-240
-264
-274
-263
-206
-276
-251
-291
-296
-266
-296
-335
-317
-314
-324
-345
-378
-319
-331
-305
-344
-363
-345
-311
-330
-358
-368
-368
-376
-401
-358
-347
-346
-350
-341
-370
-324
-356
-395
-386
-397
-367
-376
-418
-376
-403
-395
-336
-367
-379
-351
-347
-356
-372
-368
-380
-416
-388
-396
-424
-427
-390
-427
-479
-453
-453
-504
-438
-475
-475
-430
-468
-468
-467
-493
-492
-477
-518
-438
-442
-450
-431
-420
-416
-413
-390
-411
-420
-441
-391
-403
-409
-396
-396
-379
-398
-433
-377
-388
-372
-391
-402
-413
-394
-406
-427
-382
-366
-397
-409
-383
-408
-443
-444
-388
-432
-436
-404
-447
-418
-404
-376
-392
-394
-422
-433
-368
-388
-388
-416
-439
-432
-431
-475
-452
-409
-421
-419
-406
-401
-390
-352
-353
-339
-335
-312
-301
-321
-349
-404
-346
-403
-408
-387
-375
-384
-429
-408
-414
-400
-450
-416
-430
-444
-420
-413
-443
-492
-467
-507
-547
-555
-552
-534
-519
-573
-546
-544
-582
-565
-601
-604
-629
-590
-634
-610
-595
-608
-565
-647
-630
-613
-606
-606
-612
-605
-541
-566
-548
-522
-543
-534
-535
-509
-525
-477
-491
-517
-520
-484
-501
-574
-493
-506
-507
-482
-513
-516
-500
-518
-526
-535
-554
-543
-537
-526
-558
-517
-512
-484
-510
-512
-473
-464
-457
-443
-450
-443
-465
-457
-449
-420
-430
-450
-441
-474
-452
-462
-471
-500
-497
-523
-487
-495
-498
-469
-498
-489
-544
-571
-560
-520
-503
-517
-524
-509
-551
-545
-547
-578
-543
-547
-522
-503
-520
-510
-528
-565
-558
-547
-543
-543
-527
-543
-520
-534
-529
-511
-510
-502
-527
-513
-532
-522
-471
-508
-530
-481
-464
-487
-497
-485
-518
-525
-542
-516
-502
-558
-505
-538
-532
-519
-591
-570
-611
-590
-567
-583
-549
-561
-569
-593
-566
-536
-594
-579
-590
-598
-549
-591
-582
-570
-559
-550
-597
-565
-524
-502
-536
-562
-542
-544
-548
-559
-597
-559
-589
-605
-611
-614
-594
-593
-603
-570
-544
-564
-588
-535
-495
-501
-509
-530
-502
-522
-485
-438
-439
-427
-425
-438
-416
-380
-394
-379
-362
-434
-418
-418
-421
-399
-432
-406
-392
-376
-403
-412
-435
-446
-453
-475
-485
-478
-474
-480
-453
-454
-463
-439
-437
-470
-509
-510
-473
-511
-467
-512
-475
-468
-510
-537
-532
-505
-549
-525
-495
-496
-542
-503
-479
-493
-497
-498
-529
-517
-503
-496
-494
-464
-471
-452
-455
-463
-479
-475
-448
-453
-454
-485
-463
-472
-493
-472
-463
-509
-459
-456
-526
-457
-441
-480
-460
-403
-413
-423
-414
-397
-398
-405
-431
-410
-410
-404
-412
-424
-403
-372
-383
-400
-353
-375
-355
-409
-424
-415
-422
-441
-380
-390
-340
-373
-357
-354
-394
-388
-406
-438
-444
-403
-384
-391
-377
-361
-345
-356
-361
-353
-372
-334
-321
-340
-328
-355
-380
-358
-374
-356
-326
-332
-322
-299
-340
-325
-362
-363
-348
-383
-366
-361
-355
-349
-373
-381
-327
-367
-407
-374
-437
-443
-437
-478
-452
-439
-426
-446
-454
-493
-493
-515
-542
-538
-523
-502
-510
-534
-508
-515
-506
-512
-504
-499
-478
-429
-420
-450
-473
-457
-453
-488
-465
-443
-409
-426
-426
-417
-419
-410
-439
-426
-429
-470
-489
-426
-383
-415
-370
-364
-367
-329
-370
-378
-377
-360
-363
-386
-357
-339
-335
-335
-370
-350
-362
-367
-299
-332
-324
-319
-335
-325
-355
-323
-297
-287
-327
-365
-355
-342
-373
-373
-360
-383
-349
-358
-356
-316
-338
-347
-275
-322
-337
-327
-354
-353
-358
-371
-392
-386
-344
-330
-318
-255
-284
-292
-314
-272
-283
-339
-272
-300
-314
-329
-306
-285
-263
-273
-286
-302
-281
-257
-253
-280
-313
-349
-314
-335
-324
-299
-348
-362
-390
-354
-338
-361
-356
-372
-352
-373
-389
-382
-428
-395
-387
-393
-401
-361
-398
-385
-380
-416
-403
-357
-412
-438
-368
-381
-389
-383
-407
-398
-366
-400
-402
-394
-363
-363
-366
-386
-372
-366
-341
-360
-397
-365
-346
-351
-383
-375
-384
-376
-410
-407
-374
-369
-395
-432
-416
-403
-416
-422
-385
-452
-502
-457
-429
-450
-422
-427
-413
-390
-399
-349
-393
-406
-357
-333
-375
-375
-366
-357
-386
-349
-358
-348
-300
-358
-348
-377
-357
-333
-338
-316
-330
-332
-321
-296
-337
-305
-309
-377
-377
-384
-357
-337
-333
-324
-288
-308
-288
-264
-320
-305
-305
-319
-305
-323
-358
-328
-341
-383
-327
-347
-349
-374
-368
-383
-372
-347
-360
-339
-378
-386
-380
-401
-406
-361
-394
-420
-438
-404
-373
-393
-387
-360
-402
-435
-397
-423
-393
-427
-420
-394
-412
-386
-358
-394
-392
-336
-390
-345
-307
-351
-319
-293
-318
-300
-274
-302
-299
-338
-304
-259
-306
-309
-316
-297
-275
-273
-279
-293
-319
-305
-272
-322
-280
-295
-276
-284
-276
-283
-305
-322
-329
-321
-299
-283
-318
-275
-317
-293
-275
-232
-205
-265
-254
-243
-261
-295
-258
-275
-301
-317
-296
-273
-265
-253
-210
-238
-270
-233
-291
-260
-235
-211
-204
-224
-210
-188
-203
-187
-198
-169
-183
-186
-168
-148
-210
-179
-219
-231
-175
-191
-190
-224
-213
-168
-177
-205
-174
-192
-220
-249
-244
-244
-241
-218
-259
-259
-214
-230
-177
-211
-243
-237
-247
-246
-258
-246
-251
-239
-203
-261
-286
-277
-271
-267
-254
-274
-279
-298
-260
-248
-269
-280
-286
-300
-272
-263
-254
-245
-253
-226
-230
-243
-252
-220
-227
-199
-216
-212
-210
-180
-157
-198
-185
-177
-182
-187
-210
-198
-196
-202
-162
-137
-171
-207
-181
-207
-237
-214
-203
-167
-211
-237
-225
-228
-215
-262
-265
-259
-273
-230
-225
-257
-262
-289
-289
-285
-289
-258
-245
-271
-245
-276
-290
-278
-287
-292
-297
-231
-182
-196
-257
-244
-323
-272
-232
-239
-227
-201
-196
-238
-193
-224
-176
-189
-217
-203
-217
-234
-180
-214
-258
-204
-203
-204
-222
-202
-219
-232
-221
-258
-221
-216
-252
-269
-290
-231
-281
-262
-273
-287
-276
-248
-273
-279
-255
-281
-283
-263
-268
-302
-258
-287
-275
-260
-230
-212
-192
-192
-225
-202
-230
-234
-226
-221
-209
-225
-223
-209
-230
-195
-188
-198
-174
-153
-130
-125
-143
-161
-174
-185
-181
-181
-205
-163
-141
-157
-178
-196
-196
-221
-232
-229
-224
-204
-169
-162
-165
-147
-157
-198
-190
-202
-218
-218
-237
-225
-255
-235
-218
-253
-225
-272
-243
-207
-236
-218
-238
-229
-239
-182
-226
-190
-164
-208
-183
-162
-152
-204
-195
-178
-152
-142
-182
-178
-173
-168
-169
-193
-186
-191
-189
-197
-178
-180
-129
-137
-182
-213
-213
-217
-209
-200
-213
-193
-189
-173
-236
-207
-180
-201
-172
-178
-200
-193
-228
-253
-264
-233
-247
-295
-253
-292
-284
-305
-308
-263
-302
-316
-330
-313
-311
-278
-311
-292
-277
-289
-250
-267
-266
-245
-215
-219
-204
-233
-192
-157
-173
-181
-192
-171
-147
-180
-163
-133
-134
-181
-189
-195
-157
-147
-152
-141
-165
-171
-159
-115
-115
-116
-133
-131
-129
-112
-79
-77
-81
-53
-33
-40
-61
-61
-58
-79
-69
-38
-68
-91
-57
-101
-81
-37
-27
-76
-62
-95
-146
-103
-125
-105
-96
-130
-151
-103
-84
-102
-95
-134
-100
-59
-91
-110
-82
-84
-102
-85
-116
-109
-94
-138
-130
-112
-151
-125
-150
-135
-117
-194
-137
-115
-109
-129
-128
-143
-130
-101
-114
-131
-138
-165
-167
-153
-158
-138
-177
-162
-196
-192
-209
-192
-185
-168
-160
-189
-222
-180
-224
-248
-197
-216
-159
-183
-197
-207
-183
-156
-160
-142
-186
-168
-133
-120
-161
-152
-156
-158
-122
-118
-108
-118
-100
-100
-106
-100
-100
-76
-125
-112
-103
-112
-76
-35
-10
-41
-29
-14
-42
-59
-26
-31
-58
-94
-78
-56
-41
-53
-98
-94
-113
-108
-104
-132
-81
-108
-123
-103
-104
-130
-139
-100
-115
-116
-110
-105
-111
-99
-98
-75
-60
-82
-94
-98
-74
-81
-89
-65
-81
-73
-81
-104
-100
-73
-70
-104
-92
-100
-82
-94
-102
-100
-130
-110
-72
-109
-86
-67
-71
-40
-75
-79
-35
-51
-82
-85
-107
-98
-97
-163
-140
-113
-128
-123
-118
-125
-134
-137
-136
-139
-179
-128
-109
-121
-103
-67
-61
-84
-55
-108
-84
-94
-94
-70
-77
-72
-105
-143
-144
-140
-120
-121
-162
-157
-138
-171
-164
-146
-197
-168
-180
-180
-157
-158
-170
-121
-114
-149
-106
-84
-95
-127
-97
-143
-100
-74
-79
-77
-71
-27
-56
-57
-49
-54
-85
-32
-15
-94
-71
-79
-61
-55
-63
-58
-84
-43
-56
-33
-74
-30
-13
-47
-11
25
-5
-20
-23
-39
-54
-60
-40
-47
-46
-78
-70
-90
-68
-61
-64
-78
-75
-40
-58
-44
-52
-94
-70
-69
-98
-120
-95
-65
-51
-73
-90
-85
-81
-109
-49
-86
-109
-96
-116
-113
-129
-88
-126
-133
-120
-111
-141
-136
-150
-127
-147
-153
-110
-122
-138
-138
-146
-155
-100
-103
-121
-132
-144
-184
-168
-136
-134
-142
-150
-127
-119
-144
-178
-134
-147
-136
-118
-134
-166
-166
-165
-160
-154
-122
-65
-98
-124
-120
-131
-87
-131
-112
-103
-78
-80
-121
-88
-106
-81
-120
-119
-120
-90
-93
-105
-56
-72
-88
-69
-77
-117
-80
-115
-134
-104
-146
-173
-154
-126
-80
-47
-65
-86
-83
-100
-111
-117
-114
-109
-82
-88
-106
-104
-112
-45
-72
-96
-94
-69
-94
-100
-131
-115
-113
-122
-85
-121
-93
-95
-99
-90
-86
-77
-91
-89
-85
-127
-93
-90
-94
-66
-89
-82
-65
-70
-45
-28
-50
-65
-54
-67
-75
-41
-65
-67
-17
-52
-60
-75
-55
-31
-74
-80
-102
-89
-111
-118
-83
-77
-57
-90
-43
-109
-93
-58
-74
-82
-110
-91
-148
-82
-54
-48
-59
-49
-43
-58
-78
-79
-76
-104
-111
-90
-86
-99
-91
-78
-109
-107
-122
-149
-152
-169
-132
-140
-137
-153
-149
-149
-156
-195
-200
-179
-187
-208
-174
-190
-180
-161
-229
-177
-180
-155
-152
-184
-151
-153
-192
-189
-163
-181
-195
-199
-158
-179
-140
-149
-136
-145
-149
-171
-165
-152
-142
-151
-129
-112
-129
-104
-138
-111
-115
-72
-98
-95
-115
-152
-120
-149
-128
-144
-110
-125
-124
-162
-159
-118
-147
-138
-136
-102
-94
-71
-99
-81
-71
-82
-100
-63
-31
-96
-108
-76
-82
-55
-49
-66
-80
-49
-74
-65
-60
-62
-53
-38
-17
-48
-29
-63
-80
-81
-83
-72
-69
-67
-14
-14
-9
-49
-73
-59
-90
-72
-83
-80
-86
-77
-86
-84
-67
-97
-115
-82
-79
-123
-79
-103
-68
-50
-61
-42
-92
-99
-108
-124
-140
-131
-120
-143
-184
-143
-127
-115
-58
-98
-151
-153
-138
-95
-67
-93
-106
-81
-90
-97
-126
-128
-115
-117
-77
-94
-82
-70
-85
-74
-80
-55
-86
-84
-33
-33
-72
-71
-10
3
-46
-17
-58
-68
-73
-102
-103
-81
-53
-100
-42
-78
-47
-60
-43
-54
-83
-77
-61
-14
-24
-86
-74
-30
-25
3
-11
8
-50
-34
-30
-70
-79
-22
-38
-46
-6
2
23
6
0
29
70
38
58
91
89
104
112
62
78
62
49
46
46
43
70
58
35
111
33
59
80
76
2
44
25
24
87
38
33
9
-4
-8
-15
-31
-25
-23
11
16
3
-6
23
14
2
10
-21
-2
-38
-42
-37
-46
-68
-44
-46
-78
-79
-26
-37
-40
53
26
32
49
15
-3
12
19
-13
-16
-15
-29
-12
-15
-3
-3
-38
52
-23
-22
-34
-22
-17
-38
-46
-34
-28
-4
39
-2
-5
-57
-84
-62
-28
-10
-35
-23
36
-41
-36
8
-46
-62
-72
-106
-17
-63
-34
-4
-19
-16
-30
-31
-24
0
-45
-18
-19
-9
-16
-18
-51
-12
-14
17
9
3
24
9
38
55
53
37
25
9
17
-31
-20
-6
6
44
-4
3
16
-1
8
-21
-18
21
-13
-19
17
32
7
14
28
26
46
30
5
-18
25
22
1
9
-4
15
13
-10
22
30
-4
19
30
49
10
28
18
-7
34
-19
-12
-14
-4
-52
-27
21
-37
-26
-39
-46
-19
9
2
-13
-40
23
-20
-26
31
-26
5
-15
-38
21
-25
21
16
0
61
12
37
34
30
-16
18
17
33
55
66
64
53
81
65
75
49
46
96
83
47
12
-18
-12
35
35
-10
-7
-11
17
1
-30
51
42
49
55
6
-20
16
31
38
-2
-1
14
-3
32
48
-2
-11
19
-11
12
12
5
-1
-18
-14
54
33
18
45
62
23
37
67
65
90
57
43
49
82
48
41
43
57
79
81
46
20
30
36
51
28
27
48
39
50
106
121
96
85
90
100
151
129
124
117
99
89
74
95
122
113
109
84
99
85
83
84
78
76
60
69
49
85
77
74
79
56
