44
50
39
43
23
17
54
-23
-25
17
45
-11
15
10
32
27
9
35
36
30
59
82
64
57
30
39
77
71
76
66
55
67
63
67
50
76
64
63
78
102
112
112
123
94
111
109
104
117
117
103
114
150
148
154
107
133
161
106
94
116
127
72
83
75
106
100
86
102
98
74
88
97
67
54
67
105
112
107
113
137
111
100
122
156
150
126
159
87
70
135
114
116
106
101
72
55
61
48
51
73
33
22
36
-4
18
46
45
57
21
10
46
32
10
21
23
30
38
51
60
39
30
25
28
18
12
13
27
12
42
40
64
67
78
113
105
99
92
81
77
82
114
159
131
123
127
114
122
143
173
114
150
124
107
124
78
97
115
80
93
88
47
75
90
100
74
120
93
94
101
125
123
124
125
111
153
128
128
124
132
114
133
129
99
71
117
126
80
98
77
70
67
115
138
170
186
163
166
164
174
116
124
116
151
134
144
164
121
128
92
121
101
110
98
63
91
107
112
99
104
125
95
117
111
113
130
67
96
132
129
130
111
93
114
110
108
121
119
106
116
122
109
98
88
57
69
90
70
36
32
63
79
62
71
66
59
54
63
83
111
62
41
74
55
69
42
78
62
65
94
38
48
89
62
65
39
4
48
-15
0
-23
-13
19
1
-21
-12
-2
5
-4
8
26
-24
13
9
20
7
25
21
34
34
21
52
17
17
40
-5
-22
29
-18
13
43
66
60
50
54
26
42
44
73
54
42
106
74
68
77
83
58
66
98
106
67
60
67
83
111
84
122
67
97
83
46
116
124
131
160
146
125
147
160
180
155
130
171
155
118
149
132
107
119
134
91
117
121
105
153
143
155
145
135
94
97
125
74
78
85
90
92
117
106
72
129
72
108
128
126
144
147
137
120
79
58
120
134
90
100
94
66
92
74
147
123
73
112
127
131
79
63
119
139
76
53
74
87
85
86
64
66
74
103
77
99
105
63
81
43
44
46
34
23
38
57
29
88
76
55
14
42
65
17
48
28
32
51
34
59
25
22
68
60
54
112
80
77
80
60
56
67
72
68
68
59
84
111
82
118
92
92
97
68
128
84
87
97
99
17
47
23
39
94
109
88
59
69
89
126
120
89
84
69
76
119
109
104
109
138
80
89
89
84
117
126
122
109
92
87
111
140
125
126
137
106
102
124
155
142
160
149
152
165
153
171
116
110
121
109
155
125
173
152
126
150
160
157
93
137
171
146
102
78
102
78
124
138
152
112
108
161
101
75
109
109
117
94
99
133
100
115
133
136
136
146
117
130
147
127
103
132
105
114
122
91
71
69
130
97
112
88
93
133
141
119
167
176
163
167
187
133
111
160
160
153
174
168
154
160
172
177
134
123
110
151
161
175
172
159
169
135
174
166
173
192
175
144
184
146
188
163
142
156
128
139
133
137
127
140
106
114
115
133
115
123
157
160
185
178
198
186
198
178
170
141
152
171
143
122
123
149
163
177
152
188
153
166
171
159
198
182
161
174
158
140
154
151
135
130
143
100
80
89
87
91
132
133
100
82
90
132
114
103
69
96
49
62
93
38
113
110
92
76
38
34
78
72
53
61
67
38
39
91
37
63
1
27
8
21
-26
-62
-28
-48
5
2
-3
8
-15
-42
-24
-15
37
47
2
9
27
53
41
-2
42
28
60
57
62
50
36
39
32
37
38
50
37
24
57
66
61
58
66
48
38
80
30
55
50
86
91
61
95
116
70
85
113
64
66
139
144
119
133
103
89
99
88
98
80
83
100
94
99
131
134
137
134
99
114
107
143
92
124
100
105
130
108
179
133
176
149
163
194
189
218
211
191
184
188
216
210
182
164
184
194
198
163
157
181
218
174
173
171
133
221
171
189
173
179
161
168
177
173
125
155
165
133
155
130
154
156
110
91
134
125
171
159
156
160
125
173
160
160
149
141
156
166
154
116
151
149
111
135
141
134
144
116
89
78
81
78
68
74
68
85
60
53
60
80
81
63
99
89
69
103
97
69
88
48
74
78
58
111
121
105
83
62
51
51
44
37
88
102
76
122
126
137
142
121
143
138
180
184
147
120
140
137
92
150
151
121
173
153
177
139
92
126
137
147
154
176
193
193
197
222
224
221
209
232
227
198
202
176
182
174
217
191
226
221
184
189
187
185
179
157
141
120
180
163
185
185
142
132
98
132
90
102
93
103
82
81
127
120
83
92
70
42
64
38
76
80
34
70
63
63
84
113
93
91
58
58
72
57
83
70
81
80
104
69
109
136
82
57
90
105
146
148
100
132
134
147
153
139
169
126
109
115
98
82
74
82
98
102
113
104
122
158
126
108
130
112
124
126
149
128
106
87
84
130
127
77
91
81
73
108
79
73
91
65
92
73
95
90
77
95
40
38
35
74
83
103
124
87
108
113
129
107
77
82
47
78
46
59
65
89
88
43
60
91
107
110
104
112
121
58
43
99
70
56
68
81
102
80
90
91
98
68
40
47
26
19
33
54
28
54
68
68
37
44
37
25
27
4
-3
-14
18
-3
0
-35
-38
29
33
27
25
41
18
11
4
0
3
4
-22
-39
-28
-20
-5
16
55
35
33
11
-1
1
19
12
8
32
18
10
11
11
-20
-35
-9
9
-48
-13
-39
-8
8
11
47
-17
-29
5
27
21
35
40
22
12
2
15
44
103
91
74
83
99
83
57
50
8
62
66
48
74
29
8
65
103
40
54
56
24
45
6
50
68
60
49
61
102
81
126
135
79
73
85
136
117
128
132
101
105
99
121
65
107
76
24
70
76
55
43
49
34
35
31
32
31
18
9
31
7
8
54
44
68
39
16
26
21
15
38
4
21
44
2
13
-16
17
24
-12
36
70
71
50
20
-2
6
12
-11
19
-14
-15
21
-14
-52
-38
-29
-21
-13
2
-12
-22
-4
-8
-28
-49
-43
-58
-30
-22
-18
14
-5
-13
-54
-10
-48
-48
-18
-42
-45
-97
-77
-49
-80
-88
-52
-51
-34
-58
-51
14
1
-10
17
-14
-35
-18
9
-58
-75
-24
-67
-80
-27
-36
-65
-26
-32
-26
-45
-52
-46
-31
-44
-52
-60
-42
-27
17
-11
9
19
-10
-9
17
31
19
45
4
44
58
15
14
39
15
75
51
45
66
81
65
36
88
86
109
145
146
80
70
96
85
46
15
53
24
9
12
34
35
7
-24
3
4
21
7
5
51
24
38
14
32
2
6
30
32
-4
-17
-41
-33
-7
-11
-3
7
26
-19
-19
16
0
14
10
11
-22
-16
0
12
-1
-40
-34
-73
-60
-31
-74
-60
-46
-50
-78
-83
-49
-43
-43
-43
-64
-42
-30
-84
-108
-94
-47
-69
-91
-68
-92
-94
-108
-103
-125
-117
-126
-64
-60
-62
-90
-100
-105
-70
-3
-43
-13
-7
-26
-26
-12
16
-41
-56
-47
-60
-23
-107
-73
-74
-86
-48
-26
-26
-33
-5
-47
-38
-40
-40
-17
30
33
25
48
34
58
58
32
-4
32
-23
4
14
-21
-7
-30
-3
32
-16
-11
4
2
72
11
50
29
14
6
-1
33
-23
-5
-6
40
41
61
39
45
20
18
1
5
12
10
50
34
78
66
69
82
43
25
57
59
38
29
13
3
-8
-32
0
0
-6
-14
-15
-31
-52
-36
-113
-47
-99
-120
-36
-73
-48
-32
-97
-89
-67
-39
-53
-55
-13
-72
-51
-62
-46
-72
-54
-12
-52
-61
-45
-30
-73
-100
-61
-68
-43
-18
-74
-31
-46
-72
-41
-44
-43
-94
-73
-50
-29
-50
-55
-41
-31
-31
-17
-32
-72
-96
-87
-110
-52
-58
-95
-91
-61
-66
-106
-79
-83
-91
-78
-68
-63
-27
-54
-74
-39
-17
-17
7
-7
-26
-30
23
-20
-35
2
4
-15
-47
-24
-17
-37
-31
3
-1
-4
-4
-7
27
32
17
23
44
54
59
52
58
34
24
2
24
22
32
38
44
73
47
50
53
28
15
74
43
34
74
56
57
42
28
44
45
45
52
40
45
49
16
-7
9
7
-15
-61
-25
-41
-34
-39
-25
-9
-50
-52
-62
-53
-49
-50
-46
-65
-44
-23
-18
-60
-63
-73
-83
-66
-63
-47
-70
-73
-82
-82
-77
-60
-43
-66
-63
-65
-92
-62
-71
-36
-66
-69
-16
-56
-53
-38
-69
-30
4
-5
-15
-36
-48
-41
-50
-19
-29
-28
-12
-45
-68
-74
-78
-50
-61
-81
-40
-93
-53
-60
-38
-38
-37
-19
-3
24
-7
43
24
5
14
40
25
-8
20
45
4
53
70
54
77
32
42
102
47
4
15
35
54
51
46
45
27
-3
-5
-13
33
14
-5
34
38
3
26
-9
16
8
-27
-18
-52
-44
-58
-63
-47
-53
-52
-36
-55
-69
-51
-73
-54
-87
-103
-73
-101
-83
-66
-48
-76
-89
-55
-92
-79
-81
-78
-68
-87
-82
-30
-44
-87
-85
-83
-60
-82
-88
-39
-45
-60
-39
-68
-67
-51
-68
-76
-69
-72
-88
-50
-62
-69
-50
-64
-81
-58
-77
-49
-90
-128
-106
-111
-124
-140
-120
-91
-109
-102
-105
-102
-82
-115
-83
-175
-155
-143
-175
-129
-150
-162
-130
-132
-154
-121
-138
-192
-163
-141
-194
-132
-158
-169
-212
-232
-197
-207
-223
-227
-189
-184
-134
-134
-138
-171
-179
-181
-138
-127
-133
-132
-126
-101
-144
-116
-125
-115
-108
-174
-125
-150
-161
-116
-113
-153
-119
-128
-125
-117
-141
-154
-195
-151
-127
-145
-103
-139
-87
-73
-119
-85
-100
-79
-101
-83
-77
-82
-76
-93
-109
-77
-96
-72
-57
-68
-37
-41
-76
-125
-104
-85
-64
-105
-73
-89
-97
-133
-129
-120
-146
-141
-166
-158
-148
-134
-135
-159
-142
-106
-121
-115
-121
-137
-121
-137
-121
-149
-114
-127
-158
-127
-163
-162
-154
-141
-174
-168
-122
-102
-137
-141
-115
-111
-134
-138
-155
-138
-152
-129
-113
-137
-112
-138
-135
-117
-115
-124
-89
-124
-142
-117
-152
-134
-159
-112
-105
-138
-128
-109
-121
-100
-126
-141
-78
-113
-124
-64
-24
-46
-39
-42
20
-9
-7
-21
-2
3
-23
-12
-37
-22
-12
14
-15
-24
1
-6
-12
-13
-3
-24
16
4
-13
8
-51
-12
0
-15
-27
-7
-20
-13
1
3
-13
-26
-23
4
-29
-88
0
-6
22
23
-2
3
11
46
19
-7
-8
25
27
2
27
18
30
46
21
18
44
44
51
10
21
-12
-4
-5
-36
29
-36
-11
12
-3
-26
6
8
-25
-28
-50
22
-14
-19
-9
52
42
28
4
-43
-47
-56
-17
-33
-29
-84
-80
-82
-51
-56
-56
-44
-78
-54
-53
-51
-19
-47
-56
-77
-123
-77
-85
-78
-59
-60
-38
-58
-72
-93
-103
-79
-111
-117
-145
-180
-166
-150
-115
-151
-141
-107
-143
-170
-164
-139
-151
-112
-83
-102
-101
-103
-141
-144
-133
-131
-87
-98
-117
-100
-105
-119
-116
-99
-116
-146
-131
-114
-95
-104
-135
-111
-105
-103
-95
-84
-65
-75
-46
-35
-78
-59
-49
-44
-52
-31
-31
-58
-13
-7
-14
28
29
-5
14
-1
35
45
30
36
44
39
16
6
31
61
73
75
58
64
38
83
105
57
42
47
22
-15
3
-5
-80
-67
-108
-105
-97
-162
-151
-137
-131
-95
-129
-84
-87
-138
-108
-101
-82
-94
-93
-76
-65
-80
-68
-50
-65
-72
-80
-74
-45
-36
-87
-74
-80
-78
-54
-75
-92
-57
-51
-49
-58
-63
-9
-32
-25
-39
-38
-21
-45
-60
-84
-77
-90
-124
-139
-124
-126
-127
-125
-168
-168
-125
-136
-115
-96
-123
-87
-48
-78
-97
-44
-36
-15
-22
-67
-52
-83
-28
-51
-76
-43
-49
-47
-18
-39
-75
-71
-71
-41
-80
-91
-70
-93
-87
-116
-131
-67
-55
-47
-31
-52
-61
-58
-62
-54
-68
-106
-95
-60
-73
-49
-38
-22
-63
-19
-2
-33
-16
-13
30
34
38
-16
7
43
64
74
42
82
48
44
57
54
56
61
37
53
70
58
46
55
62
52
37
26
60
75
42
46
53
22
16
39
26
28
15
19
30
-2
6
33
67
79
44
62
95
61
75
102
38
15
34
29
43
64
86
60
69
44
22
70
67
22
43
31
34
20
21
-7
21
36
29
55
42
24
34
56
49
51
30
46
34
36
29
42
11
28
27
40
47
6
24
-11
-4
35
70
41
87
84
97
65
81
56
69
126
109
127
124
128
105
86
84
95
85
36
60
43
8
5
-3
-14
15
-5
-32
-10
-4
24
17
21
18
16
34
57
36
75
72
22
50
124
97
107
101
114
147
125
137
87
97
105
97
68
68
82
81
60
37
42
80
86
108
132
124
101
60
83
59
73
35
30
78
50
47
70
81
67
75
62
27
36
19
67
150
104
102
132
103
106
141
108
149
141
160
195
156
177
192
196
224
248
263
214
248
248
265
254
187
199
187
168
155
120
78
74
105
93
123
99
42
94
61
44
35
23
50
70
107
82
78
90
84
95
75
78
114
141
101
93
111
50
87
89
99
103
56
85
51
57
90
70
82
56
76
60
38
36
64
62
58
89
85
145
144
131
115
113
139
123
135
118
135
196
155
178
163
143
151
198
211
195
206
161
164
161
156
204
214
183
160
166
189
191
191
178
162
188
179
164
209
136
141
115
67
133
113
122
112
79
84
96
73
35
64
31
14
26
-16
-27
-1
2
37
9
27
45
-7
-2
15
10
17
73
26
20
45
38
39
53
64
62
84
61
77
46
66
77
107
100
121
94
111
136
141
104
92
119
119
126
139
107
105
110
102
95
67
103
91
83
92
88
84
119
153
151
121
98
125
67
91
112
71
110
84
57
63
110
91
86
71
64
85
72
78
116
120
99
81
80
75
80
87
97
90
78
78
78
126
64
31
61
52
75
85
51
29
45
58
95
62
90
126
165
158
140
194
149
181
172
221
193
173
149
167
184
167
146
180
193
171
236
209
193
246
238
210
263
253
255
264
258
273
262
275
322
319
322
312
345
347
318
331
369
316
335
346
305
294
315
305
274
288
266
311
321
330
288
345
288
307
329
270
324
314
295
305
314
298
339
348
352
333
283
325
293
265
312
288
235
291
231
213
272
228
243
225
170
191
214
202
178
147
145
188
171
150
171
165
171
164
161
161
153
186
201
199
214
181
172
136
145
179
152
158
145
145
158
149
176
188
206
208
190
189
130
149
174
182
157
179
189
172
217
174
141
172
177
106
111
166
173
167
179
177
167
192
211
180
181
186
163
170
173
155
208
131
148
190
145
175
163
169
213
207
204
191
189
219
227
241
244
230
216
210
219
218
255
256
255
221
197
213
200
219
208
210
199
167
186
211
227
199
208
231
209
241
218
215
194
226
216
234
215
196
193
172
221
202
203
233
261
264
265
255
277
234
209
231
203
233
193
192
196
182
192
176
181
177
151
133
114
179
137
150
147
178
197
186
169
170
223
200
216
191
218
186
208
213
215
197
208
196
185
149
145
177
154
147
124
131
132
117
72
135
141
153
193
167
173
163
155
134
139
171
147
134
205
157
160
181
177
180
117
132
118
99
108
130
100
76
113
76
77
135
137
127
143
136
109
79
126
109
124
159
198
229
183
170
206
242
189
191
199
237
193
176
202
181
157
153
179
166
174
141
175
179
183
155
143
173
169
164
135
142
119
147
150
165
141
145
152
165
126
124
107
86
131
123
94
101
127
81
82
71
159
114
55
38
64
64
46
80
83
103
93
52
64
77
18
29
52
25
-16
30
39
13
2
11
22
28
33
-18
27
-3
-47
-39
-35
-34
-32
-58
-23
-36
-76
-32
-55
-28
-58
-34
-67
-84
-101
-119
-55
-96
-83
-81
-33
-65
-42
-57
-72
-70
-85
-44
-88
-82
-77
-76
-75
-72
-72
-51
-97
-82
-64
-47
-40
-28
-47
-46
-58
-69
-36
-64
-86
-55
-77
-76
-66
-48
-43
-41
-69
-81
-71
-69
-84
-143
-93
-79
-89
-79
-65
-74
-74
-80
-23
5
-17
-6
-7
-10
34
9
-27
4
-25
-39
-20
-19
-13
-6
-9
15
-16
-39
-18
-8
2
23
-35
-11
-11
-5
21
-3
-28
-25
-10
-14
-45
-51
-13
-21
-37
-37
-37
-103
-92
-59
-78
-44
-14
-32
-28
-50
-69
-55
4
-10
-36
2
13
14
-28
-52
12
30
24
42
9
19
20
0
32
-7
0
-31
12
-26
-70
-6
-3
31
16
31
63
0
12
70
44
15
34
43
5
-3
33
67
69
31
17
46
50
69
30
66
66
57
91
50
72
95
84
85
108
67
71
106
125
119
52
76
120
127
163
159
171
160
155
136
147
144
110
141
128
100
113
148
132
139
142
165
177
183
199
175
174
185
209
225
219
170
184
221
224
213
197
193
216
241
243
272
217
212
209
128
219
205
184
195
186
131
116
148
150
105
131
143
100
144
146
158
104
129
99
148
174
123
146
155
129
139
176
173
155
163
175
180
166
156
147
129
126
121
106
100
105
116
106
126
107
109
134
101
132
113
116
112
105
111
95
85
56
113
93
44
78
42
23
8
-13
18
75
79
54
51
26
38
30
62
74
72
108
78
120
85
124
147
169
141
95
117
128
148
190
241
227
218
189
262
224
208
229
236
293
218
263
226
271
197
187
212
188
175
177
189
167
224
168
187
170
161
166
166
166
205
195
175
205
169
146
159
189
183
221
197
203
217
201
186
174
161
194
144
129
148
131
161
150
148
161
199
192
162
143
111
124
153
121
165
185
113
156
142
140
129
157
171
132
156
198
158
136
147
144
162
157
165
120
124
139
139
154
149
148
113
113
126
88
128
103
95
101
105
76
85
134
83
69
110
84
74
91
92
89
80
57
56
71
48
52
67
54
26
49
66
23
65
41
2
20
11
44
46
37
39
29
-13
41
34
28
86
71
125
102
93
104
88
103
96
142
131
98
75
63
115
70
54
53
37
87
62
49
76
72
94
115
100
119
131
119
129
116
122
130
105
145
136
151
202
163
141
153
163
158
136
150
158
151
121
116
180
183
185
115
125
163
115
107
136
141
131
117
103
131
187
149
159
133
110
117
129
159
131
164
140
106
123
188
160
109
143
107
156
129
134
145
136
103
88
111
128
95
77
131
87
154
111
145
155
66
112
73
67
88
54
39
3
26
65
70
58
55
43
55
84
81
97
64
70
125
115
128
127
101
144
145
123
116
76
75
97
96
93
57
16
40
81
103
83
71
53
103
54
66
65
58
70
45
89
84
106
31
75
116
106
145
150
117
138
138
142
111
109
111
111
137
116
105
140
100
82
97
92
129
123
116
113
109
80
121
99
82
124
98
96
115
120
78
82
91
73
90
119
106
78
73
16
18
4
-11
18
41
36
16
26
74
13
10
22
19
21
-22
-23
1
22
-3
25
56
38
29
43
23
75
58
32
39
31
3
-13
15
15
-11
1
-43
-6
21
7
-6
-43
-51
-57
-38
-33
-33
-27
-37
-32
-28
-55
-14
-11
-3
-11
18
-31
-23
-8
-17
44
-23
-50
-23
-47
-50
-26
-60
-60
-47
-47
-49
-51
-96
-26
-39
-59
-46
-35
-6
-46
-18
-26
-47
-64
-97
-80
-66
-61
-59
-86
-96
-111
-135
-111
-112
-77
-91
-102
-123
-61
-74
-68
-18
-38
-17
-58
-20
-10
-6
-1
-4
-8
0
-9
7
32
-22
-57
-39
-5
2
-14
-17
-14
-29
-33
-21
-6
-40
-58
-24
-44
-64
-35
-26
-65
-60
-72
-44
-48
-62
-86
-67
-65
-72
-86
-94
-81
-120
-111
-99
-110
-154
-112
-118
-132
-131
-117
-133
-164
-149
-166
-120
-136
-174
-169
-131
-91
-132
-127
-135
-78
-50
-70
-53
-45
-50
-121
-81
-83
-89
-43
-67
-41
-51
-33
-35
-35
-33
-49
-89
-45
-36
-59
-30
-56
-23
-25
-30
-52
-105
-109
-33
-55
-85
-49
-25
-51
-60
-64
-40
-28
-56
-13
-15
-7
-35
-39
3
-23
-12
-18
21
-1
-1
-18
-63
-28
-62
-76
-76
-36
-76
-56
-55
-62
-80
-77
-73
-78
-42
-17
-20
-11
-10
-34
-15
-47
-9
15
-21
-38
-54
-43
-32
-27
-28
-19
-53
-27
-16
-29
-38
-15
-73
-89
-92
-89
-58
-25
-16
-46
-35
-69
-61
-50
-66
-46
-60
-98
-51
-46
-50
-41
-50
-65
-89
-106
-89
-76
-99
-75
-119
-116
-59
-72
-102
-67
-58
-76
-72
-93
-76
-39
-86
-92
-63
-36
-37
-71
-33
-66
-64
-68
-27
-15
-41
-22
-28
-56
-47
-58
-79
-66
-37
-22
-40
-42
-76
-77
-67
-35
-61
-59
-28
-55
-72
-88
-58
-76
-88
-100
-94
-57
-80
-71
-88
-63
-47
-70
-56
-64
-89
-102
-74
-52
-86
-83
-99
-101
-76
-49
-64
-74
-38
-47
-58
-83
-78
-91
-78
-45
-41
-125
-112
-110
-121
-83
-88
-101
-76
-64
-88
-103
-86
-89
-104
-79
-137
-137
-121
-145
-103
-109
-127
-96
-96
-85
-88
-125
-105
-94
-58
-88
-91
-77
-70
-131
-93
-67
-96
-39
-72
-88
-44
-72
-121
-54
-22
-62
-100
-99
-87
-89
-75
-130
-89
-98
-160
-127
-116
-129
-114
-155
-188
-117
-111
-119
-126
-149
-137
-160
-135
-168
-167
-151
-145
-150
-118
-99
-124
-122
-171
-193
-221
-183
-215
-200
-218
-248
-229
-251
-229
-235
-237
-224
-221
-237
-254
-290
-325
-294
-310
-330
-295
-282
-312
-330
-282
-292
-299
-300
-313
-306
-336
-320
-288
-335
-345
-309
-330
-308
-318
-310
-311
-357
-333
-338
-348
-303
-295
-273
-236
-267
-271
-305
-311
-273
-336
-323
-300
-295
-298
-343
-325
-328
-307
-312
-306
-273
-264
-244
-252
-203
-214
-220
-232
-224
-219
-201
-210
-248
-251
-228
-243
-288
-250
-275
-219
-251
-292
-238
-263
-275
-271
-217
-237
-229
-234
-240
-203
-249
-220
-206
-197
-225
-202
-214
-213
-233
-208
-223
-265
-237
-269
-214
-211
-209
-255
-209
-210
-224
-207
-173
-174
-216
-173
-206
-186
-162
-195
-209
-208
-163
-212
-196
-209
-219
-184
-204
-204
-201
-170
-208
-231
-247
-264
-261
-244
-235
-258
-261
-241
-278
-281
-274
-264
-300
-286
-288
-259
-294
-275
-277
-260
-228
-239
-240
-231
-217
-227
-181
-227
-245
-232
-221
-235
-239
-219
-206
-179
-152
-185
-186
-150
-160
-180
-182
-134
-158
-172
-191
-248
-212
-198
-136
-171
-206
-160
-159
-145
-163
-144
-174
-140
-151
-136
-128
-156
-146
-145
-137
-113
-124
-151
-85
-118
-92
-118
-99
-97
-145
-93
-103
-79
-35
-58
-59
-55
-80
-82
-54
-84
-49
-60
-61
-60
-149
-87
-78
-84
-53
-62
-95
-81
-61
-87
-67
-101
-124
-89
-74
-123
-157
-120
-109
-154
-118
-91
-87
-62
-87
-71
-40
-32
-63
-49
-11
-14
-13
-10
-26
-12
-6
-33
-15
32
-35
-79
-33
24
-37
-81
-5
-14
-65
-94
-107
-123
-156
-164
-150
-189
-236
-219
-273
-255
-202
-248
-233
-253
-263
-285
-231
-247
-260
-217
-217
-269
-226
-246
-191
-178
-204
-149
-131
-104
-83
-104
-49
-40
-62
-28
-55
-40
-64
-31
-34
-7
-25
-75
-51
-51
-38
-69
-94
-35
-35
-71
-78
-92
-86
-128
-130
-138
-140
-148
-203
-191
-256
-229
-257
-295
-256
-205
-241
-260
-245
-275
-266
-260
-227
-198
-192
-138
-96
-120
-84
-46
-49
-66
-69
-84
-72
-35
-96
-70
-5
-61
-34
-32
-62
-62
-76
-43
-54
-76
-83
-78
-89
-89
-151
-168
-136
-132
-152
-179
-178
-166
-165
-218
-196
-221
-198
-190
-236
-239
-224
-197
-181
-211
-222
-251
-224
-178
-181
-176
-171
-148
-189
-149
-135
-123
-98
-84
-118
-121
-100
-111
-112
-87
-74
-101
-106
-138
-128
-111
-149
-129
-153
-218
-177
-210
-260
-261
-247
-218
-218
-277
-247
-234
-273
-240
-253
-240
-242
-272
-269
-290
-223
-220
-246
-191
-243
-266
-241
-245
-227
-238
-238
-197
-214
-223
-174
-148
-130
-133
-142
-133
-112
-126
-112
-124
-100
-84
-93
-114
-76
-53
-80
-128
-135
-108
-138
-136
-137
-127
-103
-86
-110
-90
-105
-103
-118
-97
-106
-143
-117
-113
-121
-127
-141
-105
-115
-166
-133
-130
-104
-107
-109
-121
-137
-115
-94
-78
-99
-134
-79
-83
-98
-97
-97
-94
-95
-95
-125
-132
-121
-160
-137
-137
-124
-42
-104
-110
-93
-90
-100
-97
-102
-120
-108
-111
-130
-116
-91
-72
-95
-90
-79
-89
-117
-127
-120
-142
-108
-125
-145
-116
-134
-154
-131
-135
-132
-79
-124
-143
-119
-119
-82
-120
-123
-116
-150
-109
-119
-97
-90
-119
-93
-114
-59
-80
-85
-73
-80
-86
-93
-75
-121
-90
-72
-49
-39
-93
-64
-58
-85
-67
-99
-137
-129
-107
-136
-97
-69
-85
-100
-122
-48
-101
-88
-82
-113
-97
-101
-58
-68
-91
-121
-63
-50
-69
-74
-71
-63
-93
-79
-81
-132
-124
-93
-140
-135
-118
-38
-90
-86
-40
-78
-80
-71
-55
-77
-60
-31
-19
-20
-18
-11
18
24
-23
23
3
-4
20
-28
-44
-5
-32
-22
-1
-20
-33
-52
-54
-49
-56
-26
-28
-29
-45
-21
-57
-60
-83
-62
-81
-71
-37
-70
-45
-79
-29
-76
-41
-82
-67
-52
-89
-56
-124
-50
-47
-28
-84
-73
-44
-98
-92
-97
-69
-62
-58
-70
-42
-80
-86
-117
-110
-84
-107
-64
-80
-110
-70
-111
-152
-114
-121
-142
-107
-81
-56
-99
-129
-86
-74
-78
-60
-95
-84
-97
-112
-118
-155
-155
-116
-94
-110
-94
-154
-134
-126
-120
-130
-148
-116
-158
-162
-116
-108
-95
-74
-67
-63
-104
-83
-70
-51
-78
-100
-98
-100
-56
-16
-36
-61
-84
-69
-72
-65
-8
-69
-48
-12
-29
-12
-60
-46
-38
-26
13
14
-8
21
-7
17
50
1
26
-4
0
10
-27
43
-33
-17
-35
-30
-18
-28
-42
-31
-19
-4
11
-47
-28
41
40
22
30
36
58
17
-3
36
-7
15
64
29
29
21
-10
68
-4
-9
-20
-51
-45
-23
-32
-70
-60
-93
-90
-111
-64
-60
-88
-68
-115
-138
-76
-142
-172
-157
-166
-124
-124
-135
-169
-164
-147
-186
-136
-158
-178
-168
-182
-136
-168
-157
-134
-130
-106
-153
-205
-104
-132
-94
-135
-188
-185
-157
-155
-175
-158
-175
-161
-162
-142
-109
-144
-166
-144
-152
-112
-125
-150
-128
-111
-155
-154
-144
-159
-156
-148
-121
-137
-141
-145
-149
-127
-119
-132
-110
-112
-129
-108
-48
-49
-70
-60
-75
-40
-60
4
23
-50
-55
-79
-20
-2
4
-51
-97
-66
-66
-119
-83
-81
-94
-90
-70
-49
-20
-95
-90
-47
-28
-35
-61
-29
-28
-31
-82
-26
-34
-7
-36
-47
-64
-30
-12
3
32
23
-12
24
49
28
29
105
84
119
82
69
93
116
108
88
91
116
112
94
53
84
135
136
84
72
56
32
11
-9
-38
-28
2
-30
-15
-103
-102
-78
-73
-75
-224
-304
-331
-369
-429
-569
-613
-752
-795
-867
-931
-999
-1083
-1140
-1249
-1300
-1334
-1325
-1326
-1339
-1251
-1263
-1242
-1177
-1037
-896
-803
-690
-546
-338
-127
92
303
607
791
1114
1280
1240
1376
1631
1942
2006
2077
2083
2128
2147
2159
2177
2265
2172
2006
1841
1748
1737
1580
1375
1238
1009
714
520
424
308
73
-212
-465
-631
-787
-786
-955
-1106
-1224
-1362
-1456
-1507
-1466
-1427
-1445
-1437
-1429
-1396
-1326
-1240
-1064
-1042
-988
-896
-693
-529
-403
-219
-91
-10
89
262
424
578
683
743
804
905
1039
1053
1080
1131
1151
1098
1093
1069
1064
1027
896
835
756
671
599
556
461
323
123
47
-27
-114
-204
-301
-396
-509
-595
-621
-692
-763
-777
-772
-832
-872
-842
-819
-792
-803
-719
-713
-614
-515
-454
-434
-364
-254
-245
-179
-150
-72
57
96
138
185
237
293
384
410
391
418
405
425
450
441
455
399
378
371
354
296
222
170
102
37
-22
-58
-102
-145
-195
-311
-383
-407
-455
-518
-515
-557
-571
-611
-714
-665
-676
-695
-728
-737
-694
-683
-651
-641
-661
-590
-586
-566
-528
-441
-460
-530
-405
-378
-389
-369
-309
-357
-311
-299
-364
-309
-281
-285
-295
-338
-330
-337
-430
-409
-476
-534
-539
-548
-604
-658
-732
-736
-764
-766
-861
-923
-960
-954
-943
-1051
-1033
-1044
-1096
-1064
-989
-1077
-1089
-1067
-937
-932
-845
-773
-734
-551
-345
-253
-177
45
178
490
491
708
921
1194
1382
1687
1781
2071
2130
2146
2427
2504
2677
2804
2559
2683
2590
2552
2648
2432
2380
2326
1929
1691
1628
1403
1363
1048
695
452
234
63
-30
-320
-492
-703
-1049
-1163
-1193
-1357
-1452
-1625
-1687
-1734
-1889
-1770
-1717
-1718
-1709
-1712
-1731
-1580
-1501
-1387
-1232
-1249
-1133
-992
-930
-680
-599
-539
-425
-365
-237
-80
-79
17
135
164
180
166
254
329
164
161
164
71
8
-110
-85
-94
-349
-436
-535
-668
-712
-893
-946
-1031
-1216
-1337
-1381
-1395
-1389
-1527
-1657
-1637
-1737
-1810
-1730
-1627
-1710
-1733
-1803
-1788
-1646
-1395
-1302
-1310
-1225
-1151
-989
-671
-357
-277
-264
-103
157
455
732
929
1177
1379
1592
1827
2108
2466
2704
2809
2956
3010
2818
3159
3389
3565
3363
3026
3036
3163
2965
2926
2618
2455
2235
1838
1608
1557
1255
1014
572
232
150
-266
-441
-544
-832
-1164
-1486
-1622
-1665
-1682
-1831
-1916
-2076
-2160
-2088
-2061
-1957
-1965
-1908
-1955
-1841
-1727
-1533
-1379
-1349
-1105
-1158
-1060
-909
-620
-589
-491
-468
-359
-291
-328
-139
-166
-182
-193
-290
-269
-219
-268
-412
-476
-519
-655
-838
-892
-916
-1101
-1213
-1447
-1771
-1809
-1685
-1762
-2058
-2373
-2444
-2351
-2213
-2152
-2416
-2449
-2283
-2193
-1960
-1799
-1647
-1409
-1282
-1088
-832
-583
-95
153
481
849
943
1498
1881
2255
2761
2873
3251
3642
3881
4401
4481
4356
4535
4784
4963
4949
4648
4532
4485
4377
4169
3837
3526
3297
2902
2450
2097
1692
1267
941
551
133
-324
-722
-1044
-1291
-1642
-2006
-2334
-2576
-2683
-2869
-3047
-3142
-3238
-3176
-3201
-3243
-3100
-2968
-2835
-2618
-2533
-2292
-2036
-1847
-1471
-1316
-1141
-888
-657
-344
-161
7
352
435
376
531
590
834
938
746
598
524
528
513
404
166
-98
-316
-462
-696
-847
-1074
-1459
-1724
-1978
-2290
-2501
-2675
-2853
-3070
-3432
-3584
-3676
-3696
-3587
-3651
-3759
-3756
-3659
-3458
-3122
-2844
-2630
-2373
-2114
-1661
-1315
-819
-370
-68
313
755
1176
1581
2073
2674
3034
3386
4018
4370
4735
5331
5637
5903
6382
6534
6330
6138
6667
7000
6602
6090
6037
5792
5506
5074
4785
4284
3649
2809
2443
2221
1686
557
-209
-354
-648
-1583
-2307
-2392
-2545
-3223
-3921
-4041
-3873
-4282
-4709
-4574
-4384
-4587
-4707
-4362
-3837
-3794
-3825
-3438
-2913
-2543
-2314
-1986
-1383
-1088
-835
-454
-28
393
715
907
1091
1293
1388
1644
1793
1774
1795
1629
1560
1588
1392
1143
934
823
570
-17
-428
-515
-700
-1213
-1772
-2207
-2575
-2885
-3119
-3378
-3738
-4150
-4501
-4593
-4612
-4836
-4855
-4834
-4755
-4682
-4568
-4308
-3949
-3519
-3155
-2875
-2592
-1999
-1406
-888
-404
112
572
1081
1651
2295
2835
3288
3845
4178
4767
5305
5658
6253
6903
7162
7567
8166
9223
9458
7985
7046
7629
8871
9072
7747
6468
6187
5813
5226
4827
4880
4285
2463
793
906
1199
207
-1145
-1463
-1694
-3094
-4610
-4284
-3263
-3794
-5386
-5964
-5624
-5543
-5950
-5489
-4649
-4943
-5891
-5747
-4454
-3557
-3564
-3452
-2643
-2274
-2285
-1751
-534
461
514
334
786
1523
2048
2534
3063
3416
3256
3007
3357
4024
4369
4259
3976
3426
2992
2981
2926
2795
2367
1400
710
145
-389
-813
-1149
-1554
-2601
-3763
-4359
-4460
-4655
-5129
-5815
-6436
-7012
-7184
-7042
-6941
-6978
-7184
-7321
-7229
-6861
-6355
-5892
-5425
-5062
-4781
-4332
-3572
-2662
-1922
-1471
-1193
-678
-82
616
1341
1889
2275
2460
2749
3407
4020
4541
4851
5030
5329
5696
6198
6646
6956
7266
7811
8070
8369
8308
7719
7712
7882
8106
8283
7302
6557
6034
5247
4943
5060
4713
3654
1965
698
1075
1044
320
-958
-2030
-2257
-2833
-3779
-3889
-3419
-3819
-4895
-5767
-5413
-4893
-5223
-5099
-4649
-4620
-5218
-5245
-4118
-2920
-2865
-3207
-2803
-2204
-1724
-1360
-602
169
237
42
324
1072
1595
1746
1798
1918
1889
1614
1615
2009
2172
1697
1102
780
715
432
206
-21
-513
-1139
-1918
-2332
-2296
-2663
-3326
-3926
-4416
-4732
-5222
-5530
-5478
-5622
-6001
-6467
-6587
-6213
-5923
-5751
-5537
-5399
-5184
-4842
-4228
-3369
-2802
-2488
-2014
-1392
-665
35
535
1230
1826
2268
2722
3295
3990
4644
5144
5483
6043
6637
6920
7585
8143
8656
9267
9344
9889
10615
10594
9704
8198
7719
9386
11065
9797
6203
4221
5338
7417
6318
3563
2128
2236
1572
-262
-1111
-255
-362
-2838
-4715
-4527
-3994
-4804
-5849
-5045
-4751
-6653
-8470
-7178
-4680
-4478
-6363
-6976
-5456
-4802
-5078
-4470
-2624
-1998
-3090
-3325
-1566
246
97
26
1014
1940
1442
1034
2630
4448
4349
3028
2920
4073
4642
3791
3733
4610
4174
2517
1624
2293
2732
1713
377
-306
-595
-1472
-2604
-2820
-2623
-3552
-5456
-6463
-6081
-5891
-6932
-7566
-7627
-8060
-8694
-8745
-8017
-7535
-7689
-8064
-7846
-6936
-6129
-5649
-5059
-4139
-3694
-3537
-2798
-1414
-294
105
414
877
1519
1983
2723
3626
4242
4243
4082
4319
5316
6135
6290
6478
6679
6934
7034
7416
7940
8924
9167
8580
9132
10277
9772
7787
5776
6459
10512
11451
7112
2392
1829
5798
8170
4753
1385
353
1130
735
-800
-1012
-120
-1389
-3835
-4825
-4378
-3672
-4252
-4512
-3878
-4924
-7007
-7281
-4816
-2700
-3297
-5603
-5813
-4383
-3471
-2899
-2233
-1324
-1651
-2444
-1920
-74
986
986
977
1181
1612
1092
1587
3241
4322
3554
2197
2051
3157
3964
3669
2582
691
675
1145
867
1202
44
-2232
-3005
-2778
-2387
-3149
-4396
-4833
-5782
-6830
-6610
-6778
-7143
-7158
-7785
-8595
-8884
-8138
-7387
-7307
-7359
-7242
-7348
-6904
-5493
-4352
-3832
-3621
-3334
-2688
-1567
-621
160
856
1266
1535
1779
2514
3464
3986
4469
4505
4358
4713
5530
6034
6591
6878
6659
6724
7029
7877
8974
9370
9445
9723
10202
10874
9349
5943
6919
11288
12875
9198
2942
2249
7088
9433
6487
1914
862
2708
1972
-961
-805
883
-140
-3648
-5490
-3732
-2909
-4529
-5144
-3847
-4340
-7180
-8476
-5711
-2488
-3673
-6556
-6826
-4919
-3779
-3936
-3294
-1898
-2042
-3306
-2946
-856
677
471
70
872
1421
876
996
2865
4289
3669
1921
1810
3529
4313
3760
3652
3800
3413
1830
-404
684
2922
2049
-228
-2376
-3372
-3190
-2908
-2313
-3361
-5853
-7343
-7767
-7277
-6165
-6598
-8201
-9447
-9535
-9066
-9005
-8095
-7002
-7616
-8727
-8650
-7060
-5359
-4480
-4102
-4002
-3956
-3301
-1929
-210
1081
962
555
823
1912
3299
3867
4111
4135
3990
3987
4435
5537
6373
6275
5823
5671
5956
6624
7501
8285
8376
8115
7964
8793
10112
11385
10991
6601
4211
8133
12648
12096
6105
1252
3887
8331
8219
3993
974
2238
3549
531
-1865
-243
1351
-652
-4145
-4501
-2863
-3643
-5040
-4052
-2755
-4635
-7919
-7751
-3797
-2156
-4618
-6477
-5431
-3872
-3984
-4092
-2585
-1243
-2194
-3225
-2195
-306
388
-143
339
1406
1155
120
1024
3255
4173
2835
1369
2309
3493
3209
2718
3109
3342
2229
360
490
1878
1236
-354
-1422
-1725
-1956
-3438
-4216
-3550
-3798
-5380
-7108
-7517
-6587
-6696
-7728
-7954
-8125
-8633
-9063
-8536
-7231
-6991
-7651
-7817
-7140
-5961
-5195
-4741
-3877
-3215
-3104
-2837
-1704
-69
647
433
601
1281
2025
2541
2994
3512
3788
3604
3545
4202
5201
5471
5308
5242
5391
5910
6325
6866
7374
7583
7458
7636
8659
9925
10377
10880
9121
5134
5422
10186
13198
10785
3853
1268
5502
9080
7669
3376
1296
2858
2697
-311
-805
1229
1582
-1491
-4572
-3851
-2605
-3611
-4038
-2893
-3094
-5771
-8214
-6424
-2493
-2331
-5046
-6439
-5417
-4189
-4017
-3483
-2013
-1769
-3138
-3539
-2163
-268
189
-236
255
540
-79
-127
1531
3369
3509
1792
936
2076
3257
3411
3378
3331
3206
1285
-1083
680
3409
2485
-696
-3085
-2938
-2144
-2306
-2567
-3982
-5550
-6203
-7009
-7228
-6219
-6307
-7874
-9202
-8958
-8472
-8993
-8310
-6906
-7336
-8694
-8769
-7126
-5415
-4622
-4525
-4510
-4203
-3226
-2043
-760
314
391
90
386
1591
2590
3055
3218
3305
3332
3425
3699
4639
5702
5495
4576
4563
5403
6160
6446
6875
7068
6625
6594
7256
8354
9457
9569
9689
9930
8639
6548
5803
9292
12535
10368
4697
1715
4515
8590
8077
4047
1535
1861
2080
891
-222
1021
1184
-1380
-4010
-3939
-2653
-2649
-3379
-3219
-3354
-5477
-7184
-5852
-2855
-2033
-4622
-6396
-5646
-4091
-3528
-3093
-2274
-2061
-3017
-3767
-2329
-443
240
-345
-470
-86
-164
-65
1122
2909
2932
1482
510
1360
2953
3125
2448
2199
2217
1275
638
731
835
287
-547
-1178
-1991
-3030
-3843
-3944
-3434
-3824
-5836
-7578
-7452
-6397
-6391
-7455
-8018
-8342
-8858
-8614
-7595
-6984
-7321
-7807
-7575
-6725
-5806
-4877
-4417
-3948
-3290
-2864
-2372
-1267
73
767
589
532
1279
2090
2697
3238
3410
3098
3148
3429
4053
4545
4693
4641
4503
4575
4604
5218
6194
6453
6106
5682
6197
7225
7832
8184
8578
8800
9517
8931
7184
6189
7632
10205
10069
6669
4112
4034
6009
7001
5605
3325
2044
1721
1524
943
693
796
-307
-2156
-3155
-3046
-2647
-2863
-3239
-3585
-4439
-5648
-5807
-4614
-3537
-3737
-5167
-5694
-5218
-4290
-3723
-3262
-3074
-3357
-3568
-3281
-2034
-1191
-1020
-1078
-964
-762
-572
-14
886
1634
1314
783
803
1503
1970
1934
1921
1757
1164
565
59
282
880
-826
-2053
-1646
-2513
-3153
-3575
-4286
-4327
-5029
-6071
-6959
-7307
-6514
-6564
-8041
-8134
-7915
-8308
-8303
-7643
-6926
-7359
-7753
-6914
-6042
-5498
-4764
-4141
-3846
-3106
-2440
-1866
-1046
18
416
304
695
1430
2098
2429
2896
2885
2782
2854
3259
3974
4335
4246
4020
4140
4304
4542
5142
5817
6055
5615
5470
5946
6969
8024
8232
7824
8324
9157
7977
7185
7006
7865
9637
8758
5867
4522
4549
6269
6666
4671
2946
2223
1511
1409
1024
699
313
-1318
-2481
-2880
-3212
-2912
-3127
-3762
-4228
-5168
-6188
-5676
-4915
-4479
-4961
-6126
-6278
-5789
-5037
-4478
-4229
-4376
-4484
-4488
-3839
-2844
-2466
-2179
-2105
-2055
-1770
-1257
-653
128
506
139
38
319
889
1104
1165
1347
1053
312
-962
-836
295
318
-908
-2463
-3496
-3323
-3171
-3285
-4092
-5136
-5951
-6683
-6919
-6539
-6475
-7129
-8117
-8524
-8329
-8178
-7678
-7216
-7332
-7612
-7783
-7042
-5851
-5093
-4613
-4473
-4247
-3539
-2730
-1787
-785
-573
-547
-370
193
1192
1676
1964
2019
1885
2075
2617
2969
3398
3686
3687
3413
3312
4078
4617
4639
5218
5637
4922
5147
6318
7068
7327
7637
8027
8324
8857
8180
6855
6609
7972
9526
8482
5731
4556
4970
6218
6124
4717
2956
2066
1877
1685
964
461
311
-983
-2157
-2749
-3022
-3027
-3223
-3448
-4297
-5302
-6034
-5548
-4776
-4578
-5240
-6118
-6114
-5739
-4990
-4621
-4431
-4388
-4372
-4347
-3848
-2908
-2384
-2103
-2045
-1868
-1703
-1246
-359
430
620
280
270
610
1317
1690
1783
946
188
767
1156
845
15
-953
-1373
-1944
-2063
-2105
-3305
-4049
-4194
-5002
-5774
-5806
-5864
-6553
-7527
-7406
-7389
-8044
-7906
-7476
-7639
-8087
-7945
-7353
-6937
-6549
-6027
-5738
-5529
-4732
-3864
-3260
-2881
-2258
-1719
-1363
-697
-206
374
971
1112
1197
1511
1874
2381
2603
2761
2915
2734
3144
3817
3877
4029
4139
4244
4648
4920
5203
6017
6055
5920
6468
7278
7810
8412
7244
5994
5334
5499
7702
8475
5395
2754
2139
3537
4408
2726
722
-317
-1207
-1976
-2924
-3876
-3670
-4489
-6491
-8108
-8884
-8712
-8594
-9175
-9646
-10624
-11883
-11861
-10742
-9860
-9639
-10496
-10666
-10143
-9255
-8342
-7465
-6987
-6773
-6828
-6581
-5454
-4395
-3812
-3624
-3547
-3343
-3072
-2529
-1466
-654
-979
-1468
-1477
-889
-483
-878
-1071
-887
-1096
-1842
-2720
-2979
-1939
-1560
-2794
-3818
-4475
-4518
-3834
-3688
-4079
-5205
-6269
-6292
-6077
-5872
-5823
-6771
-7522
-7391
-7241
-7064
-6860
-6484
-6324
-6778
-6766
-5793
-4963
-4436
-3768
-3592
-3550
-3172
-2117
-1019
-545
-391
-532
-264
591
1383
1614
1645
1841
1886
1843
2029
2610
2994
2995
2829
2886
2983
3387
3943
3781
3995
4865
4774
4412
4773
5690
6592
7169
6948
7512
6742
5655
6042
6452
7362
7941
6005
4165
3372
4238
5696
4989
2916
1928
1220
577
701
311
252
-706
-2573
-3523
-3598
-3437
-3293
-3940
-4827
-5381
-6115
-6437
-5721
-5247
-5038
-6055
-6719
-6393
-5643
-5064
-4521
-4429
-4563
-4601
-4501
-3478
-2541
-2108
-2051
-2091
-1971
-1445
-739
-120
498
382
55
126
710
1497
1416
1024
1000
586
380
813
577
473
-227
-1860
-1686
-1171
-1678
-2427
-3375
-3946
-3936
-4447
-4847
-5182
-5638
-5632
-6216
-6725
-6287
-6236
-6490
-6422
-6217
-6166
-6209
-5810
-4695
-4217
-4310
-3838
-3195
-2507
-1709
-1073
-630
-72
414
726
981
1625
2564
2571
2564
2965
2985
3102
3818
4108
3757
3803
4135
4444
4535
4687
4946
5004
4998
5631
5861
5994
6313
6390
6842
7862
7708
7914
8451
7295
6419
6405
7412
8818
7692
5433
4757
4305
5361
5856
4446
2770
2080
1367
1388
672
225
8
-1202
-2268
-2795
-3353
-3167
-3157
-3736
-4440
-5207
-5959
-5534
-5110
-4705
-5110
-6018
-6062
-5610
-5041
-4631
-4379
-4372
-4144
-4127
-3780
-2980
-2395
-2093
-1945
-1880
-1747
-1253
-537
232
438
158
232
452
1126
1483
1146
1126
1502
1130
739
728
753
-47
-1284
-609
-146
-1658
-2367
-2937
-3433
-3019
-3034
-4024
-5425
-5518
-4702
-5122
-6223
-5531
-5414
-6481
-6504
-5477
-5053
-5511
-5146
-4251
-4190
-4180
-3179
-2218
-1837
-1241
-854
-444
340
1149
1771
2060
2252
2654
3081
3322
4034
4326
4150
4180
4454
4873
5095
5203
5577
5772
5707
5860
6068
6746
7195
7134
7360
7606
7638
8277
8939
9342
9805
10545
9587
8124
8359
8917
9968
10527
8787
7207
6201
6353
7993
7775
5826
4450
3802
3384
3302
2771
2657
1858
486
-342
-960
-1090
-656
-1005
-1713
-2515
-3347
-3723
-3104
-2621
-2222
-3054
-3978
-3970
-3163
-2420
-2112
-2043
-2118
-2100
-2019
-1310
-511
47
211
41
69
457
1076
1819
2385
2441
2047
2073
2470
3197
3558
3189
2933
2887
2886
2694
1866
1837
2437
1459
453
170
-421
-536
-586
-1220
-1994
-2816
-3133
-3271
-3764
-3610
-3744
-4807
-5166
-4823
-4617
-4711
-4709
-4232
-4204
-4513
-3915
-2907
-2552
-2181
-1730
-1328
-708
-151
524
1285
1819
2126
2242
2651
3316
3862
4256
4368
4246
4542
4841
5118
5804
5910
5395
5368
5908
6316
6511
6846
6924
6716
7031
7731
7586
7948
8908
9076
8697
8954
10058
11148
9396
8097
8601
8792
9985
10514
8159
6312
6261
7420
7640
6149
4999
4498
3390
3019
2784
1897
1593
975
39
-903
-1697
-1889
-1602
-1918
-2453
-3285
-4281
-4227
-3533
-3359
-3478
-4090
-4489
-4307
-3805
-3347
-2896
-2923
-2865
-2740
-2549
-1996
-1369
-812
-558
-576
-644
-143
552
1204
1687
1506
1275
1534
1961
2494
2856
2931
1902
1387
1840
2256
2481
1868
181
-655
-158
584
-228
-1334
-2122
-2698
-2911
-3006
-3183
-4017
-4605
-4722
-4973
-5513
-5362
-5122
-5388
-5510
-5452
-5286
-5359
-4827
-3802
-3709
-3869
-3323
-2544
-1961
-1217
-765
-270
199
615
1193
1524
2083
2610
2752
2795
3117
3323
3801
3934
4095
4458
4277
4330
4960
5211
5118
5410
5584
5226
5699
6772
6427
5884
6670
7578
7770
7696
8145
9201
8208
7069
7320
7342
8015
9074
7683
5558
4589
5534
6641
5745
4336
3543
2525
2033
2158
1652
1190
437
-523
-1152
-1936
-2162
-1820
-2117
-2671
-3368
-4252
-4449
-3782
-3477
-3380
-3984
-4504
-4529
-3974
-3317
-2846
-2953
-3021
-2828
-2629
-2033
-1474
-1096
-777
-774
-731
-387
191
839
1364
1267
1101
1277
1639
2217
2567
2480
1769
1671
1935
1977
1897
1829
593
-1098
-362
761
-497
-1492
-2174
-3173
-3214
-2794
-2916
-4300
-5312
-4700
-4922
-6116
-5519
-5062
-5887
-6411
-5958
-5393
-5809
-5618
-4291
-4194
-4725
-3966
-3033
-2610
-1971
-1330
-747
-613
-234
722
1185
1285
1930
2523
2368
2527
3094
3500
3560
3830
4130
3791
3735
4595
5149
4816
4464
4867
5498
5661
5963
6156
5867
6305
7500
7950
7613
7953
9224
8742
7281
6949
7655
8976
9473
7857
6152
5290
6315
7522
6608
5089
4240
3674
3157
2939
2402
2220
1366
131
-550
-1272
-1468
-1298
-1591
-2203
-2923
-3798
-3974
-3370
-2954
-2738
-3639
-4082
-3948
-3501
-2904
-2571
-2492
-2534
-2556
-2416
-1636
-1005
-580
-293
-277
-132
202
853
1553
2063
2255
2090
2143
2688
3381
3692
3783
3397
3061
3056
3455
3090
2262
2458
2137
979
747
206
-557
-768
-1187
-2052
-3260
-3788
-3543
-4237
-5003
-4925
-5559
-6364
-6464
-6034
-6056
-6629
-6549
-6118
-6340
-6247
-5392
-5024
-4958
-4525
-3947
-3430
-3122
-2227
-1452
-1394
-968
-295
3
219
1021
1523
1493
1561
2136
2359
2503
2874
3087
3314
3357
3453
3789
4151
4236
4394
4596
4875
5208
5253
5434
6077
6454
6532
7254
7620
7975
7617
6276
5967
6701
8009
8155
6186
4807
4283
4784
5686
5128
3532
2506
1952
1374
1228
826
684
-303
-1513
-2112
-2579
-2869
-2797
-2803
-3465
-4248
-5031
-5179
-4568
-4171
-3959
-4733
-5247
-5182
-4580
-4051
-3511
-3435
-3564
-3458
-3393
-2729
-1953
-1484
-1326
-1336
-1194
-904
-314
357
959
961
730
795
1287
1902
2398
2303
1659
1675
1510
1687
2111
1568
1066
519
-363
-790
-682
-328
-1009
-2403
-3268
-3643
-3711
-3486
-3859
-4842
-5562
-5854
-5746
-5773
-5650
-5447
-5921
-6408
-6054
-5501
-5148
-4663
-4204
-4030
-4054
-3540
-2436
-1788
-1313
-883
-638
-359
335
968
1332
1741
1984
2054
2028
2439
2846
3195
3381
3284
3221
3460
3731
4079
4557
4510
4216
4409
5212
5680
5412
5589
6545
6977
6868
7302
8248
8138
6999
6560
6384
7278
8831
7746
5425
4422
4671
6033
5801
4373
3161
2657
1877
1675
1400
979
631
-562
-1612
-1944
-2133
-2249
-2401
-2619
-3182
-4116
-4857
-4215
-3677
-3523
-3857
-4725
-4708
-4242
-3694
-3269
-2838
-3012
-3083
-2916
-2418
-1705
-1270
-928
-889
-728
-539
-127
509
1227
1467
1057
1111
1445
2052
2503
2665
2377
1834
1752
2011
2259
2149
1619
807
-779
-781
830
324
-1453
-2385
-3232
-3358
-3080
-2827
-3754
-5496
-5579
-5100
-5814
-5880
-5218
-5631
-6528
-6625
-5716
-5547
-5717
-4635
-4083
-4742
-4579
-3307
-2440
-2057
-1470
-785
-648
-598
487
1462
1660
1759
2055
2366
2588
3082
3546
3633
3634
3867
4033
4034
4129
4852
5197
4679
4690
5332
5384
5813
6459
6318
6141
6690
7614
7776
7975
9243
8636
6489
6754
7333
8065
9130
7984
5872
4597
4768
6612
6507
4762
3533
2859
1895
2106
1914
1651
964
-406
-1137
-1756
-2088
-1573
-1783
-2390
-2863
-3838
-4507
-3791
-3239
-2828
-3359
-4351
-4511
-3862
-3097
-2675
-2530
-2638
-2622
-2791
-2033
-1206
-757
-438
-470
-656
-314
328
928
1666
1919
1437
1277
1591
2410
3029
3044
2722
2081
1798
2308
2710
2538
1626
492
63
147
566
220
-1139
-2124
-2452
-2727
-3020
-3178
-3657
-4479
-4998
-5275
-5427
-5610
-5474
-5474
-5889
-6218
-5927
-5649
-5291
-4632
-4410
-4473
-4274
-3560
-2580
-2010
-1613
-1048
-761
-349
383
864
1478
1807
1884
2283
2420
2648
3126
3557
3649
3453
3309
3835
4182
4257
4704
4591
4319
4674
5044
5344
5591
5951
5995
5952
6461
7348
7773
8168
8486
6812
6097
7036
7645
8239
7693
6144
5437
4585
5228
6018
5012
3884
3420
1967
1343
1698
1703
1359
106
-1092
-1525
-2060
-1960
-1583
-2029
-2738
-3555
-4347
-3962
-3324
-3229
-3199
-3885
-4324
-4210
-3694
-3034
-2395
-2536
-2698
-2790
-2576
-1641
-950
-572
-376
-651
-630
-60
755
1471
1691
1440
1297
1498
1865
2616
2957
2927
2704
2378
2411
2749
2803
-58
-449
2949
2190
-568
-1246
-2198
-1619
-1103
-1205
-2837
-5230
-4626
-3230
-4796
-5328
-4386
-5432
-7019
-6802
-5052
-5376
-6885
-5610
-4624
-5931
-6155
-4163
-3276
-3608
-3251
-2506
-2503
-2088
-372
386
219
98
776
1158
1417
2593
2893
2165
2044
2967
3153
2890
2954
3671
3677
2966
3255
3560
3608
4143
4211
3952
4246
4195
4096
4894
5723
5850
5853
5842
6764
6635
5382
5762
5921
6100
6949
5709
4227
4229
4086
4566
4352
3122
2362
1565
780
1239
673
-206
-713
-1588
-1997
-2436
-3197
-3036
-3012
-3693
-4238
-4974
-5114
-4467
-4581
-4657
-4851
-5239
-5295
-5015
-4587
-4081
-4072
-4432
-4198
-3858
-3385
-3049
-2854
-2522
-2528
-2589
-2268
-1743
-1388
-1108
-1100
-1336
-1203
-884
-567
-428
-399
-779
-1371
-1531
-1116
-1151
-1733
-2231
-2690
-3767
-4922
-4256
-3383
-4542
-6197
-7122
-7546
-7357
-6770
-7137
-8790
-9689
-9292
-9288
-9827
-9367
-8964
-9926
-10861
-10045
-9139
-9330
-8947
-8046
-8058
-8541
-7958
-6382
-5653
-5359
-4722
-4632
-4599
-3536
-2404
-2053
-2025
-1775
-1558
-1518
-934
-175
-112
-321
-5
90
154
345
787
1524
1363
981
899
1177
2068
2562
2461
2248
2567
2945
3472
4315
5102
4626
2938
2792
3549
3962
4852
4188
2327
1577
1516
1978
1935
1249
499
-334
-1679
-1845
-1879
-2223
-2508
-3302
-4227
-5039
-5532
-5087
-4598
-4954
-5689
-6430
-6868
-6076
-5644
-5503
-5460
-5857
-6181
-6097
-5385
-4697
-4445
-4675
-4599
-4463
-4280
-3763
-3198
-2648
-2600
-2965
-2884
-2352
-1915
-1412
-1253
-1538
-1666
-1488
-1141
-700
-403
-482
-1224
-2039
-1214
-411
-1308
-1871
-1796
-2321
-2593
-2896
-3146
-3266
-3749
-3954
-4677
-5667
-5352
-5026
-5739
-6239
-6495
-6772
-7140
-7078
-6278
-6352
-7247
-7101
-6485
-6353
-5920
-5394
-5023
-4838
-4520
-3795
-3164
-2552
-1849
-1336
-1147
-702
-6
587
1009
1371
1895
2086
1994
2483
3181
3333
3484
3521
3576
3877
4215
4602
4718
4928
5047
5306
5788
6034
6015
6313
6904
7173
7408
8154
8373
8964
9342
7746
7143
8011
8501
9197
8600
6784
6245
5885
6222
6638
5680
4566
3827
2575
2308
2529
2109
1515
375
-658
-1016
-1729
-1751
-1310
-1885
-2971
-3649
-4252
-3859
-3429
-3573
-3663
-4288
-4737
-4608
-4131
-3598
-3322
-3665
-3753
-3632
-3418
-2713
-2271
-2068
-1993
-2168
-2098
-1622
-1020
-535
-367
-674
-758
-521
-271
282
400
302
-488
-1316
-861
38
-250
-1359
-2299
-2881
-3204
-3050
-2911
-3745
-5148
-5852
-6260
-6692
-6653
-6685
-7669
-8853
-9120
-8993
-9216
-9301
-8976
-9108
-9992
-10079
-9211
-8670
-8303
-7812
-7615
-7589
-7077
-5955
-4907
-4363
-3840
-3381
-3199
-2427
-1347
-781
-388
-70
177
506
769
1308
1948
2221
2072
2127
2421
2640
2931
3510
3762
3548
3544
3996
4603
5121
5384
5254
5503
6458
6986
7388
7780
8321
7481
6547
7256
7283
7706
8531
7023
5890
5464
5226
6031
5872
4820
4124
2812
1829
2428
2186
1447
745
-151
-794
-1488
-1854
-1421
-1542
-2228
-2876
-3693
-3852
-3069
-3175
-3021
-3131
-3789
-3909
-3460
-2915
-2311
-2180
-2365
-2231
-2085
-1581
-883
-337
20
-146
-152
315
893
1463
1986
2088
1935
2136
2308
2736
3328
3468
3380
3057
3012
3236
3670
2263
187
1934
3908
1897
-616
-1664
-845
-15
-377
-1131
-3707
-4887
-3216
-2752
-4334
-4856
-4771
-5573
-6647
-5783
-4357
-5619
-6406
-5139
-4731
-5702
-5541
-3519
-2714
-3316
-3261
-2359
-1935
-995
158
522
334
425
1432
1955
2281
2803
3051
2575
2718
3499
3896
3702
3815
4288
3980
3771
4241
4803
5055
5014
5019
5036
5123
5829
6633
6456
6678
7555
7601
8070
8519
7002
6948
7684
7623
8238
7438
5763
5938
6020
5739
5324
4604
4327
3578
2271
2173
2044
1304
1031
62
-738
-1036
-1749
-1843
-1755
-2387
-2784
-3368
-4103
-3539
-3297
-3660
-3675
-3890
-3956
-3973
-3712
-3149
-2983
-3062
-2803
-2730
-2502
-1944
-1669
-1229
-943
-1095
-943
-361
213
614
766
674
878
1214
1535
1779
2041
2189
2166
1737
1504
2011
1898
1825
1103
58
-67
-620
-378
141
-1546
-2745
-3080
-3438
-3355
-3562
-4204
-4964
-5870
-5888
-5592
-6159
-5982
-5997
-6701
-6993
-6707
-6127
-5841
-5720
-5395
-5132
-5299
-4599
-3426
-2945
-2503
-2210
-2039
-1521
-614
-131
235
382
590
971
1163
1521
1934
2117
2115
2313
2360
2607
2998
3135
3501
3644
3431
3749
4385
5010
4915
4669
5374
6203
6325
7098
7362
7697
8232
7239
6477
6969
7720
8740
7903
5737
5509
5625
5840
6259
5351
4128
3563
2493
2417
2553
1995
1438
430
-574
-679
-1246
-1459
-1125
-1583
-2495
-3075
-3640
-3172
-2792
-2854
-2911
-3497
-3816
-3401
-2941
-2504
-2093
-2335
-2323
-2124
-1809
-1115
-604
-421
-173
-227
-146
494
1057
1584
1815
1564
1696
2029
2385
2845
3137
3109
3081
2815
2832
3231
2369
2074
1974
1314
1458
1056
135
-118
-1081
-1161
-1507
-2280
-2667
-2986
-3741
-3846
-4177
-4674
-4908
-5279
-5162
-5233
-5595
-5437
-5179
-5093
-4903
-4421
-4159
-3689
-3397
-2806
-2017
-1681
-1205
-526
88
533
1058
1302
1933
2390
2565
3015
3065
3152
3558
3917
3946
4215
4141
4125
4461
4632
4920
5044
5102
5401
5470
5458
6042
6282
6610
7329
7170
7347
8316
8860
9093
8039
7179
7651
8328
9295
8654
6600
6143
6446
6575
6429
5667
4858
4392
3242
2677
2739
2181
1795
1013
-94
-708
-1183
-1487
-1325
-1458
-2249
-3105
-3799
-3375
-2892
-3113
-3203
-3543
-3932
-3806
-3475
-3055
-2529
-2575
-2744
-2627
-2378
-1779
-1210
-963
-697
-763
-685
-216
394
949
1235
1090
1115
1460
1735
2158
2482
2574
2498
2438
2056
1885
2543
2683
1955
1047
319
-605
-883
282
240
-1963
-3373
-3945
-3907
-3699
-3794
-4521
-6162
-7280
-6772
-6574
-7032
-6828
-7058
-8055
-8611
-7936
-6896
-6821
-6720
-6162
-6346
-6630
-5365
-3810
-3254
-3100
-2944
-2514
-2043
-1148
-36
419
80
154
598
811
1420
1988
2043
1712
1684
2003
2265
2476
2930
3187
2848
2699
3006
3568
3956
4243
4738
4476
4374
5740
7000
6639
6625
6419
5589
5801
6556
7326
7193
5527
4869
5015
4765
4778
4725
4050
3102
1875
1251
1457
1071
860
66
-1307
-1852
-2175
-2661
-2441
-2346
-3207
-4117
-4762
-4658
-4086
-4205
-4094
-4482
-4921
-4970
-4655
-4092
-3527
-3482
-3756
-3626
-3537
-3009
-2299
-1936
-1660
-1668
-1786
-1489
-818
-200
177
47
10
143
438
919
1294
1431
1400
1028
226
225
1067
1414
737
-784
-1683
-1202
-957
-1219
-1937
-3257
-3938
-4021
-4344
-4759
-5283
-5562
-6084
-7132
-7371
-6929
-7140
-7282
-7259
-7515
-7809
-7747
-6899
-6062
-6094
-6051
-5607
-5124
-4412
-3471
-2721
-2312
-1955
-1523
-849
-107
618
989
1089
1366
1765
2020
2386
2781
3017
3154
2998
3009
3431
3768
3976
4180
4246
4154
4094
4520
5061
5447
5659
5611
5825
6645
6919
7157
8476
7968
6012
6449
7064
7511
8499
7291
5628
5058
5066
5965
5838
4676
3965
3193
2032
2257
2171
1797
1292
143
-515
-1215
-1625
-1100
-950
-1861
-2512
-3244
-3725
-3014
-2680
-2626
-2954
-3544
-3699
-3496
-2875
-2230
-1955
-2243
-2305
-2321
-1669
-960
-642
-263
-276
-631
-401
422
1007
1368
1508
1291
1259
1529
1971
2549
2813
2556
2412
2240
2340
2799
2800
2748
317
-1104
1699
2257
-73
-1211
-2235
-2331
-2067
-2086
-2793
-4703
-5366
-4077
-5174
-6590
-5694
-5533
-6784
-7507
-6795
-6343
-7457
-7161
-5304
-5870
-7244
-6134
-4585
-4216
-4113
-3424
-2772
-2705
-1941
-677
-182
-122
396
951
1267
1649
2103
2586
2620
2833
3292
3359
3260
3875
4469
4262
4074
4378
4716
5001
5255
5513
5845
5924
6015
6652
7421
8080
8180
8534
8048
6963
7268
7774
8106
8806
7475
5744
5228
5534
6266
5850
4618
3612
2711
1728
2030
2055
1261
389
-622
-1363
-1859
-2134
-1894
-1979
-2790
-3618
-4236
-4606
-3807
-3489
-3648
-4159
-4583
-4716
-4249
-3598
-3215
-2954
-3353
-3406
-3226
-2596
-1818
-1488
-1399
-1402
-1402
-1234
-454
170
565
523
147
323
756
1173
1669
1812
1472
1189
1244
1319
1430
1358
777
599
458
-177
-702
-1654
-2226
-1430
-1804
-3347
-4448
-5110
-4968
-4719
-5108
-5873
-7178
-7593
-6989
-6989
-7061
-7105
-7576
-7914
-7868
-7059
-6518
-6566
-6143
-5636
-5721
-5434
-4375
-3372
-2912
-2889
-2448
-2066
-1691
-632
185
125
-42
314
680
1003
1555
2029
1789
1483
1824
2012
2374
2771
2823
2839
2778
2783
3434
3920
4057
4624
4732
4783
5360
6051
6700
7362
7218
5792
5558
6386
7120
7920
6977
5516
4942
4848
5710
5739
4979
4218
3317
2318
2460
2504
2175
1820
686
-85
-600
-870
-726
-515
-946
-1746
-2451
-2875
-2152
-1727
-1723
-2036
-2582
-2664
-2392
-1839
-1433
-1075
-1304
-1270
-1185
-926
-198
333
639
589
547
726
1337
1952
2447
2582
2406
2393
2700
3167
3634
3886
3838
3643
3562
3526
3563
3682
3838
3290
2050
1721
1874
1677
1609
847
-362
-1038
-1311
-1239
-1666
-2492
-2845
-3380
-4168
-4125
-4014
-4255
-4618
-4872
-4878
-5069
-5048
-4332
-3975
-4129
-3883
-3576
-3257
-2543
-1821
-1266
-1076
-978
-346
329
869
1362
1544
1614
1851
2037
2329
2686
2904
2979
2958
2831
2959
3246
3558
3618
3618
3774
3786
4047
4240
4567
5155
5395
5271
5312
6088
7004
7361
7685
8251
7217
6257
7110
7751
8258
8266
6794
5773
5521
5860
6512
5822
4599
4001
3096
2369
2564
2409
1872
860
-180
-682
-1216
-1329
-838
-1223
-2220
-2915
-3400
-3193
-2645
-2700
-2915
-3264
-3660
-3656
-3293
-2656
-2157
-2298
-2639
-2606
-2200
-1577
-1126
-796
-622
-776
-805
-259
431
944
1114
995
913
1204
1656
2079
2429
2521
2265
2098
1892
1665
1905
2407
2415
1440
47
-334
-136
145
199
-1050
-2589
-3182
-3095
-3058
-3341
-3900
-4446
-5506
-6098
-5611
-5467
-5761
-6018
-6362
-6749
-6877
-6376
-5548
-5403
-5584
-5542
-5463
-4929
-4019
-3282
-2931
-2805
-2708
-2185
-1371
-554
-70
94
290
443
781
1416
1937
2227
2266
2023
2197
2756
3130
3451
3461
3444
3532
3762
4160
4612
4916
5104
5402
5595
5868
6258
7070
8097
8236
7650
6340
6526
7572
7964
8247
7245
5863
5610
5543
5689
5853
5395
4375
3198
2090
2359
2746
2053
1362
384
-431
-1055
-1408
-1166
-761
-1457
-2584
-3320
-3431
-2759
-2629
-2852
-3009
-3475
-3804
-3669
-2983
-2445
-2269
-2666
-2697
-2496
-2154
-1519
-1046
-643
-716
-995
-834
-63
749
1045
1030
926
1066
1355
1798
2371
2669
2516
2235
2158
1939
1953
2552
2782
2239
1211
169
123
541
666
188
-1247
-2362
-2461
-2531
-2685
-2897
-3455
-4220
-5081
-5250
-4748
-4748
-5075
-5274
-5605
-5805
-5632
-4962
-4201
-4189
-4370
-4171
-3843
-3055
-2189
-1553
-1239
-1275
-889
-227
221
998
1643
1488
1320
1681
2217
2555
2802
3036
2854
2584
2923
3348
3571
3918
3979
3982
3925
3978
4669
5169
5240
5559
5638
5651
6403
7130
7519
7944
8191
7024
6191
7032
7855
8279
7659
6248
5798
5533
5446
5810
5633
4694
3592
2410
2145
2530
2299
1579
515
-227
-560
-1192
-1409
-928
-1144
-2132
-3015
-3384
-2911
-2548
-2660
-2788
-3135
-3551
-3547
-3070
-2551
-2109
-2309
-2581
-2459
-2113
-1504
-1038
-667
-519
-663
-733
-197
714
1221
1243
1160
1287
1531
1904
2364
2899
2994
2658
2551
2505
2215
2665
3199
2815
2138
1156
401
632
1416
1455
-169
-1670
-1921
-1820
-1778
-1874
-2476
-3479
-4315
-4374
-3992
-3953
-4083
-4281
-4829
-5165
-4837
-4256
-3776
-3462
-3341
-3444
-3522
-2782
-1580
-954
-770
-708
-484
60
726
1575
2109
2043
1965
2304
2576
2943
3484
3710
3562
3297
3480
3831
4097
4552
4765
4518
4386
4450
4930
5653
5887
6165
6430
6383
6487
7293
8352
8720
8504
7585
6944
7250
7911
8918
8469
6761
5950
5762
5948
6153
5965
5164
3970
2809
2674
2863
2479
2205
1407
284
-386
-748
-709
-402
-570
-1486
-2396
-2951
-2483
-2086
-2135
-2229
-2701
-3182
-3232
-2693
-2040
-1701
-1954
-2123
-2079
-1902
-1296
-643
-283
-283
-478
-460
-3
703
1303
1490
1319
1324
1488
1903
2384
2913
2976
2662
2407
2573
2459
2003
2637
3030
2196
892
-230
181
1190
1009
-319
-1859
-2582
-2221
-1924
-2406
-2987
-3840
-4546
-4908
-4811
-4395
-4523
-5107
-5462
-5454
-5465
-5249
-4567
-4016
-3959
-4443
-4395
-3571
-2551
-2016
-1700
-1588
-1548
-1014
-313
385
801
847
834
1006
1275
1749
2231
2386
2358
2180
2115
2451
2940
3267
3363
3221
3129
3355
3743
4159
4372
4792
5019
4885
5116
5957
6865
7494
7193
5709
5712
6402
6646
7675
7115
5249
4806
4776
4910
5261
4831
3815
2871
1789
1706
1853
1389
1080
178
-864
-1461
-1905
-1801
-1424
-1906
-2758
-3595
-4204
-3687
-3283
-3535
-3588
-4145
-4624
-4567
-4108
-3639
-3325
-3527
-3704
-3778
-3521
-2783
-2375
-2028
-1981
-2113
-2050
-1468
-825
-382
-133
-256
-290
-30
419
931
1375
1470
1210
1157
1286
1140
1193
1579
1568
1024
12
-782
-518
-46
-33
-1104
-2420
-3001
-3008
-2860
-3051
-3705
-4469
-5148
-5592
-5426
-5232
-5386
-5776
-6195
-6356
-6386
-6092
-5472
-5224
-5287
-5367
-5333
-4741
-3884
-3365
-3010
-2910
-2907
-2386
-1779
-1072
-618
-612
-659
-585
-277
332
612
577
634
470
678
956
1072
1390
1769
1534
1291
1725
2155
2388
2614
2870
2878
3040
3746
4162
4502
5175
5451
4675
3863
4279
4881
5533
5401
4183
3456
3207
3304
3753
3374
2697
2136
1130
357
739
862
415
-526
-1326
-1758
-2084
-2251
-2031
-2169
-2780
-3415
-4059
-3879
-3340
-3432
-3556
-3764
-4075
-4210
-3973
-3415
-2837
-2913
-3230
-3195
-2902
-2290
-1812
-1503
-1349
-1360
-1336
-889
-209
279
515
478
507
775
1139
1493
1929
2135
1999
1878
1896
1980
1786
1753
2039
1890
1272
277
-265
234
588
24
-1183
-2179
-2488
-2328
-2379
-2769
-3454
-4150
-4649
-4800
-4585
-4457
-4738
-5215
-5390
-5381
-5232
-4927
-4485
-4168
-4274
-4452
-4104
-3294
-2572
-2184
-1984
-1834
-1559
-1025
-377
164
487
503
535
778
1197
1576
1674
1895
1899
1696
1792
2137
2542
2846
2840
2509
2561
2951
3338
3722
3804
3795
4001
4510
4928
5036
5657
6199
6401
6037
4913
5095
6403
6602
6138
5234
4668
4722
4548
4487
4324
3781
3195
2459
1492
1557
1789
1329
412
-521
-826
-1025
-1516
-1676
-1450
-1989
-2918
-3376
-3328
-2933
-3041
-3362
-3575
-3751
-3838
-3706
-3415
-2977
-2898
-3220
-3158
-2889
-2489
-2091
-1777
-1609
-1538
-1589
-1361
-706
-117
3
-21
44
306
636
961
1244
1507
1488
1291
1367
1514
1380
1144
1158
1250
893
-213
-742
-231
-12
-578
-1675
-2452
-2675
-2630
-2699
-3112
-3914
-4308
-4635
-4995
-4875
-4752
-5012
-5518
-5759
-5408
-5322
-5320
-4858
-4428
-4582
-4703
-4274
-3484
-2947
-2706
-2387
-2165
-1903
-1345
-694
-264
-22
76
289
444
803
1218
1367
1372
1494
1660
1684
1842
2180
2518
2525
2273
2381
2830
3060
3232
3437
3550
3642
3939
4597
4774
4685
5245
5845
6113
5843
4930
5101
6083
6305
5959
4888
4419
5115
5135
4341
3753
3576
3613
2934
1901
1860
1891
1335
778
83
-138
-274
-960
-1262
-1082
-1410
-2118
-2658
-2623
-2129
-2460
-3014
-3069
-2865
-2824
-3030
-2984
-2575
-2410
-2581
-2409
-2116
-1877
-1662
-1546
-1237
-985
-794
-672
-276
165
360
373
529
849
1112
1279
1407
1632
1731
1610
1666
1824
1683
1302
1158
1309
1214
760
21
-339
-145
-235
-938
-1492
-1884
-2136
-2386
-2680
-2947
-3274
-3777
-3996
-4017
-4099
-4146
-4343
-4444
-4297
-4332
-4232
-4025
-3788
-3382
-3280
-3166
-2701
-2207
-1843
-1464
-1115
-839
-592
-225
311
732
760
868
1121
1362
1619
1738
1808
1937
2128
2223
2163
2308
2759
2895
2752
2770
3015
3232
3449
3609
3691
3821
4012
4404
4631
4713
5023
5346
5612
5996
5483
4758
5318
6089
6033
5180
4269
4558
5060
4773
4103
3525
3193
3281
2812
2022
1804
1721
1373
636
82
91
-188
-784
-987
-989
-1475
-2014
-2283
-2119
-1972
-2422
-2719
-2788
-2680
-2657
-2684
-2621
-2346
-2273
-2368
-2259
-1953
-1599
-1480
-1361
-1067
-918
-779
-567
-98
168
274
320
573
900
1127
1305
1386
1583
1704
1659
1658
1654
1445
1222
1135
1068
831
533
71
-392
-441
-563
-1095
-1451
-1872
-2146
-2454
-2715
-2807
-3140
-3583
-3730
-3769
-3933
-4086
-4091
-3984
-4027
-4061
-3799
-3603
-3508
-3231
-2876
-2718
-2498
-2211
-1806
-1424
-1200
-860
-548
-283
-4
291
545
678
788
1018
1248
1292
1441
1655
1709
1771
1919
1999
2183
2257
2335
2517
2612
2703
2791
2997
3157
3153
3297
3705
3837
3891
4114
4445
4736
4798
4274
4054
4529
5149
5042
3951
3352
3855
4105
3949
3279
2659
2627
2430
1979
1711
1489
1207
736
177
24
-19
-632
-886
-862
-1016
-1566
-2179
-2129
-1703
-1841
-2377
-2613
-2489
-2353
-2394
-2347
-2121
-2055
-2188
-2100
-1757
-1473
-1348
-1213
-1018
-784
-664
-505
-125
260
379
374
508
948
1198
1243
1378
1588
1658
1674
1680
1763
1676
1422
1438
1379
1195
831
437
278
209
-65
-444
-916
-1170
-1279
-1668
-2041
-2207
-2416
-2808
-3161
-3252
-3222
-3512
-3790
-3808
-3789
-3910
-3983
-3793
-3604
-3563
-3560
-3306
-3102
-2914
-2644
-2343
-2159
-1968
-1650
-1354
-1080
-864
-571
-429
-253
65
312
392
472
760
972
1126
1245
1348
1575
1756
1862
2065
2132
2211
2403
2572
2779
2928
2943
3126
3299
3419
3729
3978
4065
4234
4067
3698
3832
4479
4642
4162
3525
3260
3477
3577
3449
3198
2698
2162
1984
1879
1784
1617
1076
509
337
292
64
-386
-552
-516
-932
-1516
-1725
-1558
-1482
-1741
-2062
-2142
-2138
-2239
-2074
-1921
-1907
-1982
-1974
-1863
-1647
-1384
-1341
-1309
-1136
-919
-925
-803
-384
-170
-231
-206
-64
94
136
397
522
497
388
345
440
307
159
149
105
-51
-484
-804
-993
-976
-1013
-1444
-1885
-2215
-2261
-2451
-2583
-2766
-2992
-3360
-3602
-3549
-3492
-3587
-3832
-3817
-3808
-3840
-3789
-3562
-3405
-3342
-3235
-3132
-2909
-2634
-2318
-2077
-1916
-1725
-1557
-1216
-919
-730
-581
-503
-349
-195
53
147
324
426
446
504
569
805
866
908
987
1132
1209
1174
1336
1405
1524
1608
1685
1749
1709
1823
2080
2263
2162
2261
2425
2427
2309
2369
2426
2430
2489
2272
1905
1802
1961
1927
1483
1236
1159
1040
781
584
497
258
-127
-326
-521
-770
-991
-1173
-1273
-1512
-1832
-2051
-2121
-2037
-2091
-2395
-2530
-2475
-2515
-2556
-2528
-2409
-2435
-2456
-2413
-2282
-2074
-1988
-1918
-1863
-1661
-1581
-1498
-1267
-1109
-1036
-958
-905
-730
-519
-508
-614
-734
-744
-631
-500
-527
-852
-1148
-1122
-1087
-1178
-1331
-1614
-1875
-1956
-2064
-2233
-2303
-2504
-2651
-2835
-3006
-2974
-3044
-3116
-3143
-3142
-3235
-3245
-3090
-2984
-2924
-2945
-2832
-2776
-2597
-2385
-2198
-2053
-1986
-1824
-1588
-1344
-1181
-1040
-867
-698
-590
-481
-277
-117
31
111
166
327
451
575
734
798
817
918
979
1139
1235
1237
1230
1246
1309
1396
1449
1436
1510
1568
1601
1627
1578
1656
1790
1804
1965
1867
1689
1728
1681
1801
1878
1711
1499
1325
1361
1587
1397
1102
1051
928
655
593
452
351
319
92
-231
-470
-434
-373
-579
-830
-951
-1077
-1166
-1183
-1177
-1212
-1342
-1445
-1431
-1447
-1466
-1356
-1342
-1374
-1309
-1318
-1326
-1209
-1023
-992
-1020
-1110
-996
-902
-843
-799
-799
-818
-860
-841
-801
-743
-837
-895
-896
-973
-1082
-1004
-971
-1023
-1111
-1212
-1256
-1309
-1331
-1297
-1337
-1521
-1510
-1505
-1485
-1500
-1550
-1537
-1588
-1551
-1494
-1446
-1438
-1352
-1280
-1289
-1246
-1201
-1085
-907
-860
-822
-773
-664
-497
-386
-305
-250
-234
-125
37
110
175
183
337
430
480
612
676
727
774
724
854
927
961
1062
1049
1123
1177
1195
1151
1238
1293
1302
1334
1292
1339
1367
1409
1398
1372
1461
1454
1473
1403
1390
1514
1553
1567
1429
1342
1414
1477
1474
1402
1392
1363
1364
1309
1194
1240
1166
1083
937
801
752
676
549
464
369
198
102
-26
-89
-218
-383
-527
-594
-603
-725
-893
-911
-967
-1092
-1216
-1227
-1252
-1261
-1283
-1342
-1388
-1387
-1313
-1256
-1289
-1297
-1138
-1193
-1241
-1095
-964
-966
-931
-831
-809
-790
-674
-648
-606
-524
-449
-434
-426
-296
-238
-222
-263
-263
-182
-106
-95
-120
-105
-80
-35
43
0
8
82
84
27
-25
102
141
123
156
132
102
131
157
180
180
181
193
211
276
308
387
421
462
519
555
579
592
659
799
776
739
734
775
874
890
841
794
876
956
926
902
852
804
780
789
742
647
721
703
619
485
418
496
492
372
273
266
226
179
135
91
-70
-114
-20
-78
-235
-269
-237
-264
-289
-381
-451
-444
-407
-448
-539
-543
-557
-659
-677
-639
-631
-709
-741
-789
-778
-733
-726
-757
-834
-874
-863
-815
-906
-957
-935
-964
-1006
-1019
-1004
-1019
-1004
-997
-986
-1001
-1055
-1081
-1056
-1042
-1057
-1060
-1168
-1181
-1064
-1075
-1125
-1126
-1060
-1008
-938
-947
-934
-900
-893
-812
-805
-822
-761
-750
-708
-686
-695
-745
-698
-681
-638
-587
-662
-687
-689
-651
-632
-670
-697
-695
-684
-685
-668
-594
-637
-675
-671
-650
-651
-641
-590
-607
-635
-595
-588
-525
-532
-574
-536
-533
-539
-546
-517
-475
-500
-445
-465
-541
-455
-491
-459
-453
-490
-530
-559
-507
-476
-522
-596
-608
-675
-649
-685
-688
-743
-836
-878
-976
-993
-1003
-1046
-1152
-1288
-1292
-1265
-1431
-1520
-1601
-1623
-1593
-1665
-1726
-1812
-1718
-1527
-1558
-1643
-1554
-1470
-1376
-1247
-1181
-1180
-1235
-1194
-1063
-963
-993
-1023
-973
-990
-1033
-1039
-1058
-1073
-1066
-1081
-1102
-1174
-1217
-1247
-1289
-1280
-1372
-1423
-1450
-1440
-1422
-1536
-1614
-1630
-1707
-1819
-1859
-1876
-1908
-1957
-2050
-2164
-2202
-2186
-2235
-2392
-2466
-2503
-2541
-2573
-2692
-2737
-2784
-2813
-2833
-2953
-2972
-2961
-2927
-2964
-2996
-2982
-2939
-2951
-2880
-2834
-2840
-2843
-2819
-2759
-2650
-2580
-2574
-2552
-2505
-2429
-2311
-2225
-2186
-2065
-1991
-1933
-1841
-1777
-1690
-1606
-1498
-1429
-1416
-1348
-1278
-1152
-1126
-1075
-1064
-1033
-952
-868
-830
-861
-819
-850
-839
-824
-784
-800
-806
-870
-898
-931
-1008
-1031
-1023
-1030
-1060
-1104
-1158
-1104
-1062
-1056
-1050
-1008
-945
-870
-782
-767
-745
-742
-721
-737
-801
-762
-764
-898
-944
-984
-1104
-1232
-1431
-1570
-1711
-1843
-2007
-2252
-2400
-2458
-2565
-2653
-2689
-2711
-2691
-2599
-2552
-2498
-2439
-2336
-2206
-2116
-2046
-1906
-1788
-1776
-1709
-1692
-1698
-1662
-1608
-1552
-1587
-1660
-1660
-1703
-1687
-1719
-1767
-1797
-1831
-1783
-1777
-1747
-1704
-1671
-1631
-1565
-1511
-1422
-1304
-1228
-1144
-1088
-1046
-1039
-913
-832
-753
-681
-624
-541
-554
-429
-400
-362
-355
-362
-399
-362
-330
-361
-333
-334
-353
-393
-397
-409
-375
-385
-381
-397
-386
-372
-321
-308
-279
-278
-282
-187
-158
-87
-81
-65
-88
-105
-57
-123
-155
-277
-339
-395
-454
-499
-625
-665
-723
-826
-846
-968
-974
-1022
-1042
-1068
-1060
-1079
-1094
-1052
-1057
-960
-1010
-969
-954
-909
-862
-822
-752
-718
-703
-666
-638
-551
-514
-456
-403
-409
-303
-235
-210
-192
-129
-87
-44
-26
-5
86
38
52
71
51
5
24
-26
-70
-82
-112
-144
-180
-207
-195
-215
-281
-293
-306
-353
-352
-341
-368
-369
-366
-372
-382
-386
-373
-291
-221
-111
-76
19
122
185
343
394
526
619
759
873
973
1097
1114
1190
1338
1471
1503
1518
1596
1621
1696
1714
1751
1839
1835
1833
1844
1869
1863
1846
1846
1859
1791
1819
1795
1820
1804
1809
1813
1762
1774
1749
1752
1722
1715
1728
1673
1692
1700
1671
1666
1641
1670
1647
1638
1647
1590
1619
1593
1619
1598
1596
1572
1568
1601
1566
1573
1541
1560
1592
1543
1558
1539
1495
1478
1490
1465
1442
1500
1454
1426
1375
1430
1411
1377
1405
1370
1362
1348
1408
1407
1414
1387
1371
1410
1387
1442
1415
1448
1431
1441
1427
1394
1421
1416
1443
1436
1449
1426
1424
1460
1452
1464
1451
1482
1483
1505
1527
1484
1544
1523
1542
1575
1571
1569
1554
1570
1565
1553
1573
1579
1518
1500
1515
1531
1468
1508
1460
1481
1488
1434
1492
1417
1473
1452
1484
1474
1457
1466
1424
1443
1404
1436
1420
1388
1346
1362
1354
1304
1258
1183
1168
1136
1057
974
969
937
850
778
722
656
557
503
434
378
330
255
252
178
145
164
96
56
75
81
54
8
108
79
73
115
99
90
153
140
102
165
159
169
182
182
178
226
217
189
190
200
246
230
245
298
287
315
275
325
306
317
328
314
373
390
396
375
413
384
400
423
411
458
461
427
456
513
491
507
502
525
538
535
556
566
555
605
600
642
629
661
667
661
678
660
737
714
704
724
755
758
785
805
819
852
802
826
833
837
841
894
832
884
867
841
886
856
851
843
827
833
872
866
886
866
846
864
819
878
865
822
890
909
862
882
832
881
858
844
895
893
923
913
889
898
917
883
906
880
923
879
868
892
891
868
850
864
857
824
779
794
772
734
749
754
770
711
732
672
691
724
702
703
661
649
668
655
650
637
620
626
608
574
603
574
594
605
573
591
557
618
628
592
608
603
607
616
653
650
652
656
631
627
670
668
690
673
635
663
657
641
675
676
653
649
622
643
670
634
614
668
642
604
602
581
559
592
600
607
592
561
581
553
518
518
573
537
546
584
578
549
520
496
563
532
523
506
492
526
496
493
476
475
488
492
500
478
444
440
440
469
423
402
401
399
388
392
405
397
374
373
364
385
412
378
406
428
425
411
395
423
402
416
347
363
373
382
429
436
407
351
372
381
329
336
385
355
347
289
315
286
315
283
289
344
384
339
311
318
274
297
290
307
254
275
296
272
251
230
243
237
261
255
244
240
247
271
286
245
252
268
279
280
248
257
273
266
220
267
286
274
304
316
280
298
308
273
270
310
323
274
271
256
250
227
243
233
196
223
216
213
186
185
168
163
151
166
139
123
148
119
109
72
62
72
56
36
47
63
54
56
30
88
63
38
20
13
49
14
-6
-35
-43
-47
-47
-60
-64
-79
-83
-84
-104
-105
-117
-127
-112
-67
-109
-130
-138
-179
-199
-198
-249
-265
-295
-290
-298
-304
-350
-371
-348
-381
-387
-417
-425
-464
-457
-454
-462
-476
-481
-483
-508
-543
-532
-552
-560
-552
-609
-620
-555
-581
-590
-574
-603
-601
-604
-610
-638
-633
-655
-653
-621
-644
-678
-602
-596
-599
-605
-583
-564
-538
-512
-534
-493
-500
-481
-504
-451
-444
-463
-451
-413
-436
-398
-367
-374
-309
-322
-259
-286
-293
-234
-274
-252
-237
-211
-190
-229
-230
-202
-191
-195
-198
-183
-177
-189
-169
-119
-129
-135
-134
-129
-145
-145
-141
-177
-122
-122
-131
-144
-132
-120
-154
-169
-171
-120
-149
-169
-124
-151
-161
-108
-165
-152
-165
-155
-112
-130
-103
-101
-94
-133
-117
-64
-101
-90
-80
-95
-73
-64
-87
-105
-114
-107
-107
-107
-100
-76
-91
-92
-105
-89
-65
-115
-62
-52
-61
-50
-84
-103
-119
-139
-157
-141
-188
-198
-194
-209
-243
-206
-215
-185
-186
-216
-207
-245
-202
-185
-187
-214
-199
-222
-223
-214
-213
-199
-197
-247
-240
-210
-202
-237
-246
-273
-261
-234
-273
-256
-230
-241
-253
-297
-274
-239
-279
-294
-317
-264
-215
-218
-244
-180
-196
-209
-189
-202
-188
-190
-162
-168
-143
-153
-191
-161
-196
-204
-176
-178
-200
-173
-148
-118
-164
-156
-133
-182
-195
-212
-197
-204
-243
-234
-221
-266
-249
-275
-267
-259
-290
-276
-281
-265
-288
-253
-253
-300
-311
-293
-309
-294
-308
-303
-316
-291
-272
-258
-241
-277
-283
-267
-300
-293
-230
-242
-244
-266
-270
-239
-261
-295
-282
-324
-304
-294
-318
-287
-292
-311
-330
-303
-352
-305
-296
-339
-325
-320
-391
-375
-325
-378
-428
-407
-414
-377
-403
-400
-424
-439
-412
-387
-421
-457
-430
-471
-442
-463
-411
-403
-401
-448
-431
-441
-453
-468
-463
-433
-439
-418
-409
-428
-449
-408
-438
-479
-498
-488
-450
-456
-494
-489
-474
-444
-483
-502
-471
-471
-436
-457
-464
-469
-445
-433
-444
-433
-383
-410
-418
-408
-379
-416
-426
-416
-430
-413
-449
-436
-440
-454
-424
-432
-452
-456
-465
-444
-490
-481
-450
-495
-501
-519
-493
-474
-487
-510
-475
-473
-451
-474
-471
-477
-476
-501
-530
-507
-533
-501
-480
-496
-493
-463
-467
-485
-491
-464
-464
-461
-436
-456
-462
-431
-432
-456
-418
-399
-417
-366
-397
-399
-413
-421
-397
-406
-411
-448
-449
-443
-472
-470
-494
-500
-496
-497
-484
-490
-446
-477
-498
-453
-494
-463
-456
-475
-444
-466
-464
-469
-488
-454
-466
-465
-437
-456
-436
-441
-433
-415
-421
-376
-421
-429
-463
-460
-441
-447
-463
-454
-464
-465
-424
-445
-420
-421
-418
-439
-433
-430
-372
-407
-461
-401
-422
-419
-413
-431
-430
-428
-470
-425
-404
-412
-400
-408
-405
-424
-398
-395
-388
-436
-376
-376
-405
-358
-420
-382
-397
-418
-366
-400
-382
-368
-375
-337
-336
-347
-392
-442
-408
-400
-383
-404
-389
-408
-442
-426
-418
-386
-421
-419
-418
-433
-430
-416
-407
-430
-398
-397
-422
-396
-387
-382
-349
-350
-356
-329
-350
-330
-330
-375
-334
-333
-333
-317
-305
-333
-340
-363
-323
-324
-313
-318
-342
-325
-362
-330
-363
-378
-356
-354
-354
-358
-387
-407
-421
-417
-456
-383
-385
-409
-398
-388
-437
-425
-439
-458
-418
-426
-434
-425
-425
-413
-412
-442
-420
-388
-434
-421
-408
-438
-408
-399
-356
-407
-379
-382
-394
-411
-398
-324
-367
-378
-368
-373
-374
-435
-377
-371
-378
-370
-372
-333
-323
-356
-334
-340
-307
-309
-348
-305
-338
-341
-328
-325
-340
-298
-348
-373
-368
-358
-376
-419
-442
-410
-368
-384
-379
-396
-366
-375
-377
-398
-392
-371
-417
-376
-381
-403
-333
-374
-398
-361
-411
-411
-371
-392
-378
-390
-361
-350
-366
-348
-372
-370
-364
-387
-383
-379
-392
-391
-392
-391
-353
-371
-352
-352
-374
-359
-436
-399
-353
-371
-368
-376
-361
-358
-369
-377
-380
-372
-412
-431
-404
-363
-368
-362
-379
-388
-405
-428
-393
-416
-390
-409
-407
-419
-395
-422
-429
-404
-440
-404
-426
-399
-413
-406
-396
-439
-427
-421
-454
-442
-412
-446
-408
-445
-417
-397
-390
-390
-382
-353
-408
-402
-421
-385
-408
-421
-385
-373
-422
-406
-407
-434
-409
-408
-419
-426
-401
-403
-369
-386
-377
-378
-361
-408
-408
-413
-413
-429
-395
-420
-349
-356
-409
-382
-412
-390
-427
-440
-449
-424
-446
-417
-408
-399
-377
-421
-413
-401
-363
-412
-361
-363
-380
-377
-401
-338
-391
-394
-397
-393
-359
-399
-353
-354
-354
-351
-331
-346
-328
-255
-291
-278
-304
-332
-310
-298
-295
-326
-318
-306
-292
-343
-342
-355
-412
-414
-361
-375
-400
-419
-417
-412
-407
-381
-395
-416
-437
-436
-391
-368
-392
-389
-372
-386
-381
-350
-375
-337
-364
-385
-351
-407
-367
-383
-355
-302
-348
-311
-352
-293
-280
-307
-315
-331
-301
-330
-336
-296
-271
-331
-325
-319
-321
-334
-326
-335
-304
-307
-287
-283
-339
-325
-301
-284
-317
-336
-359
-371
-358
-314
-315
-365
-330
-336
-317
-316
-370
-355
-328
-304
-307
-280
-292
-263
-242
-290
-293
-298
-324
-291
-264
-297
-282
-298
-281
-309
-252
-284
-308
-288
-282
-316
-264
-271
-301
-288
-290
-311
-342
-286
-315
-281
-300
-301
-284
-297
-268
-319
-305
-300
-302
-266
-280
-326
-290
-319
-286
-266
-289
-306
-289
-269
-295
-241
-219
-229
-248
-249
-271
-313
-262
-292
-295
-280
-271
-274
-275
-274
-296
-284
-280
-264
-277
-290
-284
-264
-289
-260
-277
-277
-275
-321
-307
-295
-269
-281
-308
-295
-277
-295
-310
-312
-282
-352
-327
-328
-329
-344
-315
-346
-314
-249
-283
-256
-276
-242
-294
-279
-305
-279
-312
-268
-273
-335
-293
-315
-258
-245
-257
-257
-256
-294
-299
-292
-248
-228
-237
-250
-232
-244
-311
-262
-276
-260
-317
-310
-267
-287
-310
-311
-246
-271
-283
-292
-322
-293
-307
-314
-296
-321
-344
-319
-326
-297
-305
-311
-299
-325
-336
-331
-311
-316
-293
-309
-265
-281
-293
-296
-289
-277
-265
-229
-239
-263
-270
-257
-240
-238
-257
-221
-199
-208
-213
-231
-219
-271
-248
-235
-264
-258
-267
-253
-241
-227
-281
-244
-233
-259
-274
-248
-260
-280
-338
-366
-310
-352
-327
-308
-320
-280
-288
-282
-313
-290
-299
-293
-302
-267
-258
-291
-267
-290
-334
-329
-303
-315
-333
-300
-334
-346
-316
-294
-269
-329
-315
-333
-314
-280
-312
-272
-264
-247
-225
-238
-274
-260
-245
-252
-238
-304
-259
-277
-298
-302
-277
-248
-276
-253
-252
-287
-254
-262
-219
-228
-251
-231
-207
-208
-244
-240
-236
-211
-178
-193
-253
-264
-231
-245
-220
-209
-228
-252
-258
-232
-206
-197
-177
-219
-224
-206
-228
-199
-169
-181
-189
-171
-148
-138
-136
-130
-147
-134
-160
-179
-133
-127
-113
-156
-177
-160
-176
-179
-156
-185
-184
-141
-195
-161
-175
-144
-136
-180
-199
-130
-138
-160
-155
-163
-122
-118
-150
-166
-175
-196
-152
-151
-194
-183
-194
-172
-137
-171
-180
-171
-160
-141
-190
-196
-218
-184
-201
-206
-156
-198
-164
-179
-197
-179
-160
-146
-146
-142
-134
-139
-165
-159
-151
-163
-155
-135
-92
-105
-105
-98
-95
-101
-116
-119
-104
-135
-140
-112
-132
-87
-88
-151
-118
-128
-134
-152
-140
-99
-111
-120
-160
-172
-153
-166
-153
-143
-121
-185
-168
-129
-160
-136
-127
-138
-130
-108
-104
-86
-84
-90
-93
-80
-105
-110
-101
-113
-116
-144
-121
-98
-78
-60
-110
-81
-76
-97
-69
-65
-111
-152
-111
-94
-122
-124
-125
-125
-84
-113
-150
-176
-183
-179
-131
-122
-141
-142
-179
-139
-145
-146
-157
-159
-129
-145
-136
-111
-132
-167
-141
-109
-124
-115
-91
-98
-98
-101
-92
-91
-78
-104
-108
-141
-102
-88
-137
-146
-107
-80
-83
-82
-78
-55
-100
-35
-89
-115
-89
-114
-116
-106
-112
-139
-67
-99
-68
-50
-47
-46
-73
-62
-37
-17
-16
-10
-28
1
1
-9
7
-24
22
-9
-55
-30
-38
-32
5
24
9
-26
-20
-11
-14
-2
-1
-48
-30
-54
-69
-45
-72
-81
-101
-106
-95
-73
-78
-37
-48
-61
-86
-72
-66
-98
-88
-91
-106
-127
-130
-123
-134
-172
-182
-184
-197
-218
-209
-185
-190
-183
-156
-141
-152
-170
-168
-147
-156
-163
-167
-168
-174
-164
-158
-174
-154
-161
-123
-155
-159
-112
-84
-117
-125
-105
-180
-178
-167
-164
-162
-179
-176
-209
-187
-149
-199
-231
-257
-227
-205
-216
-192
-246
-232
-215
-190
-228
-218
-181
-220
-179
-191
-201
-175
-207
-197
-189
-203
-158
-152
-199
-136
-134
-140
-118
-160
-101
-116
-121
-99
-82
-88
-78
-24
-15
-26
-20
-60
-43
-19
-54
-59
-54
-29
-35
-53
-55
-51
-76
-81
-92
-82
-37
-58
-33
-36
-58
-39
-27
-84
-68
-57
-73
-7
-38
-36
-42
-44
-63
-113
-42
-93
-87
-71
-35
-10
-45
-61
-80
-66
-55
-66
-74
-24
-44
-51
-81
-119
-90
-76
-117
-150
-136
-140
-109
-122
-134
-115
-120
-175
-160
-110
-124
-116
-167
-162
-142
-138
-165
-170
-171
-176
-140
-169
-157
-159
-162
-152
-115
-98
-171
-139
-117
-154
-102
-127
-113
-101
-87
-79
-103
-123
-121
-152
-138
-73
-72
-35
-74
-114
-87
-59
-81
-93
2
-40
-75
-22
-17
16
-15
-4
-1
31
-7
-36
-26
3
-29
-47
-20
-38
-11
-65
-66
-41
-10
-21
-14
-2
26
28
31
6
-11
-2
-13
-10
-63
-16
0
-30
-27
-41
-13
-8
32
29
44
32
56
74
24
22
10
41
23
50
39
15
-3
13
62
15
44
23
1
15
14
28
-10
4
18
1
-22
-14
12
-4
-19
-3
-9
-16
-29
23
-13
-14
-10
-53
-28
-45
-59
-46
-6
-12
1
-19
-59
-96
-69
-81
-118
-91
-96
-111
-79
-66
-63
-67
-72
-43
-51
-24
5
-20
-8
-27
-18
-29
-61
-100
-74
-69
-40
-34
-52
-22
-36
-17
-58
-58
-49
-55
-64
-64
-87
-64
-42
-74
-86
-120
-81
-82
-47
-78
-66
-53
-22
-40
-74
-30
-24
-67
-74
-16
3
-31
-35
-11
4
-5
20
20
0
18
-13
-14
-28
14
-10
-7
-19
-19
-39
-22
9
-5
12
30
49
7
14
17
41
22
63
92
77
75
4
47
44
21
17
11
-4
-2
18
4
24
29
31
23
33
-20
-42
2
-54
-48
-21
8
40
-28
-3
9
16
-26
-56
-6
-43
0
-43
-37
-42
-31
23
-10
-23
-16
7
8
-23
-25
13
3
-47
-37
-28
-39
-48
-77
-32
-32
-43
-17
-26
-54
-53
-17
-42
-46
-34
-23
-42
-67
-30
-62
-18
-29
-31
-26
-76
-54
-24
-44
-2
-35
-26
-14
-26
-53
-46
-26
-1
-3
-38
-41
-34
-6
-6
-21
-44
-58
-69
-100
-64
-52
-46
-33
-39
-21
-12
12
2
15
-2
-7
-33
-28
19
-25
-63
-65
-51
-37
-35
-17
-49
-42
-10
-41
-45
-17
-8
23
21
16
27
20
38
40
6
16
37
20
51
57
48
47
40
22
66
22
41
51
33
46
62
69
11
18
16
59
19
30
37
6
-9
8
23
10
14
6
9
-2
-17
-29
17
-24
6
30
-16
-28
-5
34
-37
-24
-5
0
10
31
56
-4
57
49
19
2
-28
-46
-37
5
-31
-56
-7
-30
-22
15
57
50
23
22
-2
-8
-12
15
-4
-4
14
-5
-8
22
-39
-43
-25
-7
16
-13
-17
-11
-26
-19
-21
-5
-47
-54
-16
-17
7
-2
21
65
7
33
45
64
66
73
83
53
51
5
-20
5
39
-15
7
32
70
60
17
22
3
40
76
74
53
88
78
71
92
89
81
57
69
67
76
82
59
62
40
59
49
40
70
86
101
86
90
123
101
80
84
78
127
82
96
104
121
117
116
118
95
129
139
103
91
86
68
34
26
69
100
70
84
84
4
65
66
55
66
33
9
36
38
31
49
69
111
126
86
91
92
63
70
101
112
109
173
112
124
129
142
129
129
168
144
119
96
104
69
104
75
70
73
84
114
99
32
58
122
84
109
107
126
134
112
80
91
84
70
89
90
76
76
59
58
71
87
77
73
87
110
92
40
65
60
88
97
94
87
68
49
48
39
59
72
95
100
114
99
112
106
95
97
74
99
70
74
92
93
108
81
54
31
8
52
48
33
59
58
8
27
15
-21
29
47
17
62
38
17
28
25
46
60
58
65
77
64
46
53
52
55
47
4
46
37
48
76
101
79
59
37
26
13
41
56
61
65
46
70
88
96
62
86
63
52
46
75
63
86
70
55
93
71
97
48
102
86
49
89
59
97
82
50
34
35
44
66
77
69
70
56
66
95
109
104
86
74
108
106
95
66
87
72
122
78
155
141
93
106
77
136
104
139
125
95
97
110
116
107
83
43
46
93
71
68
71
79
65
31
70
86
96
90
42
105
72
60
69
38
59
79
100
94
90
86
81
121
123
114
105
124
75
68
99
82
89
53
64
53
71
110
63
79
56
27
45
21
13
-6
48
31
41
40
37
102
92
100
107
97
80
106
96
86
95
74
67
51
53
57
67
38
24
48
28
56
94
67
96
68
71
91
58
63
49
44
75
59
55
81
59
96
104
74
82
135
143
92
88
98
115
88
68
88
113
88
91
88
115
109
79
94
119
161
105
86
70
88
83
69
67
65
72
109
152
82
77
89
88
66
71
65
53
41
33
69
47
85
36
71
75
54
74
64
69
62
50
38
22
41
46
56
106
91
93
66
62
70
100
73
38
92
68
62
61
57
65
83
37
45
64
59
71
24
75
39
90
90
80
34
54
137
84
87
94
86
59
70
96
110
107
137
142
109
109
174
136
167
140
126
146
118
159
158
175
185
177
149
158
177
153
112
126
153
141
112
163
165
159
185
152
122
141
200
153
161
177
168
132
139
134
130
141
130
164
174
147
120
133
110
99
131
89
138
96
68
119
114
126
71
74
64
72
58
58
41
34
49
49
81
83
90
64
34
15
14
41
18
32
39
39
80
58
22
17
46
4
13
11
20
47
7
-7
29
54
57
56
63
59
66
56
27
44
42
24
21
70
28
22
62
67
63
25
72
60
44
76
72
73
65
75
40
32
28
36
71
75
74
5
27
56
65
82
57
65
111
88
81
134
128
136
111
130
132
131
109
136
148
113
148
111
131
94
128
110
100
121
111
131
115
154
147
136
115
146
117
161
145
83
72
59
71
87
123
118
110
92
98
129
129
110
93
129
124
132
158
118
145
208
146
160
137
91
146
157
113
112
112
127
121
105
52
60
127
99
59
17
55
26
44
79
47
10
91
83
51
67
79
120
99
113
124
104
86
118
93
93
88
103
106
118
