-143
-75
-114
-86
-96
-105
-61
-90
-76
-81
-57
-65
-28
-26
-16
-17
-34
-2
-19
21
12
17
-14
40
46
41
26
-8
2
-16
11
-21
-3
17
-30
-32
32
47
36
13
23
-14
11
38
-24
29
25
28
28
20
14
11
46
9
6
7
28
7
36
17
17
39
-9
3
-13
-2
17
-1
37
7
-3
13
0
7
0
-10
1
-14
-11
-19
2
22
-52
-14
-68
-53
-25
-53
-75
-77
-59
-69
-72
-56
-102
-141
-103
-96
-48
-55
-22
-69
-80
-63
-80
-43
-70
-47
-19
-36
-44
-28
-59
-65
-38
-98
-118
-109
-124
-125
-103
-112
-109
-156
-162
-127
-176
-116
-113
-167
-178
-145
-150
-139
-186
-195
-181
-234
-209
-196
-203
-216
-181
-205
-214
-188
-194
-175
-172
-214
-236
-173
-167
-175
-172
-163
-175
-176
-164
-149
-133
-147
-157
-128
-141
-126
-139
-150
-176
-194
-173
-193
-179
-160
-184
-215
-176
-134
-182
-191
-180
-148
-187
-141
-175
-135
-132
-143
-72
-75
-103
-82
-33
-74
-51
-66
-62
-79
-81
-70
-71
-73
-78
-36
-36
-20
-17
15
34
-29
10
-45
-32
-5
-29
9
-41
-44
-31
1
-42
-39
-16
-38
-23
25
24
7
-4
-7
-14
-52
-73
-58
-42
-48
-22
-72
-113
-96
-30
-2
-53
-65
-90
-85
-62
-49
-85
-54
-31
-30
-14
-16
-42
-32
6
51
7
-6
20
-22
-10
-14
29
25
24
31
36
30
40
35
-28
-44
-53
-27
-46
-19
12
-2
-39
-39
-24
-49
-38
-55
-72
-76
-67
-85
-73
-48
-86
-91
-81
-54
-36
-78
-23
-54
-54
-46
-49
-29
-42
-46
-81
-117
-79
-74
-79
-72
-66
-77
-65
-52
-64
-47
-39
-35
-17
-3
-35
-42
-87
-59
-70
-100
-99
-74
-68
-56
-33
-66
-46
-48
-77
-57
-44
-93
-82
-93
-40
-38
-93
-59
-70
-120
-112
-101
-104
-118
-126
-120
-114
-149
-144
-133
-149
-107
-118
-125
-110
-144
-87
-86
-83
-110
-133
-128
-152
-141
-133
-141
-155
-94
-132
-113
-155
-148
-162
-167
-162
-173
-186
-194
-168
-161
-175
-164
-155
-149
-145
-175
-117
-94
-89
-123
-139
-98
-124
-105
-144
-89
-95
-128
-89
-101
-58
-55
-73
-57
-82
-67
-78
-78
-13
-19
-41
-18
-28
5
-13
-10
-4
-29
23
63
80
38
33
-4
34
20
22
81
80
36
55
34
55
68
55
86
22
47
5
49
52
-11
8
11
37
31
21
25
-7
14
36
33
30
51
17
35
43
12
24
-11
-9
1
45
62
27
19
23
36
-1
65
71
21
52
45
41
20
-2
-1
19
34
37
-9
21
18
5
8
-30
6
23
-2
30
-5
-15
5
-6
-7
-16
20
-21
16
17
-48
-33
-41
-74
-77
-53
-28
-47
-21
-62
-51
-44
-49
-24
-58
-41
-12
-17
-46
-52
-54
-54
-34
-54
-96
-82
-81
-65
-81
-45
-46
-65
-60
-35
-65
-87
-74
-60
-123
-139
-139
-92
-91
-125
-74
-86
-71
-91
-119
-110
-107
-120
-106
-110
-97
-76
-89
-107
-93
-60
-82
-97
-70
-49
-54
-36
-74
-78
-8
-4
-15
-2
-12
20
6
-15
30
76
50
33
70
15
3
-6
31
49
41
8
30
56
61
31
20
42
36
27
36
34
55
66
22
40
69
69
73
18
17
26
45
33
-16
9
63
32
43
57
44
67
39
42
33
-20
23
52
35
20
14
13
4
30
-17
11
11
22
16
20
-11
-22
-11
10
4
1
9
26
52
37
59
48
36
101
107
42
97
80
104
124
96
88
79
68
34
61
77
39
94
103
78
100
100
100
65
97
65
71
69
49
51
79
119
95
132
122
162
130
135
165
88
127
74
77
120
117
124
97
124
136
103
118
89
111
147
98
135
105
119
102
122
120
110
137
132
163
127
133
128
135
124
119
105
143
105
81
156
166
193
146
172
158
74
111
115
53
95
120
83
75
92
126
106
120
124
103
121
78
126
135
149
168
186
197
194
228
216
247
226
196
207
197
186
196
240
221
173
180
226
214
202
222
181
177
171
175
194
171
163
149
159
169
141
181
144
147
154
161
200
191
160
88
108
127
105
105
110
119
109
116
183
141
98
124
119
91
118
108
64
89
129
147
134
113
161
129
96
117
123
109
114
141
110
92
97
75
75
112
72
105
109
118
92
43
57
78
117
135
123
122
133
111
133
98
112
112
104
85
84
105
61
91
117
126
153
124
102
126
95
90
87
125
99
92
106
69
72
42
76
71
63
113
109
97
115
116
98
103
159
114
138
195
128
123
180
126
120
112
97
166
123
158
146
127
119
99
126
147
147
142
93
117
143
135
129
156
142
154
138
117
142
145
112
134
93
98
169
88
67
78
117
124
108
109
92
117
101
92
88
107
76
79
66
74
60
25
53
40
41
30
43
32
38
8
11
49
21
27
39
59
57
57
60
65
83
62
36
39
74
79
95
36
15
42
20
41
89
41
50
76
61
104
92
69
63
64
59
72
67
87
86
41
73
64
118
96
55
87
60
97
57
121
165
121
133
125
112
127
106
44
102
102
67
58
64
48
41
35
10
30
70
51
55
81
82
54
4
66
60
25
20
22
48
40
22
29
16
46
33
34
58
105
60
65
88
53
64
28
26
9
22
11
77
26
23
64
48
37
76
91
37
35
41
52
72
110
74
75
108
25
74
57
19
46
9
39
42
18
15
9
-4
46
52
48
86
92
91
39
39
76
80
68
56
122
114
133
126
132
130
105
116
119
179
136
114
125
116
109
103
127
171
141
144
121
130
143
154
131
145
178
158
207
201
192
150
159
139
163
157
178
174
168
174
151
153
161
159
189
138
138
218
146
154
163
133
150
159
184
186
232
187
200
208
211
209
148
161
167
209
183
190
195
203
183
152
152
166
163
170
209
213
207
188
198
211
170
194
229
161
164
208
223
214
179
189
191
221
205
196
137
149
171
169
129
167
156
111
85
104
133
133
93
82
129
141
160
125
117
146
161
142
148
120
152
151
137
177
184
128
122
101
116
114
90
96
117
144
119
154
94
75
107
84
114
173
152
119
146
116
115
142
138
149
128
98
116
167
138
138
100
91
148
147
149
139
122
135
160
165
114
91
139
141
135
141
178
180
168
114
116
149
139
146
156
194
140
168
148
160
175
160
158
167
152
202
202
177
169
154
123
97
108
96
118
125
124
116
125
65
65
94
73
74
133
111
103
124
116
124
91
125
131
114
150
132
145
146
95
107
133
124
138
114
123
120
109
120
142
123
111
127
101
154
114
148
110
160
174
142
149
112
141
131
141
190
180
163
176
124
140
129
92
90
136
154
117
136
151
92
114
100
89
121
85
78
90
107
142
162
162
119
134
138
119
117
142
145
124
117
128
148
138
134
117
103
121
143
122
126
144
126
143
150
152
161
149
145
137
101
94
81
93
62
54
65
78
96
108
107
78
93
99
79
80
48
83
96
65
76
68
37
42
47
60
80
103
131
89
115
73
92
93
67
108
114
108
23
37
68
9
40
11
19
59
34
40
12
-12
-8
-12
-23
-8
16
-6
-5
22
14
28
12
17
6
0
10
23
6
20
39
-22
-7
-16
-55
-30
-20
-17
-32
-31
-40
16
5
-14
-29
-24
-24
-57
-15
31
0
-13
6
-2
16
-13
3
15
2
24
14
17
-19
16
17
-16
-15
-19
-38
-18
10
-18
3
6
20
33
-6
1
-10
-6
-39
-7
6
9
34
33
63
52
53
13
49
35
10
12
39
28
28
17
4
-12
-5
-22
0
20
-16
-33
0
21
1
29
31
33
50
22
2
4
-27
10
8
-14
7
22
-6
-27
-25
-45
-28
-20
5
4
-28
-11
16
3
-15
-31
-40
-54
-39
-32
-15
-27
-44
-17
-48
-43
-63
-67
-14
-22
-46
-29
1
-40
-42
-36
-79
-36
-24
-58
-56
-32
-58
-75
-22
-33
-17
-49
-60
-52
-39
-7
-16
-27
-20
-7
-25
-11
-30
-11
16
-20
-7
-15
-77
-31
-69
-67
-44
-73
-51
-16
-17
5
-15
-37
-32
-57
-30
-59
-49
-54
-52
-12
-24
-40
-70
-55
-43
-66
-89
-91
-42
-44
-9
-41
-44
-29
-26
-41
-69
-47
-81
-71
-67
-106
-77
-22
-70
-65
-68
-91
-50
-46
-73
-66
-41
-79
-88
-51
-113
-85
-61
-74
-34
-84
-110
-111
-81
-111
-106
-104
-136
-63
-82
-107
-97
-90
-82
-106
-36
-69
-85
-60
-32
-51
-31
-9
-20
-9
1
-25
-60
-53
-50
-11
-51
-59
-53
-12
-9
-60
-77
-53
-85
-17
-31
-59
1
-27
-40
-50
-13
3
-27
7
-12
-27
22
44
31
69
65
42
46
28
-28
-45
-19
5
29
21
40
7
46
69
52
62
59
34
20
47
21
32
41
69
59
65
89
36
62
67
32
66
55
12
-22
22
27
21
78
21
57
43
40
42
39
23
9
81
67
47
-8
23
47
8
15
9
43
43
36
38
15
-2
12
5
53
34
39
21
36
13
18
12
1
7
-30
8
-19
-1
-4
-1
14
10
40
-11
11
-7
19
42
12
8
-2
-3
17
39
2
49
8
10
32
-8
40
29
24
46
47
28
0
29
16
38
30
27
27
-7
-18
-26
-2
-16
-14
10
-14
-20
21
14
31
-17
-7
-25
-66
-45
-39
-16
-5
3
-18
-12
-1
-36
-40
11
-33
-24
16
20
-10
25
20
19
9
47
7
-4
10
-20
7
9
41
41
53
53
34
31
60
67
91
108
68
46
75
101
115
93
96
46
82
81
10
43
34
89
87
63
92
77
71
83
83
80
77
100
103
101
64
94
106
113
157
113
106
149
165
139
154
151
136
130
141
177
163
161
114
154
97
166
158
125
120
150
159
130
143
141
178
155
193
186
191
189
183
186
167
170
153
138
150
108
149
160
134
173
178
160
152
135
144
113
96
140
136
105
108
114
90
144
145
142
160
118
151
170
160
184
172
168
180
135
155
152
155
133
73
121
88
83
126
102
96
93
101
76
53
76
113
130
149
115
102
159
152
149
144
119
159
185
169
175
123
126
71
95
118
108
106
126
107
77
128
95
122
128
138
131
126
123
102
166
120
97
135
122
117
118
126
149
124
157
144
129
115
114
116
90
116
104
97
98
114
61
98
82
97
120
101
122
54
116
94
89
95
121
144
100
133
142
156
172
159
118
85
125
122
135
142
124
111
108
160
142
121
149
149
114
168
133
146
190
169
162
117
174
104
128
162
151
165
139
116
95
118
123
123
103
159
118
119
135
139
148
162
183
173
167
145
170
153
141
172
161
131
162
152
150
153
163
146
168
170
144
181
159
197
171
164
172
118
129
147
144
119
130
161
123
132
105
115
115
126
111
107
102
107
93
66
90
117
96
74
132
105
103
80
109
112
100
91
80
102
132
112
157
168
151
159
159
155
146
186
144
181
175
165
124
139
141
144
163
120
143
124
61
50
98
112
93
97
65
122
113
105
107
68
122
95
75
61
73
82
67
69
53
120
108
64
35
71
81
76
93
62
74
86
55
65
70
124
84
97
117
90
131
98
111
126
99
121
74
107
129
67
119
125
104
102
106
96
79
71
99
67
87
105
77
80
119
81
55
83
109
123
105
92
73
68
117
105
114
112
122
100
80
132
102
128
68
118
145
132
142
127
140
112
115
138
139
134
193
182
141
136
158
167
196
154
99
152
143
180
156
161
168
154
170
199
169
139
196
200
192
126
137
167
167
150
155
130
130
151
156
187
171
139
148
135
168
151
145
164
132
151
141
147
165
176
198
180
143
144
118
145
187
182
154
143
130
117
137
87
133
158
150
143
178
173
119
131
183
185
147
149
152
149
120
133
120
109
139
74
82
106
109
110
97
127
41
99
125
111
105
91
106
88
130
91
77
96
57
94
105
76
55
65
79
73
82
71
108
97
83
100
45
64
37
44
66
43
29
50
-5
-23
52
17
2
-8
-32
-11
25
2
-21
-3
11
-2
27
42
15
3
4
0
24
8
12
36
27
-5
60
41
43
77
25
55
66
18
59
74
42
52
25
29
78
88
59
39
75
57
44
64
89
108
95
71
103
96
84
72
35
41
43
49
67
49
13
28
50
16
54
64
47
69
27
48
46
45
11
6
2
-38
-22
-57
-47
-41
-48
-19
-52
-59
-24
-47
-24
-72
-49
-17
0
-18
-30
-32
-30
-13
-76
-56
-96
-115
-110
-99
-63
-99
-91
-75
-99
-59
-88
-75
-115
-87
-104
-73
-57
-74
-19
-87
-27
-38
-57
-33
-60
-52
-106
-87
-52
-55
-80
-84
-59
-77
-57
-93
-58
-67
-98
-83
-79
-89
-83
-87
-92
-74
-83
-62
-88
-77
-80
-127
-77
-77
-108
-97
-94
-90
-111
-81
-72
-51
-42
-79
-57
-66
-61
-31
-62
-74
-80
-114
-72
-75
-98
-91
-100
-67
-76
-79
-74
-107
-91
-106
-53
-39
-60
-98
-83
-40
-63
-40
-52
-58
-89
-66
-86
-93
-89
-86
-109
-131
-111
-98
-122
-132
-100
-99
-115
-133
-142
-95
-97
-96
-102
-96
-82
-87
-98
-103
-98
-71
-78
-91
-100
-103
-91
-107
-61
-78
-80
-104
-127
-86
-105
-108
-88
-62
-80
-74
-123
-123
-97
-108
-84
-91
-73
-118
-123
-86
-105
-63
-51
-79
-69
-64
-59
-57
-84
-93
-53
-54
-19
-25
-34
-42
-26
-20
-61
-62
-39
-25
-58
-26
0
-6
-59
-68
-54
-88
-95
-84
-83
-70
-70
-46
-47
-74
-62
-81
-75
-53
-74
-64
-32
-27
-16
-30
-45
-61
-62
-61
-76
-42
-42
-1
-22
-26
-56
-66
-31
6
-19
-56
-14
-60
-55
-35
41
-44
-32
-14
-31
13
-18
-34
-25
-63
-52
-59
-84
-75
-67
-41
-62
-72
-106
-58
-27
-52
-97
-122
-118
-155
-121
-100
-135
-130
-132
-132
-69
-102
-86
-83
-113
-174
-132
-85
-101
-117
-138
-151
-180
-141
-123
-134
-126
-150
-133
-158
-136
-120
-150
-133
-148
-150
-178
-140
-141
-114
-111
-137
-144
-129
-104
-130
-119
-129
-127
-118
-142
-122
-131
-150
-162
-175
-102
-96
-147
-105
-75
-93
-87
-86
-87
-65
-100
-108
-49
-44
-83
-82
-70
-57
-30
-56
-62
-23
-26
-72
-29
-50
-49
-32
-102
-65
-61
-50
-27
-61
-40
-11
-37
-17
-29
-19
24
17
-1
-3
-32
-22
-7
2
16
31
18
-13
3
-32
-35
-12
14
-7
-3
-2
-12
-12
-18
8
13
25
11
-2
15
10
14
2
11
9
-5
6
14
14
30
51
19
46
54
39
25
14
9
5
15
-6
0
18
11
44
24
22
44
29
46
6
29
48
70
42
25
48
32
85
75
60
38
48
70
59
56
53
75
42
43
36
4
43
16
41
64
45
52
58
65
42
66
50
30
27
8
9
31
3
-13
22
33
6
-15
-8
-32
9
-9
-61
5
0
-25
2
-51
-51
-22
-97
-75
-56
-66
-78
-63
-70
-90
-67
-91
-90
-102
-142
-157
-113
-97
-64
-82
-99
-127
-118
-104
-164
-141
-150
-154
-132
-144
-146
-143
-162
-176
-133
-86
-133
-139
-105
-122
-89
-91
-98
-134
-149
-109
-126
-123
-94
-47
-72
-85
-71
-40
-44
-45
-72
-69
-29
-116
-67
-66
-67
-80
-107
-68
-87
-65
-103
-91
-91
-96
-83
-55
-67
-77
-33
-43
-31
-55
-38
-26
-44
-84
-60
-33
4
2
-18
56
26
-28
-34
14
54
43
52
58
35
13
32
19
-20
11
-37
-20
-26
-48
-22
-38
-67
-18
-11
-17
-26
-68
12
-10
-32
-37
-25
-24
-20
-18
-20
-14
17
9
-22
20
29
-10
2
-29
-12
-14
-51
-8
-48
-34
-53
-46
-45
-56
-37
-52
-44
-77
-81
-28
-38
1
-50
-18
11
5
-19
-78
-29
-69
-9
16
-26
-33
-33
-66
-76
-46
-52
-79
-47
-48
-96
-21
-93
-103
-123
-111
-120
-100
-93
-130
-114
-145
-140
-140
-108
-150
-154
-114
-139
-145
-138
-106
-91
-117
-86
-133
-112
-107
-110
-116
-130
-97
-145
-125
-169
-164
-150
-143
-119
-152
-141
-94
-89
-113
-98
-126
-139
-157
-185
-127
-131
-134
-143
-96
-83
-122
-122
-95
-94
-112
-110
-149
-92
-73
-97
-50
-76
-71
-58
-84
-44
-20
0
-38
-55
-33
-52
-2
-39
-32
-29
6
7
-33
17
-32
-5
-3
-12
-37
-27
-23
-60
-9
-52
-69
-60
-30
-13
-28
-20
-34
-25
-30
-45
-24
4
12
8
-37
-44
-20
0
14
49
48
29
31
41
67
66
81
64
72
35
15
93
64
34
40
50
60
92
84
88
89
76
108
124
88
99
97
91
119
84
82
113
103
107
105
106
109
109
60
82
114
149
159
171
130
98
131
107
100
73
84
91
79
90
42
82
78
75
78
34
61
107
86
60
58
45
29
25
42
60
66
73
65
83
64
59
70
35
79
64
80
66
46
17
-9
16
-17
31
74
70
37
72
35
51
41
9
33
55
82
69
71
60
69
51
44
41
52
13
58
24
45
17
2
61
10
-3
28
6
10
14
8
44
-12
21
-34
-28
-30
-59
-28
-46
-49
-57
-58
-46
-43
-53
-82
-107
-39
-101
-115
-69
-107
-112
-106
-81
-122
-110
-173
-153
-137
-100
-135
-141
-109
-112
-102
-118
-103
-87
-137
-146
-95
-75
-84
-123
-108
-51
-66
-71
-90
-75
-80
-90
-27
-48
-48
-37
-94
-73
-57
-69
-74
-97
-57
-22
-40
-56
-51
-38
-38
-36
19
-14
-28
-54
-17
29
4
28
20
23
43
59
92
76
86
95
85
69
89
83
83
105
77
90
117
122
76
87
100
111
106
126
152
152
160
153
131
167
116
110
159
138
142
102
91
167
153
121
138
203
222
168
135
135
136
143
149
161
148
151
151
166
168
143
136
114
98
105
138
109
124
144
84
68
99
80
73
72
56
26
7
30
21
3
-17
14
30
7
-35
-2
25
4
-29
-56
-15
-20
-13
-24
-76
-53
-69
-102
-71
-128
-91
-109
-76
-38
-71
-41
-34
-70
-66
-69
-129
-76
-67
-100
-88
-116
-132
-159
-186
-84
-84
-105
-97
-113
-101
-99
-71
-95
-113
-96
-109
-103
-138
-103
-74
-74
-72
-100
-108
-106
-91
-49
-32
-61
-72
-53
-24
-48
-30
-20
-17
22
8
-50
-9
20
-4
20
41
61
57
4
3
13
62
74
13
55
52
69
57
40
8
19
59
59
95
82
98
59
55
108
75
102
119
55
94
132
109
127
114
86
100
80
72
96
71
64
105
77
146
112
83
120
139
96
90
131
123
96
84
137
129
119
101
118
119
103
138
136
125
147
131
128
149
156
138
87
112
98
119
160
149
140
129
124
148
119
146
120
127
146
127
94
124
132
77
75
75
77
81
63
90
80
111
88
74
117
71
119
134
99
81
69
83
75
58
89
51
8
34
18
42
59
53
25
-2
-3
-7
4
53
32
17
33
13
37
22
39
-6
-8
3
23
8
-15
-18
-27
-65
-78
-27
-60
-31
7
-56
-17
-26
-28
-19
-44
-19
-47
-72
-75
-57
-80
-37
-66
-63
-56
-106
-85
-70
-75
-95
-106
-127
-85
-87
-88
-81
-100
-95
-114
-99
-86
-103
-61
-75
-93
-105
-112
-122
-109
-104
-121
-118
-116
-137
-177
-107
-134
-135
-114
-150
-120
-136
-145
-150
-107
-119
-137
-120
-53
-61
-77
-99
-95
-47
-101
-124
-46
-41
-90
-88
-121
-101
-95
-77
-50
-54
-113
-86
-65
-59
-59
-56
-78
-76
-73
-55
-29
-51
-76
-68
-35
-56
-79
-44
-10
-36
-37
-32
-26
-48
-33
-27
-1
19
-5
16
31
-15
-18
26
28
19
-42
-38
-9
33
15
0
-8
23
-10
-9
8
0
19
16
63
41
16
8
44
-5
-31
6
-2
16
-25
7
54
8
31
7
-11
31
0
-9
-23
-15
-6
-43
-41
-31
-6
15
25
9
8
6
-12
10
-62
-60
-1
-1
6
21
26
7
14
-38
-48
-6
-13
-23
-38
-4
9
-6
-37
2
-6
-26
9
21
4
33
3
-11
-4
-7
4
-50
-59
-22
-12
14
19
13
68
31
-1
42
5
-12
46
-1
-12
-17
-27
-13
-28
-33
-31
-17
3
-27
-34
-40
-73
-33
-26
-31
-24
9
-13
-33
-29
-25
-31
-26
-64
-20
-57
-64
-58
-60
-37
-62
-38
-14
-43
-62
-70
-81
-29
-69
-73
-80
-103
-41
-85
-64
-61
-103
-81
-92
-65
-75
-77
-135
-145
-105
-114
-98
-108
-67
-68
-76
-68
-32
-18
-28
-80
-45
-41
-29
-9
-9
-34
-11
17
-16
-2
-35
-19
-37
-14
18
20
20
-3
-1
6
1
-24
1
38
54
34
38
12
68
78
66
96
53
115
137
105
66
119
123
101
105
111
106
99
128
133
157
118
134
110
131
193
188
173
165
182
162
121
109
136
135
132
129
108
99
68
52
81
100
68
81
67
48
48
54
54
1
-15
-3
-7
-22
-10
-24
-3
-4
-27
-28
-27
-45
-22
1
-50
-53
-77
-66
-68
-61
-91
-113
-122
-178
-126
-120
-133
-132
-131
-143
-140
-136
-151
-131
-123
-139
-136
-143
-146
-127
-114
-121
-117
-142
-114
-76
-122
-115
-156
-128
-102
-147
-157
-148
-144
-172
-120
-111
-106
-71
-106
-141
-181
-178
-135
-112
-128
-87
-87
-86
-65
-91
-101
-78
-23
-47
-36
-36
-24
-22
-7
19
-5
-22
-11
-11
3
16
4
-36
-67
-47
-41
-15
-4
-18
-2
-1
-18
-23
-24
11
27
3
-9
10
-3
4
-11
10
38
-11
16
16
-3
-19
22
49
64
94
69
79
69
70
82
92
73
82
97
80
97
61
61
34
86
118
86
97
73
72
72
78
54
38
86
91
99
48
98
115
83
54
15
45
22
40
49
73
54
-12
10
30
45
21
-4
16
23
10
-7
42
47
43
-10
8
-2
3
1
-34
-5
-3
-36
25
62
28
47
18
13
43
16
61
34
18
62
51
23
28
-11
22
31
-12
52
23
21
5
15
17
27
-4
10
44
14
10
18
54
37
42
13
72
96
93
86
63
47
53
63
55
81
57
-8
25
54
21
2
-3
-4
-5
6
-14
-6
1
-14
5
-37
-29
-24
-52
-38
-55
-3
43
8
23
-6
-10
-41
-23
12
-12
15
17
25
56
36
-20
2
48
51
22
37
17
38
60
47
33
83
57
42
38
23
98
73
80
83
99
131
136
86
83
119
130
134
126
61
64
105
77
57
111
89
90
86
65
68
53
73
68
93
71
122
113
105
96
105
100
120
120
135
148
167
129
160
175
167
174
144
178
160
138
122
140
153
170
137
104
172
161
150
131
141
142
148
132
85
93
110
93
65
89
124
118
104
128
114
107
129
67
92
53
38
66
49
87
59
24
-33
-41
-7
-12
-22
7
1
-25
-10
3
-5
-8
-9
1
0
4
9
-2
-20
-22
-8
6
-34
15
-18
-2
21
-14
18
-10
-4
-36
-35
-17
20
-5
4
-27
-24
-16
1
35
6
21
17
43
56
63
71
68
47
51
42
30
51
46
54
48
50
63
67
68
103
92
47
12
52
72
56
66
66
133
109
99
92
56
60
45
51
46
96
59
82
73
48
94
43
45
65
56
15
62
79
59
58
74
77
41
83
58
45
45
77
25
-8
58
90
96
49
58
89
79
47
52
28
14
22
30
18
35
14
14
47
56
60
72
65
44
47
60
21
46
53
29
22
21
-5
-8
53
3
-13
42
31
46
8
37
33
-9
27
-11
31
43
56
53
45
59
56
86
65
67
68
74
106
97
86
91
110
136
93
132
158
150
185
141
141
117
130
126
144
146
166
206
141
137
184
172
167
201
214
194
185
159
132
148
123
157
118
138
143
147
176
167
176
180
176
171
196
199
174
167
140
141
169
170
138
127
129
117
132
98
158
113
63
49
78
70
70
64
38
42
-22
22
-7
33
20
-11
26
37
12
-24
-21
-64
-46
-80
-60
-7
-76
-84
-86
-69
-97
-108
-77
-111
-108
-99
-134
-86
-98
-80
-93
-92
-27
-78
-37
-5
-37
-58
-69
-82
-99
-73
-87
-115
-122
-83
-47
-30
-28
-21
-56
-66
-45
-44
-18
6
10
12
26
36
43
30
47
58
65
30
7
70
70
64
92
101
124
95
98
89
80
136
160
151
156
189
216
205
193
159
132
148
133
138
140
181
147
169
209
179
188
206
242
197
194
248
188
235
233
228
280
282
256
272
291
270
298
249
256
257
257
244
242
233
245
232
234
213
195
211
236
267
224
212
204
217
201
228
251
230
199
195
205
198
189
211
206
213
187
176
212
139
139
158
140
124
111
116
105
100
97
110
129
162
124
136
117
99
115
113
88
60
79
67
96
85
55
79
83
46
58
70
54
75
87
84
41
25
18
40
59
26
-11
17
6
35
48
51
57
56
25
24
43
24
27
-15
17
0
-26
17
23
-15
14
28
4
24
1
18
-31
-9
14
-23
3
-79
-39
-47
-42
-59
-48
-40
-15
-5
4
-2
-20
-14
-13
25
-53
-19
17
-55
-28
0
-20
-56
-52
-31
5
-27
-32
-24
-34
-23
-17
-7
-20
19
46
27
18
2
60
6
-8
-10
32
12
43
30
-2
20
26
36
1
69
74
61
70
65
59
72
46
56
81
91
96
107
124
130
168
155
152
161
125
112
128
154
176
163
167
170
165
188
148
173
192
193
226
185
213
216
210
250
224
212
200
199
230
200
215
224
179
230
170
182
186
147
192
172
177
144
198
201
186
180
157
159
149
171
174
171
178
118
146
182
178
168
97
152
127
105
97
110
116
74
109
71
66
99
91
91
80
86
89
36
78
85
73
56
63
23
11
30
59
30
0
11
15
-9
-15
28
24
-2
9
7
8
-3
3
22
9
-6
-40
-7
5
15
42
14
3
-8
-49
-34
3
-19
-19
-5
6
39
-1
53
72
27
24
7
-20
-31
13
-1
-9
-23
15
41
3
-3
3
23
-13
-1
-10
-15
26
38
36
12
63
64
47
1
56
43
25
26
36
54
65
79
89
88
21
77
60
57
45
28
35
20
13
43
60
48
41
-5
7
-6
19
88
59
51
68
46
49
40
67
61
33
-3
6
6
-40
-16
-12
17
16
30
69
44
-3
3
-6
-14
-19
-42
-7
-52
-20
-36
-70
-11
-9
-21
-20
11
-33
-19
-6
-2
18
-3
29
24
32
35
10
-33
-24
-10
-8
12
39
71
53
25
-2
23
13
-2
-17
10
37
13
19
0
48
30
13
17
30
35
29
-1
17
20
32
72
-3
69
71
67
62
54
78
78
86
108
101
98
84
84
75
66
80
55
66
31
43
78
49
48
52
50
67
69
81
65
127
124
99
83
128
93
109
142
125
122
82
89
67
99
81
71
46
106
122
93
83
75
91
36
41
27
38
34
42
30
6
14
-9
-16
-43
-42
-37
-56
-41
-43
-34
-25
-58
-36
-14
-8
-11
-2
-23
-38
-34
-43
-50
-30
-46
-32
-93
-116
-61
-113
-125
-92
-105
-77
-65
-106
-61
-61
-103
-73
-82
-88
-101
-95
-84
-89
-63
-97
-94
-100
-86
-73
-97
-110
-109
-123
-141
-113
-107
-112
-145
-115
-78
-147
-119
-125
-147
-115
-161
-117
-68
-96
-75
-95
-124
-122
-98
-169
-126
-102
-107
-133
-202
-151
-187
-179
-138
-196
-218
-173
-196
-181
-188
-154
-176
-205
-204
-198
-176
-198
-226
-211
-167
-237
-283
-292
-328
-363
-471
-552
-732
-901
-1606
-3113
-4144
-4988
-5738
-6889
-8824
-9822
-10087
-10339
-10297
-10613
-10511
-9409
-8533
-7379
-6350
-5662
-4417
-3584
-2930
-2087
-1522
-997
-515
-442
146
1290
2225
3158
4041
5414
7617
9696
11461
13256
14928
17034
18849
20183
21113
21125
20448
19170
17644
15711
12927
9260
5452
2087
-905
-3806
-6727
-9430
-11524
-12539
-13030
-13221
-13364
-13391
-12884
-12118
-11162
-10368
-9902
-9415
-8863
-8043
-6942
-5809
-4557
-3408
-1880
191
2649
5068
6967
8753
10609
12451
13906
14586
14602
14144
13382
12309
10871
8962
6739
4399
2251
454
-1140
-2686
-4182
-5382
-6209
-6618
-6852
-7123
-7579
-8039
-8192
-8161
-8172
-8355
-8664
-8631
-8178
-7397
-6491
-5555
-4275
-2742
-958
1090
2996
4675
6130
7413
8550
9380
9801
9689
9103
8173
7099
5781
4297
2337
198
-1750
-3550
-5111
-7216
-9957
-11850
-13407
-14664
-16040
-18093
-19156
-19533
-19563
-19066
-18821
-18041
-16253
-14329
-11872
-9355
-6870
-3879
-1186
1305
4032
6462
8677
10457
11678
13051
14674
15806
16604
17093
17766
19118
20120
20864
21397
21900
22792
22941
22390
21060
19216
17187
14054
10209
5859
1284
-3031
-7620
-12172
-15868
-18793
-20714
-22128
-22985
-22412
-20963
-19039
-17006
-14900
-12241
-9486
-7049
-5131
-3512
-1885
-357
1076
2143
3277
4777
6236
7997
9652
11388
13295
14894
16225
16990
17405
17506
16836
15283
13050
10533
7858
4707
1199
-2283
-5324
-7788
-9968
-11760
-13005
-13630
-13556
-13262
-12718
-11902
-10889
-9825
-8964
-8136
-7289
-6509
-5730
-5117
-4364
-3256
-1940
-420
1018
2785
4697
6687
8514
10123
11216
12086
11629
9172
7510
4879
1780
-2130
-7732
-11601
-14777
-17868
-19870
-22389
-23347
-22070
-21252
-19294
-17167
-15211
-12027
-9845
-7839
-5593
-4316
-2764
-1629
-1218
106
2028
3619
5219
7114
9591
13269
16538
19109
21981
24371
27157
29275
30030
30630
30620
30065
28564
25649
22073
18242
13981
9306
4112
-1146
-5855
-9856
-13687
-17241
-19708
-21327
-22208
-22625
-22845
-22019
-20660
-19342
-17820
-16494
-14524
-12280
-10263
-8313
-6413
-3945
-1199
1564
4135
6769
9769
12600
15230
17344
19074
20571
21354
21371
20780
19553
18020
15833
12934
9927
6819
3852
840
-2262
-5046
-7332
-9070
-10604
-12020
-13105
-13801
-14058
-14233
-14393
-14348
-14037
-13499
-12899
-12161
-10925
-9453
-7742
-5899
-3771
-1355
1143
2594
3393
4320
5225
6024
5291
3480
1940
698
-382
-2089
-4663
-6579
-7772
-8748
-9492
-10595
-11349
-11507
-11779
-11684
-11516
-11199
-10469
-10123
-9564
-8303
-6372
-4188
-2373
-570
2004
5422
8775
11792
14181
16974
20023
22751
25036
26490
27951
29364
30340
30637
30442
28064
24946
21853
18507
15589
9802
2987
-2239
-6599
-9960
-14465
-19643
-22015
-23062
-24033
-24395
-24530
-22929
-21080
-20459
-18701
-15928
-13060
-10884
-10100
-8373
-5131
-2072
296
2165
4306
7288
10758
13659
16215
18096
19453
21191
22235
22558
21802
20080
18319
15956
12918
9858
6623
3211
-596
-4320
-6839
-8437
-10215
-12451
-14441
-14825
-14278
-14142
-14672
-15081
-14451
-13462
-12676
-12097
-11362
-10296
-9306
-8478
-7858
-6700
-5151
-4215
-3633
-3288
-2196
-730
-159
-214
-564
-568
-167
-644
-1851
-3232
-4338
-4977
-6215
-7702
-8727
-9367
-9701
-9719
-9598
-8606
-7005
-5377
-3561
-1465
1265
4313
6972
9240
11806
14512
17363
19539
20970
22923
24806
26874
28615
29603
30213
28929
26599
24551
22367
19577
13889
6589
1231
-2708
-6593
-12088
-18231
-21458
-22517
-23422
-24362
-24886
-23507
-21509
-20389
-18583
-15793
-12817
-10959
-10385
-8947
-6017
-2999
-1288
-182
1428
4406
8155
11167
13522
15549
17566
20031
21886
22691
22340
20972
19618
17668
14860
11665
8118
4368
407
-3477
-6122
-8004
-9892
-12320
-14340
-14455
-13555
-13100
-13720
-14295
-13574
-12255
-11471
-11328
-11054
-10266
-9210
-8032
-6709
-5707
-5175
-4808
-4382
-3502
-2761
-2778
-3501
-4492
-4932
-4853
-5096
-6108
-7394
-8307
-8276
-7955
-8153
-8814
-9301
-8956
-8092
-7411
-6613
-5655
-4658
-3048
-1072
1315
3789
6045
8370
10963
14077
17423
20119
22387
24363
26215
28518
30492
32093
32526
31701
29408
26530
24143
20851
15464
7902
682
-4074
-7702
-12689
-18741
-23372
-24735
-24486
-24916
-25255
-24438
-22276
-20110
-18678
-16395
-13470
-11356
-10467
-9854
-7623
-4306
-1766
-462
808
3741
7890
11900
14678
16691
18925
21345
23448
24313
23798
22313
20200
17735
14811
11268
7465
3390
-756
-4545
-7488
-9368
-10744
-12577
-14443
-15059
-14165
-12972
-13010
-13774
-13945
-12783
-11593
-11280
-11380
-10943
-9914
-9545
-9041
-8122
-6478
-5014
-4827
-4508
-3328
-1589
-447
-1158
-2459
-2616
-2279
-2381
-3887
-6216
-7414
-7806
-8193
-9110
-10416
-10607
-9944
-9267
-8516
-7130
-5044
-2903
-1083
818
3732
7008
9589
11533
13357
15913
19149
21350
22899
24376
26305
28965
30946
32204
32553
31877
29693
27020
24046
20235
14977
7279
-117
-5673
-10319
-15183
-20948
-25801
-27483
-27527
-27308
-26592
-25615
-23282
-20512
-18202
-15112
-12197
-10003
-8492
-7508
-5303
-2357
-64
1410
2863
5454
9157
13024
15928
18207
20275
22312
24256
25078
24589
22799
20159
17296
14055
10191
5871
1247
-3203
-7000
-10022
-12017
-13512
-15033
-16292
-16586
-15609
-14257
-13689
-13810
-13738
-12749
-11493
-10899
-10636
-11229
-11670
-11216
-10636
-9589
-9264
-9325
-8574
-7380
-5383
-3599
-3049
-2704
-2181
-1629
-866
-1110
-2369
-3850
-5583
-6365
-7022
-8254
-9295
-10027
-9818
-8611
-6736
-4687
-2592
-281
2620
6094
9318
12157
14358
16207
18436
20539
22444
23834
24757
25929
27445
29344
30824
31263
30351
27626
25094
22722
19454
14304
6249
-1329
-6604
-11001
-15913
-22219
-27370
-28846
-28846
-28704
-28114
-26700
-23452
-20551
-18225
-14691
-10928
-7650
-6264
-5694
-3370
83
2725
3696
4351
6569
10347
14038
16412
18213
20073
22111
23847
24285
23763
22222
19585
16331
12613
8780
4769
82
-4817
-9056
-12155
-13839
-15105
-16709
-18078
-18283
-16783
-14875
-13920
-13812
-13509
-12073
-10696
-10263
-11147
-12069
-11640
-11039
-10599
-10499
-10180
-8987
-7640
-6140
-4541
-3059
-1740
-1064
-1086
-1064
-971
-1590
-3326
-5796
-7582
-8565
-9371
-10531
-11780
-11885
-10536
-8337
-6306
-4272
-1651
1563
4883
7677
10189
12554
14655
16299
17938
19413
21127
22550
23567
25081
26708
28780
30857
32048
32433
31144
28396
25759
22486
18121
10901
1566
-5659
-10846
-15642
-21781
-28504
-31655
-31174
-30227
-29574
-28447
-25229
-20617
-17545
-14901
-11390
-7614
-4901
-4708
-4325
-1719
1433
3116
3311
4387
7969
12543
15888
17852
20044
22653
25103
26098
25515
24264
21833
18364
14022
9400
4887
84
-5117
-9959
-13652
-15717
-16729
-17541
-18387
-18683
-17471
-15136
-13282
-12716
-12782
-12123
-10636
-10388
-11438
-12615
-13225
-12816
-12581
-12560
-11752
-10358
-8335
-6272
-4407
-2064
276
1436
1828
1602
1212
704
-1233
-4063
-6953
-9193
-10342
-11722
-13303
-13761
-12767
-10536
-8071
-5788
-2850
722
4223
7210
9504
11647
13778
15396
16329
17270
18538
20079
21467
22628
23722
25688
28071
30178
31754
32613
31701
28999
25960
22306
17945
10606
957
-6866
-12527
-17065
-22914
-29450
-32189
-31118
-29326
-28043
-26528
-22690
-17613
-14428
-12069
-9018
-5579
-3138
-3408
-3705
-1642
1184
2974
3203
4330
7968
12757
16418
18718
21094
23721
26031
26689
25731
24053
21234
17248
12378
7257
2536
-2233
-7246
-11756
-15071
-16716
-17032
-17121
-17306
-17018
-15605
-13172
-11217
-10650
-10812
-10540
-9498
-9457
-10570
-11611
-11790
-11083
-10631
-10187
-8988
-6990
-4703
-2883
-1327
511
2228
2837
2342
1227
143
-1156
-3348
-6175
-8982
-10896
-11784
-12537
-13322
-13340
-11699
-9253
-6840
-4571
-1854
1456
4532
6836
8709
10562
12459
13996
14980
16026
17492
19449
21379
22766
23816
25651
28090
30080
31672
32528
31681
28763
25218
21388
17042
10491
1146
-7074
-12809
-16790
-21382
-27177
-30300
-29465
-27271
-25535
-24151
-21124
-16554
-13406
-11648
-9384
-6433
-4009
-3806
-4593
-3120
-24
2541
3613
4582
7878
12737
16963
19466
21318
23476
25374
25812
24489
22419
19524
15444
10504
5360
886
-3225
-7613
-11711
-14748
-16055
-16000
-15721
-15656
-15546
-14560
-12661
-10932
-10398
-10914
-11682
-11576
-11299
-11512
-12091
-12599
-12002
-10767
-8849
-6500
-4302
-2104
-13
2093
4146
5478
5547
4508
2788
1015
-758
-3166
-6146
-9272
-11550
-12582
-12889
-12951
-12810
-11805
-9785
-7207
-4550
-2190
43
2083
4020
5841
7318
8589
9524
10289
11466
13067
14775
16841
18644
20763
23483
25844
28220
30248
31795
32720
31272
27603
23828
19980
15681
8708
-936
-8628
-13454
-16886
-21245
-26702
-29034
-27371
-24984
-23397
-22171
-19267
-14997
-12419
-11245
-9523
-6936
-4836
-4889
-5589
-3975
-576
2461
3795
5127
8710
13915
18234
20429
21925
23641
25195
25120
23165
20305
17012
12958
7993
2873
-1431
-4973
-8523
-12094
-14730
-15511
-14867
-14258
-14393
-14640
-13791
-12024
-10826
-10973
-12239
-13054
-12774
-12552
-12528
-12915
-12767
-11581
-9927
-7651
-5125
-2768
-703
919
2420
4076
4783
4213
2411
219
-1414
-3140
-5510
-8298
-10987
-12457
-12761
-12690
-12439
-11880
-10572
-8487
-6143
-3992
-1843
208
1853
3443
4856
6551
8041
9006
10151
11581
13731
16343
18501
20447
22722
25128
28004
30149
31551
32574
31819
29016
24852
20489
16378
10758
2399
-6114
-12477
-16220
-19265
-23899
-27529
-27858
-25683
-23181
-21702
-19934
-16663
-13586
-11705
-10189
-8389
-6238
-5102
-5202
-4370
-1712
1609
4336
6070
8568
12814
17421
20794
22360
23272
24263
24578
23288
20538
16924
12882
8416
3596
-911
-4693
-7943
-11033
-13674
-15070
-14990
-14240
-13938
-14234
-14066
-12948
-11631
-11135
-11736
-12802
-12965
-12440
-11947
-11501
-11195
-10166
-8475
-6395
-3884
-1624
173
1483
2403
3226
3742
3117
1423
-927
-3207
-4863
-6729
-8916
-11147
-12837
-13301
-12892
-12290
-11664
-10725
-9268
-7313
-5190
-3320
-1612
-133
1266
2966
4610
6367
7798
9126
10892
12953
15454
17994
20078
22456
24810
26872
29164
30826
32041
32492
31449
28800
24993
20778
16185
10418
2589
-5143
-11142
-15392
-19133
-23500
-26908
-27446
-25921
-24256
-22861
-21200
-18378
-15320
-13408
-11608
-9618
-7510
-5867
-5274
-3756
-884
2346
5161
7237
10113
14184
18227
21035
22535
23501
24253
24198
22617
19844
16422
12557
8234
3673
-659
-4365
-7598
-10671
-13196
-14627
-14857
-14616
-14746
-14959
-14788
-13966
-12983
-12708
-12931
-12922
-12309
-11163
-10746
-10205
-8783
-7006
-4678
-2970
-1298
803
2406
3542
3803
3429
3194
2186
51
-2276
-4681
-6605
-8470
-10895
-12543
-13535
-13834
-13539
-13464
-12930
-11737
-10179
-8653
-7443
-6129
-4418
-2616
-1137
326
2202
4169
6320
8188
10107
12634
15008
17497
19687
21762
24120
26067
27824
29218
30763
32264
32426
30872
27134
23035
19602
15205
9056
673
-7365
-12614
-16446
-20666
-25301
-28592
-28681
-27049
-25972
-24252
-21857
-18600
-15606
-13963
-11421
-8270
-5773
-4404
-4014
-2112
1512
4888
7049
8659
11540
15710
19487
21678
22788
23718
24253
23783
21879
19059
15816
11848
7056
2272
-1855
-5176
-8410
-12027
-14777
-15960
-15828
-15470
-15885
-16264
-15813
-14514
-13247
-12890
-12878
-12623
-12031
-11333
-10731
-9741
-8438
-7090
-5716
-4006
-1589
790
2335
2988
3491
4261
4521
3515
1410
-928
-2961
-4956
-7320
-9790
-12028
-13462
-14147
-14458
-14214
-13417
-12211
-10910
-9403
-7408
-5142
-3099
-1559
-209
1626
3769
5759
7178
8380
10219
12521
14940
17029
18938
21085
23529
25694
27583
29315
30663
32246
32363
30373
26590
22395
18921
14381
7432
-1326
-8803
-13621
-17201
-21551
-26323
-28576
-27758
-25832
-24503
-23129
-20238
-16706
-14246
-12822
-10714
-7698
-5447
-4835
-4574
-2268
1548
4754
6743
8563
12105
16606
20208
22154
23088
24082
24553
23607
21104
17955
14514
10332
5403
506
-3271
-6315
-9427
-12645
-14959
-15461
-14830
-14525
-14997
-15281
-14529
-13257
-12447
-12524
-12792
-12736
-12297
-11548
-10656
-9318
-8065
-6791
-5062
-2771
-49
2012
2885
3253
3812
4417
4170
2332
-155
-2391
-4411
-6228
-8395
-10665
-12322
-13343
-13597
-13300
-12732
-11718
-10747
-9617
-7956
-5975
-4008
-2565
-1519
-51
2002
4179
5988
7420
9041
11373
13926
16269
18497
20405
22482
24578
26335
28169
29768
30836
31958
31691
29178
25529
21351
17867
13464
5905
-2570
-9351
-13693
-16975
-21872
-26620
-28104
-26996
-25131
-24148
-22861
-19584
-16063
-13916
-12233
-9861
-6666
-4478
-4082
-3205
-399
3444
6364
7969
10024
13836
18199
21245
22681
23441
24397
24753
23420
20790
17654
14220
10046
5133
522
-3004
-6042
-9286
-12444
-14494
-14783
-14312
-14426
-15009
-15130
-14160
-12844
-12239
-12338
-12399
-11982
-11248
-10415
-9377
-7966
-6439
-4970
-3236
-922
1481
3292
3873
4061
4535
4810
4128
2100
-430
-2623
-4515
-6442
-8628
-10853
-12382
-13223
-13540
-13473
-13064
-12305
-11436
-10506
-9118
-7322
-5665
-4447
-3396
-1994
143
2333
4005
5335
6963
9298
11778
13934
15639
17514
19486
21422
23021
24249
25708
26902
27843
28899
29054
27085
23546
19457
16177
12771
6311
-1891
-9116
-13665
-16487
-20825
-25797
-27887
-27129
-25391
-24189
-22904
-19505
-15729
-13414
-11562
-8949
-5442
-2758
-2201
-1671
702
4230
7237
8668
10046
13027
16977
20012
21457
22205
22936
23264
22145
19829
17049
13811
9826
4977
262
-3293
-6206
-9418
-12822
-15265
-15861
-15305
-15164
-15637
-15765
-14881
-13384
-12410
-12155
-12158
-11899
-11162
-10377
-9449
-8342
-7226
-5989
-4611
-2731
-309
1378
2021
2336
2768
3289
2867
1215
-1036
-3276
-5149
-6933
-9107
-11324
-13014
-14000
-14317
-14261
-13756
-12876
-11904
-10704
-9080
-7069
-5103
-3528
-2233
-666
1374
3543
5201
6502
8068
10002
12293
14201
15813
17527
19345
21195
22585
23935
25181
26312
27431
28209
28594
26527
22842
18990
15357
11927
5708
-2430
-9485
-14149
-17092
-20916
-25627
-27832
-26901
-25290
-23877
-22369
-19350
-15503
-13461
-11708
-9179
-6058
-3431
-3032
-2607
-361
3011
6078
7680
9138
12099
16014
19104
20684
21530
22260
22578
21490
19130
16418
13210
9291
4573
-40
-3514
-6130
-9085
-12229
-14413
-14873
-14100
-13879
-14234
-14329
-13536
-12159
-11371
-11223
-11512
-11443
-10733
-10109
-9320
-8462
-7417
-6065
-4701
-2741
-486
1177
1978
2322
2735
3151
2649
989
-1211
-3484
-5216
-7008
-9150
-11134
-12740
-13509
-13591
-13335
-12656
-11703
-10510
-9070
-7303
-5252
-3314
-1711
-295
1288
3354
5435
7162
8544
10015
12137
14284
16205
17827
19345
20969
22562
24055
25317
26344
27069
27757
28509
28085
25881
22432
18663
15391
11276
5049
-2067
-8124
-12308
-15705
-19846
-23515
-24765
-24190
-23041
-21909
-20121
-16968
-14094
-12199
-10318
-7906
-5128
-3374
-2868
-1948
220
3041
5364
6914
8765
11799
15138
17646
19139
20113
20929
20973
19829
17720
15200
12211
8497
4191
191
-2833
-5480
-8239
-10855
-12469
-12671
-12261
-12211
-12388
-12127
-11229
-10241
-9765
-9911
-10227
-10086
-9755
-9401
-8974
-8320
-7201
-5959
-4467
-2451
-414
1194
2175
2686
3211
3375
2671
966
-1324
-3416
-5260
-7381
-9621
-11564
-12904
-13483
-13619
-13308
-12543
-11534
-10211
-8707
-7085
-5277
-3658
-2437
-1289
-31
1664
3419
4759
6024
7614
9698
11920
13886
15528
17262
19003
20549
21945
22723
23465
24032
24167
24585
24887
23879
20836
17032
13508
10985
7058
369
-6214
-11436
-14305
-16946
-21082
-24067
-24664
-23695
-22355
-21322
-19272
-15899
-13448
-11810
-9600
-6783
-3703
-2274
-2043
-468
2182
5166
7199
8205
10067
12959
15894
17788
18651
19143
19524
19136
17528
15363
12882
9838
6084
1873
-1463
-3882
-6277
-9039
-11523
-12637
-12329
-11909
-12158
-12387
-12006
-10898
-9910
-9939
-10355
-10429
-10206
-9783
-9661
-9351
-8403
-7337
-6103
-4604
-2700
-611
732
1303
1765
2246
2262
1132
-1067
-3183
-4968
-6799
-8791
-10933
-12425
-13080
-13150
-12679
-11922
-10704
-9058
-7343
-5640
-3819
-1987
-526
450
1348
2678
4282
5617
6605
7808
9578
11862
14004
15701
17320
19024
20767
22278
23011
23617
24079
24314
24725
24707
23007
19622
16143
12922
10167
5617
-1109
-6986
-11483
-14376
-17436
-21444
-23844
-24004
-23239
-22246
-21106
-18992
-15995
-14214
-12742
-10249
-7502
-4917
-3882
-3278
-1023
1916
4762
6724
8161
10656
13803
16562
18229
19122
19685
19877
19158
17313
15172
12546
9239
5267
1283
-1842
-4375
-7081
-10076
-12350
-13360
-13324
-13487
-14214
-14540
-14232
-13516
-13498
-13800
-14058
-13992
-13665
-13820
-13390
-12409
-11062
-9593
-8396
-6759
-4419
-2341
-1151
-671
-247
383
62
-1390
-3196
-5086
-6701
-8478
-10509
-12020
-13053
-13435
-13428
-13167
-12173
-10566
-8852
-7332
-5732
-3794
-1820
-311
766
1994
3616
5342
6753
7945
9492
11587
13899
15809
17554
19228
21131
23052
24061
24899
25475
25841
26429
26435
25532
22829
19225
16049
12818
8994
3307
-2963
-7903
-11556
-14422
-17609
-20639
-21764
-21189
-20297
-19001
-17198
-14748
-12289
-10729
-8698
-6035
-3676
-1978
-1243
107
2626
5228
7471
9049
10779
13382
16115
18060
19099
19626
19821
19373
17962
15946
13516
10555
7015
3254
-54
-2692
-5024
-7611
-9954
-11242
-11478
-11277
-11581
-11944
-11748
-11059
-10607
-10697
-10830
-10945
-10642
-10526
-10378
-9578
-8676
-7321
-6140
-4892
-2975
-1053
264
916
1150
1496
1522
373
-1290
-3156
-4957
-6529
-8518
-10268
-11459
-12264
-12437
-12479
-12081
-10972
-9668
-8355
-7061
-5484
-3719
-2265
-1232
-179
1182
2752
4265
5465
6795
8649
10779
12738
14554
16246
17876
19667
20848
21782
22727
23021
23275
23337
23486
23132
21041
17587
14246
11479
8273
3631
-2610
-7876
-11300
-14007
-16947
-20156
-21738
-21327
-20424
-19382
-17730
-15339
-12795
-10878
-9167
-6707
-4068
-2234
-1200
-319
1696
4477
6654
8195
9612
11824
14578
16617
17641
18133
18422
18179
17053
15038
12691
10022
6669
2928
-580
-3280
-5512
-8046
-10536
-12044
-12355
-12111
-12221
-12554
-12359
-11568
-10796
-10724
-11063
-11020
-10675
-10369
-10440
-10275
-9302
-8092
-6816
-5702
-4235
-2173
-447
432
896
1354
1700
1148
-467
-2126
-3597
-5175
-6903
-8690
-9945
-10439
-10520
-10310
-9833
-8702
-6926
-5118
-3576
-2055
-365
1253
2376
3129
3969
5097
6151
6956
7832
9260
11156
12947
14542
16138
17970
19877
21187
22031
22698
23228
23519
23387
23289
22426
20486
17455
13970
11215
8013
3734
-1557
-6590
-9903
-12399
-14985
-17745
-19330
-19342
-18407
-17515
-16377
-14363
-12433
-10674
-9183
-7312
-4987
-3407
-2464
-1509
198
2596
4682
6159
7517
9497
11854
13772
14813
15222
15491
15271
14293
12613
10466
8137
5249
1986
-1086
-3551
-5640
-7846
-9991
-11504
-11869
-11837
-12049
-12351
-12340
-11665
-10929
-10929
-11223
-11241
-10916
-10497
-10463
-10476
-9740
-8604
-7512
-6529
-5461
-3874
-2313
-1520
-1140
-866
-641
-1057
-2494
-4045
-5373
-6731
-8362
-9972
-11245
-11782
-11861
-11700
-11260
-10332
-8688
-6852
-5201
-3584
-1882
-209
1088
2082
3094
4133
5204
6067
6930
8180
9829
11594
13213
14681
16367
18166
19602
20731
21322
21739
22222
22176
22349
22183
20816
19020
15994
13150
10842
7149
3136
-1798
-6200
-8722
-11259
-13888
-16086
-17445
-17212
-16164
-15491
-13933
-12158
-10517
-8519
-7093
-5010
-2927
-1862
-795
176
1834
4039
5515
6637
7919
9760
11774
13273
13936
14185
14335
13804
12812
11119
8942
6542
3729
721
-1811
-4004
-5985
-7922
-9843
-10669
-10763
-10830
-10873
-11134
-10904
-10249
-10384
-10415
-10602
-10744
-10480
-10862
-10887
-10238
-9334
-8095
-7079
-5963
-3956
-1985
-774
105
496
1015
1030
-93
-1427
-2962
-4609
-6164
-7856
-9283
-9994
-10342
-10270
-9893
-9036
-7440
-5664
-4139
-2457
-729
890
2271
2953
3712
4581
5325
6147
6779
7763
9355
10870
12453
14227
16056
18155
19715
20758
21832
22524
22802
22940
22484
22278
22232
20743
19319
16859
14066
12454
8984
5538
1701
-2548
-4959
-7916
-10813
-12735
-14339
-14859
-14409
-14367
-13172
-11431
-10167
-8087
-6783
-4914
-2616
-1558
-282
885
2310
4280
5441
6531
7905
9415
11006
12216
12956
13431
13810
13442
12658
11384
9671
7808
5256
2637
243
-1860
-3908
-5869
-7601
-8660
-8930
-9311
-9388
-9405
-9224
-8437
-8203
-8310
-8657
-8825
-8630
-8900
-9222
-9338
-8833
-7923
-6857
-5755
-4376
-2686
-1160
-34
612
1148
1207
454
-995
-2474
-3945
-5695
-7496
-9213
-10211
-10535
-10485
-10041
-9311
-8014
-6155
-4278
-2515
-956
434
1766
2544
3102
3782
4295
4714
5269
6092
7458
9047
10598
12239
13771
15572
17302
18434
19054
19146
19039
18607
17504
15943
14447
12950
11314
9494
7329
5188
3717
2084
110
-1762
-3862
-5230
-6591
-8435
-9496
-10551
-11309
-11592
-11786
-11252
-10287
-9413
-8075
-6616
-5070
-2926
-1346
46
1453
2616
4076
5037
5471
6055
6486
6790
6971
6968
6984
6863
6560
6065
5496
4830
4020
2826
1345
-11
-1230
-2549
-3936
-5206
-6278
-6840
-7332
-7617
-7516
-7356
-6741
-6108
-5983
-5906
-5550
-5243
-5020
-5365
-5945
-5794
-5646
-5316
-4928
-4726
-3978
-2977
-2142
-1353
-834
-619
-618
-1273
-2091
-2833
-4118
-5437
-6831
-7996
-8391
-8673
-8666
-8401
-7847
-6589
-5035
-3575
-2164
-737
573
1654
2404
2991
3550
3767
3930
4265
4823
5680
6549
7400
8635
10084
11458
12721
13586
14326
15049
15240
15097
14747
14281
14060
13707
13398
13270
12565
12088
11398
10165
9105
7139
5039
2837
-5
-2420
-4825
-7164
-8845
-10352
-11377
-11482
-11214
-10543
-9531
-8642
-7088
-5691
-4615
-3455
-2768
-1965
-1399
-989
-397
131
642
1288
2101
3051
4073
5013
5737
6296
6583
6663
6363
5534
4422
3105
1680
190
-1253
-2666
-3757
-4552
-5126
-5308
-5415
-5324
-5074
-4934
-4958
-5308
-5436
-5651
-5977
-6259
-6968
-7089
-7022
-6550
-5741
-4898
-3473
-1822
-229
1134
2212
2671
2600
1818
706
-497
-2224
-3785
-5316
-6715
-7561
-8139
-8394
-8414
-8078
-7266
-6187
-5079
-3914
-2663
-1552
-658
-1
474
825
1020
1260
1470
1876
2531
3366
4235
5285
6672
8113
9427
10541
11469
12230
12596
12728
12577
12038
11340
10590
10064
9554
9296
9171
8640
7996
7465
6558
5430
3633
1299
-833
-3460
-5857
-8083
-10267
-11743
-12915
-13428
-13179
-12477
-11422
-10078
-8688
-6894
-5245
-4038
-2821
-2119
-1411
-826
-558
-1
392
805
1495
2419
3479
4435
5316
6121
6686
6877
6735
6206
5138
3673
1985
261
-1505
-3235
-4784
-6037
-6846
-7420
-7578
-7473
-7151
-6700
-6725
-6745
-6578
-6586
-6706
-7379
-8004
-8271
-8430
-8349
-8443
-8306
-7913
-7331
-6890
-6576
-6246
-6055
-5953
-6146
-6240
-6499
-6895
-7497
-8385
-9085
-9663
-10157
-10891
-11734
-12302
-12604
-12676
-12827
-12705
-12063
-10968
-9378
-7593
-5672
-3799
-2373
-1381
-773
-200
478
1172
1812
2717
3863
5119
6456
7660
8941
10024
10680
10834
10492
9764
8742
7631
6443
5440
4781
4440
4581
4757
4742
4978
4814
4348
3404
1507
-276
-2356
-4772
-6928
-9239
-10841
-11634
-12248
-12176
-11654
-10591
-8968
-7518
-6107
-4510
-3322
-2352
-1572
-1251
-831
-624
-425
16
382
1164
2219
3287
4482
5688
7001
8123
8684
8832
8594
7968
7018
5701
4236
2876
1639
807
435
377
465
578
533
534
659
481
331
124
-105
-178
-360
-364
-99
125
675
1371
1828
2223
2140
2155
2569
3001
3334
3007
1839
198
-1890
-4127
-6272
-8551
-10503
-12115
-13335
-14127
-14655
-14819
-14586
-13985
-12915
-11518
-10187
-8963
-7919
-6985
-6204
-5469
-4842
-4399
-3878
-3471
-3013
-2418
-1848
-1080
-116
942
2112
3271
4208
5050
5663
5970
6151
6017
5745
5278
4598
4100
3710
3527
3471
3560
3991
4446
4571
4594
4412
4121
3586
2278
782
-728
-2272
-3803
-5524
-6987
-7813
-8317
-8582
-8459
-8073
-7241
-6455
-5895
-5067
-4427
-3998
-3799
-4032
-4048
-4053
-4117
-4128
-4217
-3885
-3185
-2445
-1708
-852
11
847
1348
1534
1744
1643
1434
852
-155
-1211
-2321
-3359
-4131
-4414
-4220
-3629
-2941
-2403
-2073
-2208
-2923
-3807
-4625
-4706
-3875
-2790
-1342
-23
1149
2536
3601
4600
5946
7369
8439
8572
7491
5389
2263
-1517
-4905
-7381
-8854
-10327
-12448
-14751
-17050
-18619
-18773
-17757
-16383
-15304
-14397
-13464
-12782
-12193
-11607
-11196
-11138
-11240
-11119
-10767
-10103
-9278
-8323
-7015
-5513
-3930
-2322
-856
585
1824
2926
3899
4754
5353
5668
5816
5904
5966
5884
5860
5740
5770
5917
6197
6645
7030
7450
7623
7553
7472
7064
6587
5419
3814
2315
893
-389
-1944
-3466
-4569
-5081
-5551
-5862
-6166
-6426
-6409
-6666
-6603
-6447
-6265
-5726
-5246
-4582
-3631
-2847
-2084
-1425
-934
-217
729
1612
2483
3219
3858
4601
4947
4971
4708
3952
2674
608
-2048
-4930
-7421
-8678
-8313
-6443
-3513
330
4953
9413
11717
11040
8186
3788
-883
-4327
-6653
-8122
-8380
-7647
-5842
-3463
-1199
990
3221
5448
7623
9491
11062
12424
13098
13044
12296
10890
9198
7188
5020
2881
467
-1977
-4428
-6816
-8864
-10501
-11563
-12021
-12058
-11688
-11046
-10502
-10043
-9487
-8917
-8286
-7708
-7195
-6551
-5705
-4748
-3816
-2864
-1901
-769
272
1201
2031
2766
3403
3836
4172
4395
4504
4454
4484
4477
4506
4694
4869
5169
5572
6080
6590
6749
6708
6618
6484
6122
5301
4302
3259
2369
1264
304
-452
-970
-1014
-951
-381
708
1973
3021
3647
3902
3817
3306
2405
1558
1050
1016
1667
3042
5353
8434
11406
13505
14227
13895
13666
13935
14213
14239
13949
13330
12312
10705
8732
6631
4341
2129
270
-1126
-1844
-2205
-2449
-2556
-2618
-2771
-3183
-4177
-5438
-6703
-7985
-9101
-10079
-10678
-10859
-10771
-10599
-10355
-10176
-9966
-9988
-10261
-10497
-10674
-10468
-10092
-9693
-9187
-8704
-8380
-8203
-8150
-7978
-7681
-7482
-7206
-6888
-6535
-6080
-5645
-5321
-4872
-4428
-4022
-3801
-3729
-3524
-3306
-3273
-3295
-3281
-3190
-2992
-2789
-2488
-2154
-1675
-1098
-577
3
592
1179
1699
2158
2486
2804
3074
3058
3001
2938
2958
3046
3105
3164
3304
3586
4017
4413
4462
4387
4353
4153
3953
3428
2652
2117
1430
869
491
47
-112
2
139
512
1035
1486
2058
2446
2783
3261
3411
3519
3531
3279
3335
3383
3428
3555
3631
3896
4330
4734
5051
5459
5791
6097
6305
6442
6636
6494
6237
5846
5320
4577
3393
1969
612
-311
-710
-570
-248
155
626
915
1125
1387
1745
2246
2740
3030
2887
2612
2930
4071
5430
6181
5723
4219
2529
1211
650
1154
2494
4330
5651
5883
5078
3430
1598
-229
-1971
-3323
-4148
-4345
-4134
-4088
-4235
-4467
-4843
-5200
-5525
-5842
-6022
-5963
-5646
-5246
-4882
-4428
-3871
-3355
-2814
-2189
-1604
-959
-375
104
571
992
1215
1199
992
655
208
-351
-938
-1473
-1873
-2155
-2187
-2136
-1891
-1443
-898
-233
429
1162
1853
2293
2611
2966
3400
3717
3711
3619
3548
3578
3554
3306
2930
2419
2000
1781
1979
2815
4185
5547
6705
7634
8029
7762
6450
4641
3012
1543
108
-1363
-2061
-1675
-899
168
1650
2424
2494
2457
2020
1887
2387
3168
3203
1988
325
-1093
-2214
-2827
-2923
-2539
-1692
-806
-340
-593
-1377
-2594
-4046
-5569
-7035
-8354
-9526
-10491
-11175
-11346
-11210
-10750
-10150
-9366
-8475
-7573
-6707
-6057
-5495
-5200
-5313
-5832
-6771
-7905
-9040
-9963
-10462
-10408
-9800
-8876
-7861
-6832
-5904
-5042
-4226
-3568
-3050
-2528
-2039
-1668
-1368
-1123
-814
-456
-76
327
717
1187
1689
2196
2631
2986
3262
3462
3586
3591
3531
3488
3388
3270
3253
3260
3315
3381
3416
3502
3581
3587
3507
3300
3038
2722
2319
1937
1523
1033
664
255
-41
-131
-269
-211
-170
-116
172
398
807
1229
1521
1972
2397
2893
3462
4040
4607
5290
5960
6626
7436
8081
8771
9481
10171
11092
11858
12413
12730
12669
12384
11882
10941
9952
9058
8229
7757
7421
7305
7362
7244
7034
6589
5806
4759
3505
2383
1658
1320
1266
1255
1222
1374
1761
2210
2737
3075
3239
3400
3761
4439
3989
1637
-1531
-4511
-6715
-8057
-8728
-8951
-8959
-8852
-8761
-8543
-8055
-7172
-5985
-4723
-3383
-2128
-969
-134
458
824
984
1042
1005
1003
856
727
549
376
141
-85
-274
-494
-524
-476
-391
-209
31
208
426
516
569
522
375
158
-86
-373
-645
-821
-933
-873
-785
-480
-23
577
1150
1775
2340
2856
3326
3680
4008
4244
4537
4769
5023
5259
5501
5707
5962
6330
6610
6860
7027
7121
7177
7182
7086
6939
6630
6300
6066
5801
5578
5328
5140
5031
4987
4961
4972
5015
5061
5216
5481
5939
6561
7247
8046
8751
9345
9650
9616
9450
9253
9082
8802
8313
7535
6816
6064
5343
4798
4293
3900
3463
3007
2417
1578
685
-218
-1144
-1817
-2147
-2151
-1771
-1204
-630
89
766
1363
1856
2220
2563
2866
3206
3638
4208
4888
5587
6130
6548
6750
6746
6542
6206
5799
5379
4926
4584
4421
4340
4422
4512
4573
4594
4508
4378
4283
4113
3975
3904
3841
3817
3809
3826
3811
3825
3818
3748
3718
3611
3451
3268
3009
2712
2316
1999
1607
1217
882
654
457
314
339
377
426
468
586
701
854
938
1034
1201
1376
1604
1829
2094
2414
2719
3046
3400
3674
3979
4292
4494
4716
4891
5006
5105
5100
5057
4975
4857
4685
4478
4215
3989
3749
3456
3191
2890
2598
2300
1962
1627
1257
859
508
161
-166
-491
-809
-1097
-1369
-1617
-1757
-1805
-1754
-1677
-1412
-1127
-768
-366
21
468
834
1243
1562
1882
2118
2321
2575
2718
2888
3063
3232
3352
3414
3415
3380
3316
3286
3401
3711
4110
4569
5083
5437
5583
5571
5344
4880
4434
3889
3287
2757
2287
1947
1724
1540
1367
1172
948
653
341
14
-375
-736
-1119
-1496
-1879
-2206
-2543
-2869
-3189
-3486
-3747
-3945
-4120
-4243
-4259
-4251
-4178
-4030
-3795
-3482
-3075
-2610
-2121
-1686
-1267
-964
-790
-722
-838
-1104
-1482
-1999
-2613
-3233
-3862
-4458
-4881
-5197
-5265
-5059
-4771
-4305
-3749
-3201
-2688
-2334
-2117
-2166
-2445
-2852
-3387
-3905
-4343
-4754
-5058
-5225
-5338
-5452
-5480
-5475
-5366
-5150
-4895
-4581
-4316
-4056
-3824
-3677
-3483
-3392
-3365
-3274
-3227
-3183
-3247
-3255
-3329
-3446
-3628
-3844
-4169
-4713
-5378
-6231
-7195
-8255
-9342
-10251
-10936
-11324
-11380
-11251
-10941
-10467
-10044
-9546
-9101
-8768
-8457
-8231
-8027
-7867
-7645
-7403
-7129
-6901
-6734
-6663
-6672
-6707
-6807
-6936
-7130
-7254
-7322
-7368
-7291
-7203
-7023
-6803
-6615
-6398
-6211
-6155
-6125
-6146
-6310
-6528
-6807
-7205
-7566
-7941
-8268
-8407
-8325
-8004
-7493
-6769
-5893
-5034
-4110
-3284
-2420
-1690
-975
-321
208
667
1067
1441
1698
1985
2189
2412
2594
2721
2881
2992
3038
3142
3200
3285
3359
3426
3558
3586
3604
3647
3675
3676
3643
3629
3528
3390
3262
3088
2892
2679
2457
2221
1986
1707
1442
1177
904
593
315
27
-264
-486
-723
-910
-1022
-1040
-1047
-939
-715
-482
-175
164
582
925
1327
1757
2107
2485
2864
3303
3745
4311
4990
5711
6477
7241
7954
8574
9108
9503
9687
9812
9731
9631
9509
9321
9167
8981
8776
8587
8352
8113
7807
7369
6915
6446
6044
5660
5305
4833
4296
3844
3479
3170
2877
2609
2312
2030
1757
1489
1220
1019
889
783
702
581
502
326
187
93
-57
-170
-334
-563
-812
-1016
-1095
-1029
-890
-770
-668
-706
-701
-717
-800
-969
-1178
-1421
-1604
-1746
-1795
-1765
-1628
-1434
-1259
-981
-702
-373
-41
263
560
880
1259
1557
1871
2184
2380
2597
2761
2871
2869
2880
2862
2821
2709
2593
2528
2443
2371
2216
2116
1997
1840
1738
1614
1510
1458
1386
1377
1407
1416
1480
1507
1594
1666
1733
1795
1699
1673
1578
1393
1225
936
550
212
-167
-634
-1089
-1586
-2045
-2570
-3101
-3702
-4467
-5415
-6640
-8164
-9968
-11999
-14089
-16078
-17767
-18946
-19660
-19884
-19669
-19125
-18316
-17284
-16131
-14835
-13441
-11883
-10279
-8584
-6976
-5543
-4262
-3204
-2414
-1837
-1442
-1252
-1163
-1254
-1462
-1831
-2221
-2580
-2801
-2859
-2740
-2522
-2295
-2015
-1750
-1554
-1642
-1921
-2283
-2584
-2721
-2600
-2033
-1232
-279
533
1332
2028
2581
3038
3349
3632
3834
3961
3937
3801
3624
3448
3264
3108
3089
3125
3277
3493
3732
3947
4063
4169
4226
4243
4337
4401
4466
4447
4485
4570
4569
4616
4575
4564
4519
4507
4430
4366
4313
4236
4218
4160
4136
4104
4107
4079
4012
4007
3995
3948
3896
3822
3756
3722
3670
3627
3586
3562
3578
3608
3632
3662
3675
3702
3685
3691
3701
3654
3614
3603
3556
3508
3413
3310
3202
3046
2918
2803
2619
2411
2184
1952
1821
1747
1623
1658
1717
1815
2022
2238
2509
2744
3025
3239
3429
3489
3514
3525
3477
3407
3370
3333
3273
3248
3262
3310
3378
3495
3557
3607
3490
3179
2598
1728
691
-555
-1811
-3024
-4103
-5110
-5961
-6668
-7207
-7403
-7269
-6683
-5851
-4719
-3433
-2116
-836
363
1468
2422
3108
3534
3804
3855
3783
3521
3200
2798
2396
1999
1653
1395
1228
1119
1097
1139
1247
1378
1497
1636
1769
1841
1857
1848
1753
1675
1544
1430
1302
1209
1113
969
970
921
894
910
917
900
869
821
833
753
703
647
590
566
512
565
590
587
604
663
662
619
574
504
445
378
335
288
251
274
315
344
429
575
666
781
894
948
999
1031
1029
1020
1028
1036
997
1022
1047
1045
1105
1224
1308
1406
1501
1517
1541
1524
1550
1516
1490
1491
1498
1512
1500
1581
1708
1719
1790
1863
1881
1981
2051
2024
1996
2005
1992
1995
1927
1888
1915
1915
1947
2007
2062
2099
2156
2233
2265
2300
2351
2399
2380
2408
2487
2505
2559
2626
2700
2841
2978
3022
3142
3199
3273
3352
3369
3417
3500
3650
3818
3989
4154
4310
4377
4344
4351
4307
4168
4056
3895
3756
3546
3373
3201
3015
2867
2667
2522
2383
2217
2067
1891
1708
1516
1268
1023
762
501
222
-28
-317
-553
-784
-975
-1176
-1317
-1462
-1551
-1571
-1595
-1557
-1495
-1374
-1281
-1212
-1124
-1081
-1023
-910
-846
-795
-681
-565
-480
-386
-307
-226
-220
-165
-204
-297
-372
-467
-626
-783
-1004
-1178
-1333
-1558
-1710
-1836
-1928
-1985
-1996
-2039
-1956
-1886
-1819
-1787
-1684
-1656
-1647
-1664
-1799
-1964
-2148
-2411
-2802
-3219
-3654
-4011
-4289
-4541
-4657
-4680
-4653
-4505
-4403
-4266
-4057
-3825
-3569
-3279
-2969
-2683
-2357
-2074
-1773
-1504
-1308
-1096
-885
-736
-549
-348
-183
26
225
466
686
911
1126
1298
1464
1650
1795
1954
2109
2237
2380
2540
2667
2759
2895
2986
3102
3146
3194
3249
3245
3213
3198
3223
3195
3163
3180
3178
3204
3233
3224
3236
3258
3224
3213
3222
3200
3206
3177
3125
3070
3020
3020
3002
2975
2940
2924
2897
2861
2838
2770
2711
2642
2609
2603
2515
2459
2409
2372
2386
2372
2331
2344
2333
2352
2391
2371
2376
2313
2302
2327
2314
2265
2296
2275
2301
2312
2331
2384
2352
2397
2357
2354
2319
2307
2278
2237
2214
2197
2221
2106
2111
2097
2057
2018
1983
1951
1892
1903
1826
1796
1730
1685
1618
1617
1590
1487
1480
1419
1371
1334
1317
1276
1215
1178
1142
1134
1140
1073
1068
1076
1100
1104
1072
1155
1157
1173
1162
1138
1172
1149
1151
1148
1118
1157
1126
1115
1102
1082
1086
1043
1075
1062
1059
994
1013
1008
955
931
854
845
725
668
627
530
427
380
271
118
-28
-93
-183
-281
-319
-475
-580
-676
-756
-880
-1011
-1102
-1240
-1394
-1565
-1690
-1791
-1955
-2100
-2263
-2368
-2469
-2554
-2631
-2665
-2614
-2649
-2598
-2623
-2597
-2539
-2567
-2544
-2557
-2612
-2634
-2611
-2641
-2653
-2624
-2559
-2490
-2395
-2274
-2074
-1855
-1698
-1464
-1262
-1068
-854
-741
-581
-528
-440
-351
-342
-292
-316
-309
-328
-330
-339
-318
-246
-237
-203
-106
-36
51
174
327
439
577
731
908
1078
1198
1319
1398
1565
1661
1716
1817
1844
1878
1921
1949
1984
2013
2009
1965
1963
1965
1980
2012
2022
2029
2053
2096
2141
2152
2214
2229
2276
2347
2385
2471
2537
2634
2671
2735
2828
2849
2909
2985
3009
3084
3156
3167
3222
3273
3271
3258
3294
3317
3352
3362
3358
3377
3374
3373
3345
3331
3295
3287
3270
3186
3108
3063
3047
2977
2895
2895
2838
2799
2741
2747
2768
2785
2789
2774
2785
2819
2869
2881
2895
2865
2855
2831
2855
2815
2784
2748
2694
2669
2666
2637
2589
2568
2491
2460
2422
2376
2347
2313
2249
2214
2148
2127
2085
2012
1947
1914
1883
1808
1793
1758
1697
1705
1677
1623
1593
1536
1478
1456
1426
1365
1370
1276
1257
1234
1165
1174
1097
1008
1011
922
899
832
772
747
653
591
563
532
451
427
348
290
224
168
124
67
53
-2
-31
-81
-108
-122
-158
-209
-247
-289
-365
-389
-430
-450
-504
-472
-453
-453
-466
-479
-451
-437
-444
-400
-364
-330
-309
-273
-191
-142
-80
-46
0
63
57
83
151
184
215
264
245
316
318
309
298
322
343
384
407
436
442
473
487
519
545
560
599
590
684
667
731
736
808
810
843
869
892
896
935
948
887
922
914
918
921
949
915
873
924
891
896
909
894
900
874
861
820
833
839
830
808
758
823
784
767
741
730
715
704
693
632
608
572
575
506
521
482
435
427
369
415
396
346
348
344
363
318
322
322
309
314
294
287
282
291
294
268
246
247
252
228
249
252
231
235
255
219
185
197
180
198
178
182
216
195
208
237
232
266
291
298
256
270
245
220
186
98
28
-66
-173
-246
-325
-388
-440
-479
-534
-576
-559
-533
-488
-494
-507
-454
-404
-370
-364
-316
-276
-222
-179
-130
-96
-57
-16
1
38
3
2
-6
11
-4
-37
-23
-37
-74
-115
-75
-74
-107
-117
-129
-136
-179
-235
-250
-237
-249
-270
-247
-266
-246
-271
-271
-236
-227
-228
-256
-192
-179
-207
-169
-141
-95
-80
-64
-45
-30
-10
-50
-50
-64
-38
-29
-36
-50
-66
-26
-31
-26
-34
-25
-29
-71
-77
-55
-82
-97
-117
-131
-103
-124
-112
-115
-156
-217
-198
-192
-189
-157
-173
-151
-147
-183
-141
-79
-68
-64
-77
-62
-55
-27
-9
-2
-9
42
100
80
105
128
147
210
222
210
242
243
270
327
297
318
336
368
386
380
360
372
388
394
435
445
491
478
466
458
451
450
431
444
445
460
433
481
473
445
450
424
400
399
398
357
384
320
368
335
331
360
343
353
353
353
373
376
358
379
404
381
407
419
392
384
417
438
394
397
394
384
379
384
374
331
341
281
225
221
215
149
81
61
71
14
-16
-67
-129
-154
-203
-241
-285
-361
-343
-362
-399
-419
-464
-466
-501
-534
-557
-544
-581
-590
-610
-653
-629
-651
-650
-665
-688
-709
-724
-752
-789
-793
-836
-898
-880
-898
-943
-976
-1056
-1101
-1145
-1193
-1281
-1355
-1406
-1449
-1507
-1563
-1609
-1707
-1793
-1823
-1896
-1947
-1992
-2019
-2047
-2094
-2113
-2101
-2073
-2069
-2037
-2032
-1932
-1868
-1842
-1754
-1663
-1584
-1524
-1459
-1404
-1309
-1202
-1126
-1097
-1006
-927
-852
-777
-722
-674
-628
-552
-489
-439
-386
-379
-360
-298
-252
-255
-211
-148
-112
-52
-57
-23
-7
15
44
42
51
57
81
51
80
81
58
60
77
55
44
42
14
14
7
26
18
43
9
-64
-55
-70
-67
-68
-114
-90
-109
-91
-81
-139
-110
-112
-112
-104
-112
-130
-127
-111
-127
-140
-157
-161
-107
-107
-128
-71
-95
-83
-57
-47
-48
-52
-59
-79
-51
-53
-67
-86
-72
-97
-94
-106
-126
-138
-125
-149
-141
-148
-183
-147
-121
-135
-162
-146
-165
-156
-162
-160
-193
-196
-192
-244
-221
-196
-236
-260
-281
-266
-232
-249
-225
-232
-226
-224
-257
-227
-220
-236
-229
-216
-178
-224
-224
-232
-200
-190
-215
-183
-179
-181
-182
-150
-137
-135
-154
-119
-141
-119
-119
-142
-101
-98
-93
-87
-107
-90
-88
-116
-102
-124
-122
-118
-163
-147
-172
-157
-133
-153
-183
-207
-168
-161
-141
-175
-201
-181
-203
-191
-181
-180
-181
-180
-177
-208
-172
-209
-215
-203
-192
-195
-200
-240
-240
-227
-229
-207
-224
-200
-179
-206
-176
-184
-204
-227
-249
-262
-297
-295
-305
-281
-268
-310
-288
-292
-294
-290
-286
-274
-290
-296
-308
-322
-317
-317
-303
-305
-288
-270
-285
-254
-252
-224
-231
-194
-158
-193
-142
-117
-120
-127
-120
-113
-133
-87
-78
-94
-71
-24
-22
-26
-66
-68
-56
-60
-13
-43
-36
8
-7
-19
-20
-20
-32
18
-11
13
10
-10
5
10
32
45
47
48
48
13
1
11
54
25
23
17
11
29
6
20
32
18
-2
9
-24
2
18
36
69
46
62
35
19
27
21
22
9
41
38
45
26
12
18
1
22
5
-17
14
5
-17
-25
-32
-57
-46
-16
-40
-91
-59
-43
-71
5
-45
-69
-32
-57
-96
-96
-92
-43
-54
-92
-58
-83
-74
-109
-91
-91
-93
-58
-73
-68
-48
-36
-60
-40
-10
-18
-22
-33
-28
-28
-18
-8
-6
4
-13
1
6
-15
-14
-9
-16
8
7
-1
-18
-5
-2
-11
-1
21
-5
-19
19
-15
-11
-43
-73
-73
-54
-58
-66
-70
-66
-79
-76
-91
-101
-93
-75
-71
-113
-107
-117
-101
-99
-97
-89
-112
-126
-125
-125
-125
-163
-144
-134
-156
-156
-169
-186
-167
-160
-158
-165
-175
-186
-182
-202
-201
-180
-214
-219
-252
-247
-230
-228
-231
-270
-293
-296
-291
-290
-254
-264
-296
-292
-270
-257
-298
-264
-296
-303
-308
-315
-304
-293
-281
-296
-332
-314
-350
-378
-387
-376
-329
-359
-323
-349
-328
-330
-343
-351
-339
-330
-351
-326
-344
-338
-355
-346
-358
-332
-338
-339
-360
-367
-317
-362
-328
-336
-358
-348
-324
-305
-311
-318
-333
-331
-322
-317
-297
-316
-332
-298
-290
-282
-331
-308
-314
-331
-311
-314
-322
-341
-320
-353
-375
-403
-387
-377
-403
-416
-431
-432
-418
-424
-435
-436
-472
-459
-458
-464
-450
-464
-477
-463
-477
-485
-454
-496
-482
-512
-508
-483
-518
-540
-517
-527
-537
-559
-558
-553
-567
-565
-591
-592
-574
-548
-556
-577
-598
-551
-539
-555
-609
-579
-605
-610
-584
-569
-564
-588
-588
-604
-639
-622
-611
-631
-603
-583
-652
-619
-609
-579
-573
-574
-590
-623
-593
-578
-574
-572
-599
-586
-559
-574
-536
-533
-527
-534
-542
-537
-487
-487
-525
-505
-503
-522
-463
-460
-457
-463
-453
-438
-449
-451
-457
-463
-486
-474
-451
-476
-465
-447
-433
-511
-475
-500
-523
-458
-479
-441
-488
-480
-437
-465
-486
-502
-500
-471
-501
-532
-505
-463
-510
-459
-498
-489
-512
-523
-498
-505
-489
-549
-514
-512
-505
-523
-532
-547
-541
-515
-554
-585
-569
-585
-578
-596
-622
-581
-622
-639
-597
-647
-636
-609
-621
-619
-625
-599
-582
-573
-611
-634
-641
-614
-653
-665
-632
-591
-641
-629
-551
-605
-578
-584
-561
-551
-568
-602
-580
-592
-609
-562
-566
-577
-569
-546
-546
-553
-534
-564
-563
-535
-546
-556
-551
-535
-574
-546
-546
-549
-536
-560
-523
-522
-502
-509
-522
-517
-509
-528
-555
-501
-514
-510
-522
-485
-489
-494
-504
-515
-450
-494
-487
-482
-496
-491
-440
-470
-444
-412
-452
-415
-476
-457
-427
-432
-435
-446
-425
-437
-492
-475
-480
-497
-495
-493
-469
-498
-506
-482
-493
-516
-509
-522
-490
-474
-512
-537
-543
-526
-513
-537
-501
-531
-550
-531
-503
-564
-568
-573
-562
-564
-607
-565
-551
-505
-546
-543
-519
-536
-590
-543
-566
-577
-531
-554
-516
-545
-531
-542
-563
-541
-561
-544
-549
-604
-559
-549
-560
-570
-549
-561
-555
-568
-558
-559
-553
-559
-609
-562
-574
-574
-563
-569
-590
-547
-562
-545
-533
-539
-536
-531
-523
-505
-521
-506
-517
-517
-487
-484
-482
-514
-513
-500
-517
-547
-519
-507
-486
-466
-461
-531
-523
-516
-549
-525
-471
-537
-542
-461
-499
-493
-487
-501
-529
-496
-519
-536
-519
-510
-514
-519
-505
-539
-498
-518
-520
-507
-568
-512
-512
-563
-539
-510
-508
-547
-522
-500
-586
-524
-544
-567
-531
-557
-551
-552
-575
-546
-572
-556
-552
-581
-559
-561
-529
-576
-587
-581
-590
-567
-571
-532
-517
-557
-553
-591
-602
-592
-605
-570
-594
-572
-561
-592
-627
-655
-656
-635
-585
-591
-551
-570
-609
-601
-597
-582
-600
-600
-629
-596
-603
-588
-561
-575
-585
-584
-571
-575
-527
-555
-560
-586
-617
-551
-577
-542
-569
-591
-580
-587
-578
-582
-567
-587
-578
-574
-568
-549
-566
-558
-579
-592
-597
-586
-576
-561
-551
-545
-549
-541
-544
-560
-562
-522
-522
-527
-505
-518
-483
-491
-494
-511
-524
-484
-459
-505
-514
-479
-500
-491
-523
-510
-549
-524
-481
-519
-509
-500
-490
-524
-512
-522
-534
-547
-579
-541
-554
-527
-532
-553
-535
-544
-555
-549
-548
-572
-564
-564
-553
-551
-546
-513
-531
-562
-564
-571
-565
-578
-558
-549
-552
-564
-575
-548
-584
-559
-579
-581
-539
-566
-553
-576
-568
-528
-512
-526
-584
-591
-570
-582
-590
-605
-574
-604
-585
-596
-562
-587
-594
-558
-576
-539
-544
-580
-602
-570
-584
-563
-527
-573
-590
-552
-536
-576
-571
-510
-538
-556
-516
-523
-505
-512
-501
-477
-500
-500
-527
-489
-511
-538
-490
-513
-514
-506
-503
-504
-519
-520
-523
-464
-491
-493
-485
-484
-475
-510
-473
-520
-514
-492
-513
-498
-524
-514
-520
-525
-522
-497
-466
-473
-496
-473
-486
-483
-486
-522
-502
-470
-489
-490
-491
-497
-498
-514
-448
-519
-555
-564
-543
-519
-546
-500
-517
-536
-525
-532
-531
-541
-548
-554
-585
-522
-526
-527
-526
-531
-551
-538
-540
-559
-495
-521
-513
-524
-530
-550
-548
-527
-507
-569
-540
-530
-535
-526
-552
-555
-516
-528
-539
-546
-560
-532
-535
-547
-547
-552
-546
-560
-558
-542
-553
-558
-556
-534
-549
-584
-584
-586
-561
-528
-564
-536
-514
-513
-571
-571
-521
-509
-529
-534
-553
-530
-539
-564
-524
-560
-541
-567
-562
-552
-542
-529
-536
-529
-565
-540
-561
-528
-562
-590
-556
-595
-582
-590
-577
-564
-570
-554
-561
-589
-587
-587
-598
-594
-608
-581
-552
-594
-583
-573
-559
-589
-605
-556
-547
-549
-536
-565
-574
-597
-605
-554
-550
-581
-575
-568
-571
-566
-583
-551
-571
-575
-552
-637
-579
-597
-615
-570
-601
-593
-580
-554
-545
-542
-551
-545
-507
-503
-543
-564
-584
-569
-533
-532
-546
-526
-539
-544
-546
-514
-535
-528
-539
-528
-506
-506
-495
-521
-480
-477
-481
-453
-472
-464
-410
-474
-475
-461
-507
-458
-458
-448
-451
-477
-470
-459
-463
-494
-469
-484
-473
-483
-467
-452
-491
-472
-451
-464
-420
-445
-442
-468
-475
-427
-435
-404
-403
-421
-451
-394
-403
-405
-389
-407
-396
-413
-429
-441
-436
-420
-426
-411
-444
-460
-450
-431
-425
-449
-483
-512
-463
-460
-482
-482
-511
-513
-467
-492
-467
-460
-446
-472
-452
-460
-477
-463
-451
-440
-441
-436
-450
-453
-459
-456
-485
-490
-469
-430
-457
-422
-431
-497
-474
-450
-461
-434
-465
-494
-479
-464
-451
-468
-485
-458
-475
-472
-490
-482
-471
-504
-477
-471
-493
-501
-483
-514
-490
-508
-541
-541
-521
-509
-510
-482
-494
-532
-526
-506
-500
-487
-498
-490
-515
-503
-491
-536
-472
-460
-456
-505
-495
-473
-466
-463
-450
-434
-411
-442
-479
-476
-410
-398
-418
-413
-431
-432
-435
-424
-436
-386
-396
-415
-407
-417
-426
-400
-355
-360
-352
-402
-364
-353
-372
-381
-394
-411
-384
-390
-409
-382
-408
-406
-423
-376
-387
-381
-361
-338
-329
-337
-360
-332
-286
-283
-313
-331
-283
-289
-245
-267
-295
-282
-325
-309
-289
-341
-330
-320
-335
-342
-372
-330
-306
-328
-303
-317
-307
-341
-329
-344
-346
-302
-315
-346
-363
-328
-354
-358
-326
-329
-362
-337
-330
-341
-362
-312
-294
-355
-325
-285
-294
-291
-285
-324
-294
-312
-275
-275
-311
-265
-290
-289
-293
-299
-249
-292
-264
-310
-318
-306
-306
-299
-318
-243
-300
-331
-262
-296
-323
-331
-277
-290
-319
-304
-297
-262
-300
-289
-297
-330
-307
-294
-294
-286
-285
-286
-288
-303
-317
-324
-313
-335
-333
-358
-330
-339
-330
-311
-321
-281
-297
-301
-306
-298
-302
-311
-324
-328
-340
-331
-314
-331
-325
-276
-314
-357
-333
-319
-291
-322
-341
-288
-304
-335
-338
-371
-365
-359
-367
-392
-341
-334
-352
-356
-366
-378
-388
-361
-386
-406
-400
-378
-384
-396
-379
-390
-408
-396
-365
-369
-396
-367
-397
-382
-362
-340
-370
-407
-378
-360
-369
-337
-345
-403
-397
-367
-375
-375
-361
-384
-365
-364
-349
-350
-357
-364
-386
-358
-386
-353
-329
-368
-352
-364
-341
-331
-346
-332
-328
-303
-304
-305
-296
-280
-307
-293
-292
-313
-284
-341
-307
-294
-298
-287
-260
-276
-292
-237
-261
-242
-267
-266
-262
-250
-234
-264
-232
-236
-223
-190
-210
-241
-185
-176
-161
-153
-140
-124
-162
-166
-171
-175
-196
-171
-150
-173
-180
-184
-183
-142
-194
-187
-184
-204
-198
-156
-148
-192
-194
-161
-167
-150
-152
-170
-176
-207
-178
-204
-157
-131
-127
-145
-142
-153
-156
-189
-194
-158
-155
-166
-200
-195
-223
-197
-258
-252
-219
-215
-211
-196
-229
-303
-272
-271
-269
-310
-277
-278
-276
-253
-262
-282
-287
-251
-273
-270
-237
-248
-265
-259
-290
-276
-246
-281
-266
-246
-267
-271
-269
-290
-294
-268
-281
-268
-231
-255
-292
-267
-270
-312
-325
-271
-267
-283
-318
-330
-317
-316
-316
-321
-334
-340
-347
-351
-305
-359
-330
-335
-351
-346
-358
-315
-314
-316
-303
-330
-300
-251
-228
-253
-251
-239
-224
-242
-232
-204
-237
-244
-263
-260
-241
-221
-247
-246
-256
-277
-228
-251
-259
-234
-277
-280
-251
-252
-229
-249
-261
-292
-313
-266
-295
-263
-255
-297
-279
-231
-206
-227
-236
-217
-234
-253
-232
-259
-239
-259
-247
-242
-235
-211
-225
-200
-236
-177
-187
-223
-180
-194
-174
-228
-207
-183
-219
-209
-211
-205
-192
-180
-176
-179
-149
-144
-127
-126
-166
-164
-183
-159
-169
-160
-144
-114
-136
-123
-134
-118
-114
-158
-136
-161
-167
-132
-123
-120
-98
-140
-118
-138
-128
-96
-108
-123
-131
-156
-148
-119
-121
-101
-106
-102
-166
-131
-161
-141
-129
-149
-102
-113
-110
-147
-140
-145
-149
-153
-146
-143
-147
-161
-172
-163
-165
-145
-158
-196
-190
-184
-188
-191
-188
-204
-208
-205
-225
-161
-167
-206
-197
-213
-173
-166
-192
-194
-202
-188
-200
-217
-184
-197
-215
-232
-205
-250
-251
-213
-233
-243
-231
-244
-254
-247
-260
-268
-245
-234
-241
-226
-211
-212
-250
-218
-228
-258
-206
-237
-243
-212
-218
-207
-196
-202
-206
-200
-203
-200
-181
-173
-179
-148
-158
-142
-191
-147
-133
-168
-148
-150
-194
-179
-194
-195
-189
-158
-183
-202
-178
-213
-181
-162
-196
-190
-166
-155
-156
-156
-127
-137
-108
-114
-94
-94
-116
-124
-129
-122
-112
-116
-144
-150
-151
-131
-112
-115
-136
-117
-94
-104
-99
-92
-97
-102
-108
-114
-67
-27
-34
-36
-83
-77
-55
-39
-51
-29
-56
-31
-11
-41
-38
-48
5
-9
-28
-48
-64
-50
-43
-68
-35
-73
-85
-60
-60
-55
-66
-57
-100
-78
-71
-93
-40
-50
-60
-63
-96
-103
-102
-54
-62
-55
-73
-93
-100
-65
-93
-118
-106
-104
-67
-101
-89
-93
-82
-47
-54
-78
-71
-80
-93
-71
-42
-57
-42
-51
-30
-43
-25
-22
-58
-23
-4
-17
-39
-19
-36
-34
-30
-33
-80
-71
-49
-57
-60
-50
-77
-97
-52
-67
-59
-68
-50
-39
-83
-69
-69
-61
-26
-64
-9
-48
-56
-18
-13
-26
-43
-26
-8
-39
-40
-18
-45
-30
-8
-23
-45
-2
-1
-1
-7
-24
-39
-57
-48
-12
-29
-16
-48
-31
-64
-54
-33
-57
-31
-34
-50
-33
-62
-63
-38
-95
-76
-98
-76
-47
-53
-49
-79
-61
-16
-2
-16
-35
-35
-28
2
25
12
45
10
22
26
11
22
12
41
13
-11
11
45
44
64
45
25
43
32
20
52
58
14
-2
-13
8
-6
20
27
55
60
46
68
71
92
85
56
74
117
103
85
118
104
96
125
147
168
165
140
110
119
126
151
136
120
120
123
99
128
171
163
182
156
151
141
157
107
127
109
96
106
141
178
139
106
109
101
116
145
77
86
70
112
115
138
148
127
119
119
126
108
127
96
115
140
133
132
115
104
133
142
119
137
150
148
118
134
111
92
104
107
130
133
77
72
86
74
46
27
10
28
46
44
54
26
33
50
45
21
43
47
47
39
33
55
40
50
41
43
32
37
50
22
43
37
60
32
21
48
54
66
55
85
88
95
90
95
101
103
94
118
97
82
90
95
84
95
106
78
61
88
105
70
78
53
71
106
56
60
71
106
90
91
116
124
156
102
97
106
100
87
71
112
93
58
129
111
132
122
141
160
86
125
130
140
138
126
110
131
145
111
144
125
187
153
137
185
146
193
174
178
167
174
189
167
193
174
170
193
166
151
152
178
173
182
152
161
169
169
100
133
154
108
130
89
106
123
119
102
95
98
112
85
103
135
126
112
117
142
127
139
122
127
84
102
74
106
151
103
99
85
91
86
84
83
109
50
86
85
42
35
63
71
63
35
43
51
64
73
74
91
51
50
47
81
66
72
84
39
60
59
45
32
24
46
60
73
74
70
61
30
66
8
76
67
30
46
31
54
29
55
25
35
26
60
62
21
-9
32
14
-1
39
4
24
50
23
33
43
16
5
11
24
23
51
59
60
24
38
72
61
52
54
64
48
62
74
36
69
71
53
77
71
67
100
111
88
76
124
76
91
111
106
127
120
141
136
153
102
112
116
111
98
106
133
117
111
96
114
121
89
112
93
152
133
117
135
90
184
107
137
140
71
119
111
121
64
89
106
110
129
125
154
148
119
106
142
107
115
98
109
147
107
53
88
110
91
100
91
129
121
115
103
101
99
93
87
108
85
123
137
143
122
75
117
110
128
138
147
128
144
106
120
154
82
117
90
108
112
129
58
58
92
54
85
103
103
109
88
81
60
81
88
85
41
60
13
-18
48
3
40
59
24
44
59
21
18
40
53
28
24
58
61
99
76
48
67
37
47
58
101
55
17
54
14
13
35
54
33
59
70
112
119
93
89
91
104
84
109
142
104
98
89
77
50
81
78
64
80
83
48
76
84
69
78
62
94
74
92
100
81
68
30
66
33
29
58
0
22
47
47
77
47
54
47
75
73
10
60
31
54
74
85
63
37
73
26
77
96
107
133
87
94
98
83
68
88
73
82
93
99
104
89
89
76
108
114
136
79
99
91
48
40
38
48
66
75
65
83
90
117
103
109
78
89
83
77
74
83
111
111
108
138
169
127
122
124
130
138
117
114
133
140
157
141
175
174
199
202
177
166
198
191
177
197
187
174
200
238
175
169
152
167
169
192
177
206
226
185
205
225
193
180
256
199
194
209
196
187
220
226
181
202
208
201
172
194
232
166
154
172
176
159
137
159
133
102
113
95
117
131
143
117
109
106
73
80
77
56
39
58
48
54
31
41
47
19
31
13
33
39
-15
17
-14
8
7
-14
1
-24
8
23
35
21
3
43
46
49
24
56
37
50
76
48
63
51
54
82
95
91
72
44
72
56
76
58
86
73
32
50
72
97
43
54
79
79
64
80
60
75
85
61
107
117
81
72
86
125
114
117
136
129
150
164
169
183
185
185
157
161
175
193
166
153
161
180
217
199
208
165
178
210
186
158
187
221
216
166
156
211
213
242
214
208
218
249
236
216
211
212
269
255
234
253
285
271
237
254
283
274
271
255
243
257
253
256
219
235
254
225
237
237
234
174
175
193
204
225
206
185
158
167
129
145
119
92
148
131
136
145
145
137
104
95
95
82
65
69
85
43
53
49
25
57
85
49
37
46
36
55
30
29
16
-6
47
29
33
33
33
1
-25
-6
-10
-16
-39
9
-44
-48
-31
-57
-44
-41
-21
-3
-27
-33
-6
-12
-41
-11
-47
-28
7
-20
-4
-15
20
1
25
28
11
53
29
3
51
53
46
60
68
59
59
84
83
86
72
83
62
55
69
100
123
91
107
56
82
86
126
92
60
78
84
93
102
100
85
106
74
95
73
131
87
49
78
85
78
107
80
92
130
101
112
87
133
106
129
152
105
110
89
85
122
124
118
103
102
120
131
129
102
129
92
76
123
140
152
115
125
130
178
122
77
86
134
138
102
114
98
107
124
112
105
158
127
140
106
135
156
137
126
138
152
153
140
131
140
114
147
143
125
169
143
190
184
139
164
142
163
161
136
131
141
119
133
127
107
97
107
150
158
164
158
171
153
134
134
140
105
138
174
154
181
156
152
128
142
144
133
111
93
125
85
87
109
110
118
130
122
125
91
82
78
75
83
86
93
59
64
22
59
71
62
50
28
55
69
40
51
44
40
34
10
36
35
3
-2
10
-4
17
16
49
58
44
31
42
9
10
1
-4
22
-7
-1
-19
-18
5
-4
5
28
4
3
-12
-20
-18
-13
-10
-11
-25
-43
-61
-36
-34
-43
-68
-28
-51
-15
-23
-24
-26
-35
-23
-58
-48
-37
-56
-92
-41
-46
-45
-47
-71
-94
-77
-52
-61
-45
-43
-22
-34
-29
-33
-46
-49
-37
-55
-54
-47
-61
-27
-63
-18
-13
-16
-2
-26
-2
10
30
8
-31
19
36
12
9
-5
23
57
52
46
66
84
85
73
87
117
110
96
106
121
133
93
111
96
78
106
74
112
95
85
80
79
97
98
112
67
108
73
51
91
65
73
81
114
108
129
126
111
115
100
76
72
68
90
72
56
45
19
52
40
48
77
55
67
69
52
77
72
62
87
44
86
96
85
76
54
69
59
64
51
64
91
106
65
68
79
49
35
52
15
53
28
5
28
-15
23
31
8
1
13
44
34
9
-19
-16
-31
-29
-6
-12
-8
-46
-92
-62
-36
-63
-40
-45
-99
-51
-77
-101
-102
-102
-105
-113
-102
-91
-125
-124
-107
-140
-130
-129
-107
-105
-125
-119
-100
-129
-128
-120
-124
-184
-187
-143
-149
-151
-172
-149
-148
-168
-119
-124
-143
-106
-119
-142
-133
-122
-99
-96
-131
-94
-95
-85
-95
-45
-58
-74
-58
-65
-47
-54
-42
-77
-39
-62
-70
-10
28
6
-38
-19
-22
-30
-22
-21
23
19
-10
14
-33
-19
15
11
54
41
40
61
25
7
12
37
52
31
30
50
37
41
48
68
81
61
75
64
28
48
51
45
66
48
42
57
29
66
74
43
54
34
43
48
44
51
78
59
57
91
81
103
92
29
46
52
69
74
43
39
-28
-19
-19
-39
-79
-19
-14
-28
5
-19
9
2
-1
-69
-85
-68
-75
-70
-32
-37
-53
-59
-75
-96
-58
-50
-55
-36
-53
-39
-55
-61
-68
-75
-152
-117
-69
-82
-76
-101
-55
-83
-106
-102
-62
-80
-67
-58
-45
-57
-55
-62
-32
-42
-42
-28
-53
-2
-31
-70
-26
-73
-88
-59
-68
-77
-52
-76
-84
-66
-83
-54
-62
-64
-53
-24
-31
-51
-46
-8
-21
-33
-37
-46
3
-39
-44
-37
-13
-41
-54
-33
-17
-39
-6
7
-18
0
-25
-19
-15
-20
-32
3
7
38
-14
-22
13
-15
-2
-22
-21
8
-28
-68
-41
-38
-85
3
-35
-35
-12
-32
-18
-60
5
-23
-43
-28
-17
-19
-10
-19
-36
-47
-27
-13
-32
-59
-40
-4
-25
-15
-15
-10
-26
-90
-43
-53
-16
10
-21
-20
-4
-32
-45
-9
-34
-35
-27
-66
-53
-55
-41
-45
-24
-50
-47
1
-32
-10
10
-8
-33
-51
-40
-55
-70
-62
-90
-102
-108
-70
-60
-75
-62
-41
-80
-74
-54
-70
-105
-137
-104
-60
-59
-71
-64
-93
-108
-73
-109
-134
-56
-135
-59
-87
-105
-84
-70
-54
-91
-124
-119
-98
-106
-101
-122
-104
-88
-80
-107
-123
-109
-138
-135
-121
-110
-102
-160
-183
-169
-179
-118
-130
-140
-119
-121
-92
-134
-128
-144
-135
-129
-113
-113
-143
-99
-105
-108
-103
-88
-98
-91
-119
-128
-86
-88
-96
-85
-96
-81
-79
-92
-116
-128
-111
-114
-130
-130
-119
-73
-71
-108
-89
-112
-155
-99
-93
-92
-94
-108
-123
-95
-69
-58
-80
-59
-80
-98
-71
-73
-57
-71
-105
-116
-131
-105
-81
-63
-93
-88
-64
-88
-113
-88
-66
-135
-110
-75
-104
-96
-94
-87
-60
-36
-32
-75
-96
-71
-65
-73
-62
-89
-62
-45
-69
-87
-90
-101
-64
-61
-79
-97
-103
-79
-90
-45
-53
-71
-67
-60
-62
-91
-52
-44
-61
-89
-103
-65
-58
-81
-66
-81
-71
-28
-71
-68
-61
-57
-64
-75
-70
-80
-32
-65
-114
-76
-80
-63
-63
-61
-80
-78
-47
-68
-92
-62
-80
-100
-94
-91
-86
-131
-110
-121
-144
-122
-114
-151
-118
-87
-92
-112
-102
-76
-68
-45
-68
-70
-85
-75
-44
-39
-31
-28
-10
-27
-34
-13
2
-5
-30
-7
-7
-15
16
-12
-27
-27
-20
-39
-28
-23
-39
1
-6
24
-18
19
-16
-15
-16
-37
-8
1
27
-15
-4
-16
-8
-27
12
-36
-30
-24
-5
14
-10
-20
-29
-46
-32
-73
-45
-28
-53
-19
-27
-24
-13
-20
-28
-25
-30
-57
-86
-91
-66
-71
-73
-80
-84
-59
-68
-40
-55
-69
-42
-48
-26
-30
-82
-48
-10
-58
-17
-24
-36
-51
-49
-46
-23
-15
-5
3
-9
-18
-47
-10
4
-10
-6
1
-9
10
-6
-37
-48
-9
-18
-15
10
-48
0
-8
42
34
-26
27
62
9
39
19
-14
29
-2
9
-44
-23
15
30
8
33
41
-5
13
19
25
1
-9
-41
-49
-21
-24
-35
-24
-28
-19
-3
-9
-56
-47
-43
-76
-90
-75
-68
-91
-23
-17
-14
-8
-28
-45
-28
-69
-124
-98
-145
-127
-120
-69
-71
-90
-49
-92
-106
-84
-77
-102
-139
-123
-119
-139
-122
-120
-158
-127
-97
-99
-126
-121
-106
-115
-125
-149
-146
-138
-144
-133
-134
-184
-170
-138
-178
-200
-195
-179
-201
-190
-216
-219
-188
-179
-141
-182
-161
-213
-188
-134
-152
-118
-160
-188
-140
-148
-173
-124
