78
38
-2
60
29
29
45
39
111
107
60
77
92
125
130
101
88
53
21
-17
30
69
49
42
53
54
68
50
50
105
93
110
160
174
147
93
94
47
7
29
12
29
8
-16
6
-2
31
8
43
44
51
69
34
81
47
54
53
-2
-13
-21
-47
-10
17
15
45
94
96
108
159
137
110
84
92
52
70
72
47
64
43
81
56
21
29
26
-8
66
41
35
92
76
62
75
98
42
36
48
50
83
32
13
40
5
-15
-37
-18
59
76
25
36
63
59
36
3
-60
-79
-43
-47
-49
-6
-1
0
4
11
-31
-57
-44
-26
-32
-32
-31
-3
-55
-87
-42
-20
-44
-34
-12
-18
37
4
-31
9
1
2
4
-15
6
14
34
20
14
38
68
42
9
-2
10
-13
-19
12
-34
-20
-13
-13
6
-24
-28
6
-2
15
54
66
71
68
59
14
22
4
9
-32
-65
-48
-30
-9
-24
29
18
-17
-38
-33
25
18
4
26
21
16
38
17
-3
12
37
14
-21
-4
6
22
1
20
56
81
55
48
17
44
35
14
44
13
-5
11
-17
-47
-9
16
35
31
66
107
120
102
81
77
81
24
50
78
79
88
89
92
26
45
27
6
-3
5
19
-7
45
41
62
34
45
6
9
3
17
28
62
32
35
91
-7
36
5
2
-13
-22
17
70
60
36
58
64
51
38
32
72
-23
-7
-27
-20
-1
-19
-20
-51
-45
-41
-2
-8
12
29
47
67
27
57
18
30
-7
-26
1
-36
11
6
7
-14
-11
-13
0
43
32
3
57
58
42
25
-31
0
0
-35
1
2
27
-14
-11
-17
0
19
15
68
29
31
35
29
55
35
46
33
44
82
78
8
-3
53
60
74
82
84
75
32
24
60
85
76
74
97
87
70
97
82
56
68
67
86
102
89
92
78
52
47
33
29
32
38
83
19
52
56
60
85
45
62
64
45
28
73
65
65
82
63
92
63
35
76
49
41
68
86
83
72
45
38
35
9
35
70
22
12
51
98
77
43
71
40
57
84
60
65
51
48
42
61
21
33
25
65
54
74
78
62
92
117
121
91
63
63
104
77
46
97
65
53
74
36
54
39
37
59
0
-5
39
-32
43
54
-8
-11
23
29
29
55
49
39
20
18
-2
-21
-4
40
4
-9
1
-18
-8
14
6
23
15
-10
72
42
56
99
96
59
87
103
116
75
63
59
43
24
46
42
56
87
22
50
94
84
93
106
24
50
85
92
72
87
85
72
53
-19
21
50
13
14
53
65
47
92
39
24
28
12
32
48
53
7
5
55
14
33
13
18
20
27
23
34
51
25
32
-6
38
44
66
38
24
52
38
38
83
61
3
45
19
26
46
0
22
45
36
37
34
23
21
4
-7
-11
-39
-17
3
-7
-17
-8
-49
36
55
22
10
41
0
-52
10
-29
-45
-50
-25
-34
-28
-18
-17
-63
-44
-52
-48
-26
-3
-13
25
42
56
58
-2
39
78
60
11
22
-14
16
6
16
18
-4
25
31
39
83
78
43
51
92
69
53
113
60
85
47
56
84
81
71
34
63
63
40
41
60
9
31
2
2
20
-6
6
29
30
46
76
-17
20
29
15
47
22
5
10
31
6
46
37
41
21
69
78
16
39
23
53
63
78
30
46
52
-1
27
12
36
9
16
14
2
58
57
40
3
24
38
77
29
44
58
37
71
54
52
51
75
78
50
25
71
61
96
40
17
11
16
19
20
52
18
-2
13
-15
15
7
-11
42
45
28
37
108
96
53
38
4
-9
-39
-44
-19
-42
-46
16
-34
-42
-4
8
-9
-14
42
52
58
40
38
40
35
-14
1
2
16
41
24
47
2
35
1
15
47
7
16
-1
90
16
52
77
57
48
0
22
-5
21
39
44
8
9
-29
-36
-35
-28
-2
-21
-4
-59
-32
-40
-11
-10
24
5
9
40
8
45
20
51
32
-14
-8
-21
-37
19
-7
-24
-41
-8
-5
6
30
4
19
-30
-41
-8
-20
-1
1
0
-24
-57
4
55
43
-15
3
41
-14
10
-34
-70
-4
-32
-55
-38
-65
-57
10
-27
2
5
-55
-37
-33
-46
-29
-23
-76
-52
-76
-96
-122
-118
-119
-143
-122
-132
-142
-78
-38
-41
-53
-9
-8
-14
-15
1
-20
-18
14
-39
11
-5
-17
-98
-108
-112
-44
-49
-57
7
-33
14
13
-27
-8
-16
19
25
6
16
-24
-37
-54
-52
-44
-41
-32
-65
-71
-91
-46
-74
-57
-25
-48
-39
-16
-19
-6
-21
4
36
-13
13
-5
-23
-4
-53
-57
-33
-39
-14
-29
-64
-74
-119
-74
-21
-27
-17
-32
10
0
25
18
-10
-12
-58
-16
20
-15
-25
-1
-75
-38
27
-18
5
9
-20
-12
1
-82
-78
0
-49
-18
7
13
40
52
23
1
-2
42
55
29
60
37
21
9
-18
-14
-33
-33
-8
-43
-8
-25
-53
-38
-28
-8
-45
19
-13
-36
38
-5
23
-7
-48
-34
-75
-43
-39
-64
-55
-48
-37
-57
-51
-65
-74
-45
-76
-61
-16
-7
-21
-36
-12
3
44
-21
-16
-32
-67
1
4
-22
-60
-43
-36
-53
-65
-56
-40
-1
-36
12
-14
1
-3
-2
26
-6
-15
28
-44
-66
-33
-74
-64
-52
-28
-60
-44
-67
-103
-41
-41
-78
-78
-76
-81
-67
-55
-67
-74
-44
-56
-28
-49
-95
-21
-21
-37
-32
-79
-91
-57
-54
-90
-91
-81
-101
-105
-73
-71
-88
-48
-81
-50
-49
-15
-20
-47
-25
-62
-69
-47
-75
-100
-129
-94
-77
-111
-61
-61
-44
0
-3
-20
-22
23
-54
-31
10
-10
-24
-58
-42
-19
-73
-63
-56
-56
-48
1
8
-38
-24
-40
-38
-10
-14
5
-4
-19
-5
-11
-12
-22
-39
-49
-72
-42
-100
-85
-59
-98
-74
-143
-104
-140
-98
-66
-99
-57
-65
-22
-26
-19
-10
5
41
-7
3
16
-76
-47
-48
-62
-48
-83
-93
-81
-59
-84
-49
-43
-56
-54
-62
-90
-67
-77
-66
-26
-64
-63
-96
-65
-23
-44
-33
-45
-77
-54
-121
-40
-40
-62
-53
-45
-34
-85
-85
-103
-60
-78
-55
-14
6
16
-10
-13
-26
2
-43
-33
7
-13
4
33
-47
-17
-26
-60
-22
-52
-28
-76
-57
-48
-57
-2
6
-13
-8
-8
-36
-65
-51
-69
-97
-90
-64
-89
-86
-92
-74
-65
-101
-113
-102
-101
-85
-40
-37
-84
-71
-46
-113
-124
-97
-174
-101
-103
-77
-79
-92
-81
-109
-100
-95
-64
-84
-57
-52
-52
-93
-58
-63
-54
-35
-40
-29
6
9
-8
16
-11
-13
-39
-53
-47
-76
-68
-82
-67
-47
-92
-123
-90
-109
-116
-122
-84
-70
-93
-129
-79
-39
-98
-49
-111
-132
-119
-85
-57
-92
-85
-145
-148
-111
-102
-149
-121
-125
-192
-151
-98
-115
-81
-70
-81
-66
-95
-82
-53
-40
-67
-54
-71
-118
-91
-53
-23
-65
-59
-13
-10
-29
-41
-43
-71
-18
1
-3
-1
-9
-37
-16
-14
-37
-56
-13
-43
-68
-49
-47
-44
-33
-14
-23
-7
48
32
39
66
47
57
16
-12
-14
-33
-22
-46
-20
19
-2
-64
-34
-60
-55
-49
-59
-56
-33
-53
-37
-33
5
-30
-6
26
-5
29
-7
-14
-48
-57
0
23
24
44
22
53
35
23
4
12
-44
-40
23
-61
-32
-5
4
-21
18
18
-30
56
18
21
30
17
18
4
29
4
-31
-3
-13
-27
-30
-21
-18
-52
-38
-68
-57
-42
-17
-2
-29
-18
-15
-39
-23
-34
-65
-65
-39
-29
-37
-49
-36
-64
-76
-76
-52
-41
-24
-52
-42
1
-14
-31
-12
-44
-56
-39
-29
-21
-47
-68
-39
-52
-109
-80
-78
-93
-71
-58
-48
-29
-51
3
-10
-67
-68
-85
-39
-110
-94
-54
-57
-35
-69
-47
-85
-79
-43
-79
-79
-56
-48
3
-1
18
2
-32
-54
-75
-79
-108
-74
-98
-79
-48
-27
-32
-68
-97
-113
-97
-76
-115
-155
-126
-105
-104
-158
-124
-137
-113
-103
-80
-66
-74
-88
-48
-104
-58
-90
-101
-58
-72
-77
-111
-74
-119
-115
-143
-124
-123
-141
-116
-114
-91
-38
-24
-73
-46
-65
-90
-106
-91
-68
-66
-61
-61
-62
-78
-57
-91
-71
-72
-96
-68
-33
-69
-47
-38
-55
-40
-62
-24
-60
-70
35
-2
-17
-19
-22
4
6
-16
-34
-54
-63
-49
-43
-20
-91
-33
-30
-44
-7
-19
20
-4
6
-16
-42
-34
15
3
30
19
-35
20
-50
-49
-48
-57
-80
-71
-49
-98
-75
-73
-68
-72
-80
-49
-63
-45
0
-18
-35
-37
-45
-58
-56
-64
-57
-67
-64
-46
-43
-45
-78
-69
-98
-66
3
32
-7
-6
11
8
10
2
19
10
-4
24
-5
3
26
-2
5
13
23
24
37
37
36
56
68
58
40
46
24
53
33
22
28
-8
3
27
30
7
12
8
-19
-40
-8
-15
8
4
-15
-19
1
-14
12
29
25
29
0
-11
33
27
-16
16
-11
-46
-41
-30
-25
-85
-90
-112
-107
-120
-97
-51
-75
-77
-81
-53
-37
-68
-72
-40
-39
-44
-26
-13
-36
12
-5
-13
-3
-12
-12
-10
36
11
1
39
5
-4
-8
-5
5
29
-13
-14
6
-24
-14
-36
9
-43
-42
21
-17
-36
-34
-23
-3
-10
-43
-10
10
6
15
31
38
26
41
-14
-34
6
-10
4
18
-48
-88
-58
-48
-108
-85
-95
-65
-24
-75
-34
-41
5
-19
-63
-26
-53
-55
6
-27
-14
-10
-29
-37
-56
-58
-31
-22
-41
-21
-10
-17
-41
-33
-44
-44
-21
-34
-40
-48
-33
-7
8
-8
-66
-25
-3
-19
4
-30
-20
-11
24
-28
-34
-35
-32
-22
-35
-19
-68
-60
-13
-1
-11
-15
-15
-14
-20
-5
-17
-27
-19
19
28
-15
-6
0
-35
-3
29
7
20
12
-6
-10
-83
-16
-46
-40
11
-24
-6
-37
-31
11
-8
-17
13
-30
-13
9
-23
4
-34
-28
-11
-34
5
23
-6
-8
23
8
10
-28
-52
-16
3
23
-2
-2
9
-27
-29
-56
-82
-108
-87
-15
-11
-26
-39
-21
-19
16
38
18
17
22
-22
-27
-17
-68
-21
-43
-66
-86
-73
-33
-57
-24
-54
-19
-19
-37
-15
13
-23
-54
-39
-72
-49
-94
-49
-55
-41
-63
-79
-78
-106
-40
-81
-79
-58
-87
-82
-78
-99
-64
-89
-52
-86
-68
-77
-129
-43
-68
-20
-45
-87
-53
-63
-10
-8
-43
-44
-60
-55
-55
-38
-36
-26
-23
-6
-6
-21
13
-36
-38
-11
-11
-34
-37
-19
-13
-30
-31
-20
19
-30
-40
-21
-23
-31
-25
-21
-38
17
-11
-15
14
-29
-11
25
35
18
-35
-25
-17
-37
-15
-35
-9
-36
-57
-29
-57
-22
-12
-26
-50
-6
-22
-12
-18
3
-18
-5
20
24
28
-18
-8
21
79
67
44
36
-9
5
8
7
-23
-30
-27
-35
-33
-36
-54
-67
-9
-85
-83
-72
-50
-18
-52
-14
-15
-25
-14
2
-13
-40
-31
-22
-55
-64
-72
-60
-36
-64
-32
-26
-42
-35
-46
-33
-20
0
-28
-26
-19
-46
-3
-20
-64
-56
-13
-37
-84
-67
-96
-58
-59
-44
-18
-45
10
-30
-32
2
10
-18
-22
-16
28
-3
15
44
10
-4
-15
-7
-20
-5
-33
-13
-34
-37
36
47
-24
-41
32
-4
-7
-8
6
18
52
-5
9
38
11
63
11
24
42
36
6
3
50
18
20
13
26
12
-25
-25
26
-15
-21
31
-11
-8
-19
-12
-29
-45
-19
-84
-24
0
-46
-41
-66
-80
-48
-56
-57
-51
-67
-32
-32
-39
-43
18
-13
-6
11
-8
-4
-26
0
-8
-19
12
14
-31
1
12
34
12
-12
2
-15
-4
39
19
-6
18
36
1
58
31
14
-2
-9
58
-4
-12
-5
-1
-18
-14
-19
-50
-47
-65
-54
-50
-64
-55
-48
-12
-20
8
-9
-32
-24
-68
-50
9
-38
-70
-51
-58
-55
-29
-65
-35
-49
-78
-41
-19
-29
-74
-21
-30
-12
-13
-34
-32
-13
8
14
7
-11
24
-18
23
6
19
47
-27
-4
-41
-35
-12
-7
13
12
-2
-10
-4
-40
-15
-12
-7
8
-34
-48
-37
-27
6
-39
-8
-30
-20
-12
-56
-56
-25
-96
-54
5
-41
-8
-28
-36
-28
-50
-71
-69
-118
-101
-69
-86
-35
-37
-58
-87
-50
-62
-62
-42
-50
-9
-23
-41
-5
-58
-72
-54
-55
-46
-47
-11
-35
-22
-21
-27
-23
-38
-73
-35
-57
-47
-25
-97
-53
-103
-82
-68
-26
-8
-40
-8
-16
-26
-32
-19
-65
-45
-32
-56
3
-33
-32
-15
-38
-20
-70
-83
-84
-38
-49
-32
-51
-47
-17
-33
-37
-36
-42
-46
-34
-53
-2
-25
-13
-19
-59
1
-1
18
-5
-34
6
-24
5
14
52
52
30
24
42
21
31
-2
-11
-1
-20
-7
-59
2
-33
2
-15
9
-11
-42
-8
-15
0
-14
-5
-35
-43
-34
-36
-65
-34
-55
-76
-93
-61
-89
-73
-61
-96
-82
-100
-97
-98
-80
-78
-41
-60
-74
-74
-59
-33
-67
-47
-45
-71
-46
-61
-52
-27
-67
-27
-29
-45
-32
-18
-37
-46
-71
-47
-61
-75
-19
-41
-8
-5
29
-5
7
-13
-16
7
-42
-51
-96
-39
-17
-51
-70
-16
-43
-48
-41
-34
-40
-80
-21
-30
-37
17
-24
-43
-40
-7
0
-16
-4
-16
5
19
39
14
-21
21
29
35
31
25
-5
-31
29
7
8
-6
-5
18
-18
-5
18
7
1
4
22
23
11
0
1
-20
-6
38
28
51
40
32
47
89
83
78
69
61
39
-6
29
37
3
10
6
-24
64
-5
24
16
11
24
-1
2
48
40
-11
4
13
16
-1
4
-2
4
23
-13
-40
-25
-46
13
-19
-38
-27
12
4
-37
9
-26
8
8
51
11
17
28
35
59
24
40
52
39
-18
31
38
5
2
6
20
13
-6
7
6
15
-7
-3
-25
39
-7
-18
16
5
23
-11
9
-49
-32
-12
0
19
-46
-18
4
13
1
-11
20
7
-8
-23
-5
-8
18
33
15
20
8
15
15
18
8
-12
9
27
19
27
-2
26
7
33
35
6
42
5
5
22
2
45
40
19
40
17
4
-4
-25
11
-2
-20
-18
-16
40
38
31
43
7
-26
-56
4
-10
-40
-3
-9
-14
-31
-47
-29
-41
4
18
18
46
19
-19
-6
-8
-44
-6
-46
8
18
-23
38
-12
-1
55
54
49
38
33
47
61
41
58
47
34
25
5
36
-1
-2
16
-42
-7
2
-23
-46
-18
-51
-17
-12
-40
-72
-31
-21
-69
-39
-34
-30
-35
-43
-59
-40
-20
17
-18
-24
5
12
25
-4
22
46
18
-9
8
70
88
45
75
79
79
66
16
51
60
93
64
44
74
43
32
48
51
64
48
17
22
35
61
2
-10
28
-22
30
4
30
69
19
32
-4
4
-15
28
33
9
-15
36
16
1
43
41
73
77
58
42
41
27
60
66
94
95
78
62
58
56
101
78
82
67
90
60
84
21
28
35
40
41
0
67
35
33
45
30
44
47
65
88
34
72
44
-22
28
53
-2
1
20
-15
-6
-20
-2
24
50
31
5
26
31
30
64
66
27
57
46
69
57
83
112
61
102
78
26
21
55
14
25
25
21
69
30
-44
-24
-53
-63
-20
-58
11
6
-56
-35
-43
-42
-29
-64
-25
-18
-19
-16
-12
20
28
43
5
-17
-9
12
11
-7
26
58
44
52
88
64
51
77
56
86
65
18
27
22
6
-24
36
22
-9
4
15
-33
18
38
-5
-42
0
35
38
18
-45
13
43
21
18
-29
-8
32
12
-18
-18
21
36
1
-14
17
-23
40
-9
-1
26
12
-14
39
17
-5
6
-74
-2
-8
-32
-30
-54
-4
24
29
17
9
35
36
30
-9
-30
-13
-30
-55
-34
-16
-4
-10
-34
-38
-30
-4
-18
-28
0
-41
-19
8
-3
-49
-8
24
13
40
51
6
8
32
16
-3
0
0
-19
44
-2
10
-1
-28
-36
-16
16
-2
17
7
10
-12
28
55
26
18
-52
-6
28
-11
12
2
23
8
-43
-2
-15
-28
7
-59
-48
-23
-47
-77
-70
-59
-49
-31
-68
-17
-30
-40
29
-42
-31
4
40
31
3
20
-11
0
0
35
-2
-16
25
26
-6
0
23
23
29
24
23
37
-32
-52
-31
-43
-2
-8
-42
-88
-48
-10
-5
-32
-8
5
2
26
19
3
12
-18
-28
6
-19
-29
-7
-11
-4
9
-15
-62
-76
-29
-19
-30
5
10
34
5
5
25
-24
21
22
-28
15
-9
-9
-23
-32
-23
-19
9
20
28
8
-5
-7
-21
-17
-57
-33
-11
-25
12
-39
-10
-52
-15
-8
-4
-9
-29
9
23
12
40
-12
-13
41
-23
11
2
23
29
42
29
10
-53
5
5
-51
-10
-5
-12
-29
-50
-51
-34
-10
-27
-63
29
-22
-4
41
35
30
7
25
7
43
8
17
4
-41
-29
17
-4
26
18
-17
20
2
9
-4
-21
-14
-30
21
23
57
36
-10
21
15
65
37
10
-37
-24
-16
-16
22
7
-41
-16
26
19
36
-30
2
11
-4
-5
65
54
-15
40
49
6
26
58
51
126
94
79
67
16
63
40
24
51
33
55
61
11
60
46
19
40
16
-15
5
-3
-23
-13
31
29
11
29
-12
0
14
-48
-34
6
-21
-4
-6
-33
-51
-68
-46
-3
-18
-35
-26
-35
20
-36
-43
36
15
41
18
29
25
45
21
20
29
48
69
42
62
18
22
60
22
82
35
32
28
20
7
2
3
-5
-34
-9
24
-58
9
-48
-24
21
6
-5
-32
-4
-55
-31
6
31
40
9
40
-2
1
33
3
8
5
4
58
56
37
32
12
-2
-45
27
-29
-77
6
-14
13
-21
10
12
-3
-39
-21
5
-33
40
19
13
8
14
7
-7
41
-15
20
-10
-1
47
20
13
-17
36
-12
11
-5
7
-3
3
49
8
25
-14
-5
38
24
6
17
8
-13
27
-2
-10
20
29
13
17
16
2
29
6
-10
17
-23
-13
-43
-49
-5
-36
-28
4
-55
-47
-32
-48
-31
-4
-7
-27
-28
-41
0
-15
21
14
-36
-28
-55
-26
2
-8
-43
-44
-57
-42
-57
-63
-47
-66
-70
-50
-69
-62
-39
-74
-28
-14
-71
-71
-86
-45
-41
-48
-35
-38
-36
0
10
-21
-1
-23
-17
-17
-19
-7
-19
-9
5
-13
21
6
7
32
-43
-23
-15
-36
-20
-36
0
21
9
12
-13
6
-27
-39
-75
-62
-52
-49
-58
-41
-5
-36
-25
-13
-62
-67
-53
-39
-26
22
-24
-11
-7
-23
-41
-26
9
15
-9
0
6
-22
-11
-7
16
-19
20
5
6
4
-19
0
-2
3
0
-17
7
7
-29
-10
-16
-16
-21
-13
-15
28
-14
1
6
15
21
-16
47
28
24
31
100
75
89
54
36
51
57
58
41
98
42
44
32
100
67
39
102
63
40
73
150
101
100
103
78
68
45
78
45
50
80
54
44
52
42
57
34
-2
-17
-19
0
-65
-61
-21
-11
-3
-9
-17
13
-19
4
-5
-23
9
6
-3
25
78
67
67
57
108
126
103
96
112
60
86
94
74
83
84
45
54
47
31
18
44
61
0
7
35
2
50
64
23
39
32
46
54
58
55
39
45
68
112
76
68
55
39
35
31
-2
-23
34
27
23
34
5
60
44
52
90
68
120
132
142
114
82
36
59
97
45
62
49
50
30
27
33
72
60
66
48
89
29
5
76
53
84
43
11
-3
42
50
41
50
26
7
57
62
-4
51
62
132
81
75
61
52
110
69
115
74
69
50
83
50
50
61
42
26
22
-7
-7
25
20
-14
37
83
79
74
12
24
21
27
1
25
38
29
38
39
8
0
-3
-34
-11
-20
-19
-20
-64
-60
-23
29
-7
-48
-46
-51
1
33
6
12
20
47
10
10
45
28
51
45
17
32
0
31
20
-24
11
-9
-15
-21
-30
-33
-69
-64
-38
-69
-49
-41
-24
10
33
46
21
-4
33
3
-11
37
18
33
73
39
55
91
46
81
42
-10
12
-24
6
-3
3
-34
-21
-1
-33
-59
-34
-68
-59
-23
-21
-2
0
28
0
56
60
26
48
62
75
117
47
51
23
8
11
-44
-29
2
10
-7
-22
-25
-40
2
-20
-35
-52
-33
13
-14
11
-15
9
-10
-3
17
6
8
10
-1
21
9
-21
-17
-4
-15
-18
-36
-44
-17
-21
-66
-90
-76
-82
-90
-26
-26
-25
-26
-4
5
-28
21
-11
10
23
60
94
126
49
41
83
28
45
-19
-29
-27
-23
-71
-86
-108
-78
-73
-117
-97
-111
-145
-185
-135
-147
-126
-89
-128
-102
-154
-108
-52
-47
-51
-22
-10
-43
-34
-115
-82
-72
-37
-50
-68
-69
-55
1
-20
-7
-12
-2
-57
-30
-3
-34
1
-21
8
29
50
70
60
51
36
-16
28
51
-26
2
-16
-22
-27
-49
-22
-17
-31
-64
-49
-75
-33
-54
-79
-62
-46
-74
-59
-1
21
-11
14
0
2
32
-11
30
32
16
57
45
32
6
3
23
-29
-28
-10
-55
4
-23
-66
-32
-67
-68
-100
-78
-11
-72
-62
-22
-74
-38
-47
-55
-2
-21
0
14
17
21
13
-11
-10
-42
2
5
10
-41
1
11
-1
38
9
15
-7
38
6
43
75
62
44
68
68
75
84
101
86
43
57
68
44
40
52
39
33
-9
-2
10
-23
32
-9
7
6
-19
12
26
38
39
31
57
72
19
60
113
61
57
110
77
72
90
97
91
98
80
20
41
73
43
32
42
15
46
69
30
34
-18
-26
-13
-15
-11
18
-38
-11
-22
-25
15
32
12
36
35
2
30
51
38
12
95
34
63
62
66
20
44
59
59
63
40
43
47
79
45
131
105
91
86
116
139
118
152
126
108
114
141
97
124
135
116
112
79
21
62
76
32
44
7
-16
11
33
15
34
23
-39
-29
22
91
53
33
59
28
96
106
121
130
140
138
135
133
127
120
118
106
109
102
107
117
123
79
88
97
85
111
87
72
85
67
81
100
107
51
57
66
13
92
125
81
58
89
123
74
133
74
67
136
119
71
13
119
58
55
110
82
104
92
92
150
107
144
121
97
127
155
121
137
151
169
150
110
106
83
145
133
129
82
62
34
54
71
22
49
34
-4
8
-10
-17
-15
-80
-52
-18
-18
46
37
2
14
7
29
-4
55
51
10
44
52
50
22
22
11
9
-4
12
20
7
-26
14
8
15
24
-20
-23
-16
16
6
-11
-12
28
17
21
15
12
4
29
38
-21
-14
-19
27
24
23
34
-23
-6
-4
27
39
13
9
14
0
19
27
-15
38
8
4
34
9
15
39
66
41
33
39
32
37
68
32
27
58
2
-6
12
-25
1
22
37
-26
-8
0
-2
52
8
-11
-9
-21
6
22
10
22
44
-5
-23
32
85
33
40
26
28
33
0
50
28
1
5
-4
11
-25
-40
-51
-42
-39
-56
-27
-40
14
-7
9
32
35
57
46
17
-24
-4
43
17
19
22
-1
12
6
-15
9
36
-1
-7
-75
-49
-28
-1
15
21
-17
-13
-2
7
36
-18
-7
14
-11
-33
-8
-24
15
3
38
23
-3
35
2
-4
-31
-6
-12
-11
29
19
-7
-22
19
5
-7
46
13
4
-8
23
44
-14
29
52
55
70
98
88
82
67
68
54
45
56
43
111
49
50
60
62
-43
-7
-26
-21
58
9
26
-47
10
18
-10
-5
51
27
-20
23
40
47
20
15
53
70
60
71
62
47
57
42
55
-18
29
29
31
62
-3
61
20
40
40
12
-1
15
-18
26
44
62
80
13
59
28
1
44
38
12
60
62
69
19
3
-14
-2
41
44
77
50
38
29
4
25
59
46
21
37
17
15
30
37
41
17
63
104
91
111
93
83
83
82
83
105
62
76
63
48
41
24
75
51
27
40
23
21
80
46
37
17
31
48
25
37
26
24
34
39
-5
34
4
18
27
-12
31
-11
6
22
17
-2
63
58
57
78
15
33
55
60
26
41
57
55
73
84
115
56
50
67
68
81
77
94
57
62
49
16
57
66
96
90
-13
44
46
72
76
24
56
10
11
36
24
47
19
-20
36
55
44
24
28
28
-12
46
40
-54
-4
1
-43
-53
-56
-49
-12
-1
-24
-44
-38
-21
-50
-51
-97
-42
-43
-28
-5
-19
11
-2
-30
-22
-15
-31
-14
-2
0
26
0
-34
-22
-3
-4
-11
19
-7
-22
40
23
46
30
72
70
28
42
56
51
81
49
-6
13
19
40
-4
6
6
-31
-23
-1
32
-38
-52
-38
-44
-60
-67
-38
-71
-57
-69
-55
-50
-41
-47
-47
-26
-9
-47
-28
1
-47
11
-37
-18
15
-51
-49
-6
-27
-34
-29
2
21
-8
4
-52
-35
-27
-32
-22
-35
-48
-70
-48
-22
-61
-36
-84
-86
-42
-53
-62
-89
-55
-98
-74
-47
-84
-70
-65
-39
7
-5
1
28
-36
-16
-6
10
-11
14
25
-29
-31
-1
6
-21
11
26
2
12
8
21
31
49
26
4
4
-17
8
35
1
-48
-10
-4
-3
22
4
5
31
-13
-43
-23
-58
-40
-13
-25
-42
-63
-24
-45
-71
-61
-80
-85
-66
-65
-42
-41
-35
-57
-53
-55
-20
-56
-22
-6
-32
6
-31
-31
-24
-29
-4
27
-44
-50
-67
-81
-48
-103
-75
-75
-99
-62
-90
-84
-89
-119
-121
-140
-90
-133
-138
-122
-110
-66
-132
-120
-95
-73
-84
-49
-70
-31
-63
-50
-35
-62
-24
-75
-43
-69
-54
-36
-65
-74
-49
-2
-40
-60
-63
-85
-104
-89
-97
-82
-77
-80
-92
-75
-90
-128
-95
-88
-126
-152
-125
-82
-78
-96
-129
-145
-147
-144
-130
-136
-148
-145
-124
-175
-159
-164
-176
-127
-119
-105
-91
-108
-81
-95
-90
-11
-92
-106
-43
-47
6
-8
-55
-17
-25
-51
-12
-14
-36
-63
-52
-56
-40
-56
-101
-69
-98
-89
-96
-117
-164
-149
-129
-137
-118
-127
-131
-124
-56
-56
-56
-79
-104
-99
-89
-79
-124
-53
-62
-69
-67
-33
-4
-53
-14
-16
-47
-103
-80
-41
-44
-53
-61
-31
-77
-52
-4
-57
-60
-69
-21
-16
-13
-19
-71
-41
-41
-7
-27
-40
-17
-88
-39
-22
-23
-18
-78
-71
-62
-85
-78
-84
-72
-91
-126
-111
-94
-89
-104
-99
-95
-74
-42
-71
-70
-44
-48
-43
-64
-58
-43
-34
-32
-64
-57
-66
-8
-23
-68
-19
-72
-86
-63
-36
-75
-77
-64
-55
-70
-80
-98
-73
-71
-39
-47
-70
-77
-39
-12
-66
-45
-75
-73
-30
-46
-63
-20
-57
-60
-77
-56
-66
-79
-69
-72
-21
-59
-69
-64
-55
-23
-48
-4
-34
-35
-19
-20
0
2
45
25
52
54
19
35
9
-48
8
-18
0
-6
-58
-65
-30
4
-33
-6
-59
-72
-37
-92
-53
-58
-100
-46
-71
-72
-93
-49
-79
-50
-47
-80
-73
-114
-97
-94
-115
-109
-88
-76
-57
-101
-80
-82
-87
-90
-100
-49
-52
-76
-47
-49
-52
-45
-68
-23
11
-21
-6
17
26
4
-24
8
11
-27
5
-15
-48
1
-54
-35
-36
-38
-54
-80
-85
-95
-82
-72
-65
-26
-49
-113
-58
-32
-55
-29
-11
-33
-27
8
-23
-26
-24
-36
-43
-8
10
-44
-53
-42
-14
-37
-62
-19
-2
-5
-34
-30
-24
-57
-50
-44
-38
-25
-37
-45
-48
-42
9
-17
-55
-5
-65
-75
-53
-18
-44
-87
-69
-110
-87
-61
-63
-64
-59
-81
-91
-70
-107
-88
-79
-86
-89
-77
-39
-79
-36
-30
-41
-35
-48
-40
-44
-43
-88
-53
-40
-84
-72
-92
-67
-118
-95
-88
-122
-87
-123
-111
-57
-60
-69
-89
-128
-126
-80
-52
-62
-66
4
-3
-72
-16
-15
-2
-35
-33
8
-31
2
-13
-33
-31
-3
-63
-82
-15
10
-23
-32
-73
-110
-125
-103
-43
-47
-51
-36
-76
-93
-75
-67
-36
-79
-72
-75
-64
-50
-46
-42
-92
-77
-42
-59
-89
-37
-46
-58
-30
-88
-91
-64
-75
-34
-63
-69
-50
-93
-78
-3
-50
-21
-76
-56
-52
-93
-19
-74
-41
-62
-74
-63
-45
-77
-79
-64
-71
-60
-61
-22
-74
-82
-53
-70
-75
-132
-106
-52
-116
-128
-109
-67
-101
-123
-123
-106
-97
-86
-85
-125
-43
-76
-93
-62
-66
-115
-66
-81
-144
-56
-101
-94
-56
-92
-64
-39
-83
-91
-114
-140
-112
-119
-105
-92
-108
-74
-107
-75
-90
-85
-49
-59
-80
-78
-107
-78
-58
-79
-37
-68
-62
-80
-74
-47
-54
-72
-54
-83
-65
-84
-105
-78
-68
-68
-68
-59
-64
-42
-52
-43
-41
-67
-53
-81
-75
-110
-103
-87
-112
-127
-114
-91
-114
-110
-132
-121
-128
-87
-97
-132
-123
-153
-146
-86
-97
-87
-113
-62
-54
-95
-86
-126
-114
-70
-86
-95
-46
-110
-84
-108
-73
-112
-139
-37
-36
-57
-44
-61
-92
-46
-37
-35
-59
-35
-12
-26
-27
-68
-48
-83
-102
-103
-118
-129
-139
-101
-113
-115
-65
-65
-79
-12
-71
-81
-14
-13
-17
-7
-9
-56
-16
-52
-65
-4
-45
-45
-53
-75
-35
-3
-46
-67
-14
-51
-46
-32
-71
-84
-46
-56
-50
6
3
-13
4
-8
-12
-11
-1
-38
-7
10
-60
0
-45
-32
-11
-51
-19
-31
-22
12
-49
-44
-34
13
30
-6
-5
-43
-34
-34
-21
-63
-57
-69
0
-1
-83
-35
-62
-66
-14
-26
-34
-28
-59
-43
-33
-43
-45
-35
-28
-36
-44
-56
-15
-18
-3
0
-8
-50
-98
-26
-47
-38
-55
-96
-93
-70
-76
-135
-96
-89
-112
-93
-97
-116
-136
-73
-124
-117
-122
-192
-100
-70
-74
-112
-76
-91
-39
-56
-45
-41
-43
-7
-63
-33
-13
-24
-52
-59
-61
-42
-73
-91
-184
-154
-109
-196
-166
-124
-97
-118
-141
-120
-125
-114
-93
-91
-105
-66
-90
-76
-82
-80
-76
-92
-54
-28
-13
-50
-22
-8
-25
-18
-38
-63
-52
-66
-58
-79
-48
-59
-91
-112
-102
-35
-47
-57
-41
-32
-16
-37
-30
-62
-43
-28
-52
-41
-27
27
0
8
48
-11
28
15
-32
-32
-46
-39
-19
-32
-42
-84
-71
-28
-63
-81
-61
-86
-120
-106
-155
-130
-161
-118
-107
-109
-100
-80
-25
-69
-31
-41
-43
-1
4
-13
-26
-32
-71
-53
-67
-24
2
-38
10
-60
-38
-26
-36
-3
-46
-20
-47
9
9
28
21
34
5
-9
28
-20
-25
-23
12
-4
-26
-30
-34
-34
-58
-39
-35
-48
-68
-37
-31
-70
-34
-55
-51
-43
-23
-60
-52
-113
-116
-94
-112
-101
-127
-138
-142
-94
-117
-108
-95
-112
-59
-28
-56
-60
-60
-54
10
-47
-33
-22
-22
8
-11
-17
-16
-2
-33
-40
-65
-53
-19
-21
-42
-42
-32
-68
-134
-100
-82
-97
-75
-86
-130
-126
-138
-162
-142
-111
-113
-111
-69
-103
-103
-65
-100
-108
-78
-86
-51
-38
-46
-26
-3
27
23
-11
-15
-39
-22
2
-50
-27
-25
-61
-65
-32
-53
-67
-33
-56
-45
-42
-58
-68
-66
-38
-4
-31
-42
-4
-35
-69
-38
-33
-63
-60
-53
-31
-50
-83
-90
-104
-58
-61
-79
-75
-56
-64
-78
-43
-92
-108
-74
-96
-131
-87
-68
-129
-101
-76
-94
-66
-71
-67
-107
-137
-133
-173
-158
-142
-210
-138
-157
-174
-181
-231
-615
-1456
-1867
-2207
-2541
-2623
-2889
-2943
-2400
-1818
-1259
-545
-116
16
28
102
33
-481
-1076
-1683
-2214
-2434
-2598
-2663
-2705
-2772
-2590
-2266
-1992
-1753
-1702
-1547
-1374
-1100
-728
-536
-387
-195
-16
230
342
241
89
-221
-556
-680
-744
-807
-748
-633
-168
464
1049
1609
2232
2413
2438
2772
2561
2073
1838
1295
954
1146
1277
1469
1869
2457
2869
3130
3128
2658
1880
1236
444
-490
-934
-1286
-1442
-1067
-470
223
938
1331
1609
1767
1704
1451
1054
652
241
96
251
334
417
533
635
708
622
413
0
-409
-848
-1244
-1373
-1475
-1489
-1451
-1067
-739
-476
-196
-170
-215
-367
-611
-784
-1034
-1238
-1321
-1291
-1141
-961
-846
-775
-703
-851
-927
-1136
-1372
-1548
-1755
-1781
-1722
-1634
-1443
-1235
-1098
-923
-855
-894
-990
-1199
-1365
-1617
-1701
-1762
-1873
-1889
-1753
-1538
-1441
-1253
-1132
-1134
-906
-762
-737
-575
-384
-389
-265
-28
-65
-56
65
56
79
210
210
194
158
206
419
455
735
1181
1530
2170
2927
3168
3353
3994
3850
3938
4675
4593
5157
6148
5686
5680
5827
4496
3295
2104
45
-1526
-2517
-3690
-4023
-3725
-3689
-2929
-1720
-431
681
1832
2849
3300
3868
4260
4213
4111
3879
3455
2998
2658
1912
1057
313
-821
-1866
-2581
-3351
-3940
-4084
-3744
-3300
-2320
-1108
21
1281
2348
3218
3665
3830
3556
3013
2385
1551
769
136
-522
-1078
-1419
-1629
-1825
-1942
-1956
-1906
-1771
-1524
-1144
-659
-63
553
1165
1845
2286
2416
2519
2222
1706
1130
383
-436
-1169
-1767
-2203
-2347
-2380
-2224
-1950
-1681
-2155
-2997
-3583
-4641
-5102
-4802
-5183
-4602
-3264
-2427
-958
706
854
767
688
-447
-1505
-2340
-3809
-4932
-5223
-5387
-5186
-4214
-3613
-3260
-2368
-1940
-1689
-1313
-1357
-1543
-1481
-1158
-763
-346
78
323
533
879
1110
1084
1136
1036
966
1495
2227
2893
4086
5672
7466
9765
12365
14274
16597
18936
20010
20695
19726
13814
4361
-4428
-12707
-19048
-23219
-27894
-28993
-23694
-16045
-7309
2004
9033
13283
16643
18674
18503
16402
11962
6919
4113
3068
2216
1481
792
-855
-2424
-3243
-5333
-8832
-12678
-15726
-16429
-14485
-10868
-6660
-1396
4170
9903
15349
18490
18490
16047
12135
7454
2812
-1661
-6170
-9442
-10662
-9952
-8002
-5947
-4269
-3181
-2340
-1760
-1367
-1097
-1406
-1460
-255
1995
4642
6938
8589
9296
9045
7940
5880
2692
-1446
-5590
-8822
-10472
-10929
-10367
-8812
-6555
-3890
-1196
433
973
748
-317
-1418
-2014
-2939
-3454
-2893
-2434
-1541
67
504
-159
-573
-1996
-3880
-4812
-6014
-7413
-7288
-6459
-5441
-3397
-1589
-903
-63
471
-117
-599
-1077
-2297
-2941
-2755
-2409
-1720
-570
385
1258
2299
2910
3080
3053
2559
1985
2022
2444
2933
4151
5662
7401
9470
12050
14094
16125
18448
19203
19304
18068
12743
4030
-4268
-12068
-18530
-22121
-25445
-26440
-21687
-14612
-6672
1947
8749
12597
15555
17224
16846
14848
11085
6592
3717
2699
1935
1290
783
-727
-2335
-3293
-5221
-8381
-11682
-14305
-14853
-13137
-9769
-5683
-942
4283
9236
13939
16766
16708
14476
10880
6551
2217
-1855
-5735
-8631
-9644
-9077
-7346
-5429
-3936
-2908
-2049
-1436
-1065
-712
-781
-804
189
2176
4367
6286
7444
7813
7385
6213
4182
1376
-2170
-5654
-8328
-9661
-10300
-10543
-10118
-9648
-8136
-6069
-4343
-2517
-1747
-1038
360
1110
1881
2263
1465
715
308
-930
-1989
-3275
-5448
-6911
-7350
-7484
-7152
-6308
-5592
-4614
-2725
-1028
-112
730
755
456
736
706
410
199
64
287
1072
1854
2266
2482
2599
3068
3630
4289
4947
5762
7139
8688
10494
12561
14382
16756
18879
20190
19470
16198
8802
-460
-8230
-15726
-21603
-25273
-27557
-25152
-17976
-9421
-775
7494
12960
16171
18546
18573
16385
12266
7299
3152
1156
571
-11
-296
-623
-1586
-2219
-3234
-5849
-9248
-12412
-13868
-13166
-10490
-6828
-2594
2631
7819
12638
16032
16754
14725
11163
6840
2150
-2142
-6005
-9070
-10148
-9404
-7209
-4740
-2650
-1249
-442
95
40
-261
-814
-1343
-1119
446
2564
4644
6173
6902
6978
6187
4474
1878
-1635
-5264
-8372
-10566
-11974
-12431
-11727
-10481
-8086
-4917
-2370
30
1967
2350
2453
2548
1437
-4
-951
-2374
-3625
-3813
-4241
-4973
-5046
-5340
-5898
-5654
-5282
-5366
-4667
-3579
-2694
-1321
78
736
1080
1367
1147
482
197
-200
-711
-198
305
672
1591
2408
3176
4257
5266
5817
6486
7626
8413
9327
10803
12243
13963
16810
18453
18611
17551
13788
6513
-1762
-9763
-17444
-22545
-25198
-26323
-22733
-15198
-6941
1595
9671
14735
17613
19103
17859
14947
10845
5856
1776
-110
-1034
-1566
-1434
-1440
-2231
-2933
-4176
-6763
-9512
-11754
-12780
-11720
-8765
-4977
-242
5034
9700
13796
16126
15979
13503
9550
4724
-260
-4552
-7993
-10340
-10637
-9377
-6999
-4163
-1885
-247
710
1113
848
367
-86
-460
-147
1234
2981
4686
5988
6389
6052
4675
2410
-389
-3987
-7506
-10722
-12423
-12635
-12528
-10872
-8303
-5799
-2301
637
2082
3074
3065
1765
800
-201
-2182
-3601
-4215
-4849
-5050
-4430
-4475
-4872
-4632
-4807
-4875
-4284
-4085
-3820
-2771
-1616
-500
533
1188
1066
597
363
-250
-842
-997
-1004
-607
309
1351
2417
3555
4503
5151
5697
6177
6775
7438
8072
9263
10337
12321
14741
16572
18265
17906
15245
11886
5269
-3055
-10074
-17346
-22344
-23465
-23181
-19791
-12714
-5151
2367
9589
14409
16763
17357
15972
12958
9302
5566
1785
-286
-993
-1588
-1437
-1291
-2135
-3410
-4928
-6984
-9195
-10830
-11421
-10453
-7660
-3778
619
5397
9476
12384
13998
13841
11454
7861
3571
-956
-4618
-7413
-9027
-9182
-8182
-6211
-3880
-1780
-329
385
759
555
116
30
56
354
1254
2476
3623
4416
4485
3759
2328
143
-2541
-5213
-7573
-9754
-10945
-10865
-9975
-7957
-5369
-3096
-850
869
1452
1700
1147
-192
-1462
-2730
-3958
-4505
-4674
-4889
-4639
-4353
-4295
-4018
-3926
-4084
-3954
-3623
-3234
-2430
-1558
-896
-30
545
625
551
267
-260
-453
-344
-190
104
603
1232
1853
2934
3787
4231
5202
6174
6831
7989
9419
10139
11138
13129
14303
15993
17758
17227
15410
12726
6380
-2023
-8552
-15255
-21004
-22682
-23091
-20878
-13999
-6543
477
8130
13610
15842
17255
16834
13833
10338
6427
2395
69
-889
-1770
-2011
-1661
-2483
-3459
-4046
-5901
-8125
-9548
-10385
-9809
-7327
-3964
-307
4122
8046
10909
12932
13084
10940
7753
3954
-392
-3940
-6528
-8545
-8884
-7889
-6125
-3837
-1809
-309
539
1006
899
525
245
-22
-20
738
1770
2735
3424
3458
2880
1565
-525
-2711
-5600
-8433
-9923
-10959
-10495
-8589
-6846
-4392
-1428
403
1540
2508
1962
363
-634
-2155
-3805
-4445
-4927
-5562
-5175
-4552
-4590
-4048
-3607
-4104
-4016
-3580
-3468
-2883
-2076
-1324
-702
139
493
202
-40
-610
-1241
-1203
-807
-351
357
1260
1884
2615
3738
4288
4342
4657
4973
5210
6243
7529
8381
9784
11578
13001
14725
16713
16743
15478
12982
9165
3436
-3560
-9877
-15980
-19380
-19826
-19294
-15783
-9746
-3697
2691
8692
12367
14185
14625
12896
10682
8033
4792
1999
207
-679
-1339
-1373
-1451
-2472
-3409
-4699
-6307
-7404
-8514
-8626
-7571
-5314
-2272
1098
4742
7402
9414
10370
9876
8062
5183
1969
-1433
-4035
-5809
-6907
-6776
-6019
-4667
-2995
-1598
-597
-50
234
82
14
75
168
468
1058
1673
2186
2411
1881
891
-480
-2649
-4798
-6509
-8111
-8915
-8554
-7641
-6076
-3938
-2140
-598
456
584
216
-427
-1521
-2695
-3615
-4209
-4379
-4307
-4030
-3755
-3438
-3392
-3448
-3452
-3648
-3650
-3342
-2880
-2187
-1337
-660
-136
103
-38
-387
-843
-1400
-1600
-1294
-609
381
1384
2297
2891
3437
4049
4203
4017
4220
4105
4260
5483
6596
7695
9610
10983
12332
14350
15303
15225
14430
12367
9194
5559
18
-6410
-11432
-15250
-17243
-16676
-15094
-11814
-6557
-1007
4154
8900
11573
12296
12173
10966
9220
6984
4348
1912
295
-573
-1217
-1735
-2334
-3596
-4720
-5427
-6231
-6842
-7150
-6655
-5183
-2669
260
3002
5487
7194
8120
8369
7528
5450
2819
8
-2570
-4341
-5366
-5901
-5680
-4821
-3680
-2253
-1007
-287
143
215
253
378
428
526
590
738
932
938
581
-356
-1578
-2981
-4460
-5480
-6226
-6747
-6598
-5779
-4682
-3239
-1853
-944
-596
-521
-785
-1667
-2444
-3097
-4159
-4563
-4237
-4237
-3893
-3125
-3087
-2972
-2327
-2314
-2280
-1946
-2010
-1980
-1483
-1249
-1400
-1317
-1492
-1989
-2087
-2039
-2226
-1776
-808
108
1191
2223
2800
3189
3888
4340
4082
4369
4588
4237
5051
6452
7308
8455
9900
10675
11240
12520
13484
13135
12531
11025
7679
5217
1304
-4814
-9034
-12599
-15283
-15054
-13541
-11128
-6543
-1610
2887
7556
10824
11927
11664
10835
8955
6453
4240
1675
-457
-1345
-2159
-2583
-2535
-3284
-4123
-4589
-5075
-5614
-5802
-5305
-4472
-2687
-196
2215
4471
6202
7011
7274
6798
5079
2734
268
-2315
-4195
-5159
-5645
-5411
-4627
-3371
-2000
-601
485
958
1100
948
647
622
451
180
144
79
-22
-282
-887
-1814
-2981
-4146
-4993
-5511
-5837
-5725
-5107
-4111
-2904
-1632
-806
-272
-260
-874
-1449
-2261
-3329
-4067
-4576
-4909
-4534
-4055
-3728
-3064
-2572
-2450
-2001
-1661
-1766
-1718
-1575
-1617
-1500
-1298
-1513
-1785
-1916
-2217
-2389
-2091
-1810
-1203
-29
940
1783
2653
3171
3488
3966
4076
3955
4298
4344
4595
5541
6361
6898
7815
8959
9905
11365
12354
12695
12730
12173
10311
7442
4035
-1184
-6344
-10181
-13566
-14762
-14092
-12609
-9019
-3922
764
5265
9013
10643
11152
10737
9232
7123
4793
2349
269
-742
-1291
-1804
-1974
-2350
-3237
-3714
-4392
-5153
-5612
-5743
-5072
-3660
-1402
883
3105
5101
6358
6953
6762
5526
3424
1082
-1274
-3271
-4501
-5225
-5233
-4625
-3564
-2192
-884
161
617
844
883
601
382
253
-84
-191
-138
-289
-437
-902
-1752
-2663
-3593
-4502
-5142
-5403
-5422
-4991
-4007
-2899
-1764
-782
-374
-264
-643
-1490
-2217
-3297
-4179
-4544
-4847
-4601
-3874
-3495
-2997
-2250
-2077
-1945
-1500
-1710
-1869
-1732
-1794
-1776
-1568
-1541
-1834
-1813
-1943
-2135
-2082
-1779
-1376
-420
831
1603
2378
2999
3165
3394
3726
3367
3110
3214
3252
3890
4993
5637
6776
8119
8655
9770
10843
11067
11777
12100
10821
9329
7100
3996
349
-3947
-8014
-11312
-12861
-12915
-11792
-9033
-5284
-1400
2903
6819
9235
10518
10602
9382
7875
5879
3467
1322
-445
-1735
-2526
-2693
-2958
-3372
-3671
-4064
-4365
-4308
-4275
-3927
-2938
-1566
123
2031
3729
4849
5516
5523
4869
3569
1840
-100
-1968
-3302
-4145
-4402
-4067
-3476
-2508
-1412
-478
223
631
673
488
370
215
-98
-366
-517
-765
-943
-1185
-1755
-2361
-3095
-3813
-4263
-4458
-4410
-4046
-3453
-2621
-1753
-1120
-655
-686
-1208
-1831
-2614
-3552
-4197
-4530
-4950
-4646
-4012
-3679
-2890
-2043
-1803
-1381
-944
-1177
-1199
-1150
-1367
-1483
-1493
-1669
-1883
-1897
-2062
-2209
-2017
-1637
-1066
-60
1043
1741
2436
2867
3085
3347
3348
3198
3068
3122
3571
4220
4996
5794
6448
7367
8410
8897
9519
10229
10591
10890
10502
9036
6923
4579
1146
-3209
-6606
-9681
-11908
-11892
-11010
-9132
-5369
-1622
1917
5774
8349
9345
9694
9002
7375
5543
3478
1307
-345
-1271
-2101
-2441
-2331
-2827
-3306
-3387
-3857
-4153
-4000
-3847
-3198
-1805
-230
1430
3149
4307
4855
5043
4579
3301
1719
-48
-1857
-3066
-3738
-4065
-3777
-3105
-2218
-1144
-252
307
579
608
356
-75
-343
-662
-1032
-1164
-1186
-1379
-1419
-1588
-2173
-2625
-3121
-3580
-3766
-3812
-3707
-3231
-2612
-1926
-1302
-1056
-1036
-1357
-2114
-2665
-3295
-4076
-4291
-4417
-4422
-3713
-3129
-2675
-1855
-1428
-1414
-1173
-1136
-1473
-1533
-1695
-2012
-2029
-2014
-2262
-2260
-2198
-2340
-2090
-1525
-993
-84
1021
1758
2351
2909
3225
3397
3559
3443
3448
3843
4182
4412
5045
5429
5630
6558
7164
7711
8923
9601
10443
11259
10856
9529
7375
4571
977
-3326
-7069
-10236
-12269
-12202
-11007
-8525
-4657
-1011
2635
6207
8359
9303
9260
8067
6414
4494
2691
1092
-233
-924
-1546
-1769
-1714
-2341
-3005
-3668
-4436
-4849
-4921
-4526
-3557
-2084
-233
1801
3603
4868
5407
5297
4548
3078
1358
-388
-2143
-3317
-3872
-3962
-3405
-2652
-1771
-853
-188
184
407
238
-61
-356
-556
-632
-644
-512
-444
-481
-637
-1093
-1746
-2476
-3254
-3860
-4144
-4105
-3860
-3334
-2567
-1766
-1100
-493
-438
-828
-1270
-2119
-2978
-3542
-4058
-4365
-4108
-3764
-3200
-2327
-1846
-1494
-1138
-1258
-1393
-1492
-1829
-2125
-2190
-2269
-2403
-2288
-2330
-2545
-2514
-2436
-2349
-1848
-1106
-340
902
2157
2797
3416
3733
3498
3251
3035
2570
2451
2668
2831
3467
4336
5075
6074
7231
8077
8879
9635
10211
10573
10533
9624
8038
5864
2869
-979
-4674
-7740
-10222
-11239
-11012
-9666
-6803
-3298
249
3800
6559
8116
8719
8374
7362
5824
3990
2187
700
-362
-1081
-1517
-1810
-2283
-2775
-3369
-3925
-4322
-4562
-4423
-3732
-2517
-1005
872
2488
3872
4735
4975
4724
3724
2224
530
-1188
-2493
-3214
-3565
-3400
-2780
-2027
-1117
-343
81
301
237
-119
-438
-599
-664
-697
-595
-438
-296
-190
-283
-666
-1340
-1992
-2716
-3394
-3655
-3832
-3767
-3170
-2632
-2084
-1282
-867
-977
-994
-1335
-2049
-2522
-3078
-3558
-3644
-3441
-3171
-2714
-2108
-1690
-1448
-1277
-1259
-1607
-1861
-2107
-2484
-2563
-2538
-2589
-2498
-2231
-2139
-2127
-1929
-1834
-1761
-1344
-842
-230
751
1773
2486
3022
3257
3125
2904
2694
2377
2097
2200
2281
2720
3478
4337
5564
6716
7823
9075
10208
11257
11688
11253
10266
8090
5343
2261
-1765
-5466
-8373
-10634
-11142
-10135
-8590
-5956
-2628
501
3614
6046
7284
7598
7243
6331
5100
3834
2467
1075
126
-565
-1202
-1640
-2167
-3039
-3733
-4207
-4530
-4492
-4085
-3354
-2133
-491
1215
2687
3839
4356
4261
3904
3045
1681
339
-990
-2050
-2483
-2580
-2395
-1974
-1596
-1208
-768
-539
-542
-626
-747
-917
-764
-499
-273
51
276
342
321
70
-423
-1093
-1842
-2692
-3157
-3396
-3535
-3289
-2970
-2575
-2064
-1543
-1231
-1154
-1243
-1430
-1845
-2200
-2460
-2698
-2852
-2706
-2363
-2150
-1801
-1474
-1609
-1704
-1787
-2228
-2541
-2544
-2759
-2834
-2403
-2236
-1983
-1586
-1360
-1307
-1155
-987
-985
-713
-340
40
689
1404
2005
2276
2460
2481
2304
2344
2369
2390
2708
3219
3634
4345
5299
6083
7084
8318
9130
10082
10550
9962
9159
7665
5415
3277
595
-3001
-5905
-8015
-9303
-9048
-8057
-6713
-4334
-1567
1093
3741
5803
6535
6479
6212
5404
4380
3284
1835
470
-359
-1001
-1551
-1840
-2362
-3131
-3399
-3429
-3418
-3137
-2752
-2153
-1106
234
1434
2462
3036
3068
3009
2751
2023
1091
41
-900
-1560
-1772
-1792
-1776
-1599
-1444
-1152
-798
-524
-554
-582
-659
-661
-391
-165
-110
-90
-112
-193
-216
-348
-797
-1378
-1920
-2302
-2523
-2573
-2614
-2628
-2426
-2110
-1921
-1582
-1428
-1600
-1621
-1678
-1741
-1740
-1828
-1989
-1993
-2011
-1929
-1905
-1912
-2049
-2148
-2115
-2054
-2028
-2018
-2151
-2154
-2003
-1935
-1748
-1730
-1799
-1674
-1494
-1323
-1063
-880
-752
-535
-186
239
613
1003
1297
1475
1658
1837
1942
1909
1985
2218
2669
3426
4311
5033
5818
6755
7650
8509
9379
9855
9592
9182
8276
6588
4950
2470
-1221
-4655
-7260
-9113
-9504
-8902
-7858
-5637
-2532
605
3621
6021
7077
7046
6679
5944
4704
3347
1838
338
-348
-679
-925
-1047
-1366
-2043
-2508
-2549
-2923
-3131
-3156
-2949
-2177
-870
528
1750
2763
3312
3516
3642
3161
2132
945
-259
-1253
-1753
-1934
-2028
-1845
-1474
-1056
-533
-129
-89
-193
-413
-506
-395
-282
-190
-121
22
232
279
165
-99
-649
-1263
-1750
-2154
-2440
-2542
-2646
-2542
-2080
-1765
-1415
-1049
-1117
-1208
-1195
-1320
-1499
-1582
-1762
-2067
-1979
-1785
-1694
-1534
-1399
-1530
-1501
-1318
-1458
-1362
-1404
-1562
-1506
-1392
-1313
-1250
-1212
-1362
-1431
-1413
-1424
-1404
-1246
-1134
-760
-220
228
665
1043
1274
1408
1539
1482
1482
1500
1560
1828
2338
2968
3556
4238
4969
5585
6219
7009
7511
8056
8734
8743
8294
7447
5703
3630
1230
-1499
-4078
-5992
-7349
-7641
-6926
-5600
-3678
-1531
634
2553
4056
4973
5181
4882
4312
3537
2690
1954
1215
607
203
-144
-534
-981
-1591
-2272
-2712
-3088
-3223
-3022
-2515
-1768
-632
533
1595
2491
2949
3036
2818
2225
1474
628
-161
-786
-1155
-1232
-1271
-1149
-958
-856
-794
-821
-934
-989
-1059
-1096
-931
-649
-373
-99
163
365
326
256
-101
-543
-962
-1430
-1779
-2095
-2183
-2205
-2177
-1963
-1827
-1747
-1663
-1690
-1717
-1733
-1747
-1728
-1676
-1537
-1403
-1186
-930
-778
-806
-695
-793
-1006
-1006
-1198
-1387
-1424
-1441
-1623
-1472
-1403
-1539
-1423
-1252
-1263
-1135
-872
-736
-509
-177
91
245
522
534
501
652
644
550
721
874
1015
1588
2000
2360
2957
3380
3772
4282
4717
5180
6075
6894
7789
8734
9035
8728
7836
6359
4147
1555
-1179
-3835
-5711
-6864
-7109
-6424
-5057
-3282
-1233
826
2526
3746
4363
4409
4123
3641
3039
2473
1950
1497
1138
766
387
-107
-815
-1574
-2306
-2865
-3197
-3260
-2990
-2348
-1497
-419
764
1661
2355
2661
2561
2345
1764
1050
353
-274
-770
-1044
-1075
-1069
-1067
-1021
-995
-1070
-1059
-1173
-1282
-1215
-1086
-889
-569
-162
89
380
479
343
160
-219
-688
-1158
-1585
-1867
-2039
-2126
-2100
-1991
-1802
-1637
-1624
-1653
-1643
-1645
-1654
-1680
-1660
-1503
-1355
-1160
-913
-799
-716
-727
-799
-898
-1012
-1246
-1314
-1383
-1431
-1308
-1280
-1290
-1249
-1242
-1259
-1219
-1176
-1065
-867
-596
-241
23
316
503
526
521
524
490
481
458
513
606
890
1254
1620
1980
2209
2433
2697
3075
3336
3754
4488
5403
6393
7796
8728
8634
8078
6645
4415
2206
-483
-3202
-4963
-6127
-6594
-5751
-4276
-2737
-939
739
1927
2883
3383
3101
2598
2236
1706
1403
1485
1377
1282
1231
950
482
-36
-920
-2009
-2681
-3260
-3489
-3062
-2491
-1703
-615
388
1290
1904
2088
1843
1310
754
11
-583
-938
-1211
-1276
-1049
-876
-738
-592
-707
-905
-1150
-1321
-1500
-1518
-1498
-1348
-907
-446
-66
141
101
-45
-396
-775
-1104
-1495
-1822
-2000
-1980
-1846
-1597
-1357
-1342
-1384
-1381
-1528
-1697
-1875
-2047
-2133
-2001
-1671
-1358
-970
-698
-582
-398
-356
-466
-592
-796
-1029
-1070
-1084
-961
-843
-791
-726
-725
-641
-693
-756
-804
-810
-731
-480
-83
199
590
899
1039
1233
1307
1330
1315
1329
1317
1337
1453
1644
1795
2137
2580
2989
3599
4199
4785
5501
6266
6869
6714
5717
4407
2565
709
-744
-2414
-3616
-4065
-4151
-3599
-2232
-1089
-218
659
1107
1381
1702
1697
1341
1098
897
804
1041
1188
990
759
440
-124
-592
-1126
-1792
-2351
-2574
-2521
-2121
-1462
-902
-414
122
468
624
667
345
-200
-613
-967
-1249
-1334
-1246
-1179
-1024
-750
-658
-704
-766
-972
-1220
-1283
-1347
-1419
-1234
-1082
-1008
-704
-484
-515
-532
-733
-1066
-1257
-1470
-1641
-1777
-1783
-1730
-1592
-1299
-1115
-1067
-1108
-1243
-1417
-1546
-1698
-1752
-1880
-1832
-1521
-1286
-943
-595
-473
-344
-218
-292
-368
-428
-624
-764
-719
-725
-604
-389
-353
-341
-349
-364
-378
-376
-297
-203
65
476
906
1433
1724
1893
1976
1946
1898
1779
1678
1560
1360
1331
1439
1594
1878
2186
2464
2827
3032
3086
3225
3158
3001
2740
2467
1900
1254
848
252
-227
-449
-749
-915
-767
-698
-586
-281
-77
-28
162
332
303
408
450
316
256
177
47
-66
-230
-465
-660
-755
-936
-1056
-1096
-1143
-1230
-1137
-1008
-991
-935
-1019
-1066
-1069
-1234
-1337
-1409
-1485
-1523
-1440
-1347
-1324
-1165
-1148
-1123
-1101
-1224
-1339
-1367
-1479
-1695
-1760
-1813
-1931
-1861
-1803
-1864
-1743
-1674
-1744
-1619
-1519
-1618
-1540
-1489
-1574
-1443
-1441
-1454
-1377
-1388
-1384
-1401
-1307
-1242
-1206
-995
-775
-560
-206
73
280
489
520
561
591
613
608
693
877
1147
1610
2050
2496
2918
3377
3628
3870
4048
4059
4068
3912
3662
3349
2923
2517
2065
1433
944
427
-26
-271
-406
-533
-498
-419
-269
5
286
507
638
779
798
832
912
811
627
497
316
13
-146
-383
-631
-794
-917
-962
-954
-845
-775
-717
-538
-479
-382
-283
-374
-341
-363
-400
-356
-426
-564
-627
-664
-654
-769
-896
-1017
-1088
-1126
-1115
-993
-930
-934
-895
-846
-756
-774
-847
-962
-1127
-1248
-1272
-1239
-1310
-1281
-1313
-1352
-1281
-1263
-1255
-1314
-1343
-1295
-1244
-1261
-1238
-1259
-1357
-1406
-1362
-1313
-1236
-1239
-1244
-1173
-1108
-1014
-970
-868
-851
-752
-671
-689
-658
-715
-889
-969
-1101
-1125
-1122
-1153
-1147
-1074
-964
-853
-624
-406
-297
-136
80
117
196
300
321
310
299
299
164
57
-40
-197
-193
-94
-132
36
312
381
474
629
716
687
747
696
707
788
846
900
1007
1139
1184
1275
1168
1122
1024
863
748
823
875
860
1020
1106
1173
1176
1065
982
838
569
339
107
-70
-283
-496
-563
-650
-787
-719
-751
-788
-721
-807
-791
-737
-856
-772
-802
-1011
-1118
-1197
-1367
-1514
-1547
-1593
-1739
-1683
-1701
-1804
-1733
-1857
-1917
-1881
-1933
-1898
-1822
-1819
-1807
-1766
-1697
-1609
-1633
-1578
-1543
-1575
-1540
-1487
-1435
-1378
-1316
-1267
-1158
-1004
-946
-806
-585
-497
-423
-354
-303
-236
-273
-372
-397
-373
-315
-133
112
344
610
871
1151
1378
1574
1720
1679
1607
1540
1380
1244
1109
1097
1183
1411
1813
2310
2824
3392
3788
3913
3869
3530
2970
2240
1309
462
-302
-790
-1089
-1305
-1137
-919
-649
-186
86
227
510
583
606
693
643
660
665
527
532
410
236
10
-315
-624
-937
-1265
-1397
-1480
-1527
-1348
-1242
-1034
-800
-651
-585
-577
-596
-718
-899
-1060
-1221
-1319
-1335
-1400
-1429
-1364
-1503
-1491
-1499
-1576
-1456
-1441
-1312
-1260
-1216
-1020
-996
-981
-949
-1165
-1302
-1459
-1689
-1716
-1847
-1896
-1750
-1613
-1416
-1233
-1089
-977
-1033
-1015
-1042
-1183
-1233
-1216
-1333
-1216
-1044
-1065
-912
-732
-693
-673
-550
-518
-536
-426
-320
-238
-79
120
259
379
514
511
557
518
395
350
272
265
319
498
653
910
1235
1438
1581
1754
1697
1619
1526
1347
1173
1074
973
843
798
809
739
644
669
698
640
653
593
496
575
494
438
514
461
398
410
411
289
350
426
333
330
306
204
155
185
176
175
200
203
145
117
36
-173
-388
-649
-893
-988
-1060
-1158
-964
-795
-716
-507
-358
-378
-446
-546
-831
-1025
-1124
-1376
-1386
-1411
-1486
-1334
-1210
-1237
-1285
-1251
-1362
-1430
-1381
-1431
-1503
-1400
-1271
-1208
-1059
-910
-850
-774
-834
-963
-966
-1087
-1193
-1221
-1152
-1045
-874
-692
-463
-328
-137
-23
-73
-86
-192
-262
-260
-273
-195
-128
-3
194
350
559
733
819
842
885
889
885
765
606
617
643
598
636
727
803
821
933
1048
1210
1408
1462
1596
1599
1611
1577
1366
1193
986
732
646
478
396
379
338
432
484
556
700
772
816
697
597
504
293
205
100
1
-64
-41
30
96
131
137
66
10
-84
-188
-269
-396
-440
-437
-522
-515
-527
-631
-750
-817
-925
-1027
-1060
-1113
-1082
-1040
-992
-932
-802
-803
-724
-616
-625
-721
-743
-928
-1115
-1152
-1240
-1306
-1291
-1207
-1234
-1199
-1110
-1016
-966
-905
-935
-918
-880
-824
-734
-666
-710
-704
-671
-646
-588
-631
-567
-572
-585
-528
-455
-412
-288
-265
-232
-163
-163
-59
2
35
86
133
214
280
271
345
362
362
405
353
341
361
359
312
305
434
431
513
696
849
864
868
925
897
879
755
693
558
435
342
280
216
186
173
216
306
438
561
614
633
606
547
437
359
260
194
134
34
-33
26
43
1
115
152
6
79
151
62
6
-10
-36
-37
48
-30
-72
-72
-205
-374
-408
-455
-458
-524
-555
-570
-607
-512
-533
-408
-296
-342
-363
-399
-447
-564
-616
-697
-736
-806
-879
-902
-872
-828
-789
-677
-570
-487
-384
-388
-413
-399
-460
-476
-635
-668
-609
-657
-684
-654
-699
-649
-601
-552
-452
-380
-340
-295
-270
-242
-188
-148
-103
-138
-83
-6
-61
24
81
103
117
147
214
238
282
245
233
188
209
238
168
145
106
57
123
218
324
357
455
594
606
630
613
545
505
420
299
337
359
369
466
399
362
317
222
131
61
-12
-10
32
163
266
364
546
620
732
714
648
586
397
175
59
-107
-263
-255
-217
-143
-14
73
181
261
320
324
297
256
89
-18
-34
-139
-229
-218
-240
-248
-305
-335
-432
-473
-451
-489
-404
-326
-228
-6
94
185
235
219
182
39
-71
-244
-408
-559
-646
-640
-653
-594
-471
-335
-215
-116
-34
33
32
27
34
105
62
71
91
63
90
48
-9
-13
-6
-97
-117
-109
-113
-98
-45
47
160
221
287
238
193
200
71
-25
-8
-68
-65
12
85
173
264
304
353
351
311
321
249
178
93
74
75
127
178
258
294
227
224
201
182
238
290
315
388
399
401
436
489
459
458
437
394
344
281
188
205
192
186
262
331
412
492
504
519
470
389
383
339
296
262
239
202
210
215
210
180
192
195
209
208
132
131
120
58
86
60
41
104
82
77
43
12
-48
-95
-47
-3
-37
-3
52
33
64
30
43
61
-33
-42
-111
-125
-60
-66
-29
67
115
170
192
205
210
110
35
16
-9
42
63
20
113
220
238
306
407
399
443
428
406
402
394
326
338
372
326
314
331
351
347
346
352
330
375
414
401
409
372
366
392
395
399
408
420
368
433
442
437
454
438
530
582
570
611
641
644
664
616
581
582
537
497
404
397
365
303
366
383
466
478
508
611
703
694
698
719
678
649
620
607
487
483
469
415
407
486
524
518
462
460
428
431
463
422
450
449
462
399
397
387
344
297
197
196
215
234
307
393
490
532
517
566
558
588
478
390
284
188
176
210
300
323
269
260
348
401
431
425
403
403
307
306
328
345
384
353
388
340
381
451
390
392
331
257
222
272
314
362
395
436
497
527
551
587
672
615
527
432
387
385
416
417
372
421
514
596
621
697
727
647
645
630
545
542
497
447
444
433
449
507
574
638
644
572
549
595
561
546
475
521
557
504
577
612
635
606
576
599
572
506
482
504
455
484
474
546
602
645
665
613
525
462
400
344
392
422
455
476
525
601
670
604
576
557
478
429
430
419
376
353
374
395
427
517
513
456
423
411
298
315
359
360
423
356
295
320
381
400
426
395
396
363
395
380
446
454
443
494
501
535
534
502
435
375
306
326
334
391
402
434
455
503
557
633
665
589
550
499
480
482
480
443
404
376
408
447
442
481
454
451
448
443
458
527
564
529
535
576
611
640
653
647
620
588
497
459
405
362
353
393
401
401
372
351
413
309
274
227
178
182
205
240
244
288
387
423
461
500
504
465
393
357
338
217
154
153
201
258
212
229
193
222
213
192
199
145
126
134
130
164
116
131
156
121
194
137
128
70
17
51
17
16
18
54
66
147
94
106
61
11
31
15
-1
-19
-18
-32
-69
-41
-47
-34
54
24
47
70
71
67
37
47
70
104
62
72
126
171
187
194
236
238
243
197
151
92
66
24
49
81
137
177
186
246
176
143
122
102
105
112
161
175
149
206
278
279
303
290
178
103
87
87
78
61
82
152
172
203
228
198
218
193
162
127
72
65
58
24
17
-15
49
52
21
14
-20
-48
-93
-98
-60
-39
-81
-53
-21
10
-30
-68
-49
-95
-149
-158
-120
-122
-121
-121
-103
-129
-151
-143
-119
-89
-124
-155
-91
-127
-154
-109
-99
-132
-171
-137
-158
-131
-132
-190
-157
-154
-183
-188
-157
-120
-119
-133
-146
-123
-159
-97
-49
-103
-102
-148
-173
-116
-158
-106
-72
-149
-121
-165
-113
-38
-87
-52
-23
-61
-101
-98
-71
-117
-127
-125
-144
-104
-64
-41
-63
-70
-57
-80
-67
-18
-45
-65
-101
-108
-52
-54
-59
-70
-57
-66
-35
-83
-139
-82
-52
-26
-30
33
47
13
74
41
-9
-27
-116
-122
-101
-159
-165
-109
-79
-81
-101
-94
-67
-47
-85
-64
-88
-108
-88
-146
-203
-114
-145
-131
-151
-219
-176
-173
-180
-185
-129
-168
-171
-140
-168
-168
-210
-195
-209
-240
-263
-233
-261
-266
-279
-313
-208
-225
-183
-207
-175
-217
-235
-197
-208
-170
-204
-182
-161
-178
-217
-145
-115
-166
-164
-168
-203
-213
-211
-233
-237
-244
-248
-227
-201
-209
-188
-114
-76
-118
-134
-100
-139
-158
-139
-164
-133
-92
-96
-66
-59
-14
-44
-47
-2
-9
-32
-71
-70
-50
-85
-107
-67
-51
-42
-43
-30
-61
-29
-55
-100
-128
-124
-117
-127
-80
-87
-35
-39
-40
-37
-68
-75
-80
-86
-97
-163
-154
-107
-62
-53
-68
-62
-48
-108
-140
-142
-208
-153
-213
-256
-207
-235
-144
-165
-142
-139
-183
-184
-191
-132
-114
-105
-101
-106
-100
-45
-71
-93
-139
-158
-209
-263
-288
-267
-235
-312
-309
-319
-332
-311
-301
-273
-258
-268
-187
-222
-174
-184
-192
-161
-160
-148
-138
-138
-154
-138
-138
-136
-155
-118
-149
-144
-129
-141
-133
-139
-166
-171
-107
-154
-161
-160
-179
-147
-156
-194
-178
-177
-205
-124
-118
-115
-93
-131
-54
-49
-93
-45
-25
-24
-3
39
-9
-57
22
42
-28
-34
-35
-28
-73
-156
-112
-142
-147
-119
-115
-100
-125
-47
-9
-21
1
10
28
13
41
21
-38
-77
-71
-89
-88
-106
-47
-16
-57
-101
-100
-117
-127
-125
-132
-139
-222
-250
-201
-210
-226
-220
-213
-229
-253
-221
-202
-192
-168
-137
-150
-138
-137
-133
-149
-166
-170
-185
-192
-224
-229
-180
-167
-175
-194
-166
-168
-173
-165
-249
-300
-349
-370
-355
-349
-308
-287
-271
-215
-196
-186
-132
-94
-137
-154
-144
-126
-121
-123
-97
-83
-125
-136
-109
-122
-151
-148
-233
-217
-214
-285
-266
-259
-237
-238
-161
-132
-128
-85
-79
-83
-119
-133
-127
-112
-92
-130
-99
-44
4
37
31
51
24
-82
-123
-100
-164
-124
-203
-217
-182
-165
-123
-138
-76
-118
-171
-181
-183
-175
-150
-178
-217
-148
-177
-109
-40
-74
-46
-11
-42
-64
-124
-160
-159
-146
-145
-144
-187
-149
-140
-152
-171
-200
-202
-243
-190
-237
-195
-174
-191
-230
-228
-190
-201
-192
-219
-186
-157
-142
-141
-130
-120
-113
-161
-170
-136
-167
-199
-203
-167
-180
-156
-156
-160
-156
-185
-251
-241
-237
-315
-263
-278
-246
-223
-213
-180
-142
-43
-58
-94
-101
-113
-122
-97
-65
-71
-86
-51
-53
-44
-3
-39
-98
-92
-106
-124
-107
-166
-156
-158
-184
-198
-176
-162
-178
-98
-31
-68
-39
-8
-57
-10
-7
-12
9
36
18
-30
17
43
37
-51
-60
-80
-29
10
-17
-28
15
5
-53
-35
-52
-52
-130
-106
-73
-77
-47
-31
26
49
78
18
28
12
48
41
17
1
-62
-88
-103
-63
-104
-80
-115
-132
-74
-151
-124
-134
-157
-112
-142
-159
-248
-150
-110
-137
-34
-52
-49
-32
-55
-50
-49
-68
-49
-99
-121
-99
-93
-89
-92
-43
-11
-61
-113
-122
-139
-178
-193
-195
-176
-165
-143
-69
-91
-106
-77
-96
-97
-84
-82
-31
-64
-72
-62
-47
21
7
24
22
-33
-2
-40
-52
-57
-120
-45
-31
-50
-8
24
29
-23
-6
28
26
-16
-11
21
-11
-44
-31
62
81
88
120
161
183
127
119
66
1
-26
-90
-65
-10
19
-25
-26
47
22
50
14
-67
-48
-60
-73
-97
-46
-44
3
11
60
92
64
99
84
27
5
-12
-18
13
-9
24
14
53
42
-3
33
30
-22
-79
-143
-202
-222
-224
-212
-225
-204
-185
-180
-98
-97
-115
-88
-116
-106
-65
-38
-36
-49
-33
5
15
32
37
-49
-12
-53
-145
-128
-174
-164
-134
-123
-72
-66
-87
-77
-136
-95
-100
-129
-114
-107
-47
-46
-2
42
93
48
11
85
69
57
46
72
42
10
-4
38
-25
-38
-61
-52
-19
9
16
1
15
-23
-24
-56
-35
-73
-100
-38
-31
-15
19
93
86
59
114
126
130
109
79
95
126
70
125
117
123
109
67
65
-29
-40
-53
-71
-85
-97
-116
-67
-56
3
24
56
90
71
112
127
117
67
21
46
62
8
65
56
57
59
50
46
16
-38
-80
-58
-91
-104
-115
-81
-86
-77
-37
-35
-40
-30
-54
-48
-98
-92
-79
-119
-73
-19
24
54
52
106
89
53
72
43
47
35
22
-13
-9
28
30
22
32
36
67
30
-3
-28
-69
-43
-31
-30
-21
19
52
70
99
111
125
132
172
172
174
176
147
175
204
186
142
129
89
81
28
15
-1
-8
-34
14
20
11
36
4
51
57
132
137
177
177
162
199
164
170
219
196
205
200
206
243
223
215
193
168
168
183
172
190
161
177
173
162
136
121
102
81
59
83
62
82
120
103
115
148
191
110
153
132
108
151
117
142
176
186
142
132
129
108
85
100
72
33
16
-24
0
-11
44
54
62
106
33
59
87
70
48
68
96
113
171
203
199
219
230
221
174
205
120
93
115
90
58
-12
-15
23
72
56
13
33
15
-8
32
37
99
117
88
129
166
165
180
172
169
151
154
125
142
130
158
182
229
238
226
189
187
189
92
58
41
35
39
68
73
65
70
74
26
32
64
33
14
-2
37
58
92
117
109
113
107
107
175
127
106
102
18
43
85
73
88
97
74
34
51
12
-11
19
-7
-23
4
-3
9
47
-26
-5
28
54
73
89
86
75
44
47
66
14
10
18
-5
34
50
25
35
30
0
-31
-59
-83
-103
-71
-81
-42
-22
50
63
56
71
109
106
39
59
73
68
37
15
-2
54
78
126
129
126
116
115
111
89
85
72
66
78
96
102
120
132
132
116
135
121
112
126
80
63
71
63
148
181
187
196
210
161
140
164
117
73
66
80
69
109
108
147
136
108
130
97
97
95
61
7
41
82
92
142
109
170
217
141
113
154
136
120
120
100
147
177
170
155
144
127
97
80
50
28
-22
-49
-63
-20
28
-1
41
99
163
99
123
146
132
64
80
121
84
56
55
96
93
88
122
148
184
95
51
40
17
9
-20
38
42
59
52
106
177
153
164
186
141
102
34
40
24
-33
-12
14
69
84
111
137
129
107
48
48
3
34
28
5
21
-9
84
61
87
80
94
56
76
40
-8
6
53
78
79
124
135
186
157
166
164
129
117
78
43
90
77
114
95
134
130
111
112
81
95
100
49
45
65
64
103
158
197
181
202
201
134
121
120
76
92
83
93
128
109
123
75
92
114
69
61
38
53
38
32
26
23
74
51
67
92
86
91
84
106
127
114
113
77
29
-18
19
46
27
39
40
81
68
76
61
96
59
30
8
30
6
-8
56
64
82
87
124
156
110
50
35
38
-4
-58
12
69
35
83
100
96
81
53
36
32
20
-11
-1
37
2
-5
44
60
61
11
47
17
-47
-18
-54
-29
9
-2
10
49
88
165
132
135
170
128
123
78
67
108
87
46
48
67
110
90
95
160
79
61
7
-9
21
-32
-11
45
55
106
150
173
172
191
164
132
105
78
51
70
11
28
132
135
164
155
99
92
70
-7
-7
27
5
-49
10
101
102
130
148
118
122
57
67
87
114
73
88
82
72
91
53
66
64
-6
21
13
-2
11
35
43
-28
24
67
56
-49
-54
-7
-6
-79
-105
-18
23
36
63
100
103
44
6
27
43
-56
-87
-59
-29
2
9
79
116
65
29
9
20
-29
-121
-115
-181
-182
-134
-109
-13
68
89
67
89
86
55
-9
-88
-109
-107
-22
11
15
107
157
179
187
211
151
99
46
-49
-78
-71
-72
-60
40
42
69
54
90
64
66
35
-24
-75
-36
45
-41
49
56
44
144
119
100
100
37
5
-32
-49
-22
16
-23
-21
32
52
59
34
6
-10
-68
-38
-87
-139
-103
-87
-90
-75
-73
-14
11
14
47
29
17
22
57
15
-18
1
11
-34
-31
-35
37
-2
4
-5
-34
-45
-71
-81
-79
-70
-41
-68
-51
-27
-47
-5
25
-19
2
-14
-59
-22
-45
-21
15
29
52
128
115
116
126
65
53
44
-27
-13
-25
-44
-4
-8
43
20
22
71
48
-3
-40
-69
-83
-127
-110
-44
28
9
73
94
66
101
58
32
15
-66
-67
-37
-11
-3
-23
63
46
15
3
52
26
-18
-29
-41
-15
-40
-28
-4
50
59
76
90
56
99
84
75
16
41
47
29
43
65
60
70
73
25
29
-62
-58
-55
-109
-92
-114
-62
-79
-32
-5
-17
-10
-15
-37
-47
-33
-56
-12
19
28
44
88
58
96
63
73
97
27
-26
-53
-74
-41
4
36
54
43
33
34
14
2
-49
-56
-49
-23
7
40
44
127
133
120
113
65
37
10
17
-9
32
68
103
72
100
136
125
83
18
10
1
22
-18
-12
119
96
6
-22
55
139
87
127
180
182
149
121
131
112
78
64
82
100
57
160
181
131
105
1
-18
-83
-103
-84
-78
-35
13
27
13
132
166
132
-5
-60
-30
-47
-33
-1
58
97
107
133
132
71
109
87
30
-7
-98
-39
48
45
53
103
85
62
41
-14
-12
-54
-110
-124
-86
-28
70
77
98
180
220
155
96
87
75
32
-4
-92
-107
-23
-1
77
114
129
157
79
7
-8
-33
-140
-101
-97
-75
-53
-34
86
55
25
64
100
-24
-93
-36
6
-15
-27
77
132
92
106
212
141
74
76
24
-24
-58
11
17
-31
-47
49
58
-25
51
72
97
-10
-42
23
35
-45
-96
-19
-7
-3
-14
74
114
96
68
101
73
-11
34
50
47
19
19
53
43
-47
9
122
-65
-150
-31
-42
-56
-84
-15
31
-3
30
92
86
69
16
-1
0
-76
-98
-59
-26
1
62
62
100
91
78
33
-8
-76
-128
-140
-167
-125
-43
-66
-57
-17
-4
-52
-90
-67
-88
-84
-134
-120
-114
-102
2
0
19
85
74
16
-9
-54
-48
-54
-66
-109
-118
-112
-99
-80
-101
-41
-14
-75
-74
-31
33
-10
-25
-32
11
10
-27
35
51
34
4
78
44
52
105
115
93
56
106
66
-1
5
16
95
38
4
58
33
-2
41
9
12
23
-17
8
-6
8
28
44
55
9
15
40
45
18
-13
11
16
36
15
-3
37
50
-1
25
-12
-35
-47
-27
-6
-41
-35
-1
-25
-76
-39
-18
-62
-11
-3
12
14
-31
4
-17
-58
-59
-68
-40
-36
5
4
-56
-4
-6
-88
-75
-18
-60
-48
-98
-74
-67
-55
-18
2
-20
-42
-70
-45
-13
-26
-4
-3
16
28
-18
2
-5
-16
27
-8
-5
-22
32
65
42
71
44
59
-1
-33
-50
-97
-95
-123
-94
-44
-11
31
-12
18
39
7
-5
21
43
-71
-51
6
-8
3
41
61
-23
1
63
6
20
12
-61
-9
61
36
64
97
6
1
20
62
27
29
43
72
66
75
95
68
93
46
47
72
68
39
28
1
9
-14
-54
1
-4
-55
-72
-68
-71
-123
-130
-129
-86
-71
-65
-44
-69
-46
-42
-10
-36
-54
-47
-56
-44
-61
-25
-77
-20
28
-24
13
5
12
-16
-47
-38
-17
-28
-38
-36
-82
-71
-65
-52
-53
-64
-43
-57
-99
-77
-58
-56
-23
-51
-58
-13
-65
-41
1
-85
-112
-104
-85
-98
-129
-54
-33
-58
-98
-41
-41
-72
-53
-63
-33
-44
-43
-56
-59
8
33
-3
-6
71
70
3
52
59
63
70
60
38
41
58
37
2
-20
-3
-35
-25
-28
-82
-80
-74
-71
-57
-32
-40
-59
-75
-45
-90
-100
-67
-113
-65
-123
-70
-80
-109
-96
-69
-69
-49
-2
2
0
-1
13
-29
-16
-3
-57
-16
-62
-94
-43
-85
-89
-68
-63
-79
-73
-69
-94
-89
-58
-80
-78
-109
-129
-98
-100
-93
-167
-149
-100
-69
-42
-41
-76
-131
-125
-158
-122
-117
-160
-192
-170
-159
-185
-143
-80
-90
-35
-83
-125
-139
-121
-111
-168
-86
-87
-120
-93
-57
-50
-15
-54
-88
-66
-98
-72
-82
-133
-162
-144
-171
-201
-185
-136
-129
-118
-95
-129
-135
-173
-198
-155
-144
-119
-69
-97
-94
-85
-86
-50
-36
-28
-83
-110
-116
-103
-137
-82
-77
-96
-41
-87
-32
-59
8
13
21
4
-31
-10
-19
-46
-56
-115
-124
-62
-55
-89
-80
-64
-61
-40
-104
-37
-62
-47
-60
-65
-63
-79
-62
-48
-36
-93
-62
-72
-76
-98
-111
-103
-63
-61
-74
-71
-62
-71
-71
-22
-49
-71
-50
-66
-116
-95
-41
-100
-59
-9
-57
-60
-22
-22
-68
-68
-58
-70
-47
-90
-128
-79
-75
-91
-81
-97
-72
-71
-66
-47
1
24
-6
-9
-64
-57
-36
-80
-27
-73
-41
-5
12
12
-45
-38
-9
14
6
-30
-73
-27
-8
8
-10
-29
-22
-10
48
21
-19
-6
-76
-84
-64
-88
-99
-136
-69
-57
-13
-14
-4
8
-23
-1
-55
-38
-72
-72
-106
-83
-48
-14
16
-8
-14
-41
-52
-42
-43
-75
-91
-118
-123
-80
-113
-35
14
-6
30
25
16
-26
-8
-58
-78
-76
-96
-48
-30
-51
-44
-38
-71
-60
-57
-91
-91
-126
-130
-117
-132
-107
-86
-42
-46
-25
7
21
8
19
-40
-80
-79
-102
-68
-80
-122
-80
-68
-62
-40
-62
7
-36
-63
-16
-79
-135
-167
-151
-156
-159
-211
-149
-147
-106
-85
-83
-52
-98
-111
-145
-170
-166
-146
-151
-116
-57
-83
-42
12
-11
-18
17
-18
-36
-38
-64
-83
-129
-157
-156
-116
-69
-81
-74
-66
-77
-79
-47
-109
-119
-108
-84
-73
-76
-54
-55
-57
-41
-64
-21
-14
-95
-29
-70
-87
-79
-161
-133
-153
-154
-87
-140
-131
-144
-143
-117
-172
-150
-142
-156
-101
-77
-122
-80
-72
-96
-92
-96
-74
-156
-117
-109
-152
-84
-63
-46
-41
-84
-70
-67
-89
-74
-108
-155
-163
-143
-127
-114
-96
-89
-132
-97
-89
-99
-100
-89
-71
-53
-79
-76
-48
-25
-28
-69
19
-43
-46
-33
-28
-43
-29
-42
-53
-72
-122
-37
-37
0
-29
-55
-57
-66
-82
-115
-81
-80
-88
-40
-45
-48
-90
-69
-58
-58
-39
-62
-47
-112
-69
-54
-96
-68
-115
-119
-91
-108
-112
-76
-87
-83
-2
-46
-8
0
-38
-5
-23
-27
-28
-64
-66
-22
2
38
-14
-30
-17
-23
-16
-2
-15
-32
-68
-92
-110
-52
-29
-60
-18
-9
-47
-47
-82
-107
-58
-65
-103
-111
-75
-85
-42
-47
-40
-47
-93
-48
-98
-100
-25
-28
-7
11
13
7
36
40
18
-9
-28
35
-21
14
42
25
14
11
61
42
41
24
-27
8
-40
-44
-30
-19
-6
4
11
2
46
20
15
8
3
17
-49
-27
-50
-69
-9
-28
-39
-33
-15
10
40
54
61
17
5
-13
-2
-26
-1
12
65
69
13
67
88
37
-13
18
7
42
31
31
18
26
29
25
34
22
30
34
38
23
-8
-10
0
0
13
20
6
-23
-16
23
33
-16
5
-2
-16
12
13
13
-1
49
26
-2
48
56
11
40
-4
14
11
-48
-37
-48
-11
-61
-34
-76
-52
-15
-25
-1
-26
-18
-39
-78
-105
-136
-99
-118
-151
-140
-98
-144
-137
-84
-91
-73
-83
-103
-162
-134
-144
-144
-95
-70
-30
-70
-48
-25
-47
-22
-59
-51
-54
-79
-36
-50
-36
-43
-19
-39
-41
-8
3
5
-72
-50
-88
-47
-76
-69
-51
-21
-30
-20
-11
-41
-32
-139
-119
-144
-133
-157
-161
-146
-119
-75
-69
-55
-114
-113
-180
-148
-105
-161
-190
-174
-194
-219
-109
-99
-153
-189
-223
-177
-196
-163
-134
-212
-271
-196
-206
-266
-230
-240
-206
-254
-265
-276
-317
-268
-280
-320
-310
-309
-358
-356
-354
-344
-280
-366
-369
-384
-391
-328
-360
-380
-323
-340
-337
-335
-323
-283
-322
-308
-311
-286
-284
-253
-255
-224
-224
-256
-255
-239
-242
-213
-204
-199
-170
-190
-166
-190
-149
-177
-206
-156
-150
-162
-165
-153
-145
-120
-139
-197
-243
-232
-222
-217
-213
-230
-248
-221
-254
-263
-239
-270
-265
-231
-196
-226
-264
-212
-197
-203
-188
-201
-208
-195
-193
-202
-186
-183
-178
-136
-166
-173
-171
-164
-128
-114
-123
-129
-171
-188
-146
-165
-171
-165
-143
-174
-139
-88
-119
-134
-149
-145
-164
-150
-136
-128
-116
-113
-99
-99
-82
-80
-64
-61
-111
-155
-95
-75
-93
-88
-77
-66
-72
-37
-39
-18
-41
-8
-35
-53
-41
-76
-107
-74
-61
-90
-92
-79
-37
-61
-47
-35
-20
-42
-14
4
-32
-12
-36
-39
-62
-63
-19
-61
-40
16
-1
15
-18
-22
-19
-51
-26
15
-1
14
24
21
37
-9
6
5
14
71
28
-13
14
37
57
63
31
30
52
-1
28
-11
11
6
-24
-40
-2
-24
-46
8
6
27
20
23
37
7
-22
-13
-17
11
31
67
77
70
103
57
11
31
-11
26
33
47
50
19
24
38
-5
2
8
-44
2
15
18
-8
-26
-26
-5
-31
1
7
-24
-24
-1
-7
-27
5
7
-6
-42
-28
-36
-52
-19
-7
-64
33
21
-19
8
23
54
18
9
4
-28
-20
-6
-32
-43
-15
-11
-41
-35
-48
6
9
-50
-31
-61
-95
-75
-39
-106
-69
-68
-95
-70
-115
-97
-107
-86
-86
-151
-163
-134
-129
-110
-118
-131
-60
-71
-61
-75
-60
-43
-48
-44
-46
-45
-57
-19
-43
-43
-26
-58
-72
-30
-41
-41
-55
-31
-92
-48
4
-22
-30
-51
-43
-42
-86
-40
-33
-7
-11
-55
-44
-68
-34
-29
-33
-57
-85
-67
-2
-48
-43
-65
-62
-71
-111
-149
-110
-164
-108
-114
-137
-89
-104
-47
-21
3
-40
-10
-12
-35
-51
-76
-34
-93
-80
-42
-95
-9
-28
-39
-42
-67
-24
-61
-75
-94
-94
-107
-128
-117
-130
-90
-105
-106
-65
-134
-95
-75
-41
-42
-63
-23
-71
-40
-49
-22
-37
-11
-16
-46
2
-24
-24
-44
-97
-69
-87
-46
-76
-113
-57
-98
-43
-45
-71
-88
-102
-115
-128
-70
-61
-45
-60
-67
-44
-60
-51
-78
-73
-55
-80
-76
-103
-58
-86
-137
-139
-79
-75
-77
-32
-37
-45
-48
-32
-71
-73
-86
-67
-80
-100
-85
-115
-114
-92
-66
-43
-34
-32
-13
-40
-20
-32
-28
-39
-48
-40
-96
-76
-45
-36
-35
-29
-12
-26
-43
-60
-51
-60
-19
-61
-97
-107
-110
-110
-57
-23
-42
5
-33
8
-4
-5
-19
-10
30
-2
0
-11
34
42
-7
74
57
-23
-38
-59
-32
-21
-83
-84
-62
-88
-46
-10
-63
-43
-31
-81
-58
11
-35
-71
-31
-29
-14
-6
44
25
29
33
15
-4
7
1
-5
-12
5
-37
-48
-46
-81
-31
13
29
21
41
17
0
-21
-57
-83
-69
-35
-26
-33
4
9
-6
38
7
6
-8
-19
35
-26
15
19
11
45
16
64
105
49
30
1
-94
-32
-25
9
-6
-68
-2
5
28
33
37
57
15
2
2
-24
-33
3
-13
-5
21
28
71
61
20
28
39
58
27
13
9
11
1
-32
2
-16
-14
-19
11
2
-44
-49
-22
-26
-60
-35
-36
3
25
19
39
114
88
50
93
44
30
-11
2
25
9
-5
10
58
49
20
60
66
44
3
0
17
-26
-26
-120
-66
-14
-53
-24
0
-14
-16
-3
16
61
35
54
30
-34
-9
-47
-25
-68
-37
-17
-57
-58
-42
-38
-53
-29
-64
-56
-30
-13
-43
-9
29
3
11
-26
-20
5
-46
-42
-14
-5
26
20
42
32
29
28
6
-36
-16
18
-43
-43
-98
-83
-103
-70
-86
-73
-79
-64
-50
-39
-27
-89
-17
-55
-28
-9
-67
-32
-46
-6
5
-1
-1
15
-17
-38
-37
-73
-46
-75
-39
-23
-44
-41
-47
-8
-69
-58
-18
-65
-91
-106
-96
-95
-100
-117
-107
-99
-53
-95
-134
-91
-79
-46
-60
-51
-47
-87
-96
-79
-92
-102
-111
-68
-100
-145
-106
-104
-91
-102
-105
-75
-89
-140
-97
-120
-88
-84
-106
-111
-106
-134
-140
-103
-57
-83
-68
-21
-77
-41
-58
-59
-25
-93
-104
-86
-95
-128
-68
-93
-62
-63
-106
-20
-84
-73
-98
-77
-88
-125
-75
-35
-30
-65
-31
-58
-42
1
28
-70
-77
-65
-103
-97
-74
-83
-70
-33
-77
-65
-111
-114
-113
-162
-122
-169
-139
-73
-125
-104
-132
-72
-52
-104
-97
-78
-66
-107
-93
-103
-84
-130
-97
-81
-78
-32
-83
-77
-80
-98
-121
-116
-137
-122
-87
-65
-42
3
-10
-13
3
-26
-59
-82
-64
-112
-118
-77
-82
-54
-33
-64
-12
1
-5
-87
-126
-113
-151
-137
-166
-122
-105
-73
-70
-61
-44
4
-24
-62
-49
-123
-118
-105
-133
-71
-19
4
-17
21
23
24
37
25
-29
-60
-120
-147
-100
-75
-41
-22
12
19
94
33
10
9
-48
-144
-143
-145
-126
-170
-145
-111
-114
-111
-43
-16
-89
-24
-81
-78
-51
-76
-69
-62
-25
7
6
32
25
21
63
43
-28
30
-9
-20
-9
-2
-8
0
29
18
45
90
27
-17
2
-6
-16
-42
-26
-12
-46
-25
14
10
42
22
18
30
-62
-27
-19
-57
-63
-25
26
-6
14
1
25
11
0
51
23
13
-18
-18
17
16
41
55
22
13
57
3
9
-10
-23
22
-37
-71
-24
-42
-37
-14
-44
-43
-31
-18
-45
-28
-46
-50
-24
-37
-51
1
-33
-44
16
-10
-35
-58
-55
-62
-87
-82
-53
-74
-26
-6
-72
-24
0
-31
-41
-41
-26
-15
-32
-44
-6
-33
-35
3
1
27
23
-10
32
40
-13
-27
-7
-7
-30
-30
-2
6
-10
-30
12
4
-41
-13
-21
-18
-15
-30
-50
-61
-90
-63
-76
-59
-50
-45
-55
-59
-41
-35
-22
-50
-33
-47
-61
-38
-15
-33
-76
-45
-49
-40
-56
-65
-44
-47
-44
-30
-49
-48
-19
-45
-8
2
10
0
-2
36
40
-5
2
-21
-64
-66
-39
-60
-35
-29
-53
-9
15
12
15
-15
-10
-28
-52
-80
-104
-85
-67
-100
-58
-29
-45
18
-1
-27
-3
-43
-35
-2
-21
-55
-18
1
-5
23
-11
8
-19
-27
17
1
0
-33
-60
-60
-50
-49
-47
-31
-3
-10
-24
-25
-52
-59
-52
-24
-25
-31
-53
-52
-26
-20
-49
-60
-42
-16
0
-15
-30
-82
-58
-80
-82
-23
-48
-97
-72
-83
-48
-100
-55
-65
-77
-47
-98
-108
-124
-83
-87
-68
-91
-90
-85
-96
-29
-65
-72
-69
-105
-110
-85
-84
-62
-83
-112
-93
-89
-74
-57
-67
-59
-94
-84
-115
-93
-86
-115
-47
-76
-101
-71
-77
-107
-85
-66
-66
-53
-72
-61
-58
-58
-86
-112
-46
-31
-13
-50
-15
-28
-82
-60
-50
-102
-83
-105
-103
-67
-116
-103
-82
-96
-69
-51
-58
-29
-44
-59
-71
-78
-32
-31
-2
-10
14
-22
-15
20
-13
-11
-20
-5
-63
-61
-33
-79
-63
-19
-78
-109
-38
-113
-85
-64
-62
2
-23
-4
-19
-6
-5
17
9
24
-18
-19
20
-3
4
35
31
69
39
21
34
24
42
28
11
-16
-28
-1
13
-1
13
44
32
27
69
45
19
64
37
27
41
6
33
8
21
32
9
80
74
43
19
34
35
-37
9
16
2
-58
-61
-7
-8
-8
-16
-9
-38
-47
-43
-35
-72
2
6
-4
31
16
62
48
37
27
45
37
19
-11
-9
-9
-23
47
36
13
50
43
45
57
27
57
15
21
35
62
44
39
48
48
51
34
18
29
51
10
53
57
84
49
39
44
6
15
49
34
-1
-4
12
36
36
18
19
47
20
33
21
30
50
19
21
31
22
52
18
6
0
13
40
60
46
22
21
32
19
-16
1
-12
21
73
34
7
20
3
31
-11
-26
-1
-8
-1
10
-16
-35
-21
-27
8
-6
4
5
2
-14
-16
-11
3
8
30
17
51
-6
1
9
-33
24
3
-8
-30
-43
-32
-30
-18
-51
-54
-25
-37
-9
-2
-19
-3
44
27
-12
-20
-8
14
-16
-15
-9
-71
-62
-40
-53
-63
-26
-72
-76
-46
-70
-27
-31
-43
-19
-74
-38
-51
-45
-37
-33
-2
-2
-45
-40
-63
-75
-10
-51
-65
-41
-5
-34
-64
-19
-11
-63
-76
-74
-56
-98
-82
-98
-87
-78
-82
-74
-99
-139
-111
-79
-125
-85
-101
-129
-130
-107
-140
-111
-121
-108
-86
-61
-35
-50
-42
-45
-35
-60
-44
-85
-94
-124
-85
-69
-68
-54
-68
-45
15
-30
-44
-17
-62
-105
-52
-10
10
-25
9
26
-32
24
21
30
21
3
-26
-19
-5
16
18
-26
-11
-17
-31
-53
-55
-33
-22
-9
11
15
-6
-33
1
32
8
3
-40
-58
-41
-53
-77
-52
-58
-76
-69
-29
-75
-84
0
13
-37
-47
-12
-14
-38
-14
-41
-51
-59
-72
-32
-27
-37
-34
16
-25
-44
1
-41
-15
-19
-18
7
26
3
3
14
27
62
73
51
16
50
25
12
70
38
50
81
24
17
78
25
35
14
18
8
48
71
28
53
26
68
30
88
19
42
89
47
69
59
72
90
139
80
75
71
35
2
6
31
-2
53
40
50
54
76
112
88
117
82
80
96
110
77
63
63
51
64
37
64
77
60
102
63
30
55
39
46
63
109
65
87
152
102
76
74
106
89
98
127
174
120
161
153
145
138
120
91
89
128
77
100
70
93
114
104
168
150
183
146
168
139
86
50
29
39
73
79
72
101
91
141
140
151
101
127
113
71
106
100
108
127
114
122
115
125
134
113
132
160
86
79
102
37
109
127
125
150
167
143
128
129
118
101
99
119
58
89
122
79
60
94
101
113
110
56
35
58
86
50
55
82
90
54
84
57
63
47
16
49
113
66
53
58
37
82
58
91
92
98
84
111
109
78
80
70
81
135
65
29
68
53
70
46
24
40
51
33
91
50
83
102
118
115
132
126
151
138
89
100
58
75
94
69
113
99
99
116
125
134
105
117
84
68
68
58
70
65
54
48
59
79
44
56
37
58
85
55
27
71
76
107
93
65
112
112
114
97
100
88
46
8
20
-6
-36
17
18
27
74
90
105
108
101
82
65
31
47
32
51
79
80
63
80
118
94
104
41
11
47
34
57
60
58
70
72
69
80
104
101
115
70
57
28
39
49
86
71
74
112
123
129
111
72
97
80
72
118
85
78
61
83
106
128
99
124
125
90
82
91
63
57
70
64
64
74
70
74
87
134
112
77
106
97
56
47
38
50
65
82
143
175
172
149
142
92
101
43
4
36
20
23
39
51
51
56
85
80
66
80
92
61
49
63
62
74
115
120
87
119
124
147
208
147
115
177
83
129
118
87
120
85
105
104
89
115
128
104
108
85
10
70
96
62
64
94
89
93
124
105
87
96
52
53
83
98
91
148
100
120
125
128
145
79
111
64
57
49
62
76
79
91
99
120
71
82
119
114
90
94
62
85
82
57
80
97
45
76
102
53
90
71
77
63
8
33
16
60
78
66
79
89
97
100
67
22
77
2
-4
8
28
83
63
67
82
57
69
81
80
81
68
67
94
71
51
95
99
101
110
87
129
91
72
73
47
16
31
46
78
121
109
117
127
133
138
116
79
70
59
95
92
114
139
138
130
157
137
133
107
46
59
64
45
28
84
89
119
118
97
105
60
84
43
41
46
23
25
1
66
46
44
60
39
77
11
12
43
0
65
32
55
100
71
113
78
32
44
9
-51
6
-19
-23
19
19
35
83
63
99
103
86
67
49
29
20
24
-18
17
65
39
49
67
55
70
32
68
55
41
49
17
