-177
-120
-197
-185
-168
-195
-183
-184
-124
-153
-145
-160
-191
-176
-150
-167
-145
-116
-138
-128
-100
-89
-141
-132
-171
-165
-147
-136
-105
-98
-90
-105
-134
-84
-97
-135
-135
-108
-105
-97
-97
-131
-109
-66
-57
-68
-95
-90
-68
-58
-54
-82
-69
-66
-44
-62
-65
-61
-81
-55
-57
-77
-76
-72
-43
-33
-77
-46
-29
-58
-39
-8
-30
-44
1
-12
-38
-31
-46
-33
-39
-59
-29
-35
-53
-84
-71
-76
-90
-94
-73
-106
-96
-73
-118
-127
-114
-91
-127
-117
-113
-93
-81
-111
-114
-105
-83
-129
-135
-100
-71
-34
-65
-83
-75
-64
-64
-82
-80
-102
-108
-125
-98
-108
-121
-149
-122
-105
-112
-102
-103
-103
-138
-121
-151
-118
-150
-158
-161
-164
-194
-129
-105
-166
-157
-179
-166
-177
-156
-177
-132
-151
-146
-148
-128
-127
-183
-117
-136
-140
-121
-125
-165
-107
-80
-72
-48
-96
-98
-76
-75
-82
-77
-80
-93
-108
-51
-57
-60
-26
-76
-51
-50
-44
-41
-68
-82
-30
16
-29
-62
-38
-74
-62
-61
-56
-68
-79
-43
-55
-100
-112
-81
-52
-35
-29
7
-16
27
13
-9
-3
38
-5
-39
-30
-44
-31
-16
-106
-89
-90
-87
-46
-75
-44
-48
-43
-90
-56
-57
-67
-72
-74
-103
-82
-67
-89
-119
-108
-99
-104
-107
-138
-113
-110
-138
-126
-97
-138
-99
-130
-134
-112
-153
-150
-173
-125
-113
-127
-110
-112
-78
-90
-88
-90
-97
-108
-100
-137
-171
-136
-148
-132
-135
-116
-79
-95
-96
-77
-47
-75
-82
-94
-111
-60
-69
-92
-58
-62
-65
-75
-81
-76
-67
-81
-20
-50
-84
-67
-86
-55
-46
-106
-90
-78
-93
-51
-79
-85
-83
-91
-97
-132
-160
-103
-148
-136
-81
-130
-116
-119
-85
-103
-83
-113
-74
-51
-79
-73
-93
-115
-90
-63
-88
-77
-69
-87
-92
-32
-64
-69
-70
-83
-59
-54
-47
-62
-73
-69
-75
-82
-52
-76
-49
-63
-56
-76
-114
-18
-70
-73
-52
-60
-79
-98
-105
-59
-77
-61
-25
-67
-85
-72
-53
-85
-115
-80
-76
-92
-109
-107
-110
-104
-137
-96
-103
-127
-116
-119
-79
-110
-64
-86
-72
-51
-49
-43
-93
-91
-68
-50
-18
-14
-51
-58
-50
-25
-34
-38
-56
-25
-7
-41
-25
-41
-68
-27
-11
-37
2
-12
-38
-36
-84
-110
-109
-94
-76
-78
-71
-86
-123
-65
-59
-35
-19
-68
-2
-50
-77
-76
-76
-23
-20
-48
-59
-15
13
-15
-9
-19
-29
-35
-51
-28
-49
-29
3
-1
18
-31
-21
-22
10
4
-27
-12
-17
-19
-40
-7
-24
-7
5
-10
-25
-49
0
15
-18
-22
-50
-30
-30
-44
-28
-38
-34
-38
-66
-65
-35
-61
-81
-45
-77
-77
-67
-65
-74
-73
-38
-88
-66
-87
-81
-39
-43
-56
-102
-64
-70
-124
-108
-76
-72
-42
-56
-61
-77
-61
-30
-51
-61
-99
-95
-98
-109
-48
-42
-80
-88
-73
-87
-86
-55
-88
-102
-63
-66
-70
-51
-93
-88
-59
-110
-49
-40
-60
-60
-62
-53
-56
-81
-50
-64
-94
-68
-65
-24
-45
-48
-52
-79
-59
-54
-84
-52
-48
-55
-2
-5
-46
-12
-2
0
10
39
-6
29
24
24
66
25
32
17
8
-3
4
-21
1
-1
-18
35
27
41
34
25
70
48
36
17
38
33
27
20
36
28
31
66
62
88
67
82
93
64
67
34
55
59
52
79
97
70
30
84
111
107
103
57
69
81
92
66
48
69
44
-2
-6
10
44
53
24
15
27
21
-9
3
-24
-17
-10
-26
-36
-47
-50
-52
-56
-46
-73
-56
-11
-17
-4
-27
-27
-199
-50
206
83
-145
-91
219
76
-186
-40
85
-70
-164
-173
21
155
-85
-155
18
116
37
-82
-46
11
38
13
-35
28
80
-5
1
106
81
64
11
-45
65
156
141
50
48
110
105
39
32
99
87
14
0
126
89
-9
19
24
105
49
-2
10
26
43
19
26
52
35
48
43
70
111
101
30
4
78
98
110
58
46
114
93
83
67
74
72
69
70
74
73
62
48
95
107
83
40
41
92
100
99
85
65
37
83
81
70
78
72
94
99
79
134
119
63
87
80
111
115
93
131
122
156
155
153
129
89
88
99
130
112
104
129
92
112
132
139
123
104
118
113
131
93
104
114
45
97
133
127
95
78
96
92
122
88
95
116
119
64
32
71
62
62
64
47
18
27
49
68
75
94
93
39
72
88
75
70
84
72
81
83
44
66
44
20
36
72
65
46
54
38
45
21
74
41
14
22
18
48
31
95
61
36
3
32
47
24
21
56
51
53
82
34
35
62
86
44
77
72
35
45
44
25
47
62
39
79
105
103
72
75
72
87
101
91
85
51
59
74
74
70
76
77
37
61
80
65
53
55
63
86
129
135
104
142
125
109
98
118
154
149
158
160
142
164
110
141
184
179
172
124
173
145
148
164
120
123
162
172
150
119
133
133
151
113
101
84
75
100
93
73
89
82
77
65
111
138
127
120
120
156
137
135
145
169
163
149
173
133
117
124
119
93
117
133
117
153
128
131
90
133
135
77
97
90
88
113
142
54
46
56
82
121
82
53
79
94
133
102
78
99
119
112
100
90
71
78
90
105
153
137
109
100
87
76
95
75
69
82
45
108
112
93
112
76
85
88
116
102
131
120
127
121
101
128
117
133
92
123
131
133
164
119
116
119
105
113
113
99
165
152
145
149
109
168
126
112
153
120
120
120
97
80
84
119
89
117
83
75
124
100
112
110
77
109
149
122
121
122
111
99
114
146
135
139
111
110
128
149
150
136
142
143
145
107
99
151
149
111
117
94
116
96
131
132
99
125
166
112
125
103
82
106
81
97
72
74
90
65
125
128
87
97
83
81
81
80
69
84
114
124
90
100
152
170
161
151
159
176
181
195
151
151
126
108
121
155
164
140
198
193
182
182
186
145
151
128
82
97
115
91
78
103
99
91
78
89
66
121
136
84
76
71
90
77
103
99
90
91
88
108
104
100
64
56
98
109
109
134
127
112
124
75
116
140
112
135
128
122
115
166
162
122
106
154
120
73
130
119
120
150
147
137
160
173
164
128
174
158
158
172
172
205
155
173
191
195
159
189
199
175
170
155
128
136
128
112
157
137
116
147
163
169
155
127
147
140
129
159
138
160
158
165
141
127
145
161
149
180
153
129
148
131
124
162
136
93
151
124
139
164
170
145
150
153
123
153
126
154
120
127
150
141
123
111
117
86
112
112
74
66
75
77
41
73
79
64
81
102
83
90
97
59
72
47
57
80
85
89
35
37
73
35
47
31
24
13
-2
83
48
20
55
70
68
52
44
45
50
10
22
-8
11
14
5
13
46
51
35
-5
38
28
32
46
41
43
20
89
63
72
91
100
63
81
109
86
121
115
115
82
83
121
97
128
135
172
144
181
181
165
141
135
185
141
159
146
138
124
155
166
144
187
168
137
151
129
137
131
107
81
131
167
184
188
165
170
166
200
171
137
154
159
137
124
137
123
103
121
136
120
124
121
113
103
104
94
115
134
71
107
91
89
103
89
73
59
97
101
71
32
81
68
49
73
30
38
58
5
54
74
32
45
-3
5
46
29
32
30
36
21
-4
18
31
11
63
46
46
46
80
71
77
105
98
142
115
127
124
142
164
119
159
181
157
206
177
192
218
219
209
246
216
219
204
219
244
228
253
227
229
219
215
175
229
252
248
250
273
282
283
286
281
263
253
278
277
293
289
315
322
281
264
293
294
318
274
298
312
265
299
303
306
299
288
282
250
281
288
269
280
261
260
303
307
299
270
203
271
282
262
255
268
256
213
215
189
204
225
216
211
206
187
235
204
223
212
215
204
225
233
217
205
205
218
157
206
206
189
220
197
201
259
265
226
235
238
227
219
274
253
217
246
252
225
241
227
201
223
257
226
266
275
279
268
267
272
318
290
247
295
285
314
288
336
283
303
315
298
345
305
315
379
339
328
361
353
409
412
407
394
381
379
398
376
371
393
423
442
424
400
416
409
384
405
373
388
400
449
443
425
419
412
436
420
441
409
411
366
365
406
400
392
412
418
417
393
382
417
402
385
409
406
391
414
418
424
438
415
400
359
371
400
397
389
377
382
401
424
390
392
380
354
364
383
375
333
332
298
309
351
349
304
284
308
336
294
301
324
298
333
316
274
280
274
265
270
312
304
268
272
262
269
266
290
266
259
277
247
255
248
237
244
223
220
227
227
182
217
246
213
186
222
220
194
176
160
148
142
176
146
138
143
143
117
158
124
113
118
136
119
100
109
120
150
138
150
182
201
177
193
160
157
160
223
230
168
134
144
153
157
140
156
130
126
162
170
118
99
110
128
150
114
144
145
130
129
148
118
111
112
150
183
170
147
166
188
167
172
181
188
184
147
197
194
162
192
202
186
157
152
133
177
208
164
155
180
161
148
192
163
166
165
169
183
158
162
133
166
170
145
139
168
161
144
143
149
149
167
182
134
127
108
119
131
117
110
139
149
161
152
140
155
161
131
137
154
139
151
122
146
116
146
145
139
124
138
150
130
141
100
154
146
174
142
72
101
115
87
138
116
127
64
11
42
24
49
46
22
32
10
8
-15
12
-20
-12
20
-38
-4
6
15
6
-2
4
14
-4
-19
20
3
-7
32
7
57
30
-6
59
33
17
25
39
21
35
44
41
65
39
57
35
31
45
55
48
27
64
35
46
46
51
65
67
40
21
5
39
61
48
56
66
27
5
34
26
33
32
26
20
9
30
40
27
27
33
0
2
-3
-25
-12
-14
2
36
32
43
53
27
33
26
28
-1
-13
-13
-5
-48
-37
-2
-18
-16
-27
-23
-73
-46
-41
-53
-2
-17
-49
-84
-75
-62
-36
-16
-7
5
-58
-37
-14
-28
-17
-41
-59
-97
-104
-86
-56
-55
-69
-51
-69
-71
-82
-87
-48
-43
-53
-34
-64
-74
-115
-99
-91
-98
-122
-118
-87
-131
-103
-99
-111
-178
-144
-105
-121
-95
-99
-75
-76
-74
-48
-74
-57
-81
-68
-68
-92
-69
-98
-113
-58
-61
-41
-46
11
20
-35
-4
32
7
-11
-26
-3
11
-21
18
1
50
43
56
51
67
18
-4
15
25
14
63
35
39
87
49
58
65
31
29
-6
24
51
31
9
29
45
16
20
51
56
35
54
46
38
19
30
-8
11
27
1
-9
-22
39
-3
-12
18
4
16
-12
-2
-13
-5
1
-1
-43
-38
-69
-83
-33
-72
-159
-99
-83
-89
-86
-144
-78
-99
-91
-98
-85
-94
-109
-131
-158
-128
-153
-152
-194
-195
-206
-181
-203
-199
-223
-202
-179
-196
-209
-246
-228
-189
-192
-208
-186
-205
-210
-224
-214
-219
-214
-218
-225
-209
-196
-190
-189
-194
-193
-197
-192
-200
-157
-174
-162
-171
-201
-172
-197
-170
-161
-168
-181
-161
-148
-178
-191
-159
-208
-174
-173
-177
-172
-165
-104
-95
-103
-108
-134
-133
-98
-104
-84
-73
-103
-86
-66
-49
-66
-78
-63
-71
-56
-38
-13
-38
-34
-1
-39
-43
59
7
29
20
6
36
-9
15
12
37
-1
-11
8
-5
-4
17
38
62
52
4
45
46
51
36
32
50
49
75
50
41
69
23
39
54
16
73
64
56
1
19
17
23
71
39
99
74
74
107
57
33
10
-20
-7
4
27
-11
-16
-19
7
-8
-5
-50
-75
-2
-53
-67
-7
-11
-20
-14
-6
-21
-83
-78
-71
-62
-69
-93
-73
-99
-52
-73
-73
-100
-64
-45
-98
-62
-63
-81
-111
-100
-100
-106
-104
-86
-110
-126
-115
-65
-96
-125
-95
-70
-87
-108
-59
-83
-90
-110
-78
-116
-117
-94
-104
-124
-136
-101
-105
-113
-98
-70
-96
-99
-88
-54
-69
-96
-91
-80
-76
-49
-88
-94
-72
-91
-85
-99
-73
-65
-70
-49
-54
-43
-39
-29
-56
-25
-60
-66
-35
-27
-57
-65
-34
-55
-43
-71
-61
-69
-46
-52
-104
-99
-71
-39
-9
0
-52
-56
-62
-72
-42
-49
4
-19
15
28
-19
-63
-51
-29
-23
-39
-54
-16
-24
5
-24
-18
-22
-14
-10
-25
26
32
-8
-20
-56
-36
-8
-28
18
4
-21
-1
-19
-4
-20
-20
1
-25
5
2
-10
9
-3
-21
-31
-46
-41
-39
-70
-26
-25
-57
-47
-44
-43
-48
-70
-119
-119
-96
-39
-89
-69
-58
-96
-65
-55
-45
-106
-44
-44
-83
-15
-33
-64
-81
-77
-39
-33
-65
-53
-55
-57
-16
-86
-60
-55
-63
-74
-78
-9
-21
-24
-35
-43
-60
-40
-51
-65
-78
-54
-69
-100
-65
-58
-58
-29
-20
-81
-38
-51
-86
-60
-46
-55
-56
-9
-19
-36
-24
-37
-15
7
9
24
2
54
18
3
54
66
57
61
48
52
43
39
14
23
21
29
11
1
12
21
1
-14
-4
-19
-13
53
12
11
40
49
45
45
62
50
33
48
59
25
23
3
3
18
19
58
28
49
50
-24
-21
5
7
11
21
16
8
15
-6
13
-30
-11
35
16
-8
-1
-28
-69
-34
-65
-47
-90
-59
-62
-52
-35
-65
-88
-118
-69
-57
-111
-57
-62
-80
-87
-117
-120
-100
-105
-99
-65
-77
-47
-94
-55
-52
-60
-38
-56
-49
-44
-37
-42
-42
-15
-27
-33
-36
11
4
-32
10
14
25
21
26
-11
10
36
-6
34
27
50
58
62
69
39
51
50
47
77
69
86
95
92
39
35
62
68
106
107
71
88
57
57
56
41
70
64
62
58
53
51
45
75
57
36
57
93
98
128
114
97
110
91
82
86
108
113
92
74
122
108
101
79
65
94
134
135
92
75
58
106
59
91
102
50
60
64
60
32
58
20
51
26
40
43
38
40
43
35
-15
-25
-24
0
-54
7
-21
-14
-19
-39
-57
-70
-95
-82
-58
-98
-71
-61
-83
-66
-7
-40
-35
-86
-74
-55
-92
-82
-94
-42
-88
-82
-59
-90
-87
-119
-140
-112
-67
-58
-74
-82
-90
-77
-58
-37
-55
-57
5
-11
-53
-38
-11
23
-75
-70
-44
-68
-36
-78
-52
-44
-50
-33
-67
-60
-25
-1
-18
-16
5
-12
-18
-10
-44
-56
-26
41
-31
-18
-24
-25
-11
-33
-10
-13
6
-1
-4
30
28
22
-11
-19
17
-21
-11
11
14
-8
-21
1
-12
-47
-47
-35
-59
-21
-29
-43
-22
-20
-6
-49
-38
-34
-65
-63
-31
-20
-5
-3
24
18
3
57
23
-21
-24
4
-54
-45
-22
-34
-37
-48
1
-1
-17
13
-29
-36
-10
-44
-25
-12
-21
-36
-29
-73
-14
-29
-72
-19
-56
-60
-72
-119
-66
-87
-79
-56
-99
-33
-83
-60
-50
-109
-61
-93
-68
-86
-85
-61
-114
-94
-81
-55
-72
-88
-79
-76
-80
-120
-58
-37
-93
-59
-50
-38
-66
-109
-64
-89
-99
-57
-96
-94
-28
-64
-63
-66
-58
-22
-28
-25
-33
-21
8
48
12
-15
30
33
15
52
55
25
22
10
16
39
54
23
27
-19
15
22
55
49
55
45
42
55
81
75
82
100
82
112
45
66
98
69
112
131
111
122
100
112
103
89
120
131
75
73
110
106
135
124
108
169
176
144
164
164
133
147
103
86
102
105
102
116
106
101
81
98
109
73
44
36
38
21
44
15
22
56
41
-10
41
60
39
67
-21
11
15
7
-7
22
12
15
23
12
25
22
32
0
25
3
24
6
-8
-9
3
-5
-35
6
31
-8
-41
-18
-27
-68
-82
-78
-25
-45
-76
-46
-70
-25
-24
-67
-113
-56
-73
-74
-34
-40
-56
-31
-12
-30
-10
-47
-53
-55
-81
-66
-69
-74
-62
-83
-106
-95
-82
-86
-56
-80
-57
-13
-64
-58
-32
-53
-22
-38
-23
-22
4
-33
-68
-29
4
56
52
24
43
40
36
64
50
45
43
70
68
84
88
68
85
82
93
95
112
113
106
88
33
52
44
62
56
35
70
62
60
55
76
26
37
53
5
20
60
52
-10
20
-34
-11
-8
-10
20
-8
44
36
9
-15
-29
-28
24
-15
-10
-32
-43
-26
0
-6
-6
-2
-65
-41
-55
-40
-34
-18
12
-35
-76
-65
-54
-49
-93
-80
-114
-85
-97
-61
-81
-116
-128
-186
-119
-178
-180
-177
-171
-195
-201
-218
-221
-189
-198
-199
-186
-180
-169
-187
-193
-179
-214
-144
-161
-167
-173
-188
-224
-186
-188
-191
-167
-191
-174
-167
-165
-198
-169
-174
-162
-170
-148
-146
-153
-141
-135
-160
-192
-187
-172
-178
-183
-152
-139
-146
-148
-168
-149
-151
-143
-127
-151
-141
-151
-152
-148
-133
-104
-150
-142
-144
-150
-100
-175
-120
-99
-149
-160
-160
-132
-123
-151
-142
-172
-171
-126
-134
-169
-125
-97
-123
-126
-142
-93
-131
-110
-99
-144
-127
-93
-99
-149
-122
-140
-132
-153
-119
-137
-104
-97
-135
-81
-99
-61
-128
-132
-116
-88
-97
-98
-79
-106
-70
-67
-60
-80
-93
-81
-60
-85
-129
-86
-31
-45
-40
-55
-60
-58
-23
-46
-72
-84
-78
-23
-36
-58
-34
-37
-74
-62
-41
-87
-125
-54
-54
-76
-80
-71
-98
-91
-72
-45
-36
-48
-83
-92
-63
-86
-66
-53
-56
-53
-63
-75
-95
-95
-77
-85
-85
-77
-94
-84
-75
-55
-67
-62
-91
-88
-42
-86
-54
-75
-58
-60
-65
-38
-60
-26
-26
8
-35
2
-39
-35
11
-49
-1
5
-17
-25
3
26
-14
6
47
17
50
14
-1
48
69
38
49
55
52
5
18
31
42
50
57
46
-17
38
52
49
48
43
30
-4
29
94
76
72
27
4
8
15
-16
-10
31
-8
2
0
44
53
41
12
23
-13
19
14
-12
14
-18
-35
-73
-31
-82
-75
-56
-98
-92
-77
-90
-82
-83
-91
-108
-74
-112
-138
-84
-121
-113
-98
-149
-140
-156
-133
-108
-139
-122
-105
-102
-87
-114
-96
-78
-104
-89
-117
-97
-100
-97
-111
-97
-89
-70
-51
-43
-70
-47
-101
-110
-60
-99
-67
-15
-20
-39
-16
-63
-84
-73
-88
-84
-96
-88
-80
-74
-69
-57
-10
-68
-50
-79
-64
-11
-97
-50
-95
-96
8
-52
-13
-40
-24
-6
-14
24
-49
-26
13
-30
-38
-1
-27
-6
22
38
49
42
32
-1
6
-30
-9
11
3
-11
-5
-3
-10
2
7
3
27
17
7
0
18
21
-2
5
13
22
-16
4
36
62
50
41
27
13
26
48
42
26
38
22
10
-21
-6
25
43
0
1
7
-1
-42
-60
-62
-75
-75
-58
-71
-78
-99
-79
-63
-44
-103
-103
-103
-125
-88
-117
-149
-201
-178
-127
-152
-175
-152
-139
-144
-149
-143
-129
-193
-206
-187
-170
-219
-223
-215
-233
-177
-212
-228
-209
-190
-176
-201
-220
-220
-222
-235
-217
-221
-216
-237
-255
-269
-239
-244
-235
-234
-222
-244
-255
-232
-226
-193
-204
-209
-234
-205
-209
-261
-258
-252
-270
-270
-231
-220
-238
-244
-220
-170
-220
-205
-187
-202
-184
-223
-234
-230
-213
-159
-160
-183
-194
-167
-196
-195
-167
-125
-134
-161
-122
-133
-153
-141
-132
-127
-102
-120
-80
-54
-77
-77
-116
-90
-64
-78
-76
-95
-65
-45
-64
-49
-98
-89
-85
-68
-58
-58
15
-54
-94
-51
-51
-60
-60
-83
-71
-86
-97
-103
-70
-56
-70
-70
-74
-53
-69
-64
-64
-55
-52
-68
-47
-13
-24
-46
-25
-12
-58
-17
-20
-47
-74
-100
-96
-43
-54
-88
-44
-37
-22
-63
-35
-24
-68
-36
-65
-45
-51
-48
-54
-38
-81
-65
-48
-85
-45
-1
-52
-68
-45
-86
-47
-72
-98
-91
-33
-45
-56
-49
-70
-48
-95
-82
-55
-61
-66
-23
-26
-48
-53
-61
-49
-48
-87
-74
-90
-60
4
-39
-38
-43
-58
-70
-11
-50
-21
1
-17
-15
-30
-5
3
-7
-16
-5
-47
21
56
16
42
25
31
37
40
41
71
58
64
51
20
49
28
33
43
43
60
51
20
58
57
55
52
46
65
37
45
59
50
45
18
55
56
26
25
44
33
18
13
43
54
6
39
-1
6
-7
1
9
-1
33
9
-14
14
-1
-1
-23
-12
-24
-38
-42
21
29
-13
-3
-23
-16
-41
-26
-25
-31
-20
-7
-35
-4
17
-28
-43
-39
-73
-45
-35
-22
-32
-24
-25
1
-8
-34
-49
-47
-23
-52
-30
-52
-51
-62
-70
-84
-129
-131
-107
-126
-149
-126
-111
-148
-144
-135
-120
-144
-140
-162
-108
-147
-150
-113
-102
-99
-139
-126
-173
-154
-122
-117
-109
-107
-138
-114
-151
-149
-133
-136
-139
-123
-111
-122
-126
-112
-77
-67
-120
-111
-113
-113
-83
-78
-81
-72
-102
-126
-74
-71
-79
-100
-81
-65
-79
-84
-44
-39
-53
-35
-77
-18
-20
-35
0
-49
-49
-24
-8
24
35
3
0
6
29
25
-3
-1
-35
10
14
30
63
38
28
6
0
-6
-6
-3
14
36
20
25
12
5
26
4
-20
-1
-7
-50
-21
-81
-43
-15
-67
-77
-81
-86
-66
-100
-91
-69
-103
-59
-44
-37
-32
-60
-65
-87
-115
-99
-99
-72
-74
-81
-52
-89
-55
-48
-98
-87
-145
-133
-100
-109
-76
-62
-64
-111
-105
-128
-102
-105
-114
-147
-127
-167
-125
-141
-177
-135
-153
-96
-117
-101
-89
-121
-103
-90
-121
-117
-150
-101
-119
-103
-74
-105
-112
-127
-143
-134
-122
-159
-126
-127
-160
-153
-155
-150
-143
-149
-147
-157
-177
-211
-168
-138
-168
-184
-174
-200
-200
-151
-113
-91
-122
-128
-117
-98
-99
-109
-135
-104
-109
-92
-92
-78
-92
-109
-103
-106
-48
-58
-53
-67
-17
-23
-48
-41
2
-25
-27
-17
-7
38
-2
8
-45
-40
-16
-9
18
31
6
15
48
27
33
37
23
61
57
33
37
-14
8
34
2
6
10
-18
2
25
35
-5
9
34
43
46
34
58
47
39
27
24
32
38
38
61
63
10
0
10
1
10
43
-21
46
33
24
7
-2
40
3
-11
-31
-29
-21
6
29
-19
-23
-6
15
8
-58
-70
-54
-21
-35
-5
-7
-29
-6
-35
-49
-21
-7
12
18
-3
18
1
80
69
52
44
5
24
24
33
-19
25
18
12
57
87
66
67
56
35
71
57
52
47
57
23
24
29
70
56
71
29
41
73
63
79
82
27
-16
62
70
47
24
29
38
78
52
46
32
27
83
64
37
40
88
68
84
82
69
81
63
91
82
46
64
111
46
84
56
55
94
96
93
79
59
60
14
-22
-21
-11
17
8
-2
3
-26
-14
11
-16
-11
-24
-18
-40
-3
1
-4
10
-10
-11
16
34
-9
13
14
-34
-35
-48
-38
7
-5
-9
-5
11
30
23
-10
15
60
29
17
-1
1
-24
-45
-32
-21
-71
-30
-8
-51
-55
-64
-23
-13
-39
-73
-69
-63
-103
-107
-112
-70
-44
-58
-32
-33
-24
-42
-88
-87
-46
-35
-50
-35
-18
-34
-58
-6
-47
-70
-59
-55
-11
-4
10
-4
-7
9
4
-1
-15
50
35
62
75
37
48
41
89
65
66
60
45
76
67
99
81
91
100
64
102
115
130
103
112
106
122
115
123
109
97
70
79
104
67
74
100
116
99
95
91
91
51
94
107
60
20
46
76
9
-28
-10
-55
-67
-53
-153
-165
-204
-224
-255
-358
-455
-525
-628
-802
-952
-1265
-1826
-3127
-4591
-5675
-6756
-7685
-9247
-10835
-11451
-11613
-11399
-11261
-11113
-10278
-8939
-7525
-6156
-5075
-3922
-2815
-1906
-866
-24
720
1415
1929
2876
4208
5517
6658
7773
9077
10714
12376
13646
14539
15204
16147
16771
17158
16934
15908
14690
13133
11301
9270
6645
3689
897
-1702
-3838
-6042
-8065
-9781
-11136
-11665
-11983
-12145
-12114
-12005
-11460
-10572
-9676
-8672
-7665
-6620
-5275
-3642
-1857
-190
1405
3078
4975
6895
8603
9909
10857
11624
12081
12240
11924
11090
9840
8437
6874
5251
3521
1609
-270
-2006
-3454
-4659
-5820
-6956
-7931
-8572
-8975
-9270
-9570
-9865
-9916
-9741
-9264
-8727
-8133
-7340
-6299
-5166
-4430
-3492
-2486
-1638
-815
-589
-317
23
-2
-82
-525
-916
-1137
-1562
-2016
-2577
-3047
-3235
-3638
-4042
-4194
-4396
-4242
-4137
-4027
-3557
-2991
-2228
-1516
-743
293
1533
2738
3804
4985
6325
7758
8988
10104
11278
12431
13714
14797
15790
16614
16979
17122
16815
16230
15175
13247
11133
8700
6041
3334
385
-2317
-4663
-6789
-8482
-9729
-10543
-10920
-11054
-10828
-10279
-9624
-8769
-8087
-7289
-6335
-5432
-4383
-3398
-2316
-1208
257
1792
3289
4813
6276
7874
9201
10240
10943
11395
11489
11074
10398
9385
8037
6489
4710
2996
1384
-211
-1633
-2964
-3973
-4803
-5442
-5854
-6278
-6613
-6751
-6776
-6818
-6786
-6739
-6514
-6101
-5561
-4864
-3948
-2868
-1944
-1168
-118
1046
1881
2300
2145
2208
2253
1641
556
-875
-2015
-3098
-4383
-5847
-7299
-8340
-8960
-9680
-10335
-10703
-10924
-10868
-10892
-10775
-10438
-10003
-9688
-9282
-8567
-7497
-6266
-5062
-3786
-2225
-183
1814
3534
5166
6844
8448
9974
10959
11710
12376
13004
13597
13988
14596
15068
15757
16491
17304
18421
19574
20479
20808
20752
20188
18961
16126
12431
8797
4913
507
-5215
-10158
-13474
-15997
-18358
-20487
-20912
-19597
-17958
-16485
-14455
-11652
-8916
-6923
-5430
-3596
-1874
-894
-338
215
1533
2921
4291
5682
7324
9494
11814
13982
15390
16329
16999
17234
16622
14856
12489
9899
7127
3738
114
-2865
-5339
-7550
-9700
-11107
-11242
-11076
-11015
-10843
-10128
-8926
-8024
-7677
-7420
-6905
-6321
-5814
-5401
-4704
-3618
-2288
-672
1078
2584
4329
6093
7526
8447
8263
7792
7147
5849
3805
440
-2572
-5227
-7987
-10502
-13460
-15525
-16444
-17040
-17153
-17003
-16395
-15118
-13995
-12915
-11596
-10374
-9015
-8236
-7521
-6224
-4918
-3513
-2341
-960
1117
3447
5513
7095
8875
10613
12192
13228
13541
13809
13889
13872
13441
13026
12900
12804
13077
13182
13730
14741
15707
16535
16478
16391
15856
14654
12625
9567
6373
2969
-708
-4404
-7754
-10514
-12442
-13884
-14514
-14113
-13246
-11706
-10154
-8338
-6288
-4514
-2941
-1957
-1176
-495
74
547
747
1178
1890
2922
4236
5470
7023
8593
10045
11221
11981
12402
12189
11386
9946
8147
6094
3665
1081
-1583
-3828
-5700
-7227
-8516
-9352
-9771
-9782
-9597
-9416
-9162
-8936
-8717
-8686
-8874
-8977
-9056
-9035
-9081
-9218
-8713
-8021
-7185
-6271
-5458
-4329
-3292
-2452
-2044
-2010
-2067
-2552
-3311
-4361
-5653
-6851
-7935
-9004
-9735
-10064
-10034
-9623
-8869
-7656
-5957
-4159
-2433
-730
1086
2855
4417
5732
6706
7932
9253
10614
12297
13918
16081
18539
21347
23900
25762
27685
29848
31435
32400
32039
28778
25162
21359
17000
11207
2732
-4755
-9706
-13725
-18049
-22838
-25279
-24612
-23571
-22886
-21616
-19038
-15892
-14302
-13139
-10953
-8604
-7279
-7568
-7088
-4879
-2292
-276
1081
3634
7564
11715
15380
18057
20336
22393
23925
24273
23166
21002
18241
15009
10994
6681
2716
-875
-4289
-7737
-10202
-10970
-11165
-11880
-12890
-12904
-11634
-10704
-11037
-11783
-11901
-11324
-11025
-11341
-11068
-10002
-8481
-7186
-5657
-2841
105
2575
3930
5174
7362
8568
8260
6448
4494
3391
1536
-1575
-5147
-8019
-9824
-11244
-13129
-14413
-14731
-14499
-14002
-13839
-13088
-11944
-11142
-10769
-10535
-9555
-8284
-7459
-6978
-6000
-3974
-1485
700
2385
4554
7499
10378
12493
13938
15430
17022
18321
18963
19309
19854
20363
20510
20597
21120
22128
23296
23684
23274
22361
20606
18682
15832
11380
6171
179
-5088
-9800
-14926
-19609
-23352
-25296
-25589
-25310
-24239
-21935
-18934
-15598
-12427
-9014
-5485
-3051
-1445
-119
1639
3327
4126
4712
5556
7297
9362
11137
12976
14773
16690
18286
19277
19605
18976
17525
15244
12487
9157
5351
1282
-2895
-6646
-9821
-12190
-13839
-15151
-15885
-15620
-14585
-13154
-12003
-11063
-9829
-8439
-7269
-6516
-6505
-6530
-6071
-5503
-4968
-4756
-4491
-3754
-2568
-1492
-665
-90
235
468
339
-121
-1162
-2719
-4497
-6501
-8164
-9781
-11461
-12926
-13974
-14292
-14014
-13340
-12596
-11587
-10023
-8092
-6070
-4243
-2651
-922
948
2805
4426
5973
7575
9286
11176
13161
15404
17511
19776
22182
24241
26035
27674
29384
31308
32424
32473
30211
26382
23265
19632
14529
6698
-1989
-7557
-11492
-16070
-21761
-26304
-26894
-25684
-25393
-25168
-23315
-19708
-16897
-15555
-13357
-10199
-7577
-7048
-7022
-4872
-1576
832
1834
3305
6937
11346
14882
17274
19255
21714
23853
24716
24089
22439
20204
17408
13840
9565
5386
1483
-2411
-6265
-9596
-11321
-11973
-13016
-14458
-15116
-14102
-12602
-12448
-13259
-13423
-12409
-11321
-11291
-11841
-11729
-10401
-8975
-7860
-6605
-5037
-2956
-1158
329
1883
3176
3803
3456
2671
2242
1473
-368
-2853
-5310
-6701
-7698
-9266
-11058
-12262
-12198
-11694
-11432
-11255
-10730
-9579
-8323
-7248
-6102
-4777
-3372
-1945
-422
1373
3478
5496
7193
9159
11633
14437
16792
18752
20747
23253
25716
27166
28410
29700
31664
32349
30459
27073
23723
21479
17622
10336
1618
-4566
-8004
-12204
-18643
-24374
-25844
-24965
-24909
-25876
-24896
-21282
-18266
-17069
-15751
-12291
-8758
-7774
-8063
-6535
-2701
378
1236
2108
5138
9878
13753
15929
17656
20185
22856
24177
23930
22604
21010
18873
15660
11642
7591
4024
309
-3899
-7720
-9930
-10798
-11908
-13843
-15307
-14679
-13109
-12786
-13891
-14519
-13394
-12063
-12451
-13638
-13521
-12232
-10823
-10457
-9982
-7807
-5217
-3171
-1866
-356
2029
3757
3893
3325
2973
2948
1781
-981
-3588
-5241
-6420
-8157
-10529
-11991
-11959
-11403
-11286
-11302
-10302
-8457
-6669
-5496
-4400
-2653
-726
682
1720
3194
5235
7219
8802
10574
13120
16064
18847
21176
23098
25192
27578
29585
31148
32358
31809
28944
25519
22317
19084
13147
4132
-3438
-7860
-11031
-16103
-22486
-25561
-24753
-23513
-23648
-23800
-21413
-17879
-16277
-15353
-13245
-10317
-8782
-9314
-8698
-5733
-2191
-417
302
2885
7492
12212
15348
17208
19443
22041
23972
24333
23073
21053
18635
15773
12175
8133
4183
562
-3021
-6462
-8864
-9890
-10527
-11765
-13329
-13523
-12217
-11481
-12341
-13721
-13872
-12700
-12876
-14135
-14743
-14488
-12645
-11843
-11239
-9229
-6749
-3878
-2067
-302
2094
4035
4745
4290
3563
3418
2451
-133
-2905
-5174
-6402
-7667
-9744
-11360
-11762
-10912
-10280
-10093
-9265
-7817
-5967
-4782
-3931
-2649
-1128
64
708
1748
3346
5286
6817
8004
9983
12687
15748
18053
19883
22328
25150
27901
29730
31080
31177
28961
25957
22660
19791
15311
7105
-1466
-7327
-10323
-13762
-19534
-24825
-25800
-23533
-21708
-21454
-21024
-18252
-15061
-12741
-11225
-9778
-8103
-7456
-7168
-6046
-3441
-926
345
1620
4485
9451
14082
16373
17544
19342
22226
23923
23047
20373
17599
15458
12506
8435
3983
138
-3099
-6290
-8813
-10137
-10612
-11249
-12419
-12924
-11869
-10547
-10597
-11811
-12790
-12237
-11937
-12463
-13583
-14315
-13018
-11914
-10857
-9349
-7556
-4889
-2775
-888
1124
2771
3656
3277
2352
1844
846
-1317
-4027
-6794
-8265
-9170
-10629
-12102
-12849
-12103
-10908
-10042
-9230
-8094
-6243
-4764
-3771
-2704
-1441
-210
559
1551
3000
5006
6946
8711
10898
13757
17127
20039
22207
23771
25798
28291
30251
32060
31846
29318
26442
23274
20907
15752
7053
-740
-6077
-9085
-13405
-19640
-23589
-23721
-22305
-21559
-21694
-20127
-17084
-15315
-13941
-12487
-10307
-8715
-9158
-8897
-6936
-3782
-1507
-601
1370
5095
10114
14112
16199
17989
20282
22905
23801
22683
20605
18381
16014
12532
8644
4924
1592
-1825
-5297
-7544
-8426
-8909
-10088
-11598
-11861
-10718
-10010
-10724
-12089
-12645
-11987
-11537
-12185
-13249
-12905
-11417
-9695
-8223
-7000
-4740
-2336
-214
1577
2979
4314
4483
3767
3070
2250
1036
-1107
-3969
-5914
-6867
-7861
-9247
-10772
-11190
-10555
-9780
-9429
-9418
-8766
-7604
-6515
-5752
-5224
-4292
-3232
-2082
-737
902
2885
4730
6572
8872
11659
14410
16592
18493
20490
22870
25128
26644
28057
29680
31374
30171
26973
24029
21716
19801
13194
4480
-1868
-5587
-8479
-14723
-21194
-23560
-22679
-21940
-22798
-23043
-20107
-16658
-15265
-13995
-11902
-8685
-7152
-7532
-6628
-3960
-586
882
1408
3659
7715
12464
14895
16003
17888
20712
23044
22618
20839
19140
17661
15227
11085
6993
3757
820
-2944
-6699
-8754
-9462
-10242
-12071
-13610
-13142
-11798
-11603
-12736
-13670
-13048
-11795
-12177
-13325
-13383
-12355
-10491
-9921
-9293
-7186
-4626
-2279
-1020
467
2633
4129
4075
3254
2687
2390
1082
-1903
-4457
-6009
-7051
-8523
-10704
-11867
-11629
-10841
-10605
-10617
-9778
-8179
-6622
-5892
-5262
-3913
-2405
-1305
-640
673
2641
4542
6181
7805
10407
13438
16063
18152
20106
23015
25737
27932
29491
31299
32626
30873
27923
24501
22312
19219
11528
3196
-3164
-6577
-10145
-16603
-22300
-23957
-22858
-22110
-22772
-22545
-19425
-16666
-15211
-13960
-12070
-9358
-8624
-8725
-7555
-4727
-1563
-226
1035
3832
8613
13344
15735
17277
19329
22351
24165
23368
21432
19484
17764
14783
10558
6518
3253
115
-3600
-6819
-8494
-9113
-10056
-11889
-12984
-12346
-11441
-11730
-13163
-14121
-13775
-13383
-13956
-14852
-14970
-13755
-12393
-11259
-9702
-7447
-4717
-2664
-940
1072
3028
4017
3517
2670
2199
1513
-391
-3181
-5579
-6937
-7919
-9405
-11042
-11766
-11375
-10724
-10348
-10027
-9171
-7865
-6787
-6165
-5419
-4283
-3182
-2381
-1440
147
2251
4159
5980
8189
11061
14137
16695
18754
20954
23701
26014
28085
29475
31269
31735
29339
26573
23411
21582
17430
9398
1932
-3515
-6475
-10741
-17322
-22115
-23063
-22225
-22003
-22855
-22184
-19163
-17064
-15653
-14268
-12091
-9798
-9386
-8998
-7244
-4095
-1436
-294
1379
4640
9556
13555
15512
17112
19367
22337
23453
22339
20524
18830
17092
13875
9849
6195
3060
-137
-3760
-6492
-7831
-8606
-9949
-11798
-12474
-11737
-11298
-12033
-13427
-14277
-13879
-13696
-14362
-15118
-15086
-13841
-12426
-11110
-9368
-7088
-4564
-2468
-542
1568
3282
3733
3209
2648
2203
1225
-959
-3735
-5758
-6873
-7950
-9474
-10906
-11375
-10887
-10255
-9901
-9478
-8642
-7526
-6658
-6113
-5364
-4444
-3604
-2895
-1948
-281
1750
3558
5477
7760
10857
13954
16391
18706
20852
23797
26146
27839
29547
30986
31166
28773
25886
23142
21059
16482
8697
1760
-3205
-6148
-10872
-17077
-21255
-22093
-21566
-22193
-22865
-21979
-19100
-17407
-16483
-14676
-12401
-9932
-9388
-8808
-6450
-3170
-407
926
2756
6312
11037
14510
16289
17952
20344
22918
23434
22271
20757
19278
17459
14144
10326
7026
4178
922
-2753
-5352
-6695
-7595
-9327
-11269
-11831
-11375
-11236
-12240
-13625
-14098
-13623
-13630
-14200
-14650
-14164
-12651
-11416
-10056
-8147
-5785
-3347
-1432
400
2451
4022
4436
3979
3498
3266
2330
195
-2189
-3902
-4835
-5921
-7530
-8793
-9116
-8726
-8373
-8195
-7806
-6859
-5724
-4933
-4264
-3378
-2278
-1350
-556
582
2250
4102
5690
7292
9443
12076
14671
16605
18396
20638
22865
24764
25925
26874
28043
28098
26050
22792
19664
17039
13225
6674
-178
-5466
-9139
-12924
-18273
-22394
-23983
-23891
-23846
-24275
-23508
-21230
-19094
-17765
-16237
-14182
-11953
-10795
-10185
-8549
-5891
-3195
-1432
300
3281
7418
11180
13546
15360
17573
19968
21120
20467
19098
17726
15929
13061
9443
6088
3157
81
-3333
-6166
-7768
-8815
-10169
-11738
-12604
-12381
-12142
-12622
-13677
-14307
-14203
-14224
-14526
-14837
-14522
-13570
-12323
-10947
-9042
-6562
-4172
-1925
214
2504
4522
5472
5484
5314
5098
4426
2739
478
-1385
-2766
-4014
-5516
-6879
-7575
-7648
-7606
-7594
-7365
-6741
-5988
-5317
-4733
-3981
-3143
-2495
-1878
-1004
559
2538
4475
6712
9364
12513
15647
18028
20439
22660
25304
27384
28407
29902
31398
32538
31663
29116
26607
24344
21268
15588
8409
2431
-1889
-6148
-11460
-16646
-19421
-19963
-20275
-20751
-20562
-18851
-16689
-15309
-13852
-11936
-9817
-8610
-8312
-7319
-5295
-2999
-1480
-285
1949
5503
9308
11905
13652
15751
18141
19690
19543
18345
16934
15180
12512
9012
5549
2553
-573
-4004
-7099
-9128
-10343
-11774
-13524
-14834
-15061
-14938
-15464
-16528
-17344
-17582
-17634
-17912
-18253
-18034
-17232
-16106
-14647
-12636
-10028
-7317
-4940
-2824
-913
488
1071
1487
2431
3646
4025
3013
879
-1622
-4068
-6867
-9752
-12165
-13501
-13828
-13661
-13351
-12962
-12321
-11629
-11099
-10629
-9923
-9010
-8165
-7237
-5974
-4153
-1929
254
2437
5002
7921
10819
13256
15389
17466
19459
21450
22960
24170
25484
26568
26853
25281
22716
20389
18007
14639
8872
2682
-2110
-5953
-9834
-14831
-18836
-20595
-21015
-21265
-21648
-20959
-19071
-17332
-16127
-14606
-12597
-10583
-9570
-8782
-7006
-4482
-1962
-147
1791
4778
8607
12229
14674
16732
19008
21176
22318
21936
20929
19625
17810
15100
11763
8720
5835
2719
-511
-3195
-4864
-6042
-7439
-8994
-9825
-9824
-9911
-10606
-11639
-12277
-12495
-12879
-13373
-13768
-13539
-12722
-11899
-10608
-8759
-6484
-4170
-2267
-222
1954
3801
4751
4695
4584
4423
3640
2157
227
-1468
-2662
-3898
-5184
-6218
-6709
-6729
-6652
-6498
-6114
-5458
-4766
-4279
-3841
-3166
-2429
-1892
-1356
-513
885
2469
3964
5543
7620
10144
12660
14808
16852
18968
21197
23235
24789
26333
27930
29244
29375
27665
25451
23366
20961
17079
11057
5135
504
-3478
-7832
-12886
-16614
-18177
-18880
-19481
-19804
-18977
-17239
-15952
-14893
-13333
-11391
-9806
-9164
-8382
-6541
-4072
-1888
-200
1884
5043
8872
12132
14458
16561
18900
20957
21738
21309
20409
19071
17068
14245
11106
8287
5434
2272
-795
-3165
-4577
-5820
-7348
-8819
-9528
-9583
-9900
-10823
-11753
-12153
-12146
-12455
-13196
-13506
-13091
-12248
-11345
-10438
-8913
-6766
-4701
-2980
-1382
385
1900
2479
2448
2230
1858
996
-703
-2582
-4027
-5225
-6501
-7851
-8900
-9220
-9043
-8901
-8779
-8379
-7476
-6487
-5687
-5054
-4258
-3290
-2433
-1634
-590
882
2385
3877
5612
7793
10282
12645
14690
16853
19106
21487
23364
24818
26311
27908
29375
29265
27663
25242
22975
20541
16537
10808
4685
-200
-4308
-8563
-13270
-16996
-18864
-19736
-20063
-20184
-19257
-17728
-16453
-15209
-13586
-11548
-9999
-9199
-8411
-6649
-4164
-1915
-108
1864
4927
8666
11948
14431
16475
18590
20395
21109
20709
19677
18139
15934
13018
9842
6871
3945
762
-2307
-4653
-6099
-7243
-8683
-10150
-10978
-11133
-11428
-12203
-13197
-13762
-14376
-14940
-15264
-15542
-14994
-14628
-13922
-12490
-10721
-8342
-6697
-5323
-3529
-1769
-378
-166
-761
-1166
-1798
-3024
-4671
-6763
-8403
-9738
-11046
-12124
-13042
-13406
-13612
-13695
-13574
-13155
-12570
-12215
-11919
-11463
-10691
-9981
-9686
-9207
-8335
-7078
-5654
-4421
-2652
-71
3242
6605
9793
12964
15841
18574
20632
22509
24361
26200
28048
28456
27633
25722
23757
21808
18361
13248
7256
2098
-2030
-6207
-10950
-15105
-17658
-18723
-19315
-19793
-19275
-18289
-17163
-16264
-15077
-13232
-11795
-10902
-10155
-8378
-5706
-3167
-971
1228
4299
8119
11653
14439
16549
18600
20507
21470
21349
20312
18809
16739
13901
10804
7714
4804
1683
-1463
-3922
-5495
-6558
-7816
-9224
-10041
-10172
-10192
-10718
-11509
-11962
-12008
-12169
-12481
-12526
-12002
-11023
-9983
-8691
-6848
-4569
-2460
-717
823
2490
3949
4499
4151
3472
2842
1876
149
-1821
-3551
-4839
-5967
-7161
-8035
-8391
-8301
-8216
-8048
-7679
-7018
-6286
-5759
-5252
-4526
-3568
-2723
-1952
-910
675
2357
4067
5847
7958
10427
12851
15118
17004
19085
21221
23114
24791
25991
27502
29056
29315
27953
25401
23030
20733
16995
11262
4785
-499
-4541
-8994
-14113
-18378
-20593
-21316
-21846
-22062
-21126
-19264
-17506
-16134
-14315
-11996
-9994
-8902
-8158
-6477
-3945
-1581
154
1818
4564
8149
11463
13798
15562
17548
19334
20079
19595
18374
16810
14683
11775
8514
5497
2758
-149
-3174
-5519
-6751
-7570
-8701
-9977
-10654
-10551
-10406
-10986
-11819
-12216
-12233
-12404
-12733
-12773
-12131
-10902
-9927
-8681
-6741
-4419
-2146
-599
859
2574
3864
4174
3525
2611
1926
777
-999
-2966
-4586
-5629
-6660
-7828
-8678
-9001
-9030
-9130
-9323
-9292
-8871
-8485
-8284
-7827
-6956
-5813
-4749
-3710
-2201
-149
1978
3965
5799
8029
10520
12793
14793
16510
18386
20170
21602
22817
24151
25531
27037
27771
27284
25805
23632
21685
18766
14335
8597
2832
-1783
-6024
-10521
-14968
-18098
-19535
-19777
-19706
-19025
-17411
-15473
-13634
-11837
-9658
-7604
-6248
-5496
-4438
-2594
-620
1096
2574
4637
7570
10769
13638
15778
17685
19539
20830
21102
20353
18905
16868
14128
10919
7565
4353
1137
-2100
-4866
-6789
-7951
-9020
-10133
-10934
-11077
-10901
-11016
-11507
-11993
-12445
-12635
-12850
-13006
-12778
-12398
-11438
-10149
-8392
-6206
-4239
-2299
-484
1256
2784
3474
3327
2714
1898
818
-786
-2826
-4804
-6379
-7652
-8717
-9612
-10115
-10205
-10050
-9737
-9259
-8738
-8236
-7760
-7140
-6263
-5357
-4595
-3754
-2665
-1036
829
2540
4336
6201
8529
10845
12871
14707
16298
18038
19562
20906
22179
23199
24418
25683
26072
25433
23480
21311
19245
16072
11539
5723
349
-3786
-7853
-12238
-16257
-18757
-19471
-19580
-19414
-18362
-16597
-14520
-12768
-11009
-8827
-6839
-5579
-4876
-3704
-1839
192
1827
3287
5428
8359
11508
13996
15823
17684
19338
20349
20296
19252
17811
15772
13039
9836
6644
3742
746
-2295
-4818
-6466
-7421
-8349
-9421
-10066
-10072
-9801
-9936
-10408
-10811
-10988
-10902
-10992
-10846
-10500
-9895
-8789
-7580
-5904
-3915
-2190
-596
823
2255
3476
3712
3272
2527
1616
511
-1233
-3297
-5122
-6648
-7828
-8867
-9753
-10130
-10178
-10065
-9760
-9306
-8744
-8153
-7660
-6951
-5971
-4984
-4041
-3082
-1767
34
1999
3824
5648
7610
9890
12036
13939
15643
17196
18744
20199
21470
22721
23844
25019
26264
26355
25474
23517
21238
19002
15415
10448
4706
-503
-4614
-8764
-13133
-16721
-18793
-19321
-19244
-18860
-17502
-15601
-13637
-11886
-10085
-8068
-6446
-5570
-4995
-3880
-2236
-554
832
2262
4530
7459
10369
12764
14619
16468
18015
18690
18376
17176
15518
13243
10272
7043
3843
926
-2084
-4944
-7184
-8570
-9402
-10331
-11243
-11666
-11553
-11449
-11677
-12257
-12750
-12992
-13175
-13224
-13206
-12855
-12060
-10903
-9280
-7281
-5197
-3236
-1431
264
1826
2778
2957
2466
1601
606
-787
-2578
-4557
-6389
-7679
-8726
-9606
-10185
-10398
-10306
-9980
-9506
-8957
-8359
-7865
-7341
-6559
-5687
-4814
-3943
-2960
-1540
206
2101
3867
5605
7708
9970
11977
13770
15220
16623
18115
19414
20497
21453
22343
23328
24633
24683
23957
22044
19775
17871
14385
9924
4355
-903
-4853
-8980
-13092
-16565
-18821
-19451
-19365
-18998
-17502
-15597
-13657
-11707
-9855
-7569
-5703
-4554
-3797
-2665
-870
984
2550
3957
6132
8954
11769
14202
15955
17702
19184
19813
19627
18504
16873
14658
11681
8505
5343
2417
-553
-3533
-5852
-7306
-8138
-8984
-9859
-10327
-10249
-9972
-10037
-10634
-11279
-11439
-11597
-11664
-11861
-11750
-10873
-9755
-8115
-6280
-4362
-2220
-296
1366
2911
3900
4265
3805
2764
1721
334
-1541
-3637
-5623
-6960
-7942
-8775
-9313
-9532
-9283
-8690
-8060
-7534
-6894
-6269
-5545
-4787
-4101
-3252
-2479
-1596
-329
1244
3032
4845
6568
8636
10926
13083
14972
16438
17948
19457
20714
21711
22557
23478
24829
25266
24842
23523
21331
19766
16895
12957
8106
2740
-1398
-5586
-9850
-13609
-16731
-18233
-18726
-19017
-18169
-16815
-15282
-13420
-11869
-9715
-7563
-6286
-5239
-4098
-2391
-370
1288
2757
4715
7257
10039
12631
14560
16392
18023
18941
19262
18589
17366
15611
12973
10071
7052
4099
1208
-1900
-4551
-6423
-7707
-8742
-9902
-10716
-10996
-10936
-11057
-11424
-11857
-12337
-12505
-12626
-12634
-12390
-12054
-11292
-10048
-8313
-6265
-4441
-2679
-901
912
2355
3009
3021
2530
1776
745
-749
-2627
-4584
-6256
-7608
-8741
-9548
-10045
-10253
-10171
-9814
-9196
-8535
-7990
-7469
-6760
-5785
-4788
-3952
-3066
-2011
-457
1319
3033
4738
6554
8649
10812
12727
14386
15838
17222
18534
19652
20615
21582
22367
23391
24216
23904
23130
20974
19012
16690
12891
8585
3126
-1589
-5446
-9691
-13382
-16538
-18483
-18899
-18944
-18297
-16728
-15168
-13200
-11408
-9576
-7443
-6007
-4931
-4042
-2720
-983
728
2164
3732
6047
8680
11323
13517
15223
16902
17999
18475
18182
16953
15301
12904
10007
7074
4014
1197
-1743
-4444
-6388
-7695
-8568
-9435
-10099
-10346
-10285
-10130
-10296
-10652
-11095
-11417
-11509
-11583
-11413
-11216
-10635
-9433
-7890
-5949
-4120
-2438
-695
937
2387
3161
3162
2653
1762
691
-695
-2547
-4487
-6238
-7596
-8583
-9324
-9775
-9975
-9893
-9507
-8891
-8246
-7757
-7345
-6779
-5958
-5047
-4292
-3475
-2536
-1171
563
2247
3997
5710
7698
9828
11784
13534
15034
16359
17670
18739
19793
20719
21419
22241
23185
23522
23155
21675
19478
17594
14779
11051
6361
1241
-2787
-6485
-10260
-13556
-16169
-17327
-17418
-17313
-16222
-14650
-13042
-11167
-9600
-7676
-5734
-4507
-3575
-2642
-1256
505
2024
3339
5072
7361
9884
12240
13953
15478
16807
17491
17583
16786
15337
13466
10907
8043
5122
2324
-369
-3130
-5484
-7065
-8032
-8773
-9516
-9982
-9995
-9761
-9665
-9867
-10288
-10625
-10673
-10694
-10630
-10562
-10117
-9220
-7928
-6244
-4510
-2776
-1085
488
2003
3058
3465
3285
2554
1625
503
-1083
-2894
-4723
-6197
-7251
-8077
-8577
-8839
-8791
-8411
-7793
-7136
-6569
-6041
-5503
-4872
-4142
-3350
-2632
-1898
-935
387
1875
3397
4902
6441
8137
9981
11676
13075
14284
15230
16346
17199
18064
18615
19101
19815
20629
21242
20786
19721
17718
15850
13485
9963
5810
840
-3409
-7097
-10657
-13815
-16542
-18106
-18433
-18064
-17142
-15661
-14117
-12304
-10433
-8579
-6667
-5374
-4433
-3563
-2411
-867
518
1802
3231
5211
7571
9856
11806
13309
14639
15548
15926
15554
14389
12697
10395
7797
5138
2438
-222
-2844
-5126
-6767
-7811
-8476
-9082
-9485
-9542
-9256
-8982
-8887
-8968
-9271
-9293
-9410
-9275
-9014
-8870
-8237
-7333
-5973
-4255
-2820
-1340
42
1301
2557
3069
2944
2488
1533
581
-750
-2412
-4005
-5550
-6681
-7409
-7967
-8249
-8222
-8017
-7477
-6735
-6059
-5458
-5034
-4472
-3712
-2930
-2127
-1424
-580
621
2020
3465
4905
6247
7703
9327
10886
12216
13283
14175
15039
15910
16680
17333
17900
18563
19318
20333
20956
20666
19647
17642
15894
13438
9949
5649
565
-3565
-7201
-10779
-13901
-16483
-17782
-17846
-17421
-16249
-14591
-12986
-11073
-9323
-7500
-5691
-4637
-3951
-3370
-2401
-1022
216
1260
2606
4558
6904
9201
11075
12579
13947
14833
15158
14677
13404
11634
9211
6504
3815
1055
-1540
-4141
-6319
-7773
-8607
-9089
-9576
-9868
-9769
-9370
-9063
-9037
-9266
-9589
-9867
-10011
-10024
-9974
-9857
-9476
-8525
-7175
-5477
-3893
-2558
-1110
366
1594
2190
2089
1495
668
-382
-1707
-3283
-4977
-6419
-7500
-8212
-8611
-8758
-8676
-8290
-7637
-6817
-5996
-5415
-4987
-4498
-3787
-2993
-2272
-1712
-982
103
1463
2866
4198
5511
6916
8449
9934
11224
12255
13159
14088
15047
15840
16619
17236
18124
19086
20298
20990
20673
19846
18074
16586
14029
10269
5807
507
-3839
-7902
-11849
-15102
-17611
-18655
-18426
-17597
-16053
-14150
-12296
-10052
-8034
-6047
-4242
-3228
-2370
-1536
-328
1100
2343
3599
5174
7355
9769
12054
13925
15329
16651
17402
17556
16900
15374
13446
10871
8153
5374
2513
-180
-2767
-4809
-6199
-7021
-7625
-8108
-8322
-8261
-7943
-7791
-7880
-8216
-8757
-9124
-9362
-9501
-9624
-9603
-9292
-8396
-7048
-5514
-4047
-2752
-1319
92
1184
1588
1394
809
-93
-1222
-2720
-4420
-6169
-7634
-8761
-9507
-9854
-10024
-9906
-9458
-8771
-7923
-7172
-6666
-6160
-5592
-4885
-4207
-3590
-3038
-2270
-1167
113
1492
2770
4081
5541
7013
8510
9790
10863
11895
12793
13741
14618
15365
16141
16927
17760
18962
19307
19015
17910
16035
14520
11845
8402
4248
-409
-3996
-7426
-10727
-13358
-15563
-16487
-16394
-15870
-14535
-13087
-11632
-9810
-8245
-6525
-5071
-4263
-3559
-2810
-1771
-455
790
1982
3597
5676
7941
10188
11921
13399
14567
15193
15331
14664
13270
11394
9004
6474
3976
1411
-1000
-3289
-5044
-6162
-6847
-7314
-7691
-7859
-7772
-7564
-7412
-7494
-7667
-8135
-8275
-8360
-8527
-8330
-8206
-7680
-6749
-5628
-4125
-2886
-1730
-459
551
1359
1661
1375
769
-128
-1192
-2443
-4011
-5455
-6683
-7664
-8270
-8636
-8763
-8655
-8309
-7739
-7008
-6385
-5844
-5274
-4787
-4149
-3439
-2719
-1953
-1126
-50
1234
2486
3842
5118
6405
7760
8995
10139
10974
11758
12472
13179
13870
14381
14960
15668
16441
17348
18295
18284
17819
16452
14686
13010
9933
6396
2068
-2191
-5306
-8588
-11516
-13899
-15492
-15584
-15073
-14273
-12705
-11211
-9542
-7731
-6332
-4707
-3655
-3182
-2596
-1971
-943
253
1179
2358
4031
6142
8382
10283
11731
13087
14078
14462
14213
13054
11422
9318
6784
4311
1712
-736
-2956
-5008
-6347
-7167
-7606
-7878
-8168
-8077
-7803
-7589
-7558
-7702
-7881
-8168
-8310
-8472
-8534
-8382
-8049
-7382
-6474
-5254
-3845
-2643
-1513
-402
503
1085
1081
656
-37
-947
-2046
-3463
-4909
-6162
-7169
-7913
-8414
-8649
-8588
-8298
-7875
-7353
-6716
-6128
-5713
-5276
-4772
-4136
-3463
-2720
-1955
-1024
154
1360
2631
3883
5100
6294
7324
8363
9311
10059
10863
11406
12022
12741
13274
14069
14670
15379
16392
17090
17045
16568
15191
13595
11630
8503
5200
1148
-2667
-5849
-9098
-11580
-13561
-14857
-15099
-14634
-13631
-12123
-10766
-9296
-7651
-6365
-5013
-4193
-3699
-3153
-2596
-1698
-627
394
1692
3379
5328
7393
9228
10753
11976
12672
12948
12649
11546
9913
7833
5475
3140
759
-1498
-3548
-5281
-6441
-7214
-7661
-7922
-8079
-8059
-7987
-7965
-8008
-8356
-8987
-9376
-9809
-10085
-10216
-10381
-9952
-9316
-8195
-6826
-5653
-4302
-3007
-1870
-945
-525
-610
-1032
-1945
-2893
-4042
-5482
-6719
-7940
-8792
-9239
-9428
-9340
-9133
-8670
-7928
-7205
-6512
-6023
-5606
-5160
-4654
-4165
-3575
-2915
-2184
-1142
-55
1253
2646
3938
5290
6544
7756
8927
9829
10660
11378
11942
12598
13130
13659
14199
14769
15514
16288
17089
17065
16664
15721
14130
12350
9477
6254
2683
-1176
-4396
-7529
-10156
-12046
-13519
-13975
-13561
-12730
-11315
-10033
-8603
-6856
-5532
-4313
-3478
-2954
-2433
-1921
-1198
-299
596
1763
3277
5016
6902
8730
10216
11410
12217
12523
12396
11438
9956
8069
5812
3633
1312
-902
-2885
-4624
-5784
-6555
-6987
-7155
-7252
-7180
-7041
-6912
-7023
-7588
-8033
-8510
-8942
-9160
-9475
-9333
-8881
-8026
-6714
-5398
-3833
-2224
-854
479
1448
1958
1993
1396
594
-416
-1717
-3152
-4559
-5804
-6585
-7082
-7380
-7374
-7151
-6676
-6073
-5532
-5039
-4681
-4439
-4120
-3870
-3500
-3024
-2503
-1758
-859
231
1579
2878
4192
5540
6881
8116
9122
10003
10758
11323
11780
12210
12578
12890
13268
13621
14185
14895
15635
16109
15836
15427
14412
12943
10815
7796
4767
1436
-2047
-5182
-8202
-10477
-11959
-13101
-13290
-12831
-11835
-10398
-9269
-7830
-6230
-5077
-4109
-3606
-3197
-2587
-2168
-1648
-956
-72
1291
2824
4442
6165
7885
9319
10445
11064
11189
10861
9810
8344
6378
4295
2287
63
-1955
-3642
-4936
-5791
-6411
-6796
-6897
-6828
-6754
-6695
-6812
-7269
-7841
-8558
-9060
-9578
-10017
-10195
-10123
-9356
-8254
-6993
-5523
-4032
-2420
-912
186
902
1122
866
341
-586
-1721
-2970
-4269
-5283
-6095
-6533
-6616
-6602
-6358
-5913
-5318
-4708
-4352
-4168
-4051
-3947
-3813
-3646
-3414
-3090
-2520
-1773
-758
400
1617
2900
4133
5369
6591
7698
8596
9269
9814
10409
10888
11211
11529
11830
12345
12919
13399
13997
14594
14892
14617
14088
13143
11772
9692
6831
3984
1187
-1740
-4539
-7202
-9176
-10202
-10862
-11020
-10585
-9699
-8350
-7140
-5884
-4541
-3582
-2754
-2247
-1851
-1278
-825
-289
405
1310
2648
4176
5628
7079
8510
9821
10811
11183
11075
10588
9627
8208
6499
4627
2797
927
-796
-2156
-3188
-3882
-4355
-4725
-4796
-4730
-4737
-4898
-5527
-6030
-6585
-7169
-7766
-8492
-8780
-8730
-8332
-7599
-6638
-5445
-4011
-2625
-1412
-284
454
738
507
26
-582
-1595
-2804
-3999
-5015
-5682
-6126
-6343
-6314
-6048
-5504
-4837
-4247
-3783
-3367
-3060
-2889
-2731
-2549
-2302
-2014
-1590
-924
-57
948
2000
3111
4251
5433
6582
7475
8270
8971
9541
10064
10390
10636
10927
11158
11355
11668
11943
12367
12809
13283
13590
13417
13076
12494
11480
9906
7709
5216
2911
475
-1968
-4285
-6321
-7525
-8234
-8609
-8456
-7948
-6986
-5931
-4928
-3814
-2822
-2156
-1609
-1246
-866
-396
-57
372
1040
1924
3124
4339
5438
6599
7725
8586
9038
9023
8718
8022
6899
5527
3919
2346
747
-830
-2121
-3077
-3770
-4290
-4696
-4858
-4834
-4862
-5241
-5700
-6156
-6559
-7030
-7775
-8196
-8359
-8163
-7626
-7148
-6219
-4975
-3676
-2360
-1347
-407
446
647
548
264
-344
-1089
-2168
-3157
-3894
-4526
-4941
-5241
-5362
-5126
-4803
-4482
-4229
-4030
-3744
-3593
-3544
-3440
-3229
-2940
-2525
-1986
-1278
-371
605
1646
2662
3711
4787
5663
6315
6994
7636
8149
8545
8815
9204
9603
9887
10124
10416
10751
11077
11366
11528
11796
11854
11530
11021
10146
9283
8024
6021
4079
2046
256
-1543
-3667
-5148
-6112
-6726
-6972
-7210
-6926
-6252
-5656
-4889
-4239
-3597
-2861
-2517
-2171
-1640
-1149
-591
-105
595
1517
2611
3659
4494
5314
6187
6934
7176
7065
6748
6221
5488
4432
3254
2203
1048
-54
-1065
-1798
-2232
-2768
-3287
-3673
-4063
-4320
-4756
-5386
-5905
-6383
-6824
-7144
-7365
-7327
-6949
-6559
-5856
-5000
-4022
-2927
-2108
-1402
-739
-320
-136
-371
-942
-1315
-1906
-2698
-3389
-4021
-4360
-4556
-4726
-4668
-4493
-4251
-3987
-3833
-3603
-3411
-3288
-3206
-3091
-2758
-2286
-1849
-1398
-785
50
970
1732
2489
3327
4066
4750
5351
5847
6379
6812
7183
7568
7907
8222
8434
8597
8733
8716
8647
8376
8029
7868
7509
6947
6174
5430
4848
4242
3326
2212
1042
106
-711
-1780
-2874
-3905
-4590
-5066
-5492
-5696
-5704
-5571
-5267
-4821
-4219
-3548
-2986
-2545
-2084
-1520
-978
-587
-404
-121
271
650
963
1178
1450
1715
1929
2048
2029
1884
1666
1241
735
224
-298
-898
-1555
-2106
-2512
-2810
-3121
-3296
-3330
-3212
-3028
-2983
-2837
-2741
-2778
-2795
-2950
-3065
-3159
-3389
-3513
-3515
-3385
-3106
-2939
-2702
-2340
-1998
-1719
-1612
-1675
-1627
-1781
-1964
-2179
-2547
-2749
-2970
-3113
-3131
-3126
-3047
-2943
-2850
-2662
-2424
-2244
-2161
-1990
-1766
-1486
-1344
-1202
-1053
-866
-577
-362
-84
289
797
1493
2304
3279
4408
5551
6714
7858
8859
9667
10221
10554
10860
10978
10992
10891
10716
10652
10536
10313
10094
9621
8889
8050
7043
6159
5108
3668
2231
832
-348
-1304
-2431
-3374
-4033
-4493
-4775
-4968
-5016
-4936
-4882
-4691
-4400
-4115
-3730
-3489
-3241
-2730
-2189
-1522
-866
-291
533
1430
2279
3011
3533
3921
4245
4303
4160
3786
3176
2495
1619
796
-22
-887
-1706
-2495
-3129
-3580
-4044
-4603
-5156
-5537
-5782
-6116
-6481
-6870
-7137
-7234
-7318
-7329
-7212
-6947
-6552
-6081
-5483
-4690
-3968
-3308
-2633
-1920
-1265
-816
-603
-510
-498
-546
-634
-923
-1165
-1277
-1416
-1433
-1465
-1456
-1391
-1381
-1283
-1230
-1185
-1139
-1197
-1199
-1135
-1107
-1055
-1014
-912
-663
-262
242
932
1849
2986
4098
5138
6113
6991
7804
8473
8805
8766
8353
7732
7000
6147
5358
4570
3615
2822
2312
1938
1924
1955
2014
2186
2177
2170
1940
1312
749
97
-491
-986
-1552
-1868
-1929
-1795
-1441
-1097
-672
-208
59
247
391
305
82
-325
-796
-1076
-1327
-1430
-1431
-1285
-853
-285
326
915
1464
1985
2342
2490
2449
2172
1667
1173
570
-10
-478
-983
-1408
-1719
-1882
-1981
-2110
-2296
-2491
-2814
-3185
-3606
-4085
-4573
-5122
-5582
-5804
-5928
-5841
-5682
-5415
-4948
-4468
-3949
-3516
-3230
-3014
-2903
-2941
-3026
-3230
-3377
-3466
-3546
-3461
-3330
-3081
-2759
-2476
-2173
-1891
-1722
-1602
-1563
-1539
-1538
-1623
-1726
-1845
-1951
-2000
-2081
-2190
-2295
-2321
-2176
-1799
-1208
-550
43
512
949
1197
1301
1253
974
559
-94
-852
-1675
-2449
-3038
-3490
-3647
-3490
-3088
-2519
-1867
-1229
-606
-20
535
1089
1521
1952
2350
2619
2735
2737
2622
2442
2180
1772
1409
1186
1038
968
944
963
943
917
844
642
444
249
23
-119
-197
-156
-33
128
393
744
1071
1414
1661
1847
2023
2027
1998
1872
1653
1405
1216
1032
902
774
669
631
549
509
448
375
447
714
1278
2059
3044
4079
5181
6373
7715
9101
10128
10485
10050
8999
7516
5938
4218
2366
475
-1418
-3107
-4579
-5778
-6700
-7411
-7988
-8316
-8452
-8403
-8190
-7868
-7467
-7156
-6805
-6500
-6348
-6216
-6175
-6178
-6190
-6216
-6214
-6085
-5886
-5557
-5132
-4628
-3981
-3311
-2565
-1901
-1360
-866
-431
-176
17
200
255
248
107
-45
-137
-247
-404
-569
-755
-821
-891
-923
-941
-963
-866
-806
-723
-638
-587
-545
-525
-529
-436
-363
-375
-338
-293
-228
-96
5
121
212
348
517
695
892
1043
1225
1378
1587
1766
1935
1975
2012
2087
2111
2197
2164
2073
2052
2123
2256
2461
2628
2894
3369
3917
4521
4962
5195
5257
5059
4610
3891
2846
1622
402
-651
-1400
-1854
-2028
-1975
-1616
-947
49
1122
2200
3158
3882
4284
4235
3692
2605
1179
-257
-1376
-1817
-1608
-982
-93
638
1007
936
513
-124
-890
-1762
-2757
-3738
-4721
-5622
-6376
-6810
-7023
-7153
-7242
-7345
-7414
-7477
-7467
-7413
-7328
-7184
-6982
-6769
-6595
-6435
-6246
-6095
-5985
-5930
-5944
-6033
-6106
-6172
-6219
-6210
-6199
-6093
-5949
-5670
-5351
-5025
-4657
-4344
-4034
-3808
-3677
-3560
-3497
-3498
-3425
-3267
-3095
-2813
-2446
-1957
-1316
-612
131
860
1631
2416
3156
3873
4513
4964
5370
5708
5868
5911
5861
5786
5620
5434
5371
5331
5378
5744
6379
7142
7684
7799
7366
6476
5320
4200
3180
2375
2044
2113
2614
3381
4219
5021
5602
5581
4509
2161
-1164
-4602
-7185
-8434
-8680
-8428
-8232
-8522
-9299
-10426
-11406
-11875
-12082
-12411
-12900
-13417
-13829
-14160
-14584
-14966
-15287
-15362
-15105
-14552
-13729
-12785
-11763
-10811
-10027
-9461
-9013
-8710
-8534
-8352
-8265
-8131
-7972
-7784
-7487
-7204
-6863
-6497
-6117
-5670
-5256
-4902
-4515
-4237
-4058
-3859
-3778
-3750
-3810
-3923
-4075
-4209
-4311
-4424
-4500
-4542
-4545
-4503
-4433
-4386
-4331
-4254
-4102
-3927
-3747
-3490
-3202
-2806
-2326
-1800
-1217
-662
-91
441
852
1116
1236
1278
1255
1256
1283
1400
1673
2144
2882
3833
4918
6151
7511
8958
10434
11815
12999
13967
14724
15229
15508
15570
15435
15092
14672
14194
13538
12632
11566
10476
9534
8704
8018
7434
7018
6793
6792
7028
7485
8266
9214
10157
10897
11269
11055
10157
8715
6825
4905
3228
1816
730
-8
-521
-731
-714
-554
-386
-313
-152
-43
32
30
-79
-155
-180
-183
-129
-96
-122
-52
-38
-59
-30
-105
-247
-426
-586
-754
-898
-1041
-1152
-1225
-1312
-1417
-1644
-1934
-2256
-2547
-2817
-3077
-3199
-3358
-3437
-3447
-3517
-3617
-3758
-3926
-4141
-4371
-4568
-4760
-4922
-5050
-5139
-5129
-5080
-4962
-4820
-4645
-4423
-4166
-3888
-3656
-3459
-3297
-3089
-2899
-2685
-2533
-2364
-2091
-1795
-1445
-1081
-684
-173
314
843
1378
1870
2391
2853
3279
3652
3957
4147
4230
4274
4315
4284
4211
4017
3723
3371
2942
2597
2407
2537
3023
3811
4780
5665
6290
6606
6796
6888
7031
7198
7376
7561
7676
7720
7678
7419
7091
6768
6450
6184
5757
5153
4408
3725
3071
2521
2011
1193
144
-908
-1902
-2811
-3603
-4150
-4476
-4618
-4592
-4633
-4818
-5117
-5429
-5703
-5825
-5777
-5529
-5292
-5051
-4781
-4543
-4294
-4095
-3866
-3652
-3366
-3056
-2817
-2624
-2543
-2553
-2600
-2749
-2894
-3100
-3344
-3486
-3587
-3589
-3478
-3315
-3127
-2864
-2562
-2224
-1884
-1631
-1373
-1131
-900
-752
-587
-533
-506
-489
-552
-622
-675
-661
-632
-454
-202
40
309
592
832
1065
1259
1372
1460
1455
1382
1242
1128
908
806
708
692
762
849
994
1157
1374
1582
1876
2140
2407
2663
2935
3145
3375
3554
3707
3800
3869
3949
3971
3988
3982
4006
4039
4122
4218
4341
4519
4657
4840
5014
5141
5229
5272
5271
5300
5347
5402
5428
5445
5465
5465
5435
5343
5250
5108
4966
4820
4663
4478
4324
4153
3989
3758
3440
3059
2521
2016
1519
1038
475
-135
-756
-1307
-1687
-1962
-2197
-2335
-2411
-2420
-2413
-2477
-2608
-2887
-3124
-3209
-3105
-2797
-2292
-1692
-1113
-544
-146
83
174
135
144
283
514
947
1525
2192
3001
3605
3831
3638
3082
2194
1120
163
-506
-647
-369
259
1055
1755
2211
2125
1281
-203
-1848
-3271
-4298
-4944
-5265
-5285
-5076
-4689
-4226
-3741
-3209
-2695
-2157
-1709
-1295
-957
-662
-392
-200
-29
109
180
285
340
368
402
449
493
551
600
578
598
588
560
527
493
438
448
499
606
777
1032
1368
1717
2103
2413
2560
2569
2420
2219
1944
1647
1322
813
146
-550
-1215
-1585
-1591
-1398
-1057
-727
-506
-495
-695
-1035
-1381
-1712
-2002
-2185
-2187
-2172
-2031
-1858
-1772
-1644
-1610
-1588
-1612
-1721
-1863
-2004
-2173
-2355
-2530
-2712
-2844
-2942
-2987
-3031
-3053
-3015
-2961
-2912
-2823
-2751
-2628
-2478
-2346
-2143
-1947
-1682
-1453
-1167
-859
-609
-316
-34
304
682
1066
1590
2126
2629
3222
3750
4259
4718
5171
5524
5782
5938
5847
5570
5172
4743
4196
3699
3201
2729
2426
2108
1842
1641
1483
1345
1234
1132
1066
1045
1018
1003
997
1014
1008
1030
1029
1026
1082
1066
1070
1066
1108
1128
1125
1107
1111
1140
1092
1109
1104
1155
1181
1253
1340
1395
1480
1484
1472
1434
1353
1233
1056
884
711
527
390
258
199
200
287
440
677
1017
1407
1857
2223
2541
2906
3182
3364
3478
3583
3617
3558
3536
3447
3382
3257
3119
2992
2875
2730
2579
2532
2504
2421
2341
2313
2271
2211
2123
2060
2050
2036
2120
2364
2689
3152
3682
4214
4652
4917
5011
4963
4826
4612
4313
3933
3561
3220
2871
2468
2151
1792
1457
1123
802
599
434
433
469
626
886
1225
1513
1848
2163
2419
2598
2690
2735
2637
2421
2139
1856
1487
1083
679
309
-31
-322
-600
-830
-1021
-1123
-1229
-1269
-1240
-1183
-1120
-1078
-1022
-972
-941
-949
-963
-1000
-987
-982
-959
-895
-849
-763
-613
-492
-398
-198
-64
96
213
326
421
490
504
487
474
392
351
280
230
144
59
6
-48
-147
-194
-225
-286
-335
-366
-426
-411
-411
-423
-394
-376
-312
-251
-141
-66
36
118
200
312
421
509
609
727
836
934
1030
1140
1145
1245
1283
1331
1346
1282
1210
1145
1089
990
840
705
607
502
376
285
185
53
-47
-174
-265
-390
-497
-580
-667
-739
-841
-873
-974
-1012
-1022
-1010
-1011
-955
-859
-772
-620
-421
-189
46
354
646
1023
1403
1748
2168
2561
2939
3302
3555
3654
3564
3301
2963
2568
2097
1569
1146
739
435
259
114
57
66
72
-4
-103
-257
-417
-598
-798
-987
-1104
-1166
-1232
-1225
-1118
-1030
-934
-839
-730
-606
-472
-269
-110
129
373
670
974
1277
1612
1919
2242
2549
2802
2978
3110
3151
3134
3067
2908
2715
2508
2361
2331
2386
2541
2728
2853
2861
2706
2323
1786
1188
525
-104
-593
-948
-1165
-1315
-1280
-1197
-1086
-908
-736
-577
-420
-234
-72
133
246
319
381
384
431
410
334
258
171
103
99
106
146
204
217
223
190
163
110
60
41
50
49
-123
-449
-1023
-1803
-2632
-3369
-3850
-4009
-3759
-3301
-2710
-2029
-1367
-768
-224
120
391
596
776
1004
1262
1659
2057
2519
3029
3479
3814
3867
3671
3181
2537
1864
1227
703
235
-73
-357
-612
-824
-1038
-1197
-1398
-1593
-1880
-2168
-2486
-2939
-3365
-3769
-4071
-4270
-4400
-4455
-4441
-4520
-4651
-4914
-5286
-5799
-6327
-6874
-7354
-7653
-7859
-7902
-7852
-7738
-7540
-7338
-7103
-6887
-6635
-6382
-6161
-5899
-5648
-5374
-5085
-4808
-4530
-4256
-3974
-3647
-3372
-3058
-2750
-2386
-2064
-1839
-1612
-1442
-1313
-1238
-1231
-1291
-1324
-1434
-1510
-1628
-1656
-1694
-1648
-1568
-1501
-1425
-1344
-1295
-1299
-1256
-1355
-1451
-1576
-1709
-1838
-1955
-2087
-2202
-2303
-2352
-2391
-2385
-2392
-2432
-2418
-2392
-2346
-2299
-2193
-2086
-1977
-1873
-1711
-1570
-1376
-1203
-1036
-847
-728
-624
-493
-387
-309
-236
-161
-71
4
69
156
252
333
406
473
537
535
590
621
611
631
607
606
609
620
645
652
683
695
691
710
712
733
756
806
815
851
898
974
1039
1146
1187
1272
1336
1426
1539
1585
1674
1733
1769
1809
1849
1816
1845
1822
1818
1810
1797
1786
1780
1754
1711
1713
1637
1603
1622
1565
1553
1472
1435
1402
1305
1268
1156
1068
977
871
781
665
553
448
345
236
173
114
12
-45
-110
-121
-154
-173
-139
-147
-151
-179
-135
-65
-49
-2
59
123
220
316
448
564
729
893
1108
1292
1473
1645
1850
2009
2116
2259
2367
2449
2535
2636
2687
2715
2765
2767
2750
2769
2727
2661
2608
2564
2507
2455
2357
2224
2126
2068
1965
1860
1767
1651
1545
1441
1358
1264
1162
1038
935
806
646
533
380
236
103
-13
-124
-292
-360
-457
-560
-617
-636
-636
-655
-658
-633
-584
-570
-537
-496
-498
-501
-447
-426
-399
-397
-340
-302
-256
-210
-203
-158
-82
-104
-87
-10
-10
9
77
121
183
275
274
398
474
539
599
710
773
830
916
970
1044
1078
1146
1131
1183
1169
1219
1262
1271
1260
1281
1297
1332
1353
1349
1367
1394
1443
1432
1467
1484
1533
1497
1477
1483
1470
1436
1444
1411
1393
1409
1368
1381
1319
1289
1292
1241
1209
1188
1170
1188
1160
1082
1028
1003
980
944
930
966
1007
1064
1204
1318
1543
1798
2014
2354
2652
2941
3237
3460
3618
3745
3799
3767
3727
3562
3344
3069
2804
2491
2078
1742
1433
1119
827
591
347
169
31
-142
-228
-308
-338
-331
-358
-332
-308
-273
-246
-212
-155
-125
-74
-72
-32
-7
15
38
55
55
79
116
92
117
103
105
62
55
43
22
-1
-9
9
-55
-59
-73
-84
-75
-120
-92
-61
-64
-49
-31
-45
-67
-34
-10
19
36
64
92
73
106
131
121
120
165
180
242
181
200
252
211
288
277
295
275
298
313
315
316
338
361
316
285
288
283
256
271
228
187
157
127
53
44
13
-50
-73
-74
-130
-162
-137
-173
-163
-205
-248
-252
-252
-241
-243
-289
-266
-290
-300
-316
-296
-333
-370
-401
-415
-428
-481
-465
-480
-521
-533
-544
-592
-614
-652
-657
-727
-778
-780
-813
-819
-831
-863
-905
-924
-930
-956
-952
-955
-974
-988
-979
-962
-1008
-936
-911
-910
-885
-871
-840
-802
-774
-749
-653
-630
-569
-509
-451
-396
-329
-266
-225
-140
-128
-102
-56
-29
-24
20
20
2
9
-3
19
29
33
40
32
46
53
62
58
40
67
15
44
76
65
77
33
37
67
74
115
167
175
303
412
513
621
768
918
1068
1224
1337
1486
1556
1637
1637
1640
1600
1552
1487
1364
1198
1008
887
728
599
473
352
227
122
-5
-120
-201
-280
-329
-374
-393
-387
-386
-379
-303
-260
-184
-117
-64
-5
45
49
33
37
10
-16
-50
-84
-132
-113
-178
-174
-138
-100
8
117
254
399
540
604
678
715
661
534
422
266
141
6
-72
-159
-214
-236
-258
-289
-309
-344
-394
-435
-538
-647
-715
-785
-911
-1055
-1134
-1255
-1406
-1529
-1640
-1730
-1855
-1969
-2057
-2106
-2150
-2209
-2220
-2227
-2244
-2211
-2118
-2090
-2105
-2027
-1923
-1850
-1758
-1699
-1617
-1516
-1433
-1300
-1224
-1080
-949
-838
-711
-626
-507
-426
-302
-203
-87
-5
56
147
228
327
426
484
545
639
707
724
795
807
866
948
922
995
1053
1103
1134
1177
1236
1285
1312
1317
1333
1368
1362
1362
1364
1360
1413
1438
1407
1404
1400
1389
1319
1340
1344
1244
1243
1198
1184
1154
1107
1091
1021
1020
967
960
943
877
883
834
786
755
729
676
667
617
564
525
481
443
406
380
348
298
258
208
123
70
39
6
-36
-112
-168
-188
-239
-280
-331
-357
-374
-416
-456
-473
-506
-554
-576
-579
-574
-604
-643
-690
-668
-692
-696
-671
-656
-656
-632
-620
-615
-593
-609
-579
-555
-533
-539
-493
-450
-432
-372
-354
-320
-268
-237
-226
-158
-147
-108
-89
-66
-21
1
59
80
124
190
191
222
247
248
262
257
297
309
300
288
340
377
361
372
402
403
411
396
413
414
424
450
413
432
429
413
427
412
377
378
374
373
381
347
315
320
301
261
229
201
209
194
176
172
130
88
57
77
71
15
8
-7
10
-9
-25
-36
-64
-67
-95
-99
-120
-164
-150
-165
-169
-212
-222
-206
-211
-211
-230
-208
-201
-213
-244
-256
-257
-259
-291
-286
-278
-332
-298
-292
-293
-309
-332
-312
-322
-295
-297
-304
-290
-331
-333
-315
-360
-365
-365
-367
-348
-377
-355
-344
-344
-358
-355
-332
-339
-336
-332
-306
-333
-323
-322
-320
-309
-273
-273
-284
-276
-283
-279
-271
-296
-275
-300
-296
-300
-348
-304
-302
-331
-328
-345
-343
-321
-338
-328
-313
-320
-327
-306
-299
-290
-281
-261
-284
-262
-261
-259
-253
-249
-239
-209
-204
-221
-221
-248
-209
-241
-201
-189
-169
-157
-151
-146
-149
-160
-141
-124
-118
-80
-112
-87
-90
-66
-34
-60
-48
-53
-92
-83
-22
-32
-44
-61
-65
-42
-47
-55
-68
-96
-78
-57
-89
-65
-80
-79
-36
-88
-97
-73
-102
-131
-113
-119
-116
-120
-90
-93
-71
-46
-59
-6
-26
14
18
20
46
51
37
28
46
25
59
64
104
103
168
166
172
244
207
233
237
241
236
267
286
280
300
328
333
379
383
383
425
394
395
401
399
431
431
449
467
485
505
501
497
491
496
518
505
519
517
517
529
527
506
515
520
490
504
525
548
530
552
549
534
536
518
501
483
508
505
505
473
462
467
486
498
512
478
510
476
423
433
426
429
411
399
370
367
355
385
346
341
355
344
355
354
355
352
343
348
339
307
316
313
307
319
317
299
274
293
287
273
240
215
221
241
254
229
249
251
223
202
220
219
233
245
232
231
204
174
169
201
247
240
201
189
191
189
188
211
208
183
201
186
168
175
116
155
137
121
94
96
96
136
122
62
73
98
63
59
49
28
52
70
77
76
70
46
80
45
45
46
-7
-24
23
-30
-37
-6
-12
-13
-24
-49
-59
-54
-70
-65
-83
-102
-78
-92
-67
-106
-127
-99
-140
-137
-105
-134
-165
-178
-208
-189
-181
-182
-222
-236
-183
-213
-213
-206
-195
-209
-202
-200
-206
-269
-266
-270
-260
-252
-280
-306
-288
-256
-296
-246
-246
-250
-262
-270
-286
-271
-283
-311
-292
-317
-302
-251
-244
-247
-264
-289
-267
-308
-279
-269
-262
-205
-216
-187
-247
-248
-219
-212
-249
-237
-185
-191
-164
-148
-156
-152
-143
-147
-118
-107
-103
-77
-59
-85
-94
-68
-17
-21
-19
-51
-44
-22
-12
-13
-22
-47
-10
-9
6
26
16
-8
3
7
22
24
18
26
2
-16
-29
-36
-79
-53
-61
-46
-34
-39
-43
-56
-65
-67
-69
-69
-70
-60
-53
-69
-51
-18
-39
-12
-11
-9
-12
-42
-34
-21
-62
-57
-66
-105
-61
-57
-85
-89
-88
-123
-91
-135
-138
-124
-92
-109
-120
-104
-118
-118
-115
-142
-161
-160
-170
-150
-166
-164
-158
-144
-139
-150
-152
-172
-137
-125
-149
-143
-171
-155
-142
-154
-147
-146
-169
-211
-166
-170
-174
-192
-158
-138
-173
-140
-142
-108
-125
-105
-99
-130
-133
-120
-78
-63
-47
-60
-39
3
-35
-40
-19
-11
-28
-21
-56
-102
-27
-28
-24
0
-18
-2
-50
-15
-6
-8
-19
-34
-21
-29
-14
-28
-49
-28
-41
-64
-34
-50
-67
-49
-53
-55
-62
-76
-74
-62
-93
-115
-106
-74
-90
-124
-103
-136
-114
-140
-126
-127
-155
-165
-180
-170
-198
-171
-186
-204
-220
-195
-183
-195
-190
-178
-169
-191
-179
-188
-181
-207
-204
-198
-217
-217
-229
-236
-251
-257
-248
-262
-275
-260
-275
-292
-287
-304
-264
-277
-259
-271
-265
-257
-269
-250
-242
-257
-299
-277
-246
-269
-272
-252
-270
-234
-245
-273
-259
-235
-242
-260
-224
-229
-248
-224
-222
-209
-194
-215
-196
-198
-169
-204
-182
-169
-153
-164
-185
-149
-136
-156
-206
-196
-224
-236
-221
-190
-214
-195
-211
-209
-230
-242
-256
-296
-272
-286
-263
-268
-302
-257
-263
-296
-265
-232
-253
-272
-233
-232
-240
-247
-255
-284
-242
-218
-221
-203
-214
-231
-244
-252
-283
-282
-252
-247
-272
-239
-255
-270
-247
-277
-261
-261
-292
-292
-286
-249
-288
-296
-267
-305
-256
-276
-263
-278
-284
-268
-293
-278
-271
-269
-285
-275
-246
-248
-237
-282
-281
-287
-299
-273
-264
-322
-320
-295
-305
-301
-312
-297
-287
-284
-317
-320
-324
-310
-291
-353
-318
-301
-329
-320
-334
-339
-340
-282
-279
-273
-263
-272
-241
-291
-313
-330
-303
-271
-300
-252
-250
-254
-281
-256
-252
-275
-244
-275
-312
-279
-255
-265
-256
-278
-277
-249
-278
-247
-220
-223
-260
-253
-232
-225
-220
-242
-226
-200
-185
-174
-182
-182
-190
-208
-166
-171
-197
-179
-187
-185
-177
-206
-183
-180
-206
-166
-189
-211
-195
-241
-234
-238
-223
-256
-252
-211
-236
-198
-202
-205
-199
-226
-216
-197
-180
-174
-194
-183
-197
-176
-174
-208
-238
-243
-230
-234
-236
-220
-220
-236
-227
-228
-246
-266
-268
-241
-260
-254
-235
-253
-250
-278
-297
-241
-276
-273
-257
-286
-267
-309
-267
-270
-233
-248
-281
-267
-266
-248
-293
-261
-229
-266
-266
-257
-265
-260
-278
-241
-287
-328
-312
-290
-294
-300
-274
-297
-308
-289
-303
-292
-307
-307
-281
-288
-305
-297
-319
-332
-286
-288
-315
-310
-291
-297
-316
-273
-298
-315
-296
-304
-279
-310
-296
-319
-329
-308
-251
-268
-259
-254
-261
-221
-260
-230
-267
-279
-264
-299
-275
-284
-300
-303
-309
-320
-336
-347
-345
-318
-310
-299
-300
-316
-317
-324
-288
-269
-307
-300
-270
-288
-294
-273
-307
-289
-301
-292
-307
-317
-324
-333
-304
-357
-298
-288
-294
-296
-297
-316
-324
-296
-317
-301
-308
-281
-240
-240
-242
-233
-228
-240
-233
-199
-196
-234
-264
-230
-240
-222
-250
-274
-231
-223
-195
-250
-255
-239
-272
-250
-246
-250
-267
-289
-271
-288
-292
-282
-286
-274
-270
-273
-278
-262
-266
-321
-294
-266
-290
-273
-304
-328
-320
-346
-339
-337
-301
-296
-326
-345
-353
-310
-294
-339
-271
-269
-313
-315
-278
-275
-294
-263
-309
-305
-329
-315
-335
-332
-358
-389
-356
-342
-360
-395
-403
-432
-466
-443
-415
-425
-404
-414
-389
-384
-394
-389
-404
-402
-394
-405
-393
-376
-381
-394
-415
-432
-459
-406
-401
-432
-414
-417
-449
-449
-444
-415
-425
-427
-463
-477
-451
-430
-406
-414
-387
-379
-354
-342
-319
-326
-298
-276
-290
-289
-321
-300
-368
-335
-365
-347
-326
-323
-329
-350
-298
-344
-347
-338
-310
-330
-317
-297
-302
-325
-312
-303
-314
-235
-265
-238
-229
-241
-219
-254
-240
-241
-231
-231
-249
-225
-246
-270
-250
-235
-268
-259
-253
-267
-217
-193
-236
-232
-229
-237
-247
-264
-267
-257
-227
-235
-269
-250
-243
-238
-217
-243
-245
-252
-236
-249
-275
-293
-305
-268
-260
-263
-290
-269
-309
-288
-249
-318
-277
-314
-347
-308
-320
-315
-322
-330
-345
-350
-326
-341
-317
-307
-296
-298
-317
-328
-303
-289
-303
-292
-301
-313
-325
-304
-279
-331
-352
-313
-341
-347
-361
-345
-362
-359
-349
-348
-352
-331
-280
-313
-321
-323
-318
-337
-327
-294
-266
-291
-284
-259
-266
-273
-264
-253
-259
-229
-256
-258
-226
-229
-218
-231
-257
-241
-276
-277
-246
-239
-200
-182
-187
-217
-170
-154
-191
-163
-191
-191
-190
-189
-155
-158
-136
-139
-163
-159
-171
-163
-201
-189
-171
-178
-175
-145
-156
-136
-138
-150
-154
-145
-138
-123
-108
-114
-163
-129
-139
-167
-132
-185
-175
-207
-190
-202
-186
-200
-214
-200
-223
-197
-248
-242
-270
-258
-271
-251
-217
-208
-225
-229
-264
-297
-301
-267
-295
-307
-297
-296
-286
-304
-289
-280
-315
-340
-330
-350
-312
-342
-311
-299
-294
-290
-296
-274
-294
-265
-289
-277
-253
-282
-276
-266
-260
-243
-218
-220
-228
-223
-217
-183
-180
-190
-189
-204
-182
-181
-130
-146
-137
-104
-136
-99
-110
-106
-143
-151
-103
-144
-130
-143
-139
-100
-90
-100
-88
-40
-66
-87
-78
-69
-85
-106
-66
-116
-88
-87
-124
-104
-114
-137
-113
-127
-131
-100
-114
-118
-112
-116
-115
-116
-119
-110
-114
-122
-154
-151
-155
-147
-177
-216
-196
-190
-165
-187
-176
-198
-213
-222
-262
-259
-223
-224
-216
-211
-217
-213
-219
-236
-201
-198
-246
-193
-223
-198
-195
-181
-198
-256
-244
-228
-216
-225
-232
-221
-256
-251
-235
-231
-222
-192
-202
-196
-204
-261
-167
-219
-208
-194
-189
-219
-219
-226
-265
-253
-223
-228
-240
-209
-207
-204
-220
-239
-254
-242
-230
-212
-195
-219
-220
-272
-255
-215
-229
-268
-247
-238
-252
-200
-211
-220
-229
-216
-173
-232
-204
-174
-180
-170
-200
-161
-139
-153
-149
-152
-133
-151
-173
-209
-233
-191
-189
-213
-206
-235
-205
-194
-183
-194
-204
-183
-178
-140
-169
-192
-176
-199
-199
-199
-213
-171
-206
-197
-187
-187
-182
-168
-149
-123
-161
-132
-133
-133
-151
-172
-137
-192
-167
-185
-184
-166
-158
-193
-172
-162
-169
-151
-167
-129
-129
-146
-113
-136
-130
-142
-149
-134
-167
-117
-165
-129
-111
-149
-121
-157
-142
-188
-215
-181
-171
-174
-149
-147
-157
-152
-150
-130
-148
-164
-104
-132
-112
-120
-125
-96
-132
-115
-94
-100
-92
-93
-145
-116
-156
-130
-143
-123
-131
-124
-101
-115
-121
-119
-84
-134
-128
-79
-70
-100
-89
-67
-69
-52
-41
-31
-25
-58
-42
-67
-33
-58
-54
-11
-51
-54
-36
-68
-87
-82
-58
-69
-87
-78
-95
-75
-46
-42
-63
-61
-64
-73
-80
-85
-102
-81
-69
-28
-39
-50
-71
-54
-34
-69
-56
-48
-85
-58
-39
-76
-53
-52
-18
-13
-42
-61
-16
-44
-34
-49
-47
-42
-102
-85
-85
-59
-75
-92
-82
-85
-68
-72
-30
-24
-32
-22
-30
10
0
-15
0
15
10
-18
6
-16
-50
-41
-32
-44
-27
-56
-34
-27
-44
-40
-66
-29
-47
-40
-13
-18
-20
-2
-17
-1
-35
-45
-51
-57
-61
-58
-8
-10
12
-6
2
17
-4
-27
-37
-54
-74
-58
-17
-5
-31
-41
6
9
-18
-15
-23
-15
-34
-25
-19
-13
-13
-33
2
-45
-38
-13
18
-44
-54
-42
-78
-59
-45
-65
-72
-59
-60
-67
-57
-37
-53
-3
-7
-32
-42
-20
-15
-36
-77
-35
-28
-26
-18
-54
-31
-12
-7
-4
-40
-59
-65
-48
-33
-13
-13
-7
-5
-40
-34
-35
-27
-66
-31
-36
-51
-45
-76
-44
-29
-33
1
20
-13
3
13
11
33
9
49
42
14
0
2
-13
30
39
66
80
81
93
89
85
109
118
117
132
117
135
93
94
122
115
106
119
101
85
43
43
46
59
35
36
50
62
60
75
64
44
56
45
55
80
113
61
91
89
50
66
43
66
62
59
43
83
83
72
84
67
59
14
41
30
35
-2
45
73
53
77
78
13
9
34
1
6
26
37
30
33
22
23
28
19
-5
-14
19
24
1
3
0
1
-13
-16
-14
-14
-14
-40
-24
-16
15
8
8
-9
-4
6
3
23
-8
-2
13
2
-16
11
-12
-38
-17
0
-4
1
43
33
52
38
20
-4
-39
-7
-19
-10
-43
-37
-12
-41
-27
-40
-52
-21
17
4
-1
-8
52
88
68
54
5
29
26
16
3
6
43
41
5
38
37
20
91
44
29
31
48
49
22
65
49
45
102
62
28
24
13
25
6
25
47
52
78
61
68
66
57
54
40
62
47
33
37
36
41
40
34
61
44
59
45
70
83
72
50
37
27
-18
63
26
9
39
59
41
31
39
32
30
42
41
66
36
61
78
33
20
42
32
-18
22
43
-6
-20
0
-29
-24
-28
-51
-21
-42
-49
-55
5
3
-32
-16
-23
-9
-41
8
-28
6
13
-1
6
5
32
21
35
24
12
40
34
-19
-25
-17
-9
14
-1
25
26
28
55
59
82
69
55
57
76
51
66
61
63
63
78
70
93
84
29
89
76
35
71
64
66
81
33
48
73
84
65
78
80
48
78
50
34
29
43
64
73
76
55
64
55
69
85
86
90
61
78
108
70
51
75
57
68
103
78
79
116
98
79
115
134
112
130
88
75
94
75
89
92
70
63
84
86
96
95
90
90
99
91
74
43
40
38
14
-1
37
51
-10
16
18
27
46
35
41
46
51
69
89
122
107
75
72
73
50
51
49
41
24
20
23
41
61
76
63
65
61
71
69
48
43
34
41
45
25
13
3
25
21
1
27
1
1
1
-30
-16
-42
-1
-9
-20
42
8
-2
-12
-23
-18
-12
-39
-57
-36
-12
-13
-25
-39
37
21
33
47
46
68
48
15
-13
-21
-20
-14
-37
0
-6
25
20
4
39
22
20
38
42
26
1
32
22
27
27
35
36
5
27
46
48
-11
22
23
-15
0
13
15
21
37
15
19
34
-3
-13
-12
-16
15
42
76
14
20
22
24
49
29
38
41
15
0
-3
7
9
22
16
21
68
65
33
22
15
18
40
30
18
41
19
-10
-21
3
-25
0
-8
-17
-22
-43
-4
-56
-80
-54
-60
-62
-30
-66
-60
-78
-60
-52
-62
-53
-41
-34
-33
-33
-30
-11
-63
-66
-81
-95
-99
-104
-78
-73
-39
-69
-81
-87
-103
-101
-86
-86
-84
-54
-90
-52
-35
-4
-5
-17
-21
-40
-64
-66
-96
-107
-48
-8
-20
-25
0
-27
7
7
-8
-17
-20
1
-14
0
21
-36
-47
-20
-41
-44
-37
-58
-13
-8
-31
-31
-24
-25
-18
-13
25
2
-19
-13
-19
8
-14
-41
-35
-7
-4
-16
-14
-5
-37
-27
-34
-26
17
-31
-13
-22
-56
-42
-31
-20
-28
-13
-72
-81
-53
-42
-83
-108
-105
-76
-114
-84
-64
-84
-89
-70
-29
-36
-50
-37
-46
-52
-62
-65
-74
-79
-41
-81
-100
-116
-57
-72
-45
-39
-62
-62
-36
-58
-59
-37
-58
-36
-67
-47
-96
-74
-121
-84
-128
-136
-131
-134
-87
-70
-64
-68
-76
-116
-72
-106
-109
-129
-120
-153
-174
-134
-137
-176
-148
-129
-152
-114
-90
-98
-82
-102
-124
-104
-102
-72
-52
-49
-66
-88
-49
-84
-62
-54
-66
-79
-92
-85
-91
-108
-83
-100
-83
-54
-37
21
-18
-24
-33
-18
-53
-42
-9
3
-19
-9
-8
-16
-17
-11
-10
-5
22
25
-6
-52
-39
-54
-67
-62
-82
-91
-64
-39
-44
-65
-49
-34
-58
-48
-37
-13
-48
-50
-92
-80
-70
-64
-55
-71
-50
-53
-76
-71
-53
-55
-52
-33
-55
-37
-53
-90
-54
-42
-43
-58
-29
-74
-90
-42
-67
-102
-71
-57
-61
-55
-52
-41
-5
5
-6
-44
-41
-22
-9
36
33
7
-8
-15
-26
-34
-25
-49
-25
-40
-51
-56
-27
-38
-49
-45
-19
-11
-26
-12
-20
-53
-37
-10
-29
17
3
-29
-65
-91
-83
-82
-82
-86
-99
-77
-73
-69
-88
-114
-131
-107
-111
-139
-137
-136
-94
-106
-127
-98
-97
-58
-66
-62
-68
-44
-37
-55
-30
-17
-20
-48
-31
-62
-72
-71
-29
-15
7
-16
-55
-82
-98
-97
-102
-42
-55
-72
-62
-52
-57
-27
-19
-12
-4
21
30
-17
-2
-49
-24
-45
-37
-54
-48
-32
-51
-41
-9
-50
-52
-28
-66
-58
-49
-37
-44
-49
-21
7
7
7
0
-18
5
-25
-33
-10
-13
-41
-65
-64
-33
-15
-31
-44
-58
-31
-51
-31
-63
-63
-63
-80
-60
-83
-50
-52
-24
-5
-39
-12
-33
-4
-21
-58
-52
-74
-37
-12
-43
-67
-52
-50
-47
-80
-93
-109
-119
-124
-160
-129
-133
-147
-114
-144
-126
-128
-129
-120
-81
-79
-89
-91
-84
-49
-91
-76
-100
-116
-63
-73
-131
-154
-147
-195
-202
-178
-221
-210
-220
-191
-178
-139
-132
-133
-134
-167
-116
-135
-150
-127
-144
-157
-173
-150
-115
-128
-146
-144
-131
-126
-153
-163
-194
-183
-176
-197
-206
-206
-256
-236
-202
-197
-206
-234
-215
-226
-193
-187
-155
-145
-150
-118
-117
-120
-91
-74
-147
-139
-120
-95
-127
-165
-95
-93
-90
-81
-90
-53
-88
-125
-80
-97
-92
-79
-103
-96
-51
-55
-52
-7
8
-8
-1
18
-16
4
8
-8
46
-5
19
36
25
-5
18
11
20
13
-15
-23
-6
-3
-46
-23
-36
-4
-11
-13
-17
6
47
10
17
13
-5
-20
-36
-38
-1
-8
-9
-4
-32
-8
42
-17
-8
12
-6
16
-8
-15
-5
30
22
21
19
27
-4
36
67
36
54
79
81
29
23
23
42
20
-6
13
5
22
40
18
34
39
19
27
33
38
16
-10
15
-1
3
24
16
19
31
-10
1
5
10
1
-30
40
-57
-32
-28
7
24
31
43
-4
48
29
19
22
14
32
47
11
34
20
26
36
6
5
10
13
21
49
45
54
16
-2
17
38
41
0
0
27
27
42
7
0
25
44
20
7
36
-2
30
19
-17
10
-9
-10
15
16
-1
-17
-2
59
48
43
30
13
53
97
73
103
91
91
135
122
113
115
127
121
104
101
129
143
148
135
112
111
48
84
103
79
93
128
123
147
159
141
164
152
142
107
121
112
112
120
94
126
155
115
91
75
79
93
66
67
48
56
67
93
74
80
75
61
52
39
38
27
43
27
58
33
17
28
46
19
-5
5
19
39
23
9
33
54
41
54
23
25
5
8
13
17
45
-18
0
23
0
37
24
11
3
-40
13
-24
-1
5
-28
21
10
-2
-9
5
-29
-13
-31
-53
-57
-55
-61
-81
-40
-50
-20
-22
-28
6
-50
-86
-58
-53
-35
-73
-83
-34
-46
-8
-3
30
23
16
-4
-20
-37
-48
-31
-64
-41
-41
-33
-10
-46
0
2
-29
-44
-42
-22
-44
-44
-52
-89
-80
-80
-78
-98
-97
-104
-128
-117
-95
-115
-130
-96
-88
-34
-64
-59
-42
-91
-69
-87
-85
-99
-80
-102
-104
-91
-103
-129
-103
-81
-106
-134
-123
-122
-115
-103
-117
-103
-108
-118
-150
-115
-132
-144
-138
-153
-204
-168
-142
-175
-192
-198
-184
-185
-208
-202
-172
-177
-160
-147
-145
-163
-159
-123
-130
-144
-93
-115
-144
-122
-160
-163
-147
-160
-146
-121
-142
-116
-133
-111
-97
-121
-136
-130
-103
-114
-94
-80
-85
-106
-109
-112
-128
-121
-85
-81
-71
-76
-108
-98
-45
-105
-82
-84
-77
-54
-86
-64
-84
-71
-73
-81
-57
-51
-76
-98
-79
-23
-65
-61
-6
0
0
21
2
-29
-55
-14
-50
-60
-22
-48
-24
-12
4
-27
-24
-55
-40
-56
-83
-73
-69
-49
-62
-41
-49
-51
-29
-27
19
-19
-6
11
22
26
30
37
30
-12
1
26
-22
7
-6
-3
-18
18
-3
-8
-40
-32
-23
-80
-68
-61
-60
-67
-74
-77
-30
-17
1
-21
-39
-44
-49
-26
-12
-30
-6
6
-10
8
7
3
29
-23
-11
-17
16
9
-23
-14
-35
-19
-10
27
7
17
19
27
31
38
45
30
75
73
39
44
56
63
78
46
29
28
20
42
26
14
0
34
22
28
3
12
31
1
53
88
87
99
91
96
47
58
28
4
-1
10
20
26
59
96
111
90
111
80
67
69
54
33
18
-17
21
13
28
48
48
14
-5
-6
11
69
57
55
77
83
72
77
73
93
95
94
106
76
113
88
90
119
74
82
81
118
139
145
144
133
166
155
128
127
130
162
149
134
189
128
126
110
124
118
94
119
127
124
133
119
100
112
140
117
158
162
149
146
112
81
91
96
70
76
70
57
56
53
18
-1
12
39
84
102
105
102
90
86
107
134
146
124
98
68
105
109
66
39
69
30
23
37
-8
-21
1
0
-20
-46
-19
-6
-50
-23
-8
-25
-9
-38
-87
-63
-56
-52
-64
-69
-75
-140
-101
-117
-103
-110
-94
-75
-104
-76
-108
-123
-86
-138
-87
-57
-98
-114
-130
-119
-107
-64
-57
-37
-47
-58
-32
-50
-44
-48
-40
-34
-32
3
18
-10
-17
23
-6
-20
-74
-74
-36
-36
-19
-9
-5
-30
-34
-62
-27
-32
-67
-22
-44
-24
-17
-18
-6
2
9
67
47
33
87
68
77
59
75
68
36
36
45
36
23
5
24
36
23
27
13
-22
-22
0
27
5
-42
-20
-8
7
0
21
24
38
24
24
76
55
70
57
24
2
-1
-27
15
-41
-58
-37
-25
4
12
23
7
41
28
67
75
42
62
21
9
-5
-6
-7
2
-1
-26
-15
17
-31
-22
-9
2
-9
17
30
-4
-13
36
19
-17
-9
26
27
2
41
30
-19
-15
10
-24
-28
-43
-12
-38
-62
-71
-25
-24
-4
-17
-1
21
-8
33
21
-4
-27
13
-43
-64
-33
-11
-57
-28
-19
-11
11
-8
-16
-37
-26
-42
0
25
-8
-20
-30
-41
-87
-81
-17
-15
6
-7
6
32
30
-16
-15
24
57
80
63
40
39
37
45
19
5
30
37
30
15
22
-11
6
4
-5
6
-6
14
63
67
68
53
83
115
112
99
84
113
118
109
92
106
79
103
99
50
92
109
100
70
80
86
105
124
66
40
66
42
44
16
22
8
4
33
75
62
63
73
30
24
-20
-6
-10
17
-16
-2
11
10
-20
6
-22
-8
-3
-10
-22
-4
12
26
30
11
42
13
18
33
6
4
43
35
33
19
44
26
27
-25
-25
20
12
20
19
50
32
35
35
3
8
17
11
20
65
20
34
56
37
52
59
43
37
42
18
43
34
40
78
82
87
99
128
73
66
105
103
80
104
100
63
89
77
74
92
56
80
99
89
120
93
100
71
97
119
94
87
71
100
121
70
109
85
77
63
43
66
92
62
85
114
108
99
64
60
89
83
64
73
70
104
63
96
86
103
61
42
83
39
81
110
83
90
85
33
54
4
48
21
-13
-26
-61
-39
-44
-19
-29
-31
-32
-22
-30
-10
31
39
12
59
52
81
45
-15
52
31
53
28
-8
-36
-12
-2
-58
-32
-52
-23
-22
-7
57
18
62
31
49
83
32
52
37
17
-6
5
3
28
46
34
24
-15
2
-26
-18
3
-27
-47
-47
-28
-12
-35
-14
-12
0
12
5
56
19
27
-6
39
45
17
7
40
71
67
82
59
37
35
33
15
-4
-32
-19
8
11
-10
31
56
9
1
11
35
24
2
0
-8
16
-5
11
8
28
36
32
39
37
11
12
4
4
23
10
22
-18
-24
2
23
-3
21
33
26
46
66
15
26
55
25
40
31
12
-10
6
-8
12
32
18
5
-2
-11
12
-23
3
1
35
16
-2
46
51
67
9
46
46
34
10
-12
-41
2
-36
-26
21
-7
27
17
50
17
6
-11
-29
2
25
27
32
41
40
54
51
50
43
