18
-19
9
44
53
66
64
36
50
73
38
61
35
25
25
17
13
-1
-20
8
-19
-7
52
60
40
20
51
43
21
-5
2
-60
-6
-16
-11
-6
-62
17
-34
-74
-31
-47
-58
-28
-33
-30
-34
0
2
-5
-29
-34
-20
-61
-33
-43
-35
20
19
31
39
45
21
32
9
22
30
12
20
29
28
20
21
35
78
32
39
24
33
64
31
21
9
48
65
64
63
65
29
43
52
43
86
73
71
93
112
120
109
107
72
83
91
81
68
86
91
75
86
94
38
23
39
69
77
52
69
36
25
47
65
31
36
13
11
44
7
16
14
9
1
-42
-30
-33
-20
-32
-25
-23
-34
-51
-13
-45
-78
-64
-58
-65
-64
-106
-119
-81
-91
-88
-98
-66
-97
-102
-90
-93
-66
-105
-127
-103
-82
-118
-74
-72
-63
-93
-105
-90
-116
-86
-102
-109
-96
-94
-119
-129
-89
-68
-115
-110
-118
-90
-126
-111
-134
-149
-132
-150
-136
-87
-50
-57
-75
-86
-47
-79
-92
-75
-57
-34
-43
-45
-20
-29
-30
3
-33
-76
-82
-36
-15
-12
-55
-71
-43
-77
-40
1
-24
6
-19
-10
9
-19
17
-42
-18
19
15
28
35
2
15
11
-21
-24
-37
-11
-39
-42
-45
-38
-21
4
-23
1
16
-9
30
-43
-13
-9
-78
-30
-12
-13
25
14
-12
6
-28
-33
19
-9
-15
12
-39
-40
-12
-20
-30
-25
-30
-54
-74
-72
-63
-81
-100
-146
-179
-128
-128
-148
-145
-148
-121
-149
-124
-166
-150
-119
-126
-137
-138
-165
-149
-117
-151
-123
-121
-91
-139
-121
-139
-133
-147
-145
-164
-137
-109
-182
-142
-168
-174
-146
-121
-119
-137
-140
-132
-136
-152
-99
-87
-101
-140
-137
-151
-137
-102
-115
-110
-121
-156
-164
-129
-134
-107
-137
-154
-158
-122
-118
-140
-101
-97
-96
-108
-84
-107
-93
-56
-76
-83
-80
-120
-131
-97
-88
-95
-114
-122
-126
-116
-137
-110
-98
-102
-125
-127
-85
-59
-80
-98
-109
-102
-57
-71
-80
-81
-64
-44
-110
-80
-67
-110
-104
-81
-94
-105
-92
-81
-82
-100
-101
-116
-109
-124
-122
-117
-135
-152
-84
-103
-104
-90
-112
-76
-96
-88
-112
-101
-3
-20
-41
-73
-72
-89
-95
-49
-67
-61
-96
-91
-67
-29
-76
-85
-65
-54
-68
-76
-57
-39
-53
-62
-43
-66
-75
-133
-89
-91
-111
-106
-113
-125
-117
-126
-70
-125
-108
-70
-114
-101
-107
-86
-84
-100
-116
-134
-138
-109
-117
-101
-82
-45
-95
-113
-87
-77
-80
-62
-73
-82
-45
-47
-43
-65
-94
-102
-78
-93
-69
-20
-70
-91
-109
-106
-83
-69
-78
-84
-54
-38
-80
-65
-103
-73
-45
-109
-89
-76
-100
-105
-67
-70
-77
-100
-133
-80
-73
-120
-95
-76
-99
-119
-89
-106
-113
-81
-99
-100
-102
-75
-114
-125
-37
-15
-149
-135
6
1
-84
-146
-50
-9
-30
-143
-187
-80
-36
-131
-231
-108
-29
-91
-154
-176
-96
-101
-157
-130
-180
-141
-108
-107
-111
-136
-94
-98
-100
-143
-129
-63
-76
-97
-100
-108
-42
-72
-112
-143
-74
-5
-81
-124
-90
-68
-64
-47
-125
-120
-82
-106
-76
-88
-93
-55
-105
-129
-135
-115
-115
-96
-125
-140
-101
-133
-129
-113
-132
-116
-100
-137
-136
-130
-102
-94
-114
-138
-142
-146
-126
-145
-112
-92
-104
-142
-166
-134
-145
-133
-111
-93
-136
-89
-156
-129
-97
-108
-72
-110
-108
-112
-93
-118
-137
-74
-102
-123
-130
-140
-136
-151
-106
-119
-117
-122
-127
-123
-141
-104
-112
-102
-89
-62
-64
-63
-57
-77
-84
-47
-72
-97
-40
-55
-54
-66
-76
-70
-43
-69
-70
-108
-72
-99
-76
-49
-73
-41
-82
-83
-103
-77
-82
-79
-104
-121
-121
-142
-107
-90
-107
-117
-105
-111
-165
-125
-117
-118
-114
-86
-92
-79
-86
-125
-118
-108
-136
-142
-140
-158
-78
-97
-151
-132
-129
-124
-157
-141
-135
-169
-113
-165
-177
-180
-184
-180
-166
-121
-153
-184
-181
-188
-173
-158
-148
-166
-173
-161
-189
-170
-212
-192
-166
-174
-168
-184
-157
-170
-190
-200
-168
-156
-220
-211
-224
-212
-196
-192
-163
-196
-221
-211
-217
-226
-213
-203
-231
-261
-240
-238
-229
-242
-265
-232
-269
-226
-219
-217
-196
-194
-181
-192
-147
-171
-199
-206
-171
-180
-185
-209
-176
-183
-185
-163
-136
-130
-124
-141
-154
-139
-152
-165
-150
-154
-182
-165
-187
-185
-177
-169
-159
-168
-169
-168
-151
-146
-148
-160
-126
-140
-155
-186
-153
-181
-186
-139
-175
-164
-127
-145
-171
-138
-178
-149
-142
-188
-180
-136
-134
-150
-148
-146
-134
-162
-115
-117
-107
-133
-124
-148
-169
-166
-166
-108
-114
-108
-106
-117
-103
-97
-147
-141
-130
-137
-134
-135
-160
-183
-118
-163
-184
-178
-130
-154
-182
-128
-168
-131
-123
-149
-120
-140
-141
-95
-103
-121
-94
-150
-135
-141
-166
-169
-166
-134
-131
-165
-179
-187
-129
-124
-104
-104
-140
-118
-123
-163
-144
-131
-154
-189
-143
-85
-143
-128
-175
-112
-136
-150
-137
-128
-158
-144
-107
-158
-139
-127
-127
-125
-108
-118
-107
-124
-99
-120
-81
-127
-112
-110
-120
-82
-93
-28
-80
-102
-91
-119
-108
-78
-108
-76
-87
-117
-96
-110
-84
-128
-115
-81
-104
-129
-124
-134
-97
-79
-99
-57
-129
-100
-87
-97
-154
-141
-117
-86
-101
-142
-102
-99
-97
-121
-99
-139
-131
-130
-115
-92
-107
-133
-107
-131
-110
-103
-88
-120
-148
-117
-133
-101
-112
-81
-122
-124
-92
-95
-77
-106
-88
-112
-92
-97
-99
-139
-138
-124
-67
-65
-65
-54
-44
-68
-114
-71
-107
-64
-51
-48
-91
-105
-96
-98
-112
-109
-70
-83
-64
-46
-66
-75
-57
-47
-93
-51
-44
-29
-18
-51
-42
-68
-42
-64
1
-54
-63
-36
-44
-35
-71
-37
-71
-85
-89
-37
-30
-65
-61
-80
-63
-71
-69
-41
-22
-48
-34
6
-6
-17
29
-7
-32
-45
-53
-65
-49
-41
-5
-5
8
0
-20
-21
-52
-22
-47
-75
-75
-51
-42
-25
-68
-40
-55
-57
-49
-39
-90
-94
-37
-46
-20
-6
6
-37
29
13
1
18
-10
-29
-27
-26
-45
-36
-55
-2
-40
-53
-30
-54
-70
-105
-69
-41
-45
-64
-72
-62
-95
-80
-58
-61
-17
-18
-78
-79
-84
-42
-75
-103
-85
-132
-128
-164
-180
-140
-119
-136
-134
-110
-101
-93
-69
-84
-132
-115
-113
-111
-119
-127
-123
-123
-115
-157
-129
-114
-105
-119
-140
-147
-158
-147
-171
-167
-162
-144
-164
-165
-148
-143
-121
-115
-96
-82
-113
-61
-48
-74
-73
-100
-77
-64
-82
-42
-48
-109
-78
-46
-87
-116
-56
-71
-80
-55
-56
-60
-30
-28
-47
-52
-40
-60
-75
-57
-72
-43
-13
-7
-25
-34
11
20
11
24
-15
-6
2
15
25
35
-3
-34
-30
-49
-14
27
28
-15
-2
9
5
-5
12
-6
-28
-35
-24
-44
-28
27
-29
-43
-22
-50
-65
-64
-62
-50
-37
-39
-36
-39
-45
-49
-62
-11
-60
-35
-32
-53
-42
-49
-30
-62
-37
-64
-66
-40
-65
-72
-30
-29
-37
-74
-81
-69
-58
-54
-93
-78
-61
-71
-67
-56
-32
-45
-55
-81
-108
-124
-98
-84
-94
-125
-106
-108
-123
-88
-111
-98
-91
-59
-105
-147
-118
-106
-78
-74
-92
-47
-42
-91
-51
-46
-94
-128
-87
-65
-69
-45
-42
-99
-91
-65
-93
-96
-96
-94
-95
-61
-100
-70
-42
-56
-36
-87
-103
-55
-89
-79
-43
-70
-61
-56
-57
-85
-75
-71
-85
-50
-48
-37
-66
-82
-65
-52
-38
-65
-51
-50
-32
-38
-44
-12
-35
-47
-16
13
-4
-5
-2
36
63
58
32
57
77
74
86
89
108
85
80
88
83
102
61
48
38
66
103
87
69
72
52
71
76
43
107
110
109
56
67
94
97
86
84
126
99
75
90
118
120
89
103
115
102
93
87
108
143
135
119
85
100
123
99
133
124
171
153
119
68
74
84
72
76
72
81
98
97
46
45
37
36
24
26
92
76
70
87
52
55
51
70
84
78
37
66
69
48
67
68
49
98
51
40
72
45
56
42
37
66
95
80
49
-2
-21
-38
-36
-6
-9
17
-19
8
-5
21
3
-10
-4
-3
32
33
15
20
18
-2
26
30
68
24
35
45
62
57
42
86
33
30
41
22
24
11
38
22
0
22
27
49
53
86
39
51
88
49
34
29
67
20
29
96
89
83
47
85
34
46
52
29
0
10
45
54
36
24
32
17
3
14
45
26
49
5
24
26
42
46
28
51
53
40
44
85
81
107
73
27
23
55
46
39
47
44
56
0
-11
-30
-39
-10
-26
21
58
33
9
14
59
-2
2
24
47
61
29
67
68
52
72
104
55
51
88
67
103
117
107
91
71
76
100
103
77
65
73
78
49
121
102
42
34
31
51
64
75
53
67
70
66
47
35
88
69
60
82
85
93
84
85
110
114
114
104
108
103
88
93
106
63
84
106
110
90
103
129
107
119
113
99
57
67
91
99
60
94
99
89
99
63
102
67
54
59
41
56
52
39
64
79
47
34
17
32
20
23
-25
-12
42
13
19
29
51
34
-14
-17
28
23
-8
21
46
17
20
20
-4
-46
-27
-24
34
20
16
-3
19
47
15
32
34
57
24
34
62
105
74
72
59
59
96
49
52
58
37
25
22
19
16
20
40
-24
-36
-22
-9
-4
-7
-15
-38
-65
-48
-13
-1
22
-1
-36
0
-9
-26
23
32
17
-14
-8
12
9
0
-19
2
22
-13
3
-3
-28
7
9
13
31
17
34
51
35
45
9
17
44
34
60
32
12
49
52
32
58
74
55
-4
32
63
63
7
43
71
36
55
26
46
91
112
80
63
69
74
82
86
109
111
104
106
103
111
107
133
101
127
178
123
106
88
121
143
181
164
96
100
123
122
104
122
142
125
120
120
135
144
158
178
166
136
133
161
162
169
165
155
112
147
139
118
131
145
121
126
98
113
136
111
128
89
86
113
80
100
66
72
95
65
68
113
93
54
94
61
51
54
53
37
40
19
28
25
36
37
10
6
2
15
11
-33
-12
-12
-35
31
-26
-21
-32
-24
-12
-21
-14
-21
-15
-25
-25
-14
-33
10
-10
-24
2
-20
-19
7
-39
-69
-46
-41
-18
7
-8
33
51
41
51
-32
5
23
3
28
37
3
11
61
49
3
76
118
102
80
53
90
81
103
64
86
89
82
56
60
82
89
114
73
120
121
89
87
154
130
150
177
150
164
177
182
152
145
134
116
126
156
149
155
90
120
121
91
97
106
101
108
122
87
136
157
113
135
104
56
68
100
76
94
120
114
83
96
132
64
34
18
-1
18
-9
-17
-16
-29
14
-33
-50
-57
-87
-87
-96
-62
-69
-54
-26
-54
-22
-47
-7
-35
-50
-54
-86
-80
-103
-92
-74
-108
-91
-96
-94
-36
-63
-65
-73
-105
-141
-78
-102
-115
-66
-98
-82
-112
-78
-71
-69
-59
-20
-6
-4
-54
3
-7
-10
16
2
23
-3
10
-3
-8
-3
1
-24
-15
-9
-42
-27
-13
-10
20
25
9
1
21
21
1
-4
-16
25
0
-29
-63
-41
-23
-36
-4
-22
-14
-40
-24
-8
-41
-23
15
-21
-33
-5
-12
-15
-44
-57
-39
-6
-8
-47
-7
-12
3
6
-8
-36
-15
-49
-41
-23
-13
2
-13
8
-17
-4
-1
29
10
26
16
34
42
19
-10
-25
-43
-13
-19
-40
4
-4
6
-7
0
-6
-20
-37
-30
-16
-18
-21
-26
-12
5
-16
25
37
14
1
-17
-38
-8
32
19
0
12
-15
11
-2
24
13
-19
2
5
36
14
13
5
5
-30
-19
-6
-50
-37
-57
-66
-50
-87
-21
-65
-76
-60
-58
-44
-42
-31
-58
-36
-22
-19
16
-30
-26
-6
-22
26
2
-10
-30
-12
17
36
29
9
22
9
24
-4
8
18
2
24
23
51
46
37
48
29
20
21
53
51
-3
32
33
-10
69
58
26
7
6
17
9
9
30
34
-6
8
-31
-33
-9
-36
9
35
20
31
-6
55
46
45
33
29
26
2
31
0
36
48
84
76
21
36
19
4
36
38
22
5
21
20
28
37
25
-29
-40
-19
-4
-17
-21
-20
16
26
28
80
36
8
37
17
28
35
35
1
36
29
18
-36
-20
2
-16
-10
-25
20
-20
15
-11
10
8
20
18
-14
17
5
47
8
7
2
42
66
37
23
14
31
-3
8
31
40
-9
32
27
5
-9
-24
11
39
34
1
11
5
14
16
-7
10
23
-8
21
35
12
-9
-15
-4
18
33
30
72
38
28
38
37
1
-11
3
-26
4
-1
-14
4
29
25
0
-14
3
19
-36
14
25
-17
22
-16
-34
-11
7
-37
2
-17
-28
-16
-35
-59
-39
-9
-31
-3
22
2
-54
-59
-61
-52
-66
-55
-52
-49
-64
-91
-98
-118
-70
-80
-80
-70
-116
-67
-71
-122
-115
-120
-117
-144
-142
-166
-151
-139
-150
-140
-172
-173
-154
-164
-144
-167
-177
-186
-181
-216
-187
-145
-175
-144
-159
-142
-160
-115
-140
-149
-150
-210
-208
-169
-173
-152
-162
-209
-155
-154
-159
-173
-210
-214
-193
-146
-179
-160
-157
-142
-161
-152
-174
-189
-150
-148
-138
-163
-164
-95
-148
-169
-115
-166
-137
-119
-88
-127
-148
-150
-144
-119
-117
-105
-133
-139
-117
-145
-149
-174
-162
-152
-174
-170
-174
-156
-124
-97
-103
-107
-104
-98
-115
-85
-75
-56
-63
-76
-81
-122
-80
-38
-62
-66
-48
-64
-80
-69
-52
-37
-52
-7
-2
-2
2
28
-3
-5
3
6
15
5
38
-4
-7
0
-15
-17
-8
11
23
-1
19
-27
-22
16
23
5
-3
25
-7
-2
-5
32
33
20
26
-1
35
21
12
24
8
-2
-22
-28
-46
-17
-57
-60
-27
-64
-77
-111
-100
-99
-75
-84
-78
-73
-75
-67
-104
-133
-111
-114
-115
-62
-93
-133
-110
-90
-120
-117
-109
-90
-104
-128
-134
-131
-104
-108
-121
-125
-125
-150
-117
-135
-135
-122
-130
-114
-134
-115
-124
-102
-81
-111
-50
-72
-50
-62
-82
-67
-72
-53
-111
-79
-64
-64
-92
-22
-11
-56
-35
-71
-63
-93
-52
-76
-102
-100
-101
-98
-73
-71
-74
-70
-86
-40
-48
-47
-94
-71
-44
-60
-41
-15
-39
-15
-37
-68
-67
-84
-70
-87
-97
-49
-96
-93
-41
-92
-103
-51
-49
-68
-53
-49
-83
-110
-86
-11
-51
-71
5
-47
-28
-35
-5
7
0
-5
-3
-32
-38
-46
-67
-61
-41
-28
-31
-27
-46
-22
-3
-26
-15
-53
-54
-59
-72
-10
9
-33
-12
-34
-32
-15
-32
-48
-28
-5
-10
8
-3
-20
-19
-28
9
18
16
17
-17
2
-8
-60
-47
-57
-53
-60
-52
-23
-20
-44
-3
9
-30
-10
-14
12
-16
-22
-34
-9
-22
-20
-3
-5
34
31
-30
-39
-4
-21
-15
-17
-20
20
10
-5
19
-11
-9
33
41
13
-5
17
-9
-2
-21
-35
-11
1
10
-1
-21
4
15
-40
-20
8
-1
-11
11
27
21
-2
22
15
7
19
-22
-15
-19
-39
-8
-32
-26
-14
-23
-65
-91
-84
-59
-60
-68
-57
-107
-79
-110
-75
-93
-121
-133
-100
-105
-115
-109
-126
-121
-127
-119
-150
-127
-119
-126
-143
-158
-152
-156
-140
-104
-154
-122
-95
-109
-140
-147
-168
-124
-110
-140
-151
-164
-161
-140
-126
-159
-147
-102
-96
-73
-76
-91
-60
-97
-93
-77
-74
-99
-95
-80
-144
-115
-94
-107
-103
-104
-75
-108
-93
-125
-120
-71
-71
-69
-90
-19
-40
-27
26
-1
-10
-16
-6
0
5
-23
23
68
42
20
30
47
35
77
86
24
29
98
72
53
55
75
84
51
78
56
59
60
84
62
29
46
69
98
69
19
37
40
22
74
129
99
129
114
102
112
124
136
87
151
180
155
113
91
91
76
41
63
59
57
95
97
55
82
93
69
92
87
84
103
87
108
82
38
54
32
51
49
-9
19
53
14
-1
31
15
-20
20
34
25
1
-26
-58
-50
-19
-78
-68
-51
-47
-46
-34
-78
-65
-59
-55
-69
-69
-35
-101
-92
-41
-77
-93
-93
-97
-82
-77
-79
-51
-93
-101
-56
-78
-108
-83
-49
-89
-103
-86
-108
-60
-46
-111
-104
-79
-32
-31
-57
-70
-90
19
-37
-41
3
-26
-19
-3
-9
-9
0
-48
-36
-58
-18
31
-3
-15
0
23
-10
4
-5
3
-27
-12
-6
-41
-13
-34
-30
-9
-35
25
-13
-53
-28
-30
-7
-43
-30
-43
13
5
-11
22
-28
-13
-2
14
-2
14
21
41
43
10
17
4
18
31
-9
4
-9
-10
12
16
20
20
26
0
16
-33
-4
20
5
-14
6
-31
11
50
44
46
49
25
7
35
46
57
15
32
55
55
54
59
92
104
35
62
63
82
86
88
91
72
90
39
40
104
73
77
68
40
74
84
89
60
66
59
46
53
22
-4
-14
-2
10
24
-5
8
23
14
11
8
3
-10
-4
-4
2
-25
-8
-8
-10
-18
-68
-34
-28
-18
-2
7
22
22
48
24
-16
-29
-26
-18
-3
-27
-24
-38
-82
-57
-52
-39
-19
16
-10
1
-36
-41
-24
-68
-93
-87
-68
-78
-101
-122
-96
-101
-120
-60
-102
-90
-81
-108
-96
-76
-65
-62
-89
-110
-82
-69
-24
-50
-37
-58
-65
-50
-40
-6
3
-28
-40
-49
-28
-7
-69
-37
-69
-71
-66
-50
-86
-77
-66
-21
-59
-84
-35
-33
-19
-29
-13
-19
-35
-60
-44
-41
-57
-36
-55
-75
-80
-72
-70
-88
-94
-76
-64
-108
-60
-67
-81
-38
-48
-85
-107
-68
-61
-104
-82
-112
-73
-97
-77
-77
-83
-62
-71
-36
-49
-48
-42
-99
-74
-106
-107
-52
-80
-51
-78
-78
-55
-61
-86
-95
-120
-109
-54
-70
-76
-76
-60
-55
-52
-47
-53
-45
-82
-35
-43
-63
-62
-53
-39
-88
-101
-69
-42
-40
-58
-61
-76
-36
-50
-22
-47
-63
-7
-3
4
-26
-4
-18
-9
5
-11
-44
-27
-12
-5
10
-45
1
-3
29
20
-26
17
14
47
65
40
-2
-8
-13
14
-9
-16
7
35
32
36
9
32
46
45
53
16
51
49
54
53
78
60
46
63
51
87
36
20
30
17
45
43
33
24
28
31
-10
-17
19
-14
5
-8
1
-19
5
4
-51
-11
8
-15
-24
27
0
-7
-36
-21
-16
-56
-47
-32
-78
-43
-33
-79
-82
-59
-31
-55
-57
-53
-41
-56
-43
-25
-24
-40
-54
-27
-24
-30
-34
-19
-2
-33
-31
13
12
0
-26
2
-20
-10
-41
-42
-3
1
-31
-54
-15
-28
-31
-25
-18
15
-4
-24
-25
-12
-5
-30
-39
9
2
21
7
0
27
41
41
26
44
22
20
33
3
39
75
53
73
58
50
82
60
70
51
52
48
40
46
48
63
66
61
29
43
16
45
24
52
38
37
59
23
50
59
50
37
22
45
24
-28
23
19
-1
-27
-16
-16
3
3
28
46
71
74
37
80
52
62
72
56
69
105
76
27
31
1
25
1
-2
-8
1
7
-24
4
-36
2
-22
-35
-38
-14
-43
-16
6
-7
3
-56
-27
-16
-35
-81
-105
-55
-40
-18
-23
-52
-33
-33
-14
-23
-59
-55
-47
-27
-27
-101
-96
-48
-39
-17
-49
-5
-20
-44
-9
-7
-13
-11
-15
-9
-8
-23
-3
-25
-10
-11
10
21
7
-31
-35
-8
-66
-56
-74
-68
-96
-36
-56
-106
-70
-76
-52
-22
-53
-70
-27
-45
-40
1
-10
0
3
13
5
-50
-28
-47
-42
-45
-31
10
-3
32
18
4
6
32
-35
40
58
36
51
26
38
22
42
28
13
25
40
23
41
72
20
44
33
42
4
12
3
8
33
55
51
-12
44
1
30
11
26
31
18
1
20
14
-34
-26
10
-12
-5
6
-13
23
-39
-31
-16
-22
-13
-20
-1
1
-53
-45
-25
-20
6
-15
-20
-29
-55
-17
-10
-91
-49
-47
-37
-15
-37
-50
-40
-11
-7
17
-12
-27
-30
-24
-49
-24
-27
1
-10
-27
23
28
-19
-32
-35
-28
-6
-15
-7
-31
-6
24
7
27
27
37
20
28
28
32
53
27
-4
25
39
29
24
10
-12
-15
24
9
17
39
12
-14
-7
-30
-47
-1
20
13
-25
-4
-24
-21
-5
-26
-15
-52
-34
-32
2
-23
-2
42
-15
-4
-4
7
37
-2
18
7
46
26
23
17
45
26
-10
31
40
14
27
58
27
69
56
9
34
64
85
54
18
29
66
28
28
46
65
44
48
60
9
48
29
36
43
11
31
18
15
45
23
47
80
9
34
17
44
7
25
-26
-53
-18
-49
8
-51
-17
-23
2
-9
-23
-6
-11
12
17
6
-49
-6
7
12
50
18
36
6
-17
25
-45
-21
-24
-1
32
-32
-16
-6
25
28
33
59
55
35
11
5
3
27
-5
15
28
24
31
34
53
-5
-4
11
9
15
29
6
-8
13
-14
-14
-16
-3
-22
16
20
-29
-23
-47
2
-2
20
6
40
37
23
35
54
87
48
30
55
14
55
89
53
57
60
77
71
59
45
54
124
92
43
95
69
76
65
85
73
66
64
73
68
56
104
95
52
35
35
28
44
44
9
27
35
6
55
13
24
8
16
12
29
56
-5
-28
3
31
-7
-29
-49
-13
-47
-65
-54
-22
-12
-3
-39
-15
-7
-49
-2
-17
-21
-24
-24
-27
-33
-13
0
-43
-26
-7
-18
19
37
-10
-7
-11
-19
1
-14
-39
-19
-6
-6
-19
-42
-60
-2
9
-11
16
-6
6
0
31
38
17
44
8
4
45
64
40
21
63
37
26
71
59
92
97
72
84
66
28
59
47
31
67
136
91
60
59
73
80
88
85
78
82
65
29
8
41
58
44
41
24
49
56
39
71
96
77
52
47
63
69
71
89
92
87
78
68
66
77
55
69
77
47
53
41
73
82
90
102
87
74
81
58
44
104
88
119
95
62
80
69
86
108
70
77
82
77
81
47
59
73
61
59
23
22
56
47
61
37
31
51
66
67
49
17
46
35
21
58
62
60
45
56
45
58
42
57
21
-17
22
-1
35
34
34
0
-30
29
0
43
0
-24
-9
-17
13
28
28
20
53
62
14
23
58
-11
5
-3
0
20
-6
-33
-14
21
-48
-6
5
-31
-23
-30
-1
-15
-18
-1
39
34
35
76
12
79
53
41
44
3
16
-45
22
15
30
52
37
60
41
31
28
21
33
20
23
5
29
30
31
-2
22
24
-12
32
51
54
17
7
25
56
30
27
26
17
69
47
22
59
38
16
36
40
9
3
8
14
-7
-17
-19
2
47
55
8
26
46
-4
6
-15
-32
-11
-16
-10
-40
-24
-15
-50
-35
-15
-63
-104
-71
-43
-36
-100
-78
-70
-53
-21
-26
-35
-46
-47
-63
-41
-35
-52
-42
-64
-40
-33
-35
-11
6
-8
-13
-37
-5
-10
-44
-37
-21
-7
-29
-24
-38
-24
-2
-46
-11
-11
-19
11
-6
-11
12
15
-42
-57
-55
-60
-35
-26
-24
-18
-51
-17
-41
-57
-64
-91
-18
-26
-65
-91
-50
-35
-12
-17
-32
-52
-37
-67
-72
-53
-77
-48
-37
-66
-18
-25
-72
-48
-57
-75
-62
-75
-105
-75
-83
-45
-70
-65
-67
-92
-113
-82
-84
-88
-42
-101
-118
-81
-110
-69
-72
-87
-93
-64
-51
-68
-37
-34
-67
-79
-55
-42
-29
-41
-14
-20
-15
-23
28
-34
-11
-11
-10
-11
7
16
-20
-4
7
-21
0
27
-12
7
-12
4
-3
-6
9
16
-17
4
-8
-53
-13
-22
5
-32
-53
-69
-20
6
-25
-7
-12
-24
-21
-22
-21
11
12
-1
36
-12
-18
-7
-27
-9
-11
0
11
-15
32
16
-44
-15
-3
22
-37
1
2
-10
30
-11
-3
-24
1
-17
-40
-31
0
2
-54
-53
-31
-17
-47
-15
-45
-60
-45
-75
-65
-84
-88
-90
-100
-65
-76
-67
-75
-79
-84
-42
-50
-59
-27
-55
-41
0
-3
-16
-11
-9
20
8
22
31
42
30
29
62
31
19
41
34
38
47
47
56
53
77
19
43
24
50
49
28
37
47
25
30
20
1
51
43
40
30
34
20
29
26
73
50
41
18
54
39
16
88
86
88
82
86
88
72
55
20
27
2
30
55
45
15
-18
16
21
-12
-39
-12
-39
-3
0
-23
-12
32
29
-15
1
3
10
-17
-23
-1
5
-16
1
-4
-8
11
28
-4
-32
8
-24
-7
-3
-71
-35
-61
-20
-16
-18
-25
-44
-28
-43
-33
-51
-38
-27
-8
-54
-45
-39
-53
-44
-66
-110
-78
-82
-91
-39
-62
-51
-106
-88
-78
-95
-122
-142
-100
-78
-50
-29
-27
-43
-43
-31
-40
-26
-60
-45
-8
-56
4
-3
-63
-50
-54
-57
-62
-88
-58
-70
-57
-78
-47
-41
-45
21
-1
2
-38
-50
21
-4
-27
-2
-11
-19
13
23
-27
-7
17
-7
-20
26
-21
5
0
0
-4
12
6
4
-10
17
26
-27
20
9
16
8
29
39
31
26
51
97
46
80
85
74
100
99
92
56
83
44
30
40
39
56
49
40
14
42
-15
-8
-9
-25
6
9
31
-2
4
-54
0
-15
-27
-6
-40
-24
-41
-54
-19
-31
-17
-27
-56
-20
-47
-44
-47
-60
0
-32
-45
-36
-47
-23
-21
-31
-38
-58
-24
-35
-27
-1
-24
-30
-16
-9
-48
-89
-60
-75
-45
-50
-77
-82
-78
-28
-44
-47
-53
-31
-46
-43
-40
-49
-61
-38
-29
-52
-61
-77
-24
-25
-89
-66
-105
-92
-77
-111
-97
-92
-41
-73
-111
-109
-115
-145
-149
-123
-155
-129
-154
-156
-180
-195
-179
-178
-192
-220
-230
-290
-309
-381
-376
-440
-482
-662
-1231
-1595
-2479
-3234
-4123
-5315
-6117
-7569
-8452
-9116
-9862
-9812
-10147
-9809
-9098
-8391
-7036
-5941
-4625
-3146
-1992
-611
464
1445
2460
2874
3627
4039
4576
5173
5532
6213
6611
7257
7991
8618
9415
9897
10349
10671
10677
10574
10108
9372
8278
7110
5703
4210
2560
1000
-336
-1850
-3008
-3950
-4681
-5098
-5538
-5609
-5517
-5444
-5234
-5037
-4754
-4639
-4486
-4212
-4093
-3874
-3627
-3307
-2689
-2296
-1539
-643
255
1223
2138
3215
4100
4838
5526
5984
6137
6160
6083
5720
5173
4589
3937
3276
2496
1822
1191
607
92
-414
-767
-1163
-1555
-1939
-2359
-2858
-3345
-4525
-5967
-7043
-7965
-8580
-10085
-11396
-11830
-12220
-11861
-11919
-11695
-10726
-10043
-8734
-7545
-6419
-4875
-4149
-3353
-2558
-1863
-728
-282
39
457
1020
2251
3201
4073
4995
6067
7725
9067
10305
11587
12669
13629
14095
14647
15250
15432
15194
14657
13976
13307
12640
11672
10058
7899
6108
4798
3348
1140
-1234
-2971
-4405
-5924
-7464
-8710
-9368
-10173
-10971
-11460
-11421
-10726
-10427
-10591
-10433
-9536
-8157
-7236
-6827
-6046
-4662
-3251
-2173
-973
495
1940
2957
3981
5317
6699
7760
8333
8587
9001
9424
9699
9481
8809
8091
7433
6824
5904
4889
3806
2622
1553
597
-352
-1147
-2134
-3022
-3957
-4784
-5234
-5656
-6159
-6877
-7474
-7654
-8120
-9350
-10130
-10724
-10841
-11477
-12496
-12494
-12473
-11969
-11543
-11308
-10069
-9046
-7751
-6455
-5461
-3905
-2730
-1845
-970
-379
511
1321
1554
1998
2368
3250
4170
4799
5611
6411
7669
8883
9790
10687
11597
12432
12839
13023
13301
13486
13249
12706
12006
11198
10320
9337
8156
6611
4941
3714
2494
984
-635
-2001
-2990
-4165
-5338
-6189
-6822
-7374
-7957
-8329
-8481
-8444
-8211
-8131
-7963
-7599
-6874
-5937
-5369
-4689
-3689
-2574
-1622
-752
339
1544
2526
3200
4016
4885
5573
6064
6326
6476
6625
6636
6564
6220
5638
5121
4514
3785
2908
2075
1232
179
-1003
-2097
-3937
-5485
-6920
-8274
-9550
-11859
-13103
-14091
-15087
-15269
-16183
-15936
-15427
-15239
-13905
-12959
-11530
-9904
-8941
-7410
-5879
-4493
-2667
-1686
-522
799
2049
3688
4811
6077
7259
8607
10083
11275
12555
13667
14624
15375
15866
16500
17077
17121
16660
16388
16044
15675
15063
13883
12842
11265
9900
8588
6517
4637
2469
295
-1618
-3984
-5695
-7294
-9055
-10484
-11724
-12167
-12412
-12720
-12681
-12473
-11959
-11049
-10114
-9065
-8284
-7273
-6052
-4972
-3826
-2677
-1411
-304
688
1894
3310
4598
5678
6625
7602
8558
9292
9819
10163
9965
9711
9242
8408
7551
6234
4916
3380
1635
-159
-1928
-3610
-5625
-7352
-9289
-10894
-12265
-13821
-14732
-15996
-16824
-17144
-17585
-17442
-17230
-16864
-15899
-15089
-13990
-12400
-11061
-9391
-7815
-6106
-4123
-2364
-525
1174
2822
4402
5913
7529
8820
10048
11185
12174
13119
13872
14608
15277
15813
16204
16683
16925
17146
17382
17146
17196
16914
16390
16091
14907
13739
12206
10330
8472
5941
3322
850
-1892
-4514
-7019
-9240
-10845
-12476
-13644
-14263
-14529
-14222
-13944
-13438
-12580
-11549
-10396
-9548
-8587
-7455
-6469
-5479
-4664
-3598
-2372
-1150
1
1303
2807
4516
6102
7423
9016
10261
11399
12253
12563
12872
12750
12211
11417
10215
9018
7495
5671
3862
1992
273
-1617
-3445
-6373
-8870
-10739
-12587
-14097
-17022
-18820
-19934
-21075
-21149
-21891
-21682
-20747
-20262
-18680
-17038
-15071
-12636
-11125
-9302
-7096
-4993
-2583
-1164
132
1853
3400
5345
6754
8201
9528
10799
12537
13770
15154
16389
17266
17946
18246
18802
19492
19452
18847
18403
17951
17804
17272
16319
15544
14217
12848
11550
9844
8033
5639
2918
342
-2424
-4925
-7177
-9696
-12017
-13902
-15001
-15665
-16112
-16156
-15885
-15235
-14381
-13125
-11562
-10264
-9131
-7966
-6690
-5326
-4001
-2823
-1614
-582
513
2048
3518
5025
6466
7758
9206
10488
11705
12825
13368
13518
13435
13077
12497
11497
9893
8114
6034
3843
1792
-634
-3408
-6640
-9485
-11695
-13851
-16017
-18292
-20001
-21064
-21821
-21963
-21893
-21609
-20823
-20069
-18773
-17035
-15376
-13610
-12269
-10836
-8769
-6764
-4765
-3080
-1600
333
2310
4324
6395
8180
9854
11454
13016
14541
15870
16838
17537
17847
18084
18438
18570
18501
18025
17667
17449
17165
17036
16707
16471
16083
15026
14303
12963
11524
9776
7122
4546
1444
-1462
-4073
-7134
-9909
-12336
-14287
-15424
-16364
-16773
-16434
-16075
-15260
-14094
-12845
-11200
-9828
-8579
-7470
-6484
-5310
-4244
-3341
-2664
-1823
-645
638
1980
3493
5191
6813
8453
9915
11513
12808
13625
14128
14037
13680
12822
11548
9673
7225
4407
1486
-1347
-4503
-7420
-10379
-13103
-15255
-17161
-18433
-19335
-20081
-20429
-20403
-20144
-19455
-18873
-18167
-17391
-16699
-15523
-14426
-13332
-11993
-10680
-8919
-7062
-4993
-2671
-457
1893
4238
6646
8938
11042
12765
14145
15272
16130
16879
17133
17150
17069
16772
16687
16459
16249
16385
16290
16477
16703
16892
17338
17462
17401
16929
15918
14375
12721
10507
7751
4564
885
-2330
-5509
-8617
-11258
-13718
-15335
-16157
-16660
-16642
-16035
-15037
-13715
-12633
-11602
-10068
-8614
-7576
-7122
-6672
-5944
-5173
-4561
-4174
-3237
-1935
-602
1020
2691
4820
7147
9004
10669
12299
13752
14921
15086
14627
13953
12940
11392
9290
6947
4508
1485
-2202
-5295
-7865
-9982
-12576
-15539
-17480
-18671
-19245
-19882
-20672
-20656
-20480
-20136
-19530
-18930
-18006
-17091
-16659
-15920
-14673
-13035
-11314
-10092
-8591
-6493
-3988
-1283
1105
3306
5602
7875
10149
12032
13536
14952
15834
16141
16378
16630
16894
16655
15934
15685
15710
16050
16378
16325
16777
17192
17746
18383
18590
18903
18466
17303
15526
13441
11498
8945
5574
1398
-2379
-5290
-8094
-10821
-13403
-15034
-15797
-16211
-16336
-15656
-14555
-13267
-12265
-11678
-10358
-8872
-7790
-7426
-7495
-6956
-6023
-5234
-4839
-4155
-2765
-1157
578
2331
4684
7231
9303
10861
12265
13846
15213
15629
15054
14084
13035
11719
9741
7231
4818
1550
-1774
-4880
-7591
-9329
-12437
-15121
-17064
-18588
-18829
-19766
-20522
-20567
-20956
-20365
-19686
-19389
-18354
-17933
-17547
-16414
-15566
-13775
-12212
-11212
-9476
-7645
-5006
-2237
79
2362
4437
6848
9246
11264
12921
14011
14818
15171
15429
15778
15871
15487
14758
14320
14497
14857
15038
15278
15622
16171
16952
17782
18507
19030
19147
18999
18314
16978
15236
13259
10774
7676
4016
465
-2539
-5319
-8050
-10775
-12989
-14057
-14369
-14528
-14697
-14240
-13205
-12106
-11502
-10936
-9723
-8632
-8220
-8350
-8286
-7337
-6367
-5957
-5630
-4660
-2791
-868
796
2603
4907
7371
9319
10731
12160
13696
14787
14551
13535
12743
11995
10468
8224
5531
2733
-197
-3170
-5973
-8258
-10891
-13531
-15691
-17446
-18057
-18618
-19393
-19859
-20339
-19988
-19207
-18849
-18372
-17982
-17692
-16912
-16163
-15040
-13725
-12753
-11286
-9584
-7403
-4693
-2168
49
2090
4398
7082
9318
10930
11997
12913
13571
13829
14036
14085
13744
13080
12513
12401
12658
12794
13072
13453
14095
14994
16018
16994
17745
18229
18752
19008
19066
18454
17379
15544
13251
11199
8718
6074
2689
-538
-2942
-5267
-6971
-8804
-10155
-10922
-11474
-11811
-11706
-11192
-10820
-10537
-10736
-10507
-9915
-9299
-9094
-9319
-9050
-8333
-7330
-6429
-5510
-3940
-2202
-275
1494
3457
5690
7571
8955
9883
10892
11899
12389
11986
11052
10223
9163
7997
6225
3235
1061
-1426
-3647
-5646
-8928
-10712
-12775
-14805
-15932
-17626
-18106
-18399
-19465
-19629
-19451
-19090
-18212
-18462
-18247
-17344
-16694
-15327
-14636
-13676
-12052
-10644
-8800
-6832
-4639
-2383
-356
1664
3762
5920
7787
8997
9839
10484
10984
11675
11598
11165
11009
10458
10446
10113
9816
10306
10383
10744
11390
12045
13184
14409
14877
15811
16236
16860
17844
17721
17511
16825
15502
14507
12890
11228
9589
7172
5031
2959
1049
-588
-2263
-3716
-4987
-6362
-7321
-7966
-8369
-8643
-9368
-9837
-10076
-10114
-9803
-10032
-9976
-9842
-9404
-8609
-7882
-6964
-5569
-4455
-3222
-1779
-192
1724
3201
4217
5389
6413
7415
8234
8292
8470
8417
8216
7648
6770
5914
4686
2873
423
-1877
-3623
-5559
-8201
-11075
-13398
-14941
-16168
-17731
-18725
-19393
-19508
-19333
-19185
-18380
-17517
-16751
-16254
-15778
-14750
-13451
-12622
-12162
-11406
-10147
-8433
-6806
-5293
-3471
-1574
496
2524
4489
6271
7940
9011
9747
10339
10864
11152
10712
9970
9405
9201
9040
8770
8611
8968
9669
10729
11710
13089
14698
16103
17597
18412
19606
20587
20969
21370
20840
20002
18690
16682
15131
13173
10646
7945
5022
2886
1167
-979
-2794
-4439
-5637
-6249
-7437
-8268
-8707
-9177
-9610
-10794
-11488
-11385
-11440
-11730
-12418
-12494
-11533
-10647
-9771
-8792
-7304
-5173
-3341
-1479
565
2733
4846
6198
7142
8435
9557
10307
10316
9845
9770
9775
9403
8720
7943
7247
6703
5659
4687
3381
1196
-1130
-3880
-6198
-8532
-11750
-14743
-17558
-19817
-21188
-22414
-23264
-23429
-23297
-22299
-20886
-19365
-17478
-16035
-14676
-13285
-11841
-10319
-9253
-8508
-7762
-6839
-5400
-3935
-2331
-762
857
2871
5003
7114
8965
10400
11489
12123
12380
12613
12333
11440
10229
9093
8412
7878
7537
7426
7737
8544
9816
11313
13282
15148
16741
18292
19553
20760
21791
22149
22105
21517
20064
18436
16379
14468
12462
9494
6580
3929
1941
371
-1631
-3412
-4722
-5665
-6506
-7463
-8212
-8450
-9135
-10107
-11136
-11726
-11696
-11958
-12628
-13181
-13004
-12008
-11052
-10142
-8900
-7195
-5084
-3152
-1133
1158
3393
5147
6332
7371
8604
9629
10020
9784
9499
9416
9337
8897
8079
7420
6454
5308
4100
2687
1400
-598
-3209
-5503
-7871
-9875
-12092
-14810
-16958
-18805
-19994
-20749
-21525
-21768
-21616
-21226
-20432
-19428
-18182
-16840
-15917
-14862
-13563
-12049
-10613
-9429
-8302
-7027
-5374
-3631
-1859
-122
1454
3143
4805
6189
7502
8483
8980
9136
9070
8872
8769
8045
7385
6798
6402
6560
6578
6898
7344
8108
9179
10322
11628
12807
13973
15084
16084
17075
17990
18686
19349
19514
19111
18431
17257
16398
14991
12876
10322
7563
5338
3191
622
-1654
-3845
-5691
-7124
-8585
-9636
-10208
-10662
-11116
-11619
-11811
-11469
-11209
-11264
-11593
-11533
-10962
-10375
-9829
-9286
-8383
-7084
-5978
-4524
-2839
-975
912
2451
3942
5719
7371
8750
9507
9802
10296
10477
10308
9855
9148
8354
7455
6003
4649
2982
476
-1662
-4571
-6468
-8966
-11908
-13994
-16632
-17953
-19260
-20456
-20703
-21153
-20970
-20246
-19577
-18552
-17282
-16675
-15497
-14699
-13631
-12195
-11641
-10578
-9551
-8278
-6586
-4862
-2899
-965
967
3136
5196
7121
8644
9684
10444
10702
10702
10507
9719
8870
7710
6685
6074
5321
5018
5027
5303
6145
7171
8390
9775
11254
12501
13967
14836
16032
16698
17284
17765
17915
18175
17457
17109
16031
15450
14352
12338
10890
8524
7134
5155
2977
1243
-688
-2094
-3950
-5360
-6766
-7425
-8362
-9250
-10041
-10720
-10719
-11060
-11462
-11681
-11532
-10895
-10617
-9937
-9142
-7944
-6749
-5635
-4119
-2556
-809
666
2048
3495
5012
6320
7321
8149
8590
9145
9462
9353
9295
8469
7719
6577
5253
4066
2012
10
-2071
-4272
-6094
-8296
-10192
-11817
-13488
-14580
-15421
-16157
-16317
-16685
-16745
-16261
-16049
-15318
-14900
-14551
-13910
-13459
-12601
-11759
-11009
-10027
-8919
-7617
-5981
-4298
-2433
-633
1053
2952
4501
6014
7123
7770
8291
8417
8414
8149
7542
6954
6174
5481
5152
4770
4931
5192
5699
6633
7589
8863
10101
11354
12390
13506
14591
15566
16560
17155
18016
18746
19398
19641
19570
19326
18848
18346
16750
15334
13394
11374
9632
6931
4829
2370
-6
-2110
-4607
-6517
-7948
-9026
-9966
-10434
-10739
-10455
-10060
-10034
-10094
-10555
-10756
-10881
-11061
-10873
-10400
-9376
-8108
-6332
-4235
-2002
429
2532
4431
6200
7654
8820
9751
10293
10711
10927
10603
10013
8892
7558
6046
3972
1800
-614
-3010
-5345
-7586
-9634
-11378
-12896
-14218
-15351
-16158
-16747
-17231
-17492
-17867
-18050
-18061
-18167
-18129
-18260
-18245
-17912
-17599
-17121
-16360
-15497
-14239
-12827
-11227
-9214
-7174
-4977
-2831
-935
1081
2859
4267
5375
6056
6529
6717
6521
6162
5568
4902
4289
3704
3357
3242
3538
4052
4874
5680
6903
7972
9136
10386
11193
12467
13091
13912
14693
15298
16402
17177
18271
18573
18854
18862
18778
18946
17780
16922
15166
13631
12162
9779
7778
5369
3190
880
-1453
-3528
-5034
-6294
-7813
-8919
-9985
-10321
-10526
-11064
-11314
-11583
-11274
-10937
-10582
-10040
-9341
-8228
-7020
-5404
-3335
-1092
1113
2691
3838
4947
5845
6319
6698
6868
7363
8029
8391
8784
8874
8837
8667
8237
7296
5901
3805
1282
-937
-3416
-5490
-7739
-10347
-12567
-14910
-16539
-17672
-18321
-18447
-18164
-17850
-17319
-16554
-16015
-15377
-15027
-14693
-14184
-13645
-12902
-12057
-10935
-9710
-8179
-6539
-4705
-2723
-837
1136
2934
4553
5944
6955
7440
7615
7420
6911
6449
5582
4721
3882
3088
2802
2656
2926
3442
4111
5010
6128
7264
8590
9729
10751
11933
12754
13797
14601
15386
16277
17179
18342
18800
19368
19654
19880
20355
19574
18798
17105
15280
13683
11365
8998
6550
4038
1688
-663
-3007
-4736
-5995
-7276
-8356
-9531
-9902
-9851
-9949
-9932
-10051
-9660
-9458
-9467
-9515
-9308
-8624
-7698
-6455
-4829
-3117
-1213
365
1623
2816
3998
4764
5366
5659
6074
6950
7622
8193
8443
8156
7678
6565
4886
2831
295
-2151
-4680
-7172
-9328
-11137
-12926
-14384
-15780
-16678
-17175
-17624
-17934
-18232
-18354
-18283
-18243
-18235
-18121
-17944
-17718
-17275
-16812
-15988
-14880
-13566
-12168
-10431
-8349
-6188
-3810
-1601
573
2735
4574
6123
7378
8212
8769
8971
8886
8614
8208
7648
7101
6361
6098
5912
5922
6317
6651
7517
8323
9274
10225
11044
11916
12531
13066
13381
13857
14319
14930
15754
16447
17597
18099
18585
19207
19395
20045
19475
18756
17739
16295
15209
13015
10883
8605
6364
4379
2354
786
-666
-1573
-2724
-3516
-4047
-4112
-4065
-4601
-4670
-4982
-4522
-4061
-4040
-3817
-3826
-3665
-3761
-4262
-4819
-5339
-5566
-5345
-4495
-3252
-1690
-775
-89
583
1454
2948
4255
5442
6047
5932
5509
4369
2743
811
-1217
-3068
-5090
-6905
-8619
-10120
-11483
-12777
-14021
-14872
-15621
-16313
-16905
-17555
-17980
-18424
-18799
-19201
-19692
-19857
-19877
-19782
-19462
-18857
-17886
-16563
-15122
-13288
-11150
-8950
-6667
-4559
-2459
-471
1191
2438
3427
4064
4351
4384
4164
3836
3424
2979
2612
2411
2453
2680
3349
4214
5323
6510
7841
9273
10568
11915
13069
14016
14672
15217
15761
16202
16830
17480
18219
18513
18930
18833
19062
19142
18296
17723
15909
14843
13493
11563
9916
7575
5748
3851
1853
133
-1262
-2312
-3397
-4089
-4906
-4618
-4647
-4604
-4934
-5665
-5673
-6138
-6150
-6374
-6175
-5630
-5238
-4707
-4248
-3864
-3272
-2635
-1820
-406
1043
2299
3171
3183
3324
3215
3100
3245
3046
3077
3215
3092
2823
2053
1173
29
-1566
-3768
-5923
-7787
-9875
-11458
-13091
-14096
-14666
-15264
-15551
-15750
-15854
-15726
-15696
-15718
-15441
-15244
-14946
-14470
-14275
-13618
-12659
-11585
-10348
-8897
-7141
-5065
-2956
-923
1217
3271
5059
6558
7732
8546
8995
8860
8221
7361
6270
4948
3712
2231
1198
529
195
421
965
1717
2952
4234
5565
7053
8374
9790
11057
12134
13266
14200
15364
16377
17455
18127
18543
19039
18963
19544
18760
17893
16397
14528
13335
10940
8760
6027
3267
936
-1648
-3583
-5386
-6547
-7847
-8730
-9335
-9614
-9613
-10239
-10482
-10861
-10515
-10263
-9796
-8998
-8695
-8144
-7728
-7053
-5628
-4320
-3092
-2558
-2555
-2480
-2029
-1240
-69
1196
2631
4357
5694
6952
7693
7749
7443
6283
4739
3694
2262
992
-596
-2591
-3962
-6125
-8356
-10332
-12640
-13876
-15246
-16384
-16846
-17468
-17691
-17656
-17715
-17522
-17157
-17081
-16565
-16624
-16290
-15682
-15340
-14672
-14194
-13210
-11887
-10430
-8687
-6816
-4861
-2718
-775
1236
3118
4483
5850
6628
7239
7782
7696
7664
7300
6682
6331
5797
5553
5444
5350
5786
6488
7393
8538
9679
10907
12196
13106
14173
15027
15845
16551
16865
17454
18005
18228
18168
17885
17403
17359
16360
15442
14346
12819
12217
10564
9388
8003
6239
5182
3405
2116
712
-328
-1277
-2402
-3434
-4235
-4292
-4724
-4756
-5194
-5042
-4788
-4880
-4627
-4904
-4788
-5243
-5954
-6479
-7063
-7115
-7150
-6984
-6107
-4307
-1845
835
2785
3968
4750
4879
5051
5060
5067
5404
5486
5299
4776
4121
3241
2011
349
-1716
-3605
-5752
-7887
-10119
-12188
-13882
-15522
-16856
-17810
-18227
-18548
-18631
-18659
-18561
-18148
-17783
-17335
-16983
-16621
-16034
-15363
-14584
-13698
-12565
-11284
-9800
-8239
-6467
-4490
-2520
-664
1044
2633
4068
5176
5795
6201
6264
6002
5613
5072
4458
3871
3291
2965
2926
3204
3815
4514
5485
6482
7685
9009
10285
11397
12253
13101
14006
14779
15538
16265
16948
17825
17999
18383
18439
18766
18796
17791
16804
15163
13969
12446
10382
8431
5939
3803
1547
-437
-2219
-3696
-4861
-6273
-7465
-8989
-9713
-10743
-11732
-12834
-13799
-13956
-13968
-13404
-12826
-11964
-10900
-9873
-8906
-8043
-7130
-6089
-4925
-3584
-1827
123
1860
3338
4515
5943
7294
8229
8749
8793
8622
8363
7577
6514
5174
3919
2557
795
-1157
-2959
-4718
-6564
-8427
-10536
-12232
-13917
-15251
-16290
-17080
-17409
-17596
-17671
-17632
-17355
-16985
-16611
-16225
-15948
-15405
-14619
-13741
-12904
-11836
-10545
-9129
-7522
-5901
-4040
-2173
-450
1161
2638
3960
5152
5929
6489
6863
7046
7170
7049
6824
6689
6533
6609
6907
7329
8034
8884
9841
10861
11996
13155
14394
15493
16454
17364
18335
19156
19984
20770
21596
22266
22327
22368
21911
21892
21186
20034
18842
16939
15667
13702
11740
9904
7540
5649
3334
1403
-217
-1449
-2461
-3477
-4230
-4840
-4612
-4922
-4995
-5487
-5810
-5800
-6328
-6634
-7085
-7250
-7295
-7410
-7155
-6812
-6222
-5637
-5397
-5147
-4937
-4899
-4769
-3979
-2232
628
3666
6652
9033
9929
9494
7187
3942
865
-1947
-3509
-4820
-5622
-6153
-6489
-6691
-7266
-7784
-8427
-9034
-9914
-10594
-11375
-12132
-13175
-14948
-16866
-19245
-21104
-22657
-23689
-23990
-23966
-23129
-21944
-20557
-19034
-17251
-15465
-13539
-11572
-9604
-7473
-5513
-3614
-1726
85
1898
3299
4478
5282
5790
5990
5830
5506
4937
4292
3531
2970
2490
2366
2322
2566
3149
3794
4878
5924
7118
8305
9295
10590
11654
12680
13805
14877
16266
17090
17413
17837
17630
17831
17155
15930
14689
12660
11225
9420
7704
6076
4063
2264
218
-1400
-2579
-3138
-3951
-5004
-6112
-7443
-7464
-7628
-7541
-7571
-7541
-7556
-8274
-8669
-9242
-9322
-8843
-7770
-5824
-3401
-929
1162
2819
4053
5177
5839
6421
6951
7157
7805
8209
8600
8877
8537
8080
6718
5052
3374
1480
-201
-2432
-4561
-6617
-8362
-9950
-11510
-12791
-13936
-14833
-15804
-16339
-16826
-17117
-17306
-17773
-17791
-17946
-17759
-17503
-17369
-17062
-16734
-16072
-15344
-14406
-13472
-12220
-10891
-9472
-7841
-6147
-4359
-2744
-1195
299
1718
2921
3771
4422
4696
4904
4864
4610
4372
3973
3637
3418
3325
3519
3848
4334
4946
5619
6491
7278
8216
9111
9966
10947
11906
12910
13872
14902
16098
17492
18212
18825
18845
18768
18872
17586
16611
14557
12583
10777
8215
6304
3630
1230
-883
-2951
-4435
-5709
-6502
-7309
-8035
-8886
-9120
-9484
-10181
-10730
-11704
-11599
-11433
-10613
-9339
-8147
-6861
-6691
-7241
-6889
-5679
-4222
-2650
-1237
322
1925
3257
4474
5158
5860
6970
8221
9522
9653
8698
7182
4709
2063
-480
-2870
-4574
-6315
-7572
-8415
-9031
-9262
-9626
-10030
-10335
-10747
-11038
-11231
-11625
-11793
-12312
-13036
-13708
-14521
-14941
-15347
-15765
-15897
-15868
-15451
-14659
-13861
-12860
-11783
-10650
-9262
-8051
-6630
-5192
-3929
-2519
-1232
155
1494
2500
3334
3908
4329
4690
4871
4894
4900
4802
4942
5152
5580
6148
6777
7666
8634
9694
10894
12028
13071
14101
14928
15961
16765
17724
18693
19437
20502
20674
20933
20792
20267
20300
19070
18244
16505
14352
12648
10173
8477
6301
4230
2308
205
-1696
-3280
-4289
-5483
-6125
-6889
-7259
-7257
-7534
-7295
-7801
-7816
-7942
-8186
-8181
-8508
-8364
-8492
-8351
-8132
-8019
-7908
-7816
-7575
-6784
-5134
-3110
-699
1557
3446
5178
6067
6704
6669
5987
5367
4156
2829
1448
95
-924
-2091
-3415
-4575
-5618
-6574
-7509
-8784
-9841
-10927
-12024
-12748
-13520
-13871
-14281
-14577
-14633
-14579
-14123
-13589
-13107
-12583
-12125
-11602
-11077
-10716
-10442
-10150
-9775
-9184
-8497
-7606
-6376
-5327
-4091
-2841
-1575
-237
773
1601
2242
2762
3125
3457
3720
3915
4035
4186
4481
4747
5231
5755
6364
7114
7818
8667
9637
10517
11519
12416
13272
14499
15440
16559
17766
18850
20276
20795
21439
21371
21048
20838
19365
18332
16099
14174
12292
10142
8591
6183
4159
2000
-18
-1432
-2214
-2224
-2441
-2485
-3169
-3236
-3098
-3018
-2539
-2800
-2689
-3453
-4329
-5467
-6825
-7599
-8255
-8120
-7434
-6255
-4748
-3262
-1780
-324
1039
2170
3165
3581
3865
4116
3965
3977
3493
2946
2396
1561
525
-467
-1465
-2395
-3551
-5067
-6206
-7498
-8699
-9866
-11377
-12452
-13578
-14703
-15507
-16322
-16884
-17506
-17907
-18217
-18356
-18290
-18070
-17916
-17577
-16987
-16220
-15168
-14178
-12868
-11475
-10041
-8328
-6702
-4937
-3188
-1646
-93
1325
2614
3773
4583
5117
5602
5743
5889
5828
5669
5599
5402
5354
5487
5740
6222
6830
7444
8344
9283
10490
11591
12698
13865
14959
16255
17227
18286
19243
20030
20923
21418
21425
21316
20299
19364
17853
15760
13945
11063
8974
6648
4236
2247
-393
-2291
-4196
-5903
-7353
-8678
-9557
-10153
-10168
-10478
-10224
-10372
-10444
-10682
-11398
-11220
-10790
-9130
-8058
-8149
-9066
-10140
-9094
-6814
-4327
-2129
-966
-451
220
1067
1981
2988
3358
3725
3784
3738
4034
3997
4172
4219
4067
3701
3266
2771
2110
1283
-82
-1321
-2746
-4260
-5668
-7446
-8735
-10128
-11368
-12416
-13317
-13902
-14556
-14901
-15365
-15420
-15460
-15316
-15144
-14940
-14524
-14038
-13236
-12492
-11580
-10568
-9337
-7910
-6540
-4950
-3351
-1839
-342
1052
2299
3515
4465
5030
5553
5811
6006
6048
5897
5777
5627
5659
5844
6169
6704
7424
8315
9267
10268
11424
12453
13604
14557
15506
16449
17360
18218
18957
19836
20434
21261
21212
21273
20656
19426
18795
16570
14812
12140
9717
8549
6392
5620
4738
4319
3787
2107
575
-832
-1947
-3469
-4249
-5154
-5680
-6765
-8653
-9775
-11327
-11854
-11882
-10654
-8879
-8472
-7564
-6621
-5481
-4230
-3086
-1409
202
1622
2942
4040
4813
5594
5864
5790
5871
5519
5400
5095
4633
4409
3794
3058
2142
1297
509
-495
-1713
-2929
-4131
-5387
-6649
-8144
-9464
-10803
-11984
-13050
-14097
-14746
-15495
-16013
-16501
-16815
-16816
-16692
-16477
-16314
-15860
-15232
-14199
-13255
-12078
-10729
-9392
-7724
-6125
-4366
-2626
-1016
508
1845
3073
4174
5002
5475
5766
5836
5828
5662
5312
5022
4737
4567
4503
4613
4935
5421
6067
6793
7639
8627
9719
10869
12031
13186
14397
15573
16441
17008
17550
18093
18950
19354
19232
19158
18306
18000
17013
15787
14539
12021
10244
7910
5973
4151
1701
-204
-2204
-4260
-6300
-7601
-9666
-12333
-14774
-18638
-22880
-24331
-19205
-12423
-8004
-5987
-6136
-5753
-5315
-4397
-3210
-2041
-948
-1156
-1834
-2362
-2737
-2541
-1894
-1225
-756
-386
-511
-472
-617
-571
-57
323
1108
1537
1898
2027
1415
874
36
-790
-1640
-3137
-4309
-5572
-6813
-7863
-9063
-10008
-10765
-11795
-12534
-13150
-13914
-14297
-15046
-15561
-15811
-16213
-16114
-16142
-16025
-15484
-14788
-13698
-12426
-11095
-9535
-7897
-6143
-4274
-2454
-513
1143
2538
3820
4793
5751
6332
6585
6877
6877
6960
7007
6939
7085
7118
7311
7768
8348
9203
10267
11434
12616
13972
15164
16314
17200
17894
18500
18860
19233
19293
19364
19422
19596
19050
18330
17294
15788
14878
12777
11298
9656
7898
6999
5159
3609
2081
1106
348
-911
-2195
-3612
-4850
-5813
-5609
-5723
-6391
-7213
-8737
-10124
-12078
-13263
-14186
-14507
-13753
-12974
-11236
-9459
-7359
-4804
-2595
-610
639
1503
2315
2946
3507
4025
4284
4316
4424
4090
3853
3386
2686
2263
1436
817
119
-897
-1617
-2651
-3533
-4582
-5905
-6837
-8148
-9266
-10362
-11600
-12502
-13535
-14403
-14968
-15625
-16056
-16307
-16719
-16750
-16731
-16648
-16213
-15996
-15426
-14578
-13714
-12575
-11420
-10012
-8409
-6828
-5151
-3348
-1567
109
1598
2914
4188
5111
5886
6271
6523
6667
6531
6447
6186
6018
6118
6315
6711
7394
8075
8907
9824
10725
11771
12670
13444
14287
14890
15370
15899
16203
16584
16779
16730
16791
16740
16601
16496
16038
14927
13678
11678
9962
8551
7606
7561
7397
7514
6221
5046
5198
3260
-663
-4901
-8274
-10465
-10392
-8264
-6499
-6903
-10565
-14801
-15526
-12214
-8860
-6999
-5812
-4916
-2546
386
2284
2652
1364
-119
-1407
-2099
-1571
-383
1446
3307
4665
5581
6206
6273
6226
5998
5490
5086
4376
3826
3246
2102
1247
75
-1107
-2280
-4222
-5432
-7158
-8828
-10227
-12069
-13178
-14498
-15721
-16480
-17304
-17891
-18093
-18432
-18546
-18378
-18350
-17778
-17397
-17001
-16063
-15288
-14069
-12961
-11524
-9896
-8307
-6519
-4749
-2856
-923
808
2420
3948
5082
6272
7014
7380
7807
7723
7622
7500
7172
7191
7101
7322
7896
8611
9600
10766
11880
13154
14212
15276
16217
16809
17081
16836
16392
15507
14552
13542
13033
12654
12063
11010
10415
9610
8985
10580
13375
18896
25827
30280
28319
20397
12388
5621
1848
339
-1455
-2875
-4007
-3938
-3821
-3773
-4086
-4858
-5874
-6627
-6188
-5830
-5004
-4540
-4078
-3464
-3526
-3466
-3826
-4025
-3994
-3865
-3106
-2022
-695
472
1320
1627
1736
1449
1074
781
170
-89
-381
-783
-974
-1318
-1446
-1544
-1959
-2202
-2705
-3126
-3644
-4579
-5487
-6572
-7833
-9069
-10452
-11694
-12819
-14053
-14977
-15894
-16625
-16992
-17459
-17658
-17680
-17648
-17202
-16775
-16230
-15474
-14676
-13577
-12538
-11404
-10006
-8600
-7044
-5517
-4101
-2541
-1124
124
1195
2081
2952
3480
3836
4175
4339
4512
4722
4796
4989
5319
5775
6386
7081
7907
9019
10069
11173
12124
12796
13496
13769
13944
13918
13791
13384
12975
12653
12246
12156
12635
13462
14636
16602
17269
14166
12774
12791
10048
9051
9353
8605
7781
8386
7021
2712
-2453
-6794
-9291
-10491
-10559
-10254
-10049
-10037
-9664
-8696
-7513
-5944
-4246
-2288
-565
535
1402
1191
552
-676
-2083
-3107
-4123
-4645
-4695
-4282
-3168
-1719
-150
1532
2993
4264
5308
5798
5998
5957
5455
5077
4444
3858
3246
2153
976
-421
-1627
-2850
-4405
-5947
-7424
-8784
-10071
-11363
-12514
-13433
-14440
-15182
-15822
-16399
-16647
-16980
-17094
-17220
-17207
-16806
-16456
-16051
-15519
-14766
-13761
-12654
-11477
-10047
-8589
-7041
-5469
-3943
-2376
-920
225
1190
1885
2581
3054
3235
3337
3308
3433
3526
3598
3892
4370
4897
5678
6566
7372
8312
9031
9988
10815
11515
12340
12955
13822
14392
14545
14126
13236
12302
11328
10099
9672
10507
11978
15127
17888
19824
21350
21814
21434
19880
16188
10359
3833
-1660
-4437
-3176
1812
7478
9071
5481
855
-2037
-4175
-6067
-6922
-6781
-5443
-3545
-2093
-1847
-3200
-5418
-7428
-8581
-8775
-8374
-7779
-7012
-6577
-6174
-5670
-5148
-4173
-2990
-1747
-398
850
1765
2558
2768
2850
2805
2446
2175
1706
1222
751
202
-781
-1696
-2698
-3751
-4648
-6270
-7617
-9006
-10501
-11778
-13319
-14457
-15507
-16522
-17256
-17717
-17901
-17870
-17828
-17717
-17250
-16787
-16125
-15379
-14682
-13773
-12736
-11464
-10164
-8717
-7122
-5553
-3968
-2457
-948
530
1665
2548
3251
3809
4325
4551
4539
4565
4556
4586
4790
5038
5403
5878
6450
7159
8036
9111
10214
11313
12488
13733
14963
16268
17231
17966
18201
17689
16634
14894
13489
12719
12326
11970
11630
11038
10802
10459
9352
8866
8725
9600
11337
12401
14930
18044
18759
15400
9023
2786
-2277
-7414
-11272
-11546
-9119
-6021
-4578
-4529
-4904
-5374
-6646
-8920
-10595
-10713
-9644
-8470
-7549
-6878
-6349
-6218
-6254
-6469
-7021
-7571
-8322
-8677
-8329
-7344
-5745
-4019
-2472
-1131
-245
110
35
-195
-486
-1071
-1706
-2579
-3183
-4159
-5232
-6415
-7943
-9015
-10462
-11548
-12706
-13762
-14479
-15259
-15659
-16079
-16233
-16303
-16264
-16118
-15887
-15314
-14728
-13996
-13402
-12506
-11588
-10573
-9326
-8203
-6733
-5369
-3864
-2362
-802
683
2007
3110
4001
4724
5285
5608
5687
5755
5795
5798
5944
6191
6599
7220
7756
8526
9316
10098
10892
11542
12155
12666
13185
13496
13562
13513
13269
12894
12447
12325
12804
14690
17596
20290
22296
24402
25490
26330
29116
28030
23302
18845
14191
8810
3639
449
-126
257
-475
-2032
-3901
-5579
-6355
-5803
-4055
-2329
-2287
-4730
-9057
-12597
-13937
-13488
-11613
-8804
-6175
-4050
-2855
-2333
-2091
-2197
-2188
-1641
-325
1669
3740
5352
6647
7153
7149
6615
5714
4945
4032
3042
1865
674
-365
-1472
-2940
-4093
-5201
-6052
-7065
-8534
-9669
-10987
-12213
-13418
-14981
-16087
-17316
-18455
-19364
-20260
-20745
-21149
-21550
-21735
-21727
-21545
-20897
-20571
-20060
-19257
-18312
-17142
-16013
-14709
-13277
-11701
-10095
-8481
-6815
-5038
-3589
-2261
-1031
26
1059
1817
2345
2753
3038
3351
3482
3641
3994
4302
4761
5371
6098
7140
8243
9425
10616
11771
13063
14263
15298
16236
16993
17558
18050
18361
18993
20003
21128
21694
21970
22420
22027
21382
20152
19980
21299
22378
24697
25832
22469
15650
7798
2124
-1973
-5665
-7112
-6482
-5039
-3642
-3287
-3973
-4752
-5649
-6670
-8076
-9741
-11196
-12366
-12694
-12419
-11966
-11348
-10579
-9553
-8558
-7689
-6861
-6102
-5234
-4310
-3537
-2781
-2111
-1591
-1165
-867
-782
-562
-598
-697
-842
-993
-1033
-1216
-1715
-2457
-3125
-4007
-4844
-6252
-7707
-9025
-10687
-11989
-13610
-14963
-16056
-17278
-18267
-19007
-19308
-19475
-19555
-19634
-19415
-18964
-18404
-17741
-17304
-16538
-15801
-14823
-13838
-12781
-11457
-10262
-8919
-7626
-6136
-4494
-3067
-1854
-697
329
1315
2043
2413
2773
2891
2876
2878
2624
2649
2622
2557
2829
3185
3886
4727
5514
6505
7438
8434
9249
9860
10334
10449
10697
10861
11070
11457
11861
12678
13326
13633
13812
13952
14102
13426
12639
12086
11199
10164
8689
6876
5078
3878
3240
3182
2984
2100
714
-1265
-3011
-4535
-5637
-6394
-7332
-8005
-8449
-8472
-8195
-7790
-7000
-5911
-4613
-3345
-2061
-707
565
1043
658
-68
-335
-19
-75
-220
-509
-1008
-1436
-2063
-2596
-2813
-2792
-2497
-1981
-1154
-258
613
935
678
430
-384
-1260
-2793
-4697
-6002
-7693
-9094
-10469
-11868
-12686
-13576
-14271
-14620
-14629
-14446
-14115
-13966
-13567
-12998
-12632
-12086
-11935
-11438
-10948
-10277
-9522
-8708
-7519
-6379
-5126
-3896
-2475
-947
497
1604
2678
3690
4527
5229
5500
5702
5750
5524
5333
5008
4831
4850
4828
5118
5645
6251
7041
7814
8589
9462
10338
11095
11755
12216
12653
13097
13335
13644
13740
13970
14219
14239
13845
13362
13011
12459
11538
10259
9302
8595
9392
12031
15475
18778
19639
17239
11942
6153
2529
940
37
-1287
-2015
-2086
-1454
-469
225
-535
-3706
-7503
-10559
-12067
-12078
-10688
-8529
-6704
-5403
-4524
-3815
-3242
-2679
-1925
-1018
-157
652
1475
2355
3303
3998
4492
4825
5002
5035
4820
4464
4088
3745
3180
2239
1215
535
-324
-1272
-2663
-4173
-5377
-6985
-8450
-10071
-11514
-12733
-14051
-15061
-15645
-16027
-16159
-16255
-16274
-15869
-15409
-14901
-14311
-13885
-13205
-12513
-11716
-10863
-9955
-8850
-7752
-6637
-5426
-3961
-2534
-1281
-223
944
1986
2822
3333
3601
3755
3772
3557
3365
3002
2736
2433
2054
1962
1973
2102
2389
2816
3425
4340
5353
6482
7566
8603
9688
10578
11334
11917
12259
12493
12495
12369
11965
11511
10862
10093
9096
7758
6965
6606
7075
7862
8707
10318
12201
13583
12953
10954
9773
11223
12285
8073
569
-5118
-4382
1968
9138
10815
6535
1573
-2018
-3690
-4573
-5061
-5241
-5615
-5641
-5308
-4468
-3321
-2166
-1009
158
1042
1466
1864
2233
2742
3041
2992
2902
2724
2527
2118
1656
1271
852
462
-248
-993
-1500
-2136
-2981
-4586
-6405
-8107
-9994
-11706
-13466
-14792
-15753
-16579
-17162
-17347
-17164
-16794
-16385
-16068
-15363
-14547
-13718
-13071
-12458
-11746
-10923
-10136
-9444
-8517
-7553
-6399
-5306
-4052
-2427
-823
669
1971
3332
4690
5847
6698
7152
7550
7703
7745
7576
7439
7460
7391
7291
7291
7441
7781
8327
9105
10171
11111
12146
13008
13874
14716
15390
15964
16809
18151
19007
19958
20446
20954
21903
21680
20967
20487
20449
20339
19238
18152
16346
13954
12980
14642
16538
15888
12524
8134
5393
4838
5652
7522
10399
14024
16279
15940
13167
9025
5059
2043
565
-367
-1226
-2009
-2628
-2983
-3361
-3613
-3801
-3876
-3948
-4075
-3954
-3632
-3055
-2620
-2198
-1645
-1166
-741
-843
-1013
-1314
-1665
-2141
-2663
-2959
-3160
-3360
-3870
-4325
-4742
-5051
-5687
-6800
-7922
-9004
-9982
-11164
-12442
-13463
-14295
-15077
-15849
-16255
-16385
-16410
-16464
-16500
-16167
-15701
-15187
-14871
-14445
-13864
-13197
-12449
-11797
-10885
-9939
-8869
-7873
-6746
-5407
-4199
-3129
-2295
-1400
-517
170
616
863
1238
1489
1706
1764
1831
1867
1817
1681
1613
1868
2110
2317
2519
2836
3413
3948
4499
5398
6366
7347
8205
9054
11398
13954
14438
16129
17677
18539
19702
19210
18625
19474
20970
20436
18304
15647
12588
9385
7394
8788
9601
5991
-714
-5990
-6596
-3760
83
2568
2645
45
-3339
-5873
-7810
-8821
-8996
-8423
-7402
-6168
-5144
-4269
-3486
-2887
-2395
-2333
-2448
-2701
-3010
-3072
-2956
-2511
-2123
-1910
-1900
-1976
-2062
-2259
-2508
-2708
-2796
-2888
-2819
-2734
-2616
-2378
-2338
-2563
-2827
-3162
-3424
-4070
-4948
-5929
-6970
-7919
-9107
-10131
-11106
-11914
-12665
-13224
-13426
-13435
-13260
-13173
-12905
-12495
-11837
-11180
-10655
-10067
-9505
-8768
-8162
-7517
-6804
-5997
-5145
-4254
-3206
-2145
-975
18
908
1767
2699
3406
3774
4010
4217
4319
4311
4223
4131
4076
3914
3854
3965
4221
4406
4555
4557
4594
4526
4303
4021
3800
3644
3637
3889
4709
6262
7790
9282
11016
12285
13641
17457
23673
29081
31528
31842
27297
18490
11044
9224
12687
17375
20851
22012
21583
19153
15225
12662
11272
9580
7466
5045
2682
555
-1190
-2797
-4103
-5257
-6176
-6846
-7381
-7612
-7899
-7991
-8018
-8008
-7963
-7844
-7513
-7265
-6855
-6315
-5465
-4350
-3233
-2229
-1518
-984
-627
-360
-340
-482
-629
-835
-1002
-1186
-1274
-1408
-1542
-1761
-2140
-2402
-2731
-3125
-3875
-4909
-5904
-7116
-8275
-9662
-10959
-11958
-12890
-13398
-13684
-13606
-13232
-12669
-12116
-11398
-10688
-10068
-9509
-9206
-8883
-8504
-8085
-7725
-7333
-6883
-6270
-5511
-4748
-3731
-2676
-1657
-681
241
1201
2048
2603
2962
3190
3248
3220
3151
3066
3013
2932
2903
2967
3076
3385
3630
3789
4080
4400
4774
5062
5212
5274
5313
5443
5806
6094
6079
6513
6900
7622
8674
8837
8930
9149
8939
8827
8937
9161
9712
10248
10918
10820
10539
10430
9385
8095
6875
5398
4004
2905
2482
2637
2947
3213
3349
3314
3084
2435
1351
8
-1487
-3039
-4488
-5806
-6926
-7695
-8173
-8323
-8206
-7929
-7453
-6834
-6159
-5290
-4342
-3397
-2579
-1897
-1259
-722
-315
-85
33
27
-22
-36
-167
-219
-260
-357
-423
-595
-824
-1163
-1694
-2442
-3265
-4391
-5529
-6750
-7885
-9039
-10133
-10927
-11571
-11882
-12035
-11930
-11653
-11188
-10724
-10222
-9726
-9344
-8897
-8637
-8388
-8184
-8028
-7742
-7557
-7212
-6741
-6104
-5361
-4519
-3555
-2539
-1561
-708
148
802
1243
1446
1475
1335
1038
647
214
-241
-684
-931
-1075
-1086
-889
-535
-43
549
1250
2013
2640
3107
3463
3646
3761
3741
3594
3483
3391
3428
3523
3734
4046
4506
5023
5614
6125
6553
7012
7297
7435
7265
7027
6484
5721
4867
3959
3076
2175
1319
534
37
-372
-543
-638
-814
-954
-1305
-1763
-2419
-3046
-3603
-4247
-4901
-5531
-6052
-6267
-6273
-5977
-5276
-4106
-2666
-1145
317
1446
2100
2190
1979
1661
1537
1764
2178
2594
2677
2276
1516
565
-398
-975
-1159
-1126
-777
-317
5
120
-188
-883
-1693
-3068
-4631
-6202
-7814
-9168
-10570
-11573
-12220
-12546
-12422
-12138
-11552
-10708
-9959
-9244
-8452
-7825
-7275
-6939
-6892
-6806
-6723
-6582
-6438
-6224
-5778
-5166
-4494
-3604
-2557
-1529
-607
155
858
1420
1695
1711
1545
1242
794
307
-251
-738
-1110
-1440
-1608
-1490
-1166
-706
-107
382
960
1429
1786
1975
1962
1890
1747
1450
1125
977
834
917
1105
1402
1897
2550
3132
3753
4339
4864
5324
5698
6119
6190
5957
5481
4878
4244
3572
3047
2552
2171
1882
1796
1780
1653
1486
1238
1076
739
428
80
-538
-1290
-1911
-2489
-3122
-3541
-3843
-3839
-3759
-3566
-3160
-2679
-2059
-1519
-975
-537
-108
111
279
488
622
744
875
1063
1334
1712
2171
2668
3318
3957
4549
5051
5462
5770
5804
5451
4855
4016
3018
1836
502
-774
-2165
-3400
-4567
-5606
-6227
-6723
-7134
-7311
-7289
-7108
-6811
-6527
-6201
-5877
-5699
-5614
-5856
-6075
-6266
-6357
-6274
-5992
-5413
-4612
-3675
-2647
-1487
-399
533
1258
1803
2135
2375
2341
2238
1985
1652
1364
1003
811
697
686
764
887
971
1033
1033
809
521
155
-272
-640
-1022
-1347
-1512
-1505
-1278
-886
-364
317
1009
1696
2400
2986
3362
3490
3499
3302
2946
2553
2049
1611
1164
750
382
93
-135
-326
-481
-611
-687
-857
-1082
-1353
-1632
-1906
-2198
-2445
-2688
-2960
-3082
-3127
-3046
-2811
-2637
-2450
-2185
-1913
-1660
-1428
-1195
-979
-865
-688
-527
-358
-201
-22
161
410
664
961
1323
1678
2013
2322
2476
2625
2785
2726
2596
2407
2040
1626
1059
400
-277
-994
-1676
-2492
-3263
-3838
-4383
-4909
-5269
-5455
-5489
-5434
-5314
-5061
-4751
-4376
-4118
-3812
-3517
-3322
-3164
-3019
-2846
-2609
-2361
-2065
-1702
-1138
-449
231
956
1683
2379
2873
3226
3594
3825
3886
3765
3611
3489
3264
3018
2835
2652
2494
2379
2300
2210
2167
2077
2042
1955
1778
1685
1492
1287
979
755
519
256
106
-17
-59
-55
-60
-25
37
86
116
124
63
-22
-116
-267
-370
-542
-688
-737
-854
-882
-884
-910
-904
-1022
-1042
-1158
-1376
-1523
-1837
-2082
-2270
-2588
-2864
-3049
-3184
-3301
-3353
-3308
-3202
-3099
-2929
-2794
-2610
-2395
-2292
-2135
-1933
-1706
-1527
-1260
-1022
-735
-394
-136
125
373
564
712
796
844
872
856
819
758
662
538
365
135
-59
-242
-490
-683
-925
-1109
-1288
-1525
-1656
-1790
-1835
-1931
-2027
-2062
-2104
-2193
-2275
-2267
-2269
-2139
-2073
-1956
-1802
-1573
-1319
-1031
-714
-364
11
350
754
1157
1544
1821
2015
2229
2337
2417
2449
2364
2379
2340
2336
2373
2387
2376
2378
2449
2518
2490
2421
2403
2206
2073
1962
1777
1648
1444
1262
1126
969
876
758
693
620
565
505
444
362
342
295
234
225
142
136
128
169
200
310
467
606
790
964
1270
1474
1674
1872
1965
2116
2159
2133
2154
2061
2079
2042
1986
2055
2051
2109
2149
2103
2116
2026
1966
1917
1780
1665
1487
1296
1093
856
651
448
354
293
191
124
83
37
-28
-93
-148
-247
-340
-413
-487
-531
-631
-645
-696
-734
-772
-842
-920
-1019
-1060
-1177
-1206
-1234
-1248
-1197
-1123
-1061
-1057
-993
-954
-811
-697
-502
-343
-151
80
208
339
375
419
439
435
405
387
325
289
206
224
265
276
343
350
384
343
326
259
231
184
122
93
27
-3
-60
-107
-147
-131
-139
-179
-200
-195
-224
-230
-286
-327
-355
-443
-495
-580
-625
-620
-642
-647
-724
-717
-724
-690
-727
-868
-859
-897
-921
-962
-1033
-1059
-1161
-1195
-1215
-1206
-1215
-1207
-1188
-1186
-1087
-1122
-1085
-1029
-1053
-977
-953
-952
-936
-887
-792
-651
-559
-379
-156
53
287
443
672
869
1020
1247
1418
1593
1830
2097
2260
2427
2485
2500
2476
2329
2139
1887
1608
1370
1166
1009
964
975
1086
1305
1547
1864
2143
2460
2806
3111
3408
3728
3977
4262
4465
4624
4784
4936
5100
5151
5258
5345
5413
5426
5462
5477
5448
5473
5452
5371
5322
5254
5134
4951
4781
4626
4433
4241
4007
3842
3667
3469
3201
2860
2513
2192
1817
1383
989
603
229
-150
-451
-707
-896
-968
-1001
-1043
-988
-844
-784
-732
-654
-572
-561
-576
-577
-569
-588
-554
-573
-576
-529
-506
-500
-485
-419
-365
-367
-392
-430
-523
-548
-612
-744
-833
-913
-999
-1098
-1152
-1278
-1340
-1389
-1465
-1505
-1541
-1595
-1626
-1637
-1691
-1714
-1698
-1607
-1590
-1611
-1567
-1525
-1510
-1483
-1424
-1461
-1459
-1484
-1535
-1581
-1615
-1677
-1782
-1831
-1804
-1777
-1756
-1605
-1582
-1459
-1261
-1146
-1025
-882
-705
-557
-400
-265
-130
23
130
238
387
522
594
746
824
889
953
925
940
943
934
907
864
810
762
730
706
672
615
534
462
382
253
160
78
-16
-131
-264
-360
-441
-504
-584
-588
-624
-679
-710
-694
-701
-765
-795
-861
-929
-1051
-1185
-1355
-1490
-1583
-1726
-1798
-1932
-1999
-2124
-2219
-2276
-2326
-2410
-2474
-2538
-2607
-2653
-2737
-2735
-2751
-2806
-2781
-2750
-2683
-2544
-2409
-2299
-2155
-2012
-1935
-1790
-1656
-1511
-1445
-1354
-1251
-1140
-1041
-890
-757
-652
-549
-417
-272
-165
-39
52
184
230
261
304
366
417
448
486
530
530
571
551
599
634
555
601
582
516
482
451
413
382
260
176
65
65
-63
-133
-142
-230
-249
-328
-356
-456
-452
-499
-583
-573
-615
-674
-694
-710
-754
-749
-791
-759
-810
-810
-778
-811
-792
-788
-783
-810
-812
-863
-859
-838
-802
-799
-772
-741
-773
-791
-797
-787
-805
-795
-776
-743
-746
-676
-627
-601
-556
-458
-372
-328
-267
-148
-89
57
201
225
334
425
546
604
713
777
827
878
909
980
1079
1126
1172
1180
1154
1149
1105
1097
1013
981
864
784
711
571
480
364
263
149
74
-12
-112
-166
-218
-302
-336
-384
-447
-433
-423
-422
-403
-394
-360
-288
-245
-210
-153
-80
-8
76
143
212
270
319
417
496
563
604
638
690
691
759
787
793
797
799
822
848
878
872
898
899
930
924
945
977
1004
1038
1086
1126
1128
1178
1327
1366
1398
1456
1575
1588
1634
1693
1712
1762
1717
1777
1720
1685
1631
1572
1505
1458
1359
1285
1177
1063
949
822
741
646
512
354
225
117
40
-17
-122
-226
-256
-323
-371
-427
-454
-480
-515
-502
-472
-443
-426
-460
-438
-415
-389
-351
-282
-227
-166
-99
-51
-8
75
177
203
270
315
364
394
424
467
488
538
546
564
559
561
589
610
634
607
633
620
614
659
618
615
639
614
617
653
623
604
592
565
556
503
448
415
400
384
333
285
276
190
175
148
110
82
13
-50
-56
-65
-151
-174
-191
-205
-220
-243
-240
-265
-237
-228
-219
-195
-171
-164
-176
-165
-101
-106
-97
-56
-50
8
8
69
22
85
154
158
221
197
242
223
251
306
238
274
297
284
306
295
324
311
326
312
323
302
265
250
241
203
153
125
136
90
56
66
56
23
-18
-38
-42
-77
-90
-90
-113
-145
-147
-134
-103
-107
-133
-135
-104
-112
-111
-69
-68
-64
-50
-29
-25
29
38
48
71
59
71
89
49
73
79
79
97
44
63
106
88
47
20
-4
20
3
-25
-32
-84
-71
-87
-99
-130
-146
-143
-161
-164
-157
-212
-193
-235
-231
-208
-216
-193
-211
-243
-209
-153
-158
-160
-177
-186
-191
-163
-171
-185
-159
-109
-149
-122
-141
-139
-137
-166
-117
-116
-176
-191
-214
-166
-138
-151
-152
-162
-148
-145
-111
-122
-151
-127
-126
-136
-162
-173
-163
-139
-150
-160
-124
-89
-114
-159
-159
-141
-87
-21
-68
-59
-40
-37
-23
-18
-1
36
49
22
53
66
80
69
123
117
130
142
108
115
160
178
192
197
203
239
277
309
303
267
339
383
371
369
367
367
349
415
398
417
392
358
414
406
401
398
398
423
401
406
416
386
431
382
445
422
386
446
430
400
439
446
426
440
442
454
465
424
424
420
430
478
421
437
449
456
387
430
433
436
485
404
398
421
443
458
461
439
441
440
455
445
431
423
384
363
345
331
329
393
348
340
362
316
354
351
339
354
327
320
338
319
302
318
294
318
340
328
268
213
270
290
295
280
279
301
306
329
345
317
348
312
301
280
245
297
286
300
321
309
344
321
302
327
269
294
346
319
322
352
312
301
267
309
315
302
322
313
344
354
339
334
328
347
373
401
369
347
354
361
357
352
339
356
378
342
334
352
350
297
338
283
285
296
276
338
300
224
262
278
258
289
283
293
285
329
340
308
282
260
310
291
294
283
257
249
231
226
240
241
261
278
261
270
270
253
261
262
246
254
239
209
210
211
188
184
153
133
149
146
129
135
132
121
153
85
103
98
62
57
8
19
40
17
39
40
7
53
40
82
39
69
64
45
88
70
61
52
47
44
56
40
14
30
7
10
25
42
54
55
17
-12
23
72
74
91
84
43
73
92
67
38
91
74
97
94
146
122
104
176
146
154
173
165
223
210
205
211
227
224
194
254
267
250
227
234
234
254
272
308
334
305
327
345
351
332
338
375
394
383
407
429
406
416
454
450
388
421
435
417
440
411
452
451
433
433
425
428
428
469
425
433
423
425
477
462
445
420
432
444
456
428
363
338
355
378
366
372
392
375
364
336
330
362
337
325
294
343
332
280
296
322
309
308
317
325
313
310
300
248
302
254
287
309
298
315
243
243
267
272
272
235
249
268
285
271
252
214
246
242
207
224
203
202
253
228
217
268
236
238
225
247
246
250
279
292
295
331
319
302
303
296
347
308
306
324
329
343
313
317
324
354
320
340
321
326
336
334
320
301
346
349
343
308
311
321
289
293
341
314
303
309
349
354
372
330
318
350
393
387
437
367
345
410
372
428
436
426
411
427
423
475
475
477
498
505
517
492
510
519
549
501
481
456
443
437
447
442
393
464
478
490
467
432
461
419
400
423
396
409
410
402
404
361
360
372
379
358
355
363
340
365
360
367
355
346
345
335
343
364
359
372
413
395
390
338
354
363
377
387
359
404
391
397
422
425
429
408
412
374
385
401
367
388
342
335
344
341
404
390
393
396
388
364
321
321
322
346
291
312
311
306
322
263
265
283
330
338
329
318
284
304
298
272
289
251
259
224
282
274
270
290
247
279
261
294
242
265
285
290
303
274
263
290
309
332
318
286
294
291
279
286
300
312
329
302
299
322
289
261
231
279
275
299
315
298
267
261
313
358
364
346
324
338
345
334
336
322
335
366
389
337
331
334
356
314
322
341
374
360
310
334
369
355
326
348
341
345
333
327
340
349
312
307
334
272
309
305
327
339
316
305
336
339
325
371
342
324
375
349
317
351
356
356
372
359
371
380
345
347
384
393
379
400
360
329
357
337
327
357
384
375
364
338
310
311
312
306
319
336
371
366
336
380
372
364
375
375
376
367
352
379
374
375
365
398
440
397
470
442
423
441
427
439
443
435
430
508
471
472
497
484
461
449
478
467
497
530
522
506
522
529
537
487
492
495
500
500
469
486
516
508
483
485
491
481
506
508
528
517
524
511
498
495
455
472
502
529
551
533
528
512
533
516
536
564
517
550
539
505
461
481
464
459
482
455
441
483
495
492
450
457
477
446
467
482
473
484
523
473
414
443
453
453
443
430
418
452
472
437
430
467
449
436
425
415
433
448
450
427
461
466
451
440
453
451
488
483
469
470
446
448
498
461
419
479
442
409
449
390
422
426
420
408
427
480
469
503
498
462
438
405
434
445
451
470
464
461
448
460
481
522
481
503
538
521
520
488
474
450
481
522
497
465
485
516
488
480
487
533
501
488
485
487
500
494
456
460
466
473
502
464
473
461
450
465
455
443
484
465
459
457
418
431
400
422
389
402
393
409
430
363
416
436
467
417
389
424
391
384
398
408
377
365
349
398
421
377
374
353
382
337
332
335
327
362
344
346
341
336
347
320
375
390
366
350
369
332
359
365
381
362
343
381
349
383
372
400
338
388
374
322
355
331
360
381
364
347
347
331
320
355
340
341
325
317
334
312
310
262
261
278
322
346
299
299
281
327
336
328
322
317
336
343
292
280
339
328
352
331
311
333
319
321
356
295
331
364
355
363
307
355
345
330
343
329
321
319
299
342
296
305
321
332
357
288
351
341
306
328
340
328
336
345
358
398
334
373
376
339
392
354
352
369
357
338
335
312
294
355
321
320
349
297
305
345
323
340
342
337
349
318
284
289
278
303
327
325
306
267
311
299
325
287
285
260
239
286
269
277
259
264
319
313
320
319
259
309
318
271
300
289
349
359
376
345
351
321
281
290
270
292
261
271
267
282
277
303
276
234
242
262
276
256
256
265
269
248
271
284
254
227
257
257
266
217
261
264
242
250
246
280
236
262
294
261
256
259
245
291
257
263
285
234
231
210
189
213
224
218
235
241
210
212
223
205
229
254
232
204
201
185
212
217
191
211
213
195
221
216
220
219
255
239
216
263
215
251
293
264
245
248
282
292
258
265
281
236
266
283
255
275
286
257
325
313
298
309
308
323
302
302
320
354
337
373
367
361
355
416
333
359
375
363
389
396
366
371
409
365
378
368
362
385
335
316
396
364
345
368
340
357
367
343
390
396
359
342
326
313
343
359
319
323
347
332
323
356
381
332
285
292
292
325
290
303
283
272
272
294
325
273
328
329
345
340
330
293
311
276
296
273
268
315
324
338
279
367
329
342
369
327
338
285
325
354
337
303
280
292
310
302
336
337
329
349
354
361
337
366
386
390
415
353
359
353
390
389
351
333
331
342
386
363
376
364
332
336
354
365
370
388
345
311
330
301
262
275
277
271
240
257
242
196
234
261
255
264
235
253
245
214
225
229
185
152
176
163
140
178
182
176
166
179
205
157
130
154
137
167
151
129
118
96
130
139
135
149
126
104
109
113
119
136
168
153
143
147
162
127
148
155
129
119
104
158
119
146
131
128
140
103
142
134
125
117
87
75
130
121
94
91
107
120
80
96
114
58
70
84
97
126
88
96
97
59
114
131
88
90
107
116
130
136
139
88
133
155
160
163
185
167
131
183
160
152
155
131
103
86
143
136
133
177
100
151
126
99
155
141
132
110
140
138
152
142
115
102
108
143
125
165
178
131
155
184
162
171
165
116
129
140
148
139
143
113
108
163
134
190
158
164
156
124
171
129
108
127
124
86
156
155
169
186
158
146
92
123
150
151
117
138
118
135
146
112
126
152
110
56
79
74
57
74
93
81
74
49
63
57
51
75
68
68
93
91
101
63
25
96
18
33
79
38
75
70
60
37
21
38
45
7
-10
49
2
12
14
-6
40
26
8
-22
22
-12
10
82
60
51
23
53
68
35
111
102
75
32
30
63
59
108
86
59
53
77
91
42
48
66
58
65
87
127
128
152
162
176
187
136
167
207
151
146
159
190
184
200
193
185
200
204
185
177
201
200
206
208
214
221
248
231
206
223
213
212
232
216
224
261
236
238
265
260
253
278
264
285
266
293
316
322
362
292
318
367
372
373
405
402
388
351
330
379
377
325
310
306
298
310
301
300
293
348
323
302
300
325
343
332
314
355
337
309
288
299
298
280
290
263
261
279
296
285
263
261
275
252
243
300
290
278
265
267
254
287
279
272
270
278
318
328
313
308
277
296
307
274
274
251
225
242
252
264
221
268
322
345
349
258
256
262
235
250
278
318
213
170
173
195
238
246
269
270
288
263
298
280
307
329
300
283
271
264
290
295
293
315
301
348
338
339
347
305
280
315
312
253
301
291
321
340
344
326
334
341
331
318
288
318
329
309
336
288
291
338
326
299
298
292
266
253
291
306
297
332
319
295
293
312
290
293
337
334
320
277
304
340
318
360
325
346
345
372
358
344
378
381
413
407
377
375
336
371
343
316
340
342
343
318
315
330
328
305
309
290
315
305
347
332
337
381
341
322
336
383
374
345
324
342
276
214
239
260
294
277
290
342
321
312
306
274
314
272
281
277
283
279
279
269
257
257
312
329
323
337
336
309
305
305
291
318
336
347
316
286
292
300
294
279
335
390
342
283
253
260
240
247
270
291
254
264
277
261
255
290
272
272
326
296
299
261
211
237
212
247
215
185
212
222
185
231
235
185
202
213
210
233
278
250
268
295
251
258
290
300
264
293
312
259
246
249
242
299
296
264
267
274
289
274
285
312
318
302
306
282
264
248
272
318
294
295
328
325
323
303
316
329
339
349
353
382
365
336
368
376
405
368
322
365
332
312
331
337
371
359
365
349
358
372
366
380
381
364
323
296
284
318
295
295
349
306
296
309
315
293
263
311
310
283
267
263
265
293
309
279
295
324
307
282
267
301
270
282
333
334
309
293
281
265
241
234
264
257
228
266
221
214
207
195
213
237
233
212
253
189
196
218
219
266
259
236
259
280
255
247
264
284
282
269
321
256
253
276
247
315
277
298
322
320
320
309
289
298
311
289
308
337
357
366
336
302
309
321
355
372
376
379
379
394
417
353
326
387
311
331
330
334
321
299
346
335
298
316
307
267
305
289
298
295
314
310
311
334
331
309
300
332
278
243
230
252
237
181
201
228
264
218
224
244
222
224
208
203
220
240
216
185
197
202
207
197
175
213
195
214
190
201
226
196
221
249
216
208
180
177
139
139
126
124
130
78
94
74
94
110
149
128
72
79
96
77
87
141
117
145
107
71
122
118
130
200
190
194
180
180
163
176
212
216
225
203
183
171
155
133
141
165
177
190
168
189
190
172
229
168
160
195
220
182
219
179
141
159
137
144
134
168
169
148
153
145
143
226
221
253
245
212
244
256
222
214
234
192
244
183
194
220
227
275
244
248
202
217
248
206
252
237
218
199
184
180
162
159
162
167
144
138
138
164
137
143
142
117
136
144
157
195
194
232
201
140
145
116
122
150
144
156
158
145
73
51
73
72
105
56
57
96
60
67
70
107
106
89
74
91
96
73
96
82
106
80
34
45
32
46
65
39
72
30
51
62
59
62
42
42
6
18
18
25
32
71
10
31
55
59
69
23
74
105
113
121
95
98
77
110
76
87
132
102
114
115
89
94
124
99
126
90
90
92
88
145
147
104
105
142
157
154
155
167
187
245
162
189
221
220
184
218
171
145
174
150
204
192
196
197
167
157
157
123
159
149
188
176
167
177
178
220
167
211
200
264
250
175
220
201
183
174
147
134
86
103
107
69
63
71
88
97
112
120
120
85
58
89
107
126
153
103
118
87
42
58
57
93
98
97
122
109
91
69
47
33
3
13
21
2
15
-21
-29
38
54
98
91
86
19
6
10
19
27
20
7
-24
17
43
24
23
14
19
8
1
46
68
43
11
57
43
50
101
76
49
80
62
23
100
35
63
72
33
76
39
58
55
65
13
51
63
49
102
82
100
105
121
90
70
35
38
68
90
110
68
106
54
-6
-20
-12
15
26
80
50
25
28
22
28
96
37
16
19
37
-8
-35
-15
-44
-41
-51
-9
-49
-55
-23
-35
-46
-14
-16
-9
6
18
55
14
4
9
-19
-56
-28
-29
-102
-39
-47
-44
-74
-53
-8
10
31
2
-12
-23
1
13
3
32
55
42
23
1
13
32
13
37
23
-20
-18
-1
-23
-38
16
-21
-6
54
34
39
42
62
27
10
-13
36
55
72
83
92
103
42
48
37
42
99
120
101
126
97
46
46
40
104
83
105
99
80
23
53
77
103
142
90
102
126
105
100
81
50
108
72
89
41
28
73
25
29
43
27
26
-7
34
29
2
36
49
15
12
11
-47
35
-13
20
-6
57
79
57
31
15
43
-13
27
-16
-11
-4
-10
19
3
-7
-3
-10
-41
-7
2
-2
5
-22
-49
-51
-37
13
-11
11
-11
-33
26
4
1
-12
4
-15
-16
0
27
14
0
12
24
53
48
49
75
73
71
92
96
65
87
90
105
77
91
100
100
69
85
109
96
127
101
86
38
20
56
63
50
40
5
-19
-16
-15
-47
-9
-26
-35
-16
2
5
11
4
-1
15
20
-4
-3
3
-57
-50
-41
-48
-38
-59
-22
-42
-41
-43
-86
-89
-46
-60
-59
-40
-4
13
-8
33
-8
-13
-70
-75
-80
-63
-55
-71
-50
-37
-31
-45
-20
-8
-16
-60
-42
-4
-1
-7
-20
-15
-8
5
16
-49
-49
-30
-35
-17
33
1
-26
-15
-3
10
-6
22
54
71
50
67
65
36
21
6
9
23
18
14
27
-23
-34
-1
30
26
20
56
19
36
1
30
61
29
57
49
65
35
42
39
66
49
37
63
2
2
-32
-43
-37
32
12
4
-14
-77
-36
-24
-6
-29
12
29
3
32
5
6
17
-37
-40
-51
-23
-25
-74
-31
-14
-51
-49
-17
-33
-56
-64
-78
-59
-60
-92
-76
-68
-90
-51
-80
-87
-68
-91
-101
-64
-61
-96
-115
-94
-51
-98
-84
-70
-115
-127
-146
-177
-125
-149
-93
-61
-85
-80
-117
-148
-152
-114
-106
-101
-144
-121
-62
-116
-101
-112
-136
-75
-77
-95
-68
-88
-133
-100
-150
-93
-37
-79
-96
-110
-91
-74
-104
-63
-48
-37
-56
-64
-52
-71
-64
-69
-54
-89
-28
13
-7
-19
-15
-8
-16
-15
29
8
-5
-41
-5
-4
-46
-59
-51
-28
-53
-41
-51
-19
-58
-17
-38
-37
-22
5
38
-3
21
1
4
21
-26
-63
-60
-27
-5
-18
12
-37
-39
-33
-32
-45
-58
-54
-37
-57
-40
-33
-30
-9
-75
-30
3
-18
-51
-52
-48
-64
-61
-93
-37
-68
-93
-66
-93
-72
-77
-81
-73
-86
-124
-116
-89
-86
-111
-140
-132
-107
-126
-116
-94
-117
-143
-157
-122
-122
-111
-115
-171
-156
-164
-165
-188
-202
-169
-176
-152
-174
-167
-149
-149
-122
-138
-155
-126
-113
-154
-156
-153
-132
-130
-119
-97
-95
-80
-108
-89
-100
-99
-99
-72
-34
-97
-83
-88
-137
-121
-87
-59
-73
-108
-121
-82
-98
-95
-79
-68
-73
-147
-111
-97
-117
-106
-87
-59
-22
-42
-86
-86
-44
-66
-60
-46
-26
-18
-19
-5
-36
-42
-66
-58
-43
-26
-27
-20
-34
-6
-3
-51
-17
-12
9
33
-34
-44
-65
-85
-17
-63
-80
-48
-104
-113
-111
-122
-56
-49
-92
-70
-117
-128
-87
-126
-116
-126
-100
-101
-120
-66
-67
-115
-94
-122
-115
-59
-67
-89
-132
-152
-142
-176
-148
-143
-179
-174
-98
-136
-132
-131
-156
-139
-130
-160
-173
-138
-181
-159
-206
-204
-180
-178
-147
-203
-198
-189
-212
-185
-176
-192
-154
-137
-189
-176
-94
-114
-76
-80
-104
-71
-86
-63
-59
-49
-87
-89
-62
-78
-54
-54
-74
-47
-55
-48
-91
-98
-94
-37
-40
-71
-39
-50
-63
-104
-83
-70
-69
-72
-88
-75
-37
-15
-79
-92
-67
-58
-66
-87
-113
-65
-100
-72
-103
-116
-82
-109
-34
-82
-89
-105
-123
-98
-107
-103
-104
-117
-134
-115
-124
-140
-157
-154
-173
-137
-133
-138
-115
-105
-113
-99
-148
-113
-137
-172
-156
-139
-131
-179
-170
-209
-214
-211
-203
-175
-146
-124
-96
-125
-143
-132
-128
-176
-171
-93
-92
-163
-169
-147
-173
-183
-189
-223
-214
-158
-186
-177
-178
-209
-201
-206
-169
-189
-203
-138
-157
-193
-220
-218
-151
-136
-156
-135
-132
-149
-175
-123
-170
-162
-173
-194
-161
-184
-213
-205
-153
-195
-210
-199
-163
-117
-115
-175
-135
-143
-103
-107
-151
-160
-148
-151
-154
-132
-94
-169
-202
-135
-158
-169
-164
-162
-153
-159
-166
-179
-157
-177
-194
-196
-237
-194
-157
-114
-150
-200
-207
-192
-186
-210
-157
-179
-178
-159
-177
-164
-173
-169
-150
-142
-109
-142
-153
-179
-174
-203
-151
-150
-150
-144
-175
-196
-192
-170
-212
-204
-229
-216
-172
-135
-140
-130
-132
-150
-146
-161
-153
-146
-132
-101
-131
-162
-173
-165
-164
-107
-150
-144
-172
-170
-193
-169
-169
-199
-188
-156
-155
-172
-190
-181
-135
-152
-148
-120
-119
-177
-161
-138
-156
-135
-176
-160
-163
-168
-170
-158
-142
-151
-159
-162
-155
-163
-206
-203
-173
-202
-154
-163
-188
-158
-180
-167
-201
-170
-160
-185
-162
-128
-126
-127
-114
-140
-168
-227
-188
-199
-196
-204
-256
-200
-180
-211
-232
-208
-190
-224
-195
-206
-205
-245
-239
-223
-203
-202
-199
-169
-186
-156
-172
-164
-167
-175
-157
-152
-174
-168
-179
-178
-161
-181
-164
-148
-181
-207
-175
-184
-120
-131
-123
-154
-183
-151
-155
-113
-141
-142
-147
-149
-139
-121
-99
-146
-151
-142
-99
-153
-145
-108
-126
-80
-92
-86
-77
-93
-84
-118
-91
-104
-106
-84
-96
-118
-92
-50
-77
-47
-71
-101
-66
-76
-74
-38
-41
-13
-21
-62
-59
-57
-48
-50
-88
-99
-16
-39
-26
12
-16
-42
-61
-49
-71
-91
-96
-33
-47
-68
-66
-41
-59
-100
-56
-22
-36
-51
-95
-24
-37
-40
-56
-28
5
-22
-46
-83
-70
-100
-80
-80
-87
-114
-103
-106
-107
-114
-126
-88
-118
-109
-131
-135
-104
-152
-155
-115
-141
-187
-211
-200
-206
-191
-191
-213
-198
-211
-224
-190
-201
-194
-210
-237
-175
-202
-214
-176
-230
-248
-232
-218
-183
-164
-189
-212
-232
-232
-229
-238
-243
-205
-222
-192
-191
-193
-164
-174
-154
-137
-162
-130
-129
-155
-133
-129
-119
-89
-79
-85
-110
-96
-97
-114
-80
-95
-66
-62
-67
-90
-65
-73
-42
-29
-67
-39
-76
-48
-62
-33
-35
-36
-44
-12
-3
-16
-49
-61
-48
-41
-22
-48
-34
-78
-90
-87
-60
-65
-50
-31
-16
-60
-83
-86
-83
-31
-97
-119
-68
-47
-93
-88
-99
-125
-92
-117
-60
-78
-94
-127
-109
-71
-113
-88
-115
-114
-83
-75
-136
-124
-158
-163
-201
-180
-153
-208
-150
-122
-162
-176
-153
-173
-155
-184
-207
-189
-182
-179
-196
-170
-167
-182
-181
-224
-188
-136
-145
-169
-174
-174
-173
-175
-200
-198
-158
-180
-175
-152
-191
-159
-162
-181
-179
-198
-163
-154
-147
-150
-151
-149
-199
-138
-148
-92
-108
-129
-107
-142
-140
-140
-110
-110
-91
-88
-85
-124
-170
-114
-64
-82
-71
-62
-93
-66
-38
-25
43
23
-22
-56
-51
-22
-23
-16
4
-6
-49
-61
-43
-23
-37
-25
-13
-55
-48
-35
-55
-49
-37
-88
-85
-110
-102
-72
-136
-100
-151
-138
-120
-160
-149
-173
-165
-161
-179
-177
-159
-155
-122
-104
-100
-149
-129
-172
-148
-170
-205
-179
-208
-155
-223
-197
-157
-183
-182
-168
-162
-224
-192
-206
-185
-211
-224
-221
-262
-220
-274
-230
-241
-226
-223
-257
-243
-258
-194
-204
-213
-204
-249
-209
-199
-197
-165
-163
-198
-161
-148
-175
-152
-182
-156
-176
-160
-122
-137
-136
-103
-103
-85
-85
-91
-100
-94
-86
-136
-96
-94
-73
-55
-99
-66
-46
-87
-79
-113
-83
-59
-47
-14
-49
-64
-86
-85
-89
-90
-84
-63
-70
-47
-104
-103
-71
-73
-71
-80
-55
-94
-64
-85
-78
-84
-97
-151
-138
-141
-103
-105
-98
-45
-71
-96
-126
-117
-128
-65
-58
-51
-30
-53
-39
-45
-24
-60
-55
-29
-80
-87
-107
-80
-87
-103
-102
-138
-99
-59
-108
-140
-122
-74
-82
-57
-36
-57
-121
-89
-79
-113
-65
-55
-57
-67
-53
-60
-78
-36
-18
-66
-67
-46
-18
-53
-110
-85
-27
-104
-79
-38
-52
-44
-48
-11
-36
-14
-14
-47
6
-7
-9
-24
-40
-43
-22
-61
-35
-1
-4
-63
-68
-83
-84
-29
-44
-51
-59
-46
-45
-66
-43
-49
-63
-44
-32
22
-25
-54
-70
-75
-9
-27
-1
-7
-23
-37
-17
-50
-37
-33
-64
-58
-65
-13
-69
-78
-63
-63
-79
-113
-83
-125
-138
-73
-115
-106
-113
-115
-94
-119
-104
-138
-135
-107
-86
-145
-128
-134
-143
-138
-134
-139
-140
-155
-156
-108
-160
-161
-177
-170
-140
-144
-128
