-147
-137
-145
-181
-182
-181
-179
-181
-158
-161
-179
-183
-178
-160
-175
-170
-187
-169
-144
-128
-126
-97
-137
-104
-143
-176
-113
-165
-141
-151
-147
-159
-115
-70
-124
-126
-151
-123
-144
-177
-154
-112
-134
-163
-120
-159
-118
-126
-139
-140
-119
-123
-149
-155
-163
-171
-154
-131
-175
-144
-146
-150
-144
-185
-152
-135
-157
-169
-183
-205
-215
-193
-197
-172
-130
-95
-99
-122
-113
-122
-140
-107
-87
-117
-138
-142
-105
-102
-146
-145
-154
-179
-150
-163
-182
-126
-170
-169
-152
-165
-134
-99
-78
-139
-80
-116
-71
-100
-111
-103
-97
-118
-112
-92
-136
-133
-131
-118
-126
-102
-127
-112
-112
-128
-106
-131
-133
-113
-149
-148
-127
-144
-136
-109
-123
-158
-144
-154
-209
-171
-169
-159
-180
-196
-149
-160
-156
-165
-147
-172
-178
-195
-195
-184
-197
-195
-215
-191
-197
-182
-176
-172
-161
-184
-186
-197
-213
-140
-153
-158
-136
-148
-143
-167
-132
-146
-114
-102
-172
-135
-146
-167
-168
-158
-153
-154
-145
-141
-98
-143
-130
-99
-141
-143
-108
-140
-127
-130
-125
-151
-146
-134
-154
-122
-122
-98
-99
-97
-93
-115
-134
-157
-126
-88
-84
-105
-118
-117
-145
-97
-92
-91
-91
-123
-111
-105
-107
-89
-91
-64
-78
-84
-94
-78
-94
-88
-74
-73
-80
-136
-105
-101
-104
-87
-103
-132
-98
-137
-113
-114
-138
-131
-129
-145
-157
-107
-121
-133
-150
-127
-109
-86
-74
-84
-110
-105
-140
-125
-91
-65
-91
-125
-92
-114
-143
-118
-100
-134
-107
-70
-86
-69
-57
-59
-80
-66
-93
-85
-107
-129
-107
-67
-103
-112
-112
-122
-146
-132
-138
-139
-117
-125
-111
-123
-148
-164
-129
-144
-148
-106
-112
-100
-63
-125
-90
-52
-60
-62
-72
-88
-52
-60
-67
-75
-60
-81
-99
-82
-115
-75
-91
-85
-23
-54
-69
-79
-76
-71
-113
-82
-89
-71
-51
-52
-70
-88
-42
-66
-66
-86
-56
-54
-89
-46
-73
-65
-58
-60
-53
-48
-38
-73
-89
-40
-82
-93
-98
-97
-98
-105
-83
-115
-73
-87
-75
-88
-63
-21
-61
-59
-82
-80
-27
-50
-54
-51
-49
-52
-85
-77
-80
-99
-93
-71
-50
-104
-93
-66
-54
-79
-79
-57
-59
-94
-95
-39
-81
-85
-103
-127
-150
-107
-113
-105
-102
-126
-104
-84
-83
-82
-78
-78
-94
-86
-76
-81
-76
-51
-54
-78
-53
-26
-31
-39
-16
-30
-43
-34
-92
-66
-32
-63
-42
-47
-12
-40
-18
-22
-33
-57
-92
-71
-103
-74
-52
-69
-61
-86
-110
-100
-110
-101
-92
-82
-70
-97
-77
-89
-53
-69
-44
-39
-38
-53
8
-3
-57
10
-4
-22
-62
-56
-69
-40
-25
-39
-33
-61
-62
-30
-70
-23
6
1
14
1
-26
-49
-19
-16
4
-7
-22
-52
-42
-49
-37
-50
-70
-51
-75
-35
-32
4
-10
-28
5
-38
-38
-22
-27
-80
-38
-16
1
-11
23
-25
-33
17
-33
-6
-18
18
35
-24
-15
14
-23
26
14
-17
10
48
39
37
20
8
15
78
26
-31
18
11
43
34
49
47
43
37
71
30
35
33
10
61
36
27
50
34
18
36
12
17
-10
1
13
-6
-7
19
18
1
7
51
62
43
32
29
31
13
54
52
27
-4
21
38
-17
-1
6
46
31
15
55
-28
-8
34
34
36
37
37
58
6
-10
39
8
-2
-27
-30
-3
9
6
8
19
10
-18
11
2
12
32
30
54
66
56
65
72
69
34
78
57
65
50
44
65
38
41
16
14
48
34
10
51
65
88
59
39
37
44
21
27
37
28
84
54
56
54
47
24
-7
19
11
41
37
8
-17
30
32
41
93
87
93
62
66
46
102
82
105
91
62
100
73
75
64
76
106
114
65
89
78
46
44
72
58
65
87
66
77
46
44
74
73
83
42
40
37
42
86
92
117
48
41
77
91
105
104
66
100
90
60
106
95
73
78
93
106
140
108
103
132
142
113
148
108
115
107
154
116
101
142
90
116
123
158
152
139
131
114
102
96
105
65
88
39
39
35
52
70
66
56
38
105
67
79
64
41
86
101
88
101
106
126
94
96
109
143
122
115
122
113
148
166
149
149
135
86
88
76
67
88
83
130
138
118
139
98
90
130
116
95
106
80
85
92
65
67
90
97
121
110
86
65
75
65
68
27
33
59
73
78
66
83
88
81
65
60
87
50
60
63
21
46
77
57
86
69
62
71
52
42
55
80
96
109
98
99
117
132
110
105
80
82
79
86
82
42
77
86
85
83
59
103
81
114
118
93
97
100
107
67
38
75
90
81
87
55
99
77
78
96
78
93
90
112
98
113
131
101
118
95
127
157
129
175
155
146
202
166
178
146
167
119
167
158
122
128
100
128
114
116
83
144
121
152
153
137
156
145
155
106
137
143
139
180
123
120
138
140
161
114
129
150
143
142
109
107
178
164
133
89
107
108
95
120
74
120
122
92
122
140
158
117
113
116
131
122
110
157
162
157
159
145
146
127
121
128
86
90
126
90
65
58
104
112
115
111
115
141
137
159
116
114
127
154
126
150
123
139
126
154
159
144
158
142
169
146
173
149
139
166
180
181
151
132
162
161
144
151
165
168
139
156
170
181
188
172
128
156
163
143
177
164
177
145
118
100
69
124
130
122
142
123
160
152
136
174
150
162
140
130
164
170
160
190
181
175
186
159
144
126
178
183
167
176
196
152
148
144
170
176
180
166
155
163
124
125
120
97
76
103
73
137
99
91
150
103
118
108
107
95
84
87
112
103
120
119
142
83
110
121
143
152
104
123
128
133
119
140
122
149
133
112
101
125
82
68
78
94
96
84
138
122
103
67
78
89
84
107
90
143
144
136
123
76
81
75
51
103
136
122
121
118
123
105
114
98
38
82
106
48
70
107
88
128
142
125
108
95
67
26
65
83
103
81
115
81
88
88
26
44
51
46
48
76
45
13
49
51
23
81
80
82
88
66
119
104
165
138
136
159
152
160
165
174
149
155
188
154
146
99
139
147
151
162
154
199
164
163
156
158
151
176
180
169
171
194
224
165
152
167
131
124
137
142
162
109
125
135
119
145
154
132
121
133
115
141
82
79
130
92
88
141
127
167
140
125
143
112
127
95
104
89
78
86
91
107
101
107
92
129
101
92
108
108
111
109
118
107
140
110
118
129
103
113
112
110
117
126
141
136
149
105
118
147
131
162
121
127
112
113
116
75
92
147
118
106
105
114
115
95
139
159
108
70
58
96
126
157
100
98
169
171
177
160
102
100
124
115
129
129
124
143
142
103
100
69
86
137
115
105
101
111
125
141
128
76
112
93
115
163
142
114
132
109
102
153
140
98
89
130
95
99
90
54
117
107
93
121
66
43
103
118
120
142
167
170
153
142
151
146
137
160
125
109
135
94
116
72
72
122
114
94
103
109
62
68
60
104
140
86
121
118
107
135
92
115
108
105
80
104
107
32
109
103
94
149
143
119
113
124
106
118
136
111
81
101
132
119
89
106
76
91
123
73
79
56
74
71
93
82
75
108
89
112
148
84
104
102
92
105
98
115
101
93
76
148
129
150
126
112
114
113
120
90
129
161
122
87
111
128
161
173
169
111
101
97
115
166
131
146
140
161
156
142
122
116
109
89
106
78
81
39
72
69
95
45
81
155
83
106
85
68
60
75
83
50
46
87
84
66
82
79
105
95
82
87
83
86
112
73
75
96
57
40
67
52
56
91
37
47
39
76
96
17
57
62
79
53
73
79
68
88
112
108
64
124
78
87
33
44
52
49
61
10
39
60
22
22
56
29
23
23
22
37
47
41
30
36
38
44
33
49
6
14
59
47
58
37
10
-6
21
63
34
54
84
33
48
47
43
28
51
68
2
18
37
41
25
42
39
4
-14
-21
1
44
48
3
-24
4
4
49
31
-9
8
17
10
28
-12
-3
28
41
41
49
33
34
62
18
12
15
34
-11
50
81
57
30
58
63
37
29
35
-6
28
77
26
64
52
73
38
5
11
20
18
-11
-24
-39
-51
-12
-24
-49
-16
-44
-48
1
-12
-40
-71
-79
-55
-45
-31
7
16
-3
-24
3
16
-67
-46
-26
3
17
33
33
-2
-6
-32
-27
23
44
20
-13
-27
-23
-19
-15
-26
6
-17
-17
13
-26
0
16
-19
-54
-24
3
-25
10
-4
-14
-35
-45
-17
-39
-36
-24
-3
-31
-10
-15
-35
-13
-5
8
6
-2
-5
-9
-9
-16
-11
-28
-13
-67
-43
-29
-47
-25
-8
-12
-19
34
-10
-7
-36
-21
-38
-77
-4
-29
-26
-1
10
4
-56
-45
-25
-20
-32
-59
-77
-34
-42
-83
-15
-33
-3
-15
-29
-2
-15
-19
-26
-5
-40
-50
-26
-47
-85
-82
-91
-49
-85
-39
-58
-39
-38
-63
-82
-94
-82
-94
-83
-83
-51
-106
-101
-91
-102
-88
-102
-97
-108
-86
-93
-106
-94
-100
-119
-92
-105
-106
-108
-108
-81
-90
-78
-73
-102
-86
-85
-122
-109
-102
-132
-125
-117
-132
-122
-116
-82
-86
-90
-74
-127
-111
-104
-149
-135
-154
-144
-134
-148
-120
-109
-134
-135
-128
-87
-70
-69
-109
-110
-83
-75
-90
-103
-117
-98
-65
-65
-92
-136
-118
-97
-115
-93
-73
-98
-140
-112
-121
-127
-119
-173
-135
-76
-130
-144
-111
-131
-116
-162
-158
-146
-124
-117
-154
-157
-138
-129
-134
-128
-181
-145
-141
-137
-113
-102
-75
-118
-109
-99
-104
-119
-153
-141
-135
-114
-128
-103
-74
-119
-112
-89
-112
-126
-128
-103
-99
-157
-144
-97
-92
-65
-90
-93
-102
-133
-80
-75
-98
-121
-100
-97
-112
-104
-128
-114
-130
-134
-73
-105
-121
-104
-154
-117
-128
-135
-90
-110
-124
-106
-132
-130
-151
-176
-176
-158
-163
-171
-164
-114
-132
-161
-132
-155
-133
-136
-132
-127
-161
-182
-148
-154
-140
-149
-117
-151
-171
-153
-136
-144
-161
-185
-183
-147
-181
-184
-198
-168
-208
-197
-156
-148
-181
-188
-167
-150
-162
-146
-123
-133
-129
-179
-168
-127
-148
-139
-133
-124
-115
-155
-158
-175
-153
-159
-164
-107
-163
-156
-146
-162
-123
-126
-100
-101
-93
-116
-113
-89
-79
-76
-107
-112
-140
-116
-114
-130
-137
-128
-79
-80
-106
-109
-109
-97
-113
-104
-75
-113
-122
-120
-98
-71
-53
-74
-82
-52
-97
-101
-105
-114
-108
-111
-81
-105
-47
-27
-18
-39
-64
-57
-35
-18
-14
-34
-79
-44
-42
-49
-64
-70
-119
-84
-113
-75
-71
-80
-42
-69
-113
-90
-76
-99
-47
-61
-72
-98
-86
-80
-88
-72
-90
-91
-76
-77
-58
-30
-43
-33
-59
-58
-64
-53
-41
-54
-89
-97
-101
-67
-62
-110
-83
-92
-113
-65
-34
-91
-79
-58
-94
-70
-33
-48
-66
-118
-83
-117
-129
-116
-100
-111
-99
-77
-117
-133
-145
-73
-81
-141
-142
-128
-121
-160
-136
-118
-94
-80
-101
-103
-133
-112
-92
-71
-98
-77
-74
-86
-129
-129
-111
-121
-107
-106
-99
-140
-137
-171
-156
-88
-95
-75
-106
-107
-113
-110
-145
-143
-142
-159
-126
-155
-137
-158
-171
-145
-143
-160
-176
-174
-166
-157
-104
-150
-116
-101
-155
-132
-187
-144
-167
-154
-130
-151
-133
-128
-126
-143
-129
-139
-90
-101
-97
-108
-96
-56
-122
-101
-77
-114
-158
-140
-128
-85
-115
-127
-116
-106
-103
-117
-112
-118
-97
-97
-120
-109
-132
-127
-139
-122
-85
-111
-93
-84
-83
-124
-138
-135
-152
-154
-143
-146
-114
-121
-164
-139
-120
-146
-108
-169
-130
-133
-131
-92
-132
-124
-84
-70
-108
-80
-68
-65
-74
-71
-20
-6
-52
-108
-89
-98
-109
-122
-119
-78
-67
-76
-42
-37
-39
-66
-51
-75
-97
-81
-109
-61
-87
-53
-91
-105
-126
-84
-82
-118
-101
-114
-87
-136
-141
-92
-54
-94
-119
-87
-86
-85
-103
-110
-116
-128
-80
-105
-104
-79
-82
-52
-88
-107
-92
-75
-112
-126
-97
-83
-90
-120
-92
-90
-50
-21
-57
-64
-62
-87
-69
-93
-71
-50
-92
-64
-49
-40
-49
-60
-91
-64
-118
-130
-125
-114
-105
-87
-84
-101
-86
-48
-90
-98
-49
-78
-51
-73
-52
-94
-72
-46
-56
-55
-45
-27
-71
-21
-53
-20
-38
-37
-47
-64
-28
-12
-40
-50
-42
-30
-77
-84
-46
-72
-53
-44
-51
-40
-77
-98
-58
-55
-10
-27
-65
-73
-42
-50
-87
-53
-78
-105
-85
-72
-91
-118
-98
-78
-46
-61
-66
-70
-79
-73
-28
-33
-36
-56
-44
-18
-10
-28
-18
-5
-7
-3
-40
-19
-34
-29
-52
-35
-26
20
-8
-25
-20
-33
-32
-18
3
-19
-5
-22
-30
-17
-60
-36
4
-36
-14
-23
-40
-19
-22
-39
-40
-2
-2
-8
26
12
0
-7
-1
-5
17
32
20
6
2
39
-4
27
78
1
46
13
28
27
-23
-34
24
31
-12
-6
-20
-8
-8
6
-6
41
26
0
25
11
-15
3
17
-31
18
27
-17
25
7
23
27
13
-18
0
29
5
11
-26
32
33
11
37
1
-26
32
15
2
-27
-27
10
-15
1
-6
-31
-21
-9
1
8
12
4
19
25
17
27
8
15
19
-12
3
-11
-17
-23
-4
-5
-33
-3
1
-13
20
21
34
41
-16
34
0
-8
-24
-43
-10
6
-2
14
-4
-31
-38
-32
-34
-33
-5
5
21
-26
-11
-2
-25
-80
-18
-5
-54
-24
-8
-17
-6
-22
-45
7
9
40
33
47
57
23
28
43
44
23
44
4
20
26
7
52
64
23
60
57
74
43
35
50
15
64
11
34
2
4
2
-17
9
23
-4
2
37
-6
24
31
14
-32
-63
-11
5
-4
10
-5
-53
-38
-43
3
4
-26
-40
-40
-40
-70
21
-21
-64
-56
-70
-50
-55
-36
-16
1
-10
10
-3
-27
-2
-25
-22
-42
-52
-14
-19
-13
-29
-47
-27
-35
-44
-17
-49
-54
-24
-11
-16
-14
-31
-75
-31
-54
-51
-59
-82
-82
-76
-64
-61
-9
-34
-75
-51
-30
8
3
-34
-1
-4
-43
-34
17
2
-16
-17
-17
-47
-48
-54
-35
-42
-45
-55
-84
-122
-154
-122
-97
-122
-104
-83
-69
-63
-130
-139
-123
-113
-93
-89
-98
-109
-123
-150
-158
-111
-179
-153
-110
-146
-126
-107
-160
-159
-131
-90
-85
-84
-70
-104
-62
-93
-94
-78
-76
-76
-97
-59
-28
-50
-39
-55
-48
-68
-77
-86
-63
-102
-96
-98
-134
-110
-97
-116
-116
-91
-53
-19
-47
-83
-84
-62
-101
-115
-132
-122
-108
-98
-115
-91
-85
-108
-102
-95
-74
-67
-90
-105
-108
-105
-80
-97
-92
-79
-124
-89
-52
-59
-19
-39
-55
-46
-8
-24
-77
-7
-43
-25
-24
-41
-7
-76
-54
-51
-63
-36
-34
-38
-57
-47
-40
-72
-45
-4
-15
-22
-47
-20
-61
-31
-12
-26
1
-31
-25
-37
-28
-39
-49
-27
-55
-32
-6
-39
-22
-4
6
36
25
-3
-29
-37
-5
28
5
-3
44
31
36
-5
19
-8
-26
-1
-13
3
-4
-17
-31
-1
-30
-21
-17
-62
-49
8
-32
-59
-32
-58
-30
-21
-42
-68
-65
-72
-19
-25
-20
20
11
19
-6
-10
-20
-33
-57
-28
-49
-31
-5
-21
-23
-3
-16
-46
-79
-41
-46
-30
11
-53
-23
-21
-12
-11
-28
-67
-65
-33
-82
-60
-51
-43
-39
-20
-18
-46
-28
-48
-38
-18
-36
-54
-35
-40
3
-34
-41
-47
-46
-40
-89
-34
-43
-50
-51
-16
-15
-1
27
19
10
-33
14
-42
-48
-19
-14
4
-46
-12
-32
-14
-35
-77
-85
-71
-59
-57
-23
-20
-30
-50
-57
-49
-34
-55
-19
-32
-67
-48
-48
-15
-28
-64
-51
-46
-29
-29
-68
-69
-79
-96
-73
-75
-101
-105
-54
-50
-44
-25
-32
-16
-46
-68
-45
-66
-87
-85
-83
-84
-68
-66
-60
-62
-63
-19
-53
-32
-21
-20
-57
-81
-53
-72
-104
-101
-116
-115
-96
-56
-46
-66
-67
-66
-81
-119
-112
-94
-74
-76
-53
-88
-40
-42
-64
-34
-56
-10
-46
-33
16
21
31
-27
-48
-70
-104
-59
-48
-53
-58
-60
-72
-91
-100
-86
-100
-107
-90
-88
-73
-63
-52
-99
-103
-92
-122
-120
-132
-125
-124
-147
-112
-127
-151
-101
-141
-116
-97
-52
-44
-56
-55
-87
-55
-81
-63
-75
-84
-59
-91
-94
-55
-10
-22
-57
-64
-52
-88
-60
-59
-28
-37
-57
-41
-58
-22
-28
-37
-27
-26
-44
-15
0
-21
-41
-53
-67
-55
-51
-61
-89
-13
-30
-29
-8
-15
13
26
34
25
27
0
-27
6
-15
-47
-51
11
5
34
53
14
40
0
-12
-12
-46
-34
-61
-45
-30
-62
-47
-55
-4
-29
-38
-29
-17
-41
-25
-36
-15
-24
-58
-13
-12
-36
-12
-18
-13
13
-38
-15
-44
-36
3
-15
-32
-48
-40
-34
-29
-9
-17
-30
-38
-7
-6
-77
-48
-15
-23
21
2
-43
-55
-43
-20
-20
-44
-38
-31
-57
-28
-24
-29
3
3
-34
-34
0
-15
-4
-33
-45
-20
-59
-63
-42
-31
1
-19
-19
-20
-44
-48
-55
-36
-33
-63
-42
19
-18
-30
-34
-32
-33
1
0
-46
-45
-11
-46
-78
-24
-42
-70
-27
-43
-88
-60
-75
-68
-54
-97
-76
-76
-50
-54
-44
-65
-3
-17
-63
-36
-47
-12
-35
-25
-14
-37
-2
-14
12
-10
-31
-20
-34
-33
-13
-54
-37
-61
-61
-33
-89
-37
-58
-66
-48
-45
-59
-27
-62
-54
-15
-23
0
-4
-28
-18
-12
-40
-69
-29
-85
-79
-28
-50
-29
-39
-32
23
-22
-2
-10
-5
-7
-31
-50
-71
-70
-97
-47
-50
-66
-7
-11
-26
20
-34
-40
-57
-34
-27
-58
-20
-45
-41
-74
-42
-34
-58
-35
-77
-77
-13
-41
-68
-72
-86
-82
-103
-98
-102
-61
-108
-75
-72
-55
-46
-84
-68
-42
-52
-78
-43
-36
-64
-39
-1
-47
-61
-71
-80
-55
-44
-31
9
-6
23
-4
28
61
-14
-19
14
-17
-28
-19
-31
-38
-10
-27
-23
-26
-21
9
19
9
-9
-28
14
17
-21
43
-26
-47
-34
-45
-39
-34
-59
-57
-26
7
-43
-33
-22
-16
-23
-15
-4
-25
-12
-35
-25
-6
-20
15
-39
-81
-60
-25
-8
-7
-30
-26
10
-20
-4
-4
-35
-92
-55
-28
-4
-33
-55
-60
-36
-43
-24
-13
-23
-16
15
-29
-44
-9
1
11
-33
-6
-30
-54
-38
-23
-15
-26
-38
-44
-55
-76
-33
-83
-96
-74
-53
-24
-64
-51
21
1
-29
16
32
21
-11
7
21
-59
-29
-49
-36
3
-16
0
-4
10
-15
27
51
37
15
37
11
18
32
-28
-8
-12
-7
-13
18
30
28
58
22
13
16
-8
12
44
-24
9
48
18
15
32
58
13
30
-35
25
28
-29
29
15
50
44
53
93
59
36
80
32
43
68
48
41
10
28
21
-9
35
37
20
18
6
43
45
41
46
52
-8
3
-1
7
48
14
18
2
53
10
22
57
36
25
25
74
3
16
29
13
71
76
30
23
39
22
13
23
30
56
25
12
25
24
34
23
29
24
32
68
39
2
52
46
15
27
6
-16
-13
-50
-56
-15
-1
18
18
68
48
7
24
3
8
-42
-17
-39
-30
-18
-43
-34
-48
-43
-34
-1
-6
-12
13
-1
-47
-16
-48
-58
2
-30
-46
-44
-17
34
23
42
-6
15
16
5
13
19
29
-51
14
36
11
58
6
9
12
-15
-24
-19
-12
15
-41
-57
17
-2
-17
4
-50
-46
-10
-33
-55
-11
-1
-18
-8
0
-17
9
-38
-33
-51
-30
9
-45
-36
-52
8
-18
-16
5
-4
-9
4
27
-5
-66
-76
-65
-62
-64
-6
3
-5
-1
-39
16
2
-24
-6
-20
-40
-13
-3
-25
-30
-29
0
4
28
50
17
29
43
28
33
37
67
61
22
21
8
-18
-24
-9
42
18
0
35
28
42
49
60
30
56
37
31
23
17
43
59
48
52
73
-25
30
41
28
10
-10
-9
25
37
30
37
36
28
28
31
12
-5
18
48
24
12
16
55
34
-4
10
3
-55
12
14
-20
-41
-20
-37
-38
-20
-52
-15
-31
-32
-30
-24
-21
-15
31
7
-11
-42
-62
-88
-29
-30
-46
-42
-75
-67
-61
-80
-50
-37
-47
-45
-16
10
-21
-57
-46
-22
-50
-65
-67
-54
-83
-42
-74
-111
-64
-83
-35
-41
-63
-20
-20
-30
-40
-65
-14
-60
-44
-11
-57
-56
-88
-41
-41
-103
-21
-48
-84
-43
-39
1
20
-17
-44
-54
-47
8
-21
-34
-23
-43
0
20
-57
-15
-28
-71
-20
-52
-71
-83
-69
-66
-70
-46
-54
-5
-40
-71
-84
-94
-102
-103
-81
-93
-116
-89
-67
-44
-28
-26
-62
-69
-32
-3
33
-44
-4
20
-44
-20
-37
-5
-25
-43
-64
-87
-80
-75
-46
-69
-115
-63
-34
-38
-46
-67
-61
-88
-47
-81
-33
-4
-17
9
-24
-37
-79
-64
-23
-49
-49
12
-57
-7
26
-7
-6
-23
-42
-47
-19
-3
-28
-3
-26
-12
-20
24
26
6
47
-9
-8
-13
-11
-45
0
5
-35
19
17
-18
-6
30
27
19
24
75
38
46
-12
-22
17
-9
-50
-34
-13
-63
-48
-11
-19
-45
-31
-10
-45
-13
2
-32
-17
-14
-16
-48
-76
-41
-31
-85
-69
-13
-81
-76
-56
-31
-37
-21
-16
18
-13
-70
-45
-75
-16
-57
-71
-55
-47
-63
-50
-51
-18
-45
-67
-33
-43
-25
-20
-44
-58
-21
-37
-36
-13
16
-48
-9
-17
-7
14
-34
9
-8
36
15
34
46
-20
-55
-16
-28
-45
-32
-33
-46
-82
-71
-42
-14
-6
-34
-30
-62
-48
-42
-22
-15
-48
-61
-71
-54
-39
-74
-90
-46
-57
-22
-41
-75
-70
-59
-67
-108
-77
-71
-87
-73
-63
-91
-53
-58
-41
-49
-50
-48
-68
-40
-24
-48
-20
-45
-20
-6
-17
-17
-72
-51
-53
-52
-16
-42
-31
-34
-12
-32
9
52
45
19
-23
-24
-44
-5
-36
-72
-50
-68
5
-17
-55
-52
-13
-27
-50
-48
-52
-19
-4
-12
-30
-40
-31
-43
-15
-5
-53
-28
-10
20
2
-2
11
2
17
20
16
23
32
28
71
31
49
30
31
23
-7
29
26
5
11
20
10
-18
-31
-29
-23
-25
-56
-3
-37
-44
5
-41
-5
-15
19
34
6
-20
-55
-41
-11
8
-9
4
11
13
17
32
22
9
-1
60
30
13
19
15
59
13
26
44
25
54
7
17
29
-18
32
44
36
49
19
21
6
3
24
18
7
2
0
14
6
0
4
-1
-25
2
-33
-24
-19
-13
-15
13
22
-44
-7
11
-5
-33
15
-37
-17
-24
-32
24
-53
-55
-33
-23
-9
-46
-35
-18
-19
-3
26
13
4
3
14
-31
-48
18
12
-29
-29
33
15
-29
-9
-1
-21
-33
4
-5
-41
-13
-13
7
22
-40
-10
3
-13
16
-18
-18
1
-35
-3
23
-35
17
25
8
6
-10
-1
-19
-8
-3
-23
-3
-17
-20
-19
-43
2
-30
-8
9
-10
18
-12
-36
20
6
19
7
17
-7
-3
26
28
0
13
-18
-63
-40
-33
15
-17
-27
-21
-22
-57
-61
-35
-8
-21
-53
-10
-42
0
-5
-27
0
-11
-34
-25
-34
-21
-41
-7
5
-35
-60
-38
-58
-94
-74
-75
-62
-71
-53
-50
-26
-16
-42
-23
34
-13
-42
0
-46
-13
-14
-54
12
-23
-16
4
10
4
-17
-23
-20
-15
-39
-7
-38
-38
-45
3
-64
-51
-15
-67
-21
-17
-26
-30
-3
-23
8
-10
14
-14
-25
-31
7
28
12
18
5
25
11
-11
24
4
21
-4
36
35
11
49
22
13
61
78
55
27
29
5
-3
-1
9
29
27
56
48
62
56
70
56
26
42
49
51
73
48
45
43
33
53
19
33
47
1
40
93
60
55
13
23
53
68
56
63
94
87
110
82
47
52
41
60
76
20
44
23
18
48
60
58
41
47
25
7
27
33
9
39
63
8
21
39
59
22
14
57
45
60
47
52
45
10
53
57
18
7
39
47
45
24
13
42
61
59
65
78
102
98
49
63
32
58
49
68
58
39
71
32
49
66
61
56
44
64
50
46
54
-5
71
112
86
46
85
55
61
71
58
119
74
119
98
68
109
82
65
103
62
68
94
78
66
105
75
65
97
79
87
64
66
119
145
123
124
107
129
143
102
124
112
124
139
104
96
109
93
106
158
132
121
127
135
107
124
176
88
116
130
105
122
122
119
122
155
137
204
177
162
137
149
172
164
173
160
198
190
176
191
192
202
188
207
212
158
209
207
224
224
172
205
152
160
206
206
222
224
205
212
239
252
249
228
232
207
226
265
262
273
235
238
247
317
290
296
300
251
293
275
278
268
247
292
284
252
267
314
298
280
292
288
327
269
272
284
299
289
282
298
262
302
269
287
298
337
316
295
294
288
304
271
306
313
308
293
297
322
344
349
315
315
292
316
308
318
339
314
299
306
303
290
304
314
339
347
335
313
303
313
298
282
287
286
298
294
280
317
289
287
307
286
305
301
321
336
296
309
318
336
310
312
334
287
296
289
293
271
311
283
253
280
263
291
295
223
255
255
243
287
280
280
250
298
285
272
248
222
254
255
307
307
264
261
247
255
266
232
245
224
233
228
228
256
178
228
222
213
240
226
230
227
210
208
225
240
217
200
216
211
200
253
233
191
203
258
221
229
218
215
194
204
253
211
214
183
197
178
233
222
185
198
220
214
196
187
199
189
222
275
234
181
213
192
200
245
214
212
215
274
220
231
256
217
223
222
219
218
202
231
196
157
172
162
175
152
182
167
132
131
158
118
120
155
108
150
132
131
126
107
142
158
132
113
99
115
125
170
171
145
155
168
177
140
185
154
161
186
143
175
165
167
134
134
189
122
160
142
133
142
113
118
103
111
127
133
134
81
99
131
94
111
135
115
99
108
121
136
96
130
113
109
110
66
113
80
85
94
74
101
112
99
40
88
115
66
80
144
134
96
109
92
79
121
59
108
119
90
122
120
153
120
144
120
105
127
132
108
94
119
137
170
171
158
140
132
123
143
143
128
125
126
159
132
140
152
144
124
150
156
119
103
154
158
88
131
118
124
138
126
128
139
151
100
120
135
147
141
108
122
136
120
127
126
122
179
140
170
207
141
112
106
105
126
124
89
123
119
124
116
99
117
105
103
93
143
136
106
120
117
190
162
126
106
102
120
91
129
149
91
88
90
114
125
92
139
141
112
112
104
72
112
74
42
50
52
91
95
99
80
60
106
68
93
109
84
102
106
102
94
59
79
98
123
90
71
102
77
60
96
63
108
120
48
93
94
60
73
57
57
95
67
98
64
87
63
24
51
50
61
65
49
41
38
75
63
66
73
60
77
95
37
66
88
53
61
59
53
68
88
63
92
98
85
84
104
66
66
63
76
83
88
131
105
99
87
70
88
55
76
66
100
44
51
93
47
106
89
50
32
69
61
41
68
65
40
77
46
35
3
34
87
27
48
6
-28
38
41
25
45
54
55
72
68
70
97
73
44
-30
-3
31
50
20
36
39
33
72
64
39
66
93
49
49
3
29
82
34
47
19
34
79
83
86
18
12
23
13
-28
27
28
19
33
34
7
-6
39
15
7
-5
34
88
42
22
37
56
49
50
15
18
19
2
25
-4
-9
-29
-22
-13
17
-16
-14
39
39
-7
-26
-54
-10
0
-55
-50
-22
-31
-50
-71
-57
-94
-59
-59
-51
-85
-74
-33
-66
-42
-18
-32
-28
-43
-25
26
12
-43
-9
-5
-30
-25
-3
25
-4
29
-10
26
41
17
46
58
49
25
7
13
35
6
6
20
39
1
18
44
0
7
21
0
14
34
6
12
-6
-46
-45
-15
33
-1
-16
-30
-36
30
25
19
4
17
7
-15
-13
-25
19
-26
-49
-41
-19
-25
-21
-13
-3
21
5
-49
-34
-28
-22
-26
1
5
-6
-7
-31
-7
-26
29
57
42
12
39
-14
0
19
33
20
-5
33
-5
25
40
17
9
21
-12
38
23
18
69
40
49
49
23
38
33
20
6
9
-7
-21
-24
-6
4
33
9
37
10
-16
10
-15
0
-29
-30
21
-8
23
2
-30
-56
-21
12
-40
-10
-12
2
1
-11
17
-13
-70
-70
-32
-1
-16
6
24
-21
-6
-13
-15
-35
-46
-31
-46
-79
-92
-38
-44
-84
-61
-45
-66
-40
-51
-87
-56
-38
-96
-62
-65
-90
-87
-85
-39
-43
-72
-73
-42
-11
6
-10
-12
-7
-5
-17
-6
7
0
12
5
-43
-26
-8
-40
-30
-21
-23
-28
-2
-15
-13
8
-10
26
-8
-26
-22
-53
-57
-31
-57
-74
-20
-35
-61
-56
-75
-10
-12
-30
-30
-14
-5
-26
-40
-27
-63
-96
-74
-50
-83
-27
-12
-46
-17
-44
-42
-25
-3
-35
-36
-19
-38
-33
-23
-20
10
17
-22
-21
-24
-3
44
45
15
20
25
5
27
47
10
16
1
-30
-26
-16
-16
-10
21
-21
-12
-52
-29
0
-25
10
39
9
-2
21
30
27
-8
18
10
-6
-3
-9
18
-1
-17
-20
-24
-27
-20
-19
-19
-68
-72
-35
-67
-58
-84
-58
-12
-30
3
-24
-55
-26
-33
-45
-62
-39
-68
-30
-21
-48
-55
-95
-79
-46
-54
-79
-81
-91
-113
-102
-116
-96
-96
-124
-67
-92
-68
-53
-88
-80
-127
-111
-100
-93
-140
-145
-91
-114
-118
-129
-122
-124
-132
-118
-72
-118
-108
-81
-84
-71
-108
-101
-57
-86
-111
-115
-119
-91
-114
-80
-84
-21
-69
-91
-78
-89
-49
-76
-70
-78
-96
-95
-88
-101
-101
-84
-92
-84
-105
-112
-115
-113
-104
-107
-76
-71
-72
-64
-57
-38
-73
-55
-88
-69
-77
-117
-84
-76
-52
-78
-33
-63
-72
-59
-69
-35
-79
-89
-74
-146
-115
-102
-113
-112
-81
-74
-60
-37
-72
-52
-70
-1
-7
-51
-94
-100
-58
-66
-100
-88
-76
-28
-35
-79
-42
-54
-53
-66
-64
-70
-71
-67
-81
-98
-60
0
-35
-30
-28
-13
1
-33
-24
-41
-26
-55
-45
-84
-95
-29
-90
-89
-66
-57
-85
-95
-68
-73
-96
-95
-99
-109
-53
-83
-110
-80
-115
-105
-78
-61
-53
-66
-95
-111
-115
-115
-96
-117
-146
-118
-121
-102
-74
-85
-99
-68
-100
-101
-80
-102
-105
-118
-106
-90
-94
-91
-74
-102
-53
-47
-51
-63
-79
-111
-100
-80
-91
-79
-86
-101
-67
-80
-72
-51
-51
-56
-73
-42
-33
-27
-41
-9
-19
-24
-38
-31
-44
-79
-53
-36
-42
-61
-44
-41
-13
-65
-27
-33
-40
-30
-48
-43
-21
-19
-64
-46
-120
-82
-73
-60
-82
-77
-31
-101
-93
-72
-64
-87
-68
-85
-78
-18
-81
-66
-66
-77
-63
-36
-30
-13
-48
-50
-62
-45
-26
-28
-25
-32
-49
-62
-58
-59
-18
-64
-53
-4
-42
-26
-86
-86
-56
-54
-54
-53
-37
-49
-44
-67
-68
-130
-81
-49
-144
-99
-100
-121
-92
-77
-80
-86
-92
-119
-121
-112
-63
-81
-84
-80
-64
-79
-108
-90
-106
-77
-138
-129
-134
-146
-127
-110
-78
-101
-100
-159
-145
-141
-180
-161
-121
-102
-110
-113
-138
-120
-132
-155
-136
-118
-105
-123
-124
-137
-163
-156
-148
-119
-146
-159
-132
-127
-110
-119
-122
-123
-102
-115
-97
-60
-79
-96
-104
-110
-119
-130
-71
-75
-105
-101
-78
-93
-126
-125
-127
-134
-122
-75
-112
-103
-104
-116
-110
-119
-121
-130
-128
-112
-127
-145
-135
-203
-172
-148
-176
-158
-147
-164
-156
-132
-113
-162
-168
-139
-91
-77
-113
-126
-157
-113
-112
-89
-53
-102
-127
-79
-88
-88
-60
-81
-92
-125
-130
-86
-138
-98
-76
-114
-76
-80
-117
-82
-105
-104
-75
-145
-109
-98
-166
-111
-94
-137
-69
-81
-77
-77
-83
-117
-100
-60
-110
-90
-50
-67
-58
-98
-96
-105
-104
-82
-91
-16
-81
-88
-76
-78
-101
-99
-65
-91
-87
-65
-91
-131
-112
-85
-70
-61
-53
-93
-79
-61
-85
-92
-93
-84
-89
-77
-85
-138
-116
-114
-89
-110
-129
-78
-108
-99
-136
-104
-126
-73
-112
-144
-96
-97
-83
-102
-105
-73
-76
-123
-92
-56
-53
-43
-58
-76
-20
-56
-46
-56
-77
-24
-32
-17
-7
-2
-46
-76
-82
-61
-24
-82
-47
-73
-98
-63
-79
-98
-103
-98
-99
-157
-142
-105
-104
-102
-109
-137
-123
-102
-124
-99
-114
-152
-138
-134
-119
-88
-102
-89
-90
-98
-126
-82
-97
-73
-60
-62
-39
-61
-31
-53
-70
-60
-67
-99
-88
-34
-59
-75
-77
-70
-89
-92
-52
-89
-96
-125
-138
-77
-85
-68
-69
-117
-99
-111
-91
-61
-131
-122
-102
-122
-86
-110
-98
-64
-96
-97
-70
-84
-115
-98
-108
-95
-105
-143
-106
-120
-84
-84
-73
-112
-91
-48
-84
-91
-78
-107
-60
-71
-88
-94
-77
-83
-119
-65
-112
-128
-94
-98
-76
-100
-102
-81
-83
-80
-91
-90
-101
-89
-122
-126
-109
-94
-139
-124
-90
-105
-85
-92
-129
-111
-116
-144
-96
-93
-70
-89
-106
-75
-112
-99
-96
-67
-80
-78
-61
-126
-79
-136
-109
-112
-147
-159
-119
-104
-97
-96
-96
-86
-122
-107
-83
-76
-112
-119
-141
-138
-152
-50
-86
-147
-111
-132
-116
-86
-70
-69
-29
-36
-77
-41
-89
-114
-110
-80
-81
-94
-82
-94
-65
-76
-39
-86
-87
-65
-78
-105
-97
-55
-54
-73
-55
-40
-47
-39
-35
-8
-55
-7
-15
-90
-58
-56
-80
-120
-85
-75
-78
-39
-80
-103
-60
-42
-57
-55
-67
-75
-75
-68
-88
-82
-59
-87
-54
-42
-93
-70
-76
-42
-68
-66
-48
-62
-50
-97
-97
-74
-81
-106
-76
-92
-83
-67
-96
-89
-61
-100
-103
-109
-81
-58
-94
-41
-75
-87
-80
-72
-23
-77
-59
-63
-62
-38
-75
0
-44
-32
-31
-75
-47
-81
-87
-92
-68
-89
-88
-59
-44
-66
-65
-61
-86
-60
-82
-41
-29
-86
-61
-83
-121
-94
-110
-72
-91
-96
-85
-50
-41
-58
-20
-41
-21
-26
-18
-55
-67
-47
-28
-32
-32
-47
-58
-36
-51
-46
-69
-80
-78
-86
-100
-77
-48
-74
-77
-35
-10
-40
-51
-5
-15
-39
-10
-9
-7
10
28
-12
-91
-57
-37
-47
-29
-40
-29
-38
-49
-55
-9
-60
-52
-60
-39
-4
-37
-8
-5
12
-19
-61
-41
7
40
55
28
-8
19
11
40
28
-19
36
41
30
16
23
19
5
26
57
41
-10
-6
-16
-4
33
19
-36
-63
-72
-82
-35
-37
-21
-26
-21
-21
-21
-6
-72
-47
-32
-69
-39
-13
-32
-17
-49
6
11
-39
15
-19
37
27
-3
-30
-34
15
-6
3
-26
-25
26
6
51
45
9
58
34
16
24
38
51
37
74
90
61
42
73
76
44
9
12
22
22
51
23
26
18
31
-6
-53
25
22
4
9
-1
22
-10
20
26
29
17
36
14
7
64
36
-2
-14
55
4
35
66
4
-37
-40
-25
-17
-27
-11
-18
-22
-29
1
-1
-27
-34
-41
11
23
-13
-14
14
-45
-45
-35
3
8
-10
-22
-32
-5
-17
15
14
5
-15
-30
5
7
-31
-9
-11
-25
-3
-20
-11
-17
29
-14
-47
-35
-12
7
-5
37
-2
-18
-10
-33
-8
3
-6
-28
-51
-35
-19
-46
0
18
3
-57
-16
-10
-22
-11
-35
-4
-8
-1
7
-26
-27
-18
-15
-24
-10
-2
-28
-55
-53
-62
-56
-36
-51
-21
-8
13
-33
9
-20
-30
-39
-36
-29
-65
-47
-46
-46
-5
-11
-79
-88
-49
-98
-73
-69
-66
-51
-71
-73
-77
-70
-24
-31
-64
-39
-68
-85
-80
-51
-56
-58
-17
-70
-112
-48
-28
-61
-82
-54
-49
-61
-33
-49
-84
-31
-51
-12
18
-47
-39
-64
-69
-4
-12
-52
24
11
3
30
-5
17
10
-69
-29
-22
-74
-47
-19
2
-28
6
-21
-7
19
-49
-11
-44
-83
-69
-28
-59
-84
-82
-90
-87
-97
-60
-63
-46
-68
-97
-72
-11
-49
-57
-22
-51
-40
-29
-34
-42
-26
-1
8
24
4
24
-30
-36
17
-24
-27
-19
15
-7
-9
4
0
-6
-23
-7
14
-26
-23
-22
-62
-61
-41
-36
-52
-28
-31
-31
-33
-37
-84
-59
-69
-75
-60
-76
-61
-48
24
7
-27
-34
-24
-56
-82
-45
-34
-59
-43
-72
-42
-62
-67
-30
-84
-29
-83
-102
-54
-59
6
27
-2
-31
-56
-26
3
-17
-22
-43
-31
-11
-69
-35
-9
-12
-28
-42
-2
4
-14
-14
-4
8
41
34
36
29
39
71
54
14
48
42
24
61
25
39
87
19
32
3
22
16
-26
-1
-14
27
4
42
17
46
21
41
75
74
82
39
84
71
62
65
27
49
13
-5
10
-5
2
38
23
-45
-7
37
32
46
46
81
34
32
58
71
44
73
108
59
80
8
15
6
26
59
81
66
87
70
10
14
2
0
-2
18
9
4
15
4
-26
19
6
49
-10
4
17
22
-41
-16
-54
-93
-149
-83
-190
-143
-1118
-3116
-3632
-4198
-4755
-4386
-4573
-4173
-2039
-668
367
2261
2675
2149
2260
2275
1268
35
-771
-1858
-2424
-2413
-2747
-2991
-3023
-3452
-3218
-2656
-3038
-2861
-2227
-1928
-1053
209
1050
1559
2284
2604
2820
2825
2388
1077
-51
-424
-1334
-1726
-1814
-2175
-1628
-742
-338
313
1060
939
1230
1925
2204
1912
1867
1989
1933
2318
2606
2091
1881
1784
1598
1834
1697
953
338
-77
-219
-275
-705
-1319
-1290
-932
-632
-178
405
462
427
1105
1536
1479
1402
1047
1024
1179
1053
900
666
267
107
110
-98
-453
-941
-1035
-1026
-803
-419
-312
-114
299
670
1011
1231
998
770
529
205
-88
-789
-1541
-2168
-2744
-3094
-3393
-3638
-3862
-3881
-3659
-3223
-2806
-2489
-2172
-1855
-1395
-1046
-721
-623
-783
-883
-875
-1051
-1340
-1643
-2019
-2206
-2182
-2074
-2095
-2009
-1882
-1604
-1128
-823
-508
-210
170
578
1045
1366
1450
1413
1506
1741
1698
1841
1980
1957
2458
3125
3592
4530
5081
5276
5829
6452
6677
7040
7012
6299
5761
4702
3275
1684
37
-1515
-2720
-3366
-3734
-3519
-3010
-2175
-1229
-266
559
1060
1449
1627
1957
2246
2267
2465
2777
2994
2928
2784
2224
1468
438
-777
-1812
-2843
-3503
-3936
-3781
-3266
-2411
-1384
-372
615
1452
2065
2384
2445
2372
2145
1953
1720
1573
1391
1163
931
508
21
-606
-1194
-1865
-2370
-2619
-2693
-2417
-1877
-1096
-188
724
1511
2140
2502
2543
2394
2083
1617
1009
496
-13
-341
-584
-874
-1042
-1246
-1543
-1724
-1931
-1793
-1816
-1577
-2184
-3068
-3628
-4425
-4154
-3936
-4251
-4128
-3340
-2788
-1783
-910
-1055
-1114
-1234
-1402
-1798
-2113
-2756
-3644
-3543
-3504
-3424
-3112
-3132
-3397
-2794
-2294
-2197
-1739
-1688
-1492
-762
38
481
822
1023
988
1293
1489
1488
1211
1062
944
1098
1697
1791
2350
2952
3693
5343
6877
8068
9371
10958
11476
11780
10207
6648
4047
858
-2680
-5121
-7234
-8688
-8066
-6748
-5184
-2676
-967
177
1607
2888
3462
3453
3683
3845
4443
5281
5822
6063
6037
5099
4020
2862
425
-1976
-4259
-6087
-6994
-6991
-6355
-5465
-3780
-1796
275
2103
3246
3663
3821
3928
3557
3291
2867
2287
2116
1993
1795
1399
651
-563
-1627
-2678
-3652
-4346
-4874
-4735
-4045
-2829
-1281
135
1538
2530
3404
3781
3676
3033
2142
1128
7
-1286
-2637
-4149
-6017
-6592
-7699
-8307
-7951
-8237
-7394
-5598
-4526
-3082
-1245
-640
304
1262
1057
763
135
-872
-1991
-2651
-3633
-4652
-5128
-5549
-5834
-5574
-5178
-5097
-4358
-3671
-3078
-1840
-970
-205
477
1174
1487
1926
2114
1881
1808
1552
1685
1969
2609
3211
4119
5302
6484
8060
9811
11348
13173
15166
16567
18756
19873
19595
18563
13267
4498
-4380
-12332
-18266
-22354
-26371
-27298
-22452
-14864
-7062
219
6396
10273
12823
14742
15015
13539
10686
8122
7696
8622
8549
7721
6404
3744
948
-2389
-6956
-12425
-17330
-20058
-19759
-16921
-12994
-8192
-2536
3747
9389
13853
15719
14861
12950
10467
7982
5416
2441
-115
-1333
-1457
-1350
-1690
-3048
-5073
-7178
-8565
-9497
-10241
-10162
-8942
-5812
-1465
2956
6805
9658
11261
11781
11296
9457
6396
2699
-674
-2952
-4431
-5334
-6017
-6177
-5957
-5481
-5828
-6916
-8661
-10860
-10907
-10213
-8807
-5967
-3499
-681
3350
5846
6457
6459
4035
688
-1705
-4430
-7309
-9126
-9927
-10238
-8687
-6827
-6184
-5325
-4614
-4557
-3903
-2885
-2767
-1946
-332
1211
3243
4859
5444
5080
4675
3640
2417
1298
-103
-749
-238
1666
3642
6353
9071
11764
14976
16740
18220
18610
19190
19729
18836
17038
9572
-138
-7541
-13514
-17552
-21295
-26091
-25791
-19392
-13081
-5727
997
5076
8596
11758
14801
15621
13847
10709
8867
9273
9778
8601
6641
4282
794
-1046
-3898
-8503
-13380
-17703
-18799
-17124
-13884
-10677
-6620
-1660
3945
9551
13197
14400
12964
11474
10025
8102
5928
2364
-294
-1276
-1637
-1845
-2656
-4635
-6757
-7901
-8486
-8505
-8954
-8767
-7167
-4017
302
3758
6777
8730
9662
10261
9951
8141
5040
1676
-1351
-2886
-4386
-5474
-7228
-9315
-10434
-12318
-12589
-12950
-13946
-12604
-10054
-7006
-2198
1514
3476
6358
7333
6611
5766
2916
-1022
-4205
-6439
-8632
-9406
-9516
-9890
-8969
-7102
-6034
-5199
-3843
-3911
-2955
-1089
-86
1559
3089
4261
5433
6809
6463
5473
3967
2040
816
324
233
802
3005
5981
9520
13267
16524
17944
19337
20324
20295
20094
18032
12903
3907
-4181
-10646
-15983
-19453
-24108
-26354
-22341
-15189
-8661
-2241
2943
6838
10701
13384
15270
14728
12111
9603
9262
10199
9173
7207
4883
2261
-581
-2974
-6780
-11673
-15878
-18464
-17270
-14716
-11490
-7965
-3331
2057
7336
11714
13392
13017
11292
9870
8200
6109
3447
144
-1327
-1588
-1702
-2128
-3524
-5391
-6807
-7467
-7737
-7869
-8202
-7530
-5039
-1353
2317
5052
7363
8563
9189
9266
8027
5606
2390
-514
-2560
-3775
-4995
-6446
-9293
-11038
-11847
-12524
-11609
-12226
-12289
-9320
-6241
-2604
1534
3090
4082
5456
5004
4302
2405
-1342
-4513
-6392
-7773
-8554
-8637
-9035
-9070
-7544
-5921
-5121
-4183
-3884
-3634
-1701
-133
1110
2439
3156
4040
5527
6205
5293
3929
1933
337
69
119
247
1360
3958
7046
10749
14420
16728
17703
18611
19310
19200
19604
17882
13522
5973
-2414
-9111
-14373
-18337
-22935
-25723
-23120
-17089
-10532
-3783
2071
6110
9943
13102
15377
15266
12814
10257
9263
9537
8715
7120
4882
2322
-250
-2469
-5577
-10295
-14372
-17371
-17194
-14983
-12260
-8838
-4726
417
5697
10531
12935
13163
11970
10410
8885
6648
3860
579
-1410
-2059
-2245
-2392
-3400
-4950
-6366
-6980
-7111
-7304
-7692
-7344
-5263
-2091
1404
4346
6646
8030
8825
9022
8203
6024
2845
-260
-2330
-3794
-5049
-6965
-9557
-10332
-10903
-11560
-10600
-10855
-11109
-8172
-5784
-3571
480
2080
2082
4049
4631
2899
1600
-547
-4147
-5691
-6380
-8067
-8373
-8057
-8646
-7259
-5055
-4834
-4022
-2842
-2785
-1705
184
899
1505
2910
3615
4716
5650
4865
3518
2142
797
164
303
577
1961
4560
8121
12304
15335
17678
18720
19362
20296
20235
19379
17303
12216
3211
-4743
-10967
-16092
-20026
-24249
-26002
-22262
-15406
-8913
-2257
3547
7269
10930
14139
15915
15211
12892
10378
9686
9986
8758
6814
4304
1595
-1113
-3434
-6916
-11676
-15602
-17830
-17042
-14582
-11382
-8008
-3529
1751
6913
11428
13429
13164
11747
10331
8620
6423
3441
192
-1590
-2213
-2387
-2804
-3965
-5662
-6935
-7108
-7278
-7456
-7558
-6778
-4470
-1118
2206
4866
7039
8144
8724
8795
7626
5176
2129
-780
-2891
-3983
-5550
-6943
-8515
-10120
-10450
-10314
-10442
-10152
-9226
-7962
-5413
-2386
-328
1431
2869
3174
3097
2938
958
-1602
-3332
-5369
-6854
-7173
-7678
-8146
-7459
-6632
-5843
-4642
-4193
-4038
-3246
-2226
-1437
-255
963
1560
2647
3922
4517
4594
3917
2620
1316
690
522
458
1414
3042
5419
8875
12154
14101
15605
16605
17400
18349
18359
18401
17050
13649
6360
-1902
-8374
-14419
-19231
-23220
-25573
-23231
-17153
-10879
-3716
2989
7093
10885
13867
15544
15113
12774
10156
8592
8287
7591
6318
4671
2504
-41
-2146
-5136
-9713
-13599
-16527
-16837
-15161
-12508
-8975
-4672
457
5482
10224
12701
13097
11889
10204
8402
5810
3213
261
-1576
-2078
-2238
-2192
-2806
-4063
-5454
-6050
-6601
-7098
-7407
-7053
-5225
-2407
1030
3846
6319
7890
8504
8733
7750
5521
2413
-525
-2808
-4220
-5592
-6559
-7637
-9211
-9449
-9358
-9537
-8927
-8640
-8234
-5764
-2868
-1082
1136
2723
3059
3454
3410
1770
-665
-2909
-5359
-6868
-7245
-7939
-8211
-7465
-6807
-5746
-4233
-3821
-3711
-3175
-2693
-1740
-472
521
1367
2470
3838
4910
5499
4675
3339
1983
1016
866
835
1016
2319
4624
7540
11169
13450
14712
16385
16994
17653
18231
18056
17176
15098
9037
639
-5932
-12125
-17009
-20884
-23968
-23487
-18519
-12176
-5828
1107
5971
9174
12269
14465
14636
12925
10430
8278
7914
7631
6597
5225
3404
930
-1319
-3624
-7639
-11687
-14949
-16224
-15117
-12719
-9540
-5920
-1157
3539
8143
11468
12420
11547
10066
8400
6248
4011
1291
-897
-1694
-1845
-1749
-2110
-3193
-4682
-5669
-6147
-6738
-7046
-6975
-5671
-3226
-51
2888
5378
7030
7709
7905
7213
5505
2854
61
-2314
-3988
-5029
-5959
-7598
-8834
-9080
-9413
-8885
-8129
-8704
-7737
-5457
-3930
-1351
1069
1260
1983
3239
2484
1289
58
-2840
-5111
-5727
-6648
-7435
-7094
-7263
-7046
-5252
-4445
-4408
-3595
-3496
-3344
-1891
-731
-285
959
2005
3052
4652
5351
4550
3369
2322
1138
1136
1255
1220
2458
4624
7164
10417
13105
14385
15406
15879
16417
16935
17256
16725
14546
10302
2898
-4102
-9723
-15182
-19455
-22489
-23325
-19750
-13757
-7656
-977
4513
8195
11613
13990
14783
13382
10986
8762
7559
7186
6222
4852
3272
1322
-905
-2806
-6101
-10188
-13273
-15177
-14665
-12786
-10010
-6731
-2461
2246
6728
10251
11702
11473
9994
8557
6607
4260
1863
-525
-1520
-1625
-1518
-1597
-2415
-3686
-4748
-5411
-6091
-6536
-6748
-6005
-4019
-1196
1725
4077
5898
6869
7187
6838
5521
3251
688
-1716
-3390
-4184
-5012
-5833
-6193
-6903
-7129
-6893
-7509
-7719
-7327
-7092
-5356
-3245
-2005
-314
1279
1987
2549
2369
839
-1146
-2923
-4734
-6005
-6478
-7105
-7260
-6366
-5592
-4862
-3842
-3688
-3757
-3210
-2783
-2151
-1113
-215
758
2325
3808
4760
5092
4450
3320
2403
1749
1209
1304
1811
3042
5711
8356
10755
13268
14633
15272
16344
16621
16183
16712
14971
11912
7751
331
-6054
-11142
-16132
-19352
-21012
-20583
-16374
-10624
-4711
1212
5964
9592
11785
13288
13498
11529
9441
7608
6306
5924
5153
3726
2544
627
-1694
-3685
-6932
-10158
-12711
-13763
-12926
-11042
-8033
-4696
-632
3546
7388
9847
10944
10341
8710
7295
5012
3006
983
-843
-1465
-1462
-1346
-1554
-2256
-3312
-4260
-5103
-5611
-6035
-5950
-4821
-3084
-363
2168
4252
5849
6499
6516
5792
4271
2128
-70
-2026
-3432
-4144
-5253
-5949
-6646
-7105
-6983
-7120
-6984
-6945
-6434
-5251
-3820
-2269
-656
160
930
1923
1691
1041
-130
-1998
-3689
-4920
-5884
-6572
-6783
-6813
-6319
-5407
-4424
-3889
-3488
-2977
-2853
-1956
-1233
-731
138
847
1761
2709
3490
3643
3492
2725
2084
1744
1534
1977
2289
3445
5359
7395
9571
10931
11869
12722
13308
14111
15356
15860
16490
15196
12439
8277
1099
-5529
-11732
-17109
-19932
-21265
-20288
-15320
-9273
-3292
3239
7878
10913
12512
12758
12147
9989
7823
5941
5165
5048
4531
4024
3277
1400
-1016
-3365
-6922
-10040
-12453
-13777
-12942
-10859
-7662
-3723
616
4546
7962
10104
10667
9782
7970
5992
3662
1924
451
-674
-782
-701
-616
-788
-1611
-2959
-4343
-5581
-6353
-6467
-6076
-4690
-2533
205
2682
4711
6091
6279
5856
4740
3127
1143
-781
-2458
-3349
-3867
-4625
-5049
-5692
-6205
-6364
-6853
-6935
-6821
-6417
-5242
-3753
-2279
-568
541
1131
1845
1616
608
-616
-2260
-4025
-5278
-6034
-6780
-6784
-6458
-6026
-5128
-4242
-3695
-3258
-2815
-2759
-2204
-1529
-972
-132
670
1523
2485
3421
3903
3814
3041
2475
1820
1487
1863
1917
2828
4568
6000
8162
10461
11486
12120
13301
13531
14534
15417
15554
14847
12896
8997
2029
-3687
-9030
-14696
-17819
-19438
-19728
-15591
-9671
-4779
1344
6171
8773
11077
12035
11552
10071
8116
6143
5302
5244
4533
3636
3068
1493
-815
-2409
-5627
-8949
-11072
-12591
-12139
-10348
-7672
-4591
-504
3124
6331
8754
9550
8965
7648
6276
4266
2682
1400
-8
-330
-325
-609
-860
-1701
-3171
-4351
-5275
-6023
-6057
-5645
-4456
-2542
-134
2210
3905
5352
5713
5352
4731
3392
1536
-159
-1679
-2947
-3514
-4557
-5270
-5760
-6245
-6483
-6787
-6502
-6298
-5832
-4495
-3249
-2076
-395
480
967
1814
1330
206
-617
-2166
-3792
-4826
-5700
-6438
-6476
-6175
-5718
-4735
-3805
-3369
-2938
-2260
-2186
-1801
-1147
-989
-422
331
1067
1971
2825
3332
3549
3149
2715
2128
1693
2014
2038
2496
3781
5023
6407
8428
9808
10597
11541
12272
12916
14202
15177
15041
14014
12043
8440
2687
-3101
-8919
-13980
-16634
-18115
-17868
-14343
-9480
-4540
1099
5714
8755
10651
11059
10735
9576
7804
6091
5028
4707
4060
3510
3021
1514
-569
-2672
-5250
-7841
-10005
-11400
-10954
-9547
-7006
-3833
-309
3002
5772
7973
8859
8513
7364
5805
3990
2545
1264
110
-447
-812
-1108
-1466
-2209
-3167
-4151
-4915
-5325
-5155
-4633
-3708
-2094
-20
1947
3568
4667
5023
4693
3908
2761
1219
-490
-1928
-3139
-3900
-4147
-4725
-5179
-5465
-5748
-5587
-5471
-5564
-4993
-4384
-3442
-2039
-984
-23
471
310
328
-198
-1544
-2540
-3641
-4765
-5257
-5339
-5348
-5110
-4618
-3992
-3338
-2704
-2464
-2392
-2111
-1992
-1797
-1362
-976
-567
209
798
1455
2264
2599
2554
2323
2043
1838
1819
2088
2510
3014
3962
5332
6643
8198
9272
9874
10814
11820
12324
13253
14263
14119
13681
12038
8850
3643
-2420
-8187
-12854
-15578
-17182
-17228
-14440
-9547
-4479
819
5484
8098
9653
9998
9783
8838
6968
5121
4166
4066
3833
3671
3111
1831
-113
-1995
-4196
-6843
-8923
-10513
-10299
-8775
-6380
-3462
-311
2708
5236
7262
8000
7684
6374
4746
3166
1816
836
-224
-740
-834
-876
-999
-1444
-2346
-3471
-4223
-4703
-4685
-4215
-3452
-2061
-115
1748
3169
4160
4333
3777
2912
1615
118
-1458
-2738
-3861
-4260
-4466
-4664
-4458
-4526
-4752
-4696
-4366
-4372
-4011
-3450
-3084
-2180
-1337
-975
-694
-501
-940
-1397
-1757
-2636
-3430
-4069
-4388
-4436
-4117
-3778
-3535
-3076
-2757
-2594
-2464
-2516
-2687
-2585
-2271
-1841
-1206
-473
279
1000
1749
2337
2751
2707
2181
1814
1486
1661
2120
2575
3348
4571
5876
7016
8365
9370
9734
10277
11079
11510
12653
13653
13187
12334
10608
7392
2401
-2947
-8589
-13159
-15274
-16413
-15933
-12836
-8429
-3770
1392
5615
8027
9594
9541
8871
8111
6534
4710
3752
3429
3010
2870
2398
1053
-776
-2535
-4685
-6775
-8283
-9610
-9416
-7864
-5575
-2691
387
2843
4952
6638
7181
6790
5527
3951
2366
1166
362
-362
-733
-897
-1101
-1196
-1562
-2468
-3466
-4200
-4629
-4397
-3774
-2883
-1535
25
1647
2942
3755
3695
3116
2272
978
-292
-1521
-2831
-3664
-4221
-4534
-4412
-4534
-4832
-4735
-4752
-4525
-4029
-3938
-3595
-2850
-2264
-1461
-764
-583
-682
-776
-1083
-1639
-2204
-2920
-3615
-3921
-3813
-3734
-3544
-3326
-3211
-2904
-2667
-2708
-2757
-2802
-2836
-2485
-1843
-1242
-534
141
730
1352
2109
2495
2568
2271
1921
1872
1964
2201
2523
3110
3785
5034
6330
7280
8385
9046
9391
10309
11251
12001
13017
12918
11801
10121
7675
3412
-1921
-6947
-11254
-13734
-14474
-14415
-12364
-8532
-4625
-362
3971
6472
7726
8165
7823
7362
6356
4971
3933
3534
3152
2870
2558
1484
-431
-2164
-3884
-5812
-7179
-8347
-8565
-7535
-5477
-3076
-462
1904
3658
5218
6029
5944
5032
3738
2370
1342
679
-15
-494
-774
-1112
-1317
-1689
-2364
-3245
-3961
-4336
-4033
-3353
-2614
-1509
-197
1237
2414
3108
3291
2792
1953
977
-81
-1224
-2302
-3290
-3784
-3982
-4317
-4248
-4376
-4630
-4506
-4308
-4188
-3612
-2979
-2630
-1765
-829
-499
-285
-167
-600
-1097
-1498
-2203
-2821
-3148
-3478
-3619
-3351
-3205
-3231
-2955
-2994
-3175
-3077
-3066
-3149
-2969
-2571
-2159
-1476
-697
-213
224
665
875
1013
1351
1416
1629
1825
1786
2089
2444
2638
3047
3518
3902
4657
5485
6321
7397
8502
9611
10796
12122
13104
13064
12797
11161
8303
4930
-191
-5380
-9334
-12503
-14125
-13912
-12679
-9566
-5534
-1809
2097
4946
6396
7034
7146
6803
5883
4953
4271
3766
3582
3472
2816
1954
356
-1761
-3299
-5221
-6877
-7862
-8017
-7256
-5517
-3213
-910
1353
3118
4598
5280
5343
4725
3506
2511
1484
780
206
-418
-830
-1087
-1385
-1774
-2172
-2890
-3308
-3549
-3388
-2783
-2054
-1018
78
1270
2205
2709
2706
2180
1277
306
-609
-1595
-2557
-3206
-3460
-3592
-3569
-3559
-3690
-3722
-3799
-3840
-3670
-3335
-2898
-2223
-1472
-873
-327
-124
-175
-360
-764
-1392
-1983
-2439
-2895
-3189
-3172
-3163
-3152
-2957
-2918
-2945
-2787
-2885
-2925
-2687
-2535
-2297
-1802
-1324
-1039
-675
-358
-217
-60
43
-177
-121
171
283
607
1221
1502
1684
2206
2522
2890
3473
3926
4536
5500
6451
7518
8841
10353
11342
12604
13655
13492
12884
10621
7186
2625
-2653
-7163
-10793
-13314
-14256
-13688
-11425
-7764
-3941
-192
3047
4931
6231
6805
6826
6373
5558
4888
4537
4309
4022
3497
2332
877
-1028
-2882
-4646
-6563
-7726
-8132
-7443
-5977
-3904
-1646
528
2473
4030
5097
5195
4802
3892
2747
1890
979
298
-309
-815
-1026
-1204
-1466
-1905
-2403
-2879
-3074
-3013
-2624
-2010
-1249
-240
818
1755
2226
2386
1983
1219
384
-480
-1384
-2191
-2756
-3267
-3275
-3253
-3190
-3113
-3172
-3111
-3070
-2918
-2742
-2587
-2191
-1639
-1090
-481
-94
-33
-230
-590
-1061
-1576
-2222
-2693
-2984
-3132
-2890
-2692
-2467
-2384
-2388
-2310
-2322
-2468
-2625
-2638
-2580
-2255
-1783
-1299
-899
-475
-286
-292
-366
-664
-1154
-1557
-1718
-1664
-1325
-891
-386
191
863
1433
1838
2216
2576
2987
3622
4387
5123
5540
6262
6991
7692
8988
9892
10717
11765
11749
10474
8413
4997
598
-3433
-7307
-10417
-12146
-12612
-11438
-8731
-5336
-2199
887
3513
4897
5758
6215
5770
5039
4416
3822
3687
3454
2844
2212
1149
-276
-1827
-3343
-5019
-6325
-6845
-6606
-5651
-4110
-2082
-373
1583
3128
4053
4472
4037
3267
2386
1431
543
41
-463
-791
-725
-754
-845
-1162
-1532
-1918
-2249
-2361
-2302
-1961
-1463
-785
38
691
1003
1108
904
360
-181
-898
-1553
-2019
-2299
-2399
-2322
-2199
-2138
-2045
-2163
-2262
-2353
-2439
-2373
-2192
-1886
-1449
-936
-547
-397
-400
-566
-930
-1316
-1805
-2158
-2330
-2371
-2174
-1864
-1662
-1369
-1232
-1260
-1362
-1641
-1978
-2301
-2472
-2458
-2364
-1998
-1526
-1084
-622
-328
-329
-511
-763
-1123
-1333
-1498
-1383
-1053
-529
80
661
1082
1364
1427
1180
943
778
685
807
1187
1634
2343
3190
4062
4984
5949
6821
7957
8827
9691
10724
12127
11679
9338
6707
2856
-857
-4135
-8084
-10713
-11254
-11386
-9735
-6122
-3267
-859
1637
3742
5235
5875
5693
4928
4295
3721
3373
3322
2706
1460
803
17
-1458
-2520
-3953
-5414
-5927
-5577
-4677
-3375
-1844
-466
1311
2766
3864
4247
3864
2929
2105
1581
683
-84
-528
-984
-1102
-894
-863
-1194
-1666
-2201
-2388
-2410
-2442
-2243
-1867
-1342
-637
261
691
731
576
185
-200
-679
-1253
-1742
-2045
-2231
-1983
-1670
-1669
-1566
-1675
-1800
-1828
-1892
-2022
-2109
-2034
-1868
-1561
-1286
-1007
-969
-1002
-928
-873
-927
-1199
-1226
-1237
-1239
-981
-860
-1063
-1076
-1345
-1650
-1631
-2038
-2459
-2440
-2462
-2325
-1765
-1372
-1020
-439
-1
190
425
405
123
14
9
-130
-89
162
178
509
891
988
1063
1228
1150
1103
1412
1524
1715
2025
2317
2645
3118
3469
3688
4054
4395
4655
5256
5833
6132
6017
5442
4418
3074
1629
-251
-2117
-3483
-4277
-4580
-4094
-3230
-2231
-1022
125
1156
1897
2172
2210
2062
1859
1694
1485
1370
1088
701
364
-13
-539
-1178
-1843
-2294
-2500
-2430
-2147
-1682
-1043
-343
388
986
1328
1437
1284
951
558
77
-375
-752
-1067
-1297
-1416
-1411
-1577
-1759
-1939
-2110
-2101
-2002
-1987
-1832
-1525
-1180
-744
-345
-260
-223
-368
-838
-1178
-1615
-2107
-2408
-2540
-2564
-2480
-2309
-2245
-2264
-2297
-2330
-2419
-2409
-2440
-2430
-1997
-1678
-1326
-828
-714
-705
-592
-688
-992
-1156
-1338
-1515
-1328
-1018
-620
-106
360
692
975
1212
1199
1209
1293
1380
1552
2080
2686
3256
4073
4883
5553
6290
6871
7363
7704
7561
6894
6060
4968
3565
2133
427
-1471
-2985
-3954
-4597
-4665
-4228
-3624
-2583
-1187
187
1404
2405
2860
3178
3447
3276
2966
2503
1834
1180
687
149
-507
-1134
-1719
-2173
-2336
-2403
-2332
-2119
-1803
-1265
-499
182
632
1091
1360
1561
1640
1576
1179
734
343
-45
-327
-542
-791
-951
-869
-782
-625
-489
-469
-376
-300
-198
-58
77
186
159
249
262
227
87
-116
-425
-673
-792
-943
-985
-1098
-1186
-1066
-1026
-1071
-1239
-1411
-1512
-1636
-1633
-1506
-1443
-1363
-1123
-857
-607
-424
-468
-515
-516
-641
-763
-824
-974
-1091
-1060
-1038
-989
-998
-980
-1046
-1069
-1095
-1090
-1111
-1159
-1081
-959
-773
-626
-629
-557
-423
-425
-463
-387
-415
-497
-432
-363
-261
-155
-112
-130
-95
-41
-97
-107
-59
-100
-119
65
179
224
348
416
520
582
695
731
803
950
1006
1043
1148
1223
1207
1172
1057
895
786
628
529
399
205
166
227
292
297
446
464
518
707
717
572
497
310
74
-68
-196
-374
-465
-499
-519
-487
-446
-411
-491
-534
-639
-760
-838
-953
-1036
-1096
-1067
-987
-977
-974
-1014
-1074
-1073
-1065
-1125
-1157
-1212
-1243
-1213
-1155
-1160
-1166
-1152
-1248
-1176
-1135
-1229
-1278
-1264
-1371
-1335
-1222
-1271
-1153
-1079
-1004
-869
-726
-713
-657
-565
-633
-642
-508
-496
-453
-276
-218
-111
152
323
492
735
931
1086
1286
1407
1432
1569
1602
1672
1787
1759
1823
1852
1891
1916
1903
1933
1964
2090
2358
2698
3077
3539
3925
4392
4636
4454
4169
3469
2559
1786
815
-136
-784
-1215
-1337
-1103
-709
-339
9
274
401
504
544
462
431
477
530
685
802
709
595
451
23
-251
-688
-1187
-1541
-1759
-1816
-1753
-1603
-1437
-1155
-965
-708
-573
-548
-624
-834
-848
-907
-1010
-1024
-1069
-1059
-966
-915
-872
-919
-1018
-1089
-1190
-1216
-1141
-1098
-949
-697
-466
-268
-69
-19
-74
-42
-158
-198
-309
-441
-545
-453
-471
-444
-408
-428
-369
-317
-278
-193
-139
-103
40
214
349
411
372
326
234
126
190
149
136
236
340
444
594
630
528
498
367
201
176
45
-79
-39
19
70
211
333
442
577
768
779
748
756
654
612
654
584
598
623
595
646
669
605
562
478
317
229
113
3
-31
71
97
104
204
217
248
276
209
129
121
12
-1
0
-104
-200
-210
-219
-288
-372
-456
-525
-562
-557
-622
-582
-534
-533
-475
-504
-591
-617
-632
-655
-714
-724
-789
-820
-850
-785
-768
-769
-742
-749
-672
-665
-654
-623
-620
-554
-441
-328
-245
-222
-144
-178
-197
-161
-172
-174
-192
-187
-147
-71
9
57
170
282
374
487
621
725
754
750
737
729
737
714
758
777
816
885
921
856
896
864
814
900
899
922
947
970
1022
1077
1035
965
888
864
820
733
718
618
556
619
534
550
548
437
445
535
465
454
467
361
366
314
321
256
161
135
67
44
39
-44
-116
-181
-240
-348
-452
-478
-554
-581
-581
-628
-702
-673
-695
-715
-776
-836
-892
-940
-975
-1030
-1044
-999
-1026
-1071
-1012
-1011
-1004
-901
-892
-873
-801
-797
-768
-677
-620
-562
-439
-396
-304
-228
-234
-220
-176
-183
-182
-175
-96
-16
127
326
461
631
771
893
1013
1096
1131
1194
1249
1254
1316
1426
1440
1594
1761
1859
2002
2093
2207
2415
2650
2842
2955
2880
2731
2538
2231
1777
1259
585
31
-304
-693
-930
-1012
-944
-825
-497
-108
257
587
783
884
1014
1094
980
903
762
542
436
323
124
-150
-411
-710
-817
-902
-1054
-1131
-1139
-1060
-858
-593
-417
-335
-171
-95
-95
-93
-229
-464
-622
-714
-816
-826
-832
-899
-868
-762
-650
-489
-401
-372
-270
-137
-51
78
133
174
199
180
225
230
182
143
104
38
22
102
94
115
180
108
88
124
153
133
143
150
181
234
325
300
312
340
264
272
277
267
292
371
378
463
503
479
442
373
314
124
-25
-116
-149
-98
-24
77
176
247
242
372
375
220
263
224
219
303
306
232
279
262
180
162
96
-44
-110
-159
-280
-262
-201
-177
-108
-1
-6
59
122
117
119
81
31
-37
-137
-178
-260
-277
-268
-256
-207
-136
-97
-116
-129
-101
-19
-33
-1
66
76
102
169
266
263
240
234
196
150
111
43
-47
2
3
-33
77
161
161
286
314
337
436
457
435
421
345
324
263
175
110
86
71
61
100
136
212
235
305
393
487
574
582
622
606
582
557
508
423
377
324
231
270
178
138
127
65
8
-55
-91
-175
-225
-208
-216
-171
-65
-44
-14
103
150
104
112
88
30
0
-22
-50
-85
-45
-46
-45
-72
-118
-89
-138
-226
-240
-229
-239
-243
-234
-132
-97
-123
-41
7
1
91
141
136
198
242
191
198
178
163
126
99
119
111
121
194
252
276
392
411
396
402
375
255
194
115
41
20
20
-7
115
201
253
353
369
368
345
354
313
292
255
287
265
216
267
390
389
324
368
296
199
107
-2
-34
-82
-148
-92
-19
18
8
30
65
22
3
-6
-43
12
49
59
83
130
180
235
194
111
68
-84
-189
-353
-338
-394
-333
-193
-138
-5
124
181
213
246
266
274
250
261
254
276
247
264
250
223
160
98
19
-83
-183
-185
-240
-292
-193
-154
-78
-3
12
50
135
167
238
296
296
314
322
313
293
263
203
153
144
81
81
77
14
4
44
1
15
97
48
54
68
104
114
166
165
147
226
242
266
293
271
243
201
84
26
-62
-65
-62
-46
68
61
198
246
292
366
267
332
333
261
178
149
101
38
52
-6
-118
-147
-101
-106
-71
30
44
141
238
267
350
382
397
408
442
427
384
314
261
127
63
59
32
-50
-59
-33
-103
-70
-61
-59
-20
19
20
110
215
285
341
358
393
370
308
254
189
118
63
-63
-56
-22
-43
4
17
24
56
30
26
39
114
126
124
190
149
197
229
221
194
135
112
98
58
-16
-45
-110
-69
-82
-65
-23
4
47
108
123
157
137
111
118
102
115
141
162
161
138
114
119
62
6
-29
-13
-18
20
106
93
154
232
207
238
216
192
183
102
116
109
143
181
244
327
314
305
272
214
145
66
27
29
45
41
83
125
197
232
272
258
241
231
177
215
183
143
116
129
138
119
101
91
68
21
5
-38
17
-4
-47
28
41
63
88
119
115
84
36
47
-49
-83
-62
-105
-94
-90
-9
-3
34
45
23
52
15
7
-32
1
-48
-14
-6
-13
3
-61
-50
-94
-101
-149
-152
-90
-41
2
71
107
132
184
188
168
180
195
153
138
92
72
57
7
41
39
18
26
74
47
71
52
69
103
111
194
198
223
282
272
240
217
203
162
146
124
65
78
71
105
124
109
158
144
124
120
67
58
37
51
71
64
124
132
131
119
57
75
32
-74
-51
-33
-49
-45
-37
-6
13
26
91
97
135
159
120
134
105
130
60
54
11
-23
-51
-121
-113
-151
-178
-160
-169
-219
-182
-145
-77
-16
47
89
102
136
111
144
136
112
65
55
56
-52
-99
-103
-196
-212
-206
-225
-208
-132
-139
-136
-37
-9
55
94
113
104
87
88
31
23
41
-2
-50
-44
-26
-79
-86
-93
-99
-126
-146
-91
-63
-55
-83
-13
7
59
66
79
96
80
63
38
14
9
42
55
62
18
27
19
-18
-9
2
-12
-79
-33
7
-11
18
33
36
67
83
73
55
41
-8
-36
-7
-15
-71
-110
-68
-93
-83
-35
-61
-17
16
35
55
23
11
13
17
10
29
4
-52
-104
-133
-180
-226
-227
-244
-271
-220
-198
-204
-141
-138
-66
-109
-64
-88
-124
-115
-154
-128
-128
-91
-87
-64
-98
-117
-181
-189
-285
-319
-307
-346
-316
-323
-294
-311
-276
-199
-208
-247
-242
-197
-179
-230
-170
-148
-152
-178
-151
-112
-130
-127
-112
-149
-141
-116
-145
-173
-196
-167
-231
-223
-214
-205
-174
-155
-152
-127
-111
-113
-32
9
59
66
70
55
20
50
2
-59
-31
-82
-118
-92
-127
-152
-130
-135
-113
-124
-153
-202
-188
-177
-216
-227
-219
-147
-152
-89
-129
-141
-115
-110
-124
-139
-138
-129
-117
-43
16
-51
-61
-65
-73
-101
-143
-146
-190
-185
-146
-208
-183
-133
-141
-189
-147
-108
-120
-134
-126
-96
-104
-101
-81
-93
-114
-139
-107
-129
-192
-209
-217
-191
-207
-222
-207
-190
-200
-221
-220
-220
-208
-215
-181
-211
-170
-164
-167
-117
-170
-138
-81
-105
-74
-51
-63
-32
-14
-74
-81
-80
-143
-162
-174
-147
-137
-142
-78
-113
-115
-57
-47
-6
-22
-46
-39
-83
-109
-105
-116
-117
-93
-129
-128
-93
-98
-105
-124
-147
-160
-153
-167
-156
-147
-186
-187
-132
-119
-112
-90
-57
-55
-62
-61
-71
-53
-72
-56
-54
-77
-53
-21
-77
-75
-70
-112
-110
-114
-117
-185
-155
-165
-163
-170
-156
-117
-132
-137
-119
-93
-105
-132
-131
-116
-100
-67
-32
34
11
-26
-62
-77
-114
-142
-147
-162
-150
-143
-79
-118
-130
-121
-144
-154
-159
-173
-138
-153
-160
-110
-131
-144
-139
-88
-117
-139
-118
-145
-140
-162
-164
-189
-193
-171
-216
-221
-217
-215
-166
-185
-179
-167
-152
-184
-166
-183
-203
-198
-197
-166
-208
-132
-178
-174
-163
-163
-161
-116
-172
-188
-195
-209
-225
-222
-134
-221
-237
-175
-108
-129
-126
-73
-83
-75
-46
-93
-90
-130
-164
-142
-192
-200
-221
-221
-206
-206
-176
-174
-170
-104
-138
-127
-76
-51
-53
-32
-45
-84
-77
-147
-172
-206
-189
-154
-210
-181
-213
-208
-233
-199
-213
-194
-159
-204
-188
-225
-247
-269
-253
-262
-301
-275
-273
-272
-206
-203
-226
-216
-175
-174
-161
-149
-92
-64
-122
-139
-112
-105
-168
-174
-180
-182
-247
-235
-196
-206
-207
-263
-205
-185
-205
-198
-119
-148
-136
-107
-143
-99
-122
-159
-154
-126
-164
-132
-140
-185
-96
-111
-114
-136
-182
-156
-160
-190
-196
-140
-172
-165
-169
-111
-89
-125
-104
-108
-80
-80
-46
-38
-47
-44
-84
-104
-111
-76
-114
-117
-125
-194
-112
-111
-114
-91
-135
-86
-39
-88
-17
0
-52
-5
-28
-64
-23
-36
-101
-76
-62
-114
-64
-45
-89
-78
-109
-99
-126
-132
-123
-118
-128
-142
-106
-52
-37
-57
-59
-16
-29
14
-1
-24
-3
-100
-83
-124
-137
-168
-145
-161
-185
-132
-124
-116
-113
-61
-81
-110
-109
-114
-94
-101
-82
-83
-99
-96
-76
-84
-117
-88
-81
-71
-97
-85
-100
-84
-82
-88
-48
-87
-102
-79
-56
-107
-111
-78
-114
-108
-116
-109
-112
-151
-120
-109
-98
-107
-92
-90
-110
-103
-118
-123
-74
-20
-36
-53
-10
-26
-36
-44
-48
-19
-31
-40
-71
-48
-53
-82
-83
-74
-97
-80
-77
-57
35
-7
21
50
40
35
34
27
23
30
18
31
54
25
4
-4
-15
-27
-13
-26
-40
-43
-7
5
26
38
71
69
73
40
20
-1
5
-4
-63
-54
-75
-76
-39
-9
-4
12
-3
-36
0
40
5
-5
-7
-21
-5
-44
-40
-48
-17
-3
-86
-35
-42
-68
-99
-95
-111
-94
-88
-123
-114
-151
-123
-87
-102
-67
-61
-34
-38
-42
-38
-45
-36
-46
-48
-35
-38
-19
-26
-36
-12
-16
20
-19
-23
13
29
30
16
44
78
84
81
57
56
49
23
12
11
-5
16
29
11
21
32
39
26
1
-11
3
-20
6
-20
-38
56
51
43
39
4
35
26
35
75
33
30
36
0
69
33
15
19
2
37
4
28
15
23
3
9
14
11
13
25
70
37
17
59
43
64
30
-13
-47
-58
-48
-32
-18
-17
6
-37
-23
-39
3
-67
-32
-75
-76
-39
-80
-88
-123
-104
-126
-49
-82
-73
-95
-69
-81
-104
-50
-74
-49
-33
-8
-16
-29
-9
-34
-51
-67
-84
-96
-71
-102
-128
-106
-96
-68
-48
-23
-20
-33
-29
-44
-2
-13
-7
-8
-56
-15
-18
-72
-33
-25
-66
-24
20
-3
21
38
83
40
75
108
38
79
120
82
45
93
57
37
12
57
66
82
87
36
30
66
82
28
26
58
58
109
86
59
136
123
53
70
72
-9
17
32
45
50
-17
9
-14
-53
-20
-22
1
-36
-52
-23
-32
-12
0
-11
-3
-21
-7
31
10
-8
11
5
-22
-54
-76
-94
-76
-50
-51
-34
-29
-48
-58
-18
-33
-23
-50
-66
0
-42
-13
3
-43
-13
-4
-50
-59
-64
-40
-80
-65
-69
-84
-71
-92
-44
-85
-52
-13
-15
14
-18
-37
-55
-22
17
-22
3
56
-4
-23
-34
-24
-17
-1
29
43
59
36
60
64
127
129
163
136
142
161
111
114
82
109
89
64
60
52
26
12
31
36
71
61
32
70
100
109
168
148
91
105
142
102
79
90
89
61
40
65
67
51
49
99
111
71
62
110
146
175
164
171
166
158
161
119
112
128
115
97
105
87
80
42
107
129
84
78
11
38
34
59
53
55
109
107
53
11
60
38
29
16
29
-1
6
21
38
81
51
115
100
77
66
35
33
37
48
34
14
24
48
28
47
46
35
73
42
72
48
46
57
46
82
93
59
13
72
22
61
55
37
52
14
20
41
37
33
46
30
36
32
23
75
68
25
22
93
36
25
73
16
66
29
100
106
126
116
91
91
103
111
54
55
41
35
47
71
77
84
84
31
45
1
37
56
52
104
80
78
45
56
60
84
60
38
65
45
17
23
-5
11
8
-28
24
55
-35
-8
-9
3
64
32
6
-12
32
29
11
23
-1
26
25
18
11
9
24
66
101
51
13
-6
49
31
-20
6
40
36
51
51
23
11
12
53
37
50
40
6
69
91
78
64
29
76
90
52
55
58
40
45
72
10
20
47
30
29
76
84
27
3
27
25
26
48
11
26
120
78
93
55
44
84
54
104
70
102
64
34
68
57
47
77
89
42
72
26
28
60
43
24
39
58
39
31
49
55
23
26
42
46
46
43
15
19
30
82
14
50
39
104
81
54
79
56
93
12
9
57
63
71
57
45
77
67
46
27
32
38
-1
8
11
16
54
46
68
64
67
71
53
112
112
87
144
125
109
100
92
102
89
76
61
71
86
61
57
97
99
101
76
86
67
107
117
45
69
87
70
24
49
39
57
51
27
75
31
29
28
37
65
74
134
91
65
85
53
80
78
84
53
42
75
11
16
1
5
32
30
12
35
-11
-48
-28
18
23
-26
-45
24
40
47
40
14
18
-1
29
44
24
-16
-5
-6
13
16
44
36
35
52
87
85
60
75
85
93
75
71
78
74
92
67
71
108
118
96
44
40
51
-8
15
67
19
31
53
45
53
31
32
44
46
69
65
53
43
63
-16
-2
53
24
65
28
30
-8
17
-19
5
67
71
48
44
76
16
106
79
105
115
60
52
41
88
51
29
3
23
45
45
88
102
57
85
100
86
75
63
79
126
121
116
119
121
104
30
48
49
68
51
42
11
38
27
33
59
59
63
55
56
37
59
30
19
46
40
29
35
67
48
21
56
-5
-17
25
21
18
38
89
33
58
108
48
41
59
40
59
75
33
21
21
57
48
19
22
-5
-1
6
43
-26
-1
-14
57
42
25
73
37
49
55
77
32
55
93
36
59
58
34
60
11
26
6
0
15
-16
-10
-26
-33
-16
-36
-31
-45
-27
13
21
-11
-8
-52
2
-8
-28
-16
-33
-26
-35
-44
-85
-27
-4
-17
-8
-26
-5
-19
-24
18
-20
-22
-4
-50
-19
-43
-40
-73
-16
-8
-54
-45
-25
-7
8
-20
-21
8
-4
-14
17
28
1
36
28
25
18
-1
-22
-21
-36
-8
-9
-27
-15
26
4
-18
9
6
17
43
25
-5
40
29
36
55
21
26
36
0
-19
21
39
24
13
-9
-2
-16
19
22
-2
28
33
75
29
38
-7
-13
26
-1
21
-29
-10
-17
-51
-34
-35
-24
-55
-37
-12
-40
-38
-22
-20
-18
-14
-57
-14
12
-8
1
-23
-9
-20
-2
12
11
-21
-21
5
-23
29
23
-21
19
-44
-27
-5
-9
-44
-49
-26
-41
-24
-63
-39
-25
-27
-59
-41
15
10
-9
-52
-20
-52
-23
1
-51
-43
-25
-23
-25
-30
10
-20
-19
25
42
-10
-9
37
-33
-15
18
11
20
61
42
7
13
49
57
66
55
28
70
63
23
44
41
16
20
7
50
-4
9
29
25
17
-7
0
15
21
-4
43
-1
19
9
-1
26
7
20
-9
-19
-16
-22
-46
-14
16
-12
-22
-62
-19
-20
-31
26
11
-19
38
22
67
36
6
-23
-59
-32
23
22
-26
-19
-13
11
-5
-42
-29
6
-24
-24
52
52
8
31
29
25
9
57
-8
26
10
-35
-17
-53
35
16
14
32
-31
36
35
11
65
59
43
44
18
9
48
50
93
67
32
61
88
54
47
82
69
85
80
83
50
104
82
89
106
56
58
58
93
48
16
36
41
16
21
22
20
15
34
34
-10
65
96
84
71
68
69
73
51
56
54
9
13
-4
-2
0
-15
2
57
0
9
-24
-1
7
-3
10
11
14
-8
11
3
0
-13
53
27
-34
5
0
-25
-26
-2
-35
-31
-40
-90
-60
-67
-89
-71
-64
-96
-62
-15
-98
-50
-21
-48
-31
-16
-45
-27
-28
-40
14
-12
-59
-41
-40
-19
-18
-26
1
-49
-20
21
8
-45
-1
2
40
32
18
1
-13
16
-47
29
4
-51
-3
-3
-28
-74
-23
-14
-18
-1
17
-46
-76
-64
-68
-44
-41
-39
-11
-11
-24
10
0
-45
-43
-48
-44
-18
8
6
-26
-47
-37
-18
-18
-24
-14
-11
-14
-22
-29
-66
12
-34
-60
-51
-87
-50
-75
-65
-36
-63
-67
-30
-27
-9
-8
-14
-7
-11
-45
-6
-7
-62
-22
-38
-45
-40
-90
-64
-56
-66
-31
-39
-51
-65
-18
-8
36
25
-15
23
-6
-27
-40
-3
9
-2
16
-21
-13
-35
-35
-19
-72
-67
-53
-95
-94
-86
-60
-32
-63
-20
-7
-36
-29
-58
-2
-24
-11
-26
-32
-17
-53
-21
-43
-73
-6
-22
-86
-10
6
3
16
-7
-23
6
0
42
71
0
-6
-17
4
-5
-32
-32
-22
33
-61
-25
24
22
11
8
51
29
20
24
-11
-15
26
10
27
19
-32
-12
-9
-66
-33
-21
24
-9
7
22
-39
1
57
13
31
60
47
61
59
24
38
20
45
32
-28
28
4
22
25
30
43
15
56
27
9
31
99
68
28
18
8
17
-9
3
4
19
8
-19
23
-8
18
-7
-18
-5
-34
7
5
34
44
-14
-29
30
25
45
-2
59
65
41
72
55
35
6
9
-1
8
-18
-18
10
5
-30
13
-17
-28
0
11
20
-11
-10
-46
-39
-37
-33
-6
-13
-66
-37
-55
-30
-1
-8
-28
-42
-66
-57
0
-19
12
-1
6
-4
-3
21
14
10
-16
-21
-15
-2
-21
41
52
5
7
26
46
35
69
41
35
46
56
42
81
96
63
43
7
9
28
20
36
15
9
5
-22
31
26
-39
-24
-7
21
-5
-33
-8
-19
54
18
38
15
7
1
-9
16
5
2
-4
-26
-2
2
-20
-4
-36
25
21
-23
-13
1
9
-10
15
25
2
-42
3
-44
-65
-8
-28
-27
-10
-15
-47
-75
-39
-29
-43
-38
-45
-48
1
-31
-45
-29
-43
-39
-60
-38
-28
-81
-27
-66
-50
-54
-50
-24
-17
-22
-66
-25
-50
-28
-49
-7
-27
-47
-41
-19
-39
-22
-51
-74
-3
-27
-63
-66
-48
-12
-47
-94
-54
-67
-90
-77
-42
-15
-54
-60
-22
-27
-42
-69
-51
-29
10
-14
-101
-77
-67
-43
-48
-65
-54
-76
-51
-22
-69
-50
-36
-42
-21
-38
-37
-50
-69
-42
-40
-82
-80
-91
-72
-69
-97
-85
-107
-74
-80
-107
-113
-112
-123
-118
-120
-101
-92
-90
-115
-151
-100
-102
-111
-123
-118
-141
-157
-167
-153
-151
-139
-128
-137
-103
-162
-149
-136
-148
-95
-114
-90
-135
-107
-102
-129
-73
-38
-77
-129
-115
-103
-89
-90
-110
-108
-75
-65
-117
-57
-70
-73
-24
-69
-70
-90
-65
-58
-33
-75
-61
-30
-71
-78
-76
-17
-40
-81
-19
-54
-23
-11
-36
-82
-17
-28
-24
34
-34
-10
-75
-20
15
38
30
4
5
4
56
2
3
30
37
12
-2
23
27
1
29
16
-37
0
-10
-35
-15
-4
-17
20
12
9
-61
-30
3
-68
-43
-36
-17
27
-14
-9
14
13
20
-8
-18
-6
-37
-61
-60
-68
-80
-52
-28
-17
-71
-21
-35
-36
-50
-29
0
-68
-45
-69
-40
-87
-75
-50
-67
-67
-90
-65
-66
-84
-53
-54
-66
-26
-33
-51
-58
-64
-47
-44
-60
-4
-20
-14
12
-26
0
6
-48
-36
25
23
23
14
20
41
48
-7
-24
-14
-10
0
-52
-23
1
-24
6
-18
-11
-29
-22
-3
-13
2
-44
-26
9
-28
12
-43
-63
-8
-28
-54
-35
-24
-24
5
-56
-112
-58
-18
-35
-65
-85
-43
-36
-23
-23
-20
-20
-5
-63
-43
-2
-15
21
20
64
-2
9
37
13
7
5
-20
-26
-40
12
54
-2
66
47
47
29
0
2
35
20
20
33
15
60
35
22
15
24
37
42
-11
-24
-14
58
67
56
52
42
57
18
12
8
41
51
52
57
37
-5
22
57
29
32
19
37
28
52
58
-9
49
21
50
33
34
50
34
65
5
49
25
55
31
40
56
92
60
34
54
73
99
52
56
85
96
80
58
50
47
44
96
91
115
125
124
118
92
72
93
101
70
86
45
34
114
92
103
90
68
84
59
89
101
103
121
122
90
102
92
94
127
99
92
104
151
158
86
150
153
95
105
102
51
91
143
51
96
99
92
120
108
81
162
119
105
147
117
140
95
97
120
93
64
99
60
34
45
73
110
88
107
114
98
119
84
92
95
83
71
37
0
92
84
32
44
38
45
37
60
119
99
87
80
68
143
108
88
87
103
70
81
98
58
94
95
110
103
96
79
81
140
116
78
114
99
75
115
115
114
78
66
65
53
65
89
104
100
110
119
127
124
125
90
94
120
103
109
100
104
93
100
89
101
150
52
96
83
35
56
69
69
67
24
58
87
98
90
118
111
77
107
146
130
82
116
108
89
26
18
74
83
74
44
57
56
29
24
45
60
58
76
80
30
73
107
74
63
53
91
67
61
68
64
25
78
87
101
50
32
72
80
60
63
46
51
65
51
76
11
30
17
23
73
60
57
67
73
72
68
80
80
23
33
34
61
68
57
39
36
57
46
60
65
64
50
69
89
9
27
26
25
64
110
79
11
80
70
53
78
77
82
88
60
42
63
29
9
32
17
23
55
52
75
64
63
86
51
51
34
0
23
37
60
89
70
52
43
-4
36
74
22
56
69
67
86
80
44
61
88
80
78
37
39
44
71
50
73
82
74
76
84
108
101
99
124
138
54
23
58
21
13
74
72
44
81
33
-7
40
28
35
85
71
83
84
114
99
26
78
90
108
98
124
135
61
94
113
83
65
96
82
66
106
77
88
87
83
114
84
95
81
47
53
47
14
20
26
33
8
-7
50
-6
3
58
60
73
90
62
55
69
56
83
108
122
127
100
74
74
78
55
98
65
59
82
43
97
116
81
92
83
89
89
153
88
36
94
76
91
91
79
99
28
100
96
67
102
71
47
76
79
21
75
100
102
112
99
100
112
67
91
85
91
68
60
61
68
56
63
87
54
64
90
67
58
96
41
7
85
24
29
49
9
12
11
41
65
61
27
48
52
26
82
107
54
54
89
129
123
82
93
105
58
60
107
118
84
61
42
65
65
85
103
88
113
105
115
123
121
101
108
131
110
60
132
131
58
47
28
53
25
67
100
87
72
106
123
117
114
124
144
103
86
134
123
110
159
147
131
172
151
153
163
183
156
144
164
133
130
127
150
149
105
126
176
123
104
113
86
80
138
69
120
124
50
108
135
94
73
59
46
80
82
53
27
30
34
79
48
4
59
35
28
100
27
58
55
56
56
36
84
57
46
86
78
72
63
80
34
64
95
135
144
110
120
101
93
71
37
68
70
17
78
85
106
94
94
97
92
56
87
75
73
121
97
81
99
96
122
134
124
143
114
102
126
126
126
150
103
110
124
95
108
118
144
128
127
90
63
96
90
105
96
106
97
102
119
72
54
113
81
78
78
117
106
86
113
89
127
108
84
118
57
75
82
43
52
77
97
52
38
51
103
28
22
37
41
56
34
67
49
67
50
44
32
-6
27
69
50
31
52
30
26
28
26
37
45
37
44
13
14
29
7
0
17
35
31
39
13
1
57
62
82
65
40
88
57
49
82
73
43
41
44
44
31
77
26
21
51
14
8
12
20
25
15
5
18
63
4
64
63
45
25
-1
27
6
16
30
2
10
10
-42
-7
-15
-29
14
-17
-35
-5
-9
-48
-54
-64
-36
-32
-36
-48
-5
-2
1
6
25
45
-17
32
-5
-10
10
7
24
-27
-42
-35
15
-8
45
53
21
41
9
50
44
7
28
87
72
71
91
77
78
73
55
59
111
97
95
101
71
81
68
56
84
46
66
48
34
62
55
69
113
139
127
118
101
104
98
94
126
135
109
120
126
156
160
142
150
180
183
147
143
143
126
124
149
127
120
105
105
118
110
130
104
82
109
93
101
86
114
108
109
139
138
95
114
155
158
171
199
185
174
158
161
219
150
180
152
159
162
199
210
106
141
163
162
129
144
150
89
78
109
75
115
126
127
140
133
115
117
150
146
151
85
87
119
136
87
80
83
90
79
54
79
69
87
68
54
67
65
92
111
123
118
87
80
149
110
70
74
71
91
95
82
64
63
103
55
69
27
82
66
80
91
24
74
81
98
79
56
-3
10
6
-14
-10
-3
40
127
90
84
94
59
56
71
70
113
103
92
123
82
73
115
130
112
128
141
124
119
134
109
121
104
114
61
92
88
67
78
102
119
89
122
100
95
71
89
92
75
77
94
77
51
87
46
59
74
60
91
76
87
80
86
90
50
77
30
28
18
20
52
30
18
39
-1
0
24
3
-35
-19
-6
-8
10
29
42
-2
32
53
19
28
28
37
48
10
-3
6
24
34
20
44
35
37
61
29
22
59
36
49
10
22
36
32
40
21
6
8
33
25
74
43
35
41
15
29
23
55
78
44
55
64
33
60
57
48
50
60
53
72
93
6
21
23
49
50
55
36
51
45
58
68
68
123
58
13
37
33
12
85
66
35
48
53
72
50
63
77
56
80
54
38
70
68
82
101
78
77
66
83
53
49
61
29
23
52
37
30
31
70
75
42
36
59
56
34
43
-13
37
41
18
13
48
39
18
54
29
53
53
48
55
63
19
58
57
48
23
-7
11
2
6
-8
-37
-19
32
13
-27
38
69
11
30
37
-4
-35
11
-20
-16
-8
-22
-13
-30
-26
-27
-32
-22
-50
-57
-44
-29
-32
-58
-23
-38
-52
-27
-41
-46
-80
-41
-33
-33
-19
-81
-28
-41
-41
-38
-49
-50
-24
-64
-87
-59
-86
-45
-75
-34
-63
-52
-18
-67
-36
-49
-60
-57
-16
-49
-17
32
11
2
-7
23
37
36
28
5
-23
4
31
-7
22
21
-8
15
21
7
35
26
-15
23
42
-13
-44
-13
4
-34
5
18
21
-1
23
5
-14
12
-9
-14
20
23
38
30
7
2
15
63
38
4
50
6
24
4
-20
14
-36
-15
23
-8
-26
27
-11
-31
-8
2
-14
-23
13
-23
-35
18
43
31
68
35
34
59
-1
11
12
21
-16
-34
7
2
11
-17
-11
-31
-22
-10
-12
-40
-36
-48
-22
27
14
-11
-36
-31
-18
-24
-23
-31
-31
12
14
28
10
-35
35
36
14
18
-11
15
-32
-34
-6
-26
-73
-48
-35
-66
-67
-14
-31
-8
-6
-34
44
-15
7
35
0
-20
-16
36
13
-22
-19
26
5
57
21
-9
9
30
29
-16
-13
6
18
-36
-12
-5
-34
-30
9
13
25
25
-4
29
13
-40
25
3
-10
2
-48
14
42
3
11
-36
-15
1
5
5
-37
-50
-17
-46
-74
-37
-64
-25
-59
21
10
-15
-1
7
-20
-13
-13
4
50
-28
-45
-34
-32
-1
-44
-26
-39
-24
21
1
13
-17
-17
11
-34
-19
-55
-71
-48
-86
-42
-92
-67
-62
-35
-36
-23
-30
-13
-37
-10
-1
-35
-43
-89
-68
-70
-96
-106
-78
-100
-83
-90
-62
-53
-51
-71
-85
-35
-47
-85
-66
-16
-44
-38
-22
-14
-60
-69
-61
-51
-57
-37
-22
-8
-22
-17
23
-5
-60
-70
-79
-97
-81
-67
-61
-54
-75
-96
-79
-84
-47
-55
-38
-58
-12
-11
-70
-84
-78
-6
-32
-64
-90
-60
-53
-94
-106
-84
-41
-59
-66
-89
-135
-122
-90
-126
-111
-134
-108
-84
-116
-117
-142
-129
-112
-80
-113
-104
-94
-118
-136
-118
-87
-116
-186
-159
-122
-133
-90
-86
-112
-121
-142
-164
-136
-131
-148
-134
-145
-191
-117
-142
-167
-146
-165
-148
-143
-123
-105
-122
-148
-182
-213
-180
-152
-167
-123
-124
-128
-91
-85
-86
-90
-69
-42
-93
-91
-66
-85
-64
-97
-97
-97
-120
-105
-77
-56
-79
-59
-68
-78
-81
-115
-128
-156
-130
-134
-135
-166
-130
-119
-150
-140
-138
-130
-145
-118
-124
-135
-133
-146
-145
-96
-58
-64
-48
-69
-67
-105
-89
-67
-64
-66
-54
-54
-95
-113
-82
-77
-87
-95
-81
-73
-91
-92
-101
-78
-33
-57
-70
-62
-65
-62
-80
-67
-63
-121
-91
-37
-50
-60
-53
-74
-83
-78
-101
-109
-122
-82
-71
-104
-67
-39
-102
-106
-40
-49
-60
-5
-39
-89
-66
-36
-94
-105
-110
-73
-62
-78
-98
-98
-56
-112
-155
-113
-94
-116
-151
-114
-118
-123
-96
-100
-107
-107
-110
-119
-129
-130
-99
-98
-106
-97
-83
-89
-87
-55
-88
-96
-95
-95
-88
-112
-113
-80
-84
-120
-96
-129
-80
-62
-101
-83
-142
-124
-119
-81
-67
-83
-39
-73
-47
-48
-39
-52
-68
-30
-40
-50
-77
-37
-56
-107
-67
-95
-39
-63
-46
-68
-83
-30
-45
-42
-34
-66
-41
-68
-70
-52
-82
-66
-92
-58
-46
-41
-63
-81
-88
-92
-86
-55
-48
-70
-72
-60
-59
-51
-59
-43
-78
-76
-76
-69
-48
-89
-97
-89
-81
-81
-65
-80
-85
-97
-71
-80
-57
-85
-36
-15
-40
-96
-90
-51
-75
-58
-77
-64
-62
-34
-56
-24
-40
-60
-44
-42
-26
-26
-11
-43
-52
-30
-27
-28
-57
-49
-35
-31
-41
-50
-78
-43
-52
-45
-70
-68
-65
-41
-67
-129
-173
-164
-150
-126
-147
-138
-109
-161
-126
-108
-69
-75
-90
-123
-100
-105
-115
-101
-82
-55
-125
-125
-116
-79
-121
-148
-98
-113
-99
-105
-81
-107
-70
-80
-88
-75
-45
-5
-57
-23
-29
-51
-77
-47
-57
-84
-62
-66
-44
-19
-39
-57
-67
-63
-52
-64
-13
-33
-61
-27
-31
-32
-34
8
19
-13
-42
2
-33
-40
-17
-29
-19
-92
-107
-92
-92
-26
-85
-75
-67
-91
-61
-67
-51
-61
-89
-10
-5
-72
-54
-42
-43
-27
-66
-45
36
30
54
25
-52
-22
-38
-31
-36
-31
-14
-19
27
6
-38
-3
-24
-88
-4
-34
