-120
-96
-85
-127
-111
-108
-144
-123
-86
-105
-55
-37
-64
-89
-96
-91
-84
-77
-95
-77
-92
-87
-93
-90
-64
-90
-78
-80
-83
-83
-66
-70
-90
-37
-64
-39
-26
-66
-62
-77
-75
-61
-67
-65
-69
-59
-31
-24
-25
-20
8
-41
-67
-38
-38
-37
8
-34
-34
-37
-60
-88
-113
-122
-122
-100
-114
-45
-109
-88
-61
-45
-20
-33
-35
-40
-48
-96
-108
-92
-70
-61
-59
-78
-40
-78
-59
-88
-85
-65
-121
-135
-107
-77
-86
-92
-123
-81
-73
-104
-96
-61
-86
-85
-79
-99
-91
-122
-58
-113
-76
-69
-105
-98
-97
-100
-105
-96
-68
-60
-79
-82
-104
-89
-91
-94
-92
-86
-83
-49
-50
-96
-70
-53
-71
-52
-51
-71
-99
-75
-113
-82
-110
-92
-76
-77
-73
-94
-87
-116
-65
-68
-115
-94
-105
-96
-54
-56
-54
-96
-68
-81
-53
-31
-9
-17
-34
-51
-30
-32
-27
-21
-51
-17
5
-18
-2
17
20
22
30
29
-19
34
30
-13
-5
13
-6
-18
14
0
-8
25
5
-12
-9
-36
14
-29
-24
23
-2
-34
-59
-62
-52
-32
-35
-63
-42
-21
-22
0
-11
8
-15
6
45
55
57
30
35
29
30
10
26
13
2
-26
-2
22
-4
7
-7
-40
-50
-35
-58
-63
-78
-101
-80
-85
-111
-103
-104
-73
-74
-65
-78
-119
-114
-98
-87
-66
-95
-112
-129
-124
-129
-90
-73
-158
-128
-153
-123
-171
-154
-130
-144
-115
-163
-145
-174
-127
-158
-141
-115
-118
-121
-90
-100
-131
-115
-86
-103
-139
-119
-105
-78
-67
-65
-80
-97
-42
-15
-17
-32
-11
0
-38
-25
-10
-15
-23
-12
-31
-42
-11
-22
-19
22
1
13
25
32
31
65
66
50
39
-4
39
62
58
7
-2
39
23
23
29
33
6
25
26
-10
-29
-1
26
2
19
37
6
26
35
12
-18
21
42
-10
-13
-23
-35
-20
-3
-39
-63
-54
-47
-61
-98
-41
-69
-73
-111
-82
-96
-123
-109
-126
-114
-114
-85
-103
-109
-108
-81
-75
-124
-94
-119
-128
-95
-119
-108
-80
-105
-114
-124
-52
-78
-76
-77
-87
-98
-89
-44
-76
-36
-71
-43
-39
-52
-30
-17
-7
-29
-21
-37
-58
-35
-69
-57
-68
-47
-48
-15
37
-18
-49
-66
-39
-39
-45
-57
-34
-36
-18
5
1
22
-3
-19
-8
11
28
10
35
-31
-20
23
27
17
11
10
-17
14
-6
-19
-27
-50
1
-1
-11
-16
-37
-32
3
-41
-58
-10
-23
-31
-34
-30
-67
-52
-54
-62
-30
-52
-52
-70
-71
-42
-49
-70
-90
-31
-38
-60
-42
-34
-69
-55
-49
-41
-38
-87
-67
-118
-65
-72
-104
-60
-65
-72
-104
-121
-101
-107
-114
-143
-127
-121
-176
-122
-93
-129
-113
-110
-139
-153
-115
-124
-119
-116
-125
-127
-121
-99
-106
-130
-92
-159
-134
-115
-162
-116
-106
-74
-77
-68
-98
-112
-104
-101
-101
-79
-87
-118
-115
-88
-40
-44
-29
-42
-60
-50
-25
-26
-41
-30
-52
-34
-48
-58
-30
-21
-44
-49
-40
-37
-42
13
-5
-33
3
33
-3
10
-40
-14
4
-38
-36
-40
-25
-61
-39
-34
-29
-65
-64
-66
-82
-86
-41
-65
-56
-57
-98
-104
-128
-108
-127
-92
-130
-107
-82
-143
-110
-143
-99
-80
-96
-130
-78
-90
-106
-58
-85
-131
-94
-83
-75
-77
-76
-47
-105
-89
-81
-134
-75
-127
-116
-94
-134
-122
-125
-109
-122
-80
-48
-41
-101
-96
-49
-83
-73
-97
-55
-46
-71
-58
-85
-10
-21
-23
-25
-5
17
-9
13
-41
-27
22
8
-37
-27
-22
-5
11
-39
-7
-4
4
-3
0
-36
-16
-41
-38
-6
21
4
13
30
-2
37
21
-7
-30
-3
25
-25
-53
-49
-37
6
6
-1
-33
-20
-5
-56
-78
-61
-39
-53
-72
-69
-32
-19
-47
-41
-7
-39
-73
-32
-31
-56
-49
-43
-13
-54
-36
-28
-85
-82
-54
-71
-81
-29
-83
-102
-132
-88
-38
-43
-74
-23
-23
-57
-24
-47
-44
-40
-23
-30
-4
-27
-48
-64
-38
-5
-14
-5
-73
-32
37
7
-5
-41
-29
-38
-32
-21
-44
33
13
-17
14
14
-7
12
13
-5
-6
-9
0
31
33
27
28
12
23
-2
8
44
48
33
49
52
43
71
53
44
83
58
47
34
27
46
60
47
4
41
52
78
65
50
66
65
79
59
55
68
29
45
50
36
87
45
50
59
58
60
63
38
23
28
54
92
115
62
77
98
69
86
101
55
62
42
67
81
65
74
53
77
55
71
40
87
86
67
62
41
23
57
54
53
84
68
51
64
56
41
75
47
69
-9
-12
-10
19
5
2
60
17
26
34
62
39
22
5
48
49
36
63
25
79
46
79
73
68
71
48
73
71
77
89
124
102
84
65
58
41
49
92
37
51
24
35
106
133
93
99
94
64
100
65
63
75
58
42
87
89
81
80
78
78
60
102
142
115
84
99
85
121
90
70
44
29
74
69
77
36
16
40
44
74
100
37
8
11
20
16
-22
-31
9
-19
-16
27
-23
8
-20
-47
-33
-60
-58
-102
-54
-71
-73
-63
-54
-68
-83
-37
-93
-54
-73
-42
-12
-24
-24
-20
-54
-76
-29
-34
16
23
23
-2
-9
2
14
8
-36
16
6
-51
-44
-26
11
-18
-24
10
-7
-26
-12
-4
-6
15
24
-27
-14
50
48
53
62
55
32
81
76
67
82
60
61
46
29
20
35
64
48
43
58
42
62
61
41
48
50
27
9
4
5
19
39
-6
12
25
26
3
3
-18
0
20
-41
-11
8
12
11
30
7
44
29
26
-9
22
31
17
19
42
29
5
6
26
20
-15
2
-55
5
-25
-35
-26
-31
12
-3
-20
-23
-22
-28
-18
0
-31
-67
-48
-31
-52
-53
-54
-65
-12
-63
-38
-13
-37
-33
-49
-34
-30
-82
-130
-81
-52
-77
-33
-57
-31
-9
-49
-36
14
-3
-23
19
-29
-31
-64
-86
-20
-50
-71
-38
-25
-72
-77
-64
-30
-57
-39
-54
-45
-21
-43
2
-57
-30
22
7
-21
22
26
5
69
55
-12
45
44
48
67
59
50
-10
58
53
50
66
26
50
85
92
117
143
135
83
47
87
80
57
75
113
89
65
92
106
93
93
75
17
13
43
39
29
38
36
31
16
-3
0
15
-18
-13
-66
-24
-19
-53
-11
-49
-65
-40
-26
-69
-40
-68
-83
-77
-68
-90
-76
-27
-68
-86
-99
-77
-114
-60
-88
-48
-84
-95
-55
-79
-51
-49
-97
-91
-76
-113
-94
-75
-79
-75
-52
-63
-85
-98
-78
-31
-60
-64
-21
-39
-34
-26
-35
-87
-25
-67
-48
-51
-39
-53
-37
-2
-28
-37
-40
-14
-52
-40
-27
-11
-23
-19
-17
-11
-4
-19
-4
12
-6
-9
-12
-21
21
10
-28
10
20
-14
5
-28
-10
-6
-36
19
-30
-19
4
16
36
-25
4
-32
-43
-21
-3
-22
0
15
-40
-31
34
30
1
1
-23
-22
0
-41
-45
-1
-35
-31
-38
30
6
-69
-51
-49
-23
-32
-38
-56
-97
-76
-40
-51
-12
-39
-70
-35
-110
-104
-71
-66
-77
-54
-73
-71
-41
-76
-76
-88
-91
-108
-104
-126
-115
-126
-95
-104
-144
-112
-100
-94
-101
-91
-122
-94
-121
-112
-98
-124
-116
-109
-111
-110
-103
-121
-123
-142
-157
-117
-105
-92
-114
-99
-125
-95
-89
-120
-81
-108
-115
-116
-56
-104
-105
-90
-86
-72
-79
-77
-78
-59
-77
-50
-24
-63
-45
-107
-58
-49
-60
-49
-75
-29
-77
-77
-53
-59
-22
-15
-16
-43
-33
-38
-54
-29
-47
-49
-34
-37
-44
-45
-95
-81
-71
-75
-68
-71
-49
-56
-119
-94
-93
-113
-72
-85
-51
-42
-65
-61
-79
-110
-113
-96
-86
-72
-73
-91
-88
-107
-101
-92
-108
-96
-81
-79
-81
-49
-53
-126
-94
-64
-82
-106
-118
-104
-113
-115
-114
-86
-99
-81
-79
-96
-84
-99
-57
-69
-82
-72
-76
-117
-91
-102
-89
-60
-95
-73
-82
-59
-68
-96
-98
-138
-102
-118
-94
-46
-103
-77
-47
-81
-96
-104
-88
-69
-74
-41
-51
-59
-78
-63
-87
-99
-47
-43
-36
-41
-54
-86
-38
-3
-21
-5
-9
-27
-11
-2
-2
26
30
-38
-58
-51
-28
-27
-12
-20
10
-11
2
36
-14
21
-11
-21
12
2
-4
-43
-15
-4
-29
5
-22
-49
-23
-42
-65
-44
-59
-23
-24
-36
-36
-27
-58
-56
0
-20
30
30
-12
-34
-47
-16
-4
-22
-37
-8
-3
-5
-42
-59
-33
-23
-60
-49
-48
-48
-39
-70
-37
-38
-39
-32
-38
-27
-10
-18
-51
-33
-44
-42
-44
-46
-38
-71
-22
-43
-77
-51
-93
-50
-20
-38
-51
-44
-19
-23
-53
-12
-63
-88
-21
-53
-69
-70
-25
-76
-86
-44
-56
-50
-63
-89
-96
-107
-84
-122
-106
-107
-129
-100
-123
-104
-116
-139
-129
-126
-117
-103
-96
-151
-143
-137
-126
-133
-156
-136
-174
-174
-153
-135
-122
-141
-170
-156
-130
-113
-122
-104
-122
-139
-132
-137
-126
-129
-129
-168
-192
-141
-112
-125
-117
-147
-145
-135
-105
-102
-73
-88
-91
-90
-110
-138
-147
-117
-117
-121
-98
-109
-100
-91
-119
-98
-63
-102
-100
-107
-93
-68
-74
-56
-74
-63
-101
-78
-94
-69
-89
-71
-48
-52
-39
-40
-43
-58
-68
-116
-49
-45
-98
-82
-52
-34
-51
-33
-1
16
-3
-40
-23
-30
-30
-24
-59
-34
-19
-42
-45
-43
-38
-44
-58
-64
-95
-78
-46
-99
-71
-99
-60
-97
-107
-84
-132
-104
-77
-54
-92
-97
-62
-51
-113
-69
-82
-119
-124
-124
-119
-137
-98
-105
-70
-60
-80
-85
-73
-75
-113
-83
-117
-128
-119
-121
-138
-132
-156
-127
-119
-111
-90
-111
-136
-139
-130
-138
-119
-135
-106
-128
-132
-110
-108
-112
-113
-121
-116
-133
-85
-112
-120
-76
-124
-143
-145
-123
-124
-138
-117
-99
-137
-131
-160
-159
-132
-157
-176
-178
-150
-136
-112
-128
-182
-183
-141
-156
-150
-138
-157
-113
-115
-100
-119
-119
-101
-115
-89
-88
-69
-50
-62
-50
-63
-91
-118
-111
-80
-84
-73
-24
-12
-29
-26
-56
-69
-47
3
-45
-5
15
-68
-46
-20
25
-28
-45
-25
13
-34
-38
-37
-69
-54
-30
1
-4
-21
4
-20
-42
-53
-52
-9
-55
-15
1
8
-40
-25
22
-35
-17
-55
-85
-39
-70
-85
-69
-69
-86
-85
-56
-81
-70
-64
-124
-80
-95
-79
-97
-88
-28
-35
-46
-80
-43
-71
-41
-70
-98
-59
-105
-120
-93
-122
-157
-146
-133
-110
-110
-93
-75
-77
-132
-103
-91
-101
-49
-57
-92
-113
-106
-55
-46
-105
-62
-24
-73
-62
-79
-66
-98
-121
-65
-60
-66
-65
-109
-90
-61
-86
-24
-61
-74
-50
-70
-90
-62
-74
-65
-71
-60
-33
-9
-20
-19
0
-47
-22
-54
-25
-69
-61
-32
-46
12
2
-10
-22
8
0
-46
1
-44
-27
-73
-77
-57
-77
-39
-68
-60
-60
-55
-87
-85
-100
-56
-70
-80
-63
-84
-109
-157
-110
-79
-43
-63
-77
-97
-108
-120
-141
-110
-137
-112
-136
-133
-78
-89
-96
-112
-127
-113
-82
-108
-66
-50
-49
-73
-63
-62
-72
-55
-93
-83
-79
-54
-72
-99
-113
-123
-116
-82
-83
-75
-93
-139
-148
-135
-127
-115
-127
-153
-144
-146
-114
-143
-162
-115
-163
-164
-149
-121
-99
-110
-105
-136
-125
-78
-94
-121
-94
-91
-112
-148
-96
-101
-123
-135
-100
-116
-144
-127
-134
-151
-144
-135
-106
-107
-95
-109
-135
-108
-100
-104
-107
-110
-105
-92
-84
-94
-113
-102
-107
-105
-88
-74
-89
-120
-121
-94
-127
-118
-117
-105
-116
-108
-69
-92
-112
-97
-71
-109
-101
-89
-122
-93
-115
-115
-74
-71
-36
-84
-86
-69
-94
-104
-73
-87
-90
-104
-91
-70
-120
-71
-78
-122
-110
-139
-166
-124
-104
-107
-126
-141
-87
-86
-73
-73
-54
-93
-78
-95
-64
-42
-96
-99
-69
-71
-86
-68
-117
-122
-124
-109
-88
-125
-99
-63
-67
-58
-120
-64
-118
-96
-87
-92
-78
-103
-82
-95
-116
-110
-136
-128
-102
-103
-100
-122
-112
-148
-97
-69
-86
-95
-80
-101
-81
-91
-48
-27
-72
-20
-33
-60
-43
-35
-56
-28
-29
-28
-21
-4
25
22
25
14
-3
-21
-18
-45
-50
-33
-47
-44
-29
-35
-39
-18
-29
-48
-59
-22
-66
-75
-70
-52
-35
-74
-54
-55
-15
-26
-12
-64
-19
-49
-42
-41
-52
-79
-62
6
-27
0
-20
-35
-59
-21
-46
-39
-41
-65
-45
-18
-26
-20
-27
-43
-49
-62
-30
-82
-68
-75
-88
-100
-91
-122
-136
-72
-130
-117
-108
-131
-119
-128
-119
-130
-90
-66
-78
-103
-70
-84
-78
-74
-84
-50
-72
-68
-88
-88
-66
-101
-135
-68
-102
-127
-42
-102
-57
-56
-76
-56
-56
-39
-46
-64
-54
-30
-42
-74
-77
-50
-53
-42
-36
-12
11
15
-47
-20
-23
-51
-37
-46
-50
-74
-52
-30
-25
-39
-20
-42
-47
-41
-39
-47
-43
-38
-29
-39
-58
-59
-50
-32
-62
-38
-44
-57
-29
-64
-60
-41
-35
-59
-74
-74
-22
-71
-106
-81
-94
-76
-96
-80
-105
-91
-111
-102
-116
-108
-105
-128
-104
-80
-95
-108
-104
-86
-94
-114
-112
-119
-107
-147
-87
-60
-57
-40
-55
-60
-57
-82
-63
-58
-47
-72
-101
-79
-52
-27
-65
-77
-65
-73
-69
-75
-58
-19
-54
-52
-31
-43
-42
-53
-54
-28
-68
-51
-29
-62
-61
-52
-11
-46
-74
-70
-96
-65
-88
-82
-55
-63
-107
-53
-84
-105
-78
-52
-42
-78
-81
-67
-59
-110
-89
-102
-69
-22
-26
-62
-50
-52
-73
-37
-44
-58
-63
-83
-58
-68
-65
-64
-74
-84
-102
-70
-71
-57
-28
-41
-24
-73
-24
-20
-11
-42
-34
-40
-38
-49
-74
-33
-37
-37
-40
-44
-66
-45
-100
-59
-72
-79
-67
-62
-56
-62
-68
-77
-54
-73
-61
-61
-46
-72
-57
-53
-99
-56
-62
-85
-91
-39
-16
-27
-2
-41
-91
-79
-59
-69
-46
-89
-86
-86
-93
-78
-79
-66
-115
-105
-87
-63
-119
-82
-48
-76
-92
-75
-74
-87
-65
-99
-80
-78
-71
-73
-52
-81
-100
-95
-80
-82
-79
-55
-91
-124
-67
-74
-30
-61
-88
-76
-68
-37
-93
-94
-75
-96
-90
-88
-74
-78
-101
-91
-119
-143
-121
-95
-103
-77
-88
-96
-112
-75
-48
-81
-85
-103
-78
-82
-52
-64
-46
-78
-96
-102
-68
-35
-62
-77
-62
-38
-71
-20
-3
-11
13
0
15
11
-42
-57
-42
-21
-36
-60
-44
-73
-100
-29
-21
-39
-48
-77
-31
-50
-29
-29
-19
-33
-33
-26
-47
-47
-47
-33
-28
-52
-44
-41
-32
-22
-48
-43
-54
-25
-43
-51
-16
-16
-26
-24
-23
-37
-24
-46
2
20
22
21
-17
-27
-17
-41
-41
-20
-16
0
-70
-1
-31
-18
-21
-26
18
16
-17
-1
32
24
3
15
-15
-16
-11
-16
-15
-17
26
-44
-66
-38
-9
-2
-15
-32
-29
17
-5
-35
-43
9
-40
-41
1
-9
3
-40
6
-36
-31
-19
4
-2
-43
-46
-52
-47
-71
-40
-42
-12
-8
-42
-65
-62
-104
-90
-61
-53
-78
-74
-74
-70
-34
-55
-83
-41
-52
-68
-100
-108
-81
-72
-118
-153
-84
-81
-97
-90
-86
-88
-70
-37
-48
-27
-5
-48
-41
-61
-116
-101
-100
-131
-173
-106
-136
-127
-73
-121
-86
-75
-100
-97
-96
-77
-11
-73
-96
-79
-82
-45
-60
-23
-79
-69
-93
-130
-101
-100
-54
-63
-87
-92
-92
-76
-99
-100
-80
-78
-56
-69
-95
-73
-61
-68
-24
-43
-28
-39
-38
-33
-51
-37
-53
-73
-45
-63
-67
-55
-94
-87
-50
-15
-59
-34
-8
13
-6
-27
-45
-88
-44
-91
-77
-89
-96
-75
-75
-76
-49
-56
-57
-89
-65
-57
-72
-64
-28
-65
-32
-44
-23
-26
-10
-30
-43
-26
-33
-50
-55
-88
-104
-47
-66
-30
-93
-99
-98
-92
-72
-51
-84
-75
-38
-86
-35
-87
-71
-83
-58
-77
-96
-69
-105
-61
-67
-70
-90
-96
-52
-75
-117
-52
-66
-77
-39
-75
-78
-83
-59
-54
-25
-6
-29
-28
-39
-26
-40
-69
-51
6
-18
-62
-39
-19
-15
26
-20
-10
28
-6
57
9
-32
-12
-35
-55
-45
-38
-40
-46
-70
-19
-28
-70
-77
-60
-75
-72
-31
-36
-55
-24
-56
-71
-82
-60
-98
-104
-78
-59
-65
-63
-9
-32
-9
-54
-15
-58
-84
-31
-63
-83
-54
-49
-77
-102
-81
-65
-77
-82
-72
-50
-90
-82
-68
-33
-78
-72
-71
-86
-66
-36
-65
-63
-72
-106
-37
-82
-43
-64
-81
-82
-105
-83
-64
-40
-30
-15
-62
-82
-33
-70
-76
-35
-60
-77
-51
-56
-53
-53
-35
-35
-44
-40
-25
-42
-64
-62
-60
-63
-75
-47
-43
-64
-38
-38
-73
-52
-34
-73
-81
-72
-66
-18
-67
-43
-17
-27
-49
-25
-11
-23
-9
-23
-40
-85
-50
-48
-34
-30
-39
-54
-50
-4
18
-25
-7
23
2
15
-17
2
-17
-27
-51
-19
-28
-43
-35
-47
-36
-9
-45
-43
-20
-34
-31
-73
-49
-74
-71
-38
-36
-44
-93
-91
-96
-105
-94
-130
-136
-63
-57
-92
-47
-40
-96
-91
-56
-103
-79
-75
-77
-115
-133
-95
-48
-59
-103
-54
-69
-63
-92
-79
-54
-97
-113
-119
-128
-121
-130
-136
-111
-116
-112
-126
-124
-105
-162
-156
-120
-159
-139
-131
-133
-143
-177
-145
-118
-107
-126
-142
-149
-134
-109
-90
-124
-143
-124
-124
-130
-147
-138
-158
-176
-127
-140
-161
-158
-145
-108
-172
-140
-137
-152
-112
-151
-149
-152
-146
-156
-147
-155
-163
-127
-104
-142
-136
-92
-112
-155
-133
-120
-117
-119
-133
-92
-64
-58
-126
-114
-135
-145
-119
-127
-122
-119
-102
-102
-126
-83
-71
-88
-152
-129
-98
-100
-141
-128
-52
-66
-72
-92
-76
-103
-117
-112
-105
-126
-128
-125
-81
-130
-124
-79
-110
-88
-85
-121
-109
-114
-148
-153
-80
-82
-125
-109
-160
-122
-108
-118
-114
-112
-115
-98
-113
-132
-91
-105
-112
-108
-78
-56
-68
-107
-116
-56
-52
-68
-49
-84
-79
-36
-56
-38
-70
-36
-45
-75
-52
-97
-105
-76
-107
-101
-104
-139
-130
-149
-141
-92
-122
-132
-137
-69
-132
-159
-137
-151
-122
-168
-134
-149
-146
-178
-185
-105
-129
-171
-207
-186
-214
-192
-185
-174
-184
-177
-154
-169
-196
-160
-197
-173
-156
-196
-147
-172
-160
-137
-151
-220
-165
-199
-215
-189
-196
-172
-229
-212
-229
-202
-199
-223
-206
-241
-245
-241
-223
-229
-228
-203
-207
-209
-230
-198
-178
-192
-199
-187
-192
-182
-190
-205
-161
-176
-147
-166
-179
-140
-168
-172
-189
-172
-167
-156
-160
-157
-141
-153
-123
-155
-172
-165
-183
-160
-154
-165
-148
-193
-186
-218
-178
-110
-168
-143
-122
-123
-107
-93
-89
-101
-83
-115
-127
-112
-145
-131
-150
-100
-94
-84
-74
-76
-76
-82
-120
-124
-100
-105
-76
-125
-118
-100
-115
-105
-86
-147
-95
-124
-139
-132
-167
-144
-159
-134
-135
-155
-132
-164
-183
-193
-168
-188
-201
-197
-153
-176
-212
-161
-172
-136
-134
-132
-144
-167
-200
-163
-155
-192
-201
-207
-202
-173
-183
-170
-169
-187
-197
-179
-192
-172
-165
-166
-215
-196
-167
-233
-205
-179
-213
-257
-219
-244
-194
-220
-213
-189
-216
-213
-206
-198
-196
-226
-224
-187
-198
-182
-205
-208
-267
-261
-224
-239
-256
-245
-255
-260
-216
-222
-232
-238
-217
-230
-230
-272
-277
-246
-231
-243
-247
-250
-249
-168
-228
-218
-166
-214
-203
-228
-211
-200
-216
-210
-268
-275
-224
-238
-200
-202
-185
-190
-184
-216
-179
-198
-220
-197
-217
-232
-206
-273
-254
-216
-290
-244
-251
-249
-269
-249
-252
-198
-196
-236
-249
-219
-174
-228
-206
-226
-226
-209
-225
-246
-232
-225
-219
-222
-230
-253
-234
-217
-220
-212
-231
-247
-259
-203
-233
-232
-229
-231
-215
-240
-239
-226
-223
-220
-230
-269
-214
-204
-199
-176
-207
-244
-201
-178
-177
-184
-163
-168
-155
-141
-159
-141
-151
-135
-128
-136
-152
-168
-140
-100
-139
-111
-117
-143
-115
-134
-91
-99
-86
-88
-117
-102
-77
-76
-85
-68
-62
-57
-65
-102
-94
-51
-78
-100
-115
-69
-63
-115
-113
-137
-75
-112
-110
-80
-104
-113
-93
-122
-135
-90
-110
-95
-91
-84
-73
-63
-77
-91
-92
-113
-128
-121
-110
-71
-81
-103
-86
-84
-104
-133
-63
-28
-50
-51
-56
-73
-69
-83
-124
-87
-110
-119
-145
-161
-137
-130
-124
-150
-126
-127
-79
-105
-155
-163
-164
-142
-128
-113
-155
-169
-188
-157
-195
-220
-165
-186
-157
-132
-167
-135
-155
-133
-163
-188
-205
-188
-184
-215
-197
-230
-214
-211
-181
-213
-199
-207
-202
-215
-235
-236
-212
-214
-228
-164
-199
-206
-240
-278
-182
-166
-168
-157
-201
-209
-228
-185
-209
-217
-176
-175
-218
-190
-194
-217
-189
-169
-140
-183
-149
-173
-109
-113
-154
-151
-144
-115
-99
-108
-119
-48
-98
-72
-87
-105
-81
-64
-87
-100
-108
-118
-101
-116
-111
-117
-99
-73
-61
-115
-90
-123
-85
-52
-76
-87
-108
-98
-75
-93
-87
-61
-121
-108
-64
-45
-45
-61
-75
-48
-38
-60
-90
-77
-50
-39
-83
-44
-68
-91
-66
-70
-62
-132
-122
-104
-102
-80
-57
-63
-60
-67
-82
-123
-131
-139
-136
-125
-116
-106
-101
-122
-119
-118
-146
-127
-117
-120
-124
-104
-142
-115
-151
-136
-137
-149
-108
-118
-134
-139
-166
-120
-84
-91
-109
-124
-116
-123
-118
-99
-142
-178
-129
-108
-101
-131
-144
-137
-148
-102
-160
-120
-109
-152
-142
-99
-123
-156
-106
-123
-131
-104
-146
-181
-174
-143
-123
-142
-130
-117
-87
-109
-118
-68
-118
-116
-79
-116
-114
-93
-115
-117
-112
-125
-109
-143
-127
-105
-101
-71
-124
-89
-92
-95
-72
-133
-97
-93
-85
-101
-122
-88
-70
-98
-108
-47
-59
-39
-30
-85
-52
-128
-86
-73
-56
-61
-97
-94
-126
-124
-101
-67
-121
-71
-83
-61
-33
-89
-64
-69
-56
-68
-67
-71
-87
-101
-89
-122
-52
-22
-26
-16
-40
-32
-82
-28
-11
-13
-24
-18
-44
-37
-13
-38
-49
-18
-14
-36
-2
4
-6
-35
-3
-2
-24
-27
22
-20
-19
20
-20
-46
-21
19
-44
-20
-53
-67
-19
-53
-32
-26
-26
-63
-68
-13
-24
16
-17
-1
-36
-69
-30
-52
-40
-49
-84
-43
9
-28
-60
-28
-47
-68
-52
-26
-48
-71
-72
-66
-88
-65
-30
-57
-44
-86
-54
-4
-34
-92
-35
-48
-45
-80
-69
-56
-48
-45
-53
-46
-54
-60
-63
-30
-76
-61
-82
-25
-25
-60
-66
-47
-76
-46
-29
-88
-72
-87
-80
-74
-50
-49
-57
-21
-24
-26
-5
-43
-54
-32
-35
-32
-45
-68
-60
-39
-63
-83
-104
-91
-59
-96
-96
-123
-146
-154
-150
-106
-95
-67
-92
-120
-104
-98
-94
-150
-144
-147
-146
-159
-169
-170
-160
-186
-190
-204
-150
-208
-206
-187
-219
-202
-185
-159
-195
-178
-176
-181
-222
-228
-188
-204
-244
-196
-237
-179
-205
-211
-231
-211
-179
-249
-230
-208
-285
-270
-263
-277
-202
-251
-217
-244
-279
-246
-251
-278
-266
-239
-250
-249
-298
-279
-241
-224
-247
-218
-199
-238
-201
-184
-167
-174
-210
-172
-198
-224
-197
-237
-166
-214
-230
-156
-161
-201
-170
-154
-165
-151
-147
-182
-160
-155
-147
-141
-179
-123
-132
-176
-153
-151
-161
-147
-120
-101
-167
-140
-176
-169
-156
-164
-160
-147
-95
-113
-119
-126
-141
-73
-138
-131
-110
-144
-99
-106
-69
-93
-133
-167
-139
-136
-145
-113
-143
-139
-130
-120
-166
-136
-155
-150
-136
-162
-134
-170
-98
-114
-135
-134
-150
-132
-104
-101
-124
-116
-143
-147
-155
-139
-193
-137
-137
-163
-156
-201
-196
-197
-198
-207
-183
-197
-180
-161
-189
-197
-157
-195
-211
-245
-223
-197
-211
-222
-235
-218
-216
-219
-230
-217
-229
-247
-216
-220
-258
-238
-254
-233
-264
-248
-252
-239
-237
-277
-226
-232
-247
-222
-230
-234
-209
-217
-185
-207
-215
-189
-216
-181
-193
-195
-163
-185
-174
-166
-119
-170
-152
-144
-98
-88
-143
-151
-94
-70
-124
-90
-123
-80
-121
-94
-32
-75
-80
-77
-48
-80
-70
-56
-66
-95
-74
-60
-68
-57
-68
-64
-68
-82
-57
-101
-150
-91
-115
-117
-73
-64
-49
-91
-84
-107
-69
-69
-33
-102
-99
-12
-35
-82
-103
-82
-77
-71
-88
-74
-89
-56
-65
-80
-69
-67
-28
-56
-89
-75
-73
-69
-66
-56
-78
-93
-58
-52
-61
-84
-71
-64
-63
-79
-65
-67
-102
-77
-35
-43
-32
-17
-56
-51
-55
-55
-48
-20
-17
-71
-74
-24
-57
-46
-28
-57
-54
-38
-52
-44
-22
-28
-20
-30
-16
-55
-22
-20
-40
-48
-43
-69
-82
-31
-34
-45
-43
-59
-4
-33
-65
-64
-46
-30
-29
-37
-59
-28
-34
-7
-9
-3
-19
-39
-37
-45
0
-11
-40
44
22
7
14
4
-31
1
16
19
45
43
17
48
90
33
15
54
37
9
15
-3
27
4
17
-1
-1
-41
-56
-32
-2
18
-31
-27
-7
-11
20
-24
-47
12
18
42
13
-8
37
13
41
11
-1
12
-11
-1
21
19
-13
7
-16
19
-6
-16
13
-11
1
-23
-45
-31
-47
-111
-78
-55
-73
-29
-38
-57
-45
-71
-97
-38
-37
-81
-81
-87
-63
-68
-78
-36
-68
-93
-74
-74
-80
-86
-76
-89
-91
-62
-63
-90
-103
-82
-89
-144
-98
-141
-167
-141
-146
-108
-116
-133
-138
-105
-157
-126
-164
-123
-112
-118
-113
-151
-125
-112
-120
-81
-80
-81
-83
-103
-71
-122
-130
-129
-120
-125
-117
-90
-112
-90
-94
-84
-61
-72
-33
-82
-54
-86
-89
-55
-82
-70
-65
-21
-58
-57
-23
-16
-55
-46
-66
-119
-106
-88
-64
-96
-98
-88
-86
-78
-65
-84
-111
-99
-75
-92
-125
-132
-96
-93
-118
-82
-126
-90
-130
-106
-112
-77
-68
-84
-79
-86
-101
-92
-30
-54
-3
-19
9
-56
-41
-26
-59
-61
-83
-7
-33
0
-29
-55
-46
-56
-81
-45
-32
-61
-45
-34
-54
-32
-42
-53
-54
-42
-62
-23
-24
-36
-1
-34
-44
-15
-23
-19
-41
-26
-48
-89
-20
-5
-21
-14
42
-10
-28
12
7
-6
-17
2
-44
-14
0
-8
-15
-25
0
-51
-42
25
32
32
-1
-30
-53
-55
-59
-50
-22
-84
-48
-9
-17
10
20
-4
11
-10
-18
-16
-67
1
-20
0
-8
-12
-14
1
5
21
-41
-58
-7
-64
-10
-17
-16
1
31
2
3
9
15
3
-25
-14
-52
-18
-26
-44
-42
24
15
-8
-22
-21
-45
-59
-30
-17
11
2
-18
43
13
8
14
64
41
5
19
30
19
2
15
15
-12
-50
17
-21
15
51
39
15
45
13
14
59
10
16
-5
-24
-19
-11
0
15
54
64
10
1
15
0
46
-18
-10
12
-27
13
36
-3
-25
18
-11
21
12
-47
-23
-28
-8
11
21
6
-40
-55
16
-30
-59
-6
20
-38
-34
7
-34
-12
0
-13
-14
-21
-5
-23
-21
-22
12
43
8
35
8
21
8
-15
-13
-1
56
6
5
-7
7
33
-5
23
41
42
57
50
3
43
9
32
35
12
71
68
87
88
44
67
88
115
131
53
73
65
63
50
51
90
67
83
79
82
96
30
89
113
83
91
58
115
108
96
80
70
66
63
107
96
56
126
106
87
83
74
80
104
70
58
83
99
103
74
78
100
91
64
71
102
39
55
42
41
39
16
73
35
56
36
34
36
-4
-6
9
50
34
-6
-20
-11
-49
-80
-48
-50
-50
-32
-40
-27
-77
-67
-76
-71
-63
-69
-94
-85
-70
-77
-99
-83
-73
-81
-64
-111
-76
-73
-103
-85
-84
-95
-127
-83
-126
-118
-96
-88
-111
-122
-83
-73
-61
-90
-30
-26
-43
-35
-39
-8
0
28
27
0
32
20
4
-35
4
-10
-9
32
8
22
14
32
41
32
10
44
74
49
77
65
86
89
94
68
65
95
83
69
109
143
101
84
114
101
87
102
108
126
115
97
111
137
154
157
125
135
140
157
171
175
116
131
153
150
131
130
181
170
174
189
185
182
145
162
168
118
158
118
127
108
104
117
119
133
112
118
117
89
88
95
96
118
115
132
72
69
59
45
97
45
54
50
55
84
40
101
110
66
32
44
61
9
56
50
42
11
43
36
44
-1
23
32
5
28
-33
15
25
-3
12
24
8
27
-16
34
26
3
10
10
20
21
33
-6
21
20
11
3
-36
-14
18
32
18
44
49
36
3
-2
-4
42
58
18
1
15
36
29
68
51
70
44
61
67
51
82
28
-2
58
44
6
9
34
-20
37
59
41
24
-11
-8
-1
39
56
21
37
36
32
10
-3
15
44
104
62
70
41
26
75
68
68
63
67
79
43
27
86
55
21
57
22
35
12
-2
25
53
29
44
58
7
38
31
21
-18
8
21
44
10
1
-3
26
26
37
27
2
33
9
20
49
58
25
26
3
26
59
54
58
61
34
29
107
102
69
104
79
76
38
62
105
63
44
61
106
114
85
43
71
99
90
61
51
87
51
44
41
30
70
81
65
95
66
73
47
54
31
26
42
85
106
50
95
111
77
63
137
110
69
107
80
69
110
128
130
95
132
109
89
89
83
120
150
122
115
99
49
61
75
68
92
119
148
93
123
172
130
140
123
144
135
113
106
126
137
100
119
128
130
99
170
162
129
125
98
137
119
124
180
140
131
153
141
118
130
142
113
100
113
148
138
130
129
109
70
63
95
103
89
43
-9
18
32
32
54
9
7
6
-19
21
15
13
5
-21
-47
-59
-6
-15
-21
-20
-32
-26
-37
8
-49
-29
-64
-47
-23
-81
-60
-65
-68
-83
-52
-73
-93
-68
-128
-106
-114
-102
-105
-158
-98
-86
-65
-61
-125
-161
-91
-78
-90
-90
-74
-38
-76
-72
-105
-92
-39
-19
10
-16
-55
-45
5
7
-10
60
42
14
42
12
-18
9
14
8
71
81
90
104
103
97
79
90
102
123
145
199
200
162
181
149
182
156
177
156
212
235
170
185
185
208
184
184
230
251
181
201
194
221
242
227
199
214
215
195
253
225
231
264
272
301
283
248
278
262
233
288
273
234
229
278
244
243
270
273
234
198
208
226
251
230
206
205
171
182
181
175
215
188
164
177
159
169
161
112
108
105
91
104
86
89
114
85
74
72
51
38
26
58
80
37
30
31
85
18
34
43
49
100
60
74
60
97
72
46
55
66
46
34
27
46
30
25
-19
6
10
-51
0
13
2
-19
-21
-38
-38
-52
-21
-33
-57
-70
-27
-33
11
2
-28
-10
-65
-39
-62
-49
-42
-32
-39
-2
-11
-2
-25
-53
-17
-31
-45
-27
-20
-31
-45
-65
-28
-64
-30
13
-20
-39
14
21
40
47
27
13
1
42
-24
-16
29
34
7
-11
-33
-45
-83
-39
15
-29
-10
43
-17
31
29
18
13
14
3
34
49
7
16
39
38
38
14
41
9
20
36
27
11
16
38
33
57
26
72
37
19
68
128
107
88
97
68
45
110
103
77
66
67
67
77
97
71
72
75
66
54
63
67
51
89
70
82
100
87
123
60
93
122
88
116
74
87
113
112
121
105
110
123
131
163
139
163
164
167
192
151
160
157
150
171
181
163
170
108
101
123
109
111
116
83
77
104
146
113
142
143
117
141
59
89
121
133
86
154
106
92
154
127
118
105
121
127
138
50
93
107
113
129
105
90
66
58
73
59
78
81
67
85
87
87
42
68
58
7
24
31
3
64
43
24
51
18
27
43
70
65
44
71
61
25
57
58
18
66
54
34
34
69
57
43
73
67
56
36
70
62
28
17
51
61
63
41
77
89
76
71
79
94
103
95
69
75
57
80
117
137
111
123
128
95
107
109
100
79
50
109
111
99
114
103
138
121
101
81
100
98
124
122
152
162
170
155
117
136
136
173
148
146
123
116
84
84
147
128
132
116
142
96
37
78
103
97
32
91
103
117
75
104
105
72
96
51
60
121
118
126
78
78
115
110
96
58
88
107
140
151
109
113
84
92
109
70
124
131
157
161
145
168
170
136
131
128
150
155
155
169
153
159
171
179
159
118
140
139
148
156
128
102
79
86
105
99
110
88
93
56
84
128
102
82
112
110
79
60
36
48
47
98
100
95
81
83
85
47
66
84
119
96
36
66
83
49
51
79
18
23
19
25
9
15
79
45
54
22
35
34
0
8
24
14
-40
-12
-40
-77
-11
-55
-48
-58
-27
-29
-58
-79
-48
-39
-91
-84
-74
-39
-68
-77
-86
-72
-70
-117
-113
-71
-113
-111
-83
-95
-77
-52
-33
-67
-75
-88
-83
-85
-33
-22
-82
-86
-54
-85
-100
-66
-84
-74
-81
-60
-45
-44
-34
-39
-46
-36
-50
-66
-49
-75
-79
-75
-45
-37
-63
-62
-22
-3
0
0
-5
28
-3
3
30
42
52
80
99
41
33
80
30
17
36
52
29
8
44
73
71
30
57
59
55
48
9
21
33
15
25
1
39
24
-8
7
-16
-21
-32
27
38
-27
-26
-27
-42
-61
-51
-32
-13
-34
-45
-21
-64
-16
-14
-64
-92
-49
-47
-54
-41
-63
-42
-51
-35
-84
-57
-37
-78
-104
-45
-74
-86
-59
-91
-87
-100
-78
-88
-92
-35
-66
-102
-60
-67
-72
-73
-77
-133
-113
-84
-73
-85
-54
-51
-95
-47
-39
-15
-16
-5
-27
-29
-50
-25
-26
-7
-18
-18
4
-37
2
-23
22
41
31
49
45
57
57
96
86
91
96
55
101
137
83
113
70
89
90
139
163
126
92
97
98
66
29
48
79
28
80
42
29
74
31
36
51
51
69
64
19
88
92
81
71
87
57
35
110
61
56
56
64
92
62
66
72
61
67
93
52
72
85
101
49
33
77
66
58
74
51
62
24
34
52
66
84
12
41
29
38
66
6
27
26
54
29
10
28
73
61
52
65
63
69
72
57
100
95
132
160
105
114
84
113
75
133
77
86
88
62
136
133
114
115
139
120
125
109
68
51
77
74
89
74
129
174
94
88
95
114
86
142
93
65
72
47
95
120
97
87
41
57
88
93
118
56
52
48
14
42
67
32
3
24
24
15
64
68
75
111
54
26
74
62
41
37
11
36
65
53
75
70
70
25
67
78
22
24
-9
23
-8
-11
17
-10
-16
33
-23
26
-3
-59
7
-18
-19
-24
1
-3
2
-30
-41
-32
-36
-44
-30
-25
7
-4
-20
-9
15
17
-19
-48
-26
-20
7
-6
-32
-25
-54
8
4
-50
-84
-48
-17
-50
-93
-14
-37
-22
-9
-23
-43
-35
-55
-46
-19
-38
-7
-42
12
-10
10
16
9
67
34
33
52
89
81
46
66
52
23
36
22
38
3
-7
6
42
24
10
-9
11
19
49
64
42
58
25
-1
-1
-6
13
4
-8
-3
9
-4
-7
-26
-33
-42
-66
-17
-7
-15
35
47
4
32
23
2
-8
39
59
20
21
2
16
-21
-8
-17
-32
-26
-42
-29
-14
-14
-72
-35
-49
-55
-25
-58
-36
-22
-53
-55
-75
-91
-84
-84
-77
-119
-120
-120
-82
-57
-96
-116
-98
-121
-122
-97
-113
-115
-108
-117
-118
-126
-89
-101
-132
-77
-78
-74
-78
-83
-113
-126
-97
-112
-100
-91
-91
-145
-168
-118
-140
-155
-125
-118
-122
-128
-117
-101
-96
-83
-114
-94
-114
-88
-77
13
-14
-46
-6
16
-16
-31
-10
-47
2
-9
-68
-18
5
-9
-6
9
12
35
1
38
16
37
90
37
43
46
-48
-5
31
57
70
50
79
85
89
62
73
54
41
43
29
68
53
26
26
57
46
51
36
34
45
31
43
4
52
40
56
29
15
37
68
39
61
76
57
33
-23
14
50
44
73
76
73
117
51
74
91
68
30
56
48
73
94
47
58
45
73
45
56
72
23
81
47
38
67
73
64
45
45
25
30
25
39
1
-2
48
15
-41
-76
-23
-27
-25
1
-4
-51
-17
19
-1
-14
-47
-1
-36
-29
2
-8
7
9
-10
-22
-18
10
-6
-22
2
-12
-3
-11
-3
-79
-82
-68
-79
-68
-110
-88
-94
-124
-95
-90
-140
-139
-157
-185
-146
-135
-154
-179
-191
-182
-190
-136
-132
-140
-144
-165
-125
-106
-122
-141
-119
-119
-154
-125
-120
-126
-123
-160
-157
-124
-121
-124
-89
-120
-162
-144
-127
-121
-168
-145
-124
-136
-120
-141
-155
-106
-91
-102
-90
-111
-142
-115
-102
-157
-125
-146
-104
-117
-135
-109
-157
-121
-100
-123
-136
-114
-57
-80
-77
-68
-40
-69
-48
-31
-62
-28
9
-54
-56
-42
-11
-10
-35
-51
-33
-17
-23
8
-22
-27
3
36
3
-44
-1
34
11
0
18
23
7
14
7
55
26
-17
0
-3
-25
-6
11
-30
-23
-25
-20
-3
-16
14
-26
-85
-39
-34
-21
-42
-10
7
45
32
8
11
-24
30
40
52
37
63
79
64
75
12
50
89
29
15
20
26
20
4
3
15
36
6
-3
17
26
16
13
-2
23
-14
-35
-13
-24
-53
-71
-75
-85
-76
-98
-82
-98
-63
-81
-101
-86
-84
-99
-52
-39
-53
-50
-79
-67
-76
-94
-93
-65
-73
-60
-53
-92
-60
-80
-97
-70
-88
-93
-86
-97
-84
-100
-67
-47
-85
-103
-65
0
-28
-11
-29
-19
10
-23
-4
6
-2
3
-59
25
0
11
-14
-8
8
-2
16
-6
19
-11
-47
3
15
-17
15
1
71
25
22
-18
-33
-14
2
22
-19
-27
-45
-39
-21
-4
-47
-39
-30
-26
-63
-61
-51
-81
-96
-82
-68
-94
-132
-176
-214
-234
-289
-332
-359
-419
-463
-500
-679
-693
-1401
-2545
-3064
-3743
-4232
-5658
-7326
-8049
-8582
-8856
-9638
-10015
-10016
-9658
-9080
-8612
-7904
-7114
-6479
-5845
-5160
-4667
-3994
-3490
-3279
-3014
-2682
-1838
-820
-284
431
1615
3005
4805
6086
7395
8925
10173
11526
12515
13337
14003
14219
14518
14415
14205
14072
13446
12555
11287
9975
9069
7825
6070
4136
2302
762
-855
-2580
-4196
-5652
-7031
-8217
-9127
-9727
-10131
-10407
-10472
-10404
-9939
-9084
-8285
-7416
-6618
-5493
-4135
-2951
-1642
-527
548
1717
2777
3934
4960
5742
6449
6998
7599
8082
8403
8550
8436
8141
7808
7408
6799
6004
4997
3931
2835
1741
745
-430
-1700
-2828
-3723
-4439
-5177
-5823
-6233
-6618
-6831
-6921
-6825
-6993
-8385
-8958
-8929
-8847
-9034
-10701
-11354
-11074
-10486
-10107
-10363
-9868
-9145
-8004
-6821
-5972
-4839
-3861
-3187
-2478
-2007
-1331
-726
-663
-985
-1037
-565
453
1111
939
1582
2648
4287
5957
6639
7905
9154
10301
11687
12327
13170
13511
13515
13727
13200
13348
13128
12410
11690
10353
9648
9216
8136
6923
5241
3862
2875
1479
110
-1503
-3156
-4617
-5766
-6849
-7950
-8773
-9522
-9988
-10429
-10303
-9880
-9364
-8795
-8382
-7391
-5980
-4757
-3392
-2459
-1453
-93
983
2353
3260
3943
4788
5367
6059
6565
7059
7501
7477
7452
7449
7404
7325
6828
6227
5470
4699
4055
3219
2103
846
-244
-1262
-2198
-3121
-4083
-4824
-5590
-6150
-6422
-6683
-7209
-7903
-8401
-8757
-8996
-9695
-10432
-11077
-11666
-12009
-12239
-12336
-12462
-12284
-11799
-11096
-10187
-9196
-8072
-7018
-6013
-4874
-3776
-2715
-1909
-1380
-746
-69
730
1355
1966
2549
3425
4568
5637
6871
7939
9206
10349
11498
12722
13611
14398
14903
15269
15451
15638
15491
15148
14679
13939
13139
12198
10974
9627
8121
6415
4758
2786
1004
-895
-2654
-4343
-6134
-7421
-8638
-9630
-10303
-10842
-11062
-11029
-10828
-10313
-9679
-8968
-8058
-7100
-6074
-5017
-3871
-2832
-1707
-648
462
1676
2677
3749
4729
5605
6499
7293
8110
8617
8987
9266
9271
9229
8863
8383
7734
6761
5847
4757
3523
2372
1064
-163
-1306
-2418
-3391
-4273
-5476
-7276
-8433
-9459
-10276
-11546
-13618
-14849
-15890
-16348
-16916
-17809
-18000
-17936
-17318
-16281
-15407
-13999
-12600
-11267
-9621
-8163
-6279
-4703
-3526
-2497
-1446
-87
1370
2426
3091
4019
5236
6784
8203
9165
10345
11595
12905
14039
15011
15895
16567
17034
17363
17497
17558
17546
17206
16813
16233
15773
15440
14524
13372
11874
10404
8839
6876
4616
2234
-278
-2956
-5377
-7704
-9775
-11784
-13489
-14794
-15494
-15708
-15589
-15201
-14551
-13445
-12105
-10555
-9014
-7440
-5835
-4364
-3023
-1633
-269
1056
2055
2900
4055
5127
6262
7223
8124
9056
9933
10744
11421
11841
12079
12067
11625
11086
10192
9193
7844
6129
4268
2491
838
-869
-2597
-4245
-5588
-6713
-7587
-8219
-9346
-10564
-11242
-11901
-12301
-13469
-14918
-15690
-16509
-16811
-17443
-18019
-17932
-17729
-17011
-16018
-14938
-13235
-11691
-10081
-8312
-6619
-4624
-3048
-1837
-789
252
1402
2535
3223
3607
4301
5177
6265
7227
8079
9099
10278
11341
12443
13539
14605
15536
16098
16751
17157
17610
17819
17670
17371
16951
16781
16327
15459
14232
12667
11314
9675
7788
5662
3302
1050
-1418
-3750
-5824
-7797
-9524
-11254
-12704
-13541
-13976
-14002
-13993
-13881
-13321
-12367
-11087
-9886
-8766
-7549
-6256
-4878
-3584
-2252
-928
329
1493
2544
3791
5071
6362
7410
8187
9110
9988
10838
11385
11512
11573
11365
10976
10383
9467
8421
7114
5612
4098
2504
875
-1112
-3346
-5373
-7361
-9058
-11024
-13256
-15151
-16798
-18001
-19211
-20350
-21054
-21476
-21425
-21135
-20672
-19644
-18589
-17335
-15953
-14463
-12666
-10934
-9252
-7771
-6263
-4546
-2697
-1059
455
1981
3527
5177
6895
8299
9796
11093
12250
13490
14268
15195
15833
16231
16587
16669
16980
17201
17310
17220
17217
17121
17537
17742
17919
18408
18309
17939
16565
14671
13448
11920
9422
5675
1169
-2031
-4518
-7430
-10866
-14713
-16689
-17507
-18219
-18975
-19247
-18169
-16395
-15238
-14305
-12469
-9727
-7320
-6489
-6296
-5127
-2801
-1204
-974
-1464
-770
1172
2588
3416
3947
5477
7748
9223
10288
11544
13349
15044
15169
14458
14257
14333
14024
11971
9143
6925
5323
3594
1000
-1864
-3890
-5136
-6412
-7729
-8724
-8861
-9231
-10749
-11923
-12818
-12703
-13351
-15783
-17784
-19293
-19522
-19811
-21355
-22188
-22426
-21399
-19812
-18674
-17016
-14855
-12418
-10036
-7963
-5380
-2832
-784
387
1132
2511
4020
5301
5336
5101
5615
6634
7940
8298
8617
9437
10610
12012
12927
13874
15035
15963
16753
17284
17891
18722
19081
18972
18600
18467
18776
18954
18465
17332
16225
14542
13122
11329
9251
7198
3534
336
-2495
-4832
-6518
-9680
-12348
-14254
-15383
-15333
-16097
-16504
-16074
-15422
-14323
-13629
-12417
-10405
-8872
-7831
-7477
-6187
-4037
-2249
-1481
-1403
-297
1521
3428
4643
5194
6632
8281
9607
10657
11367
12741
13705
13478
13003
12319
12544
12199
10396
8337
6227
4981
3835
1751
-504
-2394
-4018
-6155
-8459
-10461
-11851
-13378
-16185
-18434
-20181
-20824
-21328
-23162
-24294
-24722
-23993
-22667
-22226
-21397
-19970
-18102
-15759
-14124
-12020
-9817
-7834
-5942
-4504
-2516
-231
1742
3117
3960
5502
7444
9520
10605
11151
12243
13337
14770
15392
15477
16115
16290
16580
16763
16620
17151
17277
17154
17171
17128
17855
18650
18838
19053
19080
19146
18598
16904
15083
13398
11136
7979
3674
-361
-3323
-6130
-9463
-13192
-16111
-17311
-17766
-18435
-19127
-18639
-16937
-15073
-14053
-12890
-10777
-8342
-6708
-6298
-5891
-4451
-2741
-1984
-2223
-2384
-1048
746
1870
2494
3495
5717
8024
9450
10632
12210
14117
15485
15433
14985
14920
14774
13831
11408
8821
6917
5258
3100
291
-2358
-3960
-5109
-6478
-8609
-10379
-11251
-12136
-13228
-15359
-16859
-17761
-18967
-20108
-22112
-23000
-23093
-23335
-23343
-23542
-22615
-20717
-19099
-17487
-15806
-13303
-10321
-8041
-5918
-4092
-1639
793
2482
3935
5042
6616
7982
8741
9498
10107
11252
12111
12373
12835
13242
13922
14879
14572
15062
15505
15817
16883
16532
17058
17754
17751
18827
18571
19033
19810
19690
19669
18122
16214
14983
13086
10943
7625
3440
305
-2713
-5243
-8256
-11407
-13550
-15115
-15686
-16385
-16604
-15938
-15072
-13866
-13412
-12277
-10418
-8732
-7502
-7255
-6957
-5477
-4348
-3354
-3160
-3086
-1680
-380
1108
2352
3487
5609
7363
8762
10241
11683
13338
14379
14200
13988
13704
13464
12663
10631
8454
6571
4944
3178
1022
-1163
-2669
-3995
-5854
-7593
-9230
-10458
-11531
-13849
-15806
-17569
-18917
-19724
-21827
-23345
-24267
-24629
-24183
-24402
-23932
-22723
-21193
-19151
-17436
-15280
-12605
-10220
-7878
-6046
-3744
-1335
841
2460
3499
4996
6439
7834
8834
9354
10281
11203
11973
12658
13018
13618
14241
14399
14670
14838
15322
15854
15808
15877
15952
16187
16749
16782
16835
17055
17335
18003
17987
17388
16492
15128
14182
12561
10437
7725
4498
1676
-1119
-3876
-6604
-9296
-11310
-12910
-14177
-14831
-15073
-14698
-14171
-13638
-12827
-11715
-9994
-8688
-7786
-7095
-6337
-5023
-4083
-3432
-2937
-2333
-1247
-209
797
2053
3341
4929
6236
7454
8933
10422
11718
12435
12523
12617
12645
12307
11380
9948
8424
6855
5193
3302
1475
-179
-1717
-3107
-4568
-6186
-7277
-8675
-10064
-11625
-13680
-14943
-16663
-18366
-19867
-21704
-22522
-23368
-23860
-23774
-23669
-22660
-21390
-20000
-17992
-16095
-13620
-11324
-9247
-6881
-4863
-2492
-639
988
2604
3904
5467
6567
7556
8614
9504
10662
11428
12196
13065
13650
14331
14768
15034
15664
15971
16409
16710
16819
17444
17871
18384
18994
19354
20337
21112
21731
22093
21670
21196
20042
18515
16603
13976
11051
7400
3685
89
-3465
-6548
-9652
-12359
-14436
-16011
-16496
-16833
-16746
-16200
-15547
-14292
-13090
-11765
-10309
-9353
-8367
-7693
-7070
-6134
-5496
-4878
-4359
-3683
-2423
-1054
469
2135
3793
5786
7706
9669
11468
12984
14197
14912
15227
15148
14741
13914
12506
10751
8727
6688
4761
2728
718
-1159
-2801
-4030
-5119
-6171
-7309
-8515
-9877
-11173
-12653
-14350
-16055
-18233
-20127
-21864
-23416
-24380
-25276
-25552
-25434
-24812
-23308
-21503
-19368
-16918
-14471
-11688
-8924
-6152
-3551
-1421
684
2397
4034
5422
6374
7189
7782
8358
8978
9584
10363
10965
11402
12108
12601
13318
13954
14306
14838
15096
15647
16229
16480
16886
16987
17322
17779
18139
18680
19199
19768
19800
19451
18673
17466
16501
14595
12235
9246
5726
2938
-289
-3280
-6405
-9584
-11680
-13589
-14898
-15588
-16085
-15728
-15455
-14938
-13884
-12786
-11167
-10016
-9222
-8269
-7438
-6102
-5283
-4719
-4128
-3571
-2489
-1520
-370
978
2330
3949
5512
7082
8957
10487
11925
12816
13234
13786
13848
13600
12716
11292
9845
8175
6391
4483
2461
650
-1053
-2647
-3975
-5028
-6005
-7387
-8849
-10571
-11834
-13124
-14965
-16750
-19150
-20851
-22148
-23508
-24238
-25159
-25320
-24909
-24153
-22555
-20769
-18689
-16330
-14196
-11541
-8823
-6083
-3586
-1725
222
1902
3691
5169
6045
6855
7513
8367
9147
9739
10436
10815
11304
11728
12183
12869
13406
13853
14085
14409
14897
15407
15857
15854
16105
16316
16821
17503
17834
18570
18972
19049
18828
17958
17081
15992
14105
11775
8650
5445
2685
-436
-3333
-6434
-9235
-11245
-13029
-14029
-14862
-15179
-14955
-14587
-13914
-12909
-11664
-10265
-9182
-8361
-7596
-6747
-5600
-4943
-4465
-4026
-3457
-2443
-1545
-452
727
2102
3698
5172
6769
8426
9999
11319
12189
12671
13165
13294
12968
12053
10755
9371
7741
6065
4228
2330
543
-1052
-2557
-3828
-4810
-5834
-7024
-8540
-10181
-11364
-12698
-14318
-16297
-18587
-20234
-21663
-22947
-23831
-24906
-25053
-24806
-24004
-22614
-21070
-18928
-16779
-14588
-12059
-9472
-6722
-4374
-2566
-635
999
2769
4155
5097
5846
6397
7275
8015
8580
9093
9391
9818
10204
10568
11317
11823
12154
12470
12606
13110
13559
13868
14166
14297
14614
15069
15734
16501
17097
17762
18007
18042
17702
16801
16100
14514
12542
10086
6865
4179
1269
-1687
-4533
-7738
-10045
-11885
-13331
-14082
-14891
-14881
-14537
-14061
-13011
-12078
-10763
-9559
-8804
-8015
-7473
-6582
-5881
-5561
-5248
-5047
-4360
-3477
-2611
-1478
-405
1039
2613
4190
5926
7539
9065
10264
11074
11690
12043
12127
11711
10695
9483
8147
6778
5225
3562
1863
412
-853
-1993
-2966
-3657
-4845
-6301
-7849
-9327
-10376
-12048
-14099
-16380
-18498
-19904
-21299
-22522
-23460
-24161
-23958
-23386
-22310
-20756
-18951
-16831
-14699
-12499
-9779
-7146
-4718
-2916
-1205
596
2350
3850
4884
5658
6407
7192
8092
8804
9313
9781
10168
10481
10899
11490
12075
12366
12447
12526
12803
13193
13382
13571
13438
13737
14112
14568
15314
15785
16751
17298
17199
17130
16137
15564
14491
12422
10379
7212
4694
2273
-659
-3027
-5919
-8131
-9665
-11439
-12027
-12859
-13060
-12636
-12552
-11703
-10827
-9679
-8365
-7755
-6895
-6267
-5443
-4514
-4219
-3801
-3462
-2869
-1825
-980
166
1367
2598
4231
5635
7213
8848
10176
11235
11938
12320
12698
12697
12170
11162
9845
8511
7149
5507
3837
2202
605
-709
-1952
-2968
-3671
-4831
-6294
-7843
-9509
-10581
-12237
-14311
-16462
-18931
-20388
-21839
-23299
-24310
-25366
-25366
-25044
-24284
-22808
-21219
-19304
-17342
-15365
-12771
-10325
-7911
-6003
-4428
-2604
-972
665
1822
2565
3393
4128
4982
5715
6397
6960
7369
7874
8354
8967
9595
9979
10114
10029
10308
10736
11061
11227
11363
11751
12222
13034
13727
14631
15637
16603
17469
17773
17924
17638
17196
16289
14398
12347
9533
6830
4110
1184
-1530
-4449
-6800
-8546
-10128
-10884
-11439
-11553
-11117
-10810
-9888
-8908
-7734
-6482
-5935
-5262
-4777
-4198
-3554
-3420
-3261
-2992
-2442
-1635
-816
236
1566
3017
4673
6259
7953
9693
11164
12328
12953
13439
13638
13453
12842
11690
10323
8789
7315
5549
3848
2203
752
-516
-1674
-2519
-3232
-4216
-5822
-7180
-8653
-9722
-11280
-13714
-15783
-18049
-19522
-20850
-22498
-23358
-24211
-24156
-23537
-22811
-21191
-19393
-17483
-15399
-13464
-10777
-8223
-5993
-4063
-2598
-747
864
2274
3414
4046
4809
5517
6258
7011
7445
8076
8445
8878
9412
9937
10703
10974
11205
11410
11825
12701
12910
13350
13350
13688
14449
14791
15763
16424
17417
18670
19205
19641
19666
19064
18682
17309
15445
13515
10590
8228
5233
2227
-311
-3490
-5678
-7815
-9460
-10322
-11137
-11275
-11215
-11016
-10302
-9669
-8792
-7874
-7488
-6738
-6407
-5906
-5404
-5285
-4834
-4629
-4101
-3281
-2504
-1327
-68
1343
2913
4570
6202
7969
9453
10763
11668
12238
12631
12514
12045
11133
9934
8484
7027
5368
3748
2166
622
-634
-1884
-2870
-3794
-5448
-7196
-8500
-9932
-11192
-13352
-15852
-17588
-19667
-21045
-22569
-24176
-24805
-25647
-25449
-24948
-24264
-22668
-21169
-19467
-17587
-15565
-12795
-10664
-8802
-6951
-5288
-3168
-1644
-290
818
1566
2737
3545
4404
5187
5614
6087
6478
6710
7149
7625
7807
7967
7829
8033
8586
8872
9165
9294
9657
10334
11043
11702
12527
13513
14366
15631
16427
17248
17847
17564
17254
16475
15322
14139
11815
9295
6648
3914
1765
-721
-3252
-5315
-7289
-8371
-9295
-9771
-9688
-9574
-8995
-8591
-8039
-7132
-6390
-5659
-5376
-5256
-4724
-4284
-3607
-3089
-2379
-988
520
2045
3531
4848
6206
7386
8413
9088
9234
9124
8894
8472
8184
8221
8496
8800
8732
8314
7736
6881
5764
4229
2379
554
-1343
-3219
-4687
-6033
-7872
-9243
-10772
-12002
-13270
-15552
-17357
-19441
-21385
-22816
-24690
-25648
-26477
-26926
-26345
-25804
-24269
-22520
-20573
-18156
-16053
-13380
-10631
-8349
-6001
-4308
-2209
-330
1109
2522
3500
4594
5504
6226
7188
7863
8611
9094
9542
10024
10466
10928
11341
11405
11619
11736
11982
12340
12180
12336
12481
12930
13437
13534
14321
14736
15333
16243
16682
17740
18096
18183
18254
17407
16746
15409
13286
10987
8022
5593
3260
684
-1725
-3972
-5552
-6538
-7470
-7574
-7542
-7161
-6606
-6250
-5466
-4644
-3997
-3565
-3541
-3503
-3307
-3118
-3071
-3266
-3285
-2855
-2300
-1640
-706
397
1695
2854
4007
5047
6213
7085
7491
7509
7748
8129
8492
8792
8591
8266
7634
6616
5146
3136
965
-1247
-3519
-5714
-7955
-10358
-11851
-13487
-15215
-16962
-19319
-20707
-22402
-24048
-25223
-26986
-27746
-28504
-28868
-28346
-27994
-26679
-25287
-23775
-21615
-19494
-16762
-14316
-12454
-10106
-8184
-5828
-3862
-2345
-580
816
2488
4062
5362
6731
7559
8300
8872
9258
9460
9681
9521
9022
8516
7807
7595
7201
6743
6844
6872
7657
8356
8998
10159
10850
12142
13513
14748
16378
17657
18407
18853
18636
18360
18328
17285
15772
13310
10540
8375
5432
2862
22
-2906
-4957
-7184
-8683
-9673
-10590
-10830
-11407
-11769
-11499
-11193
-10322
-10018
-9780
-9002
-8375
-6880
-5893
-5216
-4236
-3463
-2105
-489
1313
3700
5925
8016
9937
11737
13759
15724
17068
17615
17037
15794
14007
11549
8542
5183
1893
-1163
-3794
-5936
-7263
-8214
-8863
-9300
-9637
-9637
-10537
-11553
-12506
-13728
-14422
-16269
-18141
-19880
-22107
-23258
-24879
-26133
-26762
-27724
-27307
-27038
-26242
-24600
-23112
-21097
-19408
-17472
-14835
-12884
-10771
-9272
-7852
-6133
-4949
-3583
-2620
-1867
-936
-323
556
1290
1872
2562
2921
3189
3437
3773
4160
4150
4078
4175
4288
4874
5010
5421
6081
6759
7822
8659
10070
11588
13047
14763
16052
17698
18708
19309
19326
18648
18307
17101
15559
13296
10260
7725
4921
2096
-920
-4283
-6795
-9198
-11068
-12296
-13005
-12637
-12472
-12353
-11828
-11473
-10897
-11041
-11510
-11824
-12150
-11891
-12050
-12090
-11301
-9522
-6556
-3438
-713
1678
3332
4381
4254
3432
3259
3882
5497
7821
10739
13855
16467
17915
17852
16631
14394
11535
8378
5103
2290
193
-1508
-2952
-4218
-5121
-6132
-7551
-9520
-11706
-13375
-15128
-16941
-18823
-20816
-22236
-23666
-24604
-25300
-25726
-25455
-25104
-24324
-23238
-21677
-19591
-17618
-15757
-13774
-11604
-9101
-7052
-5270
-3581
-1974
-375
890
1972
2926
3484
4114
4348
4605
4792
4922
4962
4621
4443
4471
4740
5023
5088
5491
6110
7022
8052
8928
9946
10915
12042
13049
13969
14994
15884
16854
17752
18449
18965
19088
18673
18101
17416
16431
15355
13751
12046
10188
7826
5310
2308
-620
-3151
-5616
-7255
-8621
-9570
-10079
-10640
-11075
-11223
-11012
-10401
-10335
-10577
-10858
-11103
-11048
-11023
-10356
-9645
-8714
-7231
-6030
-5387
-4488
-2115
1939
6400
10359
12892
13722
13533
13121
12839
12934
13217
13233
12908
12329
11649
10708
9302
7596
5860
4122
2655
974
-715
-2504
-4765
-6798
-9494
-12084
-14351
-17096
-19133
-21459
-23405
-24452
-25743
-25984
-26210
-25936
-24889
-24031
-22553
-20990
-19308
-17146
-15415
-13438
-11552
-9873
-7861
-6458
-4853
-3501
-2270
-752
348
1543
2575
3482
4454
5039
5623
5921
6218
6298
6161
6030
5746
5611
5526
5426
5567
5737
6404
7130
7966
9256
10209
11440
12676
13852
15381
16655
18039
19442
20087
20201
19908
19709
19871
19237
17628
15282
12768
10784
8276
5251
2065
-990
-3141
-5219
-6827
-7936
-8436
-8427
-8581
-8847
-8991
-8727
-7996
-7621
-7515
-6919
-6247
-5556
-5404
-5246
-5169
-5391
-6115
-7400
-8681
-9400
-8949
-7125
-4010
269
5112
9885
13713
16248
17551
17550
16082
13331
9585
5647
2263
-515
-2464
-3652
-3993
-3947
-3997
-4324
-5020
-5675
-6413
-7746
-9554
-11522
-13298
-14901
-16821
-18858
-20545
-21983
-23016
-23859
-24292
-24198
-23796
-23051
-22108
-20876
-19191
-17379
-15561
-13904
-12250
-10262
-8321
-6578
-5132
-3754
-2222
-834
424
1599
2628
3588
4456
5133
5659
6269
6572
6918
6968
7015
7214
7375
7594
7525
7712
7929
8223
8605
8724
9350
9860
10579
11549
12442
13772
15041
16178
17559
18304
18850
18859
18161
17891
16614
14929
12761
9967
8334
6215
4205
2176
-161
-759
-1675
-2619
-3947
-5474
-6224
-7449
-8922
-9535
-9435
-7527
-4854
-2396
245
2267
4020
4355
2992
583
-3025
-6354
-8362
-8141
-5363
-1912
-53
63
1041
4554
10489
15506
17666
17092
14058
9773
5552
2121
-401
-2198
-3897
-5667
-7825
-9582
-11135
-12400
-13308
-14016
-14228
-14718
-15005
-16005
-17114
-18243
-19825
-21006
-22738
-24150
-25079
-26191
-26491
-26927
-26566
-25632
-24684
-23119
-21650
-19795
-17429
-15506
-13200
-11277
-9404
-7240
-5672
-3821
-2544
-1103
342
1398
2592
3585
4622
5704
6323
6985
7577
8028
8408
8641
8675
8791
8813
8891
9014
8982
9237
9515
9879
10575
11072
11948
12949
13808
14680
15572
16455
17470
18381
18729
18777
18470
18059
18169
17694
17003
15404
13263
11539
9231
7237
4906
2650
1116
-464
-1377
-1958
-2344
-1894
-1767
-1543
-1402
-1189
-727
-1098
-2023
-3029
-4190
-4991
-6282
-7596
-8476
-9154
-9013
-8832
-7943
-5452
-964
5944
13493
19442
22896
23578
22419
20585
18683
17220
15907
14271
12155
10063
8137
6260
4390
2324
471
-1440
-3309
-5329
-6777
-7838
-9028
-10396
-12802
-14874
-16892
-18917
-20591
-22875
-24596
-26048
-27342
-27826
-28559
-28572
-28157
-27812
-26923
-26037
-24415
-22494
-21117
-19328
-17705
-15537
-13172
-11358
-9360
-7764
-6019
-4287
-2793
-1245
-59
996
1978
2611
3302
3883
4367
4594
4428
4393
4599
4890
4977
5126
5295
5849
6782
7435
8587
9663
10698
12178
13147
14534
15613
16830
18165
19199
20508
21335
22041
22282
22266
22136
21043
19617
17458
15283
13233
10348
7318
3745
211
-2513
-5373
-7790
-9947
-12122
-13778
-15972
-17795
-19195
-19936
-19529
-18734
-16943
-14070
-10399
-6789
-4303
-1850
-263
-363
-338
1417
4422
6755
7753
8393
9491
11170
12399
12848
13023
12741
12307
11489
10004
7840
4946
2072
-461
-2458
-3788
-4540
-4632
-4613
-4655
-4902
-5537
-6157
-7028
-8504
-10071
-12058
-13924
-15658
-17805
-19480
-21214
-22403
-23057
-23789
-23657
-23265
-22507
-21278
-20137
-18493
-16702
-14834
-12879
-11251
-9459
-7727
-6128
-4487
-3250
-1956
-658
466
1605
2527
3558
4494
5259
5826
6457
7057
7579
7902
8073
8315
8620
8885
9152
9516
9797
10425
11026
11871
13056
14233
15778
17193
18708
20571
22227
23917
25614
26764
27987
28348
28235
28174
27000
25718
23370
20207
17693
14542
11856
8731
5125
2410
-465
-2671
-4948
-7374
-8769
-10282
-11310
-11636
-11953
-11359
-10810
-10100
-8657
-6979
-4140
-1013
1976
4990
7538
10439
13583
16465
17739
16760
14740
12822
11166
9840
8528
6692
4331
2192
1625
2925
4886
6591
7830
8317
8427
8237
7496
6926
6199
5487
4313
2800
1156
-1039
-2723
-5186
-7597
-10122
-13034
-15076
-17911
-20297
-22199
-24324
-25059
-26082
-26277
-25543
-25025
-23546
-22268
-20716
-18582
-16963
-14865
-13302
-11884
-10019
-8809
-7100
-5925
-4831
-3502
-2551
-1287
-380
548
1683
2280
2985
3554
4115
4605
4856
5044
5058
5149
5262
5337
5381
5295
5455
5645
5783
6170
6473
7303
8101
8707
9961
11075
12661
14388
15747
17647
18799
19531
20164
20311
20574
19748
18030
16122
13819
12109
10050
7528
4921
2302
231
-1710
-3772
-5451
-7037
-8464
-9929
-11272
-11640
-11771
-11927
-12315
-12706
-12526
-11858
-10724
-8805
-6094
-2338
1870
5697
9050
12324
15244
17760
19210
19487
19166
18458
17596
16620
15791
15502
15204
14048
11726
8675
6213
4573
3571
3046
2524
2182
1749
1002
281
-1030
-3799
-5523
-7848
-10103
-12092
-15768
-17411
-19632
-21674
-22212
-24256
-24273
-24893
-25187
-23424
-22959
-20889
-19136
-17572
-15361
-14103
-11686
-9504
-8670
-7107
-6638
-5075
-3773
-3297
-1991
-1347
-253
796
1809
3576
4724
5729
6826
7886
8697
9436
9913
9791
9606
8774
8575
8405
7541
7159
6598
6745
7290
7315
8532
9370
10678
12267
13363
15633
17136
18366
19194
18936
19144
18802
18205
16892
14575
12538
10649
8844
6807
4503
2840
1744
823
219
-227
-296
-468
-1106
-1796
-2358
-2519
-2854
-3650
-5036
-5981
-6335
-6372
-6304
-6590
-6506
-6268
-6289
-6818
-7749
-7346
-4473
1786
10081
17141
21258
22231
20529
18315
16462
14922
14029
13064
12227
11246
10335
9657
8897
8413
8014
7305
6320
4857
3651
2992
1674
179
-1934
-4138
-5865
-8480
-10996
-13856
-16632
-18532
-20544
-21561
-22196
-22585
-22291
-22110
-21480
-20424
-19063
-17338
-16098
-14791
-13158
-11405
-9488
-8109
-6799
-5463
-4181
-2904
-1817
-660
337
1147
1893
2601
3373
4036
4684
4928
5091
5346
5682
6035
6094
6041
6164
6470
6726
7115
7398
8090
8798
9329
10397
11279
12483
13626
14566
15903
16519
16932
16897
16588
16674
16188
15130
13561
11837
10583
9344
7846
6124
4472
3455
2490
1290
190
-771
-1486
-2588
-4101
-5253
-6119
-7057
-8288
-9687
-10720
-11011
-11168
-11373
-11175
-10290
-8354
-5680
-3188
-1528
218
4189
10508
17498
23362
26693
27083
25393
22785
20320
18538
17258
15896
14085
12513
11096
9584
8007
6179
4351
2012
-853
-3430
-5916
-7844
-9763
-12038
-14065
-15957
-17474
-18681
-20239
-21321
-22231
-22768
-22904
-23209
-22895
-22307
-21532
-20478
-19353
-17669
-15856
-14298
-12790
-11483
-9823
-8118
-6637
-5363
-4287
-3096
-1859
-790
179
969
1736
2501
2981
3412
3878
4285
4462
4242
4078
4048
4092
3907
3639
3492
3446
3814
4094
4495
5159
5781
6981
7923
9018
10407
11681
13349
14669
15899
16765
17141
17545
17738
17714
17009
15500
13986
12543
11178
9466
7388
5420
3678
2198
860
-537
-1324
-1985
-2574
-3186
-3744
-3564
-3292
-3185
-3361
-3469
-3062
-2569
-2387
-2398
-2282
-1767
-976
-91
983
2471
4260
5975
7407
8920
10439
11777
12439
12414
12249
11945
11646
10818
9523
8236
6999
5599
4098
2771
1782
887
-135
-1471
-3012
-4265
-6026
-8138
-10818
-13667
-16168
-18961
-21546
-23964
-25914
-26705
-27217
-26890
-26087
-24918
-23190
-21761
-20041
-18200
-16294
-14140
-12551
-11100
-9553
-8151
-6377
-5122
-3999
-2771
-1624
-326
799
1965
3192
4224
5186
5976
6807
7619
8254
8731
8933
9161
9670
9983
10138
10303
10414
10853
11254
11753
12357
12919
13748
14501
15312
16308
17101
18087
18805
19515
19579
18927
18204
17080
16058
14374
11962
9583
7013
5105
3044
707
-1207
-3031
-3948
-4708
-5345
-5296
-5056
-4476
-4144
-4149
-3381
-2732
-2200
-2358
-2939
-2843
-2686
-2671
-2917
-3238
-3043
-2800
-2406
-1884
-1064
265
1569
2602
3471
4526
5645
6480
6849
7140
7781
8424
8508
8140
7420
6695
5722
4526
3513
2577
1865
571
-614
-1340
-2259
-3127
-5409
-8023
-10362
-12530
-13462
-14582
-15046
-14797
-14367
-12985
-12218
-11399
-10568
-10315
-10012
-10122
-9872
-9239
-9204
-9128
-9125
-8614
-7804
-7414
-7015
-6978
-6674
-6005
-5289
-4088
-2815
-1346
272
1816
3234
4552
5897
6854
7414
7729
8188
8770
8969
8995
8959
9129
9488
9682
10075
10677
11214
11934
12603
13390
14417
15386
16355
17120
17871
18100
17935
17308
16408
15545
13892
11860
9110
6511
4637
2389
386
-1699
-3286
-4015
-4773
-5031
-5058
-4706
-4068
-3913
-3529
-2866
-1959
-987
-956
-1034
-903
-535
111
138
376
948
1754
2746
3595
4944
6629
8262
9486
10526
11613
12681
13320
13131
12675
12201
11603
10749
9573
8235
7095
5765
4279
2537
654
-1214
-2802
-3777
-4395
-4523
-4891
-5569
-6522
-7884
-9135
-10644
-12326
-13935
-15518
-16282
-16902
-17272
-17261
-17199
-16701
-16117
-15253
-13959
-12652
-11132
-9676
-8285
-6647
-5108
-3611
-2239
-1108
189
1451
2748
3957
4965
6027
6910
7697
8272
8822
9265
9418
9410
9379
9333
9403
9409
9335
9224
9266
9441
9550
9800
10027
10413
10947
11546
12231
13108
13860
14800
15673
16286
16714
16272
15698
15161
14280
13224
11423
9188
7396
5650
4195
2587
914
-82
-868
-1420
-1679
-1900
-1465
-1337
-1396
-1310
-1227
-481
-83
-120
-32
527
1852
3163
3792
3773
2722
833
-2037
-5219
-7040
-7089
-5271
-2052
1578
4972
7393
8580
9788
11812
14072
15599
15654
14443
12516
10357
7992
5408
3063
923
-892
-2066
-3115
-3903
-4895
-6200
-7654
-9616
-11494
-13281
-15055
-16574
-18184
-19406
-20040
-20574
-20693
-20613
-20255
-19478
-18588
-17479
-16219
-14996
-13582
-12350
-11076
-9767
-8419
-7013
-5761
-4443
-3088
-1587
-37
1290
2564
3829
4983
5990
6721
7354
7744
7967
8054
7980
7958
7814
7842
7712
7716
7976
8069
8700
9052
9503
10386
10887
11813
12512
13004
13974
14404
15263
15960
15953
16011
14998
14354
13693
12466
11282
8902
7168
5669
3933
2845
1094
134
-396
-938
-685
-943
-596
-221
-457
-431
-720
-402
-137
-693
-1198
-1887
-1978
-1967
-2326
-2361
-2221
-1570
-848
-10
1203
2589
4316
5869
7518
9477
11266
12509
12284
10998
9466
8535
8152
7581
6619
4996
3204
1754
670
-75
-508
-994
-1396
-1912
-2918
-4136
-6325
-8822
-11311
-13871
-15818
-18038
-20038
-21733
-23414
-24191
-24985
-25299
-25006
-24673
-23733
-22820
-21645
-20096
-18838
-17442
-16082
-14589
-12633
-10744
-8624
-6719
-4774
-2750
-998
738
2263
3574
4770
5717
6511
7128
7525
7744
7656
7468
7217
7055
6794
6446
6207
6019
6087
6331
6540
6992
7489
8092
9002
9769
10746
11759
12750
13942
14836
15575
16110
15906
15641
15105
14377
13461
11722
10115
8385
6607
5063
3204
1805
693
-248
-480
-1023
-1228
-1391
-2034
-2392
-3047
-3343
-3451
-4310
-5148
-6188
-7114
-7666
-7937
-7440
-6535
-5769
-6438
-8096
-7982
-4590
1082
5820
8705
11968
16054
20298
23590
24268
21282
15740
10071
7340
8713
11639
13342
12529
8810
3425
-2379
-7622
-11500
-14046
-15383
-16051
-16653
-17403
-18478
-19636
-20584
-21377
-22146
-22665
-23052
-23082
-22884
-22542
-22007
-21310
-20390
-19358
-18322
-17243
-15901
-14571
-13236
-11910
-10448
-8821
-7098
-5437
-3765
-2055
-280
1313
2763
4030
5124
6019
6650
7053
7271
7391
7336
7090
6945
6897
6846
7078
7144
7556
8063
8653
9661
10357
11338
12237
13160
14196
14872
15723
16405
16979
17602
17794
17751
17491
16697
16091
15269
13959
12588
10496
8793
7005
5159
3856
1999
795
-612
-2042
-2759
-3709
-3907
-4184
-4655
-4791
-5208
-5330
-5395
-5545
-5089
-4455
-3031
-793
1899
5032
7250
8214
8075
7623
7238
5637
2716
-1030
-4243
-5526
-4382
-1071
3186
7416
10451
12443
13380
13471
13068
12147
10982
9535
7512
5511
3342
1060
-1103
-4046
-6957
-9796
-12624
-14765
-17062
-19119
-21423
-23934
-25481
-26402
-26114
-25077
-24016
-22689
-21350
-19853
-18268
-17151
-16006
-14962
-13841
-12630
-11572
-10223
-8843
-7426
-5928
-4532
-2931
-1303
182
1627
2822
3909
4822
5439
5808
6040
6066
6110
6070
5871
5953
6084
6408
6870
7252
8239
9143
10147
11223
12091
13213
14165
15052
15904
16475
17249
17763
18151
18530
18526
18715
18465
17969
17484
16840
16082
14990
13458
11951
10248
8574
6874
4860
3080
1135
-694
-2413
-4205
-5493
-6621
-7522
-8146
-8726
-9020
-9522
-10272
-10846
-11099
-10628
-9950
-9122
-7620
-5685
-3057
241
3914
7312
9871
11815
13177
13964
14379
14016
12048
8801
5815
4087
3513
3672
3987
4007
3159
1369
-617
-2379
-3185
-3603
-4114
-5001
-6653
-8514
-10777
-13270
-15430
-17718
-19336
-20745
-21931
-22561
-23265
-23310
-23284
-23069
-22561
-22072
-21232
-20349
-19740
-18824
-18012
-16952
-15857
-14778
-13349
-11921
-10232
-8543
-6795
-4829
-2981
-1175
422
1886
3143
4159
4925
5274
5424
5404
5353
5114
4872
4715
4816
5083
5456
6113
7048
8177
9422
10708
12232
13784
15211
16530
17531
18250
18567
18689
18505
18085
17464
16475
15533
14236
13072
12028
10589
9323
7506
5890
4584
3004
1896
175
-1372
-3092
-5496
-7246
-9330
-10623
-11266
-11798
-11136
-10112
-8212
-6253
-5802
-6834
-9589
-11794
-12888
-14125
-15184
-15546
-13169
-8694
-3808
1781
6510
9247
9685
8726
8008
7177
6025
4930
4727
5087
5126
4851
4294
3468
2292
1084
-305
-2202
-3785
-5403
-6839
-7957
-9474
-10510
-11617
-12808
-13570
-14703
-15133
-15635
-16065
-15905
-16233
-15959
-16084
-16441
-16558
-16999
-16521
-15760
-14730
-13028
-11496
-9708
-8296
-7223
-6077
-5476
-4939
-4626
-4478
-4020
-3722
-3155
-2458
-1728
-825
-72
557
871
1152
1143
1047
702
306
113
-83
176
560
1159
2157
3267
4587
5922
7162
8487
9585
10673
11600
12192
12902
13342
13851
14388
14752
15045
15024
14804
14272
13861
13093
12109
10907
9307
8199
6739
5462
4161
2779
2120
1178
783
635
367
737
718
1162
1978
2269
3174
4333
6016
7791
7445
5586
3049
1492
1134
559
1189
1319
433
-494
-1293
-462
755
1260
2073
3677
7339
11368
13617
13712
11682
8967
5841
2457
-361
-2527
-4175
-5654
-7003
-7908
-8881
-9385
-10123
-11031
-11814
-12980
-13855
-14930
-15918
-16717
-17764
-18188
-18680
-18859
-18528
-18230
-17454
-16846
-15827
-14611
-13557
-12321
-11273
-10193
-9030
-7940
-6741
-5703
-4571
-3346
-2255
-938
229
1401
2514
3409
4310
4924
5449
5702
5650
5425
5025
4623
4075
3577
3195
2784
2582
2690
2992
3650
4543
5700
6994
8281
9641
10941
12100
13014
13664
14216
14726
15126
15395
15570
15443
15356
14992
14370
13766
12816
12044
10861
9688
8621
7446
6973
6611
6831
7674
8319
9465
10342
11489
13086
13848
13328
10298
5444
-195
-5698
-9679
-12577
-13016
-10581
-6926
-3425
-1616
-1193
-2642
-5843
-9085
-11475
-12094
-11448
-10139
-8226
-6311
-4241
-2625
-1520
-641
-206
67
-47
-436
-830
-1344
-1847
-2377
-3227
-4114
-4986
-5799
-6688
-7815
-8893
-9992
-11011
-12072
-13047
-13789
-14504
-15146
-15553
-15746
-15673
-15388
-14990
-14512
-13912
-13121
-12215
-11369
-10590
-9807
-9046
-8247
-7440
-6586
-5638
-4663
-3554
-2390
-1009
488
1802
3106
4334
5472
6485
7217
7800
8134
8251
8283
8135
7912
7707
7622
7688
7919
8364
9186
10150
11203
12522
13842
15047
15831
16178
16251
16087
15943
15821
15836
16120
16432
16854
17128
17237
17230
16793
16485
15995
15697
15269
14353
15434
19761
24472
24145
15267
4671
23
-3646
-14731
-24432
-21742
-13713
-5605
2102
7537
10232
10628
9547
7785
5801
4385
3039
1764
688
-445
-1123
-1759
-2227
-2703
-3186
-3408
-3738
-3919
-3956
-3785
-3349
-3023
-2604
-2257
-1952
-1748
-1731
-1719
-1812
-1957
-2252
-2720
-3405
-4241
-4938
-5847
-6847
-8000
-9333
-10338
-11497
-12540
-13470
-14256
-14835
-15506
-15696
-15785
-15630
-15293
-15079
-14567
-14076
-13439
-12595
-12053
-11456
-10841
-10175
-9353
-8762
-7980
-7141
-6313
-5384
-4471
-3242
-2208
-1297
-304
529
1384
2029
2452
2791
2905
2954
2972
2872
2767
2610
2643
2841
3313
4079
5083
6306
7620
9014
10584
12318
13834
15337
16586
17685
18607
19214
19512
19571
19310
18987
18585
18441
18471
18602
18998
18857
18515
17548
16365
15234
13977
12837
11367
9574
6806
2138
-2405
-5090
-5841
-5058
-3950
-3432
-4271
-5609
-6245
-6292
-5840
-5319
-4724
-4166
-3891
-3545
-3270
-2769
-2241
-1842
-1191
-700
-127
427
666
928
1046
1275
1418
1324
1379
1290
1192
849
370
-36
-548
-1092
-1678
-2390
-3139
-4195
-5397
-6455
-7630
-8776
-10098
-11533
-12868
-14155
-15175
-16169
-16931
-17373
-17684
-17560
-17362
-16902
-16094
-15322
-14538
-13797
-12941
-12016
-11311
-10650
-9952
-9138
-8269
-7486
-6557
-5695
-4854
-3893
-3047
-2119
-1185
-388
427
1180
1944
2639
3361
3949
4412
4813
5190
5413
5421
5469
5472
5524
5544
5849
6333
6838
7646
8527
9422
10521
11590
12742
13931
15150
16477
17612
18543
18832
18632
18004
16704
15173
13279
11464
10024
8695
7615
6332
5455
5037
4753
5233
5461
5500
5685
5334
4814
3681
1539
-1098
-2805
-1568
780
3511
5004
3847
2048
907
726
800
944
1250
1414
1420
1412
1179
1136
833
356
-3
-340
-344
-247
-107
11
1
-45
-416
-847
-1296
-1844
-2288
-2778
-3236
-3430
-3660
-3877
-4129
-4325
-4721
-5376
-5938
-6711
-7423
-8290
-9306
-10203
-11133
-11846
-12406
-12938
-13213
-13575
-13428
-13115
-12776
-12187
-11676
-10951
-10377
-9725
-8904
-8319
-7694
-7158
-6634
-5936
-5427
-4769
-4128
-3454
-2626
-1834
-886
10
850
1882
2718
3618
4406
5101
5759
6130
6529
6773
6942
7205
7418
7748
8007
8334
8711
9078
9602
10035
10578
11193
11741
12297
12868
13441
13949
14292
14509
14487
14234
13807
13189
12498
11728
11003
10273
9533
8679
8200
8184
7985
7652
7414
7256
6869
5922
4593
3440
2245
931
-358
-1408
-1902
-1708
-1132
-538
-76
-223
-1110
-2384
-3198
-3333
-2904
-1954
-756
194
1076
1929
2638
3430
4162
4838
5276
5362
5163
4664
3944
3165
2216
1319
486
-239
-743
-1095
-1197
-1200
-1109
-1010
-1031
-1084
-1321
-1646
-2186
-2789
-3566
-4489
-5242
-6058
-6809
-7663
-8585
-9362
-10070
-10661
-11076
-11331
-11400
-11383
-11150
-10825
-10479
-10023
-9578
-9161
-8782
-8373
-7957
-7725
-7506
-7351
-7090
-6725
-6521
-6140
-5776
-5252
-4536
-3808
-2862
-1964
-1050
-101
683
1491
2138
2630
3000
3193
3286
3366
3442
3395
3312
3333
3377
3477
3669
3868
4148
4526
4999
5634
6388
7196
8065
8907
9576
9992
10058
9671
8928
8009
7009
6265
6003
6225
6729
7364
8126
8864
9544
10217
10922
11672
11941
11288
9526
6554
2788
-955
-3481
-3998
-2622
-71
2716
4526
5084
5029
5033
5356
6041
6870
7500
7446
6658
5446
4232
3223
2490
1978
1601
1189
636
-44
-835
-1634
-2568
-3449
-4367
-5133
-5673
-6221
-6518
-6808
-7024
-7172
-7327
-7412
-7479
-7530
-7596
-7706
-7884
-8137
-8443
-8780
-9125
-9441
-9776
-9998
-10101
-10133
-9929
-9647
-9384
-9003
-8655
-8180
-7772
-7399
-7061
-6762
-6508
-6316
-6149
-5961
-5772
-5577
-5385
-5114
-4841
-4637
-4442
-4258
-4040
-3872
-3714
-3569
-3400
-3296
-3178
-3090
-2951
-2924
-2885
-2914
-3050
-3137
-3279
-3345
-3427
-3515
-3478
-3323
-3092
-2749
-2269
-1690
-1085
-466
61
571
1084
1452
1797
2120
2403
2639
2930
3309
3753
4265
4816
5481
6096
6874
7647
8444
9359
10244
11175
12085
12901
13700
14436
15058
15523
15773
15746
15348
14577
13472
12040
10376
8598
6994
5719
4732
4111
3657
3233
2734
2214
1693
1089
480
-149
-750
-1347
-1927
-2459
-2857
-3143
-3283
-3397
-3375
-3179
-2945
-2590
-2189
-1762
-1220
-485
87
481
642
786
1123
1600
2294
3029
3797
4634
5513
6198
6736
7088
7171
7091
6838
6553
6314
6125
6086
6076
5942
5576
4927
4026
3048
1967
866
-264
-1457
-2606
-3735
-4702
-5540
-6235
-6862
-7326
-7717
-8026
-8268
-8497
-8671
-8739
-8723
-8679
-8624
-8348
-8109
-7833
-7426
-7005
-6510
-5998
-5481
-4934
-4381
-3926
-3472
-3006
-2676
-2411
-2136
-1827
-1685
-1530
-1344
-1212
-1105
-1075
-991
-903
-907
-879
-964
-1033
-1130
-1256
-1385
-1563
-1718
-1956
-2123
-2343
-2485
-2588
-2692
-2768
-2747
-2744
-2647
-2476
-2323
-2105
-1873
-1599
-1339
-1070
-792
-446
-130
45
220
399
479
420
431
365
382
423
388
488
556
700
893
1051
1237
1432
1590
1724
1877
1974
2073
2137
2049
1990
1835
1704
1625
1445
1296
1214
1144
1015
887
738
514
293
71
-158
-387
-599
-793
-974
-1215
-1399
-1605
-1841
-2060
-2235
-2354
-2493
-2525
-2565
-2492
-2369
-2188
-1956
-1780
-1608
-1434
-1228
-985
-796
-641
-532
-505
-363
-328
-273
-179
-76
25
126
280
388
470
607
718
743
837
894
897
965
981
941
969
899
881
855
772
740
695
633
581
572
537
484
423
295
207
72
-45
-158
-276
-378
-418
-522
-621
-662
-753
-747
-783
-844
-807
-779
-755
-665
-637
-626
-563
-587
-587
-609
-653
-660
-712
-854
-910
-1007
-1110
-1143
-1212
-1246
-1192
-1167
-1120
-1001
-948
-827
-762
-689
-551
-472
-382
-316
-223
-179
-134
-114
-129
-70
-80
-158
-207
-297
-398
-424
-542
-615
-635
-580
-509
-506
-422
-304
-183
-90
-35
14
53
100
116
92
71
5
-53
-211
-313
-350
-449
-568
-622
-714
-832
-889
-976
-1049
-1080
-1070
-1092
-1109
-1083
-1066
-1085
-1062
-1013
-933
-897
-808
-735
-668
-553
-487
-408
-392
-212
-184
-56
62
172
337
466
627
732
849
992
1179
1233
1398
1502
1625
1737
1820
1903
1963
1964
2037
2090
2057
2099
2007
1945
1889
1746
1655
1547
1387
1305
1159
970
863
728
560
439
382
250
145
118
-17
-45
-110
-155
-177
-243
-306
-365
-385
-432
-468
-533
-623
-692
-742
-833
-873
-953
-1017
-1090
-1194
-1274
-1358
-1420
-1490
-1547
-1642
-1655
-1658
-1681
-1728
-1710
-1710
-1731
-1693
-1740
-1741
-1726
-1764
-1738
-1749
-1746
-1791
-1832
-1845
-1872
-1867
-1922
-1937
-1927
-2015
-1996
-1988
-1987
-1926
-1981
-1935
-1895
-1898
-1889
-1845
-1778
-1765
-1724
-1657
-1629
-1555
-1498
-1422
-1400
-1360
-1302
-1282
-1190
-1127
-1163
-1045
-978
-987
-930
-861
-833
-848
-821
-812
-806
-833
-783
-809
-831
-827
-845
-808
-801
-845
-830
-830
-808
-771
-773
-785
-858
-867
-908
-927
-1007
-1085
-1082
-1122
-1130
-1184
-1157
-1173
-1214
-1249
-1294
-1324
-1352
-1365
-1387
-1424
-1446
-1447
-1483
-1505
-1501
-1475
-1419
-1423
-1410
-1359
-1425
-1474
-1559
-1663
-1693
-1836
-1911
-1978
-2008
-1999
-2089
-2089
-2133
-2139
-2149
-2252
-2218
-2237
-2209
-2226
-2201
-2214
-2165
-2157
-2137
-2069
-2103
-2022
-1972
-1963
-1919
-1881
-1875
-1797
-1830
-1771
-1797
-1813
-1840
-1922
-1974
-2004
-2097
-2173
-2195
-2280
-2308
-2370
-2359
-2342
-2256
-2227
-2196
-2039
-1962
-1848
-1671
-1557
-1441
-1334
-1177
-1038
-936
-816
-678
-588
-527
-461
-398
-368
-325
-302
-300
-302
-286
-352
-365
-377
-435
-491
-530
-529
-556
-588
-629
-647
-682
-678
-699
-697
-705
-692
-670
-658
-633
-642
-577
-523
-502
-454
-431
-329
-290
-260
-218
-152
-101
-110
-55
6
41
29
12
-29
-46
-2
-44
-119
-145
-158
-192
-204
-294
-367
-437
-468
-572
-639
-673
-763
-777
-755
-818
-877
-908
-985
-1011
-1035
-1081
-1149
-1154
-1147
-1211
-1191
-1228
-1236
-1224
-1266
-1229
-1257
-1250
-1243
-1252
-1229
-1163
-1120
-1044
-1030
-953
-917
-886
-822
-796
-714
-661
-606
-597
-580
-509
-416
-356
-321
-299
-272
-237
-237
-190
-163
-125
-126
-114
-24
-39
-3
-4
26
81
47
67
105
112
109
164
191
194
221
218
279
298
271
294
273
214
213
187
170
116
109
97
28
-14
-26
-61
-84
-114
-136
-140
-198
-239
-282
-356
-418
-423
-519
-591
-693
-811
-928
-1016
-1083
-1251
-1326
-1425
-1537
-1617
-1739
-1785
-1878
-1988
-2002
-1978
-2008
-2042
-2020
-1996
-1971
-1965
-1926
-1869
-1891
-1769
-1729
-1699
-1601
-1550
-1489
-1486
-1444
-1443
-1410
-1359
-1375
-1390
-1353
-1370
-1359
-1355
-1361
-1304
-1292
-1337
-1274
-1273
-1280
-1209
-1178
-1179
-1136
-1091
-1068
-981
-942
-936
-840
-801
-772
-713
-640
-593
-576
-511
-433
-359
-326
-258
-200
-138
-44
-6
25
122
184
210
189
242
217
201
168
94
115
55
67
10
30
-48
-95
-92
-145
-162
-197
-167
-222
-242
-281
-341
-343
-338
-385
-354
-369
-395
-359
-370
-371
-390
-432
-437
-437
-449
-444
-500
-490
-530
-502
-474
-492
-476
-449
-490
-491
-447
-451
-453
-437
-431
-445
-394
-430
-382
-339
-416
-406
-454
-449
-439
-513
-472
-519
-529
-500
-543
-563
-585
-603
-664
-645
-731
-764
-797
-860
-911
-911
-925
-995
-979
-994
-1025
-1090
-1086
-1102
-1131
-1174
-1223
-1276
-1325
-1319
-1392
-1451
-1471
-1555
-1635
-1661
-1651
-1691
-1722
-1770
-1776
-1816
-1845
-1880
-1898
-1905
-1949
-1976
-1938
-1899
-1936
-1889
-1821
-1764
-1738
-1715
-1666
-1592
-1571
-1510
-1457
-1403
-1318
-1261
-1216
-1185
-1114
-1039
-932
-875
-766
-640
-565
-478
-388
-275
-194
-104
-25
28
96
136
183
246
290
308
325
352
376
374
393
403
414
389
379
352
351
338
338
297
248
302
281
242
210
208
202
194
180
125
105
111
93
61
61
32
-40
-48
-72
-102
-80
-108
-166
-199
-231
-231
-250
-308
-298
-351
-379
-392
-402
-432
-432
-378
-421
-421
-417
-447
-385
-363
-368
-339
-352
-361
-356
-380
-394
-416
-466
-484
-490
-514
-544
-558
-560
-593
-627
-612
-659
-672
-691
-725
-713
-740
-725
-710
-710
-681
-687
-716
-719
-753
-736
-761
-747
-775
-798
-810
-835
-858
-786
-801
-850
-804
-833
-807
-776
-811
-799
-820
-815
-816
-812
-802
-783
-787
-803
-782
-737
-750
-754
-711
-708
-671
-680
-632
-609
-583
-571
-556
-545
-534
-504
-475
-451
-504
-515
-488
-501
-480
-483
-490
-469
-511
-520
-533
-545
-523
-536
-549
-586
-587
-577
-610
-618
-671
-713
-769
-774
-835
-889
-870
-895
-936
-908
-978
-1015
-1025
-1065
-1109
-1134
-1132
-1190
-1211
-1283
-1324
-1286
-1326
-1346
-1335
-1398
-1419
-1486
-1465
-1451
-1474
-1474
-1555
-1500
-1475
-1498
-1485
-1523
-1467
-1407
-1358
-1300
-1274
-1264
-1211
-1160
-1121
-1043
-1018
-947
-903
-858
-761
-745
-677
-652
-589
-541
-514
-427
-373
-344
-345
-287
-231
-220
-206
-196
-220
-158
-221
-181
-172
-220
-198
-250
-231
-277
-333
-325
-404
-428
-450
-452
-473
-530
-542
-602
-677
-718
-669
-728
-758
-738
-776
-802
-751
-752
-785
-721
-718
-747
-723
-734
-723
-708
-703
-674
-687
-637
-635
-580
-547
-550
-542
-556
-478
-476
-423
-379
-405
-340
-277
-282
-252
-218
-183
-164
-146
-154
-129
-68
-49
-12
4
52
48
50
95
101
97
145
135
133
157
198
222
210
242
241
229
229
182
241
240
280
273
270
305
270
343
351
296
315
326
241
254
272
265
298
229
226
227
222
275
265
268
243
247
220
204
242
267
267
276
301
308
317
344
335
402
383
393
377
440
481
435
431
494
506
493
532
451
441
507
487
510
507
489
498
506
510
490
519
491
478
494
474
441
456
478
443
404
460
483
403
419
395
379
373
377
347
337
325
315
292
240
266
254
237
175
171
179
138
101
150
136
109
106
127
95
68
56
51
57
0
-3
-66
-16
-41
-70
-62
-74
-107
-129
-165
-189
-190
-208
-201
-246
-245
-270
-234
-264
-299
-265
-251
-240
-236
-230
-238
-224
-201
-155
-203
-218
-226
-176
-186
-184
-141
-176
-158
-171
-176
-173
-141
-128
-125
-160
-190
-161
-134
-115
-79
-88
-96
-76
-88
-93
-91
-100
-94
-57
-42
-49
-39
-31
22
-9
33
17
14
17
-8
34
66
81
71
80
76
88
53
94
76
36
59
50
26
79
51
27
28
-29
-65
-78
-47
-54
-82
-106
-110
-138
-141
-215
-226
-203
-272
-239
-249
-332
-344
-336
-381
-378
-397
-464
-448
-437
-481
-485
-494
-505
-534
-555
-542
-511
-547
-573
-532
-538
-564
-560
-586
-625
-549
-560
-600
-616
-603
-635
-602
-617
-619
-575
-626
-567
-586
-582
-589
-614
-552
-532
-583
-535
-485
-499
-506
-523
-484
-478
-544
-508
-480
-507
-443
-443
-471
-456
-496
-470
-461
-463
-459
-449
-391
-381
-382
-381
-368
-370
-390
-365
-337
-355
-335
-339
-363
-311
-263
-263
-277
-279
-210
-233
-246
-211
-187
-171
-132
-103
-105
-80
-56
-61
-98
-57
-42
-52
-27
11
14
32
-1
-2
1
6
35
2
3
1
23
-19
-32
-61
-73
-28
11
-42
-65
-132
-182
-88
-115
-174
-168
-158
-173
-156
-153
-156
-177
-116
-125
-146
-122
-154
-134
-167
-152
-205
-253
-191
-216
-244
-281
-282
-255
-315
-286
-284
-329
-311
-296
-293
-302
-297
-278
-323
-283
-261
-248
-286
-282
-238
-258
-213
-245
-256
-262
-267
-244
-214
-247
-260
-216
-218
-216
-207
-203
-223
-191
-181
-204
-215
-214
-229
-228
-211
-193
-162
-173
-192
-167
-125
-122
-83
-88
-60
-87
-63
-43
-49
-55
-58
-38
-22
-9
-7
14
65
55
94
31
50
110
112
127
111
106
71
115
92
136
131
127
155
126
180
148
154
178
126
133
104
102
149
99
130
74
55
51
91
37
64
110
64
37
12
50
17
71
55
46
32
45
23
58
45
35
41
9
14
-6
16
70
92
51
48
91
83
81
90
112
137
116
95
93
103
100
80
95
119
122
153
133
139
109
150
145
178
156
152
156
205
221
177
197
171
236
253
243
212
260
247
250
238
255
284
268
270
303
300
308
313
314
326
261
269
326
348
356
335
339
382
400
403
401
381
384
429
459
452
447
468
451
478
470
435
440
446
471
480
472
439
414
426
416
380
402
386
438
408
429
435
435
437
405
394
373
355
362
377
348
332
336
354
315
299
302
321
324
320
314
278
309
311
287
264
253
234
250
205
232
221
223
232
252
205
177
254
223
203
234
226
172
216
261
213
187
179
236
276
239
200
212
222
222
260
238
231
225
240
256
292
309
260
310
366
277
256
306
289
303
323
310
313
303
299
348
379
319
389
358
360
412
355
402
395
416
421
422
459
447
485
510
466
511
539
518
566
550
530
543
549
571
594
598
603
588
589
612
621
628
626
613
593
626
588
609
606
576
596
603
585
555
572
535
564
652
600
545
546
539
517
559
554
519
526
500
500
498
463
430
485
412
421
451
432
438
412
384
397
461
432
439
456
465
465
430
401
400
441
436
442
433
411
446
438
406
331
357
378
348
321
318
370
358
361
372
374
380
393
399
416
404
400
413
392
379
386
417
404
404
410
414
354
394
432
379
406
418
410
426
432
393
425
467
445
506
489
430
489
444
453
490
463
525
515
526
510
533
579
482
494
524
541
487
503
500
478
470
478
493
499
515
491
500
515
503
468
479
453
409
410
409
400
408
395
407
376
368
372
316
279
290
302
271
242
275
261
290
264
229
216
223
220
172
199
202
157
122
155
149
145
159
72
76
75
103
94
113
105
83
85
83
87
80
120
105
136
107
115
70
101
112
116
144
121
142
149
137
145
124
145
226
177
173
226
232
187
184
167
173
242
243
203
237
225
246
265
256
260
285
286
282
296
317
334
332
315
269
309
319
297
336
352
296
347
349
376
407
356
329
359
379
360
372
360
377
368
373
383
382
383
336
362
428
402
380
403
381
330
368
367
344
346
318
300
301
296
274
250
231
260
281
258
244
263
213
214
219
192
216
214
209
193
179
170
165
174
167
158
214
173
184
140
131
122
131
139
135
106
139
154
121
125
88
128
158
140
125
131
123
126
150
132
81
103
115
118
132
157
117
147
120
112
121
56
130
135
126
140
129
94
88
100
74
135
120
73
138
105
135
162
128
152
144
164
168
119
157
201
203
200
208
247
229
225
243
245
249
250
258
281
319
306
366
321
328
367
311
285
315
401
384
380
369
394
412
386
371
358
379
360
364
394
405
428
407
396
367
369
384
378
363
319
338
344
397
375
315
329
370
340
340
359
348
367
313
312
275
282
246
208
243
271
225
245
267
253
259
248
244
194
213
223
183
235
225
216
209
157
155
165
191
183
184
148
160
150
197
172
189
168
101
125
125
157
142
144
120
154
142
98
134
136
153
168
140
174
177
190
159
199
176
167
248
223
281
239
250
269
266
251
248
278
253
253
251
231
223
215
244
225
218
231
244
224
255
264
218
254
226
180
209
191
199
218
238
263
212
201
205
199
203
222
192
237
263
209
237
219
230
236
178
201
183
183
186
189
177
147
190
141
162
150
141
120
112
135
116
84
60
137
158
165
150
136
144
124
143
174
193
164
137
155
157
181
159
164
180
240
224
219
246
213
197
211
205
197
209
247
276
241
240
262
271
291
296
297
272
241
265
292
277
261
276
259
306
295
296
301
304
293
301
294
293
311
296
267
316
276
251
294
265
260
260
279
217
242
266
267
235
188
215
228
243
215
194
229
199
231
228
223
208
254
255
227
247
233
189
201
242
189
210
213
246
247
227
225
225
226
213
191
198
192
191
249
218
188
184
191
202
217
234
219
179
212
188
160
195
189
208
232
227
186
204
212
206
198
238
256
222
224
242
234
252
263
272
267
241
203
189
183
217
212
221
213
198
257
226
276
229
218
245
245
228
184
214
226
242
232
211
239
215
232
254
187
173
181
219
210
186
244
230
214
228
216
229
261
246
235
216
225
229
234
269
260
244
200
251
249
252
259
180
199
234
219
233
230
221
227
217
208
188
237
272
275
231
226
238
203
235
254
247
249
254
229
230
228
206
212
234
254
231
260
231
228
220
226
243
255
210
233
230
145
191
214
190
206
244
291
258
209
226
220
209
221
241
212
196
191
181
183
204
169
190
203
191
226
220
176
169
191
225
201
176
146
165
184
204
184
210
182
184
209
206
216
185
205
179
199
166
183
233
220
205
172
207
220
211
196
232
244
258
250
238
230
222
228
254
241
214
234
201
212
197
210
192
168
190
185
180
145
165
192
201
196
168
176
208
184
210
176
211
181
188
248
195
213
242
239
217
226
257
284
295
257
210
202
198
245
198
199
198
192
247
219
207
229
185
210
192
244
226
192
214
162
212
219
197
178
197
197
162
205
151
144
167
144
160
122
167
171
168
165
198
205
204
220
176
231
190
182
162
145
136
178
240
204
224
212
174
230
179
187
196
161
203
207
179
154
161
185
174
173
155
177
100
113
128
122
160
136
148
118
161
158
134
145
113
137
134
137
138
158
183
178
182
110
192
196
163
171
173
186
185
201
212
198
227
240
233
263
270
235
213
189
220
225
194
210
207
194
259
257
223
218
221
245
187
203
237
221
240
243
210
257
268
184
208
237
251
272
257
257
285
262
248
251
261
246
261
222
224
269
232
239
264
295
258
236
219
247
271
240
160
214
243
218
221
209
270
248
216
234
235
208
227
213
249
203
223
208
174
179
181
193
191
184
188
158
156
157
148
127
159
179
154
165
154
186
155
155
145
141
176
147
157
176
169
192
152
145
161
142
172
144
124
127
167
170
141
150
155
168
102
114
144
149
172
140
176
147
163
142
169
206
150
211
208
194
195
213
194
152
189
185
193
152
150
171
204
192
170
239
230
246
213
221
207
207
205
219
249
252
197
192
236
183
240
249
232
213
213
292
252
267
248
252
247
209
224
257
262
208
222
259
256
246
208
169
204
210
206
158
188
195
202
167
130
167
139
129
143
186
156
185
193
198
164
174
189
183
159
135
148
129
134
113
151
125
128
140
115
129
142
140
119
118
79
139
110
109
104
93
101
118
120
118
161
137
142
148
96
144
178
141
144
143
131
124
135
178
202
164
159
187
179
201
255
237
231
219
238
232
194
200
195
209
207
224
189
166
198
170
153
186
185
135
177
138
167
178
136
146
188
170
166
174
152
150
168
144
117
147
152
142
127
161
184
120
146
169
182
201
182
161
175
183
170
194
159
134
109
155
178
148
144
139
138
153
183
152
136
161
164
140
134
97
161
156
108
100
119
173
150
133
141
180
162
126
130
134
125
185
188
150
178
128
114
138
145
204
195
179
179
172
195
166
193
198
198
211
207
193
141
164
200
200
170
140
199
199
176
195
193
208
244
233
209
174
200
194
199
204
202
196
244
242
198
248
196
193
187
171
196
175
191
221
195
202
235
197
183
149
147
186
173
187
178
149
142
173
177
136
134
145
126
158
127
